26.394 -423.640 -82.403 -0.025 0.000 0.049 0.998
26.382 -423.516 -82.409 -0.026 0.000 0.051 0.998
26.370 -423.403 -82.415 -0.027 0.000 0.052 0.998
26.360 -423.310 -82.420 -0.027 0.000 0.054 0.998
26.344 -423.168 -82.428 -0.029 0.000 0.056 0.998
26.326 -423.014 -82.438 -0.030 0.000 0.059 0.998
26.309 -422.871 -82.446 -0.031 0.000 0.061 0.998
26.294 -422.749 -82.454 -0.032 0.000 0.063 0.998
26.290 -422.714 -82.456 -0.032 0.000 0.063 0.997
26.277 -422.614 -82.463 -0.033 0.000 0.065 0.997
26.265 -422.523 -82.469 -0.033 0.000 0.066 0.997
26.244 -422.375 -82.479 -0.034 0.000 0.069 0.997
26.233 -422.294 -82.485 -0.035 0.000 0.070 0.997
26.218 -422.191 -82.492 -0.035 0.000 0.072 0.997
26.198 -422.054 -82.502 -0.036 0.000 0.074 0.997
26.178 -421.925 -82.511 -0.037 0.000 0.076 0.996
26.164 -421.831 -82.518 -0.038 0.000 0.078 0.996
26.147 -421.725 -82.527 -0.038 0.000 0.080 0.996
26.133 -421.641 -82.533 -0.038 0.000 0.081 0.996
26.120 -421.564 -82.539 -0.039 0.000 0.082 0.996
26.100 -421.446 -82.549 -0.040 0.000 0.084 0.996
26.075 -421.302 -82.560 -0.041 0.000 0.086 0.995
26.053 -421.176 -82.571 -0.042 0.000 0.088 0.995
26.036 -421.081 -82.579 -0.042 0.000 0.090 0.995
26.017 -420.975 -82.588 -0.043 0.000 0.091 0.995
25.996 -420.866 -82.598 -0.044 0.000 0.093 0.995
25.976 -420.760 -82.607 -0.045 0.000 0.095 0.995
25.955 -420.651 -82.617 -0.045 0.000 0.096 0.994
25.940 -420.574 -82.625 -0.046 0.000 0.098 0.994
25.911 -420.432 -82.638 -0.047 0.000 0.100 0.994
25.894 -420.351 -82.646 -0.048 0.000 0.102 0.994
25.882 -420.294 -82.651 -0.048 0.000 0.103 0.994
25.867 -420.223 -82.658 -0.048 0.000 0.104 0.993
25.849 -420.136 -82.667 -0.049 0.000 0.105 0.993
25.823 -420.015 -82.679 -0.050 0.000 0.108 0.993
25.804 -419.933 -82.688 -0.050 0.000 0.109 0.993
25.794 -419.888 -82.692 -0.051 0.000 0.110 0.993
25.769 -419.775 -82.704 -0.052 0.000 0.112 0.992
25.747 -419.682 -82.714 -0.053 0.000 0.113 0.992
25.728 -419.601 -82.723 -0.053 0.000 0.115 0.992
25.699 -419.478 -82.737 -0.055 0.000 0.117 0.992
25.673 -419.371 -82.749 -0.056 0.000 0.119 0.991
25.647 -419.267 -82.761 -0.056 0.000 0.121 0.991
25.631 -419.201 -82.768 -0.056 0.000 0.122 0.991
25.605 -419.100 -82.780 -0.057 0.000 0.123 0.991
25.586 -419.023 -82.789 -0.057 0.000 0.125 0.991
25.559 -418.918 -82.801 -0.058 0.000 0.126 0.990
25.532 -418.815 -82.814 -0.059 0.000 0.129 0.990
25.502 -418.704 -82.827 -0.060 0.000 0.131 0.990
25.480 -418.622 -82.837 -0.061 0.000 0.132 0.989
25.448 -418.506 -82.852 -0.062 0.000 0.135 0.989
25.414 -418.387 -82.867 -0.063 0.000 0.137 0.989
25.393 -418.315 -82.877 -0.063 0.000 0.138 0.988
25.361 -418.203 -82.892 -0.064 0.000 0.141 0.988
25.340 -418.130 -82.901 -0.065 0.000 0.142 0.988
25.310 -418.031 -82.915 -0.065 0.000 0.143 0.988
25.280 -417.929 -82.929 -0.066 0.000 0.145 0.987
25.252 -417.837 -82.941 -0.067 0.000 0.146 0.987
25.220 -417.735 -82.956 -0.068 0.000 0.148 0.987
25.200 -417.670 -82.965 -0.068 0.000 0.149 0.986
25.167 -417.564 -82.980 -0.069 0.000 0.151 0.986
25.131 -417.452 -82.996 -0.070 0.000 0.153 0.986
25.103 -417.364 -83.009 -0.070 0.000 0.155 0.985
25.081 -417.295 -83.019 -0.071 0.000 0.156 0.985
25.059 -417.229 -83.029 -0.071 0.000 0.157 0.985
25.027 -417.133 -83.043 -0.071 0.001 0.158 0.985
24.993 -417.029 -83.059 -0.072 0.000 0.160 0.984
24.958 -416.925 -83.075 -0.073 0.001 0.162 0.984
24.920 -416.814 -83.092 -0.074 0.001 0.164 0.984
24.897 -416.749 -83.102 -0.074 0.001 0.165 0.984
24.853 -416.623 -83.122 -0.075 0.001 0.167 0.983
24.824 -416.540 -83.135 -0.075 0.001 0.168 0.983
24.784 -416.429 -83.153 -0.076 0.001 0.170 0.983
24.759 -416.358 -83.164 -0.077 0.001 0.171 0.982
24.723 -416.262 -83.180 -0.078 0.001 0.173 0.982
24.690 -416.170 -83.195 -0.078 0.001 0.174 0.982
24.660 -416.091 -83.208 -0.079 0.001 0.176 0.981
24.603 -415.938 -83.234 -0.079 0.001 0.178 0.981
24.562 -415.831 -83.252 -0.080 0.001 0.180 0.980
24.535 -415.761 -83.264 -0.081 0.001 0.181 0.980
24.501 -415.674 -83.279 -0.081 0.001 0.183 0.980
24.467 -415.586 -83.294 -0.082 0.001 0.185 0.979
24.424 -415.478 -83.313 -0.083 0.001 0.186 0.979
24.380 -415.368 -83.332 -0.083 0.001 0.188 0.979
24.344 -415.277 -83.349 -0.084 0.001 0.190 0.978
24.310 -415.195 -83.363 -0.084 0.001 0.191 0.978
24.266 -415.087 -83.383 -0.085 0.001 0.193 0.978
24.233 -415.009 -83.397 -0.086 0.001 0.195 0.977
24.184 -414.893 -83.419 -0.086 0.001 0.197 0.977
24.151 -414.815 -83.433 -0.087 0.001 0.199 0.976
24.107 -414.713 -83.452 -0.088 0.001 0.200 0.976
24.079 -414.649 -83.464 -0.088 0.001 0.202 0.975
24.046 -414.573 -83.479 -0.089 0.001 0.203 0.975
24.015 -414.504 -83.492 -0.089 0.001 0.204 0.975
23.986 -414.439 -83.505 -0.090 0.001 0.206 0.975
23.958 -414.375 -83.517 -0.090 0.001 0.207 0.974
23.917 -414.283 -83.535 -0.091 0.001 0.209 0.974
23.859 -414.157 -83.560 -0.092 0.001 0.211 0.973
23.815 -414.063 -83.579 -0.093 0.001 0.213 0.973
23.754 -413.932 -83.606 -0.094 0.001 0.215 0.972
23.704 -413.826 -83.628 -0.095 0.001 0.217 0.972
23.644 -413.701 -83.654 -0.096 0.001 0.219 0.971
23.603 -413.615 -83.672 -0.096 0.001 0.221 0.970
23.533 -413.473 -83.702 -0.098 0.001 0.224 0.970
23.498 -413.402 -83.717 -0.098 0.001 0.225 0.969
23.460 -413.325 -83.734 -0.099 0.001 0.227 0.969
23.415 -413.237 -83.753 -0.100 0.001 0.228 0.969
23.361 -413.130 -83.777 -0.101 0.001 0.230 0.968
23.322 -413.054 -83.794 -0.102 0.001 0.231 0.968
23.278 -412.968 -83.814 -0.102 0.001 0.233 0.967
23.241 -412.898 -83.830 -0.103 0.001 0.235 0.967
23.188 -412.796 -83.853 -0.104 0.001 0.237 0.966
23.128 -412.683 -83.879 -0.105 0.001 0.239 0.965
23.085 -412.602 -83.898 -0.106 0.001 0.240 0.965
23.033 -412.508 -83.921 -0.106 0.001 0.242 0.964
22.982 -412.414 -83.943 -0.107 0.001 0.244 0.964
22.947 -412.351 -83.959 -0.108 0.001 0.246 0.963
22.885 -412.239 -83.986 -0.109 0.001 0.248 0.963
22.837 -412.153 -84.007 -0.109 0.001 0.250 0.962
22.789 -412.070 -84.028 -0.110 0.001 0.252 0.962
22.746 -411.994 -84.047 -0.110 0.001 0.253 0.961
22.704 -411.922 -84.065 -0.111 0.001 0.255 0.961
22.680 -411.880 -84.075 -0.112 0.001 0.256 0.960
22.608 -411.757 -84.107 -0.113 0.001 0.258 0.959
22.556 -411.669 -84.129 -0.113 0.001 0.260 0.959
22.483 -411.548 -84.161 -0.114 0.001 0.262 0.958
22.406 -411.421 -84.194 -0.115 0.001 0.265 0.957
22.358 -411.342 -84.215 -0.116 0.001 0.267 0.957
22.310 -411.265 -84.236 -0.116 0.001 0.268 0.956
22.243 -411.157 -84.265 -0.118 0.001 0.270 0.956
22.195 -411.081 -84.285 -0.118 0.001 0.272 0.955
22.139 -410.992 -84.310 -0.119 0.001 0.274 0.954
22.082 -410.902 -84.335 -0.120 0.001 0.276 0.954
22.039 -410.836 -84.353 -0.120 0.001 0.277 0.953
21.998 -410.772 -84.371 -0.121 0.001 0.278 0.953
21.951 -410.701 -84.391 -0.122 0.001 0.280 0.952
21.882 -410.595 -84.421 -0.122 0.001 0.282 0.951
21.839 -410.532 -84.439 -0.123 0.001 0.283 0.951
21.787 -410.453 -84.462 -0.124 0.001 0.285 0.950
21.745 -410.391 -84.480 -0.124 0.001 0.287 0.950
21.680 -410.296 -84.508 -0.125 0.001 0.289 0.949
21.617 -410.204 -84.536 -0.126 0.001 0.290 0.949
21.559 -410.120 -84.561 -0.126 0.001 0.292 0.948
21.487 -410.017 -84.592 -0.128 0.001 0.294 0.947
21.420 -409.923 -84.620 -0.129 0.001 0.296 0.946
21.372 -409.855 -84.641 -0.129 0.001 0.298 0.946
21.316 -409.776 -84.666 -0.130 0.001 0.299 0.945
21.271 -409.714 -84.685 -0.130 0.001 0.301 0.945
21.173 -409.580 -84.727 -0.132 0.001 0.304 0.944
21.132 -409.524 -84.745 -0.132 0.001 0.305 0.943
21.061 -409.429 -84.776 -0.133 0.001 0.307 0.942
20.983 -409.324 -84.810 -0.134 0.001 0.309 0.942
20.939 -409.266 -84.829 -0.135 0.001 0.310 0.941
20.890 -409.202 -84.850 -0.135 0.001 0.312 0.941
20.815 -409.104 -84.882 -0.136 0.001 0.314 0.940
20.750 -409.019 -84.911 -0.137 0.001 0.316 0.939
20.686 -408.938 -84.938 -0.138 0.001 0.317 0.938
20.632 -408.869 -84.961 -0.138 0.001 0.319 0.938
20.573 -408.794 -84.987 -0.139 0.001 0.321 0.937
20.532 -408.743 -85.004 -0.139 0.001 0.322 0.937
20.493 -408.695 -85.021 -0.140 0.001 0.323 0.936
20.407 -408.588 -85.058 -0.141 0.001 0.325 0.935
20.343 -408.510 -85.086 -0.142 0.001 0.327 0.934
20.287 -408.442 -85.110 -0.142 0.001 0.328 0.934
20.197 -408.333 -85.149 -0.143 0.001 0.331 0.933
20.101 -408.219 -85.190 -0.144 0.002 0.334 0.932
20.036 -408.143 -85.218 -0.145 0.001 0.335 0.931
19.972 -408.068 -85.246 -0.145 0.001 0.337 0.930
19.895 -407.979 -85.279 -0.146 0.002 0.339 0.929
19.850 -407.927 -85.298 -0.147 0.002 0.340 0.929
19.773 -407.839 -85.331 -0.147 0.002 0.343 0.928
19.699 -407.756 -85.363 -0.148 0.002 0.344 0.927
19.630 -407.678 -85.392 -0.149 0.002 0.346 0.926
19.565 -407.606 -85.420 -0.150 0.002 0.348 0.926
19.482 -407.515 -85.456 -0.150 0.002 0.350 0.925
19.391 -407.415 -85.494 -0.152 0.002 0.352 0.923
19.321 -407.341 -85.524 -0.152 0.002 0.354 0.923
19.258 -407.273 -85.551 -0.153 0.002 0.356 0.922
19.193 -407.204 -85.579 -0.154 0.002 0.358 0.921
19.131 -407.138 -85.606 -0.154 0.002 0.360 0.920
19.041 -407.045 -85.644 -0.156 0.002 0.362 0.919
18.955 -406.956 -85.681 -0.157 0.001 0.364 0.918
18.876 -406.876 -85.715 -0.158 0.002 0.366 0.917
18.772 -406.771 -85.759 -0.158 0.002 0.369 0.916
18.681 -406.680 -85.798 -0.160 0.002 0.371 0.915
18.626 -406.626 -85.822 -0.160 0.002 0.372 0.914
18.578 -406.579 -85.842 -0.161 0.002 0.374 0.914
18.472 -406.476 -85.887 -0.162 0.002 0.376 0.912
18.400 -406.406 -85.918 -0.162 0.002 0.378 0.911
18.332 -406.341 -85.947 -0.163 0.002 0.380 0.910
18.241 -406.256 -85.986 -0.164 0.002 0.382 0.909
18.184 -406.202 -86.011 -0.165 0.002 0.383 0.909
18.120 -406.142 -86.038 -0.165 0.002 0.385 0.908
18.047 -406.075 -86.069 -0.166 0.002 0.386 0.907
17.956 -405.991 -86.108 -0.167 0.002 0.388 0.906
17.894 -405.935 -86.134 -0.167 0.002 0.390 0.905
17.806 -405.856 -86.172 -0.169 0.002 0.392 0.904
17.717 -405.776 -86.210 -0.169 0.002 0.394 0.903
17.678 -405.742 -86.227 -0.170 0.002 0.395 0.903
17.608 -405.680 -86.257 -0.170 0.002 0.397 0.902
17.537 -405.618 -86.287 -0.171 0.002 0.398 0.901
17.461 -405.552 -86.319 -0.172 0.002 0.400 0.900
17.405 -405.504 -86.344 -0.173 0.002 0.401 0.899
17.323 -405.434 -86.379 -0.174 0.002 0.403 0.898
17.261 -405.382 -86.405 -0.174 0.001 0.405 0.898
17.184 -405.318 -86.438 -0.175 0.002 0.407 0.897
17.114 -405.259 -86.468 -0.175 0.002 0.408 0.896
17.050 -405.206 -86.495 -0.175 0.002 0.410 0.895
16.976 -405.146 -86.527 -0.176 0.002 0.411 0.894
16.899 -405.084 -86.559 -0.177 0.002 0.413 0.893
16.802 -405.006 -86.601 -0.178 0.002 0.415 0.892
16.689 -404.916 -86.649 -0.179 0.002 0.418 0.891
16.621 -404.863 -86.677 -0.180 0.002 0.420 0.890
16.534 -404.796 -86.714 -0.180 0.002 0.422 0.889
16.457 -404.736 -86.747 -0.181 0.002 0.423 0.888
16.394 -404.688 -86.774 -0.181 0.002 0.424 0.887
16.337 -404.645 -86.798 -0.182 0.002 0.426 0.886
16.264 -404.590 -86.830 -0.182 0.002 0.427 0.886
16.207 -404.547 -86.854 -0.183 0.002 0.428 0.885
16.121 -404.483 -86.890 -0.184 0.002 0.430 0.884
16.043 -404.426 -86.923 -0.184 0.002 0.432 0.883
15.931 -404.344 -86.971 -0.185 0.002 0.434 0.882
15.821 -404.265 -87.017 -0.186 0.002 0.437 0.880
15.773 -404.231 -87.038 -0.187 0.002 0.437 0.880
15.660 -404.151 -87.085 -0.187 0.002 0.440 0.878
15.569 -404.087 -87.124 -0.188 0.002 0.441 0.877
15.492 -404.034 -87.157 -0.189 0.002 0.443 0.876
15.411 -403.979 -87.191 -0.190 0.002 0.445 0.875
15.336 -403.928 -87.223 -0.190 0.002 0.446 0.875
15.259 -403.876 -87.255 -0.191 0.002 0.447 0.874
15.160 -403.810 -87.297 -0.192 0.002 0.450 0.872
15.051 -403.738 -87.343 -0.193 0.002 0.452 0.871
14.964 -403.681 -87.380 -0.194 0.002 0.454 0.870
14.856 -403.612 -87.426 -0.194 0.002 0.456 0.869
14.800 -403.575 -87.450 -0.195 0.002 0.457 0.868
14.716 -403.522 -87.485 -0.195 0.002 0.458 0.867
14.627 -403.467 -87.523 -0.196 0.002 0.460 0.866
14.558 -403.424 -87.552 -0.197 0.002 0.461 0.865
14.505 -403.390 -87.575 -0.197 0.002 0.462 0.865
14.408 -403.331 -87.616 -0.199 0.002 0.464 0.863
14.311 -403.272 -87.657 -0.199 0.002 0.466 0.862
14.215 -403.215 -87.698 -0.200 0.002 0.467 0.861
14.134 -403.166 -87.733 -0.201 0.002 0.468 0.860
14.054 -403.118 -87.766 -0.201 0.002 0.470 0.860
13.961 -403.063 -87.806 -0.202 0.002 0.471 0.859
13.871 -403.011 -87.845 -0.203 0.002 0.473 0.858
13.775 -402.955 -87.886 -0.203 0.001 0.474 0.857
13.667 -402.893 -87.932 -0.204 0.001 0.475 0.856
13.540 -402.821 -87.986 -0.205 0.002 0.477 0.855
13.450 -402.771 -88.024 -0.205 0.002 0.479 0.853
13.369 -402.726 -88.059 -0.206 0.002 0.480 0.853
13.297 -402.686 -88.090 -0.207 0.002 0.482 0.852
13.167 -402.616 -88.145 -0.208 0.001 0.484 0.850
13.057 -402.556 -88.192 -0.209 0.001 0.486 0.849
12.969 -402.510 -88.230 -0.209 0.001 0.487 0.848
12.868 -402.456 -88.273 -0.210 0.001 0.489 0.846
12.749 -402.395 -88.324 -0.211 0.002 0.491 0.845
12.654 -402.346 -88.365 -0.211 0.002 0.493 0.844
12.560 -402.299 -88.404 -0.212 0.002 0.495 0.843
12.457 -402.247 -88.449 -0.213 0.002 0.496 0.842
12.383 -402.210 -88.480 -0.213 0.002 0.497 0.841
12.289 -402.163 -88.520 -0.214 0.002 0.499 0.840
12.184 -402.112 -88.565 -0.215 0.001 0.500 0.839
12.059 -402.052 -88.618 -0.216 0.001 0.502 0.837
11.960 -402.005 -88.661 -0.216 0.001 0.504 0.836
11.869 -401.962 -88.699 -0.217 0.001 0.505 0.835
11.775 -401.918 -88.740 -0.218 0.001 0.507 0.834
11.711 -401.888 -88.767 -0.218 0.001 0.508 0.833
11.632 -401.852 -88.801 -0.219 0.001 0.509 0.832
11.533 -401.807 -88.843 -0.219 0.001 0.511 0.831
11.440 -401.766 -88.883 -0.220 0.001 0.513 0.830
11.394 -401.746 -88.902 -0.220 0.001 0.513 0.829
11.336 -401.721 -88.927 -0.221 0.001 0.514 0.829
11.259 -401.687 -88.960 -0.221 0.001 0.515 0.828
11.197 -401.660 -88.987 -0.222 0.001 0.517 0.827
11.117 -401.626 -89.021 -0.222 0.002 0.518 0.826
11.009 -401.580 -89.067 -0.223 0.001 0.520 0.825
10.923 -401.545 -89.103 -0.223 0.002 0.521 0.824
10.865 -401.521 -89.128 -0.224 0.002 0.522 0.823
10.772 -401.483 -89.167 -0.224 0.002 0.523 0.822
10.691 -401.450 -89.202 -0.225 0.002 0.525 0.821
10.612 -401.418 -89.236 -0.226 0.002 0.526 0.820
10.526 -401.384 -89.273 -0.226 0.002 0.528 0.819
10.460 -401.358 -89.301 -0.227 0.001 0.529 0.818
10.345 -401.314 -89.350 -0.228 0.002 0.531 0.816
10.291 -401.293 -89.373 -0.228 0.002 0.532 0.816
10.207 -401.261 -89.409 -0.228 0.002 0.533 0.815
10.102 -401.222 -89.454 -0.229 0.002 0.535 0.813
10.005 -401.186 -89.495 -0.230 0.001 0.536 0.812
9.904 -401.150 -89.538 -0.231 0.002 0.538 0.811
9.836 -401.125 -89.567 -0.231 0.002 0.539 0.810
