24.700 -458.407 -70.112 -0.001 0.000 0.002 1.000
24.699 -458.306 -70.112 -0.002 0.000 0.003 1.000
24.699 -458.232 -70.112 -0.002 0.000 0.005 1.000
24.697 -458.112 -70.113 -0.003 0.000 0.007 1.000
24.696 -458.000 -70.114 -0.004 0.000 0.009 1.000
24.693 -457.887 -70.115 -0.004 0.000 0.011 1.000
24.692 -457.832 -70.115 -0.005 0.000 0.012 1.000
24.690 -457.739 -70.116 -0.005 0.000 0.014 1.000
24.687 -457.652 -70.117 -0.006 0.000 0.016 1.000
24.684 -457.556 -70.118 -0.006 0.000 0.017 1.000
24.680 -457.452 -70.119 -0.007 0.000 0.019 1.000
24.675 -457.323 -70.122 -0.008 0.000 0.021 1.000
24.671 -457.226 -70.123 -0.010 0.000 0.023 1.000
24.664 -457.088 -70.126 -0.011 0.000 0.026 1.000
24.656 -456.942 -70.129 -0.012 0.000 0.028 1.000
24.651 -456.856 -70.131 -0.013 0.000 0.030 0.999
24.647 -456.790 -70.133 -0.013 0.000 0.031 0.999
24.639 -456.658 -70.137 -0.014 0.000 0.033 0.999
24.632 -456.564 -70.139 -0.015 0.000 0.035 0.999
24.623 -456.436 -70.143 -0.016 0.000 0.037 0.999
24.620 -456.395 -70.145 -0.016 0.000 0.038 0.999
24.609 -456.261 -70.149 -0.017 0.000 0.040 0.999
24.599 -456.137 -70.153 -0.018 0.000 0.042 0.999
24.588 -456.004 -70.158 -0.019 0.000 0.045 0.999
24.574 -455.860 -70.164 -0.020 0.000 0.047 0.999
24.569 -455.809 -70.166 -0.020 0.000 0.048 0.999
24.560 -455.719 -70.169 -0.021 0.000 0.050 0.999
24.552 -455.633 -70.173 -0.022 0.000 0.051 0.998
24.543 -455.547 -70.177 -0.022 0.000 0.053 0.998
24.529 -455.423 -70.183 -0.023 0.000 0.055 0.998
24.513 -455.282 -70.189 -0.024 0.000 0.057 0.998
24.498 -455.150 -70.196 -0.025 0.000 0.060 0.998
24.480 -455.000 -70.204 -0.026 0.000 0.062 0.998
24.461 -454.856 -70.211 -0.027 0.000 0.065 0.998
24.449 -454.762 -70.216 -0.028 0.000 0.066 0.997
24.435 -454.663 -70.222 -0.029 0.000 0.068 0.997
24.423 -454.571 -70.227 -0.029 0.000 0.069 0.997
24.406 -454.454 -70.234 -0.030 0.000 0.071 0.997
24.393 -454.364 -70.240 -0.031 0.000 0.073 0.997
24.376 -454.251 -70.247 -0.032 0.000 0.075 0.997
24.364 -454.172 -70.252 -0.032 0.000 0.077 0.997
24.348 -454.070 -70.259 -0.033 0.000 0.078 0.996
24.325 -453.929 -70.268 -0.034 0.000 0.081 0.996
24.317 -453.881 -70.272 -0.035 0.000 0.082 0.996
24.293 -453.737 -70.282 -0.035 0.000 0.084 0.996
24.278 -453.649 -70.288 -0.036 0.000 0.086 0.996
24.266 -453.583 -70.293 -0.037 0.000 0.087 0.996
24.244 -453.459 -70.302 -0.038 0.000 0.089 0.995
24.221 -453.331 -70.312 -0.039 0.000 0.092 0.995
24.202 -453.232 -70.320 -0.039 0.000 0.093 0.995
24.190 -453.169 -70.325 -0.040 0.000 0.094 0.995
24.170 -453.066 -70.334 -0.041 0.000 0.096 0.995
24.146 -452.944 -70.344 -0.042 0.000 0.099 0.994
24.128 -452.856 -70.351 -0.043 0.000 0.100 0.994
24.105 -452.741 -70.361 -0.043 0.000 0.102 0.994
24.078 -452.614 -70.373 -0.044 0.000 0.104 0.994
24.059 -452.525 -70.381 -0.045 0.000 0.106 0.993
24.038 -452.429 -70.390 -0.046 0.000 0.107 0.993
24.015 -452.327 -70.400 -0.047 0.000 0.109 0.993
23.993 -452.230 -70.409 -0.047 0.000 0.111 0.993
23.977 -452.160 -70.416 -0.048 0.000 0.113 0.992
23.960 -452.083 -70.423 -0.049 0.000 0.114 0.992
23.937 -451.988 -70.433 -0.049 0.000 0.116 0.992
23.904 -451.851 -70.447 -0.050 0.000 0.118 0.992
23.883 -451.764 -70.456 -0.051 0.000 0.120 0.992
23.856 -451.655 -70.467 -0.052 0.000 0.122 0.991
23.830 -451.554 -70.478 -0.052 0.000 0.124 0.991
23.811 -451.479 -70.486 -0.053 0.000 0.125 0.991
23.787 -451.388 -70.496 -0.054 0.000 0.127 0.990
23.757 -451.271 -70.509 -0.054 0.000 0.129 0.990
23.724 -451.149 -70.523 -0.056 0.000 0.131 0.990
23.698 -451.052 -70.534 -0.056 0.000 0.133 0.990
23.672 -450.961 -70.545 -0.057 0.000 0.135 0.989
23.640 -450.845 -70.558 -0.058 0.000 0.137 0.989
23.609 -450.736 -70.572 -0.058 0.000 0.139 0.989
23.584 -450.649 -70.582 -0.059 0.000 0.140 0.988
23.545 -450.517 -70.598 -0.060 0.000 0.143 0.988
23.521 -450.436 -70.608 -0.061 0.000 0.144 0.988
23.495 -450.349 -70.620 -0.061 0.000 0.146 0.987
23.465 -450.251 -70.632 -0.062 0.000 0.147 0.987
23.438 -450.162 -70.644 -0.063 0.000 0.149 0.987
23.406 -450.062 -70.657 -0.063 0.000 0.150 0.987
23.379 -449.975 -70.668 -0.064 0.000 0.152 0.986
23.354 -449.898 -70.679 -0.065 0.000 0.153 0.986
23.316 -449.779 -70.695 -0.066 0.000 0.155 0.986
23.282 -449.675 -70.709 -0.066 0.000 0.157 0.985
23.255 -449.594 -70.721 -0.067 0.000 0.158 0.985
23.219 -449.486 -70.736 -0.068 0.000 0.160 0.985
23.191 -449.401 -70.748 -0.068 0.000 0.162 0.984
23.161 -449.314 -70.760 -0.069 0.000 0.163 0.984
23.129 -449.221 -70.774 -0.070 0.000 0.165 0.984
23.115 -449.180 -70.780 -0.070 0.000 0.166 0.984
23.060 -449.024 -70.803 -0.071 0.000 0.169 0.983
23.028 -448.935 -70.817 -0.072 0.000 0.170 0.983
22.989 -448.827 -70.833 -0.073 0.000 0.172 0.982
22.946 -448.712 -70.851 -0.074 0.000 0.175 0.982
22.908 -448.609 -70.867 -0.075 0.000 0.176 0.981
22.875 -448.521 -70.881 -0.076 0.000 0.178 0.981
22.843 -448.437 -70.895 -0.076 0.000 0.180 0.981
22.795 -448.311 -70.915 -0.077 0.000 0.182 0.980
22.761 -448.224 -70.930 -0.078 0.000 0.184 0.980
22.713 -448.102 -70.950 -0.079 0.000 0.186 0.979
22.672 -448.000 -70.967 -0.079 0.000 0.187 0.979
22.646 -447.934 -70.978 -0.080 0.000 0.189 0.979
22.605 -447.833 -70.996 -0.081 0.000 0.190 0.978
22.557 -447.716 -71.016 -0.081 0.000 0.193 0.978
22.525 -447.638 -71.030 -0.082 0.000 0.194 0.978
22.490 -447.556 -71.044 -0.082 0.000 0.195 0.977
22.450 -447.460 -71.061 -0.083 0.000 0.197 0.977
22.408 -447.363 -71.078 -0.083 0.000 0.198 0.977
22.377 -447.291 -71.091 -0.084 0.000 0.200 0.976
22.329 -447.180 -71.112 -0.084 0.000 0.201 0.976
22.293 -447.097 -71.127 -0.085 0.000 0.202 0.976
22.246 -446.989 -71.146 -0.086 0.000 0.204 0.975
22.212 -446.911 -71.161 -0.086 0.000 0.205 0.975
22.163 -446.803 -71.181 -0.087 0.000 0.207 0.974
22.134 -446.737 -71.194 -0.087 0.000 0.208 0.974
22.113 -446.692 -71.202 -0.087 0.000 0.209 0.974
22.071 -446.599 -71.220 -0.088 0.000 0.210 0.974
22.049 -446.550 -71.229 -0.089 0.000 0.211 0.973
22.016 -446.480 -71.243 -0.089 0.000 0.212 0.973
21.976 -446.393 -71.260 -0.090 0.000 0.213 0.973
21.939 -446.313 -71.275 -0.091 0.000 0.215 0.972
21.883 -446.194 -71.299 -0.092 0.000 0.217 0.972
21.841 -446.105 -71.317 -0.092 0.000 0.218 0.971
21.800 -446.019 -71.334 -0.093 0.000 0.220 0.971
21.758 -445.933 -71.352 -0.094 0.000 0.221 0.971
21.711 -445.837 -71.372 -0.094 0.000 0.223 0.970
21.672 -445.758 -71.388 -0.095 0.000 0.224 0.970
21.627 -445.666 -71.407 -0.096 0.000 0.226 0.969
21.582 -445.576 -71.426 -0.096 0.000 0.227 0.969
21.528 -445.469 -71.449 -0.097 0.000 0.229 0.968
21.493 -445.402 -71.464 -0.098 0.000 0.231 0.968
21.437 -445.292 -71.488 -0.098 0.000 0.233 0.968
21.355 -445.135 -71.522 -0.100 0.000 0.236 0.967
21.289 -445.009 -71.550 -0.101 0.000 0.238 0.966
21.266 -444.968 -71.560 -0.101 0.000 0.239 0.966
21.224 -444.888 -71.578 -0.102 0.000 0.240 0.965
21.181 -444.808 -71.596 -0.103 0.000 0.242 0.965
21.125 -444.706 -71.620 -0.103 0.000 0.243 0.964
21.088 -444.638 -71.636 -0.104 0.000 0.244 0.964
21.048 -444.565 -71.653 -0.104 0.000 0.245 0.964
21.004 -444.485 -71.671 -0.104 0.000 0.246 0.964
20.965 -444.414 -71.688 -0.105 0.000 0.247 0.963
20.913 -444.322 -71.710 -0.105 0.000 0.248 0.963
20.864 -444.235 -71.731 -0.106 0.000 0.250 0.963
20.805 -444.130 -71.756 -0.106 0.000 0.251 0.962
20.744 -444.022 -71.782 -0.106 0.000 0.252 0.962
20.689 -443.926 -71.805 -0.107 0.000 0.254 0.961
20.643 -443.848 -71.824 -0.107 0.000 0.255 0.961
20.574 -443.728 -71.853 -0.108 0.000 0.256 0.960
20.495 -443.594 -71.886 -0.109 0.000 0.258 0.960
20.462 -443.537 -71.900 -0.109 0.000 0.259 0.960
20.400 -443.433 -71.926 -0.109 0.000 0.260 0.959
20.338 -443.329 -71.952 -0.109 0.000 0.262 0.959
20.267 -443.210 -71.982 -0.110 0.000 0.262 0.959
20.214 -443.122 -72.004 -0.110 0.000 0.263 0.958
20.149 -443.015 -72.031 -0.111 0.000 0.265 0.958
20.092 -442.920 -72.055 -0.111 0.000 0.266 0.958
20.032 -442.823 -72.080 -0.112 0.000 0.267 0.957
19.993 -442.760 -72.096 -0.112 0.000 0.268 0.957
19.935 -442.666 -72.121 -0.113 0.000 0.269 0.956
19.855 -442.538 -72.154 -0.113 0.000 0.271 0.956
19.793 -442.439 -72.180 -0.113 0.000 0.272 0.955
19.732 -442.341 -72.206 -0.114 0.000 0.274 0.955
19.651 -442.216 -72.239 -0.114 0.001 0.276 0.954
19.600 -442.135 -72.260 -0.115 0.001 0.277 0.954
19.549 -442.056 -72.281 -0.115 0.001 0.278 0.954
19.491 -441.968 -72.305 -0.115 0.001 0.279 0.953
19.426 -441.867 -72.332 -0.115 0.001 0.280 0.953
19.388 -441.810 -72.347 -0.115 0.001 0.281 0.953
19.320 -441.707 -72.375 -0.116 0.001 0.282 0.952
19.236 -441.580 -72.409 -0.116 0.001 0.284 0.952
19.161 -441.468 -72.440 -0.116 0.001 0.286 0.951
19.113 -441.396 -72.459 -0.116 0.001 0.286 0.951
19.047 -441.299 -72.486 -0.117 0.001 0.288 0.950
18.993 -441.220 -72.507 -0.117 0.001 0.289 0.950
18.939 -441.141 -72.529 -0.117 0.001 0.290 0.950
18.895 -441.077 -72.547 -0.118 0.001 0.291 0.949
18.829 -440.981 -72.574 -0.119 0.001 0.293 0.949
18.777 -440.907 -72.595 -0.120 0.001 0.294 0.948
18.727 -440.835 -72.615 -0.120 0.001 0.295 0.948
18.639 -440.710 -72.651 -0.120 0.001 0.297 0.947
18.576 -440.622 -72.676 -0.121 0.001 0.298 0.947
18.494 -440.507 -72.709 -0.121 0.001 0.299 0.946
18.445 -440.439 -72.729 -0.122 0.001 0.300 0.946
18.371 -440.337 -72.759 -0.122 0.001 0.302 0.945
18.323 -440.271 -72.778 -0.122 0.001 0.303 0.945
18.280 -440.211 -72.795 -0.122 0.002 0.304 0.945
18.226 -440.137 -72.817 -0.123 0.002 0.304 0.945
18.148 -440.032 -72.848 -0.123 0.002 0.306 0.944
18.080 -439.940 -72.876 -0.124 0.002 0.307 0.943
18.034 -439.879 -72.894 -0.124 0.002 0.308 0.943
17.940 -439.754 -72.932 -0.125 0.002 0.310 0.943
17.866 -439.656 -72.961 -0.125 0.002 0.311 0.942
17.817 -439.590 -72.981 -0.126 0.002 0.312 0.942
17.771 -439.530 -73.000 -0.126 0.002 0.313 0.942
17.689 -439.423 -73.032 -0.126 0.002 0.314 0.941
17.619 -439.333 -73.060 -0.126 0.002 0.315 0.941
17.570 -439.269 -73.080 -0.126 0.002 0.316 0.940
17.507 -439.187 -73.105 -0.126 0.002 0.317 0.940
17.416 -439.071 -73.141 -0.127 0.002 0.318 0.940
17.352 -438.989 -73.166 -0.127 0.002 0.318 0.939
17.315 -438.941 -73.181 -0.127 0.002 0.319 0.939
17.252 -438.861 -73.205 -0.127 0.002 0.320 0.939
17.190 -438.781 -73.230 -0.127 0.002 0.321 0.939
17.137 -438.715 -73.251 -0.128 0.002 0.321 0.938
17.070 -438.630 -73.277 -0.128 0.002 0.322 0.938
17.006 -438.550 -73.303 -0.128 0.002 0.323 0.938
16.977 -438.514 -73.314 -0.128 0.002 0.323 0.938
16.890 -438.406 -73.348 -0.128 0.002 0.324 0.937
16.820 -438.319 -73.375 -0.128 0.003 0.325 0.937
16.738 -438.218 -73.407 -0.129 0.002 0.326 0.937
16.681 -438.147 -73.430 -0.129 0.003 0.327 0.936
16.630 -438.085 -73.450 -0.129 0.003 0.327 0.936
16.557 -437.995 -73.478 -0.129 0.003 0.328 0.936
16.502 -437.928 -73.500 -0.129 0.003 0.328 0.936
16.457 -437.873 -73.517 -0.129 0.003 0.329 0.936
16.407 -437.812 -73.537 -0.129 0.003 0.329 0.935
16.330 -437.719 -73.566 -0.129 0.003 0.330 0.935
16.273 -437.650 -73.588 -0.129 0.003 0.331 0.935
16.187 -437.546 -73.622 -0.129 0.003 0.331 0.935
16.093 -437.432 -73.658 -0.129 0.003 0.332 0.934
16.055 -437.387 -73.672 -0.129 0.003 0.333 0.934
15.994 -437.314 -73.696 -0.129 0.003 0.333 0.934
15.919 -437.225 -73.724 -0.129 0.003 0.334 0.934
15.872 -437.168 -73.742 -0.129 0.003 0.334 0.934
15.822 -437.109 -73.762 -0.129 0.003 0.334 0.933
15.713 -436.980 -73.803 -0.130 0.003 0.335 0.933
15.625 -436.876 -73.837 -0.130 0.003 0.336 0.933
15.559 -436.799 -73.862 -0.130 0.004 0.337 0.932
15.502 -436.732 -73.884 -0.130 0.004 0.337 0.932
15.416 -436.631 -73.916 -0.130 0.004 0.339 0.932
15.340 -436.542 -73.945 -0.130 0.004 0.339 0.932
15.291 -436.486 -73.963 -0.130 0.004 0.340 0.932
15.231 -436.416 -73.986 -0.130 0.004 0.340 0.931
15.150 -436.322 -74.016 -0.130 0.004 0.341 0.931
15.081 -436.243 -74.042 -0.129 0.004 0.342 0.931
15.018 -436.170 -74.066 -0.130 0.004 0.343 0.930
14.978 -436.125 -74.081 -0.130 0.004 0.343 0.930
14.904 -436.041 -74.108 -0.130 0.004 0.344 0.930
14.839 -435.967 -74.132 -0.130 0.005 0.344 0.930
14.774 -435.893 -74.156 -0.130 0.005 0.345 0.929
14.700 -435.809 -74.184 -0.129 0.005 0.346 0.929
14.629 -435.729 -74.210 -0.130 0.005 0.346 0.929
14.567 -435.660 -74.232 -0.129 0.005 0.347 0.929
