24.700 -458.408 -70.112 -0.001 0.000 0.002 1.000
24.699 -458.319 -70.112 -0.001 0.000 0.003 1.000
24.698 -458.137 -70.113 -0.003 0.000 0.007 1.000
24.696 -458.030 -70.114 -0.004 0.000 0.009 1.000
24.694 -457.940 -70.115 -0.004 0.000 0.010 1.000
24.692 -457.862 -70.115 -0.005 0.000 0.012 1.000
24.691 -457.787 -70.116 -0.006 0.000 0.013 1.000
24.688 -457.679 -70.117 -0.007 0.000 0.015 1.000
24.685 -457.599 -70.118 -0.007 0.000 0.017 1.000
24.681 -457.475 -70.120 -0.009 0.000 0.019 1.000
24.677 -457.382 -70.122 -0.010 0.000 0.020 1.000
24.672 -457.252 -70.125 -0.010 0.000 0.022 1.000
24.668 -457.183 -70.126 -0.011 0.000 0.024 1.000
24.663 -457.079 -70.128 -0.012 0.000 0.026 1.000
24.656 -456.940 -70.132 -0.013 0.000 0.028 1.000
24.650 -456.850 -70.134 -0.014 0.000 0.030 0.999
24.644 -456.752 -70.137 -0.014 0.000 0.031 0.999
24.641 -456.692 -70.139 -0.015 0.000 0.032 0.999
24.634 -456.589 -70.142 -0.015 0.000 0.034 0.999
24.627 -456.494 -70.145 -0.016 0.000 0.036 0.999
24.620 -456.401 -70.148 -0.017 0.000 0.037 0.999
24.613 -456.311 -70.151 -0.018 0.000 0.039 0.999
24.607 -456.226 -70.154 -0.018 0.000 0.040 0.999
24.600 -456.145 -70.157 -0.019 0.000 0.042 0.999
24.591 -456.042 -70.161 -0.020 0.000 0.043 0.999
24.580 -455.912 -70.167 -0.021 0.000 0.046 0.999
24.571 -455.822 -70.170 -0.021 0.000 0.047 0.999
24.560 -455.707 -70.175 -0.022 0.000 0.049 0.999
24.546 -455.569 -70.182 -0.024 0.000 0.052 0.998
24.536 -455.473 -70.186 -0.024 0.000 0.054 0.998
24.526 -455.386 -70.191 -0.025 0.000 0.055 0.998
24.510 -455.243 -70.198 -0.027 0.000 0.058 0.998
24.496 -455.126 -70.205 -0.028 0.000 0.060 0.998
24.480 -454.997 -70.212 -0.029 0.000 0.062 0.998
24.465 -454.875 -70.219 -0.029 0.000 0.064 0.998
24.450 -454.760 -70.226 -0.030 0.000 0.066 0.997
24.439 -454.679 -70.231 -0.030 0.000 0.068 0.997
24.419 -454.535 -70.240 -0.031 0.000 0.070 0.997
24.397 -454.382 -70.250 -0.033 0.000 0.073 0.997
24.382 -454.282 -70.256 -0.034 0.000 0.075 0.997
24.360 -454.139 -70.266 -0.035 0.000 0.077 0.996
24.345 -454.048 -70.273 -0.036 0.000 0.079 0.996
24.335 -453.981 -70.278 -0.036 0.000 0.080 0.996
24.310 -453.831 -70.289 -0.037 0.000 0.082 0.996
24.286 -453.689 -70.299 -0.038 0.000 0.085 0.996
24.267 -453.583 -70.308 -0.039 0.000 0.087 0.995
24.249 -453.481 -70.316 -0.040 0.000 0.088 0.995
24.231 -453.381 -70.324 -0.041 0.000 0.090 0.995
24.214 -453.286 -70.332 -0.042 0.000 0.092 0.995
24.189 -453.158 -70.343 -0.043 0.000 0.094 0.995
24.159 -453.002 -70.357 -0.044 0.000 0.097 0.994
24.142 -452.915 -70.365 -0.045 0.000 0.099 0.994
24.121 -452.816 -70.374 -0.045 0.000 0.100 0.994
24.098 -452.700 -70.385 -0.046 0.000 0.102 0.994
24.084 -452.634 -70.391 -0.046 0.000 0.103 0.994
24.057 -452.508 -70.403 -0.047 0.000 0.106 0.993
24.037 -452.417 -70.412 -0.048 0.000 0.107 0.993
24.022 -452.350 -70.418 -0.048 0.000 0.108 0.993
24.001 -452.254 -70.428 -0.049 0.000 0.110 0.993
23.975 -452.142 -70.439 -0.050 0.000 0.112 0.992
23.945 -452.013 -70.453 -0.051 0.000 0.115 0.992
23.930 -451.947 -70.460 -0.052 0.000 0.116 0.992
23.909 -451.861 -70.469 -0.052 0.000 0.117 0.992
23.880 -451.740 -70.482 -0.053 0.000 0.119 0.991
23.855 -451.638 -70.493 -0.054 0.000 0.121 0.991
23.830 -451.539 -70.504 -0.055 0.000 0.123 0.991
23.810 -451.461 -70.513 -0.055 0.000 0.125 0.991
23.783 -451.357 -70.525 -0.056 0.000 0.127 0.990
23.757 -451.260 -70.536 -0.057 0.000 0.128 0.990
23.739 -451.190 -70.545 -0.058 0.000 0.130 0.990
23.708 -451.077 -70.558 -0.058 0.000 0.132 0.990
23.675 -450.956 -70.573 -0.059 0.000 0.134 0.989
23.652 -450.873 -70.583 -0.060 0.000 0.135 0.989
23.630 -450.795 -70.593 -0.061 0.000 0.137 0.989
23.591 -450.658 -70.610 -0.061 0.000 0.140 0.988
23.560 -450.551 -70.624 -0.062 0.000 0.141 0.988
23.538 -450.477 -70.633 -0.062 0.000 0.143 0.988
23.514 -450.396 -70.644 -0.063 0.000 0.144 0.988
23.493 -450.327 -70.653 -0.063 0.000 0.145 0.987
23.468 -450.243 -70.664 -0.064 0.000 0.147 0.987
23.439 -450.151 -70.676 -0.065 0.000 0.148 0.987
23.409 -450.053 -70.690 -0.065 0.000 0.150 0.987
23.394 -450.007 -70.696 -0.065 0.000 0.151 0.986
23.360 -449.898 -70.711 -0.066 0.000 0.153 0.986
23.332 -449.811 -70.723 -0.067 0.000 0.155 0.986
23.307 -449.735 -70.734 -0.067 0.000 0.156 0.985
23.274 -449.635 -70.748 -0.068 0.000 0.158 0.985
23.240 -449.532 -70.763 -0.069 0.000 0.160 0.985
23.213 -449.452 -70.774 -0.070 0.000 0.161 0.984
23.192 -449.390 -70.783 -0.070 0.000 0.163 0.984
23.163 -449.306 -70.796 -0.071 0.000 0.164 0.984
23.135 -449.226 -70.808 -0.072 0.000 0.166 0.984
23.092 -449.105 -70.826 -0.073 0.000 0.168 0.983
23.067 -449.033 -70.837 -0.073 0.000 0.169 0.983
23.033 -448.938 -70.852 -0.074 0.000 0.171 0.983
23.004 -448.858 -70.864 -0.075 0.000 0.172 0.982
22.960 -448.737 -70.883 -0.075 0.000 0.174 0.982
22.926 -448.646 -70.898 -0.076 0.000 0.176 0.981
22.873 -448.506 -70.921 -0.077 0.000 0.179 0.981
22.838 -448.413 -70.936 -0.078 0.000 0.181 0.980
22.802 -448.321 -70.951 -0.078 0.000 0.182 0.980
22.763 -448.221 -70.968 -0.079 0.000 0.184 0.980
22.740 -448.164 -70.978 -0.080 0.000 0.185 0.979
22.710 -448.087 -70.991 -0.080 0.000 0.187 0.979
22.682 -448.017 -71.003 -0.081 0.000 0.188 0.979
22.622 -447.869 -71.029 -0.082 0.000 0.190 0.978
22.592 -447.795 -71.042 -0.082 0.000 0.191 0.978
22.550 -447.694 -71.059 -0.083 0.000 0.193 0.978
22.505 -447.584 -71.079 -0.083 0.000 0.194 0.977
22.476 -447.516 -71.091 -0.084 0.000 0.195 0.977
22.439 -447.427 -71.107 -0.085 0.000 0.197 0.977
22.394 -447.322 -71.127 -0.086 0.000 0.198 0.976
22.362 -447.248 -71.140 -0.086 0.000 0.200 0.976
22.325 -447.162 -71.156 -0.086 0.000 0.201 0.976
22.285 -447.070 -71.174 -0.087 0.000 0.203 0.975
22.242 -446.972 -71.192 -0.088 0.000 0.204 0.975
22.210 -446.900 -71.206 -0.089 0.000 0.206 0.975
22.173 -446.818 -71.222 -0.089 0.000 0.207 0.974
22.120 -446.700 -71.245 -0.090 0.000 0.209 0.974
22.054 -446.556 -71.273 -0.091 0.000 0.212 0.973
22.016 -446.473 -71.289 -0.092 0.000 0.213 0.973
21.966 -446.366 -71.311 -0.092 0.001 0.215 0.972
21.922 -446.273 -71.329 -0.093 0.001 0.217 0.972
21.899 -446.224 -71.339 -0.093 0.001 0.217 0.972
21.843 -446.108 -71.363 -0.094 0.001 0.219 0.971
21.771 -445.960 -71.394 -0.095 0.001 0.222 0.970
21.722 -445.860 -71.414 -0.095 0.001 0.223 0.970
21.664 -445.741 -71.439 -0.096 0.001 0.225 0.969
21.613 -445.640 -71.461 -0.097 0.001 0.227 0.969
21.563 -445.540 -71.483 -0.098 0.001 0.229 0.969
21.505 -445.427 -71.507 -0.099 0.001 0.231 0.968
21.460 -445.339 -71.526 -0.099 0.001 0.233 0.967
21.395 -445.214 -71.554 -0.100 0.001 0.235 0.967
21.348 -445.125 -71.574 -0.101 0.001 0.237 0.966
21.291 -445.017 -71.598 -0.101 0.001 0.239 0.966
21.245 -444.931 -71.617 -0.102 0.001 0.240 0.965
21.181 -444.813 -71.644 -0.102 0.001 0.242 0.965
21.145 -444.747 -71.659 -0.103 0.001 0.244 0.964
21.084 -444.636 -71.685 -0.103 0.001 0.245 0.964
21.041 -444.559 -71.703 -0.104 0.001 0.247 0.964
20.993 -444.472 -71.723 -0.104 0.001 0.248 0.963
20.940 -444.378 -71.745 -0.104 0.001 0.249 0.963
20.900 -444.306 -71.762 -0.104 0.001 0.250 0.963
20.850 -444.218 -71.783 -0.105 0.001 0.251 0.962
20.815 -444.156 -71.797 -0.105 0.001 0.252 0.962
20.769 -444.075 -71.817 -0.106 0.001 0.253 0.962
20.708 -443.970 -71.842 -0.106 0.001 0.254 0.961
20.635 -443.844 -71.872 -0.107 0.001 0.256 0.961
20.588 -443.763 -71.892 -0.107 0.001 0.257 0.961
20.561 -443.716 -71.903 -0.107 0.001 0.257 0.960
20.539 -443.680 -71.912 -0.107 0.001 0.258 0.960
20.465 -443.553 -71.943 -0.108 0.001 0.259 0.960
20.391 -443.429 -71.973 -0.108 0.001 0.261 0.959
20.313 -443.300 -72.005 -0.109 0.001 0.263 0.959
20.271 -443.230 -72.023 -0.110 0.001 0.264 0.958
20.232 -443.166 -72.039 -0.110 0.001 0.265 0.958
20.191 -443.099 -72.056 -0.111 0.001 0.266 0.958
20.123 -442.987 -72.084 -0.111 0.001 0.267 0.957
20.062 -442.888 -72.110 -0.112 0.001 0.268 0.957
20.008 -442.800 -72.132 -0.112 0.001 0.269 0.957
19.984 -442.761 -72.142 -0.112 0.001 0.270 0.956
19.909 -442.641 -72.173 -0.112 0.001 0.272 0.956
19.838 -442.529 -72.202 -0.113 0.001 0.273 0.955
19.783 -442.442 -72.225 -0.113 0.001 0.274 0.955
19.714 -442.333 -72.253 -0.113 0.002 0.275 0.955
19.673 -442.269 -72.270 -0.113 0.002 0.276 0.954
19.642 -442.222 -72.283 -0.114 0.002 0.277 0.954
19.553 -442.083 -72.319 -0.114 0.002 0.279 0.953
19.472 -441.960 -72.352 -0.115 0.002 0.280 0.953
19.418 -441.877 -72.374 -0.115 0.002 0.282 0.953
19.382 -441.822 -72.388 -0.115 0.002 0.283 0.952
19.339 -441.758 -72.406 -0.115 0.002 0.284 0.952
19.270 -441.653 -72.434 -0.116 0.002 0.285 0.952
19.223 -441.584 -72.453 -0.116 0.002 0.285 0.951
19.181 -441.521 -72.470 -0.116 0.002 0.286 0.951
19.121 -441.433 -72.494 -0.117 0.002 0.287 0.951
19.048 -441.326 -72.523 -0.117 0.002 0.289 0.950
18.990 -441.241 -72.546 -0.117 0.002 0.290 0.950
18.931 -441.155 -72.570 -0.118 0.002 0.291 0.949
18.873 -441.071 -72.593 -0.118 0.002 0.292 0.949
18.809 -440.979 -72.619 -0.118 0.002 0.294 0.949
18.743 -440.885 -72.646 -0.119 0.002 0.295 0.948
18.694 -440.816 -72.665 -0.119 0.002 0.296 0.948
18.623 -440.716 -72.693 -0.119 0.002 0.298 0.947
18.545 -440.607 -72.724 -0.120 0.003 0.299 0.947
18.493 -440.534 -72.745 -0.120 0.003 0.300 0.946
18.427 -440.442 -72.771 -0.120 0.003 0.301 0.946
18.370 -440.363 -72.793 -0.120 0.003 0.302 0.946
18.329 -440.306 -72.810 -0.121 0.003 0.303 0.945
18.279 -440.239 -72.829 -0.121 0.003 0.304 0.945
18.208 -440.142 -72.857 -0.121 0.003 0.306 0.944
18.159 -440.075 -72.876 -0.122 0.003 0.307 0.944
18.100 -439.996 -72.899 -0.122 0.003 0.308 0.943
18.009 -439.875 -72.935 -0.123 0.003 0.310 0.943
17.932 -439.772 -72.965 -0.123 0.003 0.311 0.942
17.876 -439.699 -72.987 -0.123 0.003 0.312 0.942
17.817 -439.621 -73.010 -0.124 0.003 0.313 0.942
17.731 -439.510 -73.044 -0.124 0.003 0.315 0.941
17.683 -439.447 -73.063 -0.124 0.003 0.316 0.940
17.627 -439.375 -73.084 -0.125 0.003 0.317 0.940
17.563 -439.293 -73.109 -0.125 0.003 0.319 0.940
17.528 -439.249 -73.123 -0.125 0.003 0.319 0.939
17.464 -439.168 -73.148 -0.125 0.003 0.320 0.939
17.377 -439.057 -73.181 -0.125 0.004 0.321 0.939
17.322 -438.988 -73.202 -0.125 0.004 0.321 0.939
17.248 -438.894 -73.231 -0.126 0.003 0.322 0.938
17.180 -438.810 -73.257 -0.126 0.004 0.323 0.938
17.148 -438.770 -73.269 -0.126 0.004 0.323 0.938
17.077 -438.681 -73.297 -0.126 0.004 0.324 0.938
17.014 -438.603 -73.321 -0.126 0.004 0.325 0.937
16.938 -438.508 -73.350 -0.127 0.004 0.326 0.937
16.879 -438.436 -73.372 -0.127 0.004 0.327 0.937
16.837 -438.385 -73.388 -0.127 0.004 0.327 0.936
16.780 -438.314 -73.410 -0.127 0.004 0.328 0.936
16.733 -438.257 -73.428 -0.127 0.004 0.328 0.936
16.671 -438.181 -73.452 -0.127 0.004 0.329 0.936
16.596 -438.090 -73.480 -0.127 0.004 0.330 0.936
16.543 -438.026 -73.500 -0.127 0.004 0.330 0.935
16.461 -437.927 -73.532 -0.127 0.004 0.331 0.935
16.382 -437.831 -73.562 -0.127 0.004 0.332 0.935
16.298 -437.730 -73.594 -0.128 0.004 0.332 0.935
16.245 -437.667 -73.613 -0.128 0.004 0.333 0.934
16.181 -437.590 -73.638 -0.128 0.004 0.334 0.934
16.109 -437.504 -73.665 -0.128 0.004 0.334 0.934
16.035 -437.416 -73.693 -0.128 0.004 0.335 0.934
15.998 -437.373 -73.707 -0.128 0.004 0.335 0.933
15.928 -437.289 -73.733 -0.128 0.005 0.336 0.933
15.872 -437.224 -73.754 -0.128 0.005 0.336 0.933
15.808 -437.149 -73.778 -0.128 0.005 0.337 0.933
15.761 -437.092 -73.796 -0.128 0.005 0.337 0.933
15.700 -437.021 -73.819 -0.128 0.005 0.338 0.932
15.609 -436.914 -73.853 -0.128 0.005 0.339 0.932
15.567 -436.866 -73.868 -0.128 0.005 0.339 0.932
15.495 -436.782 -73.895 -0.128 0.005 0.340 0.932
15.427 -436.704 -73.920 -0.128 0.005 0.340 0.932
15.375 -436.643 -73.939 -0.128 0.005 0.341 0.931
15.308 -436.566 -73.964 -0.128 0.005 0.342 0.931
15.248 -436.497 -73.986 -0.128 0.005 0.342 0.931
15.167 -436.404 -74.016 -0.128 0.005 0.342 0.931
15.096 -436.323 -74.042 -0.128 0.006 0.343 0.931
15.040 -436.258 -74.063 -0.128 0.006 0.343 0.930
14.959 -436.167 -74.092 -0.128 0.006 0.344 0.930
14.893 -436.091 -74.117 -0.129 0.005 0.344 0.930
14.830 -436.020 -74.140 -0.129 0.005 0.345 0.930
14.793 -435.978 -74.153 -0.129 0.005 0.345 0.930
14.695 -435.867 -74.189 -0.129 0.005 0.346 0.929
14.609 -435.770 -74.221 -0.130 0.005 0.346 0.929
14.530 -435.681 -74.250 -0.129 0.006 0.347 0.929
