24.700 -458.378 -70.112 -0.001 0.000 0.002 1.000
24.699 -458.226 -70.112 -0.002 0.000 0.005 1.000
24.698 -458.142 -70.113 -0.002 0.000 0.006 1.000
24.696 -457.996 -70.114 -0.004 0.000 0.009 1.000
24.694 -457.913 -70.114 -0.004 0.000 0.010 1.000
24.692 -457.825 -70.115 -0.005 0.000 0.012 1.000
24.689 -457.725 -70.116 -0.006 0.000 0.013 1.000
24.688 -457.662 -70.117 -0.006 0.000 0.014 1.000
24.685 -457.565 -70.118 -0.007 0.000 0.016 1.000
24.681 -457.445 -70.120 -0.008 0.000 0.018 1.000
24.678 -457.385 -70.121 -0.008 0.000 0.019 1.000
24.673 -457.261 -70.123 -0.010 0.000 0.021 1.000
24.669 -457.153 -70.125 -0.011 0.000 0.023 1.000
24.665 -457.077 -70.127 -0.011 0.000 0.024 1.000
24.658 -456.935 -70.130 -0.012 0.000 0.027 1.000
24.653 -456.846 -70.132 -0.013 0.000 0.029 1.000
24.646 -456.735 -70.135 -0.013 0.000 0.031 0.999
24.641 -456.661 -70.137 -0.014 0.000 0.032 0.999
24.633 -456.534 -70.141 -0.015 0.000 0.035 0.999
24.626 -456.440 -70.144 -0.016 0.000 0.036 0.999
24.618 -456.338 -70.147 -0.017 0.000 0.038 0.999
24.609 -456.222 -70.151 -0.018 0.000 0.040 0.999
24.600 -456.109 -70.155 -0.018 0.000 0.042 0.999
24.590 -455.991 -70.160 -0.019 0.000 0.044 0.999
24.575 -455.830 -70.166 -0.020 0.000 0.047 0.999
24.568 -455.757 -70.169 -0.021 0.000 0.048 0.999
24.560 -455.677 -70.172 -0.021 0.000 0.050 0.999
24.546 -455.544 -70.178 -0.022 0.000 0.052 0.998
24.532 -455.411 -70.184 -0.023 0.000 0.055 0.998
24.521 -455.313 -70.189 -0.024 0.000 0.057 0.998
24.501 -455.142 -70.197 -0.025 0.000 0.060 0.998
24.489 -455.040 -70.202 -0.026 0.000 0.062 0.998
24.479 -454.962 -70.207 -0.027 0.000 0.063 0.998
24.466 -454.861 -70.212 -0.027 0.000 0.065 0.998
24.451 -454.748 -70.218 -0.028 0.000 0.067 0.997
24.434 -454.626 -70.225 -0.029 0.000 0.069 0.997
24.421 -454.534 -70.231 -0.030 0.000 0.071 0.997
24.409 -454.450 -70.236 -0.031 0.000 0.072 0.997
24.385 -454.287 -70.246 -0.032 0.000 0.075 0.997
24.373 -454.210 -70.251 -0.032 0.000 0.076 0.997
24.357 -454.109 -70.258 -0.033 0.000 0.078 0.996
24.340 -454.000 -70.266 -0.034 0.000 0.080 0.996
24.324 -453.903 -70.272 -0.035 0.000 0.082 0.996
24.303 -453.777 -70.281 -0.036 0.000 0.084 0.996
24.289 -453.696 -70.287 -0.037 0.000 0.086 0.996
24.270 -453.590 -70.295 -0.038 0.000 0.088 0.995
24.252 -453.486 -70.303 -0.038 0.000 0.090 0.995
24.222 -453.323 -70.316 -0.040 0.000 0.092 0.995
24.203 -453.223 -70.324 -0.040 0.000 0.093 0.995
24.184 -453.123 -70.333 -0.041 0.000 0.095 0.995
24.162 -453.013 -70.342 -0.042 0.000 0.097 0.994
24.136 -452.881 -70.354 -0.043 0.000 0.100 0.994
24.116 -452.786 -70.362 -0.044 0.000 0.102 0.994
24.097 -452.695 -70.370 -0.045 0.000 0.103 0.994
24.077 -452.600 -70.379 -0.045 0.000 0.105 0.993
24.047 -452.463 -70.391 -0.046 0.000 0.108 0.993
24.022 -452.350 -70.402 -0.047 0.000 0.110 0.993
23.998 -452.242 -70.413 -0.048 0.000 0.112 0.993
23.976 -452.145 -70.422 -0.048 0.000 0.113 0.992
23.950 -452.036 -70.433 -0.049 0.000 0.115 0.992
23.920 -451.911 -70.446 -0.050 0.000 0.117 0.992
23.900 -451.827 -70.454 -0.051 0.000 0.119 0.992
23.885 -451.766 -70.461 -0.052 0.000 0.120 0.991
23.863 -451.677 -70.470 -0.052 0.000 0.121 0.991
23.829 -451.543 -70.485 -0.053 0.000 0.124 0.991
23.815 -451.489 -70.491 -0.054 0.000 0.125 0.991
23.785 -451.371 -70.504 -0.055 0.000 0.127 0.990
23.756 -451.264 -70.516 -0.055 0.000 0.129 0.990
23.727 -451.153 -70.529 -0.057 0.000 0.131 0.990
23.708 -451.086 -70.537 -0.057 0.000 0.132 0.990
23.678 -450.976 -70.550 -0.057 0.000 0.135 0.989
23.649 -450.873 -70.562 -0.058 0.000 0.136 0.989
23.630 -450.805 -70.570 -0.059 0.000 0.137 0.989
23.604 -450.714 -70.581 -0.059 0.000 0.139 0.988
23.582 -450.637 -70.591 -0.060 0.000 0.141 0.988
23.542 -450.502 -70.608 -0.061 0.000 0.143 0.988
23.512 -450.402 -70.621 -0.062 0.000 0.145 0.988
23.482 -450.303 -70.634 -0.063 0.000 0.147 0.987
23.447 -450.189 -70.648 -0.063 0.000 0.149 0.987
23.420 -450.102 -70.660 -0.064 0.000 0.150 0.987
23.387 -449.997 -70.674 -0.065 0.000 0.152 0.986
23.367 -449.936 -70.682 -0.065 0.000 0.153 0.986
23.328 -449.813 -70.699 -0.066 0.000 0.155 0.986
23.301 -449.730 -70.711 -0.066 0.000 0.157 0.985
23.271 -449.639 -70.723 -0.067 0.000 0.158 0.985
23.219 -449.486 -70.745 -0.068 0.000 0.161 0.985
23.193 -449.410 -70.756 -0.069 0.000 0.162 0.984
23.170 -449.342 -70.766 -0.069 0.000 0.164 0.984
23.134 -449.237 -70.781 -0.070 0.000 0.165 0.984
23.091 -449.113 -70.799 -0.071 0.000 0.168 0.983
23.047 -448.992 -70.818 -0.071 0.000 0.170 0.983
23.011 -448.891 -70.833 -0.072 0.000 0.172 0.983
22.977 -448.798 -70.847 -0.073 0.000 0.173 0.982
22.940 -448.698 -70.863 -0.074 0.000 0.175 0.982
22.903 -448.597 -70.879 -0.075 0.000 0.177 0.981
22.859 -448.481 -70.897 -0.076 0.000 0.179 0.981
22.819 -448.375 -70.915 -0.077 0.000 0.181 0.980
22.775 -448.263 -70.933 -0.078 0.000 0.183 0.980
22.732 -448.155 -70.951 -0.079 0.000 0.185 0.980
22.704 -448.083 -70.964 -0.080 0.000 0.186 0.979
22.668 -447.994 -70.979 -0.080 0.000 0.188 0.979
22.637 -447.916 -70.992 -0.081 0.000 0.189 0.979
22.578 -447.773 -71.017 -0.082 0.000 0.192 0.978
22.532 -447.660 -71.037 -0.082 0.000 0.194 0.978
22.499 -447.583 -71.051 -0.083 0.000 0.195 0.977
22.438 -447.436 -71.077 -0.084 0.000 0.197 0.977
22.395 -447.337 -71.095 -0.085 0.000 0.199 0.976
22.364 -447.265 -71.108 -0.085 0.000 0.200 0.976
22.324 -447.173 -71.125 -0.085 0.000 0.202 0.976
22.297 -447.111 -71.137 -0.086 0.000 0.203 0.975
22.267 -447.043 -71.149 -0.086 0.000 0.204 0.975
22.223 -446.943 -71.168 -0.087 0.000 0.206 0.975
22.188 -446.864 -71.183 -0.088 0.000 0.207 0.974
22.162 -446.806 -71.194 -0.088 0.000 0.208 0.974
22.136 -446.749 -71.205 -0.089 0.000 0.209 0.974
22.084 -446.636 -71.227 -0.090 0.000 0.211 0.973
22.034 -446.526 -71.248 -0.091 0.000 0.213 0.973
21.982 -446.416 -71.270 -0.091 0.000 0.215 0.972
21.948 -446.344 -71.285 -0.092 0.000 0.216 0.972
21.884 -446.209 -71.312 -0.093 0.000 0.218 0.971
21.852 -446.141 -71.326 -0.094 0.000 0.220 0.971
21.800 -446.034 -71.348 -0.095 0.000 0.221 0.971
21.759 -445.951 -71.366 -0.095 0.000 0.223 0.970
21.723 -445.878 -71.381 -0.096 0.000 0.224 0.970
21.648 -445.726 -71.413 -0.097 0.000 0.227 0.969
21.602 -445.636 -71.433 -0.098 0.000 0.229 0.969
21.550 -445.533 -71.455 -0.099 0.000 0.230 0.968
21.501 -445.437 -71.476 -0.100 0.000 0.232 0.968
21.452 -445.342 -71.497 -0.100 0.000 0.233 0.967
21.409 -445.259 -71.516 -0.101 0.000 0.235 0.967
21.368 -445.181 -71.534 -0.101 0.000 0.236 0.966
21.334 -445.116 -71.548 -0.102 0.000 0.237 0.966
21.288 -445.030 -71.568 -0.103 0.000 0.239 0.966
21.263 -444.983 -71.579 -0.103 0.000 0.240 0.965
21.218 -444.899 -71.598 -0.104 0.000 0.242 0.965
21.151 -444.777 -71.627 -0.105 0.000 0.244 0.964
21.108 -444.699 -71.645 -0.105 0.000 0.245 0.964
21.069 -444.628 -71.662 -0.106 0.000 0.246 0.963
21.019 -444.538 -71.683 -0.106 0.000 0.248 0.963
20.963 -444.438 -71.707 -0.107 0.000 0.249 0.963
20.915 -444.352 -71.728 -0.107 0.000 0.250 0.962
20.849 -444.237 -71.756 -0.108 0.000 0.252 0.962
20.804 -444.157 -71.776 -0.108 0.000 0.253 0.961
20.763 -444.085 -71.793 -0.109 0.000 0.254 0.961
20.731 -444.031 -71.807 -0.109 0.000 0.254 0.961
20.680 -443.943 -71.828 -0.109 0.000 0.256 0.961
20.628 -443.853 -71.851 -0.109 0.000 0.257 0.960
20.565 -443.746 -71.877 -0.110 0.000 0.258 0.960
20.530 -443.686 -71.892 -0.110 0.000 0.259 0.960
20.480 -443.601 -71.914 -0.111 0.000 0.260 0.959
20.422 -443.505 -71.938 -0.111 0.000 0.261 0.959
20.376 -443.427 -71.958 -0.111 0.000 0.262 0.959
20.348 -443.382 -71.969 -0.112 0.000 0.263 0.958
20.303 -443.307 -71.989 -0.112 0.000 0.264 0.958
20.250 -443.219 -72.011 -0.112 0.000 0.265 0.958
20.205 -443.145 -72.030 -0.112 0.000 0.266 0.957
20.144 -443.046 -72.056 -0.113 0.000 0.267 0.957
20.081 -442.943 -72.083 -0.114 0.000 0.268 0.957
20.003 -442.818 -72.115 -0.114 0.000 0.270 0.956
19.948 -442.730 -72.138 -0.115 0.000 0.271 0.956
19.899 -442.652 -72.159 -0.115 0.000 0.272 0.955
19.850 -442.574 -72.180 -0.115 0.001 0.273 0.955
19.810 -442.511 -72.197 -0.115 0.001 0.274 0.955
19.764 -442.440 -72.216 -0.115 0.001 0.275 0.955
19.714 -442.361 -72.237 -0.116 0.001 0.276 0.954
19.669 -442.290 -72.256 -0.116 0.001 0.277 0.954
19.609 -442.198 -72.281 -0.116 0.001 0.278 0.954
19.552 -442.111 -72.305 -0.116 0.001 0.279 0.953
19.510 -442.046 -72.322 -0.116 0.001 0.280 0.953
19.475 -441.993 -72.337 -0.117 0.001 0.280 0.953
19.438 -441.937 -72.352 -0.117 0.001 0.281 0.953
19.375 -441.841 -72.378 -0.117 0.001 0.283 0.952
19.312 -441.746 -72.404 -0.117 0.001 0.284 0.952
19.237 -441.634 -72.435 -0.118 0.001 0.286 0.951
19.182 -441.553 -72.457 -0.118 0.001 0.287 0.951
19.124 -441.467 -72.481 -0.119 0.001 0.288 0.950
19.052 -441.361 -72.511 -0.120 0.001 0.289 0.950
19.020 -441.315 -72.524 -0.120 0.001 0.290 0.949
18.981 -441.258 -72.540 -0.120 0.001 0.291 0.949
18.929 -441.182 -72.562 -0.120 0.001 0.292 0.949
18.870 -441.097 -72.586 -0.121 0.001 0.293 0.948
18.795 -440.991 -72.617 -0.121 0.001 0.295 0.948
18.741 -440.913 -72.639 -0.122 0.001 0.296 0.947
18.692 -440.845 -72.659 -0.122 0.001 0.297 0.947
18.650 -440.786 -72.676 -0.122 0.001 0.298 0.947
18.589 -440.701 -72.701 -0.122 0.002 0.299 0.946
18.509 -440.588 -72.734 -0.123 0.001 0.301 0.946
18.414 -440.458 -72.772 -0.123 0.002 0.303 0.945
18.368 -440.395 -72.791 -0.123 0.002 0.304 0.945
18.315 -440.323 -72.812 -0.124 0.002 0.305 0.944
18.251 -440.236 -72.838 -0.124 0.002 0.306 0.944
18.174 -440.132 -72.869 -0.125 0.002 0.308 0.943
18.109 -440.046 -72.895 -0.126 0.002 0.309 0.943
18.052 -439.969 -72.919 -0.126 0.002 0.310 0.942
18.004 -439.906 -72.938 -0.126 0.002 0.311 0.942
17.939 -439.820 -72.964 -0.127 0.002 0.312 0.941
17.887 -439.752 -72.985 -0.127 0.002 0.314 0.941
17.840 -439.691 -73.004 -0.127 0.002 0.315 0.941
17.776 -439.609 -73.030 -0.128 0.002 0.316 0.940
17.694 -439.503 -73.063 -0.128 0.002 0.318 0.939
17.635 -439.427 -73.086 -0.128 0.002 0.319 0.939
17.581 -439.359 -73.108 -0.128 0.002 0.320 0.939
17.544 -439.312 -73.122 -0.128 0.002 0.320 0.939
17.495 -439.249 -73.142 -0.129 0.002 0.321 0.938
17.423 -439.159 -73.170 -0.129 0.002 0.321 0.938
17.363 -439.084 -73.194 -0.129 0.002 0.322 0.938
17.323 -439.033 -73.210 -0.129 0.002 0.323 0.938
17.275 -438.973 -73.229 -0.129 0.003 0.323 0.937
17.229 -438.916 -73.247 -0.129 0.003 0.324 0.937
17.186 -438.862 -73.264 -0.129 0.003 0.325 0.937
17.122 -438.783 -73.290 -0.129 0.003 0.326 0.937
17.051 -438.695 -73.318 -0.130 0.003 0.327 0.936
16.971 -438.598 -73.349 -0.130 0.003 0.328 0.936
16.924 -438.541 -73.367 -0.130 0.003 0.329 0.935
16.853 -438.454 -73.395 -0.130 0.003 0.330 0.935
16.751 -438.331 -73.435 -0.131 0.003 0.331 0.935
16.695 -438.264 -73.457 -0.131 0.003 0.331 0.934
16.615 -438.167 -73.488 -0.131 0.003 0.332 0.934
16.539 -438.077 -73.518 -0.132 0.003 0.333 0.934
16.485 -438.012 -73.539 -0.132 0.003 0.334 0.933
16.390 -437.900 -73.576 -0.132 0.003 0.335 0.933
16.315 -437.810 -73.605 -0.132 0.003 0.335 0.933
16.249 -437.733 -73.631 -0.132 0.003 0.336 0.932
16.170 -437.640 -73.662 -0.132 0.003 0.337 0.932
16.111 -437.571 -73.685 -0.132 0.003 0.338 0.932
16.066 -437.518 -73.702 -0.132 0.003 0.338 0.932
16.002 -437.444 -73.726 -0.132 0.003 0.339 0.931
15.927 -437.357 -73.755 -0.132 0.004 0.340 0.931
15.863 -437.282 -73.780 -0.132 0.004 0.341 0.931
15.810 -437.222 -73.800 -0.132 0.004 0.341 0.931
15.763 -437.167 -73.818 -0.132 0.004 0.342 0.930
15.707 -437.104 -73.839 -0.132 0.004 0.343 0.930
15.668 -437.058 -73.854 -0.132 0.004 0.343 0.930
15.617 -437.001 -73.873 -0.132 0.004 0.344 0.930
15.563 -436.939 -73.894 -0.132 0.004 0.344 0.930
15.508 -436.877 -73.915 -0.132 0.004 0.344 0.929
15.422 -436.780 -73.947 -0.132 0.005 0.345 0.929
15.370 -436.720 -73.967 -0.132 0.005 0.346 0.929
15.296 -436.637 -73.995 -0.132 0.005 0.346 0.929
15.227 -436.559 -74.021 -0.132 0.005 0.347 0.929
15.164 -436.489 -74.044 -0.132 0.005 0.348 0.928
15.101 -436.418 -74.068 -0.132 0.005 0.348 0.928
15.028 -436.337 -74.094 -0.132 0.005 0.349 0.928
14.971 -436.274 -74.116 -0.132 0.005 0.349 0.928
14.907 -436.202 -74.139 -0.132 0.005 0.350 0.927
14.849 -436.138 -74.161 -0.132 0.005 0.351 0.927
14.779 -436.061 -74.187 -0.132 0.005 0.351 0.927
14.706 -435.980 -74.214 -0.132 0.005 0.352 0.927
14.626 -435.893 -74.243 -0.132 0.005 0.352 0.926
14.557 -435.817 -74.268 -0.132 0.006 0.353 0.926
14.514 -435.771 -74.284 -0.132 0.006 0.354 0.926
