24.700 -458.369 -70.112 -0.001 0.000 0.002 1.000
24.699 -458.258 -70.112 -0.002 0.000 0.005 1.000
24.697 -458.131 -70.113 -0.003 0.000 0.007 1.000
24.695 -457.985 -70.114 -0.005 0.000 0.009 1.000
24.693 -457.884 -70.115 -0.005 0.000 0.011 1.000
24.689 -457.729 -70.117 -0.006 0.000 0.014 1.000
24.686 -457.626 -70.119 -0.008 0.000 0.016 1.000
24.681 -457.491 -70.121 -0.008 0.000 0.019 1.000
24.676 -457.367 -70.123 -0.009 0.000 0.021 1.000
24.671 -457.249 -70.125 -0.011 0.000 0.023 1.000
24.666 -457.133 -70.128 -0.011 0.000 0.024 1.000
24.659 -457.003 -70.131 -0.012 0.000 0.027 1.000
24.650 -456.840 -70.135 -0.013 0.000 0.030 0.999
24.643 -456.735 -70.138 -0.014 0.000 0.031 0.999
24.632 -456.571 -70.142 -0.015 0.000 0.035 0.999
24.622 -456.424 -70.147 -0.016 0.000 0.037 0.999
24.613 -456.304 -70.150 -0.016 0.000 0.039 0.999
24.602 -456.174 -70.155 -0.018 0.000 0.041 0.999
24.594 -456.083 -70.158 -0.019 0.000 0.043 0.999
24.585 -455.980 -70.162 -0.020 0.000 0.045 0.999
24.573 -455.851 -70.167 -0.020 0.000 0.047 0.999
24.560 -455.708 -70.173 -0.021 0.000 0.049 0.999
24.546 -455.577 -70.179 -0.022 0.000 0.052 0.998
24.538 -455.494 -70.183 -0.023 0.000 0.053 0.998
24.526 -455.385 -70.188 -0.024 0.000 0.055 0.998
24.514 -455.279 -70.193 -0.025 0.000 0.057 0.998
24.502 -455.178 -70.198 -0.025 0.000 0.059 0.998
24.488 -455.063 -70.204 -0.026 0.000 0.061 0.998
24.476 -454.969 -70.209 -0.026 0.000 0.062 0.998
24.469 -454.913 -70.212 -0.027 0.000 0.063 0.998
24.459 -454.837 -70.216 -0.027 0.000 0.065 0.998
24.450 -454.770 -70.219 -0.028 0.000 0.066 0.997
24.435 -454.657 -70.226 -0.029 0.000 0.068 0.997
24.420 -454.550 -70.232 -0.030 0.000 0.070 0.997
24.402 -454.422 -70.240 -0.031 0.000 0.072 0.997
24.380 -454.276 -70.249 -0.032 0.000 0.075 0.997
24.369 -454.202 -70.254 -0.032 0.000 0.076 0.997
24.354 -454.110 -70.260 -0.033 0.000 0.078 0.996
24.339 -454.010 -70.267 -0.034 0.000 0.080 0.996
24.324 -453.922 -70.273 -0.035 0.000 0.081 0.996
24.302 -453.787 -70.283 -0.035 0.000 0.083 0.996
24.281 -453.669 -70.291 -0.036 0.000 0.086 0.996
24.271 -453.607 -70.296 -0.037 0.000 0.087 0.996
24.241 -453.440 -70.308 -0.038 0.000 0.090 0.995
24.223 -453.342 -70.316 -0.038 0.000 0.092 0.995
24.204 -453.241 -70.324 -0.039 0.000 0.093 0.995
24.175 -453.092 -70.336 -0.041 0.000 0.096 0.995
24.152 -452.974 -70.346 -0.042 0.000 0.098 0.994
24.136 -452.896 -70.353 -0.043 0.000 0.100 0.994
24.120 -452.819 -70.359 -0.043 0.000 0.101 0.994
24.094 -452.694 -70.371 -0.044 0.000 0.103 0.994
24.072 -452.592 -70.380 -0.044 0.000 0.105 0.993
24.050 -452.489 -70.389 -0.045 0.000 0.107 0.993
24.034 -452.418 -70.396 -0.045 0.000 0.109 0.993
24.019 -452.352 -70.402 -0.046 0.000 0.110 0.993
23.992 -452.229 -70.413 -0.047 0.000 0.112 0.993
23.963 -452.108 -70.425 -0.048 0.000 0.114 0.992
23.937 -451.994 -70.436 -0.049 0.000 0.117 0.992
23.906 -451.868 -70.449 -0.049 0.000 0.119 0.992
23.873 -451.732 -70.463 -0.051 0.000 0.121 0.991
23.839 -451.598 -70.477 -0.052 0.000 0.124 0.991
23.812 -451.492 -70.488 -0.052 0.000 0.126 0.991
23.791 -451.412 -70.497 -0.053 0.000 0.127 0.990
23.774 -451.347 -70.504 -0.054 0.000 0.128 0.990
23.743 -451.231 -70.517 -0.054 0.000 0.130 0.990
23.709 -451.104 -70.531 -0.055 0.000 0.132 0.990
23.677 -450.988 -70.545 -0.056 0.000 0.134 0.989
23.649 -450.889 -70.556 -0.057 0.000 0.137 0.989
23.618 -450.779 -70.570 -0.058 0.000 0.139 0.989
23.579 -450.644 -70.586 -0.059 0.000 0.141 0.988
23.549 -450.544 -70.598 -0.059 0.000 0.142 0.988
23.524 -450.460 -70.608 -0.060 0.000 0.144 0.988
23.499 -450.374 -70.619 -0.060 0.000 0.145 0.988
23.474 -450.294 -70.629 -0.061 0.000 0.147 0.987
23.448 -450.208 -70.640 -0.062 0.000 0.148 0.987
23.428 -450.145 -70.648 -0.062 0.000 0.149 0.987
23.405 -450.069 -70.658 -0.063 0.000 0.151 0.987
23.383 -450.001 -70.667 -0.064 0.000 0.152 0.986
23.358 -449.924 -70.677 -0.064 0.000 0.154 0.986
23.324 -449.817 -70.692 -0.065 0.000 0.156 0.986
23.282 -449.689 -70.709 -0.066 0.000 0.158 0.985
23.242 -449.570 -70.726 -0.068 0.000 0.160 0.985
23.217 -449.495 -70.737 -0.068 0.000 0.162 0.984
23.184 -449.400 -70.750 -0.069 0.000 0.164 0.984
23.145 -449.287 -70.767 -0.070 0.000 0.166 0.984
23.116 -449.202 -70.780 -0.071 0.000 0.167 0.983
23.087 -449.122 -70.792 -0.072 0.000 0.169 0.983
23.059 -449.045 -70.804 -0.072 0.000 0.170 0.983
23.001 -448.885 -70.828 -0.073 0.000 0.173 0.982
22.970 -448.799 -70.841 -0.074 0.000 0.175 0.982
22.943 -448.726 -70.853 -0.074 0.000 0.176 0.982
22.909 -448.635 -70.867 -0.075 0.000 0.178 0.981
22.873 -448.542 -70.882 -0.076 0.000 0.180 0.981
22.819 -448.402 -70.905 -0.077 0.000 0.183 0.980
22.799 -448.350 -70.913 -0.077 0.000 0.184 0.980
22.751 -448.227 -70.934 -0.078 0.000 0.186 0.979
22.705 -448.113 -70.953 -0.079 0.000 0.188 0.979
22.674 -448.037 -70.966 -0.079 0.000 0.189 0.979
22.639 -447.950 -70.980 -0.080 0.000 0.191 0.978
22.612 -447.884 -70.992 -0.080 0.000 0.192 0.978
22.555 -447.746 -71.015 -0.081 0.000 0.194 0.978
22.515 -447.651 -71.032 -0.082 0.000 0.196 0.977
22.477 -447.562 -71.048 -0.083 0.000 0.197 0.977
22.437 -447.467 -71.065 -0.084 0.000 0.199 0.976
22.392 -447.364 -71.084 -0.084 0.000 0.200 0.976
22.347 -447.260 -71.103 -0.085 0.000 0.201 0.976
22.320 -447.198 -71.114 -0.086 0.000 0.202 0.976
22.289 -447.126 -71.127 -0.086 0.000 0.204 0.975
22.259 -447.059 -71.140 -0.086 0.000 0.205 0.975
22.222 -446.975 -71.156 -0.087 0.000 0.207 0.975
22.182 -446.886 -71.172 -0.088 0.000 0.208 0.974
22.145 -446.805 -71.188 -0.088 0.000 0.209 0.974
22.110 -446.729 -71.202 -0.089 0.000 0.211 0.974
22.078 -446.660 -71.216 -0.090 0.000 0.212 0.973
22.025 -446.545 -71.239 -0.090 0.000 0.214 0.973
21.983 -446.455 -71.256 -0.091 0.000 0.215 0.972
21.936 -446.355 -71.276 -0.092 0.000 0.217 0.972
21.891 -446.260 -71.295 -0.092 0.000 0.219 0.971
21.853 -446.182 -71.311 -0.093 0.000 0.220 0.971
21.820 -446.114 -71.325 -0.093 0.000 0.221 0.971
21.762 -445.996 -71.349 -0.094 0.000 0.224 0.970
21.711 -445.893 -71.371 -0.095 0.000 0.225 0.970
21.665 -445.799 -71.390 -0.095 0.000 0.227 0.969
21.604 -445.678 -71.416 -0.096 0.000 0.229 0.969
21.527 -445.527 -71.448 -0.097 0.000 0.232 0.968
21.482 -445.439 -71.467 -0.098 0.000 0.233 0.967
21.423 -445.327 -71.492 -0.099 0.000 0.235 0.967
21.367 -445.220 -71.515 -0.099 0.000 0.237 0.966
21.325 -445.141 -71.533 -0.100 0.000 0.239 0.966
21.278 -445.054 -71.552 -0.101 0.000 0.240 0.966
21.246 -444.993 -71.566 -0.101 0.000 0.241 0.965
21.207 -444.922 -71.582 -0.102 0.000 0.242 0.965
21.167 -444.848 -71.599 -0.102 0.000 0.244 0.964
21.128 -444.776 -71.615 -0.103 0.000 0.245 0.964
21.093 -444.714 -71.630 -0.103 0.000 0.246 0.964
21.043 -444.622 -71.651 -0.103 0.000 0.247 0.963
21.001 -444.548 -71.668 -0.103 0.000 0.248 0.963
20.933 -444.426 -71.697 -0.104 0.000 0.250 0.963
20.900 -444.368 -71.711 -0.104 0.000 0.251 0.962
20.849 -444.279 -71.731 -0.105 0.000 0.252 0.962
20.793 -444.181 -71.755 -0.105 0.000 0.254 0.962
20.723 -444.059 -71.784 -0.106 0.000 0.254 0.961
20.669 -443.965 -71.807 -0.107 0.000 0.255 0.961
20.619 -443.879 -71.827 -0.107 0.000 0.257 0.961
20.571 -443.798 -71.847 -0.107 0.000 0.258 0.960
20.521 -443.713 -71.868 -0.108 0.000 0.259 0.960
20.479 -443.640 -71.886 -0.108 0.000 0.260 0.960
20.442 -443.579 -71.901 -0.108 0.000 0.261 0.959
20.396 -443.502 -71.920 -0.109 0.000 0.261 0.959
20.302 -443.345 -71.959 -0.110 0.000 0.263 0.958
20.238 -443.240 -71.986 -0.110 0.000 0.265 0.958
20.177 -443.140 -72.011 -0.110 0.000 0.266 0.958
20.118 -443.044 -72.035 -0.110 0.001 0.267 0.957
20.071 -442.968 -72.055 -0.111 0.001 0.268 0.957
20.019 -442.884 -72.076 -0.111 0.001 0.269 0.957
19.971 -442.807 -72.096 -0.111 0.001 0.270 0.956
19.940 -442.756 -72.109 -0.111 0.001 0.271 0.956
19.876 -442.654 -72.135 -0.112 0.001 0.272 0.956
19.816 -442.560 -72.159 -0.112 0.001 0.274 0.955
19.733 -442.429 -72.193 -0.113 0.001 0.275 0.955
19.679 -442.345 -72.215 -0.113 0.001 0.276 0.955
19.649 -442.298 -72.228 -0.113 0.001 0.276 0.954
19.600 -442.222 -72.248 -0.113 0.001 0.278 0.954
19.545 -442.137 -72.270 -0.113 0.001 0.279 0.954
19.497 -442.064 -72.289 -0.114 0.001 0.280 0.953
19.456 -442.000 -72.306 -0.114 0.001 0.281 0.953
19.403 -441.920 -72.327 -0.114 0.001 0.282 0.953
19.345 -441.832 -72.351 -0.115 0.001 0.282 0.952
19.295 -441.757 -72.371 -0.115 0.001 0.283 0.952
19.233 -441.663 -72.396 -0.115 0.001 0.285 0.952
19.172 -441.572 -72.421 -0.115 0.001 0.286 0.951
19.098 -441.462 -72.450 -0.116 0.001 0.287 0.951
19.040 -441.377 -72.473 -0.115 0.002 0.289 0.950
18.993 -441.308 -72.492 -0.116 0.002 0.289 0.950
18.922 -441.204 -72.520 -0.116 0.002 0.291 0.950
18.853 -441.104 -72.548 -0.117 0.002 0.292 0.949
18.791 -441.015 -72.573 -0.117 0.002 0.294 0.949
18.734 -440.934 -72.595 -0.118 0.002 0.295 0.948
18.657 -440.824 -72.626 -0.118 0.002 0.297 0.948
18.571 -440.702 -72.660 -0.119 0.002 0.298 0.947
18.498 -440.600 -72.689 -0.119 0.002 0.299 0.947
18.434 -440.512 -72.714 -0.120 0.002 0.300 0.946
18.388 -440.447 -72.732 -0.120 0.002 0.302 0.946
18.335 -440.374 -72.753 -0.121 0.002 0.303 0.945
18.268 -440.282 -72.780 -0.121 0.002 0.304 0.945
18.198 -440.188 -72.807 -0.122 0.002 0.305 0.944
18.124 -440.087 -72.837 -0.123 0.002 0.307 0.944
18.058 -439.999 -72.863 -0.123 0.002 0.308 0.943
18.014 -439.941 -72.880 -0.123 0.002 0.309 0.943
17.964 -439.874 -72.900 -0.124 0.002 0.310 0.943
17.921 -439.817 -72.917 -0.124 0.002 0.311 0.942
17.853 -439.728 -72.944 -0.124 0.002 0.313 0.942
17.771 -439.620 -72.977 -0.125 0.002 0.314 0.941
17.689 -439.514 -73.009 -0.126 0.002 0.316 0.941
17.632 -439.440 -73.032 -0.125 0.002 0.316 0.940
17.576 -439.368 -73.053 -0.126 0.002 0.317 0.940
17.537 -439.318 -73.069 -0.126 0.002 0.318 0.940
17.486 -439.253 -73.089 -0.126 0.002 0.319 0.939
17.451 -439.207 -73.103 -0.126 0.002 0.319 0.939
17.390 -439.130 -73.127 -0.126 0.002 0.320 0.939
17.309 -439.028 -73.158 -0.126 0.002 0.321 0.939
17.256 -438.961 -73.179 -0.127 0.002 0.322 0.938
17.188 -438.877 -73.205 -0.127 0.002 0.323 0.938
17.123 -438.795 -73.231 -0.127 0.003 0.324 0.938
17.062 -438.718 -73.255 -0.127 0.003 0.325 0.937
16.971 -438.606 -73.290 -0.127 0.003 0.326 0.937
16.925 -438.550 -73.307 -0.127 0.003 0.327 0.937
16.869 -438.481 -73.329 -0.127 0.003 0.327 0.936
16.797 -438.392 -73.356 -0.127 0.003 0.328 0.936
16.740 -438.324 -73.378 -0.127 0.003 0.329 0.936
16.655 -438.220 -73.411 -0.127 0.003 0.330 0.935
16.585 -438.134 -73.438 -0.127 0.003 0.330 0.935
16.501 -438.033 -73.469 -0.127 0.003 0.331 0.935
16.441 -437.961 -73.492 -0.127 0.003 0.332 0.935
16.377 -437.884 -73.516 -0.127 0.004 0.332 0.935
16.307 -437.800 -73.543 -0.127 0.004 0.333 0.934
16.216 -437.692 -73.577 -0.127 0.004 0.334 0.934
16.140 -437.601 -73.605 -0.127 0.004 0.334 0.934
16.074 -437.522 -73.630 -0.127 0.004 0.335 0.934
16.017 -437.455 -73.651 -0.127 0.004 0.336 0.933
15.958 -437.384 -73.674 -0.127 0.004 0.336 0.933
15.878 -437.291 -73.703 -0.127 0.004 0.338 0.933
15.833 -437.238 -73.720 -0.127 0.004 0.338 0.933
15.776 -437.172 -73.741 -0.127 0.004 0.338 0.932
15.717 -437.103 -73.763 -0.127 0.004 0.339 0.932
15.648 -437.023 -73.788 -0.127 0.004 0.340 0.932
15.579 -436.942 -73.814 -0.128 0.004 0.340 0.932
15.531 -436.888 -73.832 -0.128 0.004 0.340 0.932
15.449 -436.792 -73.862 -0.128 0.004 0.341 0.931
15.355 -436.683 -73.897 -0.128 0.004 0.341 0.931
15.269 -436.584 -73.929 -0.128 0.004 0.341 0.931
15.198 -436.503 -73.955 -0.129 0.004 0.342 0.931
15.135 -436.430 -73.979 -0.128 0.004 0.342 0.931
15.085 -436.373 -73.997 -0.129 0.004 0.342 0.931
14.999 -436.274 -74.029 -0.129 0.004 0.343 0.930
14.939 -436.206 -74.051 -0.129 0.004 0.344 0.930
14.889 -436.149 -74.069 -0.129 0.004 0.344 0.930
14.786 -436.032 -74.107 -0.129 0.004 0.345 0.930
14.719 -435.955 -74.132 -0.129 0.005 0.346 0.929
14.658 -435.887 -74.155 -0.129 0.005 0.346 0.929
14.579 -435.798 -74.183 -0.129 0.005 0.347 0.929
