21.500 -475.894 -70.112 -0.001 0.000 0.002 1.000
21.500 -475.848 -70.112 -0.001 0.000 0.003 1.000
21.499 -475.744 -70.112 -0.002 0.000 0.004 1.000
21.498 -475.627 -70.113 -0.002 0.000 0.006 1.000
21.496 -475.529 -70.113 -0.003 0.000 0.008 1.000
21.495 -475.428 -70.114 -0.004 0.000 0.009 1.000
21.492 -475.310 -70.115 -0.005 0.000 0.011 1.000
21.490 -475.217 -70.116 -0.006 0.000 0.013 1.000
21.487 -475.103 -70.117 -0.006 0.000 0.015 1.000
21.484 -475.007 -70.119 -0.007 0.000 0.016 1.000
21.482 -474.948 -70.120 -0.007 0.000 0.017 1.000
21.478 -474.832 -70.121 -0.008 0.000 0.019 1.000
21.475 -474.764 -70.122 -0.009 0.000 0.020 1.000
21.471 -474.659 -70.124 -0.010 0.000 0.021 1.000
21.466 -474.550 -70.127 -0.010 0.000 0.023 1.000
21.460 -474.433 -70.129 -0.011 0.000 0.025 1.000
21.455 -474.325 -70.132 -0.012 0.000 0.026 1.000
21.448 -474.201 -70.135 -0.012 0.000 0.028 1.000
21.446 -474.160 -70.136 -0.013 0.000 0.029 0.999
21.438 -474.026 -70.139 -0.014 0.000 0.032 0.999
21.431 -473.915 -70.142 -0.015 0.000 0.033 0.999
21.422 -473.792 -70.146 -0.015 0.000 0.035 0.999
21.414 -473.675 -70.150 -0.016 0.000 0.037 0.999
21.405 -473.569 -70.153 -0.017 0.000 0.039 0.999
21.398 -473.477 -70.156 -0.017 0.000 0.041 0.999
21.391 -473.386 -70.160 -0.018 0.000 0.042 0.999
21.378 -473.243 -70.165 -0.019 0.000 0.044 0.999
21.368 -473.127 -70.169 -0.020 0.000 0.046 0.999
21.361 -473.052 -70.172 -0.020 0.000 0.048 0.999
21.351 -472.956 -70.176 -0.021 0.000 0.049 0.999
21.344 -472.879 -70.179 -0.021 0.000 0.050 0.999
21.336 -472.805 -70.183 -0.022 0.000 0.051 0.998
21.326 -472.705 -70.187 -0.022 0.000 0.053 0.998
21.312 -472.576 -70.193 -0.023 0.000 0.055 0.998
21.303 -472.496 -70.196 -0.023 0.000 0.056 0.998
21.293 -472.414 -70.200 -0.024 0.000 0.058 0.998
21.285 -472.343 -70.204 -0.024 0.000 0.059 0.998
21.270 -472.223 -70.210 -0.024 0.000 0.061 0.998
21.257 -472.115 -70.215 -0.025 0.000 0.062 0.998
21.247 -472.036 -70.219 -0.025 0.000 0.064 0.998
21.238 -471.967 -70.222 -0.025 0.000 0.065 0.998
21.228 -471.889 -70.226 -0.026 0.000 0.066 0.998
21.216 -471.798 -70.231 -0.026 0.000 0.067 0.997
21.199 -471.675 -70.238 -0.027 0.000 0.069 0.997
21.180 -471.540 -70.245 -0.027 0.000 0.071 0.997
21.169 -471.464 -70.250 -0.028 0.000 0.072 0.997
21.150 -471.334 -70.257 -0.029 0.000 0.074 0.997
21.131 -471.213 -70.264 -0.029 0.000 0.076 0.997
21.120 -471.139 -70.269 -0.030 0.000 0.078 0.997
21.107 -471.057 -70.274 -0.031 0.000 0.079 0.996
21.083 -470.912 -70.283 -0.032 0.000 0.082 0.996
21.062 -470.787 -70.291 -0.032 0.000 0.084 0.996
21.045 -470.689 -70.297 -0.033 0.000 0.085 0.996
21.033 -470.619 -70.302 -0.033 0.000 0.086 0.996
21.011 -470.493 -70.310 -0.034 0.000 0.088 0.996
20.996 -470.411 -70.316 -0.034 0.000 0.089 0.995
20.979 -470.316 -70.323 -0.035 0.000 0.091 0.995
20.957 -470.198 -70.331 -0.035 0.000 0.092 0.995
20.944 -470.131 -70.336 -0.036 0.000 0.094 0.995
20.922 -470.014 -70.344 -0.036 0.000 0.096 0.995
20.897 -469.888 -70.354 -0.037 0.000 0.097 0.995
20.881 -469.805 -70.360 -0.037 0.000 0.099 0.994
20.856 -469.684 -70.369 -0.038 0.000 0.101 0.994
20.830 -469.560 -70.379 -0.039 0.000 0.103 0.994
20.814 -469.481 -70.385 -0.039 0.000 0.104 0.994
20.796 -469.400 -70.392 -0.040 0.000 0.105 0.994
20.773 -469.293 -70.401 -0.041 0.000 0.107 0.993
20.759 -469.230 -70.406 -0.041 0.000 0.108 0.993
20.739 -469.138 -70.414 -0.042 0.000 0.109 0.993
20.713 -469.022 -70.424 -0.042 0.000 0.111 0.993
20.697 -468.953 -70.430 -0.043 0.000 0.112 0.993
20.678 -468.868 -70.437 -0.043 0.000 0.113 0.993
20.660 -468.792 -70.444 -0.044 0.000 0.114 0.992
20.633 -468.677 -70.454 -0.045 0.000 0.116 0.992
20.618 -468.616 -70.460 -0.045 0.000 0.117 0.992
20.580 -468.458 -70.474 -0.045 0.000 0.119 0.992
20.556 -468.361 -70.483 -0.046 0.000 0.120 0.992
20.537 -468.283 -70.491 -0.046 0.000 0.121 0.992
20.507 -468.165 -70.502 -0.047 0.000 0.123 0.991
20.479 -468.054 -70.513 -0.047 0.000 0.124 0.991
20.457 -467.967 -70.521 -0.048 0.000 0.126 0.991
20.424 -467.843 -70.533 -0.049 0.000 0.128 0.991
20.402 -467.759 -70.542 -0.049 0.000 0.129 0.990
20.377 -467.663 -70.552 -0.050 0.000 0.130 0.990
20.351 -467.568 -70.562 -0.051 0.000 0.131 0.990
20.326 -467.476 -70.571 -0.051 0.000 0.133 0.990
20.304 -467.394 -70.580 -0.052 0.000 0.134 0.990
20.277 -467.300 -70.590 -0.052 0.000 0.135 0.990
20.254 -467.217 -70.599 -0.052 0.000 0.136 0.989
20.236 -467.152 -70.606 -0.053 0.000 0.136 0.989
20.199 -467.022 -70.620 -0.053 0.000 0.138 0.989
20.172 -466.929 -70.630 -0.054 0.000 0.140 0.989
20.139 -466.815 -70.643 -0.054 0.000 0.141 0.989
20.109 -466.711 -70.655 -0.054 0.000 0.142 0.988
20.069 -466.577 -70.670 -0.055 0.000 0.144 0.988
20.048 -466.509 -70.678 -0.056 0.000 0.145 0.988
20.009 -466.380 -70.693 -0.056 0.000 0.146 0.988
19.977 -466.276 -70.705 -0.057 0.000 0.148 0.987
19.947 -466.177 -70.717 -0.057 0.000 0.149 0.987
19.904 -466.039 -70.733 -0.058 0.000 0.151 0.987
19.881 -465.968 -70.742 -0.058 0.000 0.152 0.987
19.859 -465.897 -70.750 -0.059 0.000 0.153 0.986
19.832 -465.812 -70.761 -0.059 0.000 0.154 0.986
19.801 -465.718 -70.773 -0.059 0.000 0.155 0.986
19.779 -465.649 -70.781 -0.059 0.000 0.156 0.986
19.746 -465.548 -70.794 -0.059 0.000 0.157 0.986
19.722 -465.475 -70.803 -0.060 0.000 0.158 0.986
19.679 -465.347 -70.819 -0.060 0.000 0.159 0.985
19.646 -465.249 -70.831 -0.061 0.000 0.160 0.985
19.613 -465.150 -70.844 -0.061 0.000 0.161 0.985
19.579 -465.051 -70.856 -0.061 0.000 0.162 0.985
19.541 -464.938 -70.871 -0.061 0.000 0.163 0.985
19.508 -464.841 -70.883 -0.062 0.000 0.163 0.985
19.465 -464.716 -70.900 -0.062 0.000 0.164 0.984
19.435 -464.628 -70.911 -0.062 0.000 0.165 0.984
19.410 -464.558 -70.920 -0.063 0.000 0.166 0.984
19.390 -464.500 -70.928 -0.063 0.000 0.167 0.984
19.352 -464.392 -70.942 -0.063 0.000 0.168 0.984
19.329 -464.329 -70.950 -0.063 0.000 0.169 0.984
19.303 -464.256 -70.960 -0.064 0.000 0.169 0.983
19.272 -464.169 -70.972 -0.064 0.000 0.170 0.983
19.226 -464.041 -70.989 -0.064 0.000 0.171 0.983
19.202 -463.975 -70.998 -0.064 0.000 0.172 0.983
19.172 -463.892 -71.009 -0.064 0.000 0.173 0.983
19.140 -463.804 -71.021 -0.064 0.000 0.173 0.983
19.095 -463.683 -71.037 -0.065 0.000 0.174 0.983
19.059 -463.584 -71.051 -0.065 0.001 0.175 0.982
19.025 -463.492 -71.063 -0.064 0.001 0.176 0.982
18.988 -463.395 -71.077 -0.065 0.001 0.176 0.982
18.966 -463.336 -71.085 -0.065 0.001 0.177 0.982
18.929 -463.237 -71.098 -0.065 0.001 0.177 0.982
18.895 -463.146 -71.111 -0.065 0.001 0.178 0.982
18.868 -463.074 -71.120 -0.065 0.001 0.179 0.982
18.828 -462.970 -71.135 -0.065 0.001 0.179 0.982
18.801 -462.897 -71.145 -0.065 0.001 0.180 0.982
18.761 -462.794 -71.159 -0.065 0.001 0.181 0.981
18.731 -462.716 -71.170 -0.065 0.001 0.181 0.981
18.691 -462.612 -71.184 -0.065 0.001 0.182 0.981
18.648 -462.501 -71.199 -0.066 0.001 0.182 0.981
18.623 -462.436 -71.208 -0.065 0.001 0.183 0.981
18.591 -462.353 -71.220 -0.065 0.001 0.183 0.981
18.558 -462.268 -71.232 -0.065 0.001 0.183 0.981
18.514 -462.156 -71.247 -0.065 0.001 0.184 0.981
18.467 -462.036 -71.264 -0.065 0.001 0.186 0.980
18.428 -461.937 -71.278 -0.065 0.001 0.186 0.980
18.392 -461.848 -71.290 -0.065 0.001 0.187 0.980
18.342 -461.721 -71.308 -0.066 0.001 0.187 0.980
18.289 -461.590 -71.326 -0.066 0.001 0.188 0.980
18.261 -461.518 -71.336 -0.066 0.001 0.189 0.980
18.227 -461.435 -71.347 -0.066 0.001 0.189 0.980
18.174 -461.302 -71.366 -0.066 0.001 0.190 0.980
18.115 -461.159 -71.386 -0.066 0.001 0.192 0.979
18.083 -461.081 -71.397 -0.066 0.001 0.193 0.979
18.045 -460.988 -71.410 -0.066 0.002 0.193 0.979
18.005 -460.893 -71.423 -0.066 0.002 0.194 0.979
17.966 -460.798 -71.436 -0.066 0.002 0.195 0.979
17.930 -460.712 -71.449 -0.066 0.002 0.195 0.979
17.900 -460.640 -71.459 -0.066 0.002 0.196 0.978
17.848 -460.516 -71.476 -0.065 0.002 0.197 0.978
17.804 -460.411 -71.491 -0.065 0.002 0.197 0.978
17.750 -460.284 -71.508 -0.066 0.002 0.198 0.978
17.697 -460.161 -71.526 -0.066 0.002 0.199 0.978
17.655 -460.061 -71.539 -0.065 0.002 0.200 0.978
17.626 -459.994 -71.549 -0.065 0.002 0.200 0.978
17.603 -459.941 -71.556 -0.065 0.002 0.201 0.977
17.562 -459.846 -71.570 -0.065 0.002 0.201 0.977
17.520 -459.749 -71.583 -0.065 0.002 0.202 0.977
17.486 -459.671 -71.594 -0.065 0.002 0.202 0.977
17.436 -459.556 -71.610 -0.066 0.002 0.203 0.977
17.390 -459.450 -71.624 -0.066 0.002 0.204 0.977
17.355 -459.370 -71.636 -0.065 0.002 0.204 0.977
17.302 -459.250 -71.652 -0.065 0.002 0.205 0.977
17.257 -459.148 -71.667 -0.066 0.002 0.206 0.976
17.207 -459.036 -71.682 -0.065 0.002 0.206 0.976
17.155 -458.918 -71.699 -0.065 0.003 0.207 0.976
17.102 -458.800 -71.715 -0.065 0.003 0.208 0.976
17.049 -458.683 -71.732 -0.065 0.003 0.209 0.976
17.011 -458.599 -71.743 -0.065 0.003 0.209 0.976
16.972 -458.513 -71.755 -0.065 0.003 0.210 0.976
16.936 -458.434 -71.766 -0.065 0.003 0.210 0.975
16.916 -458.390 -71.773 -0.065 0.003 0.210 0.975
16.864 -458.276 -71.788 -0.065 0.003 0.211 0.975
16.825 -458.191 -71.800 -0.065 0.003 0.212 0.975
16.790 -458.115 -71.811 -0.065 0.003 0.213 0.975
16.738 -458.002 -71.827 -0.065 0.003 0.213 0.975
16.718 -457.960 -71.832 -0.065 0.003 0.214 0.975
16.673 -457.862 -71.846 -0.064 0.003 0.214 0.975
16.651 -457.815 -71.852 -0.064 0.003 0.215 0.975
16.624 -457.757 -71.860 -0.064 0.003 0.215 0.974
16.579 -457.661 -71.874 -0.064 0.003 0.216 0.974
16.528 -457.552 -71.889 -0.064 0.003 0.217 0.974
16.497 -457.487 -71.898 -0.064 0.003 0.217 0.974
16.441 -457.369 -71.914 -0.064 0.004 0.218 0.974
16.386 -457.254 -71.930 -0.064 0.004 0.219 0.974
16.359 -457.197 -71.938 -0.064 0.004 0.219 0.974
16.315 -457.105 -71.951 -0.064 0.004 0.220 0.973
16.262 -456.994 -71.966 -0.064 0.004 0.221 0.973
16.228 -456.924 -71.975 -0.064 0.004 0.221 0.973
16.182 -456.828 -71.989 -0.065 0.004 0.222 0.973
16.136 -456.734 -72.002 -0.065 0.004 0.222 0.973
16.084 -456.626 -72.017 -0.064 0.004 0.223 0.973
16.047 -456.550 -72.027 -0.064 0.004 0.223 0.973
16.007 -456.467 -72.039 -0.064 0.004 0.223 0.973
15.953 -456.358 -72.054 -0.064 0.004 0.224 0.972
15.891 -456.232 -72.071 -0.064 0.004 0.225 0.972
15.851 -456.149 -72.082 -0.064 0.004 0.226 0.972
15.820 -456.087 -72.091 -0.063 0.004 0.226 0.972
15.772 -455.989 -72.104 -0.064 0.004 0.227 0.972
15.708 -455.861 -72.122 -0.064 0.004 0.228 0.972
15.676 -455.797 -72.130 -0.064 0.004 0.228 0.972
15.638 -455.722 -72.141 -0.063 0.004 0.228 0.971
15.589 -455.622 -72.154 -0.063 0.004 0.229 0.971
15.555 -455.554 -72.163 -0.063 0.004 0.229 0.971
15.499 -455.445 -72.178 -0.063 0.005 0.230 0.971
15.464 -455.376 -72.188 -0.063 0.005 0.230 0.971
15.417 -455.283 -72.200 -0.063 0.005 0.231 0.971
15.384 -455.217 -72.209 -0.063 0.005 0.231 0.971
15.333 -455.117 -72.223 -0.063 0.005 0.232 0.971
15.283 -455.017 -72.236 -0.063 0.005 0.233 0.971
15.241 -454.935 -72.248 -0.063 0.005 0.233 0.970
15.193 -454.842 -72.260 -0.063 0.005 0.233 0.970
15.141 -454.742 -72.274 -0.063 0.005 0.234 0.970
15.107 -454.676 -72.283 -0.063 0.005 0.234 0.970
15.081 -454.625 -72.290 -0.063 0.005 0.234 0.970
15.024 -454.514 -72.305 -0.063 0.005 0.235 0.970
14.968 -454.408 -72.320 -0.063 0.005 0.236 0.970
14.932 -454.339 -72.329 -0.063 0.005 0.236 0.970
14.877 -454.234 -72.344 -0.063 0.005 0.237 0.969
14.839 -454.160 -72.354 -0.063 0.005 0.237 0.969
14.787 -454.060 -72.367 -0.063 0.005 0.238 0.969
14.728 -453.949 -72.383 -0.063 0.005 0.239 0.969
14.694 -453.884 -72.391 -0.064 0.005 0.239 0.969
14.630 -453.764 -72.408 -0.063 0.005 0.240 0.969
14.579 -453.669 -72.421 -0.063 0.005 0.240 0.969
14.533 -453.581 -72.433 -0.063 0.005 0.241 0.968
14.495 -453.511 -72.443 -0.063 0.005 0.241 0.968
14.448 -453.423 -72.455 -0.063 0.005 0.242 0.968
14.406 -453.343 -72.466 -0.063 0.005 0.242 0.968
14.381 -453.298 -72.472 -0.063 0.005 0.242 0.968
14.342 -453.225 -72.482 -0.063 0.005 0.243 0.968
14.308 -453.162 -72.490 -0.063 0.005 0.243 0.968
