21.499 -475.816 -70.112 -0.001 0.000 0.003 1.000
21.499 -475.739 -70.112 -0.002 0.000 0.004 1.000
21.497 -475.601 -70.113 -0.003 0.000 0.007 1.000
21.496 -475.485 -70.114 -0.004 0.000 0.009 1.000
21.494 -475.400 -70.115 -0.005 0.000 0.010 1.000
21.491 -475.290 -70.116 -0.006 0.000 0.012 1.000
21.489 -475.204 -70.117 -0.007 0.000 0.013 1.000
21.487 -475.131 -70.118 -0.007 0.000 0.015 1.000
21.485 -475.048 -70.119 -0.008 0.000 0.016 1.000
21.482 -474.959 -70.121 -0.008 0.000 0.018 1.000
21.477 -474.848 -70.123 -0.009 0.000 0.020 1.000
21.473 -474.742 -70.125 -0.010 0.000 0.022 1.000
21.467 -474.611 -70.127 -0.011 0.000 0.024 1.000
21.462 -474.505 -70.130 -0.012 0.000 0.026 1.000
21.453 -474.355 -70.134 -0.013 0.000 0.028 1.000
21.445 -474.213 -70.137 -0.014 0.000 0.031 0.999
21.441 -474.143 -70.140 -0.015 0.000 0.031 0.999
21.433 -474.018 -70.143 -0.016 0.000 0.033 0.999
21.425 -473.902 -70.147 -0.016 0.000 0.035 0.999
21.416 -473.781 -70.151 -0.017 0.000 0.037 0.999
21.410 -473.705 -70.154 -0.017 0.000 0.038 0.999
21.400 -473.579 -70.158 -0.018 0.000 0.040 0.999
21.392 -473.483 -70.162 -0.019 0.000 0.041 0.999
21.384 -473.388 -70.165 -0.019 0.000 0.043 0.999
21.377 -473.300 -70.169 -0.020 0.000 0.044 0.999
21.370 -473.229 -70.172 -0.020 0.000 0.045 0.999
21.362 -473.136 -70.175 -0.021 0.000 0.047 0.999
21.347 -472.986 -70.182 -0.022 0.000 0.050 0.999
21.335 -472.863 -70.187 -0.023 0.000 0.052 0.998
21.320 -472.728 -70.194 -0.023 0.000 0.053 0.998
21.310 -472.630 -70.198 -0.024 0.000 0.055 0.998
21.301 -472.554 -70.202 -0.024 0.000 0.056 0.998
21.290 -472.460 -70.207 -0.025 0.000 0.058 0.998
21.271 -472.294 -70.215 -0.026 0.000 0.060 0.998
21.257 -472.181 -70.221 -0.026 0.000 0.062 0.998
21.240 -472.048 -70.228 -0.027 0.000 0.064 0.998
21.224 -471.924 -70.235 -0.028 0.000 0.066 0.997
21.208 -471.804 -70.242 -0.029 0.000 0.068 0.997
21.190 -471.674 -70.250 -0.030 0.000 0.070 0.997
21.176 -471.579 -70.255 -0.030 0.000 0.071 0.997
21.161 -471.474 -70.262 -0.031 0.000 0.073 0.997
21.147 -471.379 -70.268 -0.032 0.000 0.074 0.997
21.130 -471.267 -70.275 -0.033 0.000 0.076 0.997
21.117 -471.185 -70.281 -0.033 0.000 0.077 0.996
21.104 -471.104 -70.286 -0.034 0.000 0.078 0.996
21.087 -470.999 -70.293 -0.035 0.000 0.080 0.996
21.069 -470.889 -70.301 -0.035 0.000 0.082 0.996
21.052 -470.785 -70.309 -0.036 0.000 0.083 0.996
21.028 -470.643 -70.319 -0.036 0.000 0.086 0.996
21.014 -470.563 -70.325 -0.037 0.000 0.087 0.996
21.000 -470.486 -70.331 -0.038 0.000 0.088 0.995
20.969 -470.317 -70.344 -0.039 0.000 0.091 0.995
20.946 -470.191 -70.354 -0.040 0.000 0.093 0.995
20.923 -470.071 -70.364 -0.040 0.000 0.095 0.995
20.902 -469.966 -70.372 -0.041 0.000 0.096 0.994
20.886 -469.884 -70.379 -0.042 0.000 0.098 0.994
20.866 -469.784 -70.388 -0.043 0.000 0.099 0.994
20.842 -469.664 -70.398 -0.043 0.000 0.101 0.994
20.814 -469.532 -70.410 -0.045 0.000 0.103 0.994
20.786 -469.399 -70.422 -0.046 0.000 0.105 0.993
20.763 -469.294 -70.432 -0.046 0.000 0.106 0.993
20.741 -469.191 -70.442 -0.046 0.000 0.107 0.993
20.711 -469.057 -70.455 -0.047 0.000 0.109 0.993
20.688 -468.956 -70.465 -0.048 0.000 0.111 0.993
20.666 -468.857 -70.474 -0.049 0.000 0.113 0.992
20.642 -468.756 -70.484 -0.049 0.000 0.114 0.992
20.613 -468.631 -70.497 -0.050 0.000 0.116 0.992
20.598 -468.568 -70.503 -0.050 0.000 0.117 0.992
20.578 -468.485 -70.512 -0.051 0.000 0.118 0.992
20.546 -468.355 -70.526 -0.052 0.000 0.119 0.992
20.514 -468.227 -70.539 -0.053 0.000 0.121 0.991
20.485 -468.109 -70.552 -0.053 0.000 0.123 0.991
20.457 -468.001 -70.564 -0.054 0.000 0.125 0.991
20.441 -467.936 -70.571 -0.054 0.000 0.126 0.991
20.403 -467.791 -70.588 -0.055 0.000 0.128 0.990
20.367 -467.657 -70.603 -0.056 0.000 0.129 0.990
20.317 -467.472 -70.625 -0.057 0.000 0.132 0.990
20.285 -467.356 -70.638 -0.057 0.000 0.133 0.989
20.261 -467.267 -70.649 -0.058 0.000 0.134 0.989
20.240 -467.193 -70.658 -0.058 0.000 0.135 0.989
20.219 -467.118 -70.667 -0.058 0.000 0.136 0.989
20.185 -466.998 -70.682 -0.059 0.000 0.137 0.989
20.166 -466.932 -70.690 -0.059 0.000 0.138 0.989
20.133 -466.817 -70.704 -0.060 0.000 0.140 0.988
20.095 -466.685 -70.720 -0.060 0.000 0.142 0.988
20.067 -466.591 -70.732 -0.061 0.000 0.143 0.988
20.038 -466.495 -70.744 -0.061 0.000 0.145 0.988
19.991 -466.340 -70.764 -0.062 0.000 0.147 0.987
19.947 -466.196 -70.782 -0.062 0.000 0.149 0.987
19.902 -466.053 -70.801 -0.063 0.000 0.151 0.987
19.870 -465.950 -70.815 -0.063 0.000 0.152 0.986
19.851 -465.889 -70.823 -0.063 0.000 0.152 0.986
19.806 -465.750 -70.841 -0.064 0.000 0.154 0.986
19.769 -465.636 -70.856 -0.064 0.000 0.155 0.986
19.738 -465.541 -70.869 -0.065 0.000 0.156 0.986
19.708 -465.447 -70.882 -0.065 0.000 0.157 0.985
19.671 -465.337 -70.896 -0.065 0.001 0.158 0.985
19.629 -465.210 -70.914 -0.065 0.001 0.160 0.985
19.590 -465.093 -70.930 -0.065 0.001 0.161 0.985
19.566 -465.023 -70.939 -0.066 0.001 0.161 0.985
19.538 -464.940 -70.951 -0.066 0.001 0.162 0.985
19.516 -464.875 -70.959 -0.067 0.001 0.163 0.984
19.478 -464.765 -70.975 -0.067 0.001 0.164 0.984
19.437 -464.645 -70.992 -0.067 0.001 0.165 0.984
19.403 -464.549 -71.005 -0.067 0.001 0.166 0.984
19.373 -464.463 -71.018 -0.067 0.001 0.167 0.984
19.346 -464.386 -71.029 -0.067 0.001 0.168 0.984
19.307 -464.275 -71.044 -0.067 0.001 0.168 0.983
19.266 -464.162 -71.060 -0.068 0.001 0.170 0.983
19.225 -464.048 -71.077 -0.068 0.001 0.171 0.983
19.202 -463.984 -71.086 -0.068 0.001 0.172 0.983
19.169 -463.892 -71.099 -0.069 0.001 0.172 0.983
19.130 -463.785 -71.115 -0.068 0.001 0.173 0.983
19.088 -463.671 -71.131 -0.069 0.001 0.174 0.982
19.053 -463.576 -71.145 -0.069 0.001 0.175 0.982
19.008 -463.455 -71.162 -0.069 0.001 0.175 0.982
18.968 -463.346 -71.178 -0.069 0.001 0.176 0.982
18.935 -463.259 -71.191 -0.069 0.001 0.177 0.982
18.886 -463.128 -71.210 -0.069 0.001 0.178 0.982
18.843 -463.016 -71.226 -0.069 0.001 0.179 0.981
18.810 -462.929 -71.239 -0.069 0.001 0.180 0.981
18.763 -462.805 -71.257 -0.069 0.001 0.181 0.981
18.722 -462.699 -71.272 -0.069 0.001 0.181 0.981
18.696 -462.631 -71.282 -0.069 0.001 0.182 0.981
18.639 -462.485 -71.304 -0.069 0.001 0.183 0.981
18.607 -462.401 -71.316 -0.069 0.002 0.183 0.981
18.579 -462.330 -71.327 -0.069 0.001 0.184 0.981
18.544 -462.242 -71.340 -0.069 0.002 0.184 0.980
18.521 -462.182 -71.349 -0.070 0.002 0.185 0.980
18.484 -462.088 -71.362 -0.070 0.002 0.185 0.980
18.455 -462.017 -71.373 -0.070 0.002 0.186 0.980
18.417 -461.920 -71.387 -0.070 0.002 0.186 0.980
18.388 -461.848 -71.398 -0.070 0.002 0.187 0.980
18.357 -461.769 -71.410 -0.070 0.002 0.188 0.980
18.320 -461.677 -71.423 -0.070 0.002 0.189 0.980
18.298 -461.624 -71.431 -0.070 0.002 0.189 0.979
18.230 -461.454 -71.457 -0.069 0.002 0.190 0.979
18.200 -461.381 -71.467 -0.069 0.002 0.191 0.979
18.169 -461.304 -71.479 -0.070 0.002 0.191 0.979
18.134 -461.219 -71.491 -0.070 0.002 0.192 0.979
18.096 -461.127 -71.505 -0.070 0.002 0.193 0.979
18.063 -461.047 -71.517 -0.070 0.002 0.193 0.979
18.025 -460.956 -71.530 -0.070 0.002 0.194 0.978
17.994 -460.881 -71.541 -0.070 0.002 0.195 0.978
17.959 -460.796 -71.554 -0.070 0.002 0.195 0.978
17.914 -460.690 -71.570 -0.070 0.002 0.195 0.978
17.885 -460.620 -71.580 -0.070 0.002 0.196 0.978
17.854 -460.547 -71.591 -0.070 0.002 0.197 0.978
17.808 -460.439 -71.607 -0.070 0.002 0.197 0.978
17.774 -460.357 -71.620 -0.070 0.002 0.198 0.978
17.729 -460.254 -71.635 -0.070 0.002 0.199 0.978
17.688 -460.156 -71.650 -0.070 0.002 0.199 0.977
17.655 -460.080 -71.661 -0.070 0.002 0.200 0.977
17.615 -459.988 -71.675 -0.070 0.003 0.200 0.977
17.558 -459.855 -71.695 -0.070 0.003 0.201 0.977
17.524 -459.776 -71.707 -0.070 0.003 0.202 0.977
17.488 -459.694 -71.719 -0.070 0.003 0.202 0.977
17.459 -459.628 -71.729 -0.070 0.003 0.202 0.977
17.427 -459.554 -71.740 -0.070 0.003 0.203 0.977
17.384 -459.456 -71.754 -0.070 0.003 0.203 0.977
17.346 -459.369 -71.767 -0.070 0.003 0.204 0.977
17.306 -459.278 -71.781 -0.070 0.003 0.205 0.976
17.254 -459.161 -71.798 -0.070 0.003 0.206 0.976
17.224 -459.093 -71.808 -0.070 0.003 0.206 0.976
17.188 -459.012 -71.820 -0.070 0.003 0.207 0.976
17.137 -458.899 -71.837 -0.070 0.003 0.207 0.976
17.097 -458.809 -71.851 -0.070 0.003 0.208 0.976
17.063 -458.734 -71.862 -0.070 0.003 0.208 0.976
17.016 -458.628 -71.878 -0.070 0.003 0.209 0.975
16.971 -458.530 -71.892 -0.070 0.003 0.210 0.975
16.927 -458.434 -71.907 -0.070 0.003 0.210 0.975
16.898 -458.369 -71.917 -0.070 0.003 0.210 0.975
16.876 -458.322 -71.924 -0.070 0.003 0.210 0.975
16.821 -458.200 -71.942 -0.070 0.003 0.211 0.975
16.772 -458.095 -71.958 -0.070 0.003 0.211 0.975
16.747 -458.039 -71.966 -0.070 0.003 0.211 0.975
16.679 -457.891 -71.988 -0.069 0.004 0.212 0.975
16.619 -457.760 -72.007 -0.069 0.004 0.213 0.975
16.576 -457.667 -72.021 -0.069 0.004 0.213 0.975
16.536 -457.582 -72.034 -0.069 0.004 0.214 0.974
16.503 -457.510 -72.045 -0.069 0.004 0.214 0.974
16.440 -457.376 -72.065 -0.070 0.004 0.215 0.974
16.409 -457.310 -72.075 -0.070 0.004 0.215 0.974
16.362 -457.210 -72.090 -0.070 0.004 0.216 0.974
16.330 -457.142 -72.100 -0.070 0.004 0.217 0.974
16.272 -457.018 -72.118 -0.070 0.004 0.217 0.974
16.230 -456.931 -72.131 -0.069 0.004 0.218 0.973
16.197 -456.862 -72.142 -0.069 0.004 0.219 0.973
16.142 -456.747 -72.159 -0.069 0.004 0.220 0.973
16.114 -456.688 -72.167 -0.069 0.004 0.220 0.973
16.048 -456.550 -72.188 -0.069 0.004 0.220 0.973
16.005 -456.462 -72.201 -0.069 0.004 0.221 0.973
15.966 -456.380 -72.213 -0.069 0.004 0.222 0.973
15.936 -456.318 -72.222 -0.069 0.004 0.222 0.973
15.905 -456.255 -72.232 -0.069 0.004 0.223 0.972
15.849 -456.140 -72.249 -0.069 0.005 0.223 0.972
15.821 -456.082 -72.257 -0.069 0.005 0.224 0.972
15.789 -456.018 -72.266 -0.069 0.005 0.224 0.972
15.739 -455.915 -72.282 -0.068 0.005 0.225 0.972
15.684 -455.804 -72.298 -0.068 0.005 0.226 0.972
15.626 -455.688 -72.315 -0.068 0.005 0.226 0.972
15.572 -455.578 -72.331 -0.068 0.005 0.227 0.971
15.512 -455.460 -72.348 -0.068 0.005 0.228 0.971
15.476 -455.387 -72.359 -0.068 0.005 0.228 0.971
15.435 -455.305 -72.371 -0.068 0.005 0.229 0.971
15.384 -455.203 -72.386 -0.068 0.005 0.229 0.971
15.332 -455.100 -72.401 -0.068 0.005 0.230 0.971
15.283 -455.002 -72.415 -0.068 0.005 0.230 0.971
15.229 -454.896 -72.431 -0.068 0.005 0.231 0.971
15.176 -454.794 -72.446 -0.068 0.005 0.232 0.970
15.125 -454.693 -72.460 -0.067 0.005 0.232 0.970
15.078 -454.602 -72.474 -0.068 0.005 0.233 0.970
15.019 -454.487 -72.490 -0.067 0.006 0.234 0.970
14.964 -454.379 -72.506 -0.067 0.006 0.234 0.970
14.902 -454.261 -72.523 -0.067 0.006 0.235 0.970
14.845 -454.150 -72.539 -0.067 0.006 0.236 0.969
14.792 -454.049 -72.554 -0.067 0.006 0.237 0.969
14.735 -453.941 -72.570 -0.067 0.006 0.238 0.969
14.656 -453.789 -72.591 -0.067 0.006 0.239 0.969
14.610 -453.703 -72.604 -0.067 0.006 0.239 0.969
14.564 -453.616 -72.617 -0.067 0.006 0.240 0.968
14.506 -453.508 -72.632 -0.066 0.006 0.241 0.968
14.451 -453.405 -72.647 -0.066 0.006 0.241 0.968
14.402 -453.312 -72.660 -0.066 0.006 0.241 0.968
14.346 -453.209 -72.675 -0.066 0.006 0.242 0.968
14.302 -453.125 -72.687 -0.066 0.006 0.242 0.968
14.266 -453.060 -72.696 -0.066 0.006 0.243 0.968
