24.700 -458.376 -70.112 -0.001 0.000 0.002 1.000
24.699 -458.278 -70.112 -0.002 0.000 0.004 1.000
24.698 -458.165 -70.113 -0.002 0.000 0.006 1.000
24.697 -458.072 -70.113 -0.003 0.000 0.008 1.000
24.695 -457.957 -70.114 -0.004 0.000 0.010 1.000
24.692 -457.863 -70.115 -0.005 0.000 0.012 1.000
24.690 -457.773 -70.116 -0.006 0.000 0.014 1.000
24.687 -457.653 -70.117 -0.006 0.000 0.016 1.000
24.685 -457.594 -70.118 -0.007 0.000 0.017 1.000
24.682 -457.507 -70.119 -0.007 0.000 0.018 1.000
24.679 -457.427 -70.121 -0.008 0.000 0.020 1.000
24.674 -457.321 -70.122 -0.009 0.000 0.022 1.000
24.672 -457.265 -70.123 -0.010 0.000 0.023 1.000
24.667 -457.162 -70.125 -0.010 0.000 0.025 1.000
24.659 -457.013 -70.129 -0.011 0.000 0.027 1.000
24.653 -456.911 -70.131 -0.011 0.000 0.029 1.000
24.648 -456.820 -70.133 -0.013 0.000 0.031 0.999
24.643 -456.740 -70.135 -0.013 0.000 0.032 0.999
24.636 -456.638 -70.138 -0.014 0.000 0.034 0.999
24.627 -456.508 -70.142 -0.015 0.000 0.036 0.999
24.618 -456.396 -70.145 -0.016 0.000 0.038 0.999
24.610 -456.289 -70.149 -0.017 0.000 0.040 0.999
24.601 -456.177 -70.153 -0.018 0.000 0.042 0.999
24.593 -456.086 -70.156 -0.019 0.000 0.043 0.999
24.586 -456.002 -70.159 -0.020 0.000 0.044 0.999
24.580 -455.937 -70.162 -0.020 0.000 0.045 0.999
24.573 -455.869 -70.165 -0.021 0.000 0.047 0.999
24.566 -455.787 -70.168 -0.021 0.000 0.048 0.999
24.552 -455.653 -70.174 -0.022 0.000 0.051 0.998
24.540 -455.535 -70.179 -0.023 0.000 0.053 0.998
24.532 -455.459 -70.183 -0.023 0.000 0.054 0.998
24.524 -455.386 -70.186 -0.023 0.000 0.056 0.998
24.515 -455.307 -70.190 -0.024 0.000 0.057 0.998
24.502 -455.200 -70.195 -0.025 0.000 0.059 0.998
24.487 -455.070 -70.202 -0.026 0.000 0.061 0.998
24.479 -455.004 -70.205 -0.026 0.000 0.062 0.998
24.460 -454.860 -70.213 -0.028 0.000 0.064 0.998
24.451 -454.787 -70.218 -0.029 0.000 0.066 0.997
24.434 -454.661 -70.225 -0.030 0.000 0.068 0.997
24.418 -454.547 -70.232 -0.031 0.000 0.070 0.997
24.399 -454.420 -70.240 -0.031 0.000 0.073 0.997
24.385 -454.326 -70.246 -0.032 0.000 0.074 0.997
24.369 -454.219 -70.253 -0.033 0.000 0.076 0.997
24.349 -454.092 -70.261 -0.034 0.000 0.079 0.996
24.331 -453.978 -70.269 -0.035 0.000 0.081 0.996
24.306 -453.830 -70.280 -0.037 0.000 0.083 0.996
24.294 -453.757 -70.286 -0.037 0.000 0.085 0.996
24.283 -453.693 -70.290 -0.038 0.000 0.086 0.996
24.259 -453.558 -70.301 -0.039 0.000 0.088 0.995
24.236 -453.432 -70.311 -0.040 0.000 0.090 0.995
24.215 -453.316 -70.320 -0.040 0.000 0.092 0.995
24.188 -453.173 -70.332 -0.041 0.000 0.095 0.995
24.159 -453.024 -70.345 -0.043 0.000 0.097 0.994
24.133 -452.895 -70.356 -0.044 0.000 0.099 0.994
24.098 -452.726 -70.371 -0.045 0.000 0.102 0.994
24.075 -452.617 -70.381 -0.046 0.000 0.104 0.994
24.054 -452.516 -70.391 -0.046 0.000 0.106 0.993
24.038 -452.446 -70.398 -0.047 0.000 0.107 0.993
24.018 -452.355 -70.406 -0.047 0.000 0.109 0.993
24.000 -452.273 -70.414 -0.048 0.000 0.110 0.993
23.974 -452.158 -70.426 -0.049 0.000 0.113 0.992
23.947 -452.045 -70.437 -0.050 0.000 0.115 0.992
23.923 -451.940 -70.448 -0.051 0.000 0.117 0.992
23.901 -451.851 -70.457 -0.051 0.000 0.118 0.992
23.882 -451.773 -70.465 -0.052 0.000 0.119 0.992
23.855 -451.664 -70.477 -0.052 0.000 0.122 0.991
23.826 -451.549 -70.489 -0.053 0.000 0.124 0.991
23.805 -451.466 -70.499 -0.054 0.000 0.125 0.991
23.779 -451.366 -70.510 -0.055 0.000 0.127 0.990
23.764 -451.310 -70.516 -0.055 0.000 0.128 0.990
23.740 -451.218 -70.527 -0.056 0.000 0.130 0.990
23.708 -451.099 -70.541 -0.057 0.000 0.132 0.990
23.686 -451.018 -70.550 -0.058 0.000 0.133 0.989
23.644 -450.868 -70.568 -0.059 0.000 0.135 0.989
23.607 -450.739 -70.584 -0.059 0.000 0.138 0.989
23.582 -450.649 -70.595 -0.060 0.000 0.139 0.989
23.549 -450.536 -70.609 -0.061 0.000 0.141 0.988
23.517 -450.428 -70.623 -0.062 0.000 0.142 0.988
23.480 -450.302 -70.639 -0.063 0.000 0.144 0.987
23.455 -450.220 -70.650 -0.064 0.000 0.146 0.987
23.420 -450.106 -70.665 -0.064 0.000 0.148 0.987
23.397 -450.032 -70.675 -0.065 0.000 0.149 0.987
23.363 -449.923 -70.690 -0.066 0.000 0.151 0.986
23.332 -449.824 -70.704 -0.067 0.000 0.153 0.986
23.304 -449.736 -70.716 -0.067 0.000 0.154 0.986
23.285 -449.680 -70.724 -0.068 0.000 0.156 0.986
23.260 -449.601 -70.735 -0.068 0.000 0.157 0.985
23.238 -449.536 -70.745 -0.069 0.000 0.158 0.985
23.212 -449.457 -70.756 -0.070 0.000 0.160 0.985
23.175 -449.349 -70.772 -0.070 0.000 0.162 0.984
23.133 -449.225 -70.790 -0.071 0.000 0.164 0.984
23.100 -449.129 -70.805 -0.072 0.000 0.165 0.984
23.066 -449.032 -70.820 -0.073 0.000 0.167 0.983
23.042 -448.963 -70.830 -0.073 0.000 0.168 0.983
22.997 -448.838 -70.850 -0.075 0.000 0.169 0.983
22.975 -448.775 -70.860 -0.075 0.000 0.170 0.982
22.937 -448.671 -70.876 -0.076 0.000 0.172 0.982
22.899 -448.567 -70.893 -0.077 0.000 0.174 0.982
22.854 -448.446 -70.913 -0.078 0.000 0.176 0.981
22.804 -448.312 -70.935 -0.079 0.000 0.179 0.981
22.765 -448.212 -70.952 -0.079 0.000 0.181 0.980
22.723 -448.103 -70.971 -0.080 0.000 0.183 0.980
22.689 -448.017 -70.985 -0.080 0.000 0.184 0.980
22.636 -447.882 -71.009 -0.082 0.000 0.187 0.979
22.603 -447.801 -71.023 -0.082 0.000 0.188 0.979
22.567 -447.712 -71.039 -0.083 0.000 0.190 0.978
22.536 -447.634 -71.053 -0.084 0.000 0.191 0.978
22.482 -447.503 -71.076 -0.085 0.000 0.193 0.978
22.447 -447.418 -71.092 -0.085 0.000 0.194 0.977
22.418 -447.350 -71.104 -0.086 0.000 0.195 0.977
22.389 -447.282 -71.117 -0.086 0.000 0.197 0.977
22.360 -447.213 -71.130 -0.087 0.000 0.198 0.976
22.313 -447.102 -71.150 -0.087 0.000 0.200 0.976
22.265 -446.992 -71.172 -0.089 0.000 0.202 0.975
22.234 -446.921 -71.185 -0.089 0.000 0.203 0.975
22.203 -446.851 -71.199 -0.090 0.000 0.204 0.975
22.173 -446.783 -71.212 -0.090 0.000 0.206 0.974
22.117 -446.659 -71.237 -0.092 0.000 0.207 0.974
22.078 -446.572 -71.254 -0.092 0.000 0.209 0.974
22.062 -446.537 -71.261 -0.093 0.000 0.210 0.973
22.036 -446.480 -71.273 -0.093 0.000 0.211 0.973
21.977 -446.352 -71.299 -0.094 0.000 0.212 0.973
21.923 -446.236 -71.323 -0.095 0.000 0.215 0.972
21.854 -446.091 -71.353 -0.097 0.000 0.217 0.971
21.820 -446.020 -71.368 -0.097 0.000 0.218 0.971
21.788 -445.952 -71.383 -0.098 0.000 0.219 0.971
21.739 -445.851 -71.405 -0.098 0.000 0.221 0.970
21.713 -445.797 -71.417 -0.099 0.000 0.222 0.970
21.681 -445.731 -71.431 -0.099 0.000 0.223 0.970
21.636 -445.641 -71.451 -0.100 0.000 0.225 0.969
21.586 -445.540 -71.473 -0.100 0.000 0.226 0.969
21.550 -445.469 -71.489 -0.101 0.000 0.228 0.968
21.489 -445.349 -71.516 -0.102 0.000 0.230 0.968
21.465 -445.302 -71.526 -0.102 0.000 0.231 0.968
21.425 -445.223 -71.544 -0.103 0.000 0.232 0.967
21.388 -445.152 -71.561 -0.103 0.000 0.234 0.967
21.359 -445.096 -71.573 -0.104 0.000 0.235 0.967
21.311 -445.005 -71.595 -0.105 0.000 0.236 0.966
21.269 -444.925 -71.613 -0.105 0.000 0.238 0.966
21.222 -444.837 -71.634 -0.106 0.000 0.239 0.965
21.184 -444.767 -71.651 -0.107 0.000 0.241 0.965
21.105 -444.621 -71.686 -0.107 0.000 0.243 0.964
21.046 -444.515 -71.712 -0.108 0.000 0.245 0.963
20.984 -444.403 -71.739 -0.109 0.000 0.247 0.963
20.948 -444.337 -71.755 -0.110 0.000 0.248 0.963
20.888 -444.231 -71.782 -0.110 0.000 0.249 0.962
20.842 -444.149 -71.802 -0.111 0.000 0.250 0.962
20.796 -444.067 -71.823 -0.111 0.000 0.251 0.962
20.746 -443.981 -71.845 -0.112 0.000 0.252 0.961
20.681 -443.866 -71.874 -0.112 0.000 0.254 0.961
20.601 -443.728 -71.909 -0.113 0.000 0.255 0.960
20.543 -443.628 -71.935 -0.113 0.000 0.257 0.960
20.503 -443.560 -71.952 -0.113 0.000 0.258 0.960
20.469 -443.502 -71.967 -0.113 0.000 0.258 0.959
20.418 -443.416 -71.990 -0.114 0.000 0.259 0.959
20.361 -443.320 -72.015 -0.114 0.000 0.261 0.959
20.283 -443.190 -72.049 -0.115 0.000 0.262 0.958
20.249 -443.134 -72.064 -0.115 0.000 0.263 0.958
20.196 -443.045 -72.087 -0.116 0.000 0.264 0.958
20.152 -442.974 -72.106 -0.116 0.000 0.265 0.957
20.114 -442.912 -72.123 -0.116 0.000 0.266 0.957
20.063 -442.828 -72.145 -0.116 0.000 0.267 0.957
19.996 -442.720 -72.174 -0.117 0.000 0.268 0.956
19.933 -442.618 -72.202 -0.117 0.000 0.269 0.956
19.866 -442.511 -72.231 -0.118 0.000 0.271 0.955
19.819 -442.436 -72.251 -0.118 0.000 0.271 0.955
19.779 -442.372 -72.269 -0.118 0.000 0.272 0.955
19.741 -442.312 -72.285 -0.118 0.000 0.273 0.955
19.678 -442.212 -72.312 -0.118 0.000 0.274 0.954
19.641 -442.156 -72.328 -0.119 0.001 0.275 0.954
19.603 -442.095 -72.345 -0.119 0.000 0.276 0.954
19.553 -442.019 -72.366 -0.119 0.001 0.277 0.954
19.509 -441.950 -72.385 -0.120 0.001 0.278 0.953
19.436 -441.838 -72.416 -0.120 0.001 0.279 0.953
19.389 -441.766 -72.437 -0.121 0.001 0.280 0.952
19.307 -441.641 -72.472 -0.121 0.001 0.281 0.952
19.271 -441.587 -72.488 -0.122 0.000 0.282 0.952
19.213 -441.499 -72.513 -0.122 0.000 0.283 0.951
19.158 -441.417 -72.536 -0.123 0.000 0.284 0.951
19.118 -441.357 -72.554 -0.123 0.000 0.285 0.951
19.050 -441.257 -72.583 -0.123 0.001 0.287 0.950
19.003 -441.188 -72.603 -0.124 0.001 0.288 0.950
18.938 -441.092 -72.631 -0.124 0.001 0.289 0.949
18.862 -440.981 -72.664 -0.125 0.001 0.291 0.949
18.801 -440.893 -72.690 -0.125 0.001 0.292 0.948
18.765 -440.842 -72.705 -0.126 0.001 0.293 0.948
18.716 -440.770 -72.726 -0.126 0.001 0.294 0.948
18.660 -440.691 -72.750 -0.126 0.001 0.295 0.947
18.598 -440.604 -72.777 -0.127 0.001 0.296 0.947
18.555 -440.542 -72.795 -0.127 0.001 0.297 0.946
18.499 -440.464 -72.819 -0.128 0.001 0.298 0.946
18.464 -440.415 -72.834 -0.128 0.001 0.299 0.946
18.414 -440.345 -72.856 -0.129 0.001 0.300 0.945
18.346 -440.252 -72.885 -0.129 0.001 0.302 0.945
18.285 -440.168 -72.911 -0.130 0.001 0.303 0.944
18.198 -440.050 -72.948 -0.130 0.001 0.304 0.944
18.135 -439.964 -72.975 -0.130 0.001 0.306 0.943
18.081 -439.891 -72.998 -0.131 0.001 0.307 0.943
18.022 -439.812 -73.023 -0.131 0.001 0.308 0.942
17.921 -439.677 -73.066 -0.131 0.001 0.310 0.942
17.864 -439.602 -73.090 -0.131 0.001 0.311 0.941
17.815 -439.537 -73.110 -0.132 0.001 0.311 0.941
17.753 -439.457 -73.136 -0.132 0.001 0.312 0.941
17.692 -439.377 -73.162 -0.132 0.002 0.313 0.940
17.654 -439.328 -73.178 -0.132 0.002 0.314 0.940
17.576 -439.226 -73.211 -0.133 0.002 0.315 0.940
17.507 -439.138 -73.239 -0.133 0.002 0.316 0.939
17.444 -439.057 -73.266 -0.133 0.002 0.317 0.939
17.366 -438.957 -73.298 -0.133 0.002 0.318 0.939
17.305 -438.879 -73.324 -0.134 0.002 0.319 0.938
17.248 -438.807 -73.348 -0.134 0.002 0.320 0.938
17.175 -438.716 -73.378 -0.134 0.002 0.320 0.938
17.125 -438.652 -73.399 -0.135 0.002 0.321 0.937
17.053 -438.561 -73.429 -0.135 0.002 0.321 0.937
16.984 -438.474 -73.458 -0.135 0.002 0.322 0.937
16.931 -438.409 -73.480 -0.135 0.002 0.323 0.937
16.879 -438.344 -73.502 -0.136 0.002 0.323 0.937
16.821 -438.272 -73.526 -0.136 0.002 0.324 0.936
16.758 -438.192 -73.552 -0.136 0.002 0.324 0.936
16.690 -438.109 -73.580 -0.136 0.002 0.325 0.936
16.639 -438.046 -73.602 -0.136 0.002 0.326 0.936
16.573 -437.965 -73.629 -0.136 0.002 0.326 0.936
16.522 -437.903 -73.650 -0.136 0.002 0.327 0.935
16.454 -437.820 -73.678 -0.136 0.002 0.327 0.935
16.387 -437.738 -73.706 -0.136 0.002 0.328 0.935
16.322 -437.659 -73.732 -0.136 0.002 0.328 0.935
16.240 -437.558 -73.766 -0.136 0.002 0.329 0.934
16.205 -437.517 -73.781 -0.136 0.002 0.330 0.934
16.134 -437.431 -73.810 -0.136 0.002 0.330 0.934
16.072 -437.356 -73.835 -0.136 0.003 0.331 0.934
16.025 -437.300 -73.854 -0.137 0.003 0.331 0.934
15.965 -437.228 -73.879 -0.137 0.003 0.332 0.933
15.890 -437.138 -73.910 -0.137 0.003 0.333 0.933
15.834 -437.071 -73.932 -0.137 0.003 0.334 0.933
15.763 -436.988 -73.961 -0.137 0.003 0.334 0.933
15.683 -436.893 -73.994 -0.137 0.003 0.335 0.932
15.624 -436.824 -74.017 -0.137 0.003 0.336 0.932
15.572 -436.762 -74.038 -0.137 0.003 0.336 0.932
15.519 -436.700 -74.060 -0.137 0.003 0.337 0.932
15.428 -436.595 -74.096 -0.137 0.003 0.338 0.931
15.354 -436.508 -74.126 -0.137 0.003 0.339 0.931
15.314 -436.462 -74.142 -0.137 0.003 0.339 0.931
15.233 -436.369 -74.174 -0.137 0.003 0.340 0.930
15.178 -436.305 -74.196 -0.137 0.004 0.340 0.930
15.121 -436.239 -74.219 -0.138 0.004 0.341 0.930
15.039 -436.145 -74.252 -0.138 0.004 0.341 0.930
14.982 -436.080 -74.274 -0.138 0.004 0.342 0.930
14.928 -436.018 -74.296 -0.137 0.004 0.343 0.929
14.885 -435.969 -74.313 -0.138 0.004 0.343 0.929
14.826 -435.902 -74.336 -0.138 0.004 0.344 0.929
14.772 -435.841 -74.358 -0.138 0.004 0.345 0.929
14.717 -435.779 -74.379 -0.138 0.004 0.345 0.928
14.649 -435.702 -74.406 -0.138 0.004 0.346 0.928
14.596 -435.643 -74.427 -0.138 0.004 0.346 0.928
14.524 -435.562 -74.455 -0.138 0.004 0.347 0.928
14.473 -435.504 -74.475 -0.138 0.004 0.347 0.928
