26.389 -423.584 -82.406 -0.025 0.000 0.050 0.998
26.378 -423.481 -82.411 -0.026 0.000 0.052 0.998
26.367 -423.381 -82.417 -0.027 0.000 0.054 0.998
26.357 -423.287 -82.422 -0.028 0.000 0.055 0.998
26.344 -423.171 -82.428 -0.029 0.000 0.057 0.998
26.331 -423.061 -82.435 -0.030 0.000 0.059 0.998
26.318 -422.950 -82.442 -0.031 0.000 0.061 0.998
26.307 -422.865 -82.447 -0.031 0.000 0.062 0.998
26.300 -422.807 -82.451 -0.032 0.000 0.063 0.998
26.285 -422.688 -82.458 -0.033 0.000 0.065 0.997
26.271 -422.587 -82.465 -0.033 0.000 0.066 0.997
26.257 -422.484 -82.472 -0.034 0.000 0.068 0.997
26.236 -422.329 -82.483 -0.035 0.000 0.070 0.997
26.224 -422.249 -82.488 -0.035 0.000 0.071 0.997
26.211 -422.158 -82.495 -0.036 0.000 0.073 0.997
26.197 -422.067 -82.502 -0.036 0.000 0.075 0.997
26.182 -421.967 -82.509 -0.037 0.000 0.076 0.996
26.168 -421.879 -82.516 -0.038 0.000 0.078 0.996
26.153 -421.781 -82.523 -0.038 0.000 0.079 0.996
26.140 -421.702 -82.529 -0.039 0.000 0.081 0.996
26.121 -421.588 -82.538 -0.039 0.000 0.082 0.996
26.105 -421.492 -82.546 -0.040 0.000 0.084 0.996
26.085 -421.377 -82.556 -0.041 0.000 0.086 0.995
26.065 -421.265 -82.565 -0.041 0.000 0.088 0.995
26.037 -421.107 -82.578 -0.043 0.000 0.090 0.995
26.008 -420.950 -82.592 -0.044 0.000 0.093 0.995
25.994 -420.880 -82.598 -0.045 0.000 0.094 0.995
25.972 -420.768 -82.609 -0.046 0.000 0.096 0.994
25.953 -420.669 -82.618 -0.046 0.000 0.098 0.994
25.931 -420.558 -82.628 -0.046 0.000 0.100 0.994
25.905 -420.435 -82.640 -0.047 0.000 0.102 0.994
25.887 -420.349 -82.649 -0.048 0.000 0.103 0.993
25.870 -420.268 -82.657 -0.048 0.000 0.105 0.993
25.860 -420.222 -82.661 -0.048 0.000 0.106 0.993
25.840 -420.131 -82.670 -0.049 0.000 0.107 0.993
25.820 -420.040 -82.679 -0.050 0.000 0.109 0.993
25.799 -419.944 -82.689 -0.051 0.000 0.110 0.993
25.774 -419.835 -82.701 -0.052 0.000 0.112 0.992
25.747 -419.718 -82.713 -0.053 0.000 0.114 0.992
25.726 -419.630 -82.723 -0.053 0.000 0.116 0.992
25.699 -419.517 -82.735 -0.054 0.000 0.117 0.992
25.680 -419.439 -82.744 -0.055 0.000 0.119 0.991
25.660 -419.358 -82.753 -0.056 0.000 0.120 0.991
25.635 -419.257 -82.765 -0.056 0.000 0.122 0.991
25.615 -419.178 -82.774 -0.057 0.000 0.123 0.991
25.590 -419.080 -82.785 -0.058 0.000 0.125 0.990
25.567 -418.990 -82.796 -0.058 0.000 0.126 0.990
25.535 -418.867 -82.811 -0.059 0.000 0.129 0.990
25.518 -418.803 -82.819 -0.060 0.000 0.130 0.990
25.490 -418.702 -82.832 -0.061 0.000 0.132 0.989
25.469 -418.623 -82.842 -0.061 0.000 0.133 0.989
25.439 -418.516 -82.855 -0.063 0.000 0.135 0.989
25.405 -418.397 -82.871 -0.064 0.000 0.138 0.988
25.362 -418.249 -82.891 -0.066 0.000 0.140 0.988
25.333 -418.148 -82.905 -0.066 0.000 0.142 0.988
25.309 -418.068 -82.916 -0.067 0.000 0.144 0.987
25.285 -417.990 -82.927 -0.068 0.000 0.145 0.987
25.257 -417.897 -82.940 -0.068 0.000 0.147 0.987
25.231 -417.810 -82.952 -0.069 0.000 0.148 0.987
25.197 -417.701 -82.968 -0.070 0.000 0.150 0.986
25.164 -417.599 -82.983 -0.070 0.000 0.151 0.986
25.131 -417.495 -82.998 -0.071 0.000 0.153 0.986
25.107 -417.420 -83.009 -0.071 0.000 0.155 0.985
25.067 -417.296 -83.028 -0.072 0.000 0.157 0.985
25.035 -417.200 -83.043 -0.073 0.000 0.158 0.985
25.014 -417.137 -83.052 -0.073 0.000 0.159 0.985
24.983 -417.044 -83.067 -0.074 0.000 0.161 0.984
24.939 -416.916 -83.086 -0.075 0.000 0.163 0.984
24.912 -416.836 -83.099 -0.075 0.000 0.164 0.984
24.881 -416.747 -83.113 -0.076 0.000 0.166 0.983
24.843 -416.639 -83.131 -0.077 0.000 0.168 0.983
24.821 -416.579 -83.140 -0.077 0.000 0.169 0.983
24.791 -416.493 -83.154 -0.078 0.000 0.170 0.982
24.757 -416.401 -83.170 -0.078 0.000 0.172 0.982
24.723 -416.307 -83.185 -0.079 0.000 0.174 0.982
24.687 -416.211 -83.201 -0.080 0.001 0.176 0.981
24.661 -416.142 -83.213 -0.080 0.001 0.177 0.981
24.626 -416.047 -83.229 -0.081 0.001 0.179 0.981
24.574 -415.912 -83.253 -0.082 0.000 0.181 0.980
24.541 -415.827 -83.267 -0.083 0.001 0.182 0.980
24.508 -415.742 -83.282 -0.083 0.001 0.183 0.980
24.476 -415.659 -83.297 -0.084 0.001 0.185 0.979
24.432 -415.548 -83.317 -0.085 0.001 0.187 0.979
24.381 -415.424 -83.340 -0.086 0.001 0.189 0.978
24.333 -415.304 -83.362 -0.087 0.000 0.191 0.978
24.289 -415.200 -83.381 -0.088 0.001 0.193 0.977
24.252 -415.110 -83.398 -0.088 0.000 0.195 0.977
24.218 -415.029 -83.414 -0.089 0.001 0.196 0.977
24.167 -414.909 -83.437 -0.090 0.001 0.199 0.976
24.130 -414.824 -83.453 -0.090 0.001 0.200 0.976
24.098 -414.750 -83.468 -0.091 0.001 0.202 0.975
24.057 -414.656 -83.486 -0.092 0.001 0.203 0.975
24.016 -414.565 -83.504 -0.093 0.001 0.205 0.974
23.986 -414.497 -83.518 -0.093 0.001 0.207 0.974
23.953 -414.423 -83.533 -0.094 0.001 0.208 0.974
23.917 -414.344 -83.550 -0.095 0.000 0.209 0.973
23.873 -414.248 -83.569 -0.096 0.000 0.211 0.973
23.850 -414.199 -83.580 -0.096 0.000 0.212 0.973
23.801 -414.094 -83.602 -0.097 0.001 0.214 0.972
23.765 -414.017 -83.618 -0.098 0.001 0.216 0.972
23.728 -413.939 -83.635 -0.098 0.001 0.217 0.971
23.686 -413.851 -83.654 -0.099 0.001 0.219 0.971
23.628 -413.732 -83.680 -0.100 0.001 0.221 0.970
23.574 -413.622 -83.705 -0.101 0.001 0.224 0.969
23.499 -413.471 -83.738 -0.103 0.001 0.227 0.968
23.456 -413.385 -83.758 -0.103 0.001 0.229 0.968
23.415 -413.305 -83.776 -0.104 0.001 0.230 0.968
23.382 -413.240 -83.791 -0.104 0.001 0.232 0.967
23.338 -413.156 -83.811 -0.105 0.001 0.233 0.967
23.288 -413.059 -83.834 -0.106 0.001 0.235 0.966
23.250 -412.987 -83.851 -0.107 0.001 0.236 0.966
23.209 -412.910 -83.869 -0.107 0.001 0.238 0.965
23.154 -412.806 -83.894 -0.108 0.001 0.240 0.965
23.105 -412.717 -83.916 -0.109 0.001 0.242 0.964
23.037 -412.592 -83.946 -0.109 0.001 0.244 0.963
22.986 -412.499 -83.969 -0.110 0.001 0.246 0.963
22.918 -412.377 -83.999 -0.111 0.001 0.249 0.962
22.891 -412.330 -84.011 -0.111 0.001 0.250 0.962
22.828 -412.219 -84.039 -0.112 0.001 0.252 0.961
22.764 -412.108 -84.068 -0.114 0.001 0.254 0.961
22.710 -412.014 -84.092 -0.114 0.001 0.256 0.960
22.665 -411.938 -84.112 -0.114 0.001 0.257 0.960
22.639 -411.893 -84.123 -0.115 0.001 0.258 0.959
22.596 -411.820 -84.142 -0.115 0.001 0.260 0.959
22.529 -411.710 -84.172 -0.116 0.001 0.262 0.958
22.482 -411.632 -84.193 -0.117 0.001 0.264 0.957
22.421 -411.531 -84.220 -0.118 0.001 0.266 0.957
22.346 -411.408 -84.253 -0.119 0.001 0.268 0.956
22.296 -411.328 -84.275 -0.119 0.001 0.270 0.956
22.243 -411.244 -84.298 -0.120 0.001 0.272 0.955
22.195 -411.169 -84.319 -0.121 0.001 0.273 0.954
22.146 -411.091 -84.341 -0.121 0.001 0.275 0.954
22.093 -411.009 -84.364 -0.122 0.001 0.277 0.953
22.035 -410.920 -84.390 -0.123 0.001 0.279 0.953
21.965 -410.814 -84.420 -0.124 0.001 0.281 0.952
21.903 -410.719 -84.448 -0.124 0.001 0.283 0.951
21.874 -410.677 -84.460 -0.125 0.001 0.284 0.951
21.816 -410.590 -84.486 -0.126 0.001 0.285 0.950
21.781 -410.538 -84.501 -0.126 0.001 0.286 0.950
21.750 -410.493 -84.514 -0.127 0.001 0.287 0.949
21.699 -410.417 -84.537 -0.127 0.001 0.289 0.949
21.658 -410.358 -84.555 -0.128 0.001 0.290 0.948
21.581 -410.247 -84.589 -0.129 0.001 0.293 0.948
21.526 -410.169 -84.613 -0.129 0.001 0.294 0.947
21.487 -410.114 -84.630 -0.130 0.001 0.296 0.946
21.437 -410.043 -84.652 -0.130 0.001 0.297 0.946
21.367 -409.946 -84.682 -0.131 0.001 0.299 0.945
21.319 -409.879 -84.704 -0.132 0.001 0.301 0.945
21.258 -409.795 -84.730 -0.133 0.002 0.302 0.944
21.192 -409.705 -84.759 -0.133 0.002 0.304 0.943
21.140 -409.634 -84.782 -0.134 0.002 0.306 0.943
21.086 -409.563 -84.805 -0.134 0.002 0.308 0.942
21.036 -409.496 -84.827 -0.135 0.002 0.309 0.941
20.963 -409.400 -84.858 -0.136 0.002 0.311 0.941
20.918 -409.340 -84.878 -0.136 0.002 0.312 0.940
20.848 -409.250 -84.908 -0.137 0.002 0.315 0.939
20.736 -409.105 -84.957 -0.139 0.002 0.317 0.938
20.671 -409.023 -84.986 -0.140 0.002 0.319 0.937
20.607 -408.943 -85.013 -0.140 0.002 0.321 0.937
20.537 -408.856 -85.044 -0.141 0.002 0.323 0.936
20.463 -408.765 -85.076 -0.142 0.002 0.325 0.935
20.392 -408.678 -85.106 -0.143 0.002 0.327 0.934
20.339 -408.614 -85.129 -0.143 0.002 0.329 0.933
20.318 -408.588 -85.139 -0.143 0.002 0.330 0.933
20.253 -408.510 -85.167 -0.144 0.002 0.331 0.932
20.196 -408.442 -85.192 -0.145 0.002 0.333 0.932
20.134 -408.370 -85.218 -0.146 0.002 0.335 0.931
20.065 -408.290 -85.248 -0.147 0.002 0.337 0.930
19.988 -408.200 -85.282 -0.148 0.002 0.339 0.929
19.915 -408.117 -85.313 -0.148 0.002 0.341 0.928
19.862 -408.056 -85.336 -0.149 0.002 0.343 0.927
19.817 -408.006 -85.355 -0.150 0.002 0.344 0.927
19.721 -407.899 -85.397 -0.151 0.002 0.346 0.926
19.642 -407.810 -85.432 -0.152 0.002 0.349 0.925
19.579 -407.741 -85.459 -0.152 0.002 0.350 0.924
19.521 -407.678 -85.484 -0.153 0.002 0.352 0.923
19.446 -407.597 -85.516 -0.154 0.002 0.354 0.922
19.385 -407.532 -85.543 -0.155 0.002 0.356 0.922
19.322 -407.465 -85.570 -0.155 0.002 0.357 0.921
19.259 -407.398 -85.598 -0.156 0.002 0.359 0.920
19.201 -407.338 -85.623 -0.157 0.002 0.360 0.920
19.133 -407.267 -85.652 -0.158 0.002 0.362 0.919
19.059 -407.192 -85.684 -0.158 0.002 0.364 0.918
19.003 -407.134 -85.708 -0.159 0.002 0.366 0.917
18.895 -407.025 -85.755 -0.160 0.002 0.368 0.916
18.842 -406.972 -85.778 -0.161 0.002 0.370 0.915
18.774 -406.905 -85.808 -0.162 0.002 0.371 0.914
18.677 -406.810 -85.849 -0.163 0.002 0.374 0.913
18.594 -406.729 -85.885 -0.164 0.002 0.376 0.912
18.528 -406.666 -85.914 -0.164 0.002 0.378 0.911
18.448 -406.589 -85.949 -0.166 0.002 0.379 0.910
18.365 -406.511 -85.984 -0.166 0.002 0.381 0.909
18.285 -406.436 -86.019 -0.167 0.002 0.383 0.908
18.200 -406.357 -86.056 -0.168 0.002 0.385 0.907
18.108 -406.273 -86.096 -0.169 0.002 0.388 0.906
18.048 -406.217 -86.122 -0.170 0.002 0.389 0.905
18.000 -406.175 -86.143 -0.170 0.002 0.391 0.905
17.918 -406.101 -86.178 -0.171 0.002 0.393 0.904
17.859 -406.048 -86.204 -0.171 0.002 0.394 0.903
17.785 -405.983 -86.236 -0.172 0.002 0.396 0.902
17.694 -405.904 -86.275 -0.173 0.002 0.398 0.901
17.609 -405.831 -86.312 -0.174 0.002 0.400 0.900
17.537 -405.770 -86.343 -0.175 0.002 0.402 0.899
17.445 -405.691 -86.383 -0.175 0.002 0.403 0.898
17.379 -405.636 -86.411 -0.176 0.002 0.405 0.897
17.310 -405.578 -86.441 -0.177 0.002 0.406 0.897
17.214 -405.499 -86.483 -0.178 0.002 0.408 0.895
17.124 -405.425 -86.522 -0.179 0.002 0.410 0.894
17.038 -405.355 -86.559 -0.180 0.002 0.412 0.893
16.959 -405.291 -86.594 -0.180 0.002 0.414 0.892
16.881 -405.229 -86.627 -0.181 0.002 0.416 0.891
16.802 -405.167 -86.661 -0.182 0.002 0.417 0.890
16.726 -405.107 -86.694 -0.182 0.002 0.419 0.890
16.668 -405.062 -86.719 -0.182 0.002 0.420 0.889
16.611 -405.018 -86.744 -0.183 0.002 0.422 0.888
16.554 -404.974 -86.769 -0.183 0.002 0.423 0.887
16.487 -404.922 -86.797 -0.184 0.002 0.424 0.887
16.436 -404.884 -86.819 -0.185 0.002 0.425 0.886
16.369 -404.834 -86.848 -0.185 0.002 0.427 0.885
16.309 -404.788 -86.874 -0.186 0.002 0.428 0.885
16.251 -404.745 -86.899 -0.186 0.002 0.429 0.884
16.170 -404.686 -86.934 -0.187 0.002 0.430 0.883
16.106 -404.639 -86.962 -0.187 0.002 0.432 0.882
16.026 -404.580 -86.996 -0.188 0.002 0.434 0.881
15.918 -404.502 -87.043 -0.189 0.002 0.436 0.880
15.839 -404.446 -87.077 -0.190 0.002 0.437 0.879
15.765 -404.394 -87.109 -0.190 0.002 0.438 0.878
15.670 -404.328 -87.150 -0.191 0.002 0.440 0.877
15.585 -404.268 -87.187 -0.192 0.002 0.442 0.876
15.525 -404.227 -87.212 -0.192 0.002 0.443 0.876
15.478 -404.195 -87.232 -0.192 0.002 0.444 0.875
15.429 -404.161 -87.254 -0.193 0.002 0.445 0.874
15.372 -404.123 -87.278 -0.193 0.002 0.446 0.874
15.281 -404.062 -87.317 -0.194 0.002 0.448 0.873
15.216 -404.019 -87.345 -0.194 0.002 0.450 0.872
15.099 -403.942 -87.395 -0.196 0.002 0.452 0.870
15.022 -403.891 -87.428 -0.196 0.002 0.454 0.869
14.927 -403.830 -87.469 -0.197 0.002 0.455 0.868
14.864 -403.790 -87.496 -0.198 0.002 0.457 0.867
14.784 -403.739 -87.531 -0.198 0.002 0.458 0.867
14.693 -403.682 -87.570 -0.199 0.002 0.459 0.866
14.559 -403.599 -87.628 -0.200 0.002 0.462 0.864
14.448 -403.531 -87.675 -0.201 0.002 0.464 0.863
14.390 -403.495 -87.700 -0.201 0.002 0.465 0.862
14.274 -403.425 -87.750 -0.202 0.002 0.467 0.861
14.199 -403.381 -87.782 -0.203 0.002 0.468 0.860
14.143 -403.347 -87.807 -0.203 0.002 0.469 0.859
14.057 -403.297 -87.844 -0.204 0.002 0.471 0.858
13.941 -403.229 -87.894 -0.205 0.002 0.473 0.857
13.857 -403.180 -87.930 -0.206 0.002 0.474 0.856
13.755 -403.122 -87.974 -0.207 0.002 0.475 0.855
13.661 -403.069 -88.014 -0.207 0.002 0.477 0.854
13.584 -403.026 -88.048 -0.207 0.002 0.478 0.854
13.528 -402.994 -88.072 -0.208 0.002 0.479 0.853
13.432 -402.941 -88.113 -0.208 0.002 0.480 0.852
13.363 -402.903 -88.143 -0.209 0.002 0.481 0.851
13.272 -402.854 -88.182 -0.209 0.002 0.483 0.850
13.186 -402.807 -88.219 -0.210 0.002 0.484 0.849
13.120 -402.772 -88.248 -0.211 0.002 0.485 0.849
13.036 -402.727 -88.284 -0.211 0.002 0.487 0.848
12.947 -402.680 -88.323 -0.212 0.002 0.488 0.847
12.860 -402.635 -88.360 -0.213 0.002 0.490 0.845
12.763 -402.585 -88.402 -0.213 0.002 0.491 0.844
12.728 -402.567 -88.417 -0.214 0.002 0.492 0.844
12.673 -402.539 -88.441 -0.214 0.002 0.493 0.843
12.602 -402.503 -88.471 -0.215 0.002 0.494 0.842
12.494 -402.450 -88.518 -0.216 0.002 0.496 0.841
12.402 -402.404 -88.558 -0.216 0.002 0.498 0.840
12.266 -402.338 -88.617 -0.217 0.002 0.500 0.838
12.179 -402.296 -88.654 -0.218 0.002 0.502 0.837
12.098 -402.257 -88.690 -0.219 0.002 0.503 0.836
11.993 -402.208 -88.735 -0.219 0.002 0.505 0.835
11.940 -402.183 -88.758 -0.220 0.002 0.506 0.834
11.859 -402.146 -88.793 -0.220 0.002 0.507 0.833
11.779 -402.109 -88.827 -0.221 0.002 0.508 0.832
11.728 -402.086 -88.849 -0.221 0.002 0.509 0.832
11.620 -402.037 -88.896 -0.222 0.002 0.511 0.830
11.511 -401.989 -88.943 -0.223 0.002 0.513 0.829
11.435 -401.955 -88.976 -0.223 0.002 0.514 0.828
11.340 -401.914 -89.017 -0.224 0.002 0.516 0.827
11.219 -401.863 -89.069 -0.225 0.002 0.518 0.825
11.126 -401.823 -89.109 -0.226 0.002 0.519 0.824
11.031 -401.784 -89.150 -0.226 0.002 0.521 0.823
10.942 -401.747 -89.189 -0.226 0.002 0.522 0.822
10.826 -401.701 -89.238 -0.227 0.002 0.524 0.821
10.769 -401.678 -89.263 -0.228 0.002 0.525 0.820
10.692 -401.647 -89.296 -0.228 0.002 0.527 0.819
10.618 -401.618 -89.328 -0.229 0.002 0.528 0.818
10.540 -401.588 -89.362 -0.229 0.002 0.529 0.817
10.480 -401.565 -89.387 -0.230 0.002 0.530 0.816
10.391 -401.530 -89.426 -0.230 0.002 0.531 0.815
10.305 -401.498 -89.463 -0.231 0.002 0.533 0.814
10.215 -401.465 -89.501 -0.232 0.002 0.534 0.813
10.130 -401.433 -89.538 -0.232 0.002 0.535 0.812
10.065 -401.410 -89.566 -0.233 0.002 0.536 0.811
9.984 -401.380 -89.601 -0.233 0.002 0.537 0.811
9.880 -401.343 -89.646 -0.233 0.002 0.539 0.810
9.781 -401.308 -89.689 -0.234 0.002 0.540 0.808
9.688 -401.276 -89.728 -0.234 0.002 0.541 0.807
9.595 -401.244 -89.768 -0.235 0.002 0.543 0.806
