26.388 -423.583 -82.406 -0.025 0.000 0.050 0.998
26.376 -423.457 -82.412 -0.026 0.000 0.052 0.998
26.363 -423.338 -82.419 -0.027 0.000 0.054 0.998
26.352 -423.236 -82.424 -0.028 0.000 0.056 0.998
26.334 -423.081 -82.433 -0.028 0.000 0.058 0.998
26.322 -422.979 -82.439 -0.029 0.000 0.060 0.998
26.309 -422.873 -82.445 -0.030 0.000 0.061 0.998
26.294 -422.756 -82.452 -0.030 0.000 0.063 0.998
26.278 -422.630 -82.460 -0.031 0.000 0.065 0.997
26.263 -422.519 -82.467 -0.032 0.000 0.066 0.997
26.246 -422.396 -82.475 -0.033 0.000 0.068 0.997
26.233 -422.301 -82.481 -0.033 0.000 0.070 0.997
26.221 -422.219 -82.487 -0.034 0.000 0.072 0.997
26.212 -422.153 -82.491 -0.034 0.000 0.073 0.997
26.193 -422.025 -82.500 -0.035 0.000 0.075 0.997
26.171 -421.882 -82.511 -0.036 0.000 0.077 0.996
26.161 -421.818 -82.515 -0.036 0.000 0.078 0.996
26.150 -421.751 -82.520 -0.037 0.000 0.079 0.996
26.132 -421.637 -82.529 -0.038 0.000 0.081 0.996
26.111 -421.510 -82.539 -0.039 0.000 0.083 0.996
26.092 -421.398 -82.547 -0.039 0.000 0.085 0.996
26.072 -421.285 -82.557 -0.040 0.000 0.087 0.995
26.053 -421.176 -82.566 -0.041 0.000 0.089 0.995
26.035 -421.078 -82.574 -0.042 0.000 0.090 0.995
26.012 -420.954 -82.584 -0.042 0.000 0.092 0.995
25.990 -420.837 -82.594 -0.043 0.000 0.094 0.995
25.970 -420.732 -82.604 -0.044 0.000 0.095 0.994
25.958 -420.671 -82.609 -0.044 0.000 0.096 0.994
25.939 -420.575 -82.618 -0.045 0.000 0.098 0.994
25.921 -420.484 -82.626 -0.045 0.000 0.100 0.994
25.901 -420.387 -82.635 -0.046 0.000 0.101 0.994
25.882 -420.297 -82.644 -0.047 0.000 0.103 0.994
25.852 -420.157 -82.658 -0.048 0.000 0.105 0.993
25.840 -420.102 -82.663 -0.049 0.000 0.106 0.993
25.821 -420.012 -82.672 -0.049 0.000 0.108 0.993
25.803 -419.934 -82.680 -0.050 0.000 0.109 0.993
25.784 -419.849 -82.689 -0.050 0.000 0.110 0.993
25.756 -419.728 -82.701 -0.051 0.000 0.113 0.992
25.733 -419.628 -82.712 -0.051 0.000 0.115 0.992
25.714 -419.546 -82.720 -0.052 0.000 0.116 0.992
25.691 -419.449 -82.731 -0.053 0.000 0.118 0.992
25.662 -419.332 -82.743 -0.054 0.000 0.120 0.991
25.629 -419.199 -82.758 -0.054 0.000 0.122 0.991
25.606 -419.107 -82.768 -0.055 0.000 0.123 0.991
25.586 -419.029 -82.777 -0.055 0.000 0.125 0.991
25.558 -418.920 -82.790 -0.056 0.000 0.127 0.990
25.527 -418.803 -82.803 -0.057 0.000 0.129 0.990
25.502 -418.710 -82.814 -0.058 0.000 0.131 0.990
25.470 -418.593 -82.829 -0.059 0.000 0.133 0.989
25.455 -418.538 -82.835 -0.059 0.000 0.134 0.989
25.426 -418.435 -82.848 -0.060 0.000 0.136 0.989
25.398 -418.334 -82.861 -0.061 0.000 0.138 0.989
25.366 -418.223 -82.875 -0.062 0.000 0.140 0.988
25.338 -418.129 -82.887 -0.064 0.000 0.142 0.988
25.300 -417.999 -82.904 -0.064 0.000 0.144 0.987
25.283 -417.942 -82.912 -0.065 0.000 0.145 0.987
25.263 -417.878 -82.921 -0.066 0.000 0.147 0.987
25.228 -417.763 -82.937 -0.066 0.000 0.149 0.987
25.204 -417.685 -82.947 -0.067 0.000 0.150 0.986
25.172 -417.583 -82.962 -0.067 0.000 0.152 0.986
25.139 -417.480 -82.976 -0.069 0.000 0.153 0.986
25.105 -417.377 -82.991 -0.069 0.000 0.155 0.985
25.070 -417.268 -83.007 -0.070 0.000 0.157 0.985
25.039 -417.173 -83.021 -0.071 0.000 0.159 0.985
25.019 -417.114 -83.030 -0.071 0.000 0.160 0.985
24.988 -417.024 -83.043 -0.072 0.000 0.161 0.984
24.954 -416.924 -83.058 -0.073 0.000 0.163 0.984
24.933 -416.861 -83.068 -0.073 0.000 0.164 0.984
24.899 -416.764 -83.083 -0.074 0.000 0.166 0.983
24.863 -416.663 -83.099 -0.075 0.000 0.168 0.983
24.835 -416.584 -83.111 -0.076 0.000 0.169 0.983
24.810 -416.513 -83.123 -0.076 0.000 0.170 0.982
24.776 -416.421 -83.138 -0.077 0.000 0.172 0.982
24.750 -416.348 -83.150 -0.078 0.000 0.173 0.982
24.718 -416.262 -83.164 -0.078 0.000 0.175 0.981
24.668 -416.127 -83.186 -0.080 0.000 0.177 0.981
24.631 -416.030 -83.203 -0.081 0.000 0.179 0.981
24.606 -415.965 -83.214 -0.081 0.000 0.180 0.980
24.572 -415.876 -83.229 -0.082 0.000 0.181 0.980
24.537 -415.785 -83.245 -0.082 0.000 0.183 0.980
24.487 -415.658 -83.267 -0.083 0.000 0.185 0.979
24.453 -415.573 -83.283 -0.083 0.000 0.186 0.979
24.416 -415.480 -83.299 -0.084 0.000 0.188 0.979
24.383 -415.399 -83.314 -0.085 0.000 0.189 0.978
24.334 -415.278 -83.336 -0.086 0.000 0.191 0.978
24.275 -415.134 -83.363 -0.087 0.000 0.194 0.977
24.232 -415.033 -83.382 -0.088 0.000 0.196 0.977
24.195 -414.946 -83.398 -0.089 0.000 0.197 0.976
24.131 -414.795 -83.427 -0.090 0.000 0.200 0.976
24.080 -414.679 -83.450 -0.091 0.000 0.202 0.975
24.056 -414.623 -83.461 -0.091 0.000 0.203 0.975
23.983 -414.457 -83.494 -0.093 0.000 0.206 0.974
23.939 -414.362 -83.514 -0.094 0.000 0.208 0.974
23.885 -414.241 -83.538 -0.095 0.000 0.210 0.973
23.836 -414.136 -83.560 -0.096 0.000 0.213 0.972
23.790 -414.037 -83.581 -0.097 0.000 0.215 0.972
23.760 -413.974 -83.594 -0.097 0.000 0.216 0.972
23.713 -413.875 -83.616 -0.098 0.000 0.218 0.971
23.666 -413.776 -83.637 -0.099 0.000 0.220 0.971
23.618 -413.677 -83.659 -0.100 0.000 0.222 0.970
23.575 -413.590 -83.678 -0.100 0.000 0.223 0.970
23.523 -413.484 -83.701 -0.101 0.000 0.226 0.969
23.492 -413.422 -83.715 -0.102 0.000 0.227 0.969
23.429 -413.298 -83.743 -0.103 0.000 0.229 0.968
23.378 -413.197 -83.766 -0.104 0.000 0.232 0.967
23.328 -413.102 -83.789 -0.105 0.000 0.233 0.967
23.274 -412.999 -83.813 -0.106 0.000 0.235 0.966
23.223 -412.901 -83.836 -0.106 0.000 0.237 0.966
23.165 -412.792 -83.862 -0.107 0.000 0.240 0.965
23.107 -412.685 -83.887 -0.108 0.000 0.242 0.964
23.045 -412.572 -83.915 -0.110 0.000 0.244 0.964
22.993 -412.477 -83.939 -0.111 0.000 0.246 0.963
22.941 -412.385 -83.962 -0.112 0.000 0.248 0.962
22.907 -412.324 -83.977 -0.112 0.000 0.249 0.962
22.849 -412.221 -84.004 -0.114 0.000 0.251 0.961
22.812 -412.157 -84.020 -0.114 0.000 0.253 0.961
22.761 -412.068 -84.043 -0.115 0.000 0.254 0.960
22.722 -412.000 -84.061 -0.115 0.000 0.256 0.960
22.676 -411.923 -84.081 -0.115 0.000 0.257 0.959
22.637 -411.856 -84.099 -0.116 0.000 0.259 0.959
22.603 -411.798 -84.114 -0.116 0.000 0.260 0.959
22.540 -411.693 -84.142 -0.117 0.000 0.262 0.958
22.500 -411.628 -84.160 -0.118 0.000 0.264 0.957
22.437 -411.524 -84.188 -0.119 0.000 0.266 0.957
22.394 -411.454 -84.207 -0.120 0.000 0.267 0.956
22.356 -411.393 -84.224 -0.120 0.000 0.268 0.956
22.324 -411.340 -84.239 -0.120 0.000 0.270 0.955
22.273 -411.260 -84.261 -0.121 0.001 0.271 0.955
22.215 -411.167 -84.287 -0.122 0.001 0.273 0.954
22.150 -411.066 -84.316 -0.122 0.001 0.275 0.953
22.114 -411.010 -84.332 -0.123 0.001 0.277 0.953
22.061 -410.928 -84.356 -0.124 0.001 0.278 0.953
22.011 -410.852 -84.378 -0.124 0.001 0.280 0.952
21.948 -410.757 -84.405 -0.125 0.001 0.282 0.951
21.904 -410.690 -84.425 -0.125 0.001 0.283 0.951
21.819 -410.563 -84.463 -0.126 0.001 0.286 0.950
21.764 -410.483 -84.487 -0.127 0.001 0.288 0.949
21.692 -410.377 -84.519 -0.128 0.001 0.290 0.948
21.646 -410.310 -84.539 -0.129 0.001 0.292 0.948
21.584 -410.222 -84.566 -0.130 0.001 0.293 0.947
21.527 -410.140 -84.592 -0.131 0.001 0.295 0.946
21.456 -410.042 -84.623 -0.132 0.001 0.297 0.946
21.381 -409.936 -84.656 -0.133 0.001 0.299 0.945
21.332 -409.869 -84.678 -0.133 0.001 0.301 0.944
21.259 -409.768 -84.710 -0.135 0.001 0.303 0.943
21.200 -409.688 -84.736 -0.135 0.001 0.305 0.943
21.158 -409.632 -84.755 -0.136 0.001 0.306 0.942
21.084 -409.533 -84.787 -0.137 0.001 0.308 0.942
21.012 -409.438 -84.819 -0.138 0.001 0.310 0.941
20.958 -409.366 -84.843 -0.138 0.001 0.312 0.940
20.933 -409.334 -84.854 -0.138 0.001 0.313 0.940
20.878 -409.262 -84.879 -0.140 0.001 0.314 0.939
20.825 -409.194 -84.902 -0.140 0.001 0.316 0.938
20.750 -409.098 -84.935 -0.141 0.001 0.318 0.938
20.701 -409.036 -84.957 -0.142 0.001 0.319 0.937
20.663 -408.987 -84.974 -0.142 0.001 0.321 0.937
20.588 -408.894 -85.007 -0.143 0.001 0.323 0.936
20.535 -408.828 -85.031 -0.144 0.001 0.324 0.935
20.457 -408.733 -85.065 -0.145 0.001 0.327 0.934
20.396 -408.659 -85.092 -0.145 0.001 0.328 0.933
20.315 -408.561 -85.128 -0.146 0.001 0.330 0.932
20.269 -408.506 -85.148 -0.147 0.001 0.332 0.932
20.214 -408.441 -85.172 -0.147 0.001 0.333 0.931
20.158 -408.374 -85.197 -0.148 0.001 0.335 0.931
20.085 -408.289 -85.229 -0.148 0.001 0.337 0.930
20.039 -408.235 -85.250 -0.149 0.001 0.338 0.929
19.977 -408.164 -85.277 -0.149 0.001 0.339 0.929
19.928 -408.108 -85.298 -0.150 0.001 0.340 0.928
19.829 -407.995 -85.342 -0.151 0.001 0.343 0.927
19.778 -407.938 -85.364 -0.151 0.001 0.345 0.926
19.710 -407.862 -85.394 -0.152 0.001 0.346 0.926
19.661 -407.807 -85.415 -0.153 0.001 0.348 0.925
19.591 -407.730 -85.446 -0.153 0.001 0.349 0.924
19.535 -407.669 -85.470 -0.154 0.001 0.351 0.924
19.427 -407.552 -85.518 -0.155 0.001 0.354 0.922
19.357 -407.478 -85.548 -0.156 0.001 0.356 0.921
19.276 -407.392 -85.583 -0.157 0.001 0.358 0.920
19.190 -407.302 -85.621 -0.157 0.001 0.360 0.920
19.103 -407.212 -85.659 -0.158 0.001 0.362 0.919
19.049 -407.156 -85.682 -0.159 0.001 0.364 0.918
18.960 -407.065 -85.721 -0.160 0.001 0.366 0.917
18.908 -407.013 -85.744 -0.161 0.001 0.367 0.916
18.842 -406.946 -85.773 -0.162 0.001 0.369 0.915
18.758 -406.863 -85.809 -0.162 0.001 0.371 0.914
18.701 -406.806 -85.834 -0.163 0.001 0.372 0.914
18.631 -406.737 -85.865 -0.164 0.001 0.374 0.913
18.580 -406.688 -85.887 -0.164 0.001 0.375 0.912
18.496 -406.607 -85.924 -0.165 0.001 0.377 0.911
18.423 -406.537 -85.956 -0.166 0.001 0.379 0.910
18.372 -406.488 -85.978 -0.166 0.002 0.380 0.910
18.303 -406.423 -86.008 -0.167 0.002 0.382 0.909
18.207 -406.333 -86.049 -0.168 0.001 0.384 0.908
18.120 -406.253 -86.087 -0.169 0.001 0.386 0.907
18.033 -406.173 -86.125 -0.170 0.001 0.388 0.906
17.950 -406.099 -86.161 -0.170 0.002 0.390 0.905
17.881 -406.036 -86.191 -0.171 0.002 0.392 0.904
17.820 -405.982 -86.217 -0.171 0.002 0.393 0.903
17.737 -405.909 -86.253 -0.172 0.002 0.395 0.902
17.624 -405.810 -86.302 -0.173 0.002 0.398 0.901
17.556 -405.751 -86.332 -0.174 0.002 0.400 0.900
17.499 -405.703 -86.356 -0.174 0.002 0.401 0.899
17.431 -405.644 -86.386 -0.175 0.002 0.402 0.899
17.349 -405.575 -86.421 -0.176 0.002 0.404 0.898
17.275 -405.513 -86.453 -0.176 0.002 0.405 0.897
17.206 -405.455 -86.483 -0.177 0.002 0.407 0.896
17.123 -405.387 -86.519 -0.177 0.002 0.409 0.895
17.042 -405.321 -86.554 -0.178 0.002 0.411 0.894
16.986 -405.275 -86.578 -0.178 0.002 0.412 0.894
16.920 -405.222 -86.606 -0.179 0.002 0.413 0.893
16.843 -405.160 -86.640 -0.180 0.002 0.415 0.892
16.757 -405.092 -86.676 -0.180 0.002 0.417 0.891
16.692 -405.041 -86.704 -0.181 0.002 0.418 0.890
16.572 -404.947 -86.756 -0.182 0.002 0.421 0.888
16.498 -404.891 -86.788 -0.183 0.002 0.423 0.888
16.411 -404.825 -86.825 -0.184 0.002 0.425 0.886
16.327 -404.761 -86.862 -0.185 0.002 0.426 0.885
16.238 -404.695 -86.900 -0.186 0.002 0.428 0.884
16.158 -404.636 -86.934 -0.186 0.002 0.430 0.883
16.066 -404.568 -86.974 -0.187 0.002 0.432 0.882
15.970 -404.498 -87.015 -0.188 0.002 0.434 0.881
15.880 -404.434 -87.054 -0.188 0.002 0.436 0.880
15.810 -404.384 -87.084 -0.189 0.002 0.437 0.879
15.727 -404.325 -87.119 -0.190 0.002 0.439 0.878
15.652 -404.273 -87.151 -0.191 0.002 0.440 0.877
15.610 -404.244 -87.170 -0.191 0.002 0.441 0.877
15.509 -404.174 -87.213 -0.192 0.002 0.443 0.876
15.440 -404.127 -87.243 -0.193 0.002 0.445 0.875
15.358 -404.071 -87.278 -0.193 0.002 0.446 0.874
15.277 -404.016 -87.313 -0.194 0.002 0.448 0.873
15.168 -403.944 -87.360 -0.195 0.002 0.450 0.872
15.075 -403.882 -87.400 -0.195 0.002 0.451 0.871
14.995 -403.830 -87.435 -0.196 0.002 0.453 0.870
14.913 -403.777 -87.470 -0.197 0.002 0.455 0.869
14.869 -403.749 -87.489 -0.197 0.002 0.455 0.868
14.832 -403.725 -87.505 -0.197 0.002 0.456 0.868
14.742 -403.668 -87.543 -0.198 0.002 0.458 0.867
14.687 -403.633 -87.567 -0.199 0.002 0.459 0.866
14.602 -403.580 -87.603 -0.200 0.002 0.461 0.865
14.507 -403.521 -87.645 -0.201 0.002 0.462 0.864
14.415 -403.465 -87.684 -0.201 0.002 0.464 0.863
14.293 -403.391 -87.736 -0.202 0.002 0.466 0.861
14.193 -403.331 -87.779 -0.202 0.002 0.468 0.860
14.127 -403.292 -87.808 -0.202 0.002 0.469 0.860
14.033 -403.237 -87.848 -0.203 0.003 0.471 0.858
13.945 -403.186 -87.885 -0.204 0.003 0.473 0.857
13.859 -403.136 -87.922 -0.204 0.003 0.474 0.856
13.771 -403.086 -87.960 -0.205 0.003 0.476 0.855
13.695 -403.043 -87.992 -0.205 0.003 0.477 0.855
13.625 -403.004 -88.022 -0.206 0.003 0.478 0.854
13.545 -402.959 -88.057 -0.207 0.002 0.480 0.853
13.467 -402.916 -88.090 -0.207 0.003 0.481 0.852
13.369 -402.862 -88.132 -0.208 0.002 0.482 0.851
13.282 -402.815 -88.169 -0.208 0.003 0.484 0.850
13.195 -402.768 -88.206 -0.209 0.003 0.485 0.849
13.091 -402.713 -88.251 -0.209 0.003 0.487 0.848
13.037 -402.685 -88.274 -0.210 0.003 0.488 0.847
12.889 -402.607 -88.337 -0.211 0.003 0.491 0.845
12.784 -402.553 -88.381 -0.212 0.003 0.492 0.844
12.745 -402.534 -88.398 -0.212 0.003 0.493 0.844
12.638 -402.479 -88.444 -0.213 0.003 0.495 0.842
12.540 -402.431 -88.485 -0.213 0.003 0.497 0.841
12.446 -402.384 -88.525 -0.215 0.003 0.498 0.840
12.389 -402.357 -88.549 -0.215 0.003 0.499 0.839
12.283 -402.305 -88.595 -0.216 0.003 0.501 0.838
12.179 -402.255 -88.639 -0.216 0.003 0.503 0.837
12.057 -402.198 -88.691 -0.217 0.003 0.505 0.835
11.986 -402.165 -88.721 -0.218 0.003 0.506 0.834
11.921 -402.135 -88.749 -0.218 0.003 0.507 0.834
11.837 -402.096 -88.784 -0.219 0.003 0.509 0.833
11.738 -402.051 -88.827 -0.219 0.003 0.510 0.832
11.662 -402.017 -88.859 -0.220 0.003 0.512 0.831
11.594 -401.987 -88.888 -0.220 0.003 0.513 0.830
11.493 -401.943 -88.931 -0.221 0.003 0.514 0.829
11.388 -401.897 -88.975 -0.222 0.003 0.516 0.828
11.288 -401.854 -89.018 -0.222 0.003 0.517 0.827
11.185 -401.810 -89.061 -0.223 0.003 0.519 0.825
11.093 -401.772 -89.100 -0.223 0.003 0.520 0.824
10.995 -401.731 -89.142 -0.224 0.003 0.522 0.823
10.901 -401.693 -89.182 -0.225 0.003 0.524 0.822
10.793 -401.649 -89.228 -0.226 0.003 0.525 0.820
10.671 -401.601 -89.280 -0.226 0.003 0.527 0.819
10.569 -401.561 -89.323 -0.227 0.003 0.529 0.818
10.488 -401.529 -89.358 -0.228 0.003 0.530 0.817
10.392 -401.493 -89.399 -0.229 0.003 0.532 0.815
10.322 -401.466 -89.429 -0.229 0.003 0.533 0.815
10.225 -401.430 -89.470 -0.229 0.003 0.535 0.813
10.134 -401.397 -89.508 -0.230 0.003 0.536 0.812
10.070 -401.373 -89.536 -0.230 0.003 0.537 0.812
9.984 -401.342 -89.572 -0.231 0.003 0.538 0.811
9.922 -401.320 -89.598 -0.231 0.003 0.539 0.810
9.843 -401.292 -89.632 -0.231 0.003 0.540 0.809
9.749 -401.259 -89.672 -0.232 0.003 0.541 0.808
9.667 -401.230 -89.706 -0.233 0.003 0.542 0.808
