24.700 -458.420 -70.112 0.000 0.000 0.002 1.000
24.699 -458.265 -70.112 -0.002 0.000 0.004 1.000
24.698 -458.207 -70.112 -0.002 0.000 0.005 1.000
24.697 -458.078 -70.113 -0.004 0.000 0.008 1.000
24.694 -457.948 -70.114 -0.005 0.000 0.010 1.000
24.692 -457.842 -70.115 -0.005 0.000 0.012 1.000
24.689 -457.712 -70.117 -0.006 0.000 0.014 1.000
24.686 -457.623 -70.118 -0.007 0.000 0.016 1.000
24.681 -457.470 -70.120 -0.008 0.000 0.018 1.000
24.676 -457.342 -70.123 -0.009 0.000 0.021 1.000
24.671 -457.227 -70.125 -0.010 0.000 0.023 1.000
24.667 -457.146 -70.127 -0.011 0.000 0.024 1.000
24.659 -456.994 -70.130 -0.012 0.000 0.027 1.000
24.655 -456.916 -70.132 -0.013 0.000 0.028 1.000
24.650 -456.833 -70.134 -0.013 0.000 0.030 0.999
24.644 -456.743 -70.137 -0.014 0.000 0.031 0.999
24.635 -456.595 -70.141 -0.015 0.000 0.034 0.999
24.629 -456.517 -70.143 -0.016 0.000 0.035 0.999
24.619 -456.375 -70.148 -0.017 0.000 0.038 0.999
24.609 -456.251 -70.152 -0.017 0.000 0.040 0.999
24.603 -456.168 -70.155 -0.018 0.000 0.041 0.999
24.594 -456.062 -70.159 -0.019 0.000 0.043 0.999
24.585 -455.967 -70.162 -0.019 0.000 0.045 0.999
24.576 -455.860 -70.167 -0.020 0.000 0.046 0.999
24.567 -455.766 -70.170 -0.021 0.000 0.048 0.999
24.556 -455.656 -70.175 -0.022 0.000 0.050 0.999
24.536 -455.464 -70.184 -0.023 0.000 0.053 0.998
24.528 -455.395 -70.187 -0.024 0.000 0.055 0.998
24.513 -455.261 -70.194 -0.025 0.000 0.057 0.998
24.492 -455.079 -70.203 -0.027 0.000 0.060 0.998
24.479 -454.978 -70.208 -0.028 0.000 0.062 0.998
24.469 -454.895 -70.213 -0.028 0.000 0.063 0.998
24.456 -454.797 -70.219 -0.029 0.000 0.065 0.997
24.443 -454.695 -70.225 -0.030 0.000 0.067 0.997
24.420 -454.534 -70.235 -0.030 0.000 0.070 0.997
24.402 -454.407 -70.242 -0.031 0.000 0.072 0.997
24.389 -454.317 -70.248 -0.032 0.000 0.073 0.997
24.374 -454.219 -70.254 -0.033 0.000 0.075 0.997
24.362 -454.139 -70.260 -0.033 0.000 0.077 0.997
24.351 -454.067 -70.265 -0.034 0.000 0.078 0.996
24.337 -453.982 -70.271 -0.035 0.000 0.080 0.996
24.320 -453.878 -70.278 -0.036 0.000 0.082 0.996
24.303 -453.775 -70.286 -0.037 0.000 0.084 0.996
24.286 -453.674 -70.293 -0.037 0.000 0.085 0.996
24.261 -453.533 -70.304 -0.038 0.000 0.088 0.995
24.241 -453.425 -70.312 -0.039 0.000 0.090 0.995
24.220 -453.307 -70.322 -0.040 0.000 0.092 0.995
24.196 -453.180 -70.332 -0.041 0.000 0.095 0.995
24.168 -453.038 -70.345 -0.043 0.000 0.097 0.994
24.148 -452.940 -70.353 -0.044 0.000 0.099 0.994
24.132 -452.861 -70.360 -0.044 0.000 0.101 0.994
24.112 -452.765 -70.369 -0.045 0.000 0.102 0.994
24.090 -452.659 -70.379 -0.045 0.000 0.104 0.993
24.072 -452.575 -70.386 -0.046 0.000 0.106 0.993
24.044 -452.450 -70.398 -0.046 0.000 0.108 0.993
24.019 -452.335 -70.409 -0.047 0.000 0.110 0.993
23.998 -452.243 -70.418 -0.048 0.000 0.112 0.993
23.977 -452.155 -70.427 -0.049 0.000 0.114 0.992
23.945 -452.017 -70.441 -0.050 0.000 0.116 0.992
23.917 -451.899 -70.453 -0.051 0.000 0.118 0.992
23.895 -451.809 -70.462 -0.051 0.000 0.120 0.991
23.870 -451.709 -70.473 -0.052 0.000 0.122 0.991
23.849 -451.628 -70.482 -0.052 0.000 0.123 0.991
23.820 -451.513 -70.494 -0.053 0.000 0.125 0.991
23.794 -451.414 -70.505 -0.054 0.000 0.127 0.990
23.771 -451.327 -70.515 -0.055 0.000 0.128 0.990
23.743 -451.220 -70.527 -0.055 0.000 0.130 0.990
23.711 -451.103 -70.540 -0.056 0.000 0.132 0.990
23.684 -451.006 -70.551 -0.056 0.000 0.134 0.989
23.664 -450.933 -70.560 -0.057 0.000 0.135 0.989
23.644 -450.859 -70.569 -0.057 0.000 0.136 0.989
23.626 -450.796 -70.576 -0.058 0.000 0.137 0.989
23.598 -450.700 -70.588 -0.059 0.000 0.139 0.989
23.572 -450.611 -70.599 -0.059 0.000 0.141 0.988
23.540 -450.500 -70.612 -0.060 0.000 0.143 0.988
23.512 -450.409 -70.624 -0.061 0.000 0.144 0.988
23.474 -450.281 -70.640 -0.061 0.000 0.146 0.987
23.447 -450.195 -70.651 -0.062 0.000 0.148 0.987
23.415 -450.090 -70.665 -0.063 0.000 0.150 0.987
23.379 -449.976 -70.680 -0.064 0.000 0.152 0.986
23.347 -449.877 -70.693 -0.065 0.000 0.154 0.986
23.317 -449.783 -70.706 -0.066 0.000 0.156 0.986
23.278 -449.664 -70.722 -0.067 0.000 0.157 0.985
23.247 -449.569 -70.736 -0.067 0.000 0.159 0.985
23.210 -449.461 -70.751 -0.068 0.000 0.161 0.985
23.174 -449.355 -70.766 -0.069 0.000 0.163 0.984
23.139 -449.253 -70.781 -0.070 0.000 0.165 0.984
23.105 -449.156 -70.795 -0.071 0.000 0.167 0.983
23.072 -449.062 -70.809 -0.071 0.000 0.168 0.983
23.043 -448.981 -70.822 -0.072 0.000 0.170 0.983
23.018 -448.910 -70.832 -0.073 0.000 0.171 0.983
22.987 -448.826 -70.845 -0.073 0.000 0.172 0.982
22.944 -448.709 -70.864 -0.074 0.000 0.175 0.982
22.917 -448.635 -70.875 -0.074 0.000 0.176 0.982
22.880 -448.538 -70.890 -0.075 0.000 0.177 0.981
22.852 -448.463 -70.902 -0.075 0.000 0.179 0.981
22.823 -448.387 -70.914 -0.076 0.000 0.180 0.981
22.771 -448.253 -70.936 -0.077 0.000 0.182 0.980
22.735 -448.158 -70.952 -0.078 0.000 0.184 0.980
22.678 -448.016 -70.975 -0.079 0.000 0.186 0.979
22.646 -447.935 -70.989 -0.080 0.000 0.187 0.979
22.611 -447.847 -71.004 -0.080 0.000 0.189 0.979
22.580 -447.770 -71.017 -0.081 0.000 0.190 0.978
22.544 -447.683 -71.033 -0.081 0.000 0.192 0.978
22.502 -447.581 -71.050 -0.082 0.000 0.193 0.978
22.468 -447.499 -71.065 -0.082 0.000 0.195 0.977
22.434 -447.417 -71.079 -0.083 0.000 0.196 0.977
22.396 -447.328 -71.095 -0.083 0.000 0.197 0.977
22.357 -447.236 -71.112 -0.083 0.000 0.198 0.977
22.316 -447.141 -71.129 -0.084 0.000 0.200 0.976
22.277 -447.050 -71.145 -0.084 0.000 0.202 0.976
22.229 -446.941 -71.165 -0.085 0.000 0.203 0.975
22.184 -446.839 -71.184 -0.086 0.000 0.205 0.975
22.135 -446.730 -71.205 -0.087 0.000 0.207 0.974
22.106 -446.665 -71.217 -0.087 0.000 0.209 0.974
22.076 -446.599 -71.229 -0.088 0.000 0.210 0.974
22.049 -446.540 -71.241 -0.088 0.000 0.211 0.974
22.013 -446.462 -71.256 -0.089 0.000 0.212 0.973
21.952 -446.332 -71.281 -0.089 0.000 0.214 0.973
21.916 -446.255 -71.296 -0.090 0.000 0.216 0.972
21.860 -446.136 -71.319 -0.091 0.000 0.218 0.972
21.800 -446.010 -71.344 -0.092 0.000 0.220 0.971
21.742 -445.891 -71.368 -0.093 0.000 0.222 0.971
21.691 -445.787 -71.390 -0.094 0.000 0.224 0.970
21.641 -445.687 -71.411 -0.094 0.000 0.225 0.970
21.591 -445.586 -71.432 -0.095 0.000 0.227 0.969
21.544 -445.492 -71.452 -0.096 0.000 0.229 0.969
21.497 -445.400 -71.471 -0.096 0.000 0.231 0.968
21.448 -445.304 -71.492 -0.097 0.000 0.232 0.968
21.397 -445.206 -71.513 -0.097 0.000 0.234 0.967
21.344 -445.104 -71.535 -0.098 0.000 0.235 0.967
21.284 -444.989 -71.560 -0.099 0.000 0.237 0.966
21.254 -444.934 -71.572 -0.099 0.000 0.238 0.966
21.222 -444.873 -71.586 -0.099 0.001 0.239 0.966
21.159 -444.757 -71.611 -0.100 0.001 0.241 0.965
21.114 -444.673 -71.630 -0.101 0.001 0.243 0.965
21.068 -444.590 -71.649 -0.101 0.001 0.244 0.964
21.023 -444.507 -71.668 -0.102 0.001 0.245 0.964
20.991 -444.449 -71.681 -0.102 0.001 0.246 0.964
20.917 -444.315 -71.712 -0.102 0.001 0.248 0.963
20.848 -444.193 -71.740 -0.103 0.001 0.250 0.963
20.791 -444.093 -71.763 -0.103 0.001 0.252 0.962
20.747 -444.016 -71.781 -0.103 0.001 0.253 0.962
20.693 -443.921 -71.803 -0.104 0.001 0.254 0.962
20.650 -443.846 -71.821 -0.104 0.001 0.255 0.961
20.592 -443.746 -71.845 -0.105 0.001 0.256 0.961
20.534 -443.647 -71.868 -0.105 0.001 0.257 0.961
20.466 -443.532 -71.896 -0.106 0.001 0.259 0.960
20.403 -443.425 -71.921 -0.106 0.001 0.260 0.960
20.355 -443.344 -71.941 -0.107 0.001 0.261 0.959
20.304 -443.259 -71.962 -0.107 0.001 0.262 0.959
20.273 -443.208 -71.974 -0.107 0.001 0.263 0.959
20.190 -443.069 -72.008 -0.107 0.001 0.265 0.958
20.127 -442.967 -72.033 -0.108 0.001 0.266 0.958
20.068 -442.869 -72.058 -0.109 0.001 0.267 0.958
20.006 -442.768 -72.083 -0.109 0.001 0.268 0.957
19.962 -442.698 -72.100 -0.110 0.001 0.269 0.957
19.915 -442.622 -72.120 -0.110 0.001 0.270 0.957
19.842 -442.505 -72.149 -0.110 0.001 0.272 0.956
19.779 -442.405 -72.175 -0.111 0.001 0.273 0.956
19.743 -442.348 -72.189 -0.111 0.001 0.274 0.955
19.696 -442.274 -72.208 -0.111 0.001 0.275 0.955
19.637 -442.182 -72.232 -0.112 0.001 0.276 0.955
19.583 -442.097 -72.254 -0.113 0.001 0.277 0.954
19.558 -442.059 -72.264 -0.113 0.001 0.278 0.954
19.500 -441.969 -72.287 -0.113 0.001 0.279 0.954
19.444 -441.883 -72.310 -0.113 0.001 0.280 0.953
19.409 -441.830 -72.324 -0.113 0.001 0.281 0.953
19.355 -441.749 -72.345 -0.114 0.001 0.283 0.952
19.267 -441.616 -72.381 -0.114 0.002 0.284 0.952
19.171 -441.474 -72.419 -0.115 0.002 0.286 0.951
19.114 -441.388 -72.442 -0.115 0.002 0.287 0.951
19.042 -441.282 -72.471 -0.116 0.002 0.289 0.950
18.983 -441.196 -72.494 -0.116 0.002 0.290 0.950
18.910 -441.090 -72.523 -0.116 0.002 0.292 0.949
18.860 -441.017 -72.543 -0.116 0.002 0.293 0.949
18.814 -440.951 -72.561 -0.117 0.002 0.294 0.949
18.782 -440.906 -72.574 -0.117 0.002 0.294 0.949
18.742 -440.848 -72.590 -0.117 0.002 0.295 0.948
18.680 -440.760 -72.614 -0.117 0.002 0.296 0.948
18.602 -440.651 -72.644 -0.117 0.002 0.298 0.947
18.554 -440.584 -72.663 -0.118 0.002 0.299 0.947
18.500 -440.508 -72.684 -0.118 0.002 0.300 0.946
18.452 -440.441 -72.703 -0.119 0.002 0.301 0.946
18.394 -440.361 -72.726 -0.120 0.002 0.303 0.946
18.312 -440.248 -72.759 -0.121 0.002 0.304 0.945
18.258 -440.176 -72.780 -0.121 0.002 0.305 0.945
18.189 -440.082 -72.807 -0.122 0.002 0.306 0.944
18.117 -439.986 -72.835 -0.122 0.002 0.308 0.944
18.052 -439.897 -72.861 -0.123 0.002 0.309 0.943
17.999 -439.827 -72.882 -0.123 0.002 0.310 0.943
17.954 -439.767 -72.900 -0.123 0.002 0.311 0.943
17.905 -439.702 -72.919 -0.123 0.002 0.311 0.942
17.838 -439.613 -72.946 -0.124 0.002 0.312 0.942
17.762 -439.515 -72.975 -0.125 0.002 0.314 0.941
17.679 -439.406 -73.008 -0.125 0.002 0.315 0.941
17.596 -439.300 -73.041 -0.125 0.002 0.317 0.940
17.532 -439.217 -73.066 -0.125 0.002 0.318 0.940
17.476 -439.146 -73.088 -0.126 0.002 0.319 0.939
17.428 -439.084 -73.107 -0.126 0.002 0.319 0.939
17.342 -438.975 -73.141 -0.127 0.002 0.320 0.939
17.270 -438.885 -73.168 -0.127 0.002 0.321 0.939
17.198 -438.794 -73.197 -0.127 0.002 0.322 0.938
17.091 -438.659 -73.239 -0.127 0.002 0.323 0.938
17.021 -438.573 -73.266 -0.127 0.003 0.325 0.937
16.957 -438.493 -73.291 -0.126 0.003 0.325 0.937
16.871 -438.387 -73.324 -0.126 0.003 0.326 0.937
16.807 -438.308 -73.348 -0.127 0.003 0.327 0.936
16.766 -438.258 -73.364 -0.127 0.003 0.328 0.936
16.724 -438.206 -73.380 -0.127 0.003 0.328 0.936
16.663 -438.131 -73.403 -0.126 0.003 0.329 0.936
16.602 -438.057 -73.427 -0.126 0.003 0.329 0.936
16.516 -437.953 -73.459 -0.126 0.004 0.331 0.935
16.457 -437.882 -73.481 -0.126 0.004 0.331 0.935
16.392 -437.803 -73.506 -0.127 0.004 0.332 0.935
16.320 -437.717 -73.533 -0.127 0.004 0.333 0.934
16.241 -437.623 -73.562 -0.127 0.004 0.334 0.934
16.197 -437.571 -73.579 -0.127 0.004 0.334 0.934
16.136 -437.498 -73.602 -0.127 0.004 0.335 0.934
16.097 -437.452 -73.616 -0.127 0.004 0.335 0.934
16.020 -437.360 -73.645 -0.127 0.004 0.336 0.933
15.944 -437.272 -73.674 -0.128 0.004 0.337 0.933
15.881 -437.197 -73.697 -0.128 0.004 0.338 0.933
15.796 -437.099 -73.729 -0.128 0.004 0.339 0.932
15.748 -437.042 -73.747 -0.128 0.004 0.339 0.932
15.689 -436.974 -73.769 -0.128 0.004 0.340 0.932
15.610 -436.883 -73.798 -0.128 0.004 0.341 0.931
15.541 -436.802 -73.823 -0.128 0.005 0.341 0.931
15.476 -436.728 -73.847 -0.128 0.005 0.342 0.931
15.424 -436.668 -73.866 -0.128 0.005 0.342 0.931
15.391 -436.630 -73.879 -0.128 0.005 0.343 0.931
15.328 -436.558 -73.902 -0.127 0.005 0.343 0.931
15.265 -436.486 -73.924 -0.127 0.005 0.344 0.930
15.203 -436.415 -73.947 -0.127 0.005 0.345 0.930
15.155 -436.361 -73.964 -0.127 0.005 0.345 0.930
15.105 -436.303 -73.983 -0.127 0.005 0.345 0.930
15.067 -436.261 -73.996 -0.127 0.005 0.346 0.930
15.030 -436.219 -74.010 -0.127 0.005 0.346 0.930
14.957 -436.137 -74.036 -0.127 0.005 0.347 0.929
14.885 -436.056 -74.062 -0.127 0.006 0.348 0.929
14.808 -435.970 -74.089 -0.127 0.006 0.348 0.929
14.744 -435.898 -74.112 -0.127 0.006 0.349 0.928
14.684 -435.832 -74.134 -0.127 0.006 0.350 0.928
14.590 -435.727 -74.167 -0.128 0.006 0.351 0.928
