26.388 -423.581 -82.406 -0.025 0.000 0.050 0.998
26.380 -423.496 -82.410 -0.026 0.000 0.051 0.998
26.371 -423.409 -82.415 -0.026 0.000 0.053 0.998
26.361 -423.324 -82.419 -0.027 0.000 0.054 0.998
26.351 -423.229 -82.425 -0.027 0.000 0.056 0.998
26.339 -423.127 -82.430 -0.028 0.000 0.057 0.998
26.330 -423.047 -82.435 -0.028 0.000 0.059 0.998
26.319 -422.957 -82.440 -0.029 0.000 0.060 0.998
26.305 -422.843 -82.447 -0.030 0.000 0.062 0.998
26.289 -422.716 -82.454 -0.030 0.000 0.064 0.997
26.275 -422.611 -82.461 -0.031 0.000 0.066 0.997
26.256 -422.466 -82.470 -0.032 0.000 0.068 0.997
26.240 -422.348 -82.478 -0.033 0.000 0.070 0.997
26.225 -422.243 -82.485 -0.033 0.000 0.071 0.997
26.200 -422.074 -82.497 -0.034 0.000 0.074 0.997
26.185 -421.978 -82.503 -0.035 0.000 0.075 0.997
26.169 -421.871 -82.511 -0.036 0.000 0.077 0.996
26.148 -421.737 -82.521 -0.037 0.000 0.079 0.996
26.128 -421.616 -82.530 -0.037 0.000 0.081 0.996
26.103 -421.468 -82.541 -0.038 0.000 0.084 0.996
26.090 -421.393 -82.547 -0.038 0.000 0.085 0.996
26.070 -421.277 -82.556 -0.039 0.000 0.087 0.995
26.055 -421.195 -82.563 -0.039 0.000 0.088 0.995
26.029 -421.049 -82.575 -0.040 0.000 0.090 0.995
26.006 -420.926 -82.585 -0.041 0.000 0.093 0.995
25.984 -420.812 -82.594 -0.042 0.000 0.095 0.995
25.968 -420.729 -82.601 -0.043 0.000 0.096 0.994
25.954 -420.659 -82.608 -0.043 0.000 0.097 0.994
25.930 -420.539 -82.618 -0.044 0.000 0.099 0.994
25.912 -420.448 -82.626 -0.045 0.000 0.101 0.994
25.882 -420.304 -82.640 -0.046 0.000 0.104 0.994
25.869 -420.245 -82.645 -0.046 0.000 0.105 0.993
25.842 -420.120 -82.657 -0.047 0.000 0.107 0.993
25.821 -420.021 -82.667 -0.048 0.000 0.108 0.993
25.794 -419.901 -82.679 -0.049 0.000 0.110 0.993
25.765 -419.776 -82.691 -0.049 0.000 0.112 0.992
25.740 -419.666 -82.702 -0.050 0.000 0.114 0.992
25.720 -419.585 -82.711 -0.051 0.000 0.116 0.992
25.695 -419.480 -82.722 -0.052 0.000 0.118 0.992
25.671 -419.381 -82.733 -0.053 0.000 0.120 0.991
25.648 -419.287 -82.743 -0.053 0.000 0.121 0.991
25.624 -419.190 -82.753 -0.054 0.000 0.123 0.991
25.599 -419.093 -82.764 -0.054 0.000 0.124 0.991
25.572 -418.987 -82.776 -0.055 0.000 0.126 0.990
25.551 -418.907 -82.785 -0.056 0.000 0.128 0.990
25.521 -418.793 -82.798 -0.057 0.000 0.130 0.990
25.487 -418.670 -82.813 -0.058 0.000 0.132 0.990
25.456 -418.557 -82.826 -0.059 0.000 0.134 0.989
25.429 -418.459 -82.839 -0.060 0.000 0.136 0.989
25.394 -418.338 -82.854 -0.061 0.000 0.138 0.989
25.365 -418.235 -82.867 -0.061 0.000 0.140 0.988
25.336 -418.138 -82.879 -0.062 0.000 0.142 0.988
25.309 -418.045 -82.891 -0.063 0.000 0.144 0.988
25.284 -417.964 -82.902 -0.063 0.000 0.145 0.987
25.269 -417.914 -82.908 -0.064 0.000 0.146 0.987
25.232 -417.794 -82.924 -0.065 0.000 0.148 0.987
25.206 -417.711 -82.936 -0.065 0.000 0.150 0.987
25.163 -417.574 -82.954 -0.066 0.000 0.152 0.986
25.141 -417.504 -82.964 -0.067 0.000 0.154 0.986
25.112 -417.414 -82.977 -0.067 0.000 0.155 0.986
25.071 -417.290 -82.994 -0.068 0.000 0.157 0.985
25.055 -417.240 -83.001 -0.068 0.000 0.158 0.985
25.025 -417.151 -83.014 -0.069 0.000 0.160 0.985
24.990 -417.049 -83.029 -0.070 0.000 0.161 0.984
24.947 -416.921 -83.048 -0.071 0.000 0.163 0.984
24.915 -416.830 -83.062 -0.071 0.000 0.165 0.984
24.878 -416.723 -83.078 -0.072 0.000 0.167 0.983
24.845 -416.629 -83.092 -0.073 0.000 0.168 0.983
24.812 -416.536 -83.106 -0.073 0.001 0.170 0.983
24.791 -416.478 -83.115 -0.074 0.001 0.171 0.982
24.753 -416.374 -83.132 -0.075 0.001 0.173 0.982
24.710 -416.258 -83.150 -0.075 0.001 0.175 0.982
24.693 -416.213 -83.157 -0.076 0.001 0.176 0.982
24.668 -416.144 -83.168 -0.076 0.001 0.177 0.981
24.635 -416.058 -83.182 -0.077 0.001 0.178 0.981
24.603 -415.974 -83.196 -0.077 0.001 0.180 0.981
24.569 -415.884 -83.211 -0.078 0.001 0.181 0.980
24.510 -415.732 -83.236 -0.079 0.001 0.184 0.980
24.463 -415.614 -83.256 -0.080 0.001 0.186 0.979
24.439 -415.554 -83.266 -0.080 0.001 0.187 0.979
24.400 -415.458 -83.283 -0.081 0.001 0.189 0.979
24.358 -415.354 -83.301 -0.081 0.001 0.190 0.978
24.318 -415.257 -83.318 -0.082 0.001 0.192 0.978
24.279 -415.162 -83.334 -0.083 0.001 0.194 0.978
24.246 -415.083 -83.348 -0.083 0.001 0.196 0.977
24.192 -414.956 -83.371 -0.085 0.001 0.198 0.977
24.152 -414.861 -83.389 -0.085 0.001 0.199 0.976
24.114 -414.774 -83.404 -0.086 0.001 0.201 0.976
24.081 -414.698 -83.419 -0.086 0.001 0.203 0.975
24.000 -414.515 -83.453 -0.087 0.001 0.206 0.975
23.963 -414.433 -83.468 -0.088 0.001 0.208 0.974
23.939 -414.379 -83.479 -0.088 0.001 0.209 0.974
23.894 -414.281 -83.497 -0.089 0.001 0.211 0.973
23.855 -414.197 -83.514 -0.089 0.001 0.213 0.973
23.826 -414.133 -83.526 -0.090 0.001 0.214 0.973
23.786 -414.049 -83.543 -0.091 0.001 0.216 0.972
23.703 -413.874 -83.577 -0.092 0.001 0.219 0.971
23.649 -413.761 -83.600 -0.093 0.001 0.221 0.971
23.606 -413.674 -83.618 -0.094 0.001 0.223 0.970
23.554 -413.568 -83.640 -0.095 0.001 0.225 0.970
23.496 -413.452 -83.664 -0.095 0.001 0.227 0.969
23.463 -413.385 -83.678 -0.096 0.001 0.229 0.969
23.400 -413.262 -83.705 -0.097 0.001 0.231 0.968
23.352 -413.168 -83.725 -0.098 0.001 0.233 0.968
23.295 -413.060 -83.748 -0.099 0.001 0.235 0.967
23.244 -412.963 -83.770 -0.100 0.001 0.237 0.966
23.203 -412.885 -83.787 -0.100 0.001 0.238 0.966
23.154 -412.793 -83.808 -0.101 0.001 0.240 0.965
23.104 -412.700 -83.828 -0.101 0.001 0.242 0.965
23.047 -412.596 -83.852 -0.102 0.001 0.244 0.964
22.976 -412.467 -83.882 -0.103 0.001 0.247 0.964
22.914 -412.356 -83.907 -0.104 0.001 0.249 0.963
22.849 -412.241 -83.934 -0.105 0.001 0.252 0.962
22.810 -412.172 -83.951 -0.106 0.001 0.253 0.962
22.762 -412.089 -83.971 -0.107 0.001 0.255 0.961
22.715 -412.009 -83.990 -0.108 0.001 0.256 0.961
22.669 -411.930 -84.009 -0.108 0.001 0.258 0.960
22.607 -411.824 -84.036 -0.109 0.001 0.260 0.959
22.584 -411.786 -84.045 -0.110 0.001 0.261 0.959
22.543 -411.718 -84.062 -0.110 0.001 0.262 0.959
22.490 -411.629 -84.085 -0.111 0.001 0.264 0.958
22.439 -411.546 -84.106 -0.112 0.001 0.266 0.957
22.393 -411.472 -84.125 -0.112 0.001 0.268 0.957
22.356 -411.412 -84.141 -0.113 0.001 0.269 0.956
22.299 -411.320 -84.165 -0.114 0.001 0.271 0.956
22.252 -411.245 -84.184 -0.114 0.001 0.272 0.955
22.194 -411.153 -84.209 -0.115 0.001 0.274 0.955
22.124 -411.044 -84.238 -0.116 0.001 0.277 0.954
22.066 -410.954 -84.262 -0.117 0.001 0.279 0.953
21.993 -410.843 -84.293 -0.118 0.001 0.281 0.953
21.948 -410.775 -84.311 -0.118 0.001 0.282 0.952
21.891 -410.689 -84.335 -0.119 0.001 0.284 0.951
21.838 -410.610 -84.357 -0.120 0.001 0.286 0.951
21.765 -410.501 -84.388 -0.121 0.001 0.288 0.950
21.661 -410.350 -84.432 -0.122 0.001 0.291 0.949
21.587 -410.244 -84.463 -0.123 0.001 0.293 0.948
21.522 -410.151 -84.490 -0.124 0.001 0.295 0.947
21.465 -410.070 -84.514 -0.125 0.001 0.297 0.947
21.411 -409.994 -84.536 -0.125 0.001 0.299 0.946
21.326 -409.876 -84.572 -0.126 0.001 0.302 0.945
21.262 -409.790 -84.598 -0.127 0.001 0.304 0.944
21.218 -409.729 -84.617 -0.127 0.001 0.305 0.944
21.152 -409.641 -84.644 -0.129 0.001 0.307 0.943
21.098 -409.569 -84.667 -0.129 0.001 0.309 0.942
21.053 -409.509 -84.685 -0.130 0.001 0.310 0.942
21.001 -409.440 -84.707 -0.130 0.001 0.312 0.941
20.919 -409.334 -84.741 -0.131 0.001 0.314 0.940
20.875 -409.277 -84.759 -0.132 0.001 0.315 0.940
20.815 -409.200 -84.784 -0.132 0.001 0.317 0.939
20.766 -409.136 -84.805 -0.133 0.001 0.318 0.939
20.683 -409.031 -84.839 -0.134 0.001 0.321 0.938
20.619 -408.951 -84.866 -0.135 0.001 0.323 0.937
20.531 -408.841 -84.903 -0.137 0.001 0.325 0.936
20.464 -408.759 -84.931 -0.138 0.001 0.327 0.935
20.401 -408.683 -84.958 -0.138 0.001 0.329 0.934
20.312 -408.575 -84.995 -0.140 0.001 0.331 0.933
20.227 -408.474 -85.031 -0.140 0.001 0.334 0.932
20.186 -408.425 -85.048 -0.141 0.001 0.335 0.932
20.124 -408.353 -85.074 -0.142 0.001 0.336 0.931
20.062 -408.281 -85.100 -0.143 0.001 0.338 0.930
19.994 -408.201 -85.129 -0.143 0.001 0.340 0.929
19.919 -408.116 -85.160 -0.144 0.001 0.342 0.929
19.871 -408.061 -85.181 -0.145 0.001 0.343 0.928
19.796 -407.975 -85.213 -0.146 0.000 0.345 0.927
19.729 -407.901 -85.241 -0.147 0.000 0.347 0.926
19.664 -407.828 -85.269 -0.148 0.000 0.348 0.926
19.597 -407.755 -85.297 -0.149 0.000 0.350 0.925
19.498 -407.646 -85.339 -0.150 0.000 0.353 0.924
19.443 -407.587 -85.363 -0.151 0.000 0.354 0.923
19.393 -407.533 -85.384 -0.151 0.000 0.356 0.922
19.361 -407.499 -85.398 -0.152 0.000 0.357 0.922
19.296 -407.430 -85.425 -0.152 0.000 0.358 0.921
19.229 -407.360 -85.454 -0.154 0.000 0.360 0.920
19.177 -407.305 -85.476 -0.154 0.000 0.361 0.920
19.112 -407.238 -85.504 -0.155 0.000 0.363 0.919
19.057 -407.182 -85.527 -0.155 0.000 0.365 0.918
18.981 -407.104 -85.559 -0.156 0.000 0.366 0.917
18.886 -407.008 -85.600 -0.157 0.000 0.369 0.916
18.819 -406.941 -85.628 -0.158 0.000 0.370 0.915
18.754 -406.877 -85.656 -0.158 0.000 0.372 0.915
18.687 -406.810 -85.685 -0.159 0.000 0.374 0.914
18.593 -406.719 -85.724 -0.160 0.000 0.376 0.913
18.510 -406.639 -85.760 -0.161 0.000 0.378 0.912
18.440 -406.571 -85.790 -0.161 0.000 0.380 0.911
18.360 -406.495 -85.824 -0.162 0.000 0.381 0.910
18.297 -406.437 -85.850 -0.163 0.000 0.383 0.909
18.242 -406.384 -85.874 -0.164 0.000 0.384 0.909
18.146 -406.296 -85.915 -0.165 0.000 0.387 0.907
18.092 -406.246 -85.938 -0.165 0.000 0.388 0.907
17.961 -406.127 -85.994 -0.167 0.000 0.391 0.905
17.877 -406.052 -86.030 -0.168 0.000 0.393 0.904
17.781 -405.967 -86.071 -0.169 0.000 0.395 0.903
17.672 -405.871 -86.117 -0.170 0.000 0.398 0.902
17.599 -405.807 -86.149 -0.171 0.000 0.400 0.901
17.534 -405.751 -86.177 -0.172 0.000 0.401 0.900
17.478 -405.704 -86.201 -0.172 0.000 0.402 0.899
17.375 -405.616 -86.245 -0.173 0.000 0.404 0.898
17.295 -405.549 -86.279 -0.174 0.000 0.406 0.897
17.218 -405.485 -86.312 -0.175 0.000 0.408 0.896
17.153 -405.432 -86.340 -0.175 0.000 0.410 0.895
17.090 -405.380 -86.367 -0.176 0.000 0.411 0.894
16.994 -405.302 -86.408 -0.177 -0.001 0.413 0.893
16.925 -405.247 -86.438 -0.178 0.000 0.415 0.892
16.851 -405.188 -86.470 -0.179 0.000 0.416 0.891
16.741 -405.101 -86.517 -0.180 0.000 0.419 0.890
16.680 -405.053 -86.543 -0.180 0.000 0.420 0.889
16.604 -404.994 -86.576 -0.181 0.000 0.422 0.889
16.523 -404.932 -86.611 -0.182 0.000 0.423 0.888
16.451 -404.877 -86.642 -0.182 0.000 0.425 0.887
16.365 -404.813 -86.678 -0.183 0.000 0.427 0.886
16.290 -404.756 -86.711 -0.184 0.000 0.428 0.885
16.200 -404.689 -86.749 -0.184 0.000 0.430 0.884
16.112 -404.625 -86.787 -0.185 0.000 0.432 0.882
16.026 -404.562 -86.824 -0.186 0.000 0.434 0.881
15.920 -404.486 -86.870 -0.187 -0.001 0.437 0.880
15.837 -404.427 -86.905 -0.188 0.000 0.438 0.879
15.690 -404.324 -86.968 -0.189 -0.001 0.440 0.878
15.610 -404.268 -87.003 -0.190 -0.001 0.442 0.877
15.533 -404.215 -87.036 -0.191 -0.001 0.443 0.876
15.469 -404.171 -87.064 -0.191 -0.001 0.445 0.875
15.365 -404.100 -87.109 -0.192 -0.001 0.447 0.874
15.242 -404.017 -87.162 -0.193 -0.001 0.450 0.872
15.142 -403.951 -87.205 -0.194 -0.001 0.452 0.871
15.071 -403.905 -87.235 -0.195 0.000 0.453 0.870
14.990 -403.853 -87.270 -0.195 0.000 0.455 0.869
14.913 -403.803 -87.303 -0.196 0.000 0.457 0.868
14.820 -403.744 -87.343 -0.196 0.000 0.459 0.867
14.765 -403.710 -87.366 -0.197 0.000 0.460 0.866
14.682 -403.658 -87.401 -0.197 0.000 0.461 0.865
14.597 -403.605 -87.438 -0.198 0.000 0.463 0.864
14.547 -403.574 -87.459 -0.198 0.000 0.464 0.863
14.448 -403.514 -87.502 -0.199 0.000 0.466 0.862
14.330 -403.443 -87.552 -0.200 0.000 0.468 0.861
14.224 -403.380 -87.598 -0.201 0.000 0.470 0.860
14.176 -403.352 -87.618 -0.202 0.000 0.470 0.859
14.107 -403.311 -87.648 -0.202 0.000 0.472 0.858
14.025 -403.264 -87.683 -0.203 0.000 0.473 0.857
13.925 -403.206 -87.726 -0.203 0.000 0.475 0.856
13.813 -403.142 -87.774 -0.204 0.000 0.476 0.855
13.745 -403.104 -87.803 -0.205 0.000 0.478 0.854
13.630 -403.039 -87.853 -0.206 0.000 0.479 0.853
13.539 -402.988 -87.892 -0.206 -0.001 0.481 0.852
13.459 -402.944 -87.926 -0.207 -0.001 0.482 0.851
13.338 -402.878 -87.978 -0.208 0.000 0.484 0.850
13.242 -402.827 -88.020 -0.209 -0.001 0.485 0.849
13.155 -402.780 -88.057 -0.209 -0.001 0.487 0.848
13.112 -402.757 -88.076 -0.210 -0.001 0.488 0.847
13.023 -402.711 -88.114 -0.210 0.000 0.490 0.846
12.895 -402.644 -88.169 -0.211 0.000 0.492 0.845
12.814 -402.603 -88.204 -0.212 0.000 0.493 0.844
12.722 -402.556 -88.243 -0.212 0.000 0.495 0.843
12.639 -402.515 -88.279 -0.213 0.000 0.496 0.842
12.529 -402.461 -88.326 -0.213 0.000 0.499 0.840
12.427 -402.411 -88.370 -0.214 0.000 0.500 0.839
12.354 -402.376 -88.401 -0.214 0.000 0.501 0.838
12.274 -402.337 -88.435 -0.215 0.000 0.503 0.837
12.190 -402.297 -88.471 -0.216 0.000 0.504 0.836
12.125 -402.267 -88.498 -0.216 0.000 0.505 0.835
12.015 -402.215 -88.546 -0.217 0.000 0.507 0.834
11.922 -402.173 -88.585 -0.217 0.000 0.509 0.833
11.871 -402.150 -88.607 -0.218 0.000 0.510 0.832
11.794 -402.115 -88.640 -0.218 0.000 0.511 0.831
11.699 -402.072 -88.680 -0.219 0.000 0.513 0.830
11.643 -402.048 -88.704 -0.219 0.000 0.514 0.830
11.543 -402.004 -88.746 -0.220 0.000 0.515 0.828
11.464 -401.970 -88.780 -0.220 0.000 0.517 0.827
11.343 -401.918 -88.832 -0.221 0.001 0.518 0.826
11.271 -401.888 -88.862 -0.221 0.001 0.520 0.825
11.202 -401.858 -88.891 -0.222 0.001 0.521 0.824
11.126 -401.827 -88.924 -0.222 0.000 0.522 0.824
11.033 -401.789 -88.963 -0.223 0.001 0.523 0.823
10.939 -401.750 -89.003 -0.223 0.001 0.525 0.822
10.886 -401.729 -89.026 -0.224 0.001 0.525 0.821
10.741 -401.671 -89.087 -0.225 0.001 0.528 0.819
10.661 -401.639 -89.121 -0.225 0.001 0.529 0.818
10.545 -401.594 -89.171 -0.226 0.001 0.531 0.817
10.450 -401.558 -89.211 -0.227 0.001 0.532 0.816
10.357 -401.523 -89.250 -0.227 0.001 0.534 0.815
10.284 -401.495 -89.281 -0.228 0.001 0.535 0.814
10.187 -401.459 -89.323 -0.228 0.001 0.536 0.813
10.092 -401.425 -89.363 -0.228 0.001 0.537 0.812
10.002 -401.392 -89.401 -0.229 0.001 0.539 0.811
