21.500 -475.902 -70.112 -0.001 0.000 0.002 1.000
21.500 -475.838 -70.112 -0.001 0.000 0.003 1.000
21.499 -475.713 -70.112 -0.002 0.000 0.005 1.000
21.498 -475.627 -70.113 -0.003 0.000 0.007 1.000
21.496 -475.520 -70.114 -0.004 0.000 0.009 1.000
21.493 -475.385 -70.115 -0.005 0.000 0.011 1.000
21.491 -475.278 -70.116 -0.005 0.000 0.013 1.000
21.488 -475.173 -70.117 -0.006 0.000 0.015 1.000
21.485 -475.079 -70.118 -0.006 0.000 0.017 1.000
21.479 -474.938 -70.120 -0.008 0.000 0.019 1.000
21.475 -474.833 -70.121 -0.008 0.000 0.021 1.000
21.470 -474.725 -70.123 -0.009 0.000 0.023 1.000
21.464 -474.587 -70.126 -0.010 0.000 0.026 1.000
21.459 -474.507 -70.127 -0.010 0.000 0.027 1.000
21.455 -474.425 -70.129 -0.011 0.000 0.028 1.000
21.450 -474.336 -70.131 -0.012 0.000 0.030 0.999
21.444 -474.240 -70.133 -0.012 0.000 0.031 0.999
21.435 -474.097 -70.137 -0.013 0.000 0.034 0.999
21.429 -474.012 -70.139 -0.014 0.000 0.035 0.999
21.423 -473.934 -70.142 -0.014 0.000 0.036 0.999
21.414 -473.811 -70.145 -0.015 0.000 0.038 0.999
21.406 -473.704 -70.149 -0.016 0.000 0.040 0.999
21.398 -473.611 -70.152 -0.017 0.000 0.041 0.999
21.389 -473.503 -70.155 -0.018 0.000 0.043 0.999
21.381 -473.413 -70.159 -0.018 0.000 0.044 0.999
21.374 -473.338 -70.161 -0.019 0.000 0.046 0.999
21.365 -473.234 -70.165 -0.020 0.000 0.047 0.999
21.357 -473.152 -70.169 -0.020 0.000 0.049 0.999
21.347 -473.056 -70.172 -0.021 0.000 0.050 0.999
21.338 -472.963 -70.176 -0.021 0.000 0.051 0.998
21.326 -472.854 -70.181 -0.022 0.000 0.053 0.998
21.312 -472.722 -70.187 -0.023 0.000 0.055 0.998
21.298 -472.597 -70.193 -0.024 0.000 0.057 0.998
21.284 -472.479 -70.199 -0.025 0.000 0.059 0.998
21.276 -472.417 -70.202 -0.025 0.000 0.060 0.998
21.265 -472.322 -70.207 -0.026 0.000 0.062 0.998
21.246 -472.176 -70.214 -0.026 0.000 0.064 0.998
21.232 -472.067 -70.220 -0.027 0.000 0.066 0.997
21.219 -471.966 -70.226 -0.027 0.000 0.067 0.997
21.205 -471.867 -70.231 -0.028 0.000 0.069 0.997
21.192 -471.774 -70.237 -0.028 0.000 0.071 0.997
21.182 -471.708 -70.240 -0.029 0.000 0.072 0.997
21.164 -471.583 -70.248 -0.030 0.000 0.074 0.997
21.149 -471.481 -70.254 -0.030 0.000 0.075 0.997
21.134 -471.385 -70.260 -0.031 0.000 0.076 0.997
21.114 -471.259 -70.268 -0.031 0.000 0.079 0.996
21.092 -471.124 -70.276 -0.032 0.000 0.081 0.996
21.063 -470.949 -70.288 -0.034 0.000 0.083 0.996
21.045 -470.842 -70.295 -0.034 0.000 0.085 0.996
21.026 -470.730 -70.303 -0.035 0.000 0.087 0.996
21.009 -470.634 -70.310 -0.036 0.000 0.088 0.995
20.987 -470.514 -70.319 -0.036 0.000 0.090 0.995
20.972 -470.433 -70.325 -0.037 0.000 0.091 0.995
20.954 -470.337 -70.332 -0.037 0.000 0.093 0.995
20.934 -470.230 -70.340 -0.038 0.000 0.094 0.995
20.914 -470.126 -70.349 -0.039 0.000 0.096 0.995
20.894 -470.023 -70.357 -0.039 0.000 0.098 0.994
20.874 -469.925 -70.365 -0.040 0.000 0.099 0.994
20.855 -469.832 -70.372 -0.041 0.000 0.100 0.994
20.837 -469.743 -70.380 -0.041 0.000 0.102 0.994
20.808 -469.605 -70.391 -0.042 0.000 0.104 0.994
20.785 -469.500 -70.400 -0.042 0.000 0.105 0.994
20.764 -469.402 -70.409 -0.043 0.000 0.107 0.993
20.729 -469.244 -70.423 -0.044 0.000 0.110 0.993
20.700 -469.115 -70.434 -0.044 0.000 0.111 0.993
20.682 -469.035 -70.442 -0.045 0.000 0.112 0.993
20.657 -468.929 -70.451 -0.045 0.000 0.114 0.993
20.627 -468.798 -70.464 -0.046 0.000 0.115 0.992
20.598 -468.677 -70.475 -0.047 0.000 0.117 0.992
20.568 -468.555 -70.487 -0.047 0.000 0.119 0.992
20.547 -468.467 -70.495 -0.048 0.000 0.120 0.992
20.518 -468.352 -70.507 -0.048 0.000 0.122 0.991
20.495 -468.260 -70.516 -0.049 0.000 0.124 0.991
20.471 -468.169 -70.525 -0.049 0.000 0.125 0.991
20.459 -468.121 -70.530 -0.049 0.000 0.126 0.991
20.437 -468.037 -70.538 -0.050 0.000 0.127 0.991
20.418 -467.965 -70.546 -0.050 0.000 0.128 0.990
20.391 -467.863 -70.556 -0.051 0.000 0.130 0.990
20.370 -467.783 -70.565 -0.051 0.000 0.131 0.990
20.355 -467.727 -70.571 -0.051 0.000 0.132 0.990
20.322 -467.608 -70.583 -0.052 0.000 0.133 0.990
20.299 -467.523 -70.592 -0.052 0.000 0.134 0.990
20.277 -467.446 -70.601 -0.053 0.000 0.136 0.989
20.247 -467.340 -70.612 -0.053 0.000 0.137 0.989
20.227 -467.270 -70.620 -0.054 0.000 0.138 0.989
20.201 -467.177 -70.630 -0.055 0.000 0.139 0.989
20.191 -467.143 -70.634 -0.055 0.000 0.140 0.989
20.168 -467.063 -70.643 -0.055 0.000 0.141 0.989
20.150 -467.003 -70.650 -0.055 0.000 0.142 0.988
20.116 -466.887 -70.663 -0.056 0.000 0.143 0.988
20.096 -466.819 -70.671 -0.056 0.000 0.144 0.988
20.068 -466.726 -70.682 -0.056 0.000 0.145 0.988
20.046 -466.656 -70.690 -0.056 0.000 0.146 0.988
20.005 -466.520 -70.706 -0.057 0.000 0.148 0.987
19.982 -466.447 -70.715 -0.057 0.000 0.149 0.987
19.959 -466.372 -70.724 -0.057 0.000 0.150 0.987
19.929 -466.276 -70.735 -0.058 0.000 0.151 0.987
19.896 -466.171 -70.748 -0.059 0.000 0.152 0.987
19.860 -466.060 -70.762 -0.059 0.000 0.154 0.986
19.826 -465.953 -70.775 -0.059 0.000 0.155 0.986
19.792 -465.850 -70.788 -0.059 0.000 0.157 0.986
19.761 -465.755 -70.799 -0.060 0.000 0.158 0.986
19.731 -465.663 -70.811 -0.060 0.001 0.158 0.986
19.692 -465.547 -70.825 -0.060 0.001 0.160 0.985
19.651 -465.426 -70.841 -0.061 0.000 0.161 0.985
19.616 -465.322 -70.854 -0.061 0.000 0.162 0.985
19.576 -465.205 -70.869 -0.061 0.001 0.163 0.985
19.539 -465.096 -70.883 -0.062 0.001 0.164 0.985
19.511 -465.017 -70.893 -0.062 0.001 0.165 0.984
19.487 -464.946 -70.902 -0.062 0.001 0.166 0.984
19.448 -464.835 -70.917 -0.062 0.001 0.167 0.984
19.406 -464.717 -70.932 -0.063 0.001 0.168 0.984
19.373 -464.622 -70.945 -0.063 0.001 0.169 0.984
19.333 -464.511 -70.960 -0.063 0.001 0.170 0.983
19.291 -464.395 -70.975 -0.064 0.001 0.171 0.983
19.244 -464.263 -70.993 -0.064 0.001 0.172 0.983
19.193 -464.124 -71.012 -0.065 0.001 0.174 0.983
19.157 -464.025 -71.025 -0.065 0.001 0.174 0.983
19.129 -463.951 -71.035 -0.065 0.001 0.175 0.982
19.084 -463.828 -71.052 -0.065 0.001 0.176 0.982
19.038 -463.705 -71.069 -0.065 0.001 0.177 0.982
19.005 -463.618 -71.081 -0.065 0.001 0.178 0.982
18.977 -463.545 -71.091 -0.065 0.001 0.179 0.982
18.939 -463.443 -71.105 -0.065 0.001 0.179 0.982
18.913 -463.376 -71.114 -0.065 0.001 0.180 0.982
18.879 -463.287 -71.126 -0.065 0.001 0.181 0.981
18.845 -463.199 -71.138 -0.065 0.001 0.181 0.981
18.801 -463.083 -71.154 -0.065 0.001 0.182 0.981
18.777 -463.022 -71.163 -0.065 0.001 0.182 0.981
18.731 -462.903 -71.179 -0.065 0.001 0.183 0.981
18.686 -462.787 -71.195 -0.065 0.001 0.184 0.981
18.664 -462.733 -71.202 -0.065 0.001 0.185 0.981
18.632 -462.650 -71.214 -0.065 0.001 0.185 0.981
18.599 -462.566 -71.225 -0.065 0.001 0.186 0.980
18.561 -462.471 -71.238 -0.065 0.001 0.187 0.980
18.528 -462.388 -71.250 -0.065 0.001 0.187 0.980
18.481 -462.271 -71.266 -0.065 0.001 0.188 0.980
18.458 -462.214 -71.274 -0.065 0.001 0.188 0.980
18.427 -462.136 -71.285 -0.065 0.001 0.189 0.980
18.387 -462.036 -71.299 -0.065 0.002 0.189 0.980
18.353 -461.952 -71.310 -0.065 0.002 0.190 0.980
18.316 -461.863 -71.323 -0.066 0.002 0.190 0.980
18.288 -461.793 -71.333 -0.066 0.002 0.191 0.979
18.237 -461.668 -71.350 -0.066 0.002 0.192 0.979
18.184 -461.538 -71.368 -0.066 0.002 0.193 0.979
18.151 -461.458 -71.379 -0.066 0.002 0.193 0.979
18.104 -461.345 -71.395 -0.066 0.002 0.194 0.979
18.057 -461.233 -71.411 -0.066 0.002 0.195 0.979
18.017 -461.138 -71.424 -0.066 0.002 0.196 0.978
17.961 -461.003 -71.443 -0.066 0.002 0.197 0.978
17.919 -460.903 -71.457 -0.066 0.002 0.197 0.978
17.877 -460.806 -71.471 -0.066 0.002 0.198 0.978
17.841 -460.720 -71.483 -0.066 0.002 0.198 0.978
17.803 -460.630 -71.495 -0.066 0.002 0.199 0.978
17.767 -460.548 -71.507 -0.066 0.002 0.200 0.978
17.736 -460.474 -71.517 -0.066 0.002 0.200 0.977
17.699 -460.389 -71.529 -0.066 0.002 0.201 0.977
17.660 -460.298 -71.542 -0.066 0.002 0.202 0.977
17.620 -460.206 -71.555 -0.066 0.002 0.202 0.977
17.568 -460.087 -71.572 -0.066 0.002 0.203 0.977
17.515 -459.966 -71.589 -0.065 0.003 0.204 0.977
17.471 -459.865 -71.603 -0.065 0.003 0.204 0.977
17.433 -459.780 -71.615 -0.065 0.003 0.205 0.977
17.401 -459.708 -71.625 -0.065 0.003 0.205 0.977
17.362 -459.619 -71.637 -0.065 0.003 0.206 0.976
17.330 -459.547 -71.647 -0.065 0.003 0.206 0.976
17.259 -459.387 -71.669 -0.065 0.003 0.207 0.976
17.222 -459.306 -71.681 -0.065 0.003 0.208 0.976
17.194 -459.243 -71.689 -0.065 0.003 0.208 0.976
17.147 -459.139 -71.704 -0.065 0.003 0.209 0.976
17.112 -459.062 -71.715 -0.065 0.003 0.210 0.976
17.070 -458.970 -71.728 -0.065 0.003 0.210 0.975
17.032 -458.887 -71.739 -0.065 0.003 0.211 0.975
17.001 -458.818 -71.749 -0.065 0.003 0.211 0.975
16.961 -458.731 -71.761 -0.065 0.003 0.212 0.975
16.913 -458.627 -71.775 -0.065 0.003 0.212 0.975
16.863 -458.518 -71.791 -0.065 0.003 0.213 0.975
16.825 -458.436 -71.802 -0.065 0.003 0.214 0.975
16.792 -458.366 -71.812 -0.065 0.003 0.214 0.975
16.753 -458.282 -71.824 -0.064 0.003 0.215 0.975
16.719 -458.208 -71.834 -0.064 0.003 0.215 0.974
16.681 -458.127 -71.845 -0.065 0.003 0.216 0.974
16.631 -458.020 -71.860 -0.065 0.003 0.216 0.974
16.568 -457.886 -71.878 -0.064 0.004 0.217 0.974
16.539 -457.824 -71.887 -0.064 0.004 0.217 0.974
16.485 -457.711 -71.903 -0.064 0.004 0.218 0.974
16.427 -457.588 -71.919 -0.064 0.004 0.219 0.974
16.371 -457.471 -71.936 -0.064 0.004 0.220 0.973
16.322 -457.370 -71.949 -0.064 0.004 0.220 0.973
16.285 -457.292 -71.960 -0.064 0.004 0.221 0.973
16.244 -457.206 -71.972 -0.063 0.004 0.221 0.973
16.195 -457.106 -71.985 -0.063 0.004 0.222 0.973
16.150 -457.012 -71.998 -0.063 0.004 0.222 0.973
16.106 -456.922 -72.010 -0.063 0.004 0.223 0.973
16.058 -456.824 -72.024 -0.063 0.004 0.223 0.973
16.008 -456.722 -72.037 -0.063 0.004 0.223 0.973
15.968 -456.640 -72.049 -0.063 0.004 0.224 0.973
15.936 -456.575 -72.057 -0.063 0.004 0.224 0.973
15.871 -456.442 -72.075 -0.063 0.004 0.225 0.972
15.838 -456.375 -72.084 -0.063 0.004 0.225 0.972
15.790 -456.278 -72.097 -0.063 0.005 0.225 0.972
15.736 -456.169 -72.112 -0.063 0.005 0.226 0.972
15.688 -456.072 -72.125 -0.063 0.005 0.227 0.972
15.628 -455.950 -72.142 -0.063 0.005 0.227 0.972
15.579 -455.853 -72.155 -0.063 0.005 0.228 0.972
15.525 -455.745 -72.169 -0.063 0.005 0.228 0.972
15.445 -455.584 -72.191 -0.062 0.005 0.230 0.971
15.376 -455.448 -72.209 -0.063 0.005 0.231 0.971
15.339 -455.376 -72.219 -0.062 0.005 0.231 0.971
15.296 -455.290 -72.230 -0.063 0.005 0.231 0.971
15.232 -455.164 -72.247 -0.062 0.005 0.231 0.971
15.154 -455.012 -72.268 -0.062 0.005 0.232 0.971
15.100 -454.905 -72.282 -0.062 0.005 0.233 0.971
15.037 -454.783 -72.298 -0.062 0.005 0.234 0.970
14.998 -454.707 -72.309 -0.062 0.005 0.234 0.970
14.949 -454.613 -72.321 -0.062 0.005 0.235 0.970
14.890 -454.498 -72.336 -0.062 0.005 0.235 0.970
14.833 -454.390 -72.351 -0.061 0.005 0.236 0.970
14.787 -454.300 -72.363 -0.061 0.006 0.237 0.970
14.742 -454.214 -72.374 -0.061 0.006 0.237 0.970
14.695 -454.124 -72.386 -0.061 0.006 0.237 0.970
14.651 -454.040 -72.397 -0.061 0.006 0.238 0.969
14.576 -453.898 -72.415 -0.061 0.006 0.239 0.969
14.533 -453.817 -72.426 -0.061 0.006 0.239 0.969
14.472 -453.701 -72.441 -0.060 0.006 0.240 0.969
14.410 -453.585 -72.456 -0.060 0.006 0.241 0.969
14.362 -453.495 -72.468 -0.060 0.006 0.242 0.968
14.306 -453.391 -72.481 -0.060 0.006 0.242 0.968
14.252 -453.290 -72.494 -0.059 0.006 0.243 0.968
