26.391 -423.607 -82.405 -0.025 0.000 0.050 0.998
26.380 -423.502 -82.410 -0.026 0.000 0.051 0.998
26.370 -423.409 -82.415 -0.027 0.000 0.053 0.998
26.360 -423.310 -82.421 -0.028 0.000 0.055 0.998
26.350 -423.222 -82.426 -0.028 0.000 0.056 0.998
26.340 -423.137 -82.430 -0.029 0.000 0.058 0.998
26.331 -423.056 -82.435 -0.029 0.000 0.059 0.998
26.318 -422.947 -82.442 -0.030 0.000 0.061 0.998
26.304 -422.839 -82.448 -0.031 0.000 0.063 0.998
26.291 -422.738 -82.455 -0.032 0.000 0.064 0.997
26.276 -422.621 -82.462 -0.032 0.000 0.066 0.997
26.263 -422.528 -82.469 -0.033 0.000 0.067 0.997
26.252 -422.448 -82.474 -0.033 0.000 0.069 0.997
26.238 -422.344 -82.481 -0.034 0.000 0.071 0.997
26.224 -422.247 -82.488 -0.035 0.000 0.072 0.997
26.208 -422.139 -82.495 -0.035 0.000 0.074 0.997
26.188 -422.008 -82.505 -0.036 0.000 0.075 0.996
26.163 -421.844 -82.517 -0.037 0.000 0.078 0.996
26.140 -421.704 -82.527 -0.038 0.000 0.080 0.996
26.124 -421.605 -82.535 -0.038 0.000 0.082 0.996
26.104 -421.488 -82.544 -0.040 0.000 0.084 0.996
26.084 -421.369 -82.554 -0.041 0.000 0.086 0.995
26.064 -421.258 -82.563 -0.041 0.000 0.088 0.995
26.048 -421.170 -82.571 -0.042 0.000 0.089 0.995
26.024 -421.039 -82.582 -0.043 0.000 0.091 0.995
26.007 -420.948 -82.590 -0.043 0.000 0.093 0.995
25.982 -420.817 -82.601 -0.044 0.000 0.094 0.995
25.968 -420.742 -82.608 -0.045 0.000 0.095 0.994
25.956 -420.684 -82.614 -0.045 0.000 0.096 0.994
25.937 -420.583 -82.623 -0.046 0.000 0.098 0.994
25.923 -420.515 -82.629 -0.047 0.000 0.099 0.994
25.903 -420.418 -82.639 -0.048 0.000 0.101 0.994
25.875 -420.282 -82.652 -0.049 0.000 0.104 0.993
25.845 -420.144 -82.666 -0.050 0.000 0.106 0.993
25.828 -420.069 -82.674 -0.051 0.000 0.108 0.993
25.792 -419.905 -82.691 -0.051 0.000 0.111 0.993
25.771 -419.814 -82.701 -0.052 0.000 0.112 0.992
25.735 -419.658 -82.717 -0.053 0.000 0.115 0.992
25.718 -419.587 -82.725 -0.054 0.000 0.116 0.992
25.691 -419.475 -82.738 -0.054 0.000 0.118 0.992
25.665 -419.370 -82.750 -0.055 0.000 0.120 0.991
25.642 -419.276 -82.760 -0.056 0.000 0.122 0.991
25.608 -419.141 -82.776 -0.056 0.000 0.124 0.991
25.591 -419.075 -82.783 -0.057 0.000 0.125 0.991
25.566 -418.977 -82.795 -0.057 0.000 0.127 0.990
25.537 -418.867 -82.808 -0.058 0.000 0.129 0.990
25.511 -418.772 -82.819 -0.059 0.000 0.130 0.990
25.490 -418.693 -82.829 -0.059 0.000 0.131 0.990
25.464 -418.600 -82.840 -0.060 0.000 0.133 0.989
25.419 -418.435 -82.861 -0.062 0.000 0.136 0.989
25.389 -418.330 -82.874 -0.062 0.000 0.138 0.988
25.360 -418.230 -82.887 -0.063 0.000 0.140 0.988
25.331 -418.132 -82.900 -0.064 0.000 0.142 0.988
25.306 -418.046 -82.912 -0.065 0.000 0.144 0.988
25.271 -417.931 -82.927 -0.066 0.000 0.146 0.987
25.252 -417.867 -82.936 -0.066 0.000 0.147 0.987
25.230 -417.796 -82.946 -0.067 0.000 0.148 0.987
25.202 -417.706 -82.959 -0.068 0.000 0.150 0.986
25.174 -417.618 -82.971 -0.069 0.000 0.151 0.986
25.137 -417.502 -82.988 -0.069 0.000 0.154 0.986
25.105 -417.401 -83.003 -0.070 0.000 0.155 0.985
25.062 -417.270 -83.022 -0.071 0.000 0.158 0.985
25.026 -417.162 -83.038 -0.072 0.000 0.159 0.985
24.995 -417.070 -83.052 -0.072 0.000 0.161 0.984
24.975 -417.013 -83.061 -0.073 0.000 0.162 0.984
24.934 -416.892 -83.079 -0.074 0.000 0.164 0.984
24.894 -416.776 -83.097 -0.074 0.001 0.166 0.983
24.859 -416.676 -83.113 -0.075 0.001 0.168 0.983
24.839 -416.622 -83.121 -0.075 0.001 0.169 0.983
24.808 -416.535 -83.135 -0.075 0.001 0.170 0.983
24.771 -416.432 -83.152 -0.076 0.001 0.172 0.982
24.725 -416.308 -83.172 -0.077 0.001 0.174 0.982
24.692 -416.216 -83.187 -0.077 0.001 0.175 0.982
24.665 -416.146 -83.198 -0.078 0.001 0.176 0.981
24.625 -416.037 -83.216 -0.078 0.001 0.178 0.981
24.591 -415.949 -83.231 -0.079 0.001 0.180 0.980
24.557 -415.862 -83.246 -0.080 0.001 0.182 0.980
24.521 -415.767 -83.262 -0.080 0.001 0.183 0.980
24.495 -415.702 -83.273 -0.080 0.001 0.184 0.980
24.460 -415.612 -83.288 -0.081 0.001 0.186 0.979
24.439 -415.560 -83.297 -0.081 0.001 0.187 0.979
24.392 -415.443 -83.318 -0.082 0.001 0.188 0.979
24.349 -415.335 -83.337 -0.083 0.001 0.190 0.978
24.286 -415.183 -83.364 -0.084 0.001 0.193 0.978
24.233 -415.056 -83.387 -0.085 0.001 0.195 0.977
24.202 -414.982 -83.400 -0.086 0.001 0.197 0.977
24.173 -414.914 -83.413 -0.086 0.001 0.198 0.976
24.134 -414.823 -83.430 -0.087 0.001 0.200 0.976
24.101 -414.746 -83.445 -0.088 0.001 0.201 0.976
24.052 -414.635 -83.466 -0.089 0.001 0.203 0.975
24.000 -414.517 -83.489 -0.090 0.001 0.206 0.974
23.967 -414.444 -83.503 -0.091 0.001 0.207 0.974
23.905 -414.307 -83.530 -0.092 0.001 0.210 0.973
23.855 -414.197 -83.552 -0.093 0.001 0.212 0.973
23.816 -414.114 -83.569 -0.094 0.001 0.214 0.972
23.771 -414.017 -83.589 -0.094 0.001 0.216 0.972
23.728 -413.927 -83.607 -0.095 0.001 0.217 0.971
23.680 -413.827 -83.628 -0.096 0.001 0.219 0.971
23.630 -413.723 -83.650 -0.097 0.001 0.221 0.970
23.611 -413.684 -83.659 -0.098 0.001 0.222 0.970
23.568 -413.598 -83.677 -0.098 0.001 0.224 0.970
23.513 -413.486 -83.702 -0.099 0.001 0.226 0.969
23.474 -413.409 -83.719 -0.100 0.001 0.228 0.969
23.433 -413.327 -83.737 -0.101 0.001 0.229 0.968
23.392 -413.246 -83.755 -0.102 0.001 0.231 0.968
23.334 -413.134 -83.781 -0.103 0.001 0.233 0.967
23.276 -413.023 -83.806 -0.104 0.001 0.235 0.966
23.202 -412.884 -83.838 -0.105 0.001 0.238 0.966
23.154 -412.793 -83.860 -0.106 0.001 0.240 0.965
23.102 -412.697 -83.883 -0.107 0.001 0.241 0.965
23.042 -412.586 -83.909 -0.108 0.001 0.244 0.964
22.990 -412.493 -83.932 -0.108 0.001 0.246 0.963
22.946 -412.413 -83.952 -0.109 0.001 0.247 0.963
22.893 -412.318 -83.975 -0.110 0.001 0.249 0.962
22.832 -412.210 -84.002 -0.111 0.001 0.252 0.961
22.767 -412.097 -84.031 -0.112 0.001 0.254 0.961
22.714 -412.005 -84.054 -0.113 0.001 0.256 0.960
22.657 -411.908 -84.079 -0.114 0.001 0.257 0.960
22.610 -411.827 -84.100 -0.114 0.001 0.259 0.959
22.556 -411.737 -84.124 -0.115 0.001 0.261 0.958
22.497 -411.638 -84.150 -0.116 0.000 0.263 0.958
22.443 -411.549 -84.174 -0.117 0.001 0.265 0.957
22.372 -411.434 -84.205 -0.118 0.001 0.267 0.956
22.334 -411.372 -84.222 -0.118 0.001 0.268 0.956
22.279 -411.283 -84.246 -0.119 0.001 0.270 0.955
22.228 -411.202 -84.268 -0.120 0.001 0.272 0.955
22.180 -411.127 -84.289 -0.121 0.001 0.273 0.954
22.123 -411.037 -84.315 -0.122 0.001 0.275 0.954
22.085 -410.978 -84.331 -0.122 0.001 0.277 0.953
22.034 -410.899 -84.354 -0.123 0.001 0.278 0.953
21.968 -410.798 -84.383 -0.123 0.001 0.280 0.952
21.915 -410.717 -84.406 -0.124 0.001 0.282 0.951
21.859 -410.634 -84.431 -0.125 0.001 0.284 0.951
21.817 -410.571 -84.449 -0.125 0.001 0.285 0.950
21.780 -410.517 -84.465 -0.126 0.001 0.286 0.950
21.728 -410.439 -84.488 -0.127 0.001 0.288 0.949
21.667 -410.351 -84.515 -0.127 0.001 0.290 0.949
21.626 -410.291 -84.533 -0.128 0.001 0.291 0.948
21.571 -410.213 -84.557 -0.129 0.001 0.293 0.947
21.507 -410.121 -84.585 -0.129 0.001 0.295 0.947
21.433 -410.018 -84.617 -0.130 0.001 0.297 0.946
21.380 -409.943 -84.640 -0.131 0.001 0.299 0.945
21.313 -409.850 -84.670 -0.132 0.001 0.301 0.945
21.264 -409.783 -84.691 -0.132 0.001 0.302 0.944
21.196 -409.690 -84.721 -0.133 0.001 0.304 0.943
21.169 -409.653 -84.733 -0.134 0.001 0.305 0.943
21.121 -409.588 -84.754 -0.134 0.001 0.306 0.942
21.046 -409.489 -84.786 -0.135 0.001 0.309 0.942
20.990 -409.414 -84.811 -0.136 0.001 0.310 0.941
20.918 -409.320 -84.843 -0.137 0.001 0.312 0.940
20.819 -409.191 -84.886 -0.138 0.001 0.315 0.939
20.748 -409.101 -84.917 -0.138 0.001 0.317 0.938
20.695 -409.033 -84.940 -0.139 0.001 0.319 0.937
20.624 -408.944 -84.971 -0.140 0.001 0.321 0.937
20.559 -408.862 -84.999 -0.141 0.001 0.323 0.936
20.503 -408.793 -85.023 -0.141 0.001 0.325 0.935
20.424 -408.696 -85.057 -0.142 0.001 0.326 0.934
20.351 -408.608 -85.089 -0.143 0.001 0.328 0.934
20.304 -408.550 -85.110 -0.144 0.001 0.330 0.933
20.237 -408.470 -85.139 -0.144 0.001 0.332 0.932
20.176 -408.398 -85.165 -0.145 0.001 0.333 0.932
20.109 -408.319 -85.194 -0.146 0.001 0.335 0.931
20.048 -408.248 -85.220 -0.147 0.001 0.337 0.930
19.994 -408.185 -85.244 -0.147 0.001 0.338 0.930
19.943 -408.126 -85.266 -0.148 0.001 0.339 0.929
19.905 -408.082 -85.282 -0.148 0.001 0.340 0.928
19.829 -407.996 -85.315 -0.150 0.001 0.343 0.927
19.763 -407.922 -85.344 -0.150 0.001 0.344 0.927
19.710 -407.862 -85.367 -0.151 0.001 0.346 0.926
19.662 -407.809 -85.388 -0.152 0.001 0.347 0.925
19.592 -407.732 -85.419 -0.153 0.001 0.349 0.925
19.529 -407.662 -85.446 -0.153 0.001 0.351 0.924
19.430 -407.555 -85.489 -0.154 0.001 0.353 0.923
19.383 -407.505 -85.510 -0.154 0.001 0.355 0.922
19.329 -407.447 -85.533 -0.155 0.001 0.356 0.922
19.250 -407.363 -85.567 -0.156 0.001 0.358 0.921
19.149 -407.258 -85.611 -0.157 0.001 0.361 0.919
19.104 -407.211 -85.631 -0.157 0.001 0.362 0.919
19.015 -407.119 -85.669 -0.158 0.001 0.364 0.918
18.931 -407.034 -85.705 -0.159 0.001 0.366 0.917
18.863 -406.966 -85.735 -0.160 0.001 0.368 0.916
18.809 -406.911 -85.758 -0.160 0.001 0.369 0.915
18.739 -406.842 -85.788 -0.161 0.001 0.371 0.915
18.692 -406.796 -85.809 -0.162 0.001 0.372 0.914
18.616 -406.721 -85.842 -0.162 0.001 0.374 0.913
18.540 -406.647 -85.875 -0.163 0.001 0.376 0.912
18.488 -406.596 -85.897 -0.164 0.001 0.377 0.912
18.411 -406.522 -85.930 -0.164 0.001 0.379 0.911
18.314 -406.430 -85.972 -0.166 0.001 0.381 0.909
18.238 -406.360 -86.005 -0.167 0.001 0.383 0.908
18.139 -406.268 -86.048 -0.168 0.001 0.386 0.907
18.082 -406.216 -86.072 -0.168 0.001 0.387 0.906
18.016 -406.155 -86.101 -0.169 0.001 0.389 0.906
17.942 -406.088 -86.133 -0.170 0.001 0.390 0.905
17.875 -406.028 -86.162 -0.171 0.001 0.392 0.904
17.799 -405.960 -86.195 -0.171 0.001 0.394 0.903
17.745 -405.912 -86.219 -0.172 0.001 0.395 0.902
17.651 -405.830 -86.259 -0.173 0.001 0.397 0.901
17.606 -405.791 -86.279 -0.173 0.001 0.398 0.901
17.553 -405.745 -86.302 -0.174 0.001 0.399 0.900
17.467 -405.672 -86.339 -0.175 0.001 0.401 0.899
17.376 -405.594 -86.379 -0.175 0.001 0.403 0.898
17.308 -405.536 -86.409 -0.176 0.001 0.405 0.897
17.193 -405.441 -86.458 -0.177 0.001 0.407 0.896
17.121 -405.380 -86.490 -0.178 0.001 0.409 0.895
17.053 -405.325 -86.519 -0.179 0.001 0.410 0.894
16.955 -405.246 -86.561 -0.179 0.001 0.412 0.893
16.864 -405.172 -86.601 -0.180 0.001 0.414 0.892
16.784 -405.109 -86.635 -0.181 0.001 0.416 0.891
16.729 -405.066 -86.659 -0.182 0.001 0.418 0.890
16.669 -405.019 -86.685 -0.182 0.001 0.419 0.890
16.582 -404.951 -86.723 -0.183 0.001 0.421 0.889
16.515 -404.899 -86.752 -0.184 0.001 0.422 0.888
16.464 -404.860 -86.774 -0.184 0.001 0.423 0.887
16.377 -404.794 -86.812 -0.185 0.001 0.425 0.886
16.275 -404.718 -86.856 -0.186 0.001 0.427 0.885
16.221 -404.677 -86.879 -0.187 0.001 0.428 0.884
16.148 -404.623 -86.911 -0.187 0.001 0.430 0.883
16.077 -404.572 -86.942 -0.188 0.001 0.432 0.882
15.995 -404.512 -86.978 -0.189 0.001 0.433 0.881
15.906 -404.448 -87.016 -0.190 0.001 0.435 0.880
15.851 -404.409 -87.040 -0.190 0.001 0.436 0.880
15.783 -404.360 -87.070 -0.191 0.001 0.437 0.879
15.711 -404.309 -87.101 -0.191 0.001 0.439 0.878
15.650 -404.267 -87.127 -0.192 0.001 0.440 0.877
15.569 -404.211 -87.163 -0.192 0.001 0.442 0.876
15.502 -404.164 -87.192 -0.193 0.001 0.443 0.876
15.408 -404.100 -87.233 -0.194 0.001 0.445 0.875
15.343 -404.056 -87.261 -0.194 0.001 0.446 0.874
15.234 -403.982 -87.308 -0.195 0.001 0.448 0.873
15.125 -403.910 -87.355 -0.196 0.001 0.450 0.871
15.060 -403.868 -87.384 -0.197 0.001 0.451 0.870
14.947 -403.794 -87.433 -0.198 0.001 0.453 0.869
14.895 -403.761 -87.456 -0.198 0.001 0.454 0.869
14.824 -403.715 -87.487 -0.199 0.001 0.456 0.868
14.744 -403.664 -87.521 -0.199 0.001 0.457 0.867
14.695 -403.633 -87.542 -0.200 0.001 0.458 0.866
14.584 -403.563 -87.591 -0.200 0.001 0.460 0.865
14.508 -403.516 -87.623 -0.201 0.001 0.462 0.864
14.420 -403.462 -87.662 -0.202 0.001 0.463 0.863
14.309 -403.394 -87.710 -0.203 0.001 0.465 0.862
14.246 -403.356 -87.738 -0.203 0.001 0.466 0.861
14.163 -403.307 -87.773 -0.204 0.001 0.468 0.860
14.089 -403.263 -87.805 -0.204 0.001 0.469 0.859
14.006 -403.214 -87.841 -0.205 0.001 0.470 0.859
13.949 -403.180 -87.866 -0.205 0.001 0.471 0.858
13.873 -403.136 -87.899 -0.206 0.001 0.472 0.857
13.790 -403.089 -87.935 -0.207 0.001 0.474 0.856
13.693 -403.033 -87.977 -0.207 0.001 0.475 0.855
13.602 -402.982 -88.017 -0.207 0.001 0.476 0.854
13.509 -402.930 -88.057 -0.208 0.001 0.478 0.853
13.434 -402.888 -88.090 -0.208 0.001 0.479 0.852
13.364 -402.850 -88.120 -0.209 0.001 0.480 0.852
13.273 -402.800 -88.160 -0.210 0.001 0.482 0.851
13.187 -402.753 -88.197 -0.210 0.001 0.483 0.850
13.124 -402.719 -88.224 -0.211 0.001 0.484 0.849
13.043 -402.676 -88.260 -0.211 0.001 0.485 0.848
12.953 -402.628 -88.299 -0.212 0.001 0.487 0.847
12.881 -402.590 -88.330 -0.213 0.001 0.488 0.846
12.812 -402.554 -88.360 -0.213 0.001 0.490 0.846
12.697 -402.495 -88.409 -0.214 0.001 0.492 0.844
12.612 -402.451 -88.446 -0.215 0.001 0.493 0.843
12.501 -402.395 -88.495 -0.215 0.001 0.495 0.842
12.406 -402.347 -88.536 -0.216 0.001 0.496 0.841
12.294 -402.292 -88.585 -0.217 0.001 0.498 0.839
12.212 -402.253 -88.620 -0.218 0.001 0.500 0.838
12.154 -402.225 -88.645 -0.219 0.001 0.501 0.838
12.063 -402.181 -88.685 -0.219 0.001 0.502 0.836
12.016 -402.159 -88.706 -0.220 0.000 0.503 0.836
11.933 -402.120 -88.742 -0.221 0.000 0.504 0.835
11.873 -402.092 -88.768 -0.221 0.001 0.505 0.834
11.769 -402.044 -88.813 -0.222 0.001 0.507 0.833
11.710 -402.017 -88.839 -0.222 0.001 0.508 0.832
11.614 -401.973 -88.881 -0.223 0.001 0.510 0.831
11.546 -401.943 -88.911 -0.223 0.001 0.511 0.830
11.487 -401.917 -88.936 -0.224 0.001 0.512 0.830
11.395 -401.876 -88.976 -0.224 0.000 0.513 0.829
11.331 -401.848 -89.005 -0.225 0.001 0.514 0.828
11.223 -401.802 -89.052 -0.225 0.001 0.516 0.826
11.143 -401.768 -89.086 -0.226 0.001 0.517 0.825
11.061 -401.733 -89.122 -0.226 0.001 0.519 0.824
10.994 -401.705 -89.151 -0.227 0.001 0.520 0.824
10.863 -401.651 -89.208 -0.228 0.001 0.522 0.822
10.733 -401.598 -89.265 -0.229 0.001 0.524 0.821
10.638 -401.560 -89.306 -0.229 0.001 0.525 0.819
10.564 -401.531 -89.338 -0.230 0.001 0.527 0.819
10.468 -401.493 -89.380 -0.230 0.001 0.528 0.817
10.380 -401.459 -89.419 -0.231 0.001 0.529 0.816
10.242 -401.407 -89.479 -0.232 0.001 0.531 0.815
10.192 -401.388 -89.500 -0.232 0.001 0.532 0.814
10.079 -401.345 -89.550 -0.233 0.001 0.534 0.813
10.004 -401.318 -89.582 -0.233 0.001 0.535 0.812
9.902 -401.281 -89.626 -0.234 0.001 0.536 0.811
9.817 -401.250 -89.663 -0.234 0.001 0.537 0.810
9.752 -401.227 -89.692 -0.234 0.001 0.538 0.810
9.682 -401.202 -89.722 -0.235 0.001 0.539 0.809
9.593 -401.170 -89.760 -0.235 0.001 0.540 0.808
