21.500 -475.897 -70.112 -0.001 0.000 0.002 1.000
21.499 -475.798 -70.112 -0.001 0.000 0.004 1.000
21.498 -475.691 -70.112 -0.002 0.000 0.005 1.000
21.497 -475.603 -70.113 -0.003 0.000 0.007 1.000
21.496 -475.504 -70.113 -0.003 0.000 0.009 1.000
21.493 -475.397 -70.114 -0.004 0.000 0.011 1.000
21.491 -475.307 -70.115 -0.005 0.000 0.013 1.000
21.489 -475.232 -70.116 -0.006 0.000 0.014 1.000
21.487 -475.158 -70.117 -0.006 0.000 0.015 1.000
21.484 -475.070 -70.118 -0.007 0.000 0.017 1.000
21.481 -474.992 -70.119 -0.008 0.000 0.018 1.000
21.477 -474.872 -70.121 -0.008 0.000 0.020 1.000
21.473 -474.780 -70.123 -0.009 0.000 0.022 1.000
21.468 -474.675 -70.125 -0.009 0.000 0.023 1.000
21.463 -474.570 -70.127 -0.010 0.000 0.025 1.000
21.458 -474.472 -70.129 -0.010 0.000 0.027 1.000
21.453 -474.372 -70.131 -0.011 0.000 0.028 1.000
21.448 -474.299 -70.132 -0.011 0.000 0.030 0.999
21.442 -474.198 -70.135 -0.012 0.000 0.031 0.999
21.436 -474.097 -70.137 -0.013 0.000 0.033 0.999
21.429 -473.993 -70.140 -0.014 0.000 0.035 0.999
21.425 -473.932 -70.142 -0.014 0.000 0.035 0.999
21.416 -473.810 -70.145 -0.014 0.000 0.037 0.999
21.407 -473.695 -70.148 -0.015 0.000 0.039 0.999
21.395 -473.548 -70.153 -0.017 0.000 0.042 0.999
21.386 -473.444 -70.157 -0.017 0.000 0.044 0.999
21.377 -473.344 -70.160 -0.018 0.000 0.046 0.999
21.371 -473.286 -70.162 -0.018 0.000 0.047 0.999
21.363 -473.194 -70.166 -0.019 0.000 0.048 0.999
21.350 -473.064 -70.171 -0.020 0.000 0.050 0.999
21.336 -472.930 -70.176 -0.021 0.000 0.053 0.998
21.328 -472.859 -70.179 -0.021 0.000 0.054 0.998
21.320 -472.779 -70.183 -0.022 0.000 0.055 0.998
21.309 -472.685 -70.187 -0.023 0.000 0.057 0.998
21.303 -472.636 -70.189 -0.023 0.000 0.057 0.998
21.290 -472.522 -70.195 -0.024 0.000 0.059 0.998
21.280 -472.436 -70.199 -0.024 0.000 0.061 0.998
21.265 -472.315 -70.205 -0.025 0.000 0.062 0.998
21.249 -472.190 -70.211 -0.025 0.000 0.064 0.998
21.232 -472.063 -70.218 -0.026 0.000 0.066 0.997
21.219 -471.964 -70.223 -0.027 0.000 0.068 0.997
21.206 -471.870 -70.228 -0.027 0.000 0.069 0.997
21.191 -471.764 -70.234 -0.028 0.000 0.071 0.997
21.179 -471.678 -70.239 -0.029 0.000 0.072 0.997
21.161 -471.554 -70.246 -0.030 0.000 0.074 0.997
21.146 -471.461 -70.252 -0.030 0.000 0.075 0.997
21.128 -471.340 -70.260 -0.031 0.000 0.077 0.997
21.109 -471.220 -70.267 -0.032 0.000 0.078 0.996
21.098 -471.148 -70.272 -0.032 0.000 0.079 0.996
21.084 -471.066 -70.277 -0.033 0.000 0.081 0.996
21.065 -470.950 -70.285 -0.033 0.000 0.082 0.996
21.043 -470.818 -70.294 -0.034 0.000 0.084 0.996
21.029 -470.737 -70.300 -0.034 0.000 0.085 0.996
21.010 -470.629 -70.307 -0.035 0.000 0.087 0.996
20.988 -470.503 -70.316 -0.036 0.000 0.089 0.995
20.968 -470.397 -70.324 -0.036 0.000 0.091 0.995
20.956 -470.333 -70.329 -0.037 0.000 0.092 0.995
20.944 -470.270 -70.333 -0.037 0.000 0.093 0.995
20.917 -470.125 -70.345 -0.039 0.000 0.095 0.995
20.897 -470.023 -70.353 -0.039 0.000 0.097 0.995
20.883 -469.954 -70.358 -0.040 0.000 0.098 0.994
20.865 -469.865 -70.365 -0.041 0.000 0.099 0.994
20.847 -469.775 -70.373 -0.041 0.000 0.101 0.994
20.828 -469.684 -70.381 -0.042 0.000 0.102 0.994
20.812 -469.607 -70.387 -0.042 0.000 0.103 0.994
20.790 -469.506 -70.396 -0.043 0.000 0.105 0.994
20.766 -469.395 -70.406 -0.044 0.000 0.107 0.993
20.743 -469.288 -70.416 -0.044 0.000 0.108 0.993
20.717 -469.171 -70.426 -0.044 0.000 0.110 0.993
20.694 -469.067 -70.436 -0.044 0.000 0.112 0.993
20.674 -468.983 -70.443 -0.045 0.000 0.113 0.993
20.649 -468.873 -70.454 -0.046 0.000 0.114 0.992
20.628 -468.786 -70.462 -0.047 0.000 0.115 0.992
20.608 -468.702 -70.470 -0.047 0.000 0.117 0.992
20.581 -468.589 -70.481 -0.048 0.000 0.118 0.992
20.557 -468.491 -70.490 -0.048 0.000 0.120 0.992
20.519 -468.340 -70.506 -0.049 0.000 0.122 0.991
20.495 -468.241 -70.516 -0.049 0.000 0.123 0.991
20.472 -468.151 -70.525 -0.050 0.000 0.125 0.991
20.452 -468.076 -70.532 -0.050 0.000 0.126 0.991
20.431 -467.995 -70.541 -0.051 0.000 0.127 0.991
20.404 -467.891 -70.552 -0.051 0.000 0.128 0.990
20.378 -467.795 -70.562 -0.052 0.000 0.130 0.990
20.357 -467.719 -70.570 -0.052 0.000 0.131 0.990
20.319 -467.579 -70.585 -0.053 0.000 0.133 0.990
20.289 -467.468 -70.597 -0.054 0.000 0.135 0.989
20.258 -467.359 -70.610 -0.055 0.000 0.136 0.989
20.230 -467.261 -70.621 -0.055 0.000 0.137 0.989
20.201 -467.157 -70.632 -0.055 0.000 0.139 0.989
20.166 -467.037 -70.646 -0.056 0.000 0.140 0.989
20.130 -466.914 -70.660 -0.057 0.000 0.142 0.988
20.101 -466.814 -70.672 -0.058 0.000 0.143 0.988
20.080 -466.744 -70.681 -0.058 0.000 0.144 0.988
20.035 -466.594 -70.699 -0.059 0.000 0.146 0.988
19.993 -466.458 -70.716 -0.060 0.000 0.148 0.987
19.951 -466.319 -70.733 -0.060 0.000 0.149 0.987
19.920 -466.222 -70.745 -0.060 0.000 0.151 0.987
19.888 -466.120 -70.758 -0.060 0.000 0.152 0.987
19.859 -466.029 -70.769 -0.061 0.000 0.153 0.986
19.837 -465.959 -70.778 -0.061 0.000 0.153 0.986
19.808 -465.868 -70.790 -0.062 0.000 0.154 0.986
19.781 -465.786 -70.801 -0.062 0.000 0.155 0.986
19.740 -465.660 -70.817 -0.062 0.000 0.156 0.986
19.711 -465.571 -70.828 -0.062 0.000 0.157 0.986
19.685 -465.490 -70.839 -0.062 0.000 0.157 0.986
19.651 -465.390 -70.852 -0.062 0.000 0.158 0.985
19.611 -465.268 -70.868 -0.063 0.000 0.160 0.985
19.580 -465.175 -70.880 -0.063 0.000 0.161 0.985
19.537 -465.050 -70.897 -0.063 0.000 0.162 0.985
19.506 -464.958 -70.909 -0.064 0.000 0.163 0.985
19.470 -464.854 -70.923 -0.064 0.000 0.164 0.984
19.437 -464.758 -70.936 -0.065 0.000 0.165 0.984
19.391 -464.624 -70.954 -0.065 0.000 0.167 0.984
19.360 -464.538 -70.966 -0.065 0.000 0.168 0.984
19.330 -464.453 -70.978 -0.065 0.000 0.169 0.984
19.291 -464.343 -70.993 -0.066 0.000 0.169 0.983
19.261 -464.259 -71.004 -0.066 0.000 0.170 0.983
19.231 -464.175 -71.016 -0.066 0.000 0.171 0.983
19.189 -464.058 -71.032 -0.066 0.000 0.172 0.983
19.153 -463.960 -71.046 -0.066 0.000 0.172 0.983
19.108 -463.835 -71.063 -0.066 0.001 0.174 0.983
19.078 -463.754 -71.075 -0.066 0.001 0.174 0.983
19.038 -463.647 -71.090 -0.066 0.001 0.175 0.982
19.003 -463.551 -71.103 -0.066 0.001 0.176 0.982
18.959 -463.433 -71.120 -0.066 0.001 0.177 0.982
18.930 -463.354 -71.131 -0.066 0.001 0.177 0.982
18.891 -463.252 -71.145 -0.066 0.001 0.177 0.982
18.859 -463.165 -71.157 -0.067 0.001 0.178 0.982
18.818 -463.057 -71.172 -0.067 0.001 0.179 0.982
18.776 -462.946 -71.188 -0.067 0.001 0.179 0.982
18.736 -462.842 -71.203 -0.067 0.001 0.180 0.981
18.681 -462.698 -71.223 -0.067 0.001 0.182 0.981
18.638 -462.589 -71.238 -0.067 0.001 0.183 0.981
18.594 -462.475 -71.255 -0.068 0.001 0.183 0.981
18.548 -462.357 -71.272 -0.067 0.001 0.184 0.981
18.527 -462.302 -71.279 -0.067 0.001 0.184 0.981
18.491 -462.211 -71.292 -0.067 0.001 0.185 0.980
18.433 -462.063 -71.313 -0.067 0.001 0.186 0.980
18.404 -461.992 -71.324 -0.067 0.001 0.186 0.980
18.382 -461.935 -71.332 -0.067 0.001 0.187 0.980
18.346 -461.845 -71.345 -0.067 0.001 0.187 0.980
18.315 -461.768 -71.355 -0.067 0.001 0.188 0.980
18.280 -461.681 -71.368 -0.067 0.001 0.189 0.980
18.222 -461.536 -71.389 -0.067 0.001 0.189 0.980
18.176 -461.423 -71.405 -0.067 0.002 0.190 0.979
18.129 -461.307 -71.421 -0.067 0.002 0.191 0.979
18.099 -461.233 -71.432 -0.067 0.002 0.191 0.979
18.044 -461.098 -71.451 -0.067 0.002 0.192 0.979
18.020 -461.041 -71.459 -0.067 0.002 0.192 0.979
17.987 -460.961 -71.470 -0.067 0.002 0.193 0.979
17.920 -460.799 -71.493 -0.067 0.002 0.194 0.979
17.890 -460.725 -71.504 -0.067 0.002 0.195 0.978
17.844 -460.615 -71.519 -0.067 0.002 0.195 0.978
17.802 -460.515 -71.534 -0.067 0.002 0.196 0.978
17.777 -460.457 -71.542 -0.067 0.002 0.197 0.978
17.743 -460.377 -71.553 -0.067 0.002 0.197 0.978
17.722 -460.327 -71.560 -0.067 0.002 0.197 0.978
17.690 -460.250 -71.571 -0.067 0.002 0.198 0.978
17.642 -460.138 -71.587 -0.067 0.002 0.198 0.978
17.613 -460.068 -71.597 -0.067 0.002 0.199 0.978
17.577 -459.986 -71.609 -0.067 0.002 0.199 0.978
17.548 -459.918 -71.618 -0.067 0.002 0.199 0.978
17.517 -459.844 -71.629 -0.067 0.002 0.200 0.977
17.459 -459.710 -71.648 -0.067 0.002 0.201 0.977
17.412 -459.603 -71.663 -0.067 0.002 0.202 0.977
17.376 -459.519 -71.675 -0.067 0.002 0.203 0.977
17.333 -459.421 -71.689 -0.067 0.002 0.203 0.977
17.305 -459.358 -71.698 -0.067 0.002 0.204 0.977
17.278 -459.295 -71.707 -0.067 0.002 0.204 0.977
17.228 -459.183 -71.723 -0.067 0.002 0.205 0.976
17.166 -459.042 -71.743 -0.067 0.002 0.206 0.976
17.109 -458.915 -71.762 -0.068 0.003 0.207 0.976
17.068 -458.822 -71.775 -0.067 0.003 0.207 0.976
17.034 -458.746 -71.786 -0.067 0.003 0.208 0.976
16.980 -458.626 -71.803 -0.068 0.003 0.209 0.976
16.931 -458.518 -71.819 -0.068 0.003 0.210 0.975
16.876 -458.396 -71.837 -0.068 0.003 0.210 0.975
16.847 -458.333 -71.846 -0.068 0.003 0.211 0.975
16.819 -458.271 -71.855 -0.068 0.003 0.211 0.975
16.780 -458.188 -71.867 -0.068 0.003 0.212 0.975
16.736 -458.090 -71.881 -0.068 0.003 0.213 0.975
16.680 -457.971 -71.899 -0.068 0.003 0.214 0.975
16.634 -457.872 -71.913 -0.068 0.003 0.214 0.974
16.586 -457.768 -71.928 -0.068 0.003 0.215 0.974
16.553 -457.698 -71.938 -0.067 0.003 0.216 0.974
16.529 -457.646 -71.946 -0.067 0.003 0.216 0.974
16.486 -457.556 -71.959 -0.067 0.003 0.217 0.974
16.445 -457.469 -71.971 -0.067 0.003 0.217 0.974
16.389 -457.349 -71.989 -0.067 0.003 0.218 0.974
16.339 -457.244 -72.004 -0.068 0.003 0.218 0.974
16.297 -457.155 -72.017 -0.067 0.003 0.219 0.973
16.236 -457.028 -72.035 -0.068 0.003 0.220 0.973
16.193 -456.938 -72.048 -0.067 0.004 0.220 0.973
16.132 -456.812 -72.067 -0.067 0.004 0.221 0.973
16.098 -456.742 -72.077 -0.067 0.004 0.221 0.973
16.053 -456.649 -72.090 -0.067 0.004 0.222 0.973
16.006 -456.552 -72.104 -0.067 0.004 0.223 0.973
15.968 -456.473 -72.116 -0.067 0.004 0.223 0.972
15.932 -456.400 -72.126 -0.067 0.004 0.223 0.972
15.881 -456.295 -72.141 -0.067 0.004 0.224 0.972
15.840 -456.213 -72.153 -0.067 0.004 0.224 0.972
15.798 -456.126 -72.166 -0.067 0.004 0.225 0.972
15.761 -456.051 -72.176 -0.067 0.004 0.225 0.972
15.726 -455.980 -72.187 -0.067 0.004 0.226 0.972
15.680 -455.887 -72.200 -0.067 0.004 0.226 0.972
15.621 -455.769 -72.217 -0.067 0.004 0.227 0.972
15.589 -455.705 -72.226 -0.066 0.004 0.228 0.971
15.554 -455.634 -72.236 -0.066 0.004 0.228 0.971
15.502 -455.531 -72.251 -0.066 0.004 0.229 0.971
15.450 -455.428 -72.266 -0.066 0.004 0.229 0.971
15.376 -455.281 -72.287 -0.066 0.004 0.230 0.971
15.317 -455.165 -72.303 -0.067 0.004 0.231 0.971
15.256 -455.043 -72.321 -0.067 0.004 0.232 0.971
15.213 -454.959 -72.333 -0.067 0.004 0.232 0.970
15.172 -454.878 -72.344 -0.066 0.005 0.232 0.970
15.124 -454.786 -72.358 -0.066 0.005 0.233 0.970
15.083 -454.706 -72.369 -0.066 0.005 0.233 0.970
15.019 -454.581 -72.387 -0.066 0.005 0.234 0.970
14.956 -454.458 -72.405 -0.066 0.005 0.235 0.970
14.903 -454.357 -72.419 -0.066 0.005 0.236 0.970
14.865 -454.284 -72.429 -0.066 0.005 0.236 0.969
14.804 -454.167 -72.446 -0.066 0.005 0.237 0.969
14.745 -454.056 -72.462 -0.066 0.005 0.238 0.969
14.687 -453.945 -72.477 -0.066 0.005 0.238 0.969
14.621 -453.819 -72.495 -0.066 0.005 0.239 0.969
14.584 -453.749 -72.505 -0.066 0.005 0.239 0.969
14.522 -453.633 -72.522 -0.066 0.005 0.241 0.968
14.487 -453.567 -72.531 -0.066 0.005 0.241 0.968
14.447 -453.493 -72.542 -0.066 0.005 0.241 0.968
14.409 -453.421 -72.552 -0.065 0.005 0.242 0.968
14.346 -453.304 -72.569 -0.065 0.005 0.242 0.968
14.308 -453.233 -72.579 -0.065 0.005 0.242 0.968
14.267 -453.157 -72.589 -0.065 0.006 0.243 0.968
