26.388 -423.577 -82.406 -0.025 0.000 0.050 0.998
26.381 -423.513 -82.409 -0.025 0.000 0.051 0.998
26.370 -423.405 -82.415 -0.026 0.000 0.053 0.998
26.358 -423.291 -82.421 -0.027 0.000 0.055 0.998
26.349 -423.214 -82.425 -0.027 0.000 0.056 0.998
26.336 -423.102 -82.431 -0.028 0.000 0.058 0.998
26.327 -423.019 -82.436 -0.028 0.000 0.059 0.998
26.316 -422.936 -82.441 -0.029 0.000 0.061 0.998
26.301 -422.812 -82.448 -0.030 0.000 0.062 0.998
26.284 -422.677 -82.456 -0.030 0.000 0.064 0.997
26.268 -422.558 -82.464 -0.031 0.000 0.066 0.997
26.254 -422.454 -82.470 -0.032 0.000 0.068 0.997
26.242 -422.368 -82.476 -0.033 0.000 0.069 0.997
26.221 -422.215 -82.486 -0.034 0.000 0.071 0.997
26.210 -422.143 -82.491 -0.034 0.000 0.072 0.997
26.194 -422.035 -82.499 -0.035 0.000 0.074 0.997
26.180 -421.938 -82.506 -0.036 0.000 0.075 0.997
26.161 -421.818 -82.514 -0.037 0.000 0.077 0.996
26.149 -421.739 -82.520 -0.037 0.000 0.078 0.996
26.133 -421.640 -82.528 -0.038 0.000 0.080 0.996
26.113 -421.519 -82.537 -0.038 0.000 0.082 0.996
26.098 -421.432 -82.544 -0.039 0.000 0.083 0.996
26.082 -421.339 -82.551 -0.039 0.000 0.085 0.996
26.062 -421.220 -82.561 -0.040 0.000 0.087 0.995
26.049 -421.145 -82.567 -0.040 0.000 0.088 0.995
26.036 -421.074 -82.572 -0.041 0.000 0.089 0.995
26.009 -420.929 -82.585 -0.042 0.000 0.091 0.995
25.993 -420.844 -82.592 -0.042 0.000 0.093 0.995
25.971 -420.725 -82.602 -0.043 0.000 0.095 0.995
25.954 -420.638 -82.610 -0.044 0.000 0.096 0.994
25.921 -420.472 -82.625 -0.045 0.000 0.099 0.994
25.902 -420.381 -82.633 -0.045 0.000 0.100 0.994
25.886 -420.303 -82.640 -0.046 0.000 0.102 0.994
25.865 -420.202 -82.650 -0.047 0.000 0.103 0.994
25.846 -420.111 -82.659 -0.047 0.000 0.105 0.993
25.827 -420.025 -82.667 -0.047 0.000 0.107 0.993
25.807 -419.933 -82.676 -0.048 0.000 0.108 0.993
25.785 -419.834 -82.686 -0.049 0.000 0.110 0.993
25.762 -419.732 -82.696 -0.050 0.000 0.112 0.992
25.735 -419.616 -82.708 -0.051 0.000 0.114 0.992
25.718 -419.543 -82.716 -0.051 0.000 0.116 0.992
25.692 -419.434 -82.727 -0.052 0.000 0.117 0.992
25.671 -419.350 -82.736 -0.053 0.000 0.119 0.991
25.650 -419.264 -82.746 -0.054 0.000 0.120 0.991
25.629 -419.181 -82.755 -0.055 0.000 0.122 0.991
25.607 -419.091 -82.765 -0.056 0.000 0.124 0.991
25.582 -418.995 -82.776 -0.056 0.000 0.126 0.990
25.549 -418.867 -82.791 -0.058 0.000 0.128 0.990
25.523 -418.772 -82.803 -0.059 0.000 0.130 0.990
25.504 -418.700 -82.812 -0.060 0.000 0.131 0.990
25.468 -418.568 -82.828 -0.061 0.000 0.133 0.989
25.447 -418.490 -82.838 -0.062 0.000 0.135 0.989
25.414 -418.374 -82.853 -0.063 0.000 0.137 0.989
25.389 -418.287 -82.864 -0.063 0.000 0.138 0.988
25.359 -418.184 -82.878 -0.064 0.000 0.140 0.988
25.332 -418.091 -82.890 -0.065 0.000 0.142 0.988
25.304 -417.997 -82.903 -0.065 0.000 0.144 0.987
25.282 -417.924 -82.913 -0.066 0.000 0.145 0.987
25.260 -417.851 -82.923 -0.066 0.000 0.146 0.987
25.230 -417.753 -82.936 -0.067 0.000 0.148 0.987
25.202 -417.662 -82.949 -0.068 0.000 0.149 0.986
25.180 -417.592 -82.959 -0.068 0.000 0.151 0.986
25.152 -417.502 -82.972 -0.069 0.000 0.152 0.986
25.129 -417.432 -82.982 -0.069 0.000 0.154 0.986
25.084 -417.293 -83.002 -0.070 0.000 0.156 0.985
25.047 -417.180 -83.019 -0.071 0.000 0.158 0.985
25.015 -417.083 -83.033 -0.071 0.000 0.160 0.985
24.995 -417.024 -83.042 -0.072 0.000 0.161 0.984
24.952 -416.898 -83.061 -0.073 0.000 0.163 0.984
24.913 -416.785 -83.079 -0.073 0.000 0.165 0.984
24.876 -416.679 -83.095 -0.074 0.000 0.166 0.983
24.850 -416.605 -83.107 -0.075 0.000 0.168 0.983
24.812 -416.499 -83.123 -0.076 0.000 0.169 0.983
24.782 -416.413 -83.137 -0.076 0.000 0.171 0.982
24.751 -416.327 -83.151 -0.077 0.000 0.172 0.982
24.733 -416.279 -83.159 -0.077 0.000 0.173 0.982
24.697 -416.183 -83.175 -0.078 0.000 0.175 0.981
24.664 -416.093 -83.190 -0.079 0.000 0.176 0.981
24.621 -415.979 -83.209 -0.080 0.000 0.178 0.981
24.586 -415.888 -83.224 -0.081 0.000 0.180 0.980
24.556 -415.808 -83.238 -0.081 0.000 0.181 0.980
24.539 -415.765 -83.245 -0.081 0.000 0.182 0.980
24.499 -415.663 -83.263 -0.082 0.000 0.184 0.980
24.457 -415.556 -83.282 -0.083 0.000 0.186 0.979
24.421 -415.465 -83.298 -0.084 0.000 0.187 0.979
24.369 -415.337 -83.321 -0.085 0.000 0.190 0.978
24.345 -415.278 -83.332 -0.085 0.000 0.191 0.978
24.308 -415.187 -83.349 -0.086 0.000 0.192 0.978
24.278 -415.116 -83.362 -0.086 0.000 0.194 0.977
24.253 -415.054 -83.373 -0.086 0.000 0.195 0.977
24.215 -414.964 -83.390 -0.087 0.000 0.196 0.977
24.165 -414.848 -83.412 -0.089 0.000 0.198 0.976
24.120 -414.742 -83.432 -0.090 0.000 0.200 0.976
24.059 -414.602 -83.460 -0.092 0.000 0.203 0.975
24.021 -414.516 -83.477 -0.092 0.000 0.205 0.974
23.973 -414.410 -83.498 -0.093 0.000 0.207 0.974
23.919 -414.290 -83.523 -0.094 0.000 0.209 0.973
23.878 -414.201 -83.541 -0.095 0.000 0.211 0.973
23.839 -414.116 -83.559 -0.096 0.000 0.213 0.972
23.790 -414.011 -83.581 -0.097 0.000 0.215 0.972
23.747 -413.919 -83.600 -0.097 0.000 0.216 0.971
23.695 -413.810 -83.623 -0.098 0.000 0.218 0.971
23.652 -413.722 -83.643 -0.099 0.000 0.220 0.970
23.624 -413.663 -83.655 -0.099 0.000 0.221 0.970
23.574 -413.561 -83.678 -0.100 0.000 0.223 0.970
23.528 -413.468 -83.698 -0.101 0.000 0.225 0.969
23.461 -413.334 -83.728 -0.102 0.000 0.228 0.968
23.388 -413.190 -83.761 -0.103 0.000 0.231 0.968
23.320 -413.060 -83.791 -0.104 0.000 0.234 0.967
23.271 -412.966 -83.813 -0.105 0.000 0.235 0.966
23.233 -412.892 -83.830 -0.106 0.000 0.237 0.966
23.194 -412.820 -83.847 -0.106 0.000 0.238 0.965
23.128 -412.696 -83.876 -0.107 0.000 0.241 0.965
23.090 -412.626 -83.893 -0.108 0.000 0.242 0.964
23.041 -412.537 -83.915 -0.109 0.000 0.244 0.964
23.003 -412.468 -83.932 -0.109 0.000 0.245 0.963
22.936 -412.347 -83.962 -0.110 0.000 0.248 0.962
22.883 -412.253 -83.985 -0.111 0.000 0.250 0.962
22.830 -412.159 -84.009 -0.112 0.000 0.252 0.961
22.795 -412.098 -84.025 -0.113 0.000 0.253 0.961
22.770 -412.055 -84.036 -0.113 0.000 0.254 0.961
22.705 -411.942 -84.065 -0.114 0.001 0.256 0.960
22.647 -411.843 -84.090 -0.114 0.001 0.258 0.959
22.591 -411.749 -84.115 -0.116 0.001 0.260 0.959
22.553 -411.686 -84.132 -0.116 0.001 0.262 0.958
22.475 -411.556 -84.167 -0.117 0.001 0.265 0.957
22.418 -411.464 -84.192 -0.118 0.001 0.267 0.957
22.371 -411.387 -84.212 -0.118 0.001 0.268 0.956
22.309 -411.288 -84.240 -0.119 0.001 0.270 0.955
22.260 -411.211 -84.261 -0.120 0.001 0.272 0.955
22.187 -411.096 -84.293 -0.121 0.001 0.274 0.954
22.139 -411.020 -84.314 -0.121 0.001 0.276 0.954
22.090 -410.945 -84.336 -0.122 0.001 0.277 0.953
22.051 -410.884 -84.353 -0.122 0.001 0.279 0.953
21.986 -410.785 -84.381 -0.123 0.001 0.281 0.952
21.941 -410.717 -84.401 -0.124 0.001 0.282 0.951
21.892 -410.644 -84.422 -0.125 0.001 0.284 0.951
21.846 -410.575 -84.442 -0.125 0.001 0.285 0.950
21.799 -410.505 -84.463 -0.126 0.001 0.287 0.950
21.740 -410.418 -84.489 -0.127 0.001 0.289 0.949
21.666 -410.310 -84.521 -0.128 0.001 0.291 0.948
21.605 -410.223 -84.548 -0.129 0.001 0.292 0.948
21.547 -410.140 -84.573 -0.130 0.001 0.294 0.947
21.480 -410.045 -84.603 -0.131 0.001 0.296 0.946
21.432 -409.977 -84.624 -0.131 0.001 0.298 0.946
21.371 -409.892 -84.651 -0.132 0.001 0.299 0.945
21.325 -409.829 -84.671 -0.133 0.001 0.301 0.944
21.272 -409.756 -84.694 -0.134 0.001 0.302 0.944
21.201 -409.659 -84.726 -0.134 0.001 0.305 0.943
21.163 -409.608 -84.742 -0.135 0.001 0.306 0.943
21.099 -409.522 -84.771 -0.136 0.001 0.308 0.942
21.054 -409.462 -84.790 -0.136 0.001 0.309 0.941
21.005 -409.398 -84.812 -0.137 0.001 0.311 0.941
20.953 -409.329 -84.835 -0.138 0.001 0.312 0.940
20.892 -409.251 -84.861 -0.138 0.001 0.314 0.939
20.819 -409.156 -84.894 -0.140 0.001 0.316 0.938
20.741 -409.057 -84.928 -0.141 0.001 0.318 0.937
20.684 -408.984 -84.954 -0.142 0.001 0.320 0.937
20.612 -408.894 -84.985 -0.143 0.000 0.322 0.936
20.537 -408.801 -85.018 -0.143 0.001 0.324 0.935
20.474 -408.723 -85.046 -0.144 0.001 0.325 0.935
20.425 -408.664 -85.068 -0.145 0.001 0.327 0.934
20.391 -408.621 -85.083 -0.145 0.001 0.328 0.934
20.334 -408.553 -85.108 -0.146 0.001 0.329 0.933
20.296 -408.507 -85.125 -0.146 0.001 0.331 0.932
20.253 -408.455 -85.144 -0.146 0.001 0.332 0.932
20.179 -408.368 -85.176 -0.147 0.001 0.333 0.931
20.119 -408.298 -85.203 -0.148 0.001 0.335 0.931
20.033 -408.197 -85.241 -0.149 0.001 0.338 0.929
19.972 -408.127 -85.267 -0.150 0.001 0.339 0.929
19.877 -408.018 -85.309 -0.151 0.001 0.342 0.928
19.791 -407.921 -85.347 -0.152 0.001 0.344 0.927
19.718 -407.839 -85.379 -0.153 0.001 0.346 0.926
19.651 -407.765 -85.409 -0.154 0.001 0.348 0.925
19.560 -407.665 -85.449 -0.155 0.001 0.350 0.924
19.496 -407.595 -85.477 -0.155 0.001 0.352 0.923
19.416 -407.510 -85.512 -0.156 0.001 0.354 0.922
19.371 -407.462 -85.532 -0.157 0.001 0.355 0.921
19.302 -407.389 -85.562 -0.157 0.001 0.357 0.921
19.233 -407.316 -85.593 -0.158 0.001 0.359 0.920
19.148 -407.228 -85.630 -0.159 0.001 0.361 0.919
19.059 -407.135 -85.669 -0.160 0.001 0.364 0.918
19.004 -407.079 -85.693 -0.161 0.001 0.365 0.917
18.957 -407.031 -85.714 -0.161 0.001 0.366 0.916
18.893 -406.967 -85.742 -0.161 0.001 0.368 0.916
18.812 -406.887 -85.777 -0.162 0.001 0.370 0.915
18.730 -406.805 -85.813 -0.163 0.001 0.372 0.914
18.685 -406.761 -85.833 -0.164 0.001 0.373 0.913
18.607 -406.685 -85.867 -0.165 0.001 0.375 0.912
18.531 -406.612 -85.900 -0.166 0.001 0.377 0.911
18.502 -406.583 -85.913 -0.166 0.001 0.378 0.911
18.444 -406.528 -85.939 -0.167 0.001 0.379 0.910
18.390 -406.477 -85.962 -0.167 0.001 0.380 0.910
18.301 -406.394 -86.001 -0.168 0.001 0.382 0.909
18.233 -406.330 -86.031 -0.169 0.001 0.384 0.908
18.169 -406.270 -86.059 -0.170 0.001 0.385 0.907
18.067 -406.177 -86.104 -0.171 0.001 0.388 0.906
17.995 -406.112 -86.136 -0.172 0.001 0.390 0.905
17.910 -406.035 -86.173 -0.173 0.001 0.391 0.904
17.823 -405.957 -86.211 -0.174 0.001 0.394 0.903
17.726 -405.872 -86.254 -0.175 0.001 0.396 0.901
17.675 -405.828 -86.277 -0.175 0.001 0.397 0.901
17.612 -405.773 -86.304 -0.176 0.000 0.399 0.900
17.536 -405.707 -86.338 -0.177 0.000 0.400 0.899
17.456 -405.639 -86.373 -0.178 0.001 0.402 0.898
17.397 -405.590 -86.399 -0.178 0.001 0.403 0.898
17.342 -405.543 -86.423 -0.178 0.001 0.405 0.897
17.239 -405.457 -86.469 -0.179 0.001 0.407 0.896
17.171 -405.402 -86.498 -0.180 0.001 0.409 0.895
17.098 -405.342 -86.531 -0.180 0.001 0.411 0.894
17.054 -405.306 -86.550 -0.181 0.001 0.411 0.893
16.982 -405.248 -86.581 -0.181 0.001 0.413 0.892
16.915 -405.195 -86.611 -0.182 0.001 0.414 0.892
16.808 -405.109 -86.658 -0.183 0.001 0.417 0.890
16.730 -405.048 -86.692 -0.184 0.001 0.418 0.890
16.657 -404.992 -86.724 -0.184 0.001 0.419 0.889
16.564 -404.919 -86.765 -0.185 0.001 0.421 0.888
16.515 -404.882 -86.786 -0.185 0.001 0.422 0.887
16.410 -404.801 -86.832 -0.186 0.001 0.425 0.886
16.317 -404.731 -86.872 -0.187 0.001 0.427 0.885
16.278 -404.702 -86.889 -0.187 0.001 0.428 0.884
16.207 -404.650 -86.920 -0.188 0.001 0.429 0.883
16.111 -404.579 -86.962 -0.188 0.002 0.431 0.882
16.043 -404.529 -86.992 -0.189 0.002 0.433 0.882
15.973 -404.479 -87.022 -0.189 0.002 0.434 0.881
15.890 -404.419 -87.058 -0.189 0.002 0.436 0.880
15.792 -404.350 -87.100 -0.190 0.002 0.438 0.879
15.701 -404.286 -87.139 -0.191 0.002 0.440 0.878
15.632 -404.238 -87.169 -0.191 0.002 0.441 0.877
15.563 -404.190 -87.198 -0.192 0.002 0.443 0.876
15.518 -404.160 -87.218 -0.192 0.002 0.443 0.876
15.467 -404.125 -87.240 -0.192 0.002 0.444 0.875
15.393 -404.074 -87.272 -0.193 0.002 0.446 0.874
15.306 -404.015 -87.309 -0.194 0.002 0.448 0.873
15.189 -403.938 -87.359 -0.195 0.002 0.450 0.872
15.114 -403.888 -87.392 -0.195 0.002 0.451 0.871
15.016 -403.825 -87.433 -0.196 0.002 0.453 0.869
14.905 -403.753 -87.481 -0.197 0.002 0.456 0.868
14.845 -403.715 -87.507 -0.198 0.002 0.457 0.867
14.767 -403.665 -87.540 -0.198 0.002 0.458 0.866
14.674 -403.607 -87.580 -0.199 0.002 0.460 0.865
14.592 -403.556 -87.616 -0.200 0.002 0.462 0.864
14.511 -403.506 -87.650 -0.200 0.002 0.463 0.863
14.454 -403.472 -87.675 -0.201 0.003 0.464 0.863
14.364 -403.417 -87.713 -0.201 0.002 0.466 0.862
14.252 -403.350 -87.761 -0.202 0.003 0.468 0.860
14.177 -403.306 -87.793 -0.202 0.003 0.470 0.859
14.107 -403.265 -87.823 -0.203 0.003 0.471 0.858
14.000 -403.202 -87.869 -0.204 0.003 0.473 0.857
13.902 -403.146 -87.911 -0.204 0.003 0.475 0.856
13.827 -403.103 -87.942 -0.205 0.003 0.476 0.855
13.749 -403.059 -87.976 -0.205 0.003 0.478 0.854
13.678 -403.019 -88.006 -0.206 0.003 0.479 0.853
13.593 -402.972 -88.042 -0.207 0.003 0.480 0.853
13.510 -402.926 -88.077 -0.207 0.003 0.481 0.852
13.347 -402.838 -88.147 -0.208 0.003 0.484 0.850
13.243 -402.782 -88.191 -0.209 0.003 0.486 0.848
13.130 -402.722 -88.239 -0.210 0.003 0.488 0.847
13.040 -402.675 -88.278 -0.211 0.003 0.490 0.846
12.966 -402.637 -88.309 -0.211 0.003 0.491 0.845
12.875 -402.590 -88.348 -0.212 0.003 0.493 0.844
12.807 -402.556 -88.377 -0.213 0.003 0.494 0.843
12.754 -402.529 -88.399 -0.213 0.003 0.495 0.842
12.665 -402.485 -88.437 -0.214 0.003 0.497 0.841
12.580 -402.443 -88.474 -0.214 0.003 0.498 0.840
12.502 -402.405 -88.507 -0.215 0.003 0.500 0.839
12.397 -402.354 -88.551 -0.216 0.003 0.502 0.838
12.324 -402.319 -88.582 -0.216 0.003 0.503 0.837
12.239 -402.280 -88.618 -0.217 0.003 0.504 0.836
12.184 -402.254 -88.642 -0.217 0.003 0.505 0.835
12.082 -402.206 -88.685 -0.218 0.003 0.507 0.834
11.969 -402.155 -88.733 -0.219 0.003 0.509 0.833
11.893 -402.120 -88.766 -0.219 0.003 0.510 0.832
11.777 -402.068 -88.815 -0.220 0.003 0.512 0.831
11.710 -402.039 -88.844 -0.221 0.003 0.513 0.830
11.627 -402.002 -88.879 -0.221 0.003 0.514 0.829
11.564 -401.975 -88.905 -0.222 0.003 0.515 0.828
11.458 -401.929 -88.951 -0.223 0.003 0.517 0.826
11.391 -401.900 -88.980 -0.223 0.003 0.518 0.826
11.333 -401.876 -89.004 -0.224 0.003 0.519 0.825
11.240 -401.837 -89.044 -0.224 0.003 0.520 0.824
11.155 -401.802 -89.081 -0.225 0.002 0.522 0.823
11.077 -401.769 -89.114 -0.225 0.003 0.523 0.822
11.001 -401.739 -89.146 -0.226 0.002 0.524 0.821
10.912 -401.703 -89.184 -0.227 0.002 0.525 0.820
10.803 -401.659 -89.231 -0.227 0.003 0.527 0.819
10.705 -401.621 -89.273 -0.228 0.003 0.529 0.818
10.591 -401.577 -89.322 -0.228 0.003 0.530 0.817
10.480 -401.535 -89.369 -0.229 0.003 0.531 0.815
10.355 -401.487 -89.422 -0.230 0.003 0.534 0.814
10.266 -401.455 -89.460 -0.230 0.003 0.535 0.813
10.166 -401.418 -89.503 -0.231 0.003 0.537 0.812
10.042 -401.373 -89.556 -0.232 0.003 0.538 0.810
9.942 -401.338 -89.599 -0.233 0.002 0.540 0.809
9.860 -401.309 -89.634 -0.233 0.003 0.541 0.808
9.720 -401.261 -89.694 -0.234 0.003 0.543 0.807
9.645 -401.235 -89.725 -0.234 0.003 0.544 0.806
