24.700 -458.376 -70.112 -0.001 0.000 0.002 1.000
24.699 -458.245 -70.112 -0.002 0.000 0.005 1.000
24.698 -458.141 -70.113 -0.003 0.000 0.007 1.000
24.696 -458.048 -70.113 -0.003 0.000 0.008 1.000
24.694 -457.929 -70.114 -0.004 0.000 0.010 1.000
24.691 -457.810 -70.115 -0.005 0.000 0.012 1.000
24.689 -457.716 -70.116 -0.006 0.000 0.014 1.000
24.685 -457.597 -70.118 -0.007 0.000 0.016 1.000
24.683 -457.523 -70.119 -0.007 0.000 0.018 1.000
24.679 -457.428 -70.120 -0.008 0.000 0.020 1.000
24.674 -457.314 -70.122 -0.008 0.000 0.022 1.000
24.667 -457.144 -70.125 -0.009 0.000 0.025 1.000
24.664 -457.086 -70.126 -0.010 0.000 0.026 1.000
24.657 -456.963 -70.129 -0.011 0.000 0.028 1.000
24.652 -456.879 -70.131 -0.012 0.000 0.029 0.999
24.645 -456.761 -70.133 -0.013 0.000 0.032 0.999
24.639 -456.666 -70.136 -0.013 0.000 0.033 0.999
24.630 -456.542 -70.139 -0.014 0.000 0.035 0.999
24.625 -456.470 -70.141 -0.015 0.000 0.037 0.999
24.616 -456.355 -70.145 -0.016 0.000 0.039 0.999
24.605 -456.210 -70.150 -0.017 0.000 0.041 0.999
24.593 -456.068 -70.155 -0.018 0.000 0.043 0.999
24.582 -455.951 -70.159 -0.019 0.000 0.046 0.999
24.572 -455.841 -70.164 -0.020 0.000 0.048 0.999
24.561 -455.725 -70.169 -0.021 0.000 0.050 0.999
24.547 -455.590 -70.174 -0.022 0.000 0.052 0.998
24.535 -455.481 -70.180 -0.023 0.000 0.054 0.998
24.524 -455.378 -70.184 -0.023 0.000 0.056 0.998
24.511 -455.271 -70.189 -0.024 0.000 0.058 0.998
24.498 -455.155 -70.195 -0.025 0.000 0.060 0.998
24.483 -455.036 -70.201 -0.026 0.000 0.063 0.998
24.460 -454.855 -70.211 -0.028 0.000 0.066 0.997
24.451 -454.793 -70.215 -0.028 0.000 0.067 0.997
24.435 -454.675 -70.222 -0.029 0.000 0.069 0.997
24.423 -454.591 -70.227 -0.030 0.000 0.070 0.997
24.411 -454.507 -70.232 -0.031 0.000 0.072 0.997
24.402 -454.442 -70.236 -0.031 0.000 0.073 0.997
24.388 -454.349 -70.242 -0.032 0.000 0.075 0.997
24.378 -454.282 -70.246 -0.033 0.000 0.076 0.997
24.367 -454.214 -70.251 -0.033 0.000 0.077 0.997
24.348 -454.091 -70.259 -0.034 0.000 0.079 0.996
24.335 -454.011 -70.265 -0.035 0.000 0.080 0.996
24.318 -453.903 -70.272 -0.036 0.000 0.082 0.996
24.298 -453.785 -70.281 -0.037 0.000 0.084 0.996
24.277 -453.667 -70.290 -0.038 0.000 0.086 0.996
24.255 -453.539 -70.300 -0.039 0.000 0.088 0.995
24.237 -453.442 -70.307 -0.039 0.000 0.090 0.995
24.225 -453.376 -70.313 -0.040 0.000 0.091 0.995
24.209 -453.291 -70.320 -0.040 0.000 0.093 0.995
24.187 -453.177 -70.329 -0.041 0.000 0.095 0.995
24.162 -453.049 -70.340 -0.042 0.000 0.098 0.994
24.141 -452.946 -70.349 -0.043 0.000 0.100 0.994
24.121 -452.845 -70.358 -0.043 0.000 0.101 0.994
24.098 -452.738 -70.367 -0.044 0.000 0.103 0.994
24.081 -452.656 -70.375 -0.045 0.000 0.105 0.993
24.051 -452.519 -70.387 -0.046 0.000 0.108 0.993
24.016 -452.362 -70.402 -0.047 0.000 0.110 0.993
23.995 -452.268 -70.411 -0.047 0.000 0.112 0.993
23.985 -452.224 -70.415 -0.048 0.000 0.113 0.992
23.958 -452.110 -70.427 -0.049 0.000 0.115 0.992
23.934 -452.008 -70.437 -0.049 0.000 0.117 0.992
23.906 -451.892 -70.448 -0.050 0.000 0.119 0.992
23.884 -451.802 -70.458 -0.051 0.000 0.120 0.991
23.869 -451.741 -70.464 -0.051 0.000 0.122 0.991
23.836 -451.611 -70.478 -0.053 0.000 0.124 0.991
23.810 -451.511 -70.489 -0.053 0.000 0.126 0.991
23.780 -451.394 -70.502 -0.054 0.000 0.128 0.990
23.743 -451.257 -70.517 -0.056 0.000 0.130 0.990
23.716 -451.156 -70.529 -0.056 0.000 0.132 0.990
23.684 -451.039 -70.543 -0.057 0.000 0.134 0.989
23.665 -450.974 -70.550 -0.057 0.000 0.135 0.989
23.635 -450.868 -70.563 -0.058 0.000 0.137 0.989
23.608 -450.772 -70.575 -0.059 0.000 0.139 0.989
23.583 -450.687 -70.585 -0.060 0.000 0.141 0.988
23.563 -450.619 -70.594 -0.060 0.000 0.142 0.988
23.539 -450.537 -70.604 -0.060 0.000 0.143 0.988
23.510 -450.438 -70.616 -0.061 0.000 0.145 0.987
23.480 -450.343 -70.629 -0.062 0.000 0.147 0.987
23.433 -450.190 -70.649 -0.064 0.000 0.150 0.987
23.413 -450.127 -70.657 -0.064 0.000 0.151 0.986
23.388 -450.046 -70.668 -0.065 0.000 0.153 0.986
23.353 -449.937 -70.683 -0.066 0.000 0.155 0.986
23.313 -449.817 -70.699 -0.066 0.000 0.157 0.985
23.276 -449.705 -70.715 -0.067 0.000 0.159 0.985
23.246 -449.616 -70.728 -0.068 0.000 0.161 0.985
23.215 -449.523 -70.741 -0.069 0.000 0.162 0.984
23.192 -449.457 -70.751 -0.069 0.000 0.164 0.984
23.158 -449.357 -70.765 -0.070 0.000 0.165 0.984
23.137 -449.298 -70.774 -0.071 0.000 0.167 0.984
23.089 -449.163 -70.794 -0.072 0.000 0.169 0.983
23.052 -449.057 -70.810 -0.073 0.000 0.171 0.983
23.017 -448.962 -70.825 -0.073 0.000 0.173 0.982
22.978 -448.857 -70.841 -0.074 0.000 0.174 0.982
22.941 -448.756 -70.857 -0.075 0.000 0.176 0.982
22.901 -448.649 -70.874 -0.076 0.000 0.178 0.981
22.879 -448.591 -70.884 -0.076 0.000 0.179 0.981
22.845 -448.503 -70.898 -0.077 0.000 0.181 0.981
22.806 -448.402 -70.915 -0.078 0.000 0.183 0.980
22.762 -448.289 -70.934 -0.079 0.000 0.185 0.980
22.741 -448.237 -70.943 -0.079 0.000 0.186 0.979
22.708 -448.153 -70.957 -0.080 0.000 0.187 0.979
22.667 -448.051 -70.974 -0.081 0.000 0.189 0.979
22.630 -447.959 -70.990 -0.082 0.000 0.190 0.978
22.590 -447.862 -71.007 -0.082 0.000 0.192 0.978
22.555 -447.776 -71.022 -0.083 0.000 0.194 0.978
22.524 -447.703 -71.036 -0.083 0.000 0.195 0.977
22.478 -447.594 -71.055 -0.084 0.000 0.197 0.977
22.439 -447.501 -71.072 -0.085 0.000 0.198 0.977
22.397 -447.405 -71.090 -0.085 0.000 0.199 0.976
22.359 -447.315 -71.106 -0.086 0.000 0.201 0.976
22.315 -447.214 -71.125 -0.087 0.000 0.202 0.975
22.287 -447.151 -71.137 -0.087 0.000 0.203 0.975
22.218 -446.994 -71.167 -0.088 0.000 0.206 0.975
22.183 -446.917 -71.182 -0.089 0.000 0.208 0.974
22.145 -446.834 -71.198 -0.089 0.000 0.209 0.974
22.102 -446.738 -71.216 -0.090 0.000 0.211 0.973
22.066 -446.660 -71.232 -0.091 0.000 0.212 0.973
22.023 -446.568 -71.250 -0.092 0.000 0.214 0.973
21.974 -446.463 -71.271 -0.092 0.000 0.216 0.972
21.928 -446.367 -71.290 -0.093 0.000 0.218 0.972
21.901 -446.309 -71.302 -0.093 0.000 0.219 0.971
21.863 -446.230 -71.318 -0.093 0.000 0.220 0.971
21.819 -446.141 -71.337 -0.094 0.000 0.221 0.971
21.781 -446.063 -71.353 -0.095 0.000 0.223 0.970
21.724 -445.946 -71.377 -0.096 0.000 0.225 0.970
21.679 -445.855 -71.397 -0.097 0.000 0.227 0.969
21.615 -445.730 -71.424 -0.098 0.000 0.229 0.969
21.577 -445.654 -71.440 -0.098 0.000 0.230 0.968
21.542 -445.586 -71.455 -0.098 0.000 0.231 0.968
21.481 -445.468 -71.481 -0.100 0.000 0.234 0.967
21.432 -445.373 -71.502 -0.100 0.000 0.235 0.967
21.398 -445.308 -71.516 -0.101 0.000 0.237 0.966
21.355 -445.229 -71.534 -0.101 0.000 0.238 0.966
21.298 -445.122 -71.559 -0.102 0.000 0.240 0.965
21.255 -445.041 -71.577 -0.103 0.000 0.241 0.965
21.199 -444.938 -71.601 -0.103 0.000 0.243 0.964
21.140 -444.830 -71.626 -0.104 0.000 0.245 0.964
21.090 -444.741 -71.647 -0.105 0.000 0.247 0.963
21.025 -444.623 -71.675 -0.106 0.000 0.249 0.963
20.985 -444.553 -71.692 -0.106 0.000 0.250 0.962
20.947 -444.486 -71.708 -0.106 0.000 0.251 0.962
20.871 -444.351 -71.740 -0.106 0.000 0.253 0.962
20.828 -444.277 -71.758 -0.107 0.000 0.254 0.961
20.780 -444.194 -71.778 -0.107 0.000 0.255 0.961
20.723 -444.096 -71.802 -0.107 0.000 0.257 0.961
20.682 -444.026 -71.819 -0.108 0.001 0.257 0.960
20.625 -443.928 -71.843 -0.108 0.001 0.259 0.960
20.573 -443.841 -71.864 -0.109 0.001 0.261 0.959
20.543 -443.790 -71.877 -0.109 0.001 0.261 0.959
20.495 -443.710 -71.897 -0.109 0.001 0.262 0.959
20.452 -443.639 -71.915 -0.110 0.001 0.263 0.959
20.403 -443.558 -71.935 -0.110 0.001 0.264 0.958
20.354 -443.477 -71.956 -0.110 0.001 0.265 0.958
20.267 -443.333 -71.992 -0.111 0.001 0.267 0.957
20.202 -443.227 -72.019 -0.111 0.001 0.268 0.957
20.137 -443.122 -72.046 -0.111 0.001 0.270 0.957
20.094 -443.053 -72.063 -0.112 0.001 0.270 0.956
20.053 -442.988 -72.080 -0.112 0.001 0.271 0.956
20.003 -442.909 -72.101 -0.112 0.001 0.272 0.956
19.941 -442.810 -72.126 -0.112 0.001 0.274 0.955
19.873 -442.704 -72.154 -0.113 0.001 0.275 0.955
19.824 -442.627 -72.174 -0.113 0.001 0.277 0.954
19.761 -442.530 -72.200 -0.114 0.001 0.278 0.954
19.678 -442.402 -72.233 -0.114 0.001 0.279 0.953
19.640 -442.343 -72.249 -0.114 0.001 0.280 0.953
19.579 -442.251 -72.274 -0.115 0.001 0.281 0.953
19.546 -442.201 -72.287 -0.115 0.001 0.282 0.953
19.478 -442.099 -72.315 -0.116 0.001 0.283 0.952
19.435 -442.033 -72.332 -0.116 0.001 0.284 0.952
19.392 -441.970 -72.350 -0.116 0.001 0.285 0.951
19.333 -441.881 -72.374 -0.117 0.001 0.286 0.951
19.267 -441.783 -72.401 -0.117 0.001 0.288 0.951
19.213 -441.703 -72.423 -0.117 0.001 0.288 0.950
19.153 -441.617 -72.447 -0.118 0.001 0.290 0.950
19.093 -441.529 -72.471 -0.118 0.001 0.291 0.949
19.052 -441.469 -72.488 -0.119 0.001 0.292 0.949
18.984 -441.371 -72.515 -0.119 0.001 0.293 0.949
18.946 -441.317 -72.530 -0.120 0.001 0.294 0.948
18.874 -441.215 -72.559 -0.120 0.001 0.295 0.948
18.821 -441.139 -72.581 -0.120 0.001 0.296 0.948
18.772 -441.070 -72.601 -0.120 0.001 0.297 0.947
18.727 -441.006 -72.619 -0.121 0.002 0.298 0.947
18.662 -440.915 -72.645 -0.121 0.001 0.299 0.946
18.612 -440.846 -72.665 -0.122 0.002 0.300 0.946
18.564 -440.778 -72.685 -0.122 0.002 0.301 0.946
18.492 -440.680 -72.713 -0.122 0.002 0.303 0.945
18.442 -440.611 -72.734 -0.123 0.002 0.304 0.945
18.372 -440.516 -72.762 -0.124 0.001 0.305 0.944
18.280 -440.390 -72.799 -0.124 0.002 0.307 0.944
18.212 -440.299 -72.826 -0.125 0.002 0.308 0.943
18.152 -440.220 -72.850 -0.125 0.002 0.309 0.943
18.063 -440.102 -72.886 -0.126 0.001 0.311 0.942
18.004 -440.024 -72.910 -0.127 0.001 0.313 0.941
17.948 -439.951 -72.933 -0.127 0.001 0.314 0.941
17.898 -439.886 -72.953 -0.127 0.001 0.315 0.941
17.857 -439.833 -72.969 -0.128 0.001 0.315 0.940
17.774 -439.726 -73.003 -0.128 0.002 0.317 0.940
17.699 -439.629 -73.033 -0.129 0.001 0.318 0.939
17.652 -439.570 -73.052 -0.129 0.001 0.319 0.939
17.602 -439.506 -73.072 -0.130 0.001 0.319 0.939
17.542 -439.429 -73.097 -0.130 0.001 0.320 0.938
17.466 -439.333 -73.127 -0.131 0.001 0.322 0.938
17.410 -439.264 -73.150 -0.131 0.001 0.323 0.937
17.354 -439.194 -73.172 -0.131 0.001 0.323 0.937
17.299 -439.125 -73.195 -0.131 0.001 0.323 0.937
17.255 -439.070 -73.212 -0.131 0.002 0.324 0.937
17.155 -438.946 -73.253 -0.131 0.002 0.326 0.936
17.070 -438.842 -73.287 -0.131 0.002 0.327 0.936
17.005 -438.761 -73.313 -0.132 0.002 0.328 0.935
16.967 -438.715 -73.328 -0.132 0.002 0.328 0.935
16.915 -438.652 -73.349 -0.132 0.002 0.329 0.935
16.854 -438.578 -73.373 -0.133 0.002 0.330 0.935
16.793 -438.504 -73.397 -0.133 0.002 0.331 0.934
16.729 -438.428 -73.423 -0.133 0.002 0.331 0.934
16.687 -438.377 -73.439 -0.133 0.002 0.332 0.934
16.609 -438.283 -73.470 -0.133 0.002 0.333 0.934
16.564 -438.230 -73.488 -0.133 0.002 0.333 0.933
16.478 -438.127 -73.522 -0.133 0.002 0.334 0.933
16.376 -438.006 -73.563 -0.133 0.002 0.335 0.933
16.313 -437.932 -73.587 -0.133 0.002 0.336 0.932
16.261 -437.871 -73.608 -0.134 0.002 0.336 0.932
16.215 -437.817 -73.626 -0.133 0.003 0.337 0.932
16.157 -437.749 -73.649 -0.134 0.002 0.337 0.932
16.095 -437.676 -73.673 -0.134 0.002 0.338 0.931
16.026 -437.596 -73.700 -0.134 0.003 0.339 0.931
15.947 -437.504 -73.731 -0.134 0.003 0.340 0.931
15.876 -437.422 -73.759 -0.135 0.003 0.341 0.930
15.813 -437.350 -73.784 -0.135 0.003 0.342 0.930
15.745 -437.271 -73.811 -0.135 0.003 0.342 0.930
15.702 -437.222 -73.827 -0.135 0.003 0.342 0.930
15.617 -437.126 -73.860 -0.135 0.003 0.343 0.930
15.531 -437.027 -73.894 -0.135 0.003 0.344 0.929
15.483 -436.973 -73.913 -0.135 0.003 0.344 0.929
15.414 -436.895 -73.939 -0.135 0.003 0.345 0.929
15.352 -436.825 -73.963 -0.135 0.003 0.345 0.929
15.299 -436.765 -73.984 -0.135 0.003 0.346 0.928
15.205 -436.660 -74.020 -0.135 0.003 0.347 0.928
15.153 -436.602 -74.040 -0.135 0.003 0.347 0.928
15.082 -436.522 -74.067 -0.136 0.003 0.348 0.928
15.002 -436.433 -74.098 -0.136 0.003 0.349 0.927
14.913 -436.335 -74.132 -0.135 0.004 0.350 0.927
14.817 -436.229 -74.169 -0.135 0.004 0.350 0.927
14.752 -436.157 -74.194 -0.135 0.004 0.351 0.927
14.672 -436.069 -74.224 -0.135 0.004 0.352 0.926
14.594 -435.983 -74.254 -0.135 0.004 0.353 0.926
14.493 -435.873 -74.292 -0.135 0.004 0.354 0.925
