24.700 -458.430 -70.112 0.000 0.000 0.001 1.000
24.700 -458.337 -70.112 -0.001 0.000 0.003 1.000
24.699 -458.257 -70.112 -0.001 0.000 0.004 1.000
24.698 -458.187 -70.112 -0.002 0.000 0.006 1.000
24.696 -458.034 -70.113 -0.004 0.000 0.008 1.000
24.694 -457.926 -70.114 -0.004 0.000 0.010 1.000
24.691 -457.781 -70.115 -0.005 0.000 0.013 1.000
24.689 -457.704 -70.116 -0.006 0.000 0.014 1.000
24.686 -457.606 -70.117 -0.007 0.000 0.015 1.000
24.683 -457.517 -70.119 -0.007 0.000 0.017 1.000
24.679 -457.415 -70.120 -0.008 0.000 0.019 1.000
24.676 -457.322 -70.122 -0.009 0.000 0.020 1.000
24.670 -457.188 -70.124 -0.010 0.000 0.022 1.000
24.664 -457.066 -70.127 -0.010 0.000 0.025 1.000
24.659 -456.973 -70.129 -0.011 0.000 0.026 1.000
24.653 -456.863 -70.131 -0.012 0.000 0.028 1.000
24.647 -456.754 -70.134 -0.012 0.000 0.030 0.999
24.641 -456.663 -70.136 -0.013 0.000 0.032 0.999
24.634 -456.554 -70.139 -0.014 0.000 0.034 0.999
24.627 -456.455 -70.142 -0.015 0.000 0.036 0.999
24.619 -456.352 -70.145 -0.016 0.000 0.038 0.999
24.614 -456.278 -70.147 -0.016 0.000 0.039 0.999
24.607 -456.191 -70.150 -0.017 0.000 0.041 0.999
24.600 -456.105 -70.153 -0.017 0.000 0.042 0.999
24.590 -455.993 -70.157 -0.019 0.000 0.044 0.999
24.579 -455.870 -70.162 -0.019 0.000 0.045 0.999
24.572 -455.801 -70.164 -0.020 0.000 0.047 0.999
24.563 -455.705 -70.168 -0.021 0.000 0.048 0.999
24.550 -455.573 -70.174 -0.021 0.000 0.051 0.998
24.542 -455.492 -70.177 -0.022 0.000 0.052 0.998
24.530 -455.382 -70.182 -0.023 0.000 0.054 0.998
24.515 -455.244 -70.189 -0.023 0.000 0.056 0.998
24.504 -455.150 -70.193 -0.024 0.000 0.058 0.998
24.485 -454.997 -70.201 -0.025 0.000 0.061 0.998
24.475 -454.913 -70.205 -0.026 0.000 0.062 0.998
24.461 -454.804 -70.211 -0.026 0.000 0.064 0.998
24.450 -454.717 -70.216 -0.027 0.000 0.065 0.997
24.430 -454.571 -70.224 -0.028 0.000 0.068 0.997
24.415 -454.461 -70.230 -0.029 0.000 0.070 0.997
24.407 -454.403 -70.234 -0.030 0.000 0.071 0.997
24.398 -454.342 -70.237 -0.030 0.000 0.072 0.997
24.386 -454.259 -70.243 -0.031 0.000 0.073 0.997
24.366 -454.128 -70.251 -0.031 0.000 0.076 0.997
24.354 -454.048 -70.256 -0.032 0.000 0.078 0.996
24.342 -453.976 -70.261 -0.032 0.000 0.079 0.996
24.332 -453.913 -70.265 -0.033 0.000 0.080 0.996
24.321 -453.848 -70.269 -0.034 0.000 0.081 0.996
24.305 -453.751 -70.276 -0.034 0.000 0.083 0.996
24.290 -453.661 -70.282 -0.035 0.000 0.085 0.996
24.274 -453.568 -70.289 -0.036 0.000 0.086 0.996
24.264 -453.511 -70.293 -0.036 0.000 0.087 0.996
24.248 -453.424 -70.299 -0.037 0.000 0.089 0.995
24.235 -453.350 -70.305 -0.037 0.000 0.090 0.995
24.211 -453.224 -70.315 -0.038 0.000 0.093 0.995
24.183 -453.077 -70.326 -0.039 0.000 0.095 0.995
24.160 -452.958 -70.336 -0.040 0.000 0.097 0.994
24.133 -452.825 -70.346 -0.041 0.000 0.100 0.994
24.115 -452.735 -70.354 -0.042 0.000 0.101 0.994
24.094 -452.633 -70.363 -0.043 0.000 0.103 0.994
24.071 -452.527 -70.372 -0.044 0.000 0.105 0.993
24.047 -452.416 -70.382 -0.044 0.000 0.107 0.993
24.030 -452.340 -70.389 -0.045 0.000 0.109 0.993
24.004 -452.222 -70.400 -0.046 0.000 0.111 0.993
23.982 -452.127 -70.409 -0.047 0.000 0.113 0.992
23.956 -452.016 -70.420 -0.048 0.000 0.115 0.992
23.931 -451.912 -70.430 -0.049 0.000 0.117 0.992
23.899 -451.779 -70.444 -0.050 0.000 0.119 0.992
23.866 -451.646 -70.458 -0.051 0.000 0.121 0.991
23.839 -451.538 -70.469 -0.052 0.000 0.123 0.991
23.810 -451.424 -70.481 -0.053 0.000 0.126 0.991
23.782 -451.316 -70.493 -0.053 0.000 0.128 0.990
23.751 -451.199 -70.506 -0.054 0.000 0.130 0.990
23.718 -451.077 -70.520 -0.056 0.000 0.132 0.990
23.686 -450.960 -70.533 -0.056 0.000 0.134 0.989
23.660 -450.867 -70.544 -0.057 0.000 0.136 0.989
23.629 -450.760 -70.557 -0.058 0.000 0.138 0.989
23.587 -450.611 -70.575 -0.059 0.000 0.140 0.988
23.572 -450.562 -70.581 -0.060 0.000 0.141 0.988
23.545 -450.469 -70.593 -0.061 0.000 0.143 0.988
23.522 -450.391 -70.603 -0.061 0.000 0.144 0.988
23.477 -450.241 -70.622 -0.062 0.000 0.146 0.987
23.452 -450.162 -70.632 -0.063 0.000 0.148 0.987
23.420 -450.059 -70.646 -0.064 0.000 0.149 0.987
23.385 -449.945 -70.661 -0.065 0.000 0.152 0.986
23.350 -449.837 -70.676 -0.065 0.000 0.154 0.986
23.315 -449.729 -70.691 -0.066 0.000 0.155 0.986
23.272 -449.595 -70.710 -0.067 0.000 0.158 0.985
23.246 -449.518 -70.721 -0.068 0.000 0.160 0.985
23.217 -449.431 -70.733 -0.068 0.000 0.161 0.985
23.179 -449.321 -70.749 -0.069 0.000 0.164 0.984
23.154 -449.248 -70.760 -0.070 0.000 0.165 0.984
23.103 -449.104 -70.781 -0.071 0.000 0.168 0.983
23.076 -449.026 -70.793 -0.072 0.000 0.169 0.983
23.035 -448.911 -70.810 -0.073 0.000 0.171 0.983
22.982 -448.767 -70.833 -0.074 0.000 0.174 0.982
22.937 -448.643 -70.852 -0.075 0.000 0.176 0.981
22.897 -448.538 -70.869 -0.077 0.000 0.178 0.981
22.869 -448.465 -70.881 -0.077 0.000 0.180 0.981
22.831 -448.366 -70.898 -0.078 0.000 0.181 0.980
22.794 -448.270 -70.914 -0.079 0.000 0.183 0.980
22.752 -448.162 -70.932 -0.079 0.000 0.185 0.979
22.723 -448.090 -70.944 -0.080 0.000 0.187 0.979
22.684 -447.993 -70.961 -0.080 0.000 0.188 0.979
22.639 -447.882 -70.980 -0.081 0.000 0.190 0.978
22.598 -447.781 -70.998 -0.082 0.000 0.192 0.978
22.553 -447.671 -71.017 -0.083 0.000 0.194 0.977
22.527 -447.609 -71.028 -0.084 0.000 0.195 0.977
22.483 -447.506 -71.047 -0.084 0.000 0.197 0.977
22.451 -447.430 -71.061 -0.085 0.000 0.198 0.977
22.417 -447.350 -71.075 -0.085 0.000 0.199 0.976
22.367 -447.236 -71.096 -0.086 0.000 0.201 0.976
22.332 -447.154 -71.112 -0.087 0.000 0.202 0.976
22.303 -447.088 -71.124 -0.087 0.000 0.203 0.975
22.272 -447.017 -71.138 -0.087 0.000 0.204 0.975
22.239 -446.943 -71.152 -0.088 0.000 0.206 0.975
22.208 -446.875 -71.165 -0.088 0.000 0.207 0.974
22.169 -446.788 -71.181 -0.089 0.000 0.208 0.974
22.142 -446.728 -71.193 -0.089 0.000 0.209 0.974
22.119 -446.677 -71.203 -0.089 0.000 0.210 0.974
22.056 -446.541 -71.229 -0.090 0.000 0.212 0.973
22.003 -446.427 -71.252 -0.091 0.000 0.215 0.972
21.970 -446.357 -71.266 -0.091 0.000 0.216 0.972
21.918 -446.247 -71.288 -0.092 0.000 0.218 0.971
21.864 -446.135 -71.311 -0.094 0.000 0.220 0.971
21.819 -446.041 -71.330 -0.094 0.000 0.222 0.970
21.778 -445.958 -71.347 -0.094 0.000 0.223 0.970
21.733 -445.867 -71.366 -0.095 0.000 0.225 0.970
21.698 -445.797 -71.381 -0.096 0.000 0.226 0.969
21.664 -445.728 -71.396 -0.096 0.000 0.228 0.969
21.614 -445.630 -71.417 -0.097 0.000 0.230 0.968
21.564 -445.531 -71.438 -0.098 0.000 0.231 0.968
21.506 -445.419 -71.462 -0.099 0.000 0.233 0.967
21.462 -445.335 -71.481 -0.099 0.000 0.235 0.967
21.415 -445.244 -71.501 -0.099 0.000 0.236 0.967
21.347 -445.115 -71.529 -0.100 0.000 0.239 0.966
21.306 -445.039 -71.546 -0.100 0.000 0.240 0.966
21.258 -444.950 -71.566 -0.101 0.000 0.242 0.965
21.190 -444.826 -71.594 -0.102 0.000 0.244 0.964
21.148 -444.748 -71.612 -0.102 0.000 0.245 0.964
21.116 -444.690 -71.625 -0.103 0.000 0.246 0.964
21.044 -444.562 -71.655 -0.103 0.000 0.248 0.963
20.997 -444.477 -71.675 -0.104 0.000 0.249 0.963
20.964 -444.418 -71.688 -0.104 0.000 0.250 0.963
20.913 -444.328 -71.709 -0.105 0.000 0.251 0.962
20.890 -444.288 -71.719 -0.105 0.000 0.252 0.962
20.830 -444.182 -71.744 -0.106 0.000 0.253 0.962
20.777 -444.091 -71.766 -0.106 0.000 0.255 0.961
20.724 -443.999 -71.788 -0.107 0.000 0.256 0.961
20.670 -443.906 -71.811 -0.107 0.000 0.257 0.960
20.611 -443.806 -71.835 -0.107 0.000 0.258 0.960
20.537 -443.680 -71.866 -0.108 0.001 0.260 0.960
20.476 -443.578 -71.891 -0.108 0.001 0.261 0.959
20.421 -443.486 -71.914 -0.109 0.001 0.262 0.959
20.356 -443.379 -71.941 -0.109 0.001 0.264 0.958
20.296 -443.280 -71.965 -0.109 0.001 0.265 0.958
20.216 -443.148 -71.999 -0.110 0.001 0.267 0.957
20.149 -443.040 -72.026 -0.111 0.001 0.268 0.957
20.107 -442.973 -72.043 -0.111 0.001 0.269 0.957
20.042 -442.867 -72.070 -0.112 0.001 0.270 0.956
20.004 -442.807 -72.086 -0.112 0.001 0.271 0.956
19.948 -442.718 -72.109 -0.112 0.001 0.272 0.956
19.893 -442.631 -72.131 -0.113 0.001 0.273 0.955
19.827 -442.526 -72.159 -0.113 0.001 0.275 0.955
19.785 -442.460 -72.176 -0.113 0.001 0.275 0.955
19.739 -442.389 -72.195 -0.113 0.001 0.277 0.954
19.692 -442.316 -72.214 -0.114 0.001 0.278 0.954
19.634 -442.226 -72.238 -0.113 0.001 0.279 0.954
19.579 -442.141 -72.260 -0.114 0.001 0.280 0.953
19.517 -442.047 -72.285 -0.115 0.001 0.281 0.953
19.465 -441.968 -72.306 -0.115 0.001 0.282 0.953
19.412 -441.888 -72.328 -0.116 0.001 0.283 0.952
19.343 -441.784 -72.356 -0.116 0.001 0.285 0.952
19.311 -441.737 -72.369 -0.116 0.001 0.285 0.951
19.251 -441.648 -72.393 -0.117 0.001 0.287 0.951
19.191 -441.559 -72.418 -0.117 0.001 0.288 0.950
19.129 -441.468 -72.442 -0.118 0.001 0.289 0.950
19.082 -441.399 -72.462 -0.118 0.001 0.290 0.950
19.024 -441.315 -72.485 -0.118 0.001 0.291 0.949
18.992 -441.268 -72.498 -0.119 0.001 0.292 0.949
18.929 -441.177 -72.524 -0.119 0.001 0.293 0.949
18.893 -441.126 -72.538 -0.119 0.001 0.294 0.948
18.856 -441.072 -72.553 -0.120 0.001 0.294 0.948
18.784 -440.971 -72.582 -0.120 0.001 0.296 0.948
18.693 -440.842 -72.619 -0.121 0.001 0.298 0.947
18.626 -440.748 -72.646 -0.122 0.001 0.299 0.946
18.566 -440.665 -72.670 -0.122 0.001 0.301 0.946
18.506 -440.582 -72.695 -0.123 0.001 0.302 0.946
18.428 -440.474 -72.726 -0.123 0.001 0.303 0.945
18.388 -440.420 -72.742 -0.123 0.001 0.304 0.945
18.314 -440.319 -72.772 -0.124 0.001 0.306 0.944
18.263 -440.249 -72.793 -0.124 0.001 0.307 0.944
18.186 -440.146 -72.824 -0.125 0.001 0.308 0.943
18.129 -440.070 -72.847 -0.125 0.001 0.309 0.943
18.071 -439.992 -72.870 -0.125 0.001 0.311 0.942
18.004 -439.904 -72.897 -0.126 0.001 0.312 0.942
17.897 -439.764 -72.941 -0.127 0.001 0.314 0.941
17.844 -439.694 -72.962 -0.127 0.001 0.314 0.941
17.764 -439.590 -72.994 -0.128 0.001 0.316 0.940
17.706 -439.516 -73.017 -0.128 0.001 0.317 0.940
17.652 -439.446 -73.039 -0.128 0.001 0.318 0.939
17.600 -439.380 -73.060 -0.128 0.001 0.319 0.939
17.537 -439.300 -73.085 -0.129 0.001 0.320 0.939
17.443 -439.181 -73.123 -0.129 0.002 0.321 0.938
17.379 -439.099 -73.149 -0.129 0.002 0.322 0.938
17.320 -439.026 -73.172 -0.130 0.002 0.322 0.938
17.257 -438.947 -73.197 -0.130 0.002 0.323 0.937
17.191 -438.865 -73.224 -0.130 0.002 0.324 0.937
17.130 -438.790 -73.248 -0.130 0.002 0.325 0.937
17.072 -438.718 -73.271 -0.131 0.002 0.326 0.936
17.027 -438.663 -73.289 -0.131 0.002 0.326 0.936
16.954 -438.573 -73.318 -0.131 0.002 0.327 0.936
16.891 -438.495 -73.343 -0.131 0.002 0.328 0.936
16.834 -438.426 -73.366 -0.131 0.002 0.328 0.935
16.773 -438.352 -73.390 -0.132 0.002 0.329 0.935
16.713 -438.278 -73.414 -0.132 0.002 0.329 0.935
16.656 -438.209 -73.437 -0.132 0.002 0.330 0.935
16.585 -438.123 -73.465 -0.132 0.002 0.330 0.935
16.522 -438.047 -73.490 -0.132 0.002 0.331 0.934
16.466 -437.980 -73.512 -0.132 0.002 0.331 0.934
16.403 -437.903 -73.537 -0.132 0.002 0.332 0.934
16.324 -437.809 -73.568 -0.133 0.002 0.333 0.934
16.249 -437.720 -73.598 -0.133 0.002 0.333 0.933
16.199 -437.660 -73.617 -0.133 0.002 0.334 0.933
16.129 -437.578 -73.645 -0.133 0.002 0.335 0.933
16.070 -437.508 -73.668 -0.133 0.002 0.335 0.933
16.020 -437.449 -73.688 -0.133 0.002 0.336 0.932
15.970 -437.389 -73.708 -0.133 0.002 0.336 0.932
15.870 -437.273 -73.747 -0.133 0.002 0.338 0.932
15.832 -437.228 -73.762 -0.134 0.002 0.338 0.932
15.785 -437.172 -73.781 -0.134 0.002 0.339 0.931
15.723 -437.100 -73.805 -0.134 0.003 0.339 0.931
15.647 -437.012 -73.835 -0.134 0.003 0.340 0.931
15.570 -436.923 -73.865 -0.134 0.003 0.341 0.931
15.481 -436.821 -73.899 -0.134 0.003 0.341 0.930
15.423 -436.755 -73.922 -0.134 0.003 0.342 0.930
15.366 -436.690 -73.944 -0.134 0.003 0.343 0.930
15.306 -436.621 -73.967 -0.134 0.003 0.343 0.930
15.232 -436.537 -73.996 -0.134 0.003 0.344 0.929
15.147 -436.440 -74.028 -0.134 0.003 0.344 0.929
15.095 -436.381 -74.048 -0.134 0.003 0.345 0.929
15.003 -436.278 -74.084 -0.134 0.003 0.346 0.929
14.950 -436.218 -74.104 -0.134 0.004 0.346 0.929
14.878 -436.136 -74.131 -0.133 0.004 0.347 0.928
14.808 -436.058 -74.158 -0.133 0.004 0.348 0.928
14.747 -435.991 -74.181 -0.134 0.004 0.348 0.928
14.698 -435.936 -74.199 -0.134 0.004 0.349 0.928
14.636 -435.867 -74.223 -0.133 0.004 0.349 0.927
14.591 -435.817 -74.240 -0.133 0.004 0.350 0.927
