24.700 -458.377 -70.112 -0.001 0.000 0.002 1.000
24.699 -458.230 -70.112 -0.002 0.000 0.005 1.000
24.697 -458.123 -70.113 -0.002 0.000 0.007 1.000
24.696 -458.047 -70.113 -0.003 0.000 0.008 1.000
24.694 -457.936 -70.114 -0.004 0.000 0.010 1.000
24.692 -457.840 -70.115 -0.005 0.000 0.012 1.000
24.689 -457.722 -70.116 -0.005 0.000 0.014 1.000
24.685 -457.602 -70.117 -0.006 0.000 0.016 1.000
24.683 -457.538 -70.118 -0.007 0.000 0.017 1.000
24.678 -457.399 -70.120 -0.008 0.000 0.020 1.000
24.675 -457.330 -70.121 -0.008 0.000 0.021 1.000
24.669 -457.193 -70.123 -0.008 0.000 0.023 1.000
24.665 -457.104 -70.125 -0.009 0.000 0.025 1.000
24.655 -456.915 -70.128 -0.011 0.000 0.028 1.000
24.650 -456.834 -70.130 -0.011 0.000 0.029 1.000
24.643 -456.707 -70.133 -0.012 0.000 0.031 0.999
24.633 -456.556 -70.137 -0.013 0.000 0.034 0.999
24.628 -456.482 -70.139 -0.014 0.000 0.036 0.999
24.620 -456.385 -70.142 -0.015 0.000 0.037 0.999
24.613 -456.286 -70.145 -0.015 0.000 0.039 0.999
24.603 -456.168 -70.149 -0.016 0.000 0.041 0.999
24.595 -456.071 -70.152 -0.017 0.000 0.043 0.999
24.588 -455.996 -70.154 -0.017 0.000 0.045 0.999
24.580 -455.899 -70.158 -0.018 0.000 0.046 0.999
24.574 -455.838 -70.160 -0.019 0.000 0.047 0.999
24.565 -455.746 -70.164 -0.019 0.000 0.049 0.999
24.551 -455.605 -70.169 -0.020 0.000 0.052 0.998
24.541 -455.516 -70.173 -0.021 0.000 0.053 0.998
24.530 -455.409 -70.177 -0.022 0.000 0.055 0.998
24.511 -455.248 -70.185 -0.023 0.000 0.058 0.998
24.500 -455.151 -70.189 -0.023 0.000 0.060 0.998
24.489 -455.062 -70.193 -0.023 0.000 0.062 0.998
24.476 -454.963 -70.198 -0.024 0.000 0.064 0.998
24.458 -454.820 -70.205 -0.025 0.000 0.066 0.998
24.446 -454.730 -70.210 -0.026 0.000 0.068 0.997
24.433 -454.637 -70.215 -0.027 0.000 0.069 0.997
24.417 -454.529 -70.220 -0.027 0.000 0.071 0.997
24.403 -454.432 -70.226 -0.028 0.000 0.073 0.997
24.387 -454.325 -70.232 -0.029 0.000 0.075 0.997
24.359 -454.144 -70.243 -0.030 0.000 0.078 0.996
24.342 -454.035 -70.250 -0.031 0.000 0.080 0.996
24.322 -453.913 -70.257 -0.032 0.000 0.082 0.996
24.302 -453.799 -70.265 -0.033 0.000 0.084 0.996
24.288 -453.716 -70.270 -0.034 0.000 0.086 0.996
24.267 -453.594 -70.279 -0.035 0.000 0.088 0.996
24.245 -453.474 -70.287 -0.036 0.000 0.090 0.995
24.228 -453.381 -70.294 -0.036 0.000 0.092 0.995
24.209 -453.278 -70.302 -0.037 0.000 0.093 0.995
24.194 -453.201 -70.308 -0.038 0.000 0.095 0.995
24.166 -453.059 -70.319 -0.039 0.000 0.098 0.994
24.144 -452.950 -70.327 -0.040 0.000 0.100 0.994
24.123 -452.845 -70.336 -0.041 0.000 0.102 0.994
24.105 -452.761 -70.343 -0.041 0.000 0.103 0.994
24.083 -452.656 -70.352 -0.042 0.000 0.105 0.994
24.063 -452.566 -70.360 -0.043 0.000 0.107 0.993
24.045 -452.481 -70.367 -0.044 0.000 0.108 0.993
24.021 -452.377 -70.377 -0.044 0.000 0.110 0.993
23.979 -452.191 -70.394 -0.046 0.000 0.114 0.992
23.962 -452.118 -70.401 -0.047 0.000 0.115 0.992
23.943 -452.039 -70.408 -0.048 0.000 0.116 0.992
23.919 -451.939 -70.418 -0.048 0.000 0.118 0.992
23.890 -451.821 -70.430 -0.049 0.000 0.120 0.991
23.863 -451.712 -70.441 -0.050 0.000 0.122 0.991
23.843 -451.631 -70.450 -0.051 0.000 0.124 0.991
23.811 -451.510 -70.463 -0.052 0.000 0.126 0.991
23.777 -451.377 -70.477 -0.053 0.000 0.128 0.990
23.756 -451.300 -70.485 -0.053 0.000 0.130 0.990
23.725 -451.184 -70.498 -0.054 0.000 0.132 0.990
23.690 -451.057 -70.512 -0.055 0.000 0.134 0.989
23.650 -450.915 -70.529 -0.056 0.000 0.137 0.989
23.628 -450.838 -70.538 -0.056 0.000 0.139 0.989
23.595 -450.724 -70.551 -0.058 0.000 0.141 0.988
23.572 -450.645 -70.561 -0.058 0.000 0.142 0.988
23.540 -450.537 -70.574 -0.059 0.000 0.144 0.988
23.505 -450.424 -70.588 -0.059 0.000 0.146 0.987
23.479 -450.337 -70.599 -0.060 0.000 0.148 0.987
23.445 -450.228 -70.613 -0.061 0.000 0.150 0.987
23.413 -450.126 -70.626 -0.062 0.000 0.151 0.987
23.377 -450.014 -70.640 -0.062 0.000 0.153 0.986
23.344 -449.911 -70.654 -0.063 0.000 0.155 0.986
23.304 -449.789 -70.670 -0.064 0.000 0.158 0.985
23.276 -449.704 -70.682 -0.065 0.000 0.159 0.985
23.242 -449.601 -70.696 -0.066 0.000 0.161 0.985
23.212 -449.514 -70.708 -0.066 0.000 0.163 0.984
23.185 -449.436 -70.718 -0.067 0.000 0.164 0.984
23.153 -449.343 -70.732 -0.067 0.000 0.166 0.984
23.119 -449.247 -70.745 -0.068 0.000 0.167 0.984
23.099 -449.190 -70.753 -0.068 0.000 0.169 0.983
23.063 -449.089 -70.768 -0.069 0.000 0.170 0.983
23.033 -449.006 -70.780 -0.069 0.000 0.172 0.983
23.001 -448.917 -70.793 -0.070 0.000 0.173 0.982
22.965 -448.818 -70.808 -0.071 0.000 0.175 0.982
22.937 -448.744 -70.819 -0.072 0.000 0.176 0.982
22.901 -448.650 -70.833 -0.073 0.000 0.178 0.981
22.873 -448.575 -70.845 -0.073 0.000 0.179 0.981
22.833 -448.469 -70.861 -0.074 0.000 0.181 0.981
22.783 -448.342 -70.882 -0.075 0.000 0.184 0.980
22.743 -448.241 -70.898 -0.076 0.000 0.186 0.980
22.710 -448.156 -70.912 -0.076 0.000 0.187 0.979
22.653 -448.016 -70.935 -0.077 0.000 0.190 0.979
22.592 -447.865 -70.959 -0.078 0.000 0.193 0.978
22.543 -447.747 -70.979 -0.079 0.000 0.195 0.978
22.509 -447.667 -70.993 -0.080 0.000 0.196 0.977
22.461 -447.554 -71.013 -0.081 0.000 0.198 0.977
22.413 -447.441 -71.032 -0.082 0.000 0.200 0.976
22.377 -447.357 -71.047 -0.082 0.000 0.201 0.976
22.338 -447.269 -71.063 -0.083 0.000 0.202 0.976
22.285 -447.148 -71.085 -0.083 0.000 0.204 0.975
22.240 -447.045 -71.103 -0.083 0.000 0.206 0.975
22.197 -446.951 -71.120 -0.084 0.000 0.208 0.975
22.151 -446.848 -71.139 -0.085 0.000 0.210 0.974
22.120 -446.780 -71.152 -0.085 0.000 0.211 0.974
22.086 -446.706 -71.165 -0.086 0.000 0.212 0.973
22.041 -446.610 -71.183 -0.087 0.000 0.214 0.973
22.015 -446.554 -71.194 -0.087 0.000 0.215 0.973
21.961 -446.439 -71.216 -0.088 0.000 0.217 0.972
21.917 -446.346 -71.234 -0.088 0.000 0.219 0.972
21.884 -446.279 -71.247 -0.089 0.000 0.220 0.971
21.838 -446.183 -71.266 -0.090 0.000 0.221 0.971
21.807 -446.118 -71.278 -0.090 0.000 0.222 0.971
21.769 -446.041 -71.294 -0.091 0.000 0.224 0.970
21.703 -445.908 -71.321 -0.093 0.000 0.226 0.970
21.653 -445.809 -71.341 -0.093 0.000 0.228 0.969
21.604 -445.712 -71.361 -0.094 0.000 0.230 0.969
21.558 -445.620 -71.380 -0.095 0.000 0.231 0.968
21.518 -445.543 -71.397 -0.096 0.000 0.233 0.968
21.456 -445.424 -71.422 -0.097 -0.001 0.235 0.967
21.405 -445.326 -71.443 -0.098 -0.001 0.236 0.967
21.350 -445.223 -71.466 -0.099 -0.001 0.238 0.966
21.293 -445.115 -71.490 -0.100 -0.001 0.240 0.966
21.234 -445.007 -71.514 -0.100 -0.001 0.242 0.965
21.174 -444.896 -71.539 -0.101 -0.001 0.244 0.965
21.137 -444.828 -71.555 -0.101 -0.001 0.245 0.964
21.083 -444.731 -71.577 -0.102 -0.001 0.247 0.964
21.049 -444.669 -71.591 -0.102 -0.001 0.248 0.963
21.004 -444.590 -71.610 -0.103 0.000 0.249 0.963
20.940 -444.476 -71.636 -0.103 0.000 0.251 0.963
20.864 -444.342 -71.667 -0.104 0.000 0.253 0.962
20.799 -444.229 -71.694 -0.104 0.000 0.255 0.961
20.751 -444.146 -71.714 -0.105 0.000 0.256 0.961
20.724 -444.099 -71.725 -0.105 0.000 0.256 0.961
20.665 -443.998 -71.749 -0.105 0.000 0.258 0.961
20.626 -443.932 -71.765 -0.105 0.000 0.258 0.960
20.585 -443.863 -71.781 -0.105 0.000 0.259 0.960
20.531 -443.770 -71.803 -0.106 0.000 0.260 0.960
20.481 -443.687 -71.824 -0.106 0.000 0.262 0.959
20.429 -443.600 -71.845 -0.106 0.000 0.263 0.959
20.386 -443.529 -71.862 -0.107 0.000 0.264 0.959
20.352 -443.473 -71.876 -0.107 0.000 0.265 0.958
20.317 -443.415 -71.890 -0.107 0.000 0.265 0.958
20.268 -443.334 -71.910 -0.108 0.000 0.266 0.958
20.221 -443.258 -71.929 -0.108 0.000 0.267 0.958
20.195 -443.216 -71.939 -0.108 0.000 0.268 0.957
20.125 -443.103 -71.967 -0.108 0.000 0.269 0.957
20.067 -443.009 -71.991 -0.109 0.000 0.270 0.957
20.004 -442.908 -72.016 -0.109 0.000 0.272 0.956
19.947 -442.818 -72.039 -0.109 0.000 0.273 0.956
19.898 -442.740 -72.059 -0.110 0.000 0.274 0.955
19.857 -442.676 -72.075 -0.110 0.000 0.275 0.955
19.801 -442.587 -72.097 -0.110 0.000 0.276 0.955
19.762 -442.527 -72.113 -0.111 0.000 0.276 0.955
19.718 -442.459 -72.131 -0.111 0.000 0.277 0.954
19.651 -442.355 -72.158 -0.112 0.000 0.279 0.954
19.595 -442.269 -72.180 -0.112 0.000 0.280 0.953
19.543 -442.190 -72.201 -0.112 0.000 0.281 0.953
19.499 -442.123 -72.218 -0.113 0.000 0.282 0.953
19.439 -442.031 -72.243 -0.113 0.000 0.283 0.953
19.393 -441.963 -72.261 -0.113 0.000 0.284 0.952
19.347 -441.893 -72.279 -0.114 0.000 0.285 0.952
19.301 -441.825 -72.297 -0.114 0.001 0.286 0.951
19.275 -441.786 -72.308 -0.114 0.001 0.286 0.951
19.210 -441.689 -72.334 -0.114 0.001 0.288 0.951
19.178 -441.642 -72.346 -0.115 0.001 0.288 0.951
19.143 -441.592 -72.360 -0.115 0.001 0.289 0.950
19.068 -441.482 -72.390 -0.115 0.001 0.291 0.950
19.000 -441.383 -72.417 -0.116 0.001 0.292 0.949
18.942 -441.299 -72.440 -0.116 0.001 0.293 0.949
18.887 -441.220 -72.462 -0.117 0.001 0.294 0.949
18.853 -441.170 -72.475 -0.117 0.001 0.295 0.948
18.780 -441.066 -72.504 -0.117 0.001 0.296 0.948
18.734 -441.001 -72.522 -0.118 0.001 0.297 0.947
18.691 -440.941 -72.539 -0.118 0.001 0.298 0.947
18.613 -440.832 -72.570 -0.119 0.001 0.300 0.947
18.544 -440.736 -72.597 -0.119 0.001 0.301 0.946
18.484 -440.652 -72.621 -0.120 0.001 0.302 0.946
18.434 -440.584 -72.641 -0.120 0.001 0.303 0.945
18.375 -440.502 -72.664 -0.121 0.001 0.304 0.945
18.325 -440.435 -72.684 -0.121 0.001 0.306 0.944
18.289 -440.386 -72.698 -0.121 0.001 0.306 0.944
18.224 -440.298 -72.724 -0.121 0.001 0.308 0.944
18.137 -440.183 -72.757 -0.121 0.001 0.309 0.943
18.094 -440.125 -72.774 -0.122 0.001 0.310 0.943
18.048 -440.063 -72.792 -0.122 0.001 0.311 0.943
17.976 -439.969 -72.820 -0.123 0.001 0.312 0.942
17.889 -439.854 -72.855 -0.123 0.001 0.314 0.941
17.822 -439.767 -72.881 -0.124 0.001 0.315 0.941
17.755 -439.681 -72.907 -0.124 0.001 0.317 0.940
17.682 -439.587 -72.935 -0.124 0.001 0.318 0.940
17.607 -439.491 -72.965 -0.125 0.001 0.319 0.939
17.535 -439.399 -72.993 -0.126 0.001 0.320 0.939
17.495 -439.348 -73.009 -0.125 0.001 0.321 0.939
17.461 -439.306 -73.022 -0.125 0.001 0.321 0.939
17.375 -439.197 -73.055 -0.126 0.001 0.322 0.938
17.281 -439.080 -73.092 -0.126 0.001 0.324 0.938
17.241 -439.030 -73.107 -0.126 0.002 0.324 0.938
17.184 -438.959 -73.129 -0.126 0.001 0.325 0.937
17.111 -438.868 -73.157 -0.126 0.002 0.326 0.937
17.045 -438.786 -73.183 -0.127 0.002 0.326 0.937
16.977 -438.703 -73.209 -0.126 0.002 0.327 0.937
16.920 -438.633 -73.231 -0.127 0.002 0.328 0.936
16.855 -438.553 -73.256 -0.127 0.002 0.328 0.936
16.803 -438.490 -73.276 -0.127 0.002 0.329 0.936
16.749 -438.424 -73.297 -0.127 0.002 0.330 0.935
16.664 -438.321 -73.330 -0.127 0.002 0.330 0.935
16.601 -438.245 -73.354 -0.128 0.002 0.331 0.935
16.523 -438.151 -73.384 -0.128 0.002 0.332 0.935
16.421 -438.029 -73.422 -0.128 0.002 0.333 0.934
16.370 -437.967 -73.442 -0.128 0.002 0.333 0.934
16.303 -437.887 -73.468 -0.129 0.002 0.334 0.934
16.228 -437.798 -73.497 -0.129 0.002 0.335 0.933
16.154 -437.712 -73.524 -0.129 0.002 0.336 0.933
16.065 -437.606 -73.558 -0.129 0.002 0.338 0.932
16.001 -437.532 -73.582 -0.128 0.003 0.338 0.932
15.956 -437.479 -73.600 -0.128 0.003 0.339 0.932
15.902 -437.416 -73.620 -0.128 0.003 0.339 0.932
15.823 -437.325 -73.649 -0.128 0.003 0.340 0.932
15.746 -437.236 -73.678 -0.128 0.003 0.341 0.931
15.659 -437.135 -73.710 -0.128 0.003 0.342 0.931
15.592 -437.058 -73.735 -0.128 0.003 0.343 0.931
15.511 -436.965 -73.765 -0.128 0.003 0.343 0.930
15.453 -436.899 -73.786 -0.128 0.003 0.344 0.930
15.381 -436.817 -73.813 -0.128 0.004 0.344 0.930
15.321 -436.749 -73.835 -0.128 0.004 0.345 0.930
15.227 -436.641 -73.869 -0.128 0.004 0.346 0.929
15.164 -436.571 -73.892 -0.128 0.004 0.346 0.929
15.099 -436.497 -73.916 -0.128 0.004 0.347 0.929
15.036 -436.426 -73.939 -0.128 0.004 0.347 0.929
14.961 -436.343 -73.966 -0.127 0.004 0.348 0.929
14.867 -436.237 -74.000 -0.127 0.005 0.349 0.928
14.792 -436.153 -74.027 -0.127 0.005 0.350 0.928
14.718 -436.071 -74.053 -0.127 0.005 0.351 0.928
14.649 -435.996 -74.078 -0.128 0.005 0.351 0.927
14.573 -435.912 -74.105 -0.128 0.005 0.352 0.927
