26.390 -423.594 -82.405 -0.025 0.000 0.049 0.998
26.383 -423.532 -82.408 -0.025 0.000 0.050 0.998
26.377 -423.474 -82.411 -0.026 0.000 0.051 0.998
26.369 -423.390 -82.416 -0.026 0.000 0.053 0.998
26.354 -423.258 -82.423 -0.027 0.000 0.055 0.998
26.347 -423.194 -82.426 -0.027 0.000 0.056 0.998
26.333 -423.067 -82.434 -0.029 0.000 0.058 0.998
26.321 -422.963 -82.440 -0.029 0.000 0.059 0.998
26.304 -422.824 -82.448 -0.029 0.000 0.062 0.998
26.289 -422.707 -82.455 -0.030 0.000 0.064 0.998
26.274 -422.596 -82.462 -0.030 0.000 0.065 0.997
26.264 -422.515 -82.467 -0.031 0.000 0.067 0.997
26.252 -422.430 -82.472 -0.032 0.000 0.068 0.997
26.235 -422.309 -82.480 -0.032 0.000 0.070 0.997
26.221 -422.212 -82.486 -0.033 0.000 0.071 0.997
26.207 -422.116 -82.493 -0.033 0.000 0.073 0.997
26.191 -422.003 -82.500 -0.034 0.000 0.075 0.997
26.178 -421.921 -82.506 -0.035 0.000 0.076 0.997
26.162 -421.818 -82.513 -0.035 0.000 0.078 0.996
26.148 -421.728 -82.519 -0.036 0.000 0.079 0.996
26.135 -421.645 -82.525 -0.036 0.000 0.080 0.996
26.117 -421.535 -82.534 -0.037 0.000 0.082 0.996
26.100 -421.435 -82.541 -0.037 0.000 0.083 0.996
26.087 -421.359 -82.547 -0.037 0.000 0.084 0.996
26.074 -421.285 -82.552 -0.038 0.000 0.086 0.996
26.055 -421.178 -82.561 -0.039 0.000 0.087 0.995
26.033 -421.051 -82.571 -0.040 0.000 0.089 0.995
26.010 -420.925 -82.581 -0.041 0.000 0.091 0.995
25.985 -420.793 -82.592 -0.041 0.000 0.093 0.995
25.967 -420.699 -82.600 -0.042 0.000 0.095 0.995
25.939 -420.558 -82.612 -0.043 0.000 0.097 0.994
25.926 -420.491 -82.618 -0.044 0.000 0.098 0.994
25.906 -420.394 -82.627 -0.045 0.000 0.100 0.994
25.882 -420.276 -82.638 -0.045 0.000 0.102 0.994
25.854 -420.141 -82.650 -0.046 0.000 0.104 0.993
25.828 -420.019 -82.662 -0.047 0.000 0.106 0.993
25.797 -419.878 -82.675 -0.047 0.000 0.108 0.993
25.772 -419.767 -82.686 -0.048 0.000 0.110 0.993
25.746 -419.653 -82.698 -0.049 0.000 0.112 0.992
25.733 -419.596 -82.703 -0.050 0.000 0.113 0.992
25.709 -419.492 -82.714 -0.050 0.000 0.115 0.992
25.678 -419.364 -82.727 -0.051 0.000 0.117 0.992
25.647 -419.235 -82.741 -0.052 0.000 0.120 0.991
25.622 -419.138 -82.751 -0.053 0.000 0.121 0.991
25.598 -419.040 -82.762 -0.054 0.000 0.123 0.991
25.568 -418.922 -82.775 -0.055 0.000 0.125 0.991
25.537 -418.804 -82.789 -0.056 0.000 0.128 0.990
25.513 -418.712 -82.799 -0.056 0.000 0.130 0.990
25.480 -418.591 -82.814 -0.057 0.000 0.132 0.990
25.448 -418.475 -82.827 -0.058 0.000 0.134 0.989
25.417 -418.363 -82.841 -0.060 0.000 0.137 0.989
25.369 -418.196 -82.862 -0.061 0.000 0.140 0.988
25.337 -418.088 -82.876 -0.061 0.000 0.142 0.988
25.307 -417.988 -82.888 -0.062 0.000 0.144 0.988
25.284 -417.912 -82.898 -0.063 0.000 0.145 0.987
25.255 -417.814 -82.911 -0.063 0.000 0.147 0.987
25.232 -417.739 -82.921 -0.064 0.000 0.148 0.987
25.206 -417.658 -82.932 -0.065 0.000 0.150 0.987
25.170 -417.543 -82.947 -0.066 0.000 0.152 0.986
25.133 -417.426 -82.964 -0.067 0.000 0.154 0.986
25.099 -417.322 -82.978 -0.068 0.000 0.156 0.985
25.078 -417.259 -82.987 -0.068 0.000 0.157 0.985
25.029 -417.111 -83.009 -0.069 0.000 0.159 0.985
25.007 -417.046 -83.018 -0.070 0.000 0.161 0.985
24.969 -416.933 -83.035 -0.070 0.000 0.162 0.984
24.946 -416.865 -83.045 -0.071 0.000 0.163 0.984
24.913 -416.770 -83.059 -0.071 0.000 0.165 0.984
24.889 -416.701 -83.069 -0.072 0.000 0.166 0.984
24.862 -416.624 -83.081 -0.072 0.000 0.167 0.983
24.822 -416.511 -83.098 -0.073 0.000 0.169 0.983
24.778 -416.389 -83.117 -0.074 0.000 0.171 0.983
24.745 -416.296 -83.131 -0.075 0.000 0.173 0.982
24.718 -416.224 -83.143 -0.075 0.000 0.174 0.982
24.687 -416.141 -83.156 -0.075 0.000 0.176 0.982
24.664 -416.079 -83.166 -0.076 0.000 0.177 0.981
24.634 -416.000 -83.179 -0.076 0.001 0.178 0.981
24.601 -415.911 -83.193 -0.077 0.000 0.180 0.981
24.542 -415.758 -83.218 -0.078 0.001 0.183 0.980
24.513 -415.685 -83.231 -0.079 0.000 0.184 0.980
24.469 -415.573 -83.250 -0.080 0.001 0.186 0.979
24.433 -415.481 -83.265 -0.080 0.000 0.187 0.979
24.385 -415.362 -83.286 -0.081 0.000 0.189 0.979
24.347 -415.269 -83.302 -0.082 0.000 0.190 0.978
24.321 -415.205 -83.313 -0.082 0.001 0.192 0.978
24.285 -415.117 -83.329 -0.082 0.001 0.193 0.978
24.242 -415.014 -83.347 -0.083 0.001 0.195 0.977
24.195 -414.903 -83.367 -0.084 0.001 0.197 0.977
24.163 -414.828 -83.380 -0.085 0.001 0.198 0.976
24.124 -414.738 -83.397 -0.086 0.001 0.200 0.976
24.088 -414.654 -83.412 -0.086 0.001 0.202 0.976
24.045 -414.557 -83.431 -0.087 0.001 0.204 0.975
23.987 -414.426 -83.455 -0.088 0.001 0.206 0.975
23.945 -414.333 -83.473 -0.089 0.001 0.208 0.974
23.912 -414.261 -83.487 -0.090 0.001 0.209 0.974
23.879 -414.187 -83.502 -0.090 0.000 0.211 0.973
23.857 -414.140 -83.511 -0.091 0.000 0.212 0.973
23.825 -414.070 -83.525 -0.092 0.000 0.213 0.973
23.790 -413.995 -83.540 -0.092 0.000 0.214 0.972
23.752 -413.915 -83.556 -0.093 0.001 0.216 0.972
23.710 -413.826 -83.574 -0.093 0.001 0.218 0.972
23.660 -413.721 -83.596 -0.094 0.001 0.220 0.971
23.608 -413.614 -83.618 -0.095 0.000 0.222 0.970
23.568 -413.533 -83.635 -0.096 0.000 0.223 0.970
23.511 -413.419 -83.659 -0.097 0.000 0.226 0.969
23.464 -413.324 -83.680 -0.098 0.000 0.227 0.969
23.406 -413.210 -83.704 -0.099 0.000 0.230 0.968
23.365 -413.128 -83.722 -0.100 0.000 0.231 0.968
23.317 -413.036 -83.743 -0.100 0.000 0.233 0.967
23.276 -412.958 -83.760 -0.101 0.000 0.235 0.967
23.214 -412.839 -83.787 -0.102 0.000 0.237 0.966
23.186 -412.786 -83.799 -0.103 0.000 0.238 0.966
23.136 -412.693 -83.821 -0.104 0.000 0.240 0.965
23.064 -412.561 -83.852 -0.105 0.000 0.242 0.965
23.015 -412.470 -83.873 -0.105 0.000 0.244 0.964
22.976 -412.399 -83.890 -0.106 0.000 0.246 0.964
22.910 -412.281 -83.918 -0.107 0.000 0.248 0.963
22.856 -412.185 -83.942 -0.108 0.000 0.250 0.962
22.810 -412.104 -83.961 -0.109 0.000 0.252 0.962
22.754 -412.006 -83.986 -0.109 0.000 0.254 0.961
22.679 -411.876 -84.018 -0.110 0.000 0.257 0.960
22.648 -411.823 -84.031 -0.111 0.000 0.258 0.960
22.619 -411.774 -84.044 -0.111 0.000 0.259 0.960
22.570 -411.691 -84.065 -0.112 0.000 0.260 0.959
22.512 -411.595 -84.090 -0.113 0.000 0.262 0.958
22.449 -411.491 -84.117 -0.114 0.000 0.264 0.958
22.405 -411.418 -84.136 -0.115 0.000 0.266 0.957
22.354 -411.335 -84.158 -0.116 0.000 0.267 0.957
22.304 -411.254 -84.180 -0.117 0.000 0.269 0.956
22.235 -411.143 -84.210 -0.117 0.000 0.271 0.955
22.148 -411.007 -84.247 -0.119 0.000 0.274 0.954
22.094 -410.922 -84.271 -0.119 0.000 0.276 0.954
22.039 -410.837 -84.294 -0.120 0.000 0.278 0.953
21.993 -410.766 -84.314 -0.120 0.000 0.279 0.953
21.934 -410.676 -84.339 -0.121 0.000 0.281 0.952
21.856 -410.558 -84.373 -0.122 0.000 0.283 0.951
21.807 -410.485 -84.394 -0.123 0.000 0.285 0.951
21.749 -410.398 -84.419 -0.123 0.000 0.286 0.950
21.713 -410.345 -84.435 -0.124 0.000 0.287 0.950
21.655 -410.261 -84.460 -0.125 0.000 0.289 0.949
21.604 -410.186 -84.482 -0.125 0.000 0.291 0.949
21.546 -410.102 -84.507 -0.126 0.000 0.293 0.948
21.492 -410.026 -84.530 -0.127 0.000 0.294 0.947
21.423 -409.928 -84.559 -0.128 0.000 0.296 0.946
21.374 -409.858 -84.581 -0.129 0.000 0.298 0.946
21.325 -409.790 -84.602 -0.129 0.000 0.300 0.945
21.265 -409.707 -84.628 -0.130 0.000 0.301 0.945
21.226 -409.654 -84.644 -0.130 0.000 0.303 0.944
21.153 -409.554 -84.676 -0.131 0.000 0.305 0.943
21.109 -409.495 -84.695 -0.131 0.001 0.306 0.943
21.060 -409.429 -84.716 -0.132 0.000 0.308 0.942
21.002 -409.351 -84.741 -0.133 0.000 0.309 0.942
20.944 -409.275 -84.765 -0.134 0.000 0.311 0.941
20.894 -409.209 -84.787 -0.134 0.000 0.312 0.940
20.807 -409.095 -84.825 -0.136 0.000 0.314 0.940
20.742 -409.012 -84.852 -0.136 0.000 0.316 0.939
20.696 -408.953 -84.872 -0.137 0.000 0.317 0.938
20.630 -408.869 -84.901 -0.138 0.000 0.319 0.938
20.578 -408.803 -84.923 -0.138 0.000 0.321 0.937
20.527 -408.740 -84.945 -0.139 0.000 0.322 0.937
20.472 -408.670 -84.969 -0.140 0.000 0.324 0.936
20.402 -408.584 -84.999 -0.140 0.000 0.326 0.935
20.341 -408.510 -85.025 -0.141 0.000 0.327 0.934
20.303 -408.463 -85.041 -0.141 0.000 0.329 0.934
20.240 -408.387 -85.068 -0.142 0.001 0.330 0.933
20.162 -408.294 -85.102 -0.143 0.001 0.333 0.932
20.112 -408.234 -85.123 -0.143 0.001 0.334 0.932
20.049 -408.161 -85.150 -0.144 0.001 0.336 0.931
19.994 -408.096 -85.174 -0.145 0.000 0.337 0.930
19.912 -408.001 -85.209 -0.146 0.001 0.340 0.929
19.854 -407.935 -85.234 -0.146 0.001 0.341 0.928
19.785 -407.857 -85.263 -0.147 0.001 0.343 0.928
19.698 -407.759 -85.301 -0.148 0.001 0.345 0.927
19.641 -407.695 -85.325 -0.149 0.001 0.347 0.926
19.573 -407.619 -85.355 -0.150 0.000 0.348 0.925
19.478 -407.516 -85.395 -0.151 0.001 0.351 0.924
19.401 -407.432 -85.428 -0.152 0.001 0.353 0.923
19.354 -407.381 -85.448 -0.152 0.000 0.354 0.923
19.261 -407.282 -85.489 -0.154 0.000 0.357 0.921
19.222 -407.241 -85.505 -0.154 0.000 0.358 0.921
19.147 -407.162 -85.537 -0.155 0.000 0.360 0.920
19.090 -407.103 -85.562 -0.156 0.000 0.361 0.919
19.020 -407.031 -85.592 -0.157 0.000 0.363 0.919
18.952 -406.960 -85.622 -0.157 0.000 0.365 0.918
18.900 -406.908 -85.644 -0.158 0.000 0.366 0.917
18.833 -406.840 -85.673 -0.159 0.000 0.367 0.916
18.756 -406.763 -85.706 -0.160 0.000 0.369 0.915
18.682 -406.690 -85.738 -0.161 0.000 0.371 0.914
18.625 -406.633 -85.763 -0.161 0.000 0.373 0.914
18.557 -406.566 -85.793 -0.162 0.000 0.374 0.913
18.477 -406.489 -85.827 -0.163 0.000 0.376 0.912
18.410 -406.424 -85.857 -0.164 0.000 0.378 0.911
18.362 -406.378 -85.877 -0.164 0.000 0.379 0.911
18.307 -406.326 -85.901 -0.165 0.000 0.381 0.910
18.220 -406.245 -85.939 -0.165 0.000 0.383 0.909
18.154 -406.183 -85.967 -0.166 0.000 0.385 0.908
18.101 -406.134 -85.990 -0.167 0.000 0.386 0.907
18.020 -406.059 -86.025 -0.167 0.000 0.387 0.907
17.942 -405.988 -86.059 -0.168 0.000 0.389 0.906
17.849 -405.904 -86.099 -0.169 0.000 0.391 0.905
17.791 -405.852 -86.124 -0.170 0.000 0.392 0.904
17.715 -405.784 -86.157 -0.170 0.000 0.394 0.903
17.640 -405.718 -86.189 -0.171 0.000 0.396 0.902
17.548 -405.638 -86.228 -0.172 0.000 0.398 0.901
17.457 -405.559 -86.268 -0.173 0.000 0.400 0.900
17.384 -405.496 -86.299 -0.173 0.000 0.402 0.899
17.307 -405.431 -86.332 -0.174 0.000 0.403 0.898
17.229 -405.365 -86.366 -0.174 0.001 0.405 0.897
17.154 -405.302 -86.398 -0.175 0.001 0.407 0.897
17.073 -405.234 -86.433 -0.176 0.001 0.408 0.896
17.011 -405.184 -86.459 -0.176 0.001 0.410 0.895
16.940 -405.126 -86.490 -0.177 0.001 0.411 0.894
16.879 -405.075 -86.516 -0.178 0.000 0.413 0.893
16.790 -405.004 -86.555 -0.179 0.000 0.415 0.892
16.704 -404.936 -86.591 -0.180 0.000 0.416 0.891
16.657 -404.898 -86.612 -0.180 0.000 0.417 0.891
16.588 -404.844 -86.642 -0.180 0.000 0.419 0.890
16.521 -404.792 -86.670 -0.181 0.000 0.420 0.889
16.441 -404.730 -86.705 -0.182 0.000 0.422 0.888
16.346 -404.657 -86.745 -0.183 0.001 0.424 0.887
16.264 -404.595 -86.780 -0.183 0.001 0.426 0.886
16.156 -404.514 -86.827 -0.184 0.001 0.428 0.885
16.085 -404.462 -86.857 -0.185 0.001 0.430 0.884
15.986 -404.389 -86.900 -0.185 0.001 0.432 0.883
15.912 -404.335 -86.932 -0.186 0.001 0.434 0.882
15.866 -404.301 -86.951 -0.187 0.001 0.435 0.881
15.801 -404.255 -86.979 -0.187 0.001 0.436 0.880
15.689 -404.175 -87.027 -0.188 0.001 0.439 0.879
15.637 -404.139 -87.049 -0.189 0.001 0.440 0.878
15.523 -404.058 -87.098 -0.190 0.001 0.442 0.877
15.445 -404.005 -87.132 -0.190 0.001 0.444 0.876
15.397 -403.972 -87.152 -0.190 0.001 0.445 0.875
15.253 -403.875 -87.214 -0.192 0.001 0.447 0.874
15.176 -403.823 -87.247 -0.193 0.001 0.449 0.872
15.100 -403.773 -87.279 -0.193 0.001 0.451 0.872
15.024 -403.722 -87.312 -0.193 0.001 0.452 0.871
14.922 -403.656 -87.355 -0.194 0.001 0.454 0.869
14.864 -403.618 -87.380 -0.195 0.001 0.455 0.869
14.759 -403.551 -87.425 -0.196 0.001 0.457 0.868
14.674 -403.497 -87.461 -0.196 0.001 0.458 0.867
14.595 -403.447 -87.495 -0.197 0.001 0.460 0.866
14.521 -403.401 -87.526 -0.197 0.001 0.462 0.865
14.439 -403.351 -87.561 -0.198 0.001 0.463 0.864
14.359 -403.301 -87.595 -0.198 0.002 0.465 0.863
14.298 -403.264 -87.621 -0.198 0.002 0.466 0.863
14.199 -403.205 -87.663 -0.199 0.002 0.468 0.861
14.120 -403.158 -87.696 -0.199 0.002 0.469 0.860
14.040 -403.110 -87.730 -0.200 0.002 0.470 0.860
13.942 -403.053 -87.771 -0.201 0.002 0.472 0.859
13.825 -402.985 -87.821 -0.202 0.001 0.474 0.857
13.721 -402.925 -87.865 -0.202 0.002 0.475 0.856
13.629 -402.873 -87.904 -0.203 0.001 0.477 0.855
13.552 -402.829 -87.937 -0.204 0.001 0.478 0.854
13.470 -402.783 -87.972 -0.204 0.002 0.480 0.853
13.382 -402.735 -88.009 -0.205 0.002 0.481 0.852
13.261 -402.669 -88.060 -0.206 0.001 0.483 0.851
13.151 -402.609 -88.107 -0.207 0.001 0.485 0.850
13.078 -402.569 -88.138 -0.207 0.001 0.487 0.849
12.995 -402.526 -88.173 -0.208 0.001 0.488 0.848
12.899 -402.476 -88.214 -0.208 0.002 0.490 0.847
12.825 -402.437 -88.245 -0.209 0.002 0.491 0.846
12.727 -402.387 -88.286 -0.209 0.002 0.493 0.845
12.676 -402.361 -88.308 -0.209 0.002 0.494 0.844
12.585 -402.314 -88.346 -0.210 0.002 0.495 0.843
12.493 -402.269 -88.385 -0.210 0.002 0.497 0.842
12.407 -402.226 -88.421 -0.211 0.002 0.498 0.841
12.290 -402.168 -88.470 -0.212 0.002 0.500 0.840
12.212 -402.130 -88.503 -0.212 0.002 0.501 0.839
12.131 -402.091 -88.537 -0.213 0.002 0.503 0.838
12.020 -402.038 -88.584 -0.214 0.002 0.504 0.837
11.933 -401.997 -88.620 -0.214 0.002 0.506 0.835
11.834 -401.951 -88.662 -0.215 0.002 0.508 0.834
11.766 -401.920 -88.691 -0.216 0.002 0.509 0.833
11.662 -401.872 -88.735 -0.217 0.002 0.510 0.832
11.585 -401.838 -88.767 -0.217 0.002 0.512 0.831
11.501 -401.800 -88.803 -0.217 0.002 0.513 0.830
11.381 -401.748 -88.853 -0.218 0.002 0.515 0.829
11.270 -401.699 -88.900 -0.219 0.002 0.516 0.828
11.245 -401.688 -88.910 -0.219 0.002 0.517 0.827
11.161 -401.652 -88.946 -0.220 0.002 0.518 0.827
11.057 -401.608 -88.990 -0.221 0.002 0.520 0.825
10.976 -401.574 -89.024 -0.221 0.002 0.521 0.824
10.886 -401.536 -89.062 -0.222 0.002 0.523 0.823
10.808 -401.504 -89.095 -0.223 0.002 0.524 0.822
10.693 -401.458 -89.143 -0.223 0.002 0.526 0.821
10.603 -401.422 -89.181 -0.224 0.002 0.527 0.820
10.513 -401.386 -89.220 -0.225 0.001 0.529 0.818
10.416 -401.348 -89.261 -0.226 0.002 0.530 0.817
10.311 -401.308 -89.305 -0.226 0.002 0.532 0.816
10.206 -401.268 -89.350 -0.227 0.002 0.534 0.815
10.126 -401.238 -89.383 -0.227 0.002 0.535 0.814
10.057 -401.212 -89.412 -0.228 0.002 0.536 0.813
9.961 -401.177 -89.453 -0.228 0.002 0.537 0.812
9.860 -401.141 -89.495 -0.229 0.002 0.539 0.811
