24.700 -458.383 -70.112 -0.001 0.000 0.002 1.000
24.698 -458.206 -70.112 -0.002 0.000 0.006 1.000
24.697 -458.118 -70.113 -0.003 0.000 0.007 1.000
24.695 -458.011 -70.113 -0.003 0.000 0.009 1.000
24.694 -457.942 -70.114 -0.004 0.000 0.010 1.000
24.691 -457.819 -70.115 -0.005 0.000 0.012 1.000
24.689 -457.736 -70.116 -0.005 0.000 0.014 1.000
24.686 -457.624 -70.117 -0.006 0.000 0.016 1.000
24.683 -457.546 -70.118 -0.006 0.000 0.017 1.000
24.679 -457.424 -70.119 -0.007 0.000 0.019 1.000
24.675 -457.334 -70.121 -0.008 0.000 0.021 1.000
24.671 -457.239 -70.122 -0.009 0.000 0.022 1.000
24.662 -457.047 -70.126 -0.010 0.000 0.026 1.000
24.656 -456.949 -70.128 -0.010 0.000 0.027 1.000
24.650 -456.837 -70.130 -0.011 0.000 0.029 1.000
24.646 -456.765 -70.132 -0.012 0.000 0.031 0.999
24.637 -456.632 -70.135 -0.013 0.000 0.033 0.999
24.632 -456.556 -70.137 -0.014 0.000 0.034 0.999
24.626 -456.467 -70.140 -0.014 0.000 0.036 0.999
24.619 -456.377 -70.142 -0.015 0.000 0.038 0.999
24.611 -456.269 -70.146 -0.016 0.000 0.039 0.999
24.602 -456.156 -70.149 -0.016 0.000 0.042 0.999
24.589 -456.013 -70.154 -0.018 0.000 0.044 0.999
24.579 -455.895 -70.159 -0.019 0.000 0.046 0.999
24.572 -455.824 -70.161 -0.020 0.000 0.047 0.999
24.563 -455.732 -70.165 -0.020 0.000 0.049 0.999
24.547 -455.568 -70.172 -0.021 0.000 0.052 0.998
24.536 -455.469 -70.176 -0.021 0.000 0.053 0.998
24.524 -455.355 -70.181 -0.022 0.000 0.055 0.998
24.512 -455.246 -70.186 -0.023 0.000 0.057 0.998
24.499 -455.140 -70.191 -0.024 0.000 0.059 0.998
24.489 -455.060 -70.195 -0.025 0.000 0.061 0.998
24.479 -454.976 -70.199 -0.026 0.000 0.062 0.998
24.462 -454.842 -70.207 -0.027 0.000 0.065 0.998
24.455 -454.787 -70.210 -0.028 0.000 0.066 0.997
24.438 -454.666 -70.216 -0.029 0.000 0.068 0.997
24.425 -454.572 -70.222 -0.030 0.000 0.070 0.997
24.408 -454.448 -70.230 -0.031 0.000 0.072 0.997
24.392 -454.343 -70.236 -0.031 0.000 0.074 0.997
24.377 -454.243 -70.242 -0.032 0.000 0.076 0.997
24.360 -454.133 -70.250 -0.033 0.000 0.078 0.996
24.343 -454.027 -70.257 -0.033 0.000 0.079 0.996
24.331 -453.953 -70.262 -0.034 0.000 0.080 0.996
24.315 -453.851 -70.269 -0.035 0.000 0.082 0.996
24.297 -453.743 -70.276 -0.035 0.000 0.084 0.996
24.282 -453.657 -70.283 -0.036 0.000 0.085 0.996
24.265 -453.564 -70.289 -0.037 0.000 0.087 0.996
24.254 -453.502 -70.294 -0.037 0.000 0.088 0.995
24.241 -453.425 -70.300 -0.038 0.000 0.089 0.995
24.219 -453.307 -70.309 -0.039 0.000 0.092 0.995
24.200 -453.205 -70.317 -0.040 0.000 0.094 0.995
24.179 -453.095 -70.326 -0.041 0.000 0.095 0.995
24.158 -452.988 -70.335 -0.041 0.000 0.098 0.994
24.140 -452.900 -70.343 -0.042 0.000 0.099 0.994
24.113 -452.771 -70.354 -0.044 0.000 0.102 0.994
24.098 -452.697 -70.361 -0.044 0.000 0.103 0.994
24.084 -452.630 -70.367 -0.045 0.000 0.104 0.994
24.060 -452.518 -70.377 -0.045 0.000 0.106 0.993
24.037 -452.416 -70.387 -0.046 0.000 0.108 0.993
24.020 -452.336 -70.394 -0.047 0.000 0.110 0.993
23.998 -452.238 -70.404 -0.048 0.000 0.111 0.993
23.982 -452.168 -70.410 -0.048 0.000 0.112 0.992
23.957 -452.064 -70.421 -0.049 0.000 0.114 0.992
23.925 -451.926 -70.435 -0.050 0.000 0.117 0.992
23.892 -451.790 -70.449 -0.051 0.000 0.120 0.991
23.868 -451.696 -70.459 -0.052 0.000 0.121 0.991
23.849 -451.618 -70.468 -0.053 0.000 0.123 0.991
23.815 -451.484 -70.482 -0.054 0.000 0.125 0.991
23.785 -451.371 -70.495 -0.055 0.000 0.127 0.990
23.751 -451.241 -70.510 -0.056 0.000 0.130 0.990
23.721 -451.133 -70.522 -0.057 0.000 0.132 0.990
23.690 -451.017 -70.536 -0.057 0.000 0.133 0.989
23.659 -450.905 -70.549 -0.058 0.000 0.135 0.989
23.623 -450.779 -70.565 -0.059 0.000 0.138 0.989
23.588 -450.659 -70.580 -0.060 0.000 0.140 0.988
23.555 -450.544 -70.594 -0.061 0.000 0.142 0.988
23.520 -450.427 -70.609 -0.062 0.000 0.144 0.988
23.484 -450.307 -70.625 -0.063 0.000 0.146 0.987
23.447 -450.186 -70.641 -0.064 0.000 0.148 0.987
23.405 -450.053 -70.659 -0.065 0.000 0.150 0.987
23.367 -449.930 -70.676 -0.067 0.000 0.152 0.986
23.345 -449.861 -70.685 -0.067 0.000 0.153 0.986
23.310 -449.754 -70.701 -0.068 0.000 0.155 0.986
23.280 -449.662 -70.714 -0.068 0.000 0.157 0.985
23.256 -449.587 -70.724 -0.069 0.000 0.158 0.985
23.220 -449.479 -70.740 -0.070 0.000 0.160 0.985
23.182 -449.367 -70.757 -0.071 0.000 0.162 0.984
23.142 -449.250 -70.774 -0.072 0.000 0.164 0.984
23.085 -449.088 -70.799 -0.073 0.000 0.167 0.983
23.062 -449.022 -70.809 -0.073 0.000 0.168 0.983
23.027 -448.924 -70.824 -0.074 0.000 0.169 0.983
22.984 -448.805 -70.843 -0.075 0.000 0.172 0.982
22.938 -448.680 -70.863 -0.075 0.000 0.174 0.982
22.911 -448.605 -70.875 -0.076 0.000 0.176 0.982
22.887 -448.540 -70.885 -0.077 0.000 0.177 0.981
22.849 -448.440 -70.902 -0.077 0.000 0.179 0.981
22.804 -448.324 -70.921 -0.079 0.000 0.181 0.980
22.778 -448.257 -70.932 -0.079 0.000 0.182 0.980
22.740 -448.159 -70.949 -0.080 0.000 0.184 0.980
22.706 -448.072 -70.964 -0.081 0.000 0.185 0.979
22.667 -447.975 -70.981 -0.082 0.000 0.187 0.979
22.618 -447.853 -71.002 -0.083 0.000 0.190 0.978
22.570 -447.735 -71.023 -0.083 0.000 0.191 0.978
22.551 -447.688 -71.031 -0.084 0.000 0.192 0.978
22.509 -447.586 -71.050 -0.084 0.000 0.194 0.977
22.472 -447.498 -71.066 -0.085 0.000 0.195 0.977
22.441 -447.425 -71.079 -0.085 0.000 0.196 0.977
22.412 -447.357 -71.092 -0.086 0.000 0.198 0.977
22.384 -447.290 -71.104 -0.086 0.000 0.199 0.976
22.362 -447.239 -71.114 -0.086 0.000 0.200 0.976
22.331 -447.168 -71.127 -0.087 0.000 0.201 0.976
22.298 -447.093 -71.141 -0.087 0.000 0.203 0.975
22.254 -446.991 -71.160 -0.088 0.000 0.204 0.975
22.219 -446.913 -71.175 -0.089 0.000 0.206 0.975
22.178 -446.821 -71.193 -0.090 0.000 0.207 0.974
22.124 -446.703 -71.216 -0.091 0.000 0.209 0.974
22.090 -446.627 -71.231 -0.092 0.000 0.210 0.973
22.058 -446.557 -71.245 -0.092 0.000 0.212 0.973
22.023 -446.482 -71.261 -0.093 0.000 0.213 0.973
21.987 -446.405 -71.276 -0.093 0.000 0.214 0.972
21.937 -446.300 -71.298 -0.094 0.000 0.216 0.972
21.890 -446.200 -71.318 -0.095 0.000 0.217 0.972
21.836 -446.086 -71.342 -0.096 0.000 0.219 0.971
21.791 -445.993 -71.362 -0.097 0.000 0.221 0.970
21.748 -445.906 -71.381 -0.097 0.000 0.222 0.970
21.705 -445.818 -71.400 -0.098 0.000 0.224 0.970
21.668 -445.742 -71.416 -0.099 0.000 0.226 0.969
21.631 -445.669 -71.432 -0.099 0.000 0.227 0.969
21.587 -445.581 -71.451 -0.100 0.000 0.229 0.968
21.556 -445.521 -71.465 -0.100 0.000 0.230 0.968
21.508 -445.426 -71.486 -0.101 0.000 0.231 0.968
21.465 -445.344 -71.505 -0.102 0.000 0.233 0.967
21.428 -445.271 -71.521 -0.103 0.000 0.234 0.967
21.391 -445.200 -71.537 -0.103 0.000 0.235 0.966
21.337 -445.099 -71.561 -0.104 0.000 0.237 0.966
21.288 -445.006 -71.582 -0.104 0.000 0.239 0.965
21.246 -444.928 -71.601 -0.105 0.000 0.240 0.965
21.189 -444.822 -71.626 -0.105 0.000 0.242 0.965
21.128 -444.710 -71.652 -0.106 0.000 0.244 0.964
21.089 -444.639 -71.669 -0.107 0.000 0.245 0.964
21.052 -444.573 -71.685 -0.107 0.000 0.246 0.963
21.014 -444.504 -71.702 -0.108 0.000 0.247 0.963
20.961 -444.408 -71.725 -0.109 0.000 0.249 0.962
20.921 -444.338 -71.743 -0.109 0.000 0.250 0.962
20.894 -444.290 -71.754 -0.109 0.000 0.251 0.962
20.838 -444.192 -71.779 -0.110 0.000 0.252 0.961
20.797 -444.120 -71.797 -0.110 0.000 0.253 0.961
20.746 -444.031 -71.819 -0.110 0.000 0.254 0.961
20.698 -443.949 -71.840 -0.111 0.000 0.255 0.961
20.649 -443.863 -71.861 -0.111 0.000 0.256 0.960
20.605 -443.790 -71.880 -0.111 0.000 0.257 0.960
20.550 -443.696 -71.904 -0.112 0.000 0.258 0.960
20.500 -443.610 -71.926 -0.112 0.000 0.259 0.959
20.437 -443.504 -71.953 -0.113 0.000 0.260 0.959
20.391 -443.426 -71.973 -0.113 0.000 0.261 0.959
20.318 -443.305 -72.005 -0.114 0.000 0.262 0.958
20.254 -443.198 -72.032 -0.114 0.000 0.264 0.958
20.210 -443.125 -72.051 -0.114 0.000 0.265 0.958
20.155 -443.036 -72.075 -0.114 0.000 0.266 0.957
20.111 -442.964 -72.094 -0.114 0.000 0.267 0.957
20.047 -442.859 -72.121 -0.114 0.000 0.268 0.957
19.995 -442.775 -72.143 -0.115 0.000 0.269 0.956
19.949 -442.703 -72.163 -0.115 0.000 0.270 0.956
19.894 -442.615 -72.186 -0.116 0.000 0.271 0.956
19.847 -442.540 -72.206 -0.116 0.000 0.272 0.955
19.787 -442.445 -72.232 -0.116 0.000 0.273 0.955
19.728 -442.351 -72.257 -0.117 0.000 0.274 0.955
19.670 -442.261 -72.281 -0.117 0.001 0.275 0.954
19.627 -442.194 -72.300 -0.117 0.001 0.276 0.954
19.583 -442.125 -72.318 -0.117 0.001 0.277 0.954
19.539 -442.058 -72.337 -0.118 0.001 0.278 0.953
19.468 -441.948 -72.367 -0.118 0.001 0.279 0.953
19.401 -441.846 -72.395 -0.118 0.001 0.281 0.952
19.337 -441.748 -72.422 -0.119 0.001 0.282 0.952
19.286 -441.672 -72.443 -0.119 0.001 0.283 0.952
19.223 -441.577 -72.470 -0.120 0.001 0.285 0.951
19.140 -441.453 -72.505 -0.120 0.001 0.286 0.951
19.067 -441.346 -72.535 -0.121 0.001 0.287 0.950
19.007 -441.258 -72.560 -0.122 0.001 0.288 0.950
18.957 -441.185 -72.582 -0.122 0.001 0.289 0.949
18.889 -441.085 -72.610 -0.123 0.001 0.291 0.949
18.826 -440.994 -72.637 -0.123 0.001 0.292 0.949
18.758 -440.896 -72.666 -0.124 0.001 0.294 0.948
18.717 -440.838 -72.683 -0.124 0.001 0.294 0.948
18.664 -440.762 -72.705 -0.125 0.001 0.295 0.947
18.614 -440.692 -72.726 -0.125 0.001 0.296 0.947
18.570 -440.630 -72.745 -0.125 0.001 0.297 0.947
18.514 -440.551 -72.768 -0.126 0.001 0.298 0.946
18.422 -440.423 -72.807 -0.126 0.001 0.300 0.946
18.369 -440.350 -72.829 -0.127 0.001 0.301 0.945
18.321 -440.283 -72.850 -0.127 0.001 0.302 0.945
18.246 -440.181 -72.881 -0.128 0.001 0.304 0.944
18.188 -440.102 -72.905 -0.128 0.001 0.305 0.944
18.119 -440.008 -72.934 -0.129 0.001 0.306 0.943
18.054 -439.921 -72.961 -0.129 0.001 0.307 0.943
18.009 -439.860 -72.981 -0.130 0.001 0.308 0.942
17.950 -439.782 -73.005 -0.130 0.001 0.310 0.942
17.886 -439.697 -73.032 -0.130 0.001 0.311 0.942
17.831 -439.624 -73.055 -0.130 0.001 0.312 0.941
17.747 -439.514 -73.090 -0.131 0.001 0.313 0.941
17.688 -439.437 -73.114 -0.131 0.001 0.314 0.940
17.612 -439.339 -73.146 -0.131 0.001 0.316 0.940
17.564 -439.278 -73.165 -0.131 0.001 0.316 0.940
17.499 -439.194 -73.192 -0.131 0.002 0.317 0.939
17.436 -439.113 -73.218 -0.132 0.001 0.318 0.939
17.372 -439.032 -73.245 -0.132 0.002 0.319 0.939
17.330 -438.978 -73.262 -0.132 0.002 0.319 0.938
17.255 -438.883 -73.293 -0.132 0.002 0.320 0.938
17.187 -438.797 -73.321 -0.132 0.002 0.321 0.938
17.150 -438.751 -73.336 -0.132 0.002 0.322 0.938
17.097 -438.684 -73.358 -0.132 0.002 0.322 0.937
17.037 -438.609 -73.382 -0.132 0.002 0.323 0.937
16.950 -438.501 -73.418 -0.132 0.002 0.324 0.937
16.884 -438.419 -73.444 -0.132 0.002 0.325 0.937
16.822 -438.343 -73.469 -0.132 0.002 0.325 0.936
16.778 -438.289 -73.487 -0.132 0.002 0.326 0.936
16.729 -438.228 -73.507 -0.133 0.002 0.326 0.936
16.659 -438.143 -73.535 -0.133 0.002 0.327 0.935
16.596 -438.066 -73.560 -0.133 0.003 0.328 0.935
16.539 -437.997 -73.583 -0.133 0.003 0.329 0.935
16.454 -437.893 -73.617 -0.133 0.003 0.330 0.935
16.404 -437.832 -73.637 -0.133 0.003 0.330 0.935
16.335 -437.749 -73.665 -0.133 0.003 0.331 0.934
16.260 -437.659 -73.695 -0.133 0.003 0.331 0.934
16.199 -437.586 -73.719 -0.133 0.003 0.332 0.934
16.145 -437.520 -73.741 -0.133 0.003 0.332 0.934
16.104 -437.471 -73.757 -0.133 0.003 0.332 0.934
16.065 -437.425 -73.773 -0.133 0.003 0.333 0.933
15.990 -437.335 -73.802 -0.133 0.003 0.333 0.933
15.928 -437.262 -73.827 -0.134 0.003 0.334 0.933
15.880 -437.205 -73.846 -0.134 0.003 0.334 0.933
15.828 -437.143 -73.866 -0.134 0.003 0.335 0.933
15.741 -437.041 -73.901 -0.134 0.003 0.335 0.932
15.665 -436.951 -73.931 -0.134 0.003 0.336 0.932
15.591 -436.865 -73.960 -0.135 0.003 0.337 0.932
15.517 -436.778 -73.990 -0.135 0.003 0.338 0.931
15.472 -436.725 -74.008 -0.135 0.003 0.338 0.931
15.403 -436.646 -74.035 -0.135 0.003 0.338 0.931
15.359 -436.594 -74.052 -0.135 0.003 0.339 0.931
15.278 -436.500 -74.084 -0.135 0.003 0.339 0.931
15.211 -436.422 -74.110 -0.135 0.004 0.340 0.931
15.161 -436.364 -74.130 -0.135 0.004 0.340 0.931
15.065 -436.254 -74.167 -0.135 0.004 0.342 0.930
14.999 -436.178 -74.193 -0.135 0.004 0.342 0.930
14.922 -436.090 -74.223 -0.135 0.004 0.343 0.930
14.859 -436.019 -74.247 -0.135 0.004 0.344 0.929
14.796 -435.948 -74.272 -0.135 0.004 0.344 0.929
14.735 -435.879 -74.295 -0.135 0.004 0.345 0.929
14.637 -435.768 -74.333 -0.135 0.004 0.346 0.929
14.590 -435.714 -74.351 -0.135 0.004 0.346 0.929
14.515 -435.631 -74.380 -0.135 0.005 0.347 0.928
