24.700 -458.384 -70.112 -0.001 0.000 0.002 1.000
24.699 -458.303 -70.112 -0.002 0.000 0.004 1.000
24.698 -458.189 -70.113 -0.002 0.000 0.006 1.000
24.697 -458.064 -70.113 -0.004 0.000 0.008 1.000
24.695 -457.995 -70.114 -0.004 0.000 0.009 1.000
24.694 -457.946 -70.114 -0.004 0.000 0.010 1.000
24.692 -457.852 -70.115 -0.006 0.000 0.012 1.000
24.690 -457.772 -70.116 -0.007 0.000 0.013 1.000
24.687 -457.668 -70.118 -0.007 0.000 0.015 1.000
24.682 -457.507 -70.120 -0.008 0.000 0.018 1.000
24.678 -457.405 -70.122 -0.009 0.000 0.020 1.000
24.675 -457.321 -70.124 -0.010 0.000 0.021 1.000
24.671 -457.241 -70.125 -0.010 0.000 0.022 1.000
24.666 -457.128 -70.128 -0.011 0.000 0.024 1.000
24.660 -457.012 -70.130 -0.012 0.000 0.026 1.000
24.654 -456.900 -70.133 -0.013 0.000 0.028 1.000
24.650 -456.828 -70.135 -0.014 0.000 0.029 0.999
24.643 -456.716 -70.139 -0.015 0.000 0.031 0.999
24.636 -456.601 -70.142 -0.016 0.000 0.033 0.999
24.629 -456.498 -70.145 -0.017 0.000 0.035 0.999
24.619 -456.364 -70.150 -0.018 0.000 0.038 0.999
24.613 -456.292 -70.153 -0.019 0.000 0.039 0.999
24.601 -456.139 -70.159 -0.020 0.000 0.042 0.999
24.593 -456.043 -70.163 -0.021 0.000 0.043 0.999
24.580 -455.898 -70.169 -0.021 0.000 0.046 0.999
24.573 -455.829 -70.172 -0.022 0.000 0.047 0.999
24.562 -455.714 -70.177 -0.023 0.000 0.049 0.999
24.548 -455.571 -70.183 -0.023 0.000 0.052 0.998
24.538 -455.480 -70.188 -0.024 0.000 0.054 0.998
24.531 -455.413 -70.191 -0.024 0.000 0.055 0.998
24.523 -455.349 -70.194 -0.025 0.000 0.056 0.998
24.513 -455.254 -70.199 -0.025 0.000 0.057 0.998
24.502 -455.167 -70.203 -0.026 0.000 0.059 0.998
24.483 -455.012 -70.212 -0.027 0.000 0.062 0.998
24.470 -454.909 -70.217 -0.028 0.000 0.064 0.998
24.455 -454.793 -70.224 -0.028 0.000 0.066 0.997
24.444 -454.711 -70.229 -0.029 0.000 0.067 0.997
24.431 -454.614 -70.234 -0.030 0.000 0.069 0.997
24.422 -454.546 -70.238 -0.030 0.000 0.070 0.997
24.406 -454.437 -70.245 -0.031 0.000 0.072 0.997
24.391 -454.340 -70.251 -0.032 0.000 0.074 0.997
24.380 -454.263 -70.256 -0.032 0.000 0.075 0.997
24.365 -454.162 -70.263 -0.032 0.000 0.077 0.997
24.341 -454.015 -70.272 -0.033 0.000 0.080 0.996
24.322 -453.895 -70.281 -0.034 0.000 0.082 0.996
24.307 -453.810 -70.287 -0.035 0.000 0.083 0.996
24.295 -453.739 -70.292 -0.036 0.000 0.085 0.996
24.283 -453.669 -70.297 -0.036 0.000 0.086 0.996
24.256 -453.515 -70.308 -0.038 0.000 0.089 0.995
24.245 -453.454 -70.313 -0.038 0.000 0.090 0.995
24.225 -453.345 -70.321 -0.039 0.000 0.092 0.995
24.209 -453.261 -70.328 -0.039 0.000 0.093 0.995
24.198 -453.204 -70.333 -0.040 0.000 0.094 0.995
24.177 -453.095 -70.342 -0.041 0.000 0.096 0.995
24.149 -452.955 -70.353 -0.042 0.000 0.099 0.994
24.126 -452.842 -70.363 -0.042 0.000 0.101 0.994
24.101 -452.721 -70.374 -0.043 0.000 0.104 0.994
24.077 -452.609 -70.384 -0.044 0.000 0.106 0.993
24.060 -452.531 -70.391 -0.044 0.000 0.107 0.993
24.035 -452.419 -70.401 -0.045 0.000 0.109 0.993
23.996 -452.244 -70.417 -0.046 0.000 0.112 0.993
23.967 -452.122 -70.429 -0.047 0.000 0.114 0.992
23.944 -452.023 -70.439 -0.048 0.000 0.116 0.992
23.912 -451.889 -70.452 -0.049 0.000 0.119 0.992
23.895 -451.821 -70.459 -0.050 0.000 0.120 0.992
23.876 -451.744 -70.467 -0.050 0.000 0.121 0.991
23.851 -451.645 -70.477 -0.051 0.000 0.123 0.991
23.830 -451.561 -70.486 -0.051 0.000 0.125 0.991
23.812 -451.492 -70.493 -0.052 0.000 0.126 0.991
23.786 -451.392 -70.504 -0.052 0.000 0.127 0.990
23.758 -451.283 -70.515 -0.053 0.000 0.129 0.990
23.732 -451.188 -70.526 -0.054 0.000 0.131 0.990
23.711 -451.111 -70.534 -0.055 0.000 0.133 0.990
23.682 -451.005 -70.547 -0.056 0.000 0.134 0.989
23.666 -450.947 -70.553 -0.056 0.000 0.135 0.989
23.637 -450.844 -70.565 -0.057 0.000 0.137 0.989
23.605 -450.733 -70.578 -0.058 0.000 0.139 0.989
23.579 -450.646 -70.589 -0.058 0.000 0.141 0.988
23.546 -450.532 -70.603 -0.059 0.000 0.143 0.988
23.518 -450.438 -70.615 -0.060 0.000 0.145 0.988
23.484 -450.327 -70.628 -0.061 0.000 0.147 0.987
23.443 -450.193 -70.645 -0.062 0.000 0.150 0.987
23.409 -450.087 -70.659 -0.063 0.000 0.152 0.986
23.375 -449.980 -70.673 -0.063 0.000 0.153 0.986
23.345 -449.887 -70.686 -0.064 0.000 0.155 0.986
23.317 -449.800 -70.697 -0.065 0.000 0.156 0.986
23.264 -449.640 -70.719 -0.066 0.000 0.159 0.985
23.238 -449.559 -70.731 -0.067 0.000 0.160 0.985
23.205 -449.464 -70.744 -0.068 0.000 0.162 0.985
23.176 -449.378 -70.756 -0.068 0.000 0.163 0.984
23.146 -449.292 -70.769 -0.069 0.000 0.165 0.984
23.102 -449.165 -70.787 -0.070 0.000 0.167 0.984
23.071 -449.076 -70.801 -0.071 0.000 0.168 0.983
23.036 -448.980 -70.815 -0.071 0.000 0.170 0.983
22.997 -448.870 -70.832 -0.072 0.000 0.172 0.983
22.961 -448.770 -70.847 -0.073 0.000 0.173 0.982
22.931 -448.690 -70.859 -0.074 0.000 0.175 0.982
22.893 -448.588 -70.875 -0.074 0.000 0.176 0.982
22.859 -448.497 -70.890 -0.075 0.000 0.178 0.981
22.828 -448.415 -70.903 -0.076 0.000 0.180 0.981
22.811 -448.371 -70.910 -0.076 0.000 0.180 0.981
22.785 -448.302 -70.921 -0.076 0.000 0.182 0.980
22.751 -448.214 -70.935 -0.077 0.000 0.183 0.980
22.737 -448.178 -70.941 -0.077 0.000 0.184 0.980
22.718 -448.130 -70.949 -0.078 0.000 0.185 0.980
22.683 -448.042 -70.964 -0.078 0.000 0.186 0.979
22.644 -447.944 -70.980 -0.079 0.000 0.188 0.979
22.594 -447.820 -71.001 -0.080 0.000 0.190 0.979
22.569 -447.760 -71.011 -0.080 0.000 0.191 0.978
22.530 -447.664 -71.028 -0.081 0.000 0.193 0.978
22.498 -447.587 -71.041 -0.082 0.000 0.194 0.978
22.436 -447.441 -71.067 -0.083 0.000 0.197 0.977
22.406 -447.369 -71.080 -0.083 0.000 0.198 0.977
22.374 -447.294 -71.093 -0.084 0.000 0.199 0.976
22.326 -447.183 -71.113 -0.084 0.000 0.201 0.976
22.287 -447.093 -71.130 -0.085 0.000 0.202 0.976
22.262 -447.036 -71.140 -0.086 0.000 0.203 0.975
22.209 -446.916 -71.163 -0.086 0.000 0.206 0.975
22.159 -446.805 -71.183 -0.087 0.000 0.208 0.974
22.111 -446.698 -71.204 -0.088 0.000 0.210 0.974
22.066 -446.601 -71.222 -0.089 0.000 0.211 0.973
22.035 -446.533 -71.235 -0.089 0.000 0.213 0.973
21.979 -446.414 -71.259 -0.090 0.000 0.215 0.972
21.951 -446.355 -71.270 -0.091 0.000 0.216 0.972
21.904 -446.256 -71.290 -0.091 0.000 0.218 0.972
21.868 -446.180 -71.305 -0.092 0.000 0.219 0.971
21.796 -446.032 -71.335 -0.093 0.000 0.222 0.971
21.746 -445.929 -71.356 -0.094 0.000 0.224 0.970
21.697 -445.831 -71.376 -0.094 0.000 0.226 0.970
21.651 -445.738 -71.396 -0.095 0.000 0.227 0.969
21.606 -445.649 -71.414 -0.095 0.000 0.229 0.969
21.565 -445.568 -71.431 -0.096 0.000 0.230 0.968
21.500 -445.441 -71.459 -0.097 0.000 0.232 0.968
21.462 -445.368 -71.474 -0.098 0.000 0.234 0.967
21.419 -445.285 -71.492 -0.098 0.000 0.235 0.967
21.366 -445.185 -71.514 -0.099 0.000 0.237 0.966
21.313 -445.085 -71.536 -0.100 0.000 0.239 0.966
21.283 -445.028 -71.549 -0.101 0.000 0.240 0.966
21.233 -444.936 -71.570 -0.102 0.000 0.241 0.965
21.189 -444.854 -71.589 -0.102 0.000 0.243 0.965
21.151 -444.784 -71.605 -0.103 0.000 0.244 0.964
21.112 -444.713 -71.621 -0.103 0.000 0.245 0.964
21.064 -444.626 -71.641 -0.104 0.000 0.246 0.964
21.009 -444.527 -71.664 -0.104 0.000 0.248 0.963
20.944 -444.410 -71.692 -0.105 0.000 0.249 0.963
20.896 -444.325 -71.712 -0.105 0.000 0.250 0.962
20.840 -444.227 -71.735 -0.106 0.000 0.252 0.962
20.784 -444.129 -71.759 -0.106 0.000 0.253 0.962
20.720 -444.017 -71.786 -0.107 0.000 0.255 0.961
20.679 -443.947 -71.803 -0.107 0.000 0.256 0.961
20.629 -443.860 -71.824 -0.108 0.000 0.257 0.960
20.592 -443.796 -71.840 -0.108 0.000 0.258 0.960
20.534 -443.699 -71.864 -0.109 0.000 0.259 0.960
20.496 -443.634 -71.880 -0.109 0.000 0.260 0.959
20.438 -443.538 -71.904 -0.110 0.000 0.261 0.959
20.404 -443.481 -71.918 -0.110 0.000 0.262 0.959
20.355 -443.399 -71.939 -0.110 0.000 0.263 0.958
20.292 -443.294 -71.965 -0.111 0.000 0.264 0.958
20.220 -443.176 -71.996 -0.111 0.000 0.266 0.958
20.177 -443.106 -72.013 -0.111 0.000 0.267 0.957
20.116 -443.007 -72.039 -0.112 0.000 0.268 0.957
20.043 -442.889 -72.069 -0.112 0.000 0.269 0.957
20.009 -442.834 -72.083 -0.112 0.000 0.270 0.956
19.979 -442.785 -72.096 -0.112 0.000 0.270 0.956
19.915 -442.684 -72.122 -0.113 0.000 0.272 0.956
19.860 -442.596 -72.145 -0.113 0.000 0.273 0.955
19.809 -442.515 -72.166 -0.113 0.001 0.274 0.955
19.753 -442.428 -72.189 -0.114 0.001 0.275 0.955
19.695 -442.337 -72.213 -0.114 0.001 0.277 0.954
19.635 -442.245 -72.238 -0.114 0.001 0.278 0.954
19.563 -442.134 -72.268 -0.115 0.001 0.280 0.953
19.520 -442.068 -72.285 -0.115 0.001 0.281 0.953
19.435 -441.938 -72.320 -0.116 0.001 0.282 0.952
19.344 -441.801 -72.358 -0.117 0.001 0.284 0.952
19.304 -441.742 -72.374 -0.117 0.001 0.285 0.951
19.251 -441.664 -72.395 -0.117 0.001 0.286 0.951
19.205 -441.595 -72.414 -0.117 0.001 0.287 0.951
19.134 -441.490 -72.443 -0.118 0.001 0.288 0.950
19.087 -441.420 -72.463 -0.119 0.001 0.289 0.950
19.040 -441.353 -72.482 -0.119 0.001 0.290 0.950
19.003 -441.298 -72.497 -0.119 0.001 0.291 0.949
18.923 -441.183 -72.529 -0.120 0.001 0.292 0.949
18.856 -441.086 -72.557 -0.120 0.001 0.293 0.948
18.808 -441.018 -72.577 -0.121 0.001 0.294 0.948
18.751 -440.936 -72.600 -0.121 0.001 0.295 0.948
18.679 -440.833 -72.630 -0.122 0.001 0.297 0.947
18.632 -440.767 -72.649 -0.122 0.001 0.298 0.947
18.567 -440.676 -72.676 -0.123 0.001 0.299 0.946
18.516 -440.605 -72.697 -0.123 0.001 0.300 0.946
18.449 -440.513 -72.724 -0.123 0.001 0.301 0.946
18.363 -440.394 -72.759 -0.124 0.001 0.303 0.945
18.319 -440.334 -72.777 -0.125 0.001 0.303 0.945
18.273 -440.271 -72.796 -0.125 0.001 0.304 0.944
18.185 -440.152 -72.832 -0.126 0.001 0.306 0.944
18.100 -440.038 -72.867 -0.127 0.001 0.308 0.943
18.038 -439.955 -72.892 -0.127 0.001 0.309 0.943
17.981 -439.879 -72.915 -0.127 0.001 0.310 0.942
17.930 -439.811 -72.936 -0.128 0.001 0.311 0.942
17.882 -439.748 -72.956 -0.128 0.001 0.312 0.941
17.805 -439.648 -72.987 -0.128 0.001 0.313 0.941
17.713 -439.528 -73.025 -0.129 0.001 0.315 0.940
17.638 -439.431 -73.056 -0.130 0.001 0.317 0.940
17.578 -439.354 -73.080 -0.130 0.001 0.318 0.939
17.497 -439.250 -73.113 -0.130 0.001 0.318 0.939
17.409 -439.138 -73.148 -0.130 0.001 0.320 0.939
17.366 -439.083 -73.166 -0.130 0.001 0.320 0.938
17.306 -439.008 -73.190 -0.130 0.001 0.321 0.938
17.246 -438.931 -73.215 -0.131 0.001 0.322 0.938
17.192 -438.864 -73.236 -0.131 0.001 0.322 0.937
17.130 -438.787 -73.261 -0.131 0.001 0.323 0.937
17.088 -438.733 -73.279 -0.131 0.001 0.324 0.937
17.019 -438.648 -73.306 -0.131 0.001 0.325 0.937
16.937 -438.546 -73.339 -0.132 0.001 0.326 0.936
16.854 -438.444 -73.373 -0.132 0.002 0.327 0.936
16.775 -438.348 -73.404 -0.132 0.002 0.328 0.936
16.717 -438.278 -73.427 -0.132 0.002 0.328 0.935
16.635 -438.178 -73.460 -0.132 0.002 0.329 0.935
16.555 -438.081 -73.492 -0.132 0.002 0.330 0.935
16.476 -437.985 -73.523 -0.132 0.002 0.331 0.934
16.428 -437.927 -73.542 -0.132 0.002 0.332 0.934
16.361 -437.847 -73.569 -0.132 0.002 0.332 0.934
16.310 -437.786 -73.589 -0.132 0.002 0.332 0.934
16.274 -437.743 -73.603 -0.132 0.002 0.333 0.934
16.202 -437.657 -73.631 -0.132 0.003 0.334 0.933
16.149 -437.594 -73.652 -0.132 0.003 0.335 0.933
16.090 -437.524 -73.675 -0.132 0.003 0.336 0.933
16.037 -437.462 -73.696 -0.132 0.003 0.336 0.933
15.957 -437.367 -73.727 -0.132 0.003 0.337 0.932
15.879 -437.275 -73.757 -0.132 0.003 0.338 0.932
15.805 -437.190 -73.786 -0.132 0.003 0.338 0.932
15.751 -437.126 -73.807 -0.132 0.003 0.339 0.932
15.662 -437.022 -73.841 -0.132 0.003 0.340 0.931
15.599 -436.950 -73.865 -0.132 0.003 0.341 0.931
15.536 -436.877 -73.890 -0.132 0.003 0.341 0.931
15.460 -436.790 -73.919 -0.132 0.003 0.342 0.930
15.398 -436.719 -73.942 -0.132 0.004 0.342 0.930
15.328 -436.639 -73.969 -0.132 0.004 0.343 0.930
15.257 -436.558 -73.996 -0.132 0.004 0.344 0.930
15.171 -436.460 -74.029 -0.132 0.004 0.344 0.930
15.096 -436.375 -74.057 -0.132 0.004 0.345 0.929
14.990 -436.255 -74.097 -0.132 0.004 0.346 0.929
14.922 -436.178 -74.122 -0.131 0.004 0.346 0.929
14.821 -436.065 -74.160 -0.132 0.005 0.348 0.928
14.752 -435.988 -74.185 -0.132 0.005 0.349 0.928
14.713 -435.945 -74.200 -0.132 0.005 0.349 0.928
14.620 -435.842 -74.234 -0.132 0.005 0.350 0.928
14.542 -435.755 -74.263 -0.132 0.005 0.350 0.927
