21.500 -475.928 -70.112 -0.001 0.000 0.001 1.000
21.500 -475.843 -70.112 -0.001 0.000 0.003 1.000
21.499 -475.741 -70.112 -0.002 0.000 0.004 1.000
21.498 -475.650 -70.113 -0.003 0.000 0.006 1.000
21.496 -475.528 -70.113 -0.004 0.000 0.008 1.000
21.495 -475.442 -70.114 -0.004 0.000 0.009 1.000
21.493 -475.347 -70.115 -0.005 0.000 0.011 1.000
21.491 -475.262 -70.116 -0.006 0.000 0.012 1.000
21.489 -475.196 -70.117 -0.006 0.000 0.014 1.000
21.485 -475.069 -70.118 -0.007 0.000 0.016 1.000
21.481 -474.955 -70.120 -0.008 0.000 0.018 1.000
21.476 -474.829 -70.122 -0.009 0.000 0.020 1.000
21.473 -474.743 -70.124 -0.009 0.000 0.021 1.000
21.466 -474.583 -70.127 -0.010 0.000 0.024 1.000
21.460 -474.467 -70.129 -0.011 0.000 0.026 1.000
21.456 -474.386 -70.131 -0.012 0.000 0.027 1.000
21.450 -474.276 -70.134 -0.012 0.000 0.028 1.000
21.444 -474.190 -70.136 -0.013 0.000 0.030 0.999
21.438 -474.083 -70.139 -0.014 0.000 0.032 0.999
21.432 -473.996 -70.141 -0.014 0.000 0.033 0.999
21.425 -473.898 -70.144 -0.015 0.000 0.035 0.999
21.421 -473.835 -70.146 -0.015 0.000 0.036 0.999
21.416 -473.766 -70.148 -0.016 0.000 0.037 0.999
21.410 -473.691 -70.151 -0.016 0.000 0.038 0.999
21.401 -473.571 -70.155 -0.017 0.000 0.040 0.999
21.390 -473.440 -70.159 -0.018 0.000 0.042 0.999
21.382 -473.339 -70.163 -0.019 0.000 0.044 0.999
21.371 -473.221 -70.167 -0.019 0.000 0.046 0.999
21.360 -473.100 -70.172 -0.020 0.000 0.048 0.999
21.348 -472.981 -70.177 -0.021 0.000 0.050 0.999
21.340 -472.905 -70.180 -0.021 0.000 0.051 0.998
21.328 -472.786 -70.185 -0.022 0.000 0.053 0.998
21.314 -472.664 -70.191 -0.022 0.000 0.055 0.998
21.304 -472.568 -70.195 -0.023 0.000 0.056 0.998
21.292 -472.469 -70.200 -0.024 0.000 0.058 0.998
21.285 -472.406 -70.203 -0.024 0.000 0.059 0.998
21.273 -472.305 -70.208 -0.025 0.000 0.060 0.998
21.257 -472.180 -70.214 -0.026 0.000 0.062 0.998
21.241 -472.055 -70.221 -0.026 0.000 0.065 0.998
21.228 -471.951 -70.227 -0.027 0.000 0.067 0.997
21.213 -471.842 -70.233 -0.028 0.000 0.068 0.997
21.191 -471.688 -70.241 -0.029 0.000 0.070 0.997
21.179 -471.600 -70.247 -0.029 0.000 0.072 0.997
21.164 -471.497 -70.253 -0.030 0.000 0.073 0.997
21.151 -471.410 -70.258 -0.030 0.000 0.075 0.997
21.140 -471.338 -70.262 -0.031 0.000 0.076 0.997
21.126 -471.247 -70.268 -0.031 0.000 0.077 0.997
21.111 -471.154 -70.274 -0.032 0.000 0.079 0.996
21.103 -471.105 -70.277 -0.032 0.000 0.080 0.996
21.086 -471.003 -70.283 -0.032 0.000 0.081 0.996
21.069 -470.897 -70.290 -0.033 0.000 0.083 0.996
21.052 -470.798 -70.297 -0.033 0.000 0.084 0.996
21.031 -470.677 -70.305 -0.035 0.000 0.086 0.996
21.016 -470.590 -70.311 -0.035 0.000 0.088 0.996
20.995 -470.474 -70.320 -0.036 0.000 0.089 0.995
20.979 -470.386 -70.327 -0.037 0.000 0.091 0.995
20.965 -470.313 -70.332 -0.038 0.000 0.092 0.995
20.944 -470.199 -70.341 -0.039 0.000 0.093 0.995
20.926 -470.104 -70.348 -0.039 0.000 0.094 0.995
20.899 -469.967 -70.359 -0.040 0.000 0.097 0.995
20.881 -469.874 -70.367 -0.040 0.000 0.098 0.994
20.865 -469.793 -70.373 -0.040 0.000 0.100 0.994
20.845 -469.696 -70.381 -0.040 0.000 0.101 0.994
20.829 -469.620 -70.388 -0.041 0.000 0.102 0.994
20.817 -469.562 -70.392 -0.041 0.000 0.103 0.994
20.796 -469.462 -70.401 -0.042 0.000 0.105 0.994
20.775 -469.364 -70.409 -0.042 0.000 0.106 0.993
20.755 -469.273 -70.417 -0.043 0.000 0.108 0.993
20.724 -469.135 -70.429 -0.043 0.000 0.110 0.993
20.709 -469.068 -70.435 -0.044 0.000 0.111 0.993
20.683 -468.953 -70.446 -0.044 0.000 0.112 0.993
20.663 -468.866 -70.454 -0.044 0.000 0.114 0.993
20.643 -468.783 -70.461 -0.045 0.000 0.115 0.992
20.623 -468.696 -70.469 -0.045 0.000 0.116 0.992
20.593 -468.574 -70.481 -0.046 0.000 0.118 0.992
20.564 -468.452 -70.492 -0.047 0.000 0.120 0.992
20.531 -468.322 -70.505 -0.047 0.000 0.122 0.991
20.513 -468.251 -70.512 -0.048 0.000 0.123 0.991
20.481 -468.125 -70.524 -0.049 0.000 0.125 0.991
20.461 -468.045 -70.532 -0.049 0.000 0.126 0.991
20.430 -467.930 -70.544 -0.050 0.000 0.127 0.991
20.411 -467.855 -70.552 -0.050 0.000 0.128 0.990
20.387 -467.767 -70.561 -0.051 0.000 0.129 0.990
20.359 -467.662 -70.572 -0.052 0.000 0.131 0.990
20.334 -467.568 -70.582 -0.053 0.000 0.132 0.990
20.298 -467.438 -70.596 -0.053 0.000 0.134 0.990
20.272 -467.346 -70.606 -0.054 0.000 0.135 0.989
20.241 -467.234 -70.619 -0.055 0.000 0.137 0.989
20.215 -467.144 -70.629 -0.056 0.000 0.138 0.989
20.185 -467.037 -70.642 -0.056 0.000 0.139 0.989
20.162 -466.958 -70.651 -0.057 0.000 0.141 0.988
20.136 -466.871 -70.661 -0.057 0.000 0.142 0.988
20.114 -466.796 -70.670 -0.057 0.000 0.142 0.988
20.101 -466.751 -70.675 -0.057 0.000 0.143 0.988
20.071 -466.653 -70.687 -0.058 0.000 0.144 0.988
20.051 -466.585 -70.695 -0.058 0.000 0.145 0.988
20.024 -466.495 -70.706 -0.059 0.000 0.146 0.988
20.007 -466.438 -70.713 -0.059 0.000 0.147 0.987
19.978 -466.345 -70.724 -0.059 0.000 0.148 0.987
19.935 -466.206 -70.742 -0.060 0.000 0.150 0.987
19.903 -466.106 -70.754 -0.061 0.000 0.151 0.987
19.875 -466.014 -70.766 -0.061 0.000 0.152 0.986
19.845 -465.921 -70.778 -0.061 0.000 0.153 0.986
19.814 -465.825 -70.790 -0.062 0.000 0.154 0.986
19.780 -465.720 -70.804 -0.062 0.000 0.155 0.986
19.742 -465.603 -70.819 -0.062 0.000 0.156 0.986
19.712 -465.510 -70.831 -0.063 0.000 0.157 0.986
19.673 -465.391 -70.847 -0.063 0.000 0.158 0.985
19.631 -465.265 -70.864 -0.063 0.000 0.160 0.985
19.601 -465.176 -70.875 -0.063 0.000 0.161 0.985
19.560 -465.053 -70.892 -0.064 0.000 0.162 0.985
19.517 -464.927 -70.908 -0.064 0.000 0.162 0.985
19.471 -464.793 -70.927 -0.065 0.000 0.163 0.984
19.438 -464.696 -70.940 -0.065 0.000 0.164 0.984
19.398 -464.580 -70.955 -0.065 0.000 0.165 0.984
19.359 -464.467 -70.971 -0.066 0.000 0.166 0.984
19.318 -464.353 -70.987 -0.065 0.000 0.167 0.984
19.295 -464.287 -70.996 -0.065 0.000 0.168 0.984
19.273 -464.224 -71.004 -0.066 0.000 0.168 0.984
19.222 -464.081 -71.024 -0.066 0.000 0.170 0.983
19.189 -463.989 -71.037 -0.066 0.000 0.170 0.983
19.154 -463.892 -71.050 -0.066 0.000 0.171 0.983
19.128 -463.819 -71.060 -0.066 0.000 0.172 0.983
19.101 -463.745 -71.071 -0.066 0.001 0.173 0.983
19.079 -463.686 -71.079 -0.066 0.001 0.173 0.983
19.020 -463.524 -71.102 -0.067 0.001 0.174 0.982
18.984 -463.427 -71.115 -0.067 0.001 0.175 0.982
18.946 -463.325 -71.130 -0.067 0.001 0.176 0.982
18.906 -463.218 -71.145 -0.067 0.001 0.176 0.982
18.875 -463.135 -71.157 -0.067 0.001 0.177 0.982
18.849 -463.064 -71.167 -0.068 0.001 0.177 0.982
18.812 -462.966 -71.181 -0.067 0.001 0.178 0.982
18.749 -462.801 -71.205 -0.067 0.001 0.180 0.981
18.710 -462.700 -71.219 -0.068 0.001 0.180 0.981
18.686 -462.637 -71.228 -0.068 0.001 0.180 0.981
18.662 -462.575 -71.237 -0.068 0.001 0.181 0.981
18.620 -462.465 -71.253 -0.067 0.001 0.182 0.981
18.594 -462.397 -71.262 -0.068 0.001 0.182 0.981
18.560 -462.309 -71.275 -0.068 0.001 0.183 0.981
18.520 -462.207 -71.290 -0.068 0.001 0.184 0.981
18.482 -462.108 -71.304 -0.067 0.001 0.184 0.981
18.445 -462.016 -71.317 -0.067 0.001 0.185 0.980
18.416 -461.942 -71.328 -0.068 0.001 0.185 0.980
18.393 -461.882 -71.336 -0.068 0.001 0.186 0.980
18.361 -461.803 -71.347 -0.067 0.001 0.186 0.980
18.307 -461.667 -71.367 -0.067 0.001 0.187 0.980
18.258 -461.544 -71.385 -0.068 0.001 0.188 0.980
18.226 -461.466 -71.396 -0.068 0.001 0.189 0.980
18.186 -461.365 -71.410 -0.068 0.001 0.190 0.980
18.139 -461.249 -71.427 -0.068 0.001 0.191 0.979
18.099 -461.152 -71.441 -0.069 0.001 0.192 0.979
18.064 -461.065 -71.454 -0.069 0.001 0.192 0.979
18.040 -461.009 -71.462 -0.069 0.001 0.193 0.979
17.996 -460.902 -71.478 -0.068 0.002 0.193 0.979
17.955 -460.803 -71.492 -0.068 0.002 0.194 0.979
17.899 -460.669 -71.511 -0.068 0.002 0.195 0.978
17.869 -460.596 -71.522 -0.068 0.002 0.195 0.978
17.835 -460.515 -71.534 -0.068 0.002 0.196 0.978
17.803 -460.438 -71.545 -0.068 0.002 0.197 0.978
17.752 -460.318 -71.562 -0.068 0.002 0.198 0.978
17.707 -460.212 -71.578 -0.069 0.002 0.199 0.978
17.669 -460.124 -71.590 -0.069 0.002 0.199 0.978
17.633 -460.040 -71.603 -0.069 0.002 0.200 0.977
17.599 -459.961 -71.614 -0.069 0.002 0.200 0.977
17.566 -459.884 -71.626 -0.069 0.002 0.201 0.977
17.520 -459.779 -71.641 -0.069 0.002 0.201 0.977
17.484 -459.694 -71.654 -0.069 0.002 0.202 0.977
17.446 -459.608 -71.666 -0.068 0.002 0.203 0.977
17.406 -459.515 -71.680 -0.068 0.002 0.203 0.977
17.382 -459.461 -71.688 -0.068 0.002 0.204 0.977
17.333 -459.350 -71.704 -0.068 0.002 0.204 0.976
17.294 -459.263 -71.717 -0.068 0.002 0.205 0.976
17.266 -459.199 -71.726 -0.068 0.002 0.205 0.976
17.227 -459.110 -71.739 -0.068 0.002 0.206 0.976
17.157 -458.952 -71.762 -0.068 0.002 0.207 0.976
17.120 -458.870 -71.774 -0.068 0.003 0.207 0.976
17.074 -458.768 -71.789 -0.068 0.003 0.208 0.976
17.041 -458.695 -71.800 -0.068 0.003 0.208 0.976
17.000 -458.602 -71.813 -0.068 0.003 0.209 0.975
16.958 -458.511 -71.827 -0.069 0.003 0.210 0.975
16.910 -458.406 -71.842 -0.069 0.003 0.211 0.975
16.866 -458.308 -71.857 -0.069 0.003 0.211 0.975
16.828 -458.225 -71.869 -0.069 0.003 0.211 0.975
16.779 -458.119 -71.885 -0.068 0.003 0.212 0.975
16.734 -458.022 -71.899 -0.068 0.003 0.213 0.975
16.698 -457.944 -71.910 -0.068 0.003 0.213 0.975
16.651 -457.843 -71.925 -0.068 0.003 0.214 0.974
16.622 -457.780 -71.934 -0.068 0.003 0.214 0.974
16.592 -457.714 -71.944 -0.068 0.003 0.215 0.974
16.538 -457.599 -71.961 -0.068 0.003 0.216 0.974
16.501 -457.520 -71.972 -0.068 0.003 0.216 0.974
16.449 -457.410 -71.988 -0.068 0.003 0.217 0.974
16.408 -457.323 -72.001 -0.068 0.003 0.217 0.974
16.374 -457.251 -72.012 -0.068 0.003 0.218 0.974
16.328 -457.155 -72.026 -0.068 0.003 0.218 0.974
16.271 -457.034 -72.043 -0.068 0.004 0.219 0.973
16.216 -456.921 -72.060 -0.068 0.004 0.220 0.973
16.159 -456.801 -72.077 -0.068 0.004 0.221 0.973
16.104 -456.686 -72.094 -0.068 0.004 0.222 0.973
16.056 -456.587 -72.108 -0.068 0.004 0.223 0.973
16.007 -456.486 -72.123 -0.067 0.004 0.223 0.972
15.973 -456.417 -72.133 -0.067 0.004 0.224 0.972
15.941 -456.351 -72.142 -0.067 0.004 0.224 0.972
15.889 -456.246 -72.158 -0.067 0.004 0.225 0.972
15.843 -456.153 -72.171 -0.068 0.004 0.226 0.972
15.812 -456.089 -72.181 -0.068 0.004 0.226 0.972
15.778 -456.020 -72.191 -0.067 0.004 0.227 0.972
15.747 -455.958 -72.200 -0.067 0.004 0.227 0.972
15.701 -455.865 -72.213 -0.067 0.004 0.227 0.972
15.664 -455.792 -72.224 -0.067 0.004 0.227 0.971
15.620 -455.704 -72.236 -0.067 0.004 0.228 0.971
15.586 -455.635 -72.246 -0.067 0.004 0.228 0.971
15.561 -455.586 -72.254 -0.067 0.004 0.229 0.971
15.517 -455.499 -72.266 -0.067 0.004 0.229 0.971
15.458 -455.381 -72.283 -0.067 0.004 0.230 0.971
15.424 -455.315 -72.293 -0.067 0.004 0.231 0.971
15.380 -455.229 -72.306 -0.067 0.004 0.231 0.971
15.330 -455.129 -72.320 -0.067 0.004 0.232 0.970
15.276 -455.024 -72.335 -0.068 0.004 0.233 0.970
15.243 -454.959 -72.345 -0.067 0.005 0.233 0.970
15.193 -454.862 -72.359 -0.067 0.005 0.234 0.970
15.141 -454.761 -72.374 -0.067 0.005 0.234 0.970
15.076 -454.636 -72.392 -0.067 0.005 0.235 0.970
15.032 -454.551 -72.404 -0.067 0.005 0.236 0.969
14.983 -454.457 -72.418 -0.067 0.005 0.236 0.969
14.912 -454.320 -72.437 -0.067 0.005 0.237 0.969
14.864 -454.230 -72.450 -0.067 0.005 0.238 0.969
14.826 -454.158 -72.461 -0.067 0.005 0.238 0.969
14.758 -454.028 -72.480 -0.067 0.005 0.239 0.969
14.727 -453.970 -72.489 -0.067 0.005 0.239 0.969
14.697 -453.912 -72.497 -0.067 0.005 0.239 0.969
14.675 -453.871 -72.503 -0.067 0.005 0.240 0.969
14.636 -453.799 -72.514 -0.067 0.005 0.240 0.968
14.590 -453.713 -72.526 -0.067 0.005 0.241 0.968
14.545 -453.627 -72.538 -0.067 0.005 0.241 0.968
14.493 -453.530 -72.553 -0.067 0.005 0.241 0.968
14.446 -453.443 -72.565 -0.067 0.005 0.242 0.968
14.404 -453.364 -72.577 -0.067 0.005 0.243 0.968
14.347 -453.258 -72.592 -0.067 0.005 0.243 0.968
14.293 -453.159 -72.607 -0.067 0.005 0.244 0.967
