21.500 -475.877 -70.112 -0.001 0.000 0.002 1.000
21.499 -475.734 -70.112 -0.002 0.000 0.004 1.000
21.498 -475.647 -70.113 -0.003 0.000 0.006 1.000
21.496 -475.516 -70.114 -0.004 0.000 0.008 1.000
21.495 -475.426 -70.114 -0.004 0.000 0.009 1.000
21.493 -475.324 -70.115 -0.005 0.000 0.011 1.000
21.490 -475.216 -70.116 -0.006 0.000 0.013 1.000
21.488 -475.128 -70.117 -0.006 0.000 0.015 1.000
21.484 -475.000 -70.119 -0.007 0.000 0.016 1.000
21.481 -474.924 -70.120 -0.007 0.000 0.018 1.000
21.478 -474.835 -70.121 -0.008 0.000 0.019 1.000
21.472 -474.700 -70.124 -0.008 0.000 0.022 1.000
21.466 -474.571 -70.126 -0.009 0.000 0.024 1.000
21.461 -474.464 -70.128 -0.010 0.000 0.025 1.000
21.457 -474.391 -70.129 -0.010 0.000 0.026 1.000
21.452 -474.292 -70.132 -0.012 0.000 0.028 1.000
21.446 -474.197 -70.134 -0.012 0.000 0.030 0.999
21.438 -474.066 -70.137 -0.013 0.000 0.032 0.999
21.432 -473.966 -70.140 -0.014 0.000 0.033 0.999
21.424 -473.852 -70.143 -0.015 0.000 0.035 0.999
21.416 -473.751 -70.146 -0.015 0.000 0.037 0.999
21.409 -473.654 -70.149 -0.016 0.000 0.039 0.999
21.400 -473.535 -70.153 -0.017 0.000 0.040 0.999
21.392 -473.445 -70.156 -0.017 0.000 0.042 0.999
21.381 -473.313 -70.161 -0.018 0.000 0.044 0.999
21.372 -473.219 -70.164 -0.019 0.000 0.046 0.999
21.362 -473.104 -70.169 -0.019 0.000 0.048 0.999
21.355 -473.033 -70.171 -0.020 0.000 0.049 0.999
21.344 -472.922 -70.176 -0.021 0.000 0.051 0.998
21.332 -472.812 -70.181 -0.022 0.000 0.052 0.998
21.324 -472.734 -70.184 -0.022 0.000 0.054 0.998
21.307 -472.580 -70.191 -0.023 0.000 0.056 0.998
21.297 -472.492 -70.195 -0.024 0.000 0.058 0.998
21.283 -472.376 -70.201 -0.024 0.000 0.059 0.998
21.268 -472.252 -70.207 -0.025 0.000 0.061 0.998
21.250 -472.111 -70.214 -0.026 0.000 0.063 0.998
21.234 -471.987 -70.221 -0.027 0.000 0.065 0.997
21.225 -471.916 -70.225 -0.027 0.000 0.066 0.997
21.209 -471.802 -70.231 -0.028 0.000 0.069 0.997
21.191 -471.670 -70.239 -0.029 0.000 0.071 0.997
21.175 -471.563 -70.245 -0.029 0.000 0.072 0.997
21.151 -471.401 -70.255 -0.031 0.000 0.075 0.997
21.139 -471.319 -70.260 -0.031 0.000 0.076 0.997
21.123 -471.220 -70.266 -0.032 0.000 0.078 0.996
21.112 -471.149 -70.271 -0.033 0.000 0.079 0.996
21.094 -471.035 -70.279 -0.034 0.000 0.081 0.996
21.084 -470.979 -70.283 -0.034 0.000 0.082 0.996
21.067 -470.872 -70.290 -0.035 0.000 0.083 0.996
21.050 -470.773 -70.297 -0.036 0.000 0.085 0.996
21.032 -470.670 -70.305 -0.036 0.000 0.086 0.996
21.016 -470.580 -70.311 -0.037 0.000 0.088 0.995
20.988 -470.428 -70.323 -0.038 0.000 0.090 0.995
20.977 -470.365 -70.328 -0.038 0.000 0.091 0.995
20.956 -470.254 -70.336 -0.038 0.000 0.092 0.995
20.932 -470.128 -70.346 -0.039 0.000 0.094 0.995
20.922 -470.076 -70.350 -0.040 0.000 0.095 0.995
20.906 -469.992 -70.357 -0.041 0.000 0.096 0.995
20.894 -469.928 -70.363 -0.041 0.000 0.097 0.994
20.882 -469.868 -70.368 -0.041 0.000 0.098 0.994
20.857 -469.748 -70.378 -0.042 0.000 0.100 0.994
20.835 -469.641 -70.387 -0.042 0.000 0.102 0.994
20.816 -469.547 -70.395 -0.043 0.000 0.104 0.994
20.793 -469.441 -70.404 -0.043 0.000 0.105 0.994
20.762 -469.295 -70.417 -0.044 0.000 0.107 0.993
20.744 -469.216 -70.424 -0.045 0.000 0.108 0.993
20.725 -469.130 -70.432 -0.045 0.000 0.109 0.993
20.702 -469.025 -70.442 -0.046 0.000 0.111 0.993
20.683 -468.941 -70.450 -0.046 0.000 0.112 0.993
20.657 -468.830 -70.460 -0.046 0.000 0.114 0.992
20.629 -468.710 -70.472 -0.047 0.000 0.116 0.992
20.607 -468.618 -70.481 -0.047 0.000 0.117 0.992
20.588 -468.540 -70.488 -0.047 0.000 0.118 0.992
20.570 -468.465 -70.496 -0.048 0.000 0.119 0.992
20.547 -468.373 -70.505 -0.048 0.000 0.121 0.992
20.520 -468.264 -70.516 -0.049 0.000 0.122 0.991
20.504 -468.202 -70.522 -0.049 0.000 0.123 0.991
20.472 -468.076 -70.535 -0.050 0.000 0.124 0.991
20.443 -467.963 -70.547 -0.051 0.000 0.126 0.991
20.408 -467.828 -70.561 -0.052 0.000 0.128 0.990
20.381 -467.729 -70.572 -0.053 0.000 0.130 0.990
20.346 -467.598 -70.586 -0.054 0.000 0.132 0.990
20.330 -467.540 -70.593 -0.054 0.000 0.132 0.990
20.295 -467.413 -70.607 -0.055 0.000 0.134 0.989
20.265 -467.303 -70.619 -0.055 0.000 0.136 0.989
20.240 -467.217 -70.629 -0.056 0.000 0.137 0.989
20.215 -467.128 -70.640 -0.056 0.000 0.138 0.989
20.184 -467.020 -70.652 -0.056 0.000 0.139 0.989
20.160 -466.937 -70.662 -0.057 0.000 0.140 0.988
20.130 -466.834 -70.674 -0.057 0.000 0.142 0.988
20.099 -466.732 -70.686 -0.058 0.000 0.143 0.988
20.069 -466.630 -70.698 -0.058 0.000 0.144 0.988
20.048 -466.559 -70.707 -0.059 0.000 0.145 0.988
20.022 -466.473 -70.718 -0.059 0.000 0.146 0.987
19.985 -466.354 -70.733 -0.060 0.000 0.148 0.987
19.948 -466.235 -70.747 -0.060 0.000 0.149 0.987
19.919 -466.141 -70.759 -0.060 0.000 0.151 0.987
19.894 -466.061 -70.769 -0.060 0.000 0.152 0.987
19.857 -465.944 -70.784 -0.061 0.000 0.153 0.986
19.823 -465.840 -70.797 -0.062 0.000 0.154 0.986
19.795 -465.751 -70.809 -0.062 0.000 0.155 0.986
19.772 -465.682 -70.818 -0.062 0.000 0.155 0.986
19.749 -465.611 -70.827 -0.062 0.000 0.156 0.986
19.714 -465.504 -70.841 -0.062 0.000 0.158 0.986
19.684 -465.413 -70.853 -0.063 0.000 0.159 0.985
19.650 -465.310 -70.866 -0.063 0.000 0.159 0.985
19.616 -465.210 -70.880 -0.063 0.000 0.161 0.985
19.586 -465.119 -70.892 -0.064 0.000 0.161 0.985
19.557 -465.034 -70.903 -0.064 0.000 0.163 0.985
19.527 -464.948 -70.914 -0.064 0.000 0.163 0.985
19.488 -464.834 -70.930 -0.065 0.000 0.164 0.984
19.455 -464.737 -70.943 -0.065 0.000 0.165 0.984
19.420 -464.638 -70.957 -0.065 0.000 0.166 0.984
19.386 -464.542 -70.970 -0.065 0.000 0.167 0.984
19.356 -464.455 -70.982 -0.066 0.001 0.168 0.984
19.324 -464.367 -70.994 -0.066 0.001 0.169 0.983
19.292 -464.276 -71.006 -0.066 0.001 0.170 0.983
19.249 -464.158 -71.023 -0.067 0.000 0.171 0.983
19.213 -464.059 -71.037 -0.067 0.001 0.173 0.983
19.174 -463.951 -71.052 -0.067 0.001 0.174 0.983
19.146 -463.876 -71.063 -0.068 0.001 0.174 0.982
19.115 -463.792 -71.075 -0.068 0.001 0.175 0.982
19.077 -463.691 -71.089 -0.068 0.001 0.176 0.982
19.039 -463.587 -71.104 -0.068 0.001 0.177 0.982
19.007 -463.502 -71.117 -0.068 0.001 0.177 0.982
18.975 -463.418 -71.129 -0.068 0.001 0.178 0.982
18.939 -463.324 -71.142 -0.068 0.001 0.179 0.981
18.896 -463.211 -71.158 -0.068 0.001 0.180 0.981
18.856 -463.106 -71.173 -0.068 0.001 0.181 0.981
18.825 -463.024 -71.185 -0.068 0.001 0.181 0.981
18.790 -462.934 -71.198 -0.068 0.001 0.182 0.981
18.754 -462.841 -71.212 -0.068 0.001 0.183 0.981
18.722 -462.760 -71.223 -0.068 0.001 0.184 0.981
18.661 -462.604 -71.246 -0.068 0.001 0.185 0.980
18.620 -462.501 -71.261 -0.068 0.001 0.186 0.980
18.596 -462.441 -71.269 -0.068 0.001 0.187 0.980
18.564 -462.360 -71.281 -0.068 0.001 0.188 0.980
18.516 -462.241 -71.298 -0.068 0.001 0.189 0.980
18.484 -462.163 -71.310 -0.068 0.002 0.190 0.979
18.448 -462.074 -71.322 -0.068 0.002 0.190 0.979
18.394 -461.940 -71.342 -0.067 0.002 0.191 0.979
18.355 -461.845 -71.355 -0.068 0.002 0.192 0.979
18.320 -461.759 -71.368 -0.068 0.002 0.193 0.979
18.277 -461.657 -71.382 -0.068 0.002 0.194 0.979
18.238 -461.562 -71.396 -0.068 0.002 0.194 0.979
18.189 -461.444 -71.413 -0.068 0.002 0.195 0.978
18.142 -461.332 -71.430 -0.068 0.002 0.196 0.978
18.106 -461.245 -71.442 -0.068 0.002 0.196 0.978
18.060 -461.136 -71.458 -0.068 0.002 0.197 0.978
18.026 -461.057 -71.469 -0.068 0.002 0.198 0.978
17.981 -460.952 -71.485 -0.068 0.002 0.199 0.978
17.918 -460.804 -71.506 -0.068 0.002 0.200 0.977
17.876 -460.707 -71.520 -0.068 0.002 0.201 0.977
17.829 -460.598 -71.536 -0.068 0.002 0.201 0.977
17.773 -460.469 -71.554 -0.067 0.003 0.202 0.977
17.729 -460.369 -71.569 -0.067 0.003 0.203 0.977
17.676 -460.248 -71.586 -0.067 0.003 0.204 0.977
17.618 -460.115 -71.605 -0.067 0.003 0.205 0.976
17.584 -460.037 -71.616 -0.067 0.003 0.206 0.976
17.539 -459.937 -71.631 -0.067 0.003 0.206 0.976
17.484 -459.813 -71.649 -0.068 0.003 0.207 0.976
17.463 -459.766 -71.656 -0.068 0.003 0.207 0.976
17.410 -459.647 -71.673 -0.068 0.003 0.208 0.976
17.368 -459.554 -71.686 -0.067 0.003 0.208 0.976
17.326 -459.461 -71.699 -0.067 0.003 0.209 0.976
17.291 -459.382 -71.711 -0.067 0.003 0.209 0.976
17.257 -459.308 -71.721 -0.067 0.003 0.210 0.975
17.211 -459.207 -71.736 -0.067 0.003 0.210 0.975
17.177 -459.131 -71.747 -0.067 0.003 0.211 0.975
17.125 -459.019 -71.763 -0.067 0.003 0.212 0.975
17.087 -458.937 -71.775 -0.067 0.003 0.212 0.975
17.050 -458.856 -71.786 -0.067 0.003 0.213 0.975
17.001 -458.749 -71.801 -0.067 0.003 0.213 0.975
16.957 -458.655 -71.815 -0.067 0.003 0.214 0.975
16.895 -458.521 -71.834 -0.066 0.004 0.215 0.974
16.857 -458.441 -71.846 -0.066 0.004 0.215 0.974
16.819 -458.360 -71.857 -0.066 0.004 0.216 0.974
16.775 -458.266 -71.871 -0.066 0.004 0.216 0.974
16.735 -458.181 -71.883 -0.067 0.004 0.217 0.974
16.688 -458.082 -71.897 -0.066 0.004 0.218 0.974
16.652 -458.005 -71.908 -0.066 0.004 0.218 0.974
16.591 -457.877 -71.926 -0.066 0.004 0.219 0.974
16.543 -457.775 -71.940 -0.066 0.004 0.220 0.973
16.501 -457.687 -71.952 -0.066 0.004 0.220 0.973
16.468 -457.619 -71.962 -0.066 0.004 0.221 0.973
16.416 -457.511 -71.977 -0.066 0.004 0.221 0.973
16.356 -457.387 -71.995 -0.066 0.004 0.222 0.973
16.303 -457.277 -72.010 -0.066 0.004 0.222 0.973
16.266 -457.201 -72.021 -0.066 0.004 0.223 0.973
16.217 -457.099 -72.035 -0.066 0.004 0.223 0.972
16.165 -456.995 -72.050 -0.066 0.004 0.224 0.972
16.123 -456.908 -72.062 -0.066 0.004 0.225 0.972
16.075 -456.811 -72.076 -0.066 0.004 0.225 0.972
16.032 -456.724 -72.088 -0.066 0.005 0.226 0.972
15.986 -456.631 -72.102 -0.065 0.005 0.226 0.972
15.947 -456.551 -72.113 -0.066 0.005 0.226 0.972
15.893 -456.444 -72.128 -0.065 0.005 0.227 0.972
15.845 -456.346 -72.142 -0.065 0.005 0.227 0.972
15.800 -456.256 -72.154 -0.065 0.005 0.228 0.972
15.765 -456.185 -72.164 -0.065 0.005 0.228 0.971
15.695 -456.047 -72.184 -0.065 0.005 0.229 0.971
15.645 -455.946 -72.198 -0.065 0.005 0.230 0.971
15.615 -455.888 -72.206 -0.065 0.005 0.230 0.971
15.562 -455.783 -72.220 -0.065 0.005 0.230 0.971
15.524 -455.708 -72.231 -0.065 0.005 0.231 0.971
15.471 -455.602 -72.246 -0.065 0.005 0.231 0.971
15.438 -455.539 -72.254 -0.065 0.005 0.232 0.971
15.388 -455.441 -72.268 -0.065 0.005 0.232 0.970
15.354 -455.374 -72.277 -0.065 0.005 0.233 0.970
15.310 -455.288 -72.289 -0.064 0.005 0.233 0.970
15.251 -455.174 -72.305 -0.064 0.005 0.234 0.970
15.204 -455.082 -72.318 -0.064 0.005 0.235 0.970
15.179 -455.034 -72.325 -0.064 0.005 0.235 0.970
15.137 -454.954 -72.336 -0.064 0.005 0.235 0.970
15.077 -454.837 -72.352 -0.064 0.005 0.236 0.970
15.032 -454.750 -72.364 -0.064 0.006 0.236 0.970
14.978 -454.647 -72.378 -0.065 0.006 0.237 0.969
14.940 -454.575 -72.388 -0.065 0.006 0.238 0.969
14.894 -454.487 -72.400 -0.064 0.006 0.238 0.969
14.845 -454.394 -72.413 -0.064 0.006 0.238 0.969
14.793 -454.296 -72.427 -0.064 0.006 0.239 0.969
14.752 -454.219 -72.438 -0.065 0.006 0.240 0.969
14.710 -454.140 -72.449 -0.064 0.006 0.240 0.969
14.645 -454.017 -72.466 -0.064 0.006 0.241 0.968
14.593 -453.920 -72.479 -0.064 0.006 0.241 0.968
14.539 -453.820 -72.493 -0.064 0.006 0.242 0.968
14.478 -453.707 -72.509 -0.065 0.006 0.242 0.968
14.441 -453.638 -72.518 -0.065 0.006 0.242 0.968
14.404 -453.568 -72.528 -0.064 0.006 0.243 0.968
14.373 -453.510 -72.536 -0.064 0.006 0.243 0.968
14.330 -453.431 -72.547 -0.064 0.006 0.244 0.968
14.292 -453.361 -72.557 -0.064 0.006 0.244 0.968
14.242 -453.269 -72.570 -0.064 0.006 0.245 0.967
