24.700 -458.391 -70.112 -0.001 0.000 0.002 1.000
24.699 -458.301 -70.112 -0.001 0.000 0.004 1.000
24.698 -458.166 -70.113 -0.002 0.000 0.006 1.000
24.697 -458.073 -70.113 -0.003 0.000 0.008 1.000
24.695 -457.973 -70.114 -0.004 0.000 0.010 1.000
24.693 -457.911 -70.114 -0.005 0.000 0.011 1.000
24.691 -457.816 -70.115 -0.006 0.000 0.013 1.000
24.688 -457.699 -70.117 -0.006 0.000 0.015 1.000
24.684 -457.593 -70.118 -0.007 0.000 0.017 1.000
24.682 -457.530 -70.119 -0.007 0.000 0.018 1.000
24.678 -457.426 -70.121 -0.008 0.000 0.020 1.000
24.673 -457.300 -70.123 -0.009 0.000 0.022 1.000
24.669 -457.204 -70.124 -0.010 0.000 0.023 1.000
24.665 -457.126 -70.126 -0.011 0.000 0.025 1.000
24.660 -457.027 -70.128 -0.011 0.000 0.027 1.000
24.654 -456.920 -70.131 -0.012 0.000 0.029 1.000
24.649 -456.829 -70.133 -0.013 0.000 0.030 0.999
24.643 -456.739 -70.135 -0.013 0.000 0.032 0.999
24.634 -456.602 -70.139 -0.014 0.000 0.034 0.999
24.625 -456.471 -70.143 -0.015 0.000 0.036 0.999
24.617 -456.366 -70.146 -0.016 0.000 0.038 0.999
24.610 -456.274 -70.149 -0.017 0.000 0.039 0.999
24.599 -456.146 -70.154 -0.018 0.000 0.042 0.999
24.592 -456.065 -70.157 -0.019 0.000 0.043 0.999
24.584 -455.974 -70.160 -0.020 0.000 0.044 0.999
24.574 -455.857 -70.165 -0.021 0.000 0.047 0.999
24.564 -455.751 -70.170 -0.021 0.000 0.049 0.999
24.551 -455.625 -70.175 -0.023 0.000 0.051 0.998
24.545 -455.565 -70.178 -0.023 0.000 0.052 0.998
24.536 -455.480 -70.182 -0.023 0.000 0.053 0.998
24.523 -455.368 -70.187 -0.024 0.000 0.055 0.998
24.512 -455.266 -70.192 -0.025 0.000 0.057 0.998
24.501 -455.174 -70.197 -0.026 0.000 0.059 0.998
24.492 -455.094 -70.201 -0.026 0.000 0.060 0.998
24.474 -454.954 -70.209 -0.027 0.000 0.062 0.998
24.463 -454.861 -70.214 -0.028 0.000 0.064 0.998
24.452 -454.781 -70.219 -0.028 0.000 0.066 0.997
24.440 -454.691 -70.224 -0.029 0.000 0.067 0.997
24.424 -454.571 -70.231 -0.030 0.000 0.069 0.997
24.414 -454.504 -70.235 -0.031 0.000 0.071 0.997
24.399 -454.401 -70.241 -0.031 0.000 0.072 0.997
24.386 -454.312 -70.247 -0.032 0.000 0.074 0.997
24.370 -454.202 -70.254 -0.033 0.000 0.076 0.997
24.352 -454.087 -70.262 -0.034 0.000 0.078 0.996
24.331 -453.959 -70.271 -0.035 0.000 0.080 0.996
24.311 -453.835 -70.280 -0.035 0.000 0.082 0.996
24.297 -453.750 -70.286 -0.036 0.000 0.084 0.996
24.277 -453.635 -70.294 -0.037 0.000 0.085 0.996
24.259 -453.532 -70.302 -0.038 0.000 0.087 0.995
24.237 -453.410 -70.311 -0.039 0.000 0.090 0.995
24.221 -453.325 -70.318 -0.039 0.000 0.091 0.995
24.208 -453.251 -70.324 -0.040 0.000 0.092 0.995
24.175 -453.082 -70.338 -0.041 0.000 0.096 0.995
24.147 -452.939 -70.350 -0.042 0.000 0.098 0.994
24.123 -452.821 -70.360 -0.043 0.000 0.100 0.994
24.102 -452.720 -70.369 -0.044 0.000 0.102 0.994
24.084 -452.635 -70.377 -0.045 0.000 0.104 0.994
24.057 -452.508 -70.389 -0.045 0.000 0.106 0.993
24.036 -452.408 -70.398 -0.047 0.000 0.107 0.993
24.017 -452.325 -70.406 -0.047 0.000 0.109 0.993
23.975 -452.137 -70.424 -0.048 0.000 0.112 0.993
23.944 -452.005 -70.437 -0.049 0.000 0.115 0.992
23.914 -451.877 -70.450 -0.050 0.000 0.117 0.992
23.874 -451.715 -70.467 -0.051 0.000 0.120 0.991
23.846 -451.599 -70.479 -0.052 0.000 0.122 0.991
23.825 -451.517 -70.488 -0.053 0.000 0.123 0.991
23.808 -451.450 -70.496 -0.054 0.000 0.125 0.991
23.780 -451.343 -70.507 -0.054 0.000 0.126 0.990
23.746 -451.212 -70.522 -0.055 0.000 0.129 0.990
23.702 -451.049 -70.541 -0.057 0.000 0.132 0.990
23.675 -450.949 -70.553 -0.057 0.000 0.134 0.989
23.652 -450.867 -70.563 -0.058 0.000 0.135 0.989
23.616 -450.740 -70.578 -0.058 0.000 0.137 0.989
23.595 -450.665 -70.587 -0.059 0.000 0.139 0.989
23.565 -450.561 -70.600 -0.060 0.000 0.140 0.988
23.536 -450.463 -70.612 -0.061 0.000 0.142 0.988
23.505 -450.359 -70.625 -0.061 0.000 0.144 0.988
23.475 -450.260 -70.638 -0.062 0.000 0.146 0.987
23.447 -450.166 -70.650 -0.063 0.000 0.147 0.987
23.421 -450.081 -70.661 -0.064 0.000 0.149 0.987
23.379 -449.947 -70.679 -0.065 0.000 0.151 0.986
23.343 -449.835 -70.694 -0.065 0.000 0.154 0.986
23.314 -449.746 -70.707 -0.066 0.000 0.155 0.986
23.290 -449.672 -70.717 -0.067 0.000 0.157 0.985
23.253 -449.561 -70.733 -0.068 0.000 0.159 0.985
23.213 -449.439 -70.750 -0.069 0.000 0.161 0.985
23.159 -449.282 -70.773 -0.070 0.000 0.164 0.984
23.116 -449.158 -70.792 -0.071 0.000 0.166 0.984
23.067 -449.021 -70.812 -0.072 0.000 0.169 0.983
23.028 -448.912 -70.829 -0.073 0.000 0.171 0.983
22.990 -448.807 -70.845 -0.073 0.000 0.173 0.982
22.950 -448.697 -70.862 -0.074 0.000 0.175 0.982
22.918 -448.612 -70.876 -0.075 0.000 0.176 0.981
22.879 -448.508 -70.892 -0.076 0.000 0.178 0.981
22.846 -448.422 -70.906 -0.076 0.000 0.180 0.981
22.809 -448.325 -70.922 -0.077 0.000 0.181 0.980
22.776 -448.239 -70.936 -0.078 0.000 0.183 0.980
22.744 -448.157 -70.950 -0.078 0.000 0.184 0.980
22.709 -448.068 -70.965 -0.079 0.000 0.186 0.979
22.663 -447.954 -70.984 -0.080 0.000 0.188 0.979
22.632 -447.878 -70.997 -0.080 0.000 0.189 0.979
22.603 -447.805 -71.009 -0.080 0.000 0.190 0.978
22.545 -447.664 -71.034 -0.081 0.000 0.193 0.978
22.508 -447.575 -71.050 -0.082 0.000 0.194 0.977
22.454 -447.446 -71.072 -0.083 0.000 0.197 0.977
22.405 -447.330 -71.093 -0.083 0.000 0.199 0.977
22.365 -447.239 -71.109 -0.083 0.000 0.200 0.976
22.339 -447.178 -71.120 -0.084 0.000 0.201 0.976
22.302 -447.094 -71.135 -0.084 0.000 0.202 0.976
22.258 -446.994 -71.154 -0.085 0.000 0.204 0.975
22.231 -446.931 -71.165 -0.086 0.000 0.205 0.975
22.189 -446.838 -71.183 -0.087 0.000 0.206 0.975
22.150 -446.751 -71.199 -0.087 0.000 0.208 0.974
22.110 -446.663 -71.216 -0.088 0.000 0.209 0.974
22.073 -446.580 -71.231 -0.088 0.000 0.211 0.974
22.048 -446.526 -71.242 -0.089 0.000 0.212 0.973
21.996 -446.415 -71.263 -0.090 0.000 0.213 0.973
21.951 -446.318 -71.283 -0.090 0.000 0.215 0.972
21.855 -446.117 -71.323 -0.092 0.000 0.219 0.971
21.806 -446.013 -71.344 -0.093 0.000 0.221 0.971
21.761 -445.923 -71.363 -0.094 0.000 0.222 0.970
21.709 -445.816 -71.385 -0.095 0.000 0.224 0.970
21.654 -445.704 -71.408 -0.096 0.000 0.226 0.969
21.595 -445.588 -71.433 -0.098 0.000 0.228 0.969
21.546 -445.490 -71.454 -0.098 0.000 0.230 0.968
21.487 -445.376 -71.479 -0.098 0.000 0.232 0.968
21.426 -445.257 -71.505 -0.099 0.000 0.234 0.967
21.388 -445.186 -71.521 -0.100 0.000 0.235 0.967
21.323 -445.061 -71.549 -0.101 0.000 0.238 0.966
21.279 -444.979 -71.567 -0.101 0.000 0.239 0.966
21.208 -444.846 -71.597 -0.102 0.000 0.241 0.965
21.168 -444.772 -71.614 -0.102 0.000 0.242 0.965
21.115 -444.675 -71.636 -0.103 0.000 0.244 0.964
21.067 -444.587 -71.657 -0.103 0.000 0.245 0.964
21.031 -444.523 -71.671 -0.103 0.000 0.246 0.964
21.001 -444.469 -71.684 -0.104 0.000 0.247 0.963
20.969 -444.412 -71.698 -0.104 0.000 0.248 0.963
20.898 -444.285 -71.727 -0.105 0.000 0.250 0.963
20.836 -444.175 -71.753 -0.105 0.000 0.251 0.962
20.790 -444.095 -71.772 -0.106 0.000 0.252 0.962
20.735 -443.997 -71.796 -0.106 0.000 0.253 0.962
20.694 -443.926 -71.813 -0.106 0.001 0.254 0.961
20.640 -443.833 -71.835 -0.106 0.001 0.255 0.961
20.603 -443.770 -71.851 -0.107 0.001 0.256 0.961
20.567 -443.708 -71.866 -0.107 0.001 0.257 0.961
20.531 -443.646 -71.881 -0.107 0.001 0.257 0.960
20.490 -443.576 -71.898 -0.108 0.001 0.258 0.960
20.443 -443.496 -71.917 -0.108 0.001 0.259 0.960
20.394 -443.413 -71.938 -0.108 0.001 0.260 0.959
20.323 -443.294 -71.967 -0.108 0.001 0.262 0.959
20.257 -443.185 -71.994 -0.108 0.001 0.263 0.959
20.219 -443.121 -72.010 -0.109 0.001 0.265 0.958
20.185 -443.066 -72.024 -0.109 0.001 0.265 0.958
20.136 -442.986 -72.044 -0.109 0.001 0.266 0.958
20.081 -442.896 -72.066 -0.109 0.001 0.268 0.957
20.035 -442.822 -72.085 -0.110 0.001 0.269 0.957
19.963 -442.706 -72.114 -0.110 0.001 0.270 0.957
19.903 -442.609 -72.138 -0.110 0.002 0.272 0.956
19.850 -442.526 -72.159 -0.110 0.002 0.273 0.956
19.823 -442.484 -72.170 -0.110 0.002 0.274 0.956
19.760 -442.383 -72.196 -0.111 0.002 0.275 0.955
19.727 -442.332 -72.209 -0.111 0.002 0.275 0.955
19.676 -442.253 -72.229 -0.111 0.002 0.276 0.955
19.604 -442.140 -72.258 -0.112 0.002 0.278 0.954
19.541 -442.043 -72.283 -0.112 0.002 0.279 0.954
19.482 -441.953 -72.307 -0.113 0.002 0.280 0.953
19.418 -441.855 -72.332 -0.113 0.002 0.282 0.953
19.362 -441.770 -72.355 -0.113 0.002 0.283 0.952
19.306 -441.687 -72.377 -0.113 0.002 0.285 0.952
19.243 -441.593 -72.402 -0.114 0.002 0.286 0.951
19.166 -441.478 -72.433 -0.114 0.002 0.288 0.951
19.096 -441.376 -72.460 -0.115 0.002 0.289 0.950
19.046 -441.303 -72.479 -0.115 0.002 0.290 0.950
18.987 -441.216 -72.503 -0.115 0.002 0.291 0.950
18.921 -441.121 -72.529 -0.115 0.002 0.293 0.949
18.881 -441.063 -72.544 -0.116 0.002 0.294 0.949
18.820 -440.976 -72.568 -0.116 0.002 0.295 0.948
18.752 -440.880 -72.595 -0.116 0.002 0.296 0.948
18.694 -440.798 -72.617 -0.117 0.002 0.297 0.948
18.641 -440.722 -72.638 -0.118 0.002 0.298 0.947
18.576 -440.632 -72.663 -0.118 0.002 0.300 0.947
18.509 -440.538 -72.690 -0.119 0.002 0.301 0.946
18.427 -440.425 -72.722 -0.120 0.002 0.303 0.946
18.351 -440.321 -72.752 -0.120 0.002 0.304 0.945
18.268 -440.209 -72.784 -0.120 0.002 0.306 0.945
18.195 -440.110 -72.813 -0.121 0.002 0.307 0.944
18.149 -440.048 -72.830 -0.121 0.002 0.308 0.944
18.087 -439.964 -72.855 -0.121 0.003 0.309 0.943
18.005 -439.856 -72.887 -0.122 0.002 0.310 0.943
17.943 -439.773 -72.911 -0.122 0.003 0.312 0.942
17.895 -439.710 -72.929 -0.122 0.003 0.313 0.942
17.828 -439.622 -72.955 -0.123 0.003 0.314 0.941
17.767 -439.543 -72.979 -0.123 0.003 0.316 0.941
17.677 -439.427 -73.013 -0.123 0.003 0.317 0.940
17.612 -439.344 -73.038 -0.123 0.003 0.318 0.940
17.538 -439.250 -73.066 -0.123 0.003 0.320 0.939
17.472 -439.166 -73.091 -0.123 0.003 0.320 0.939
17.395 -439.068 -73.121 -0.123 0.003 0.321 0.939
17.351 -439.012 -73.138 -0.124 0.003 0.322 0.939
17.298 -438.945 -73.158 -0.123 0.004 0.323 0.938
17.252 -438.888 -73.175 -0.124 0.004 0.323 0.938
17.192 -438.813 -73.198 -0.124 0.004 0.324 0.938
17.108 -438.709 -73.229 -0.124 0.004 0.325 0.937
17.048 -438.634 -73.252 -0.124 0.004 0.326 0.937
16.988 -438.561 -73.274 -0.124 0.004 0.327 0.937
16.945 -438.508 -73.291 -0.124 0.004 0.328 0.937
16.899 -438.450 -73.308 -0.125 0.004 0.328 0.936
16.842 -438.381 -73.329 -0.125 0.004 0.329 0.936
16.734 -438.250 -73.370 -0.124 0.004 0.330 0.936
16.669 -438.171 -73.394 -0.124 0.004 0.331 0.935
16.610 -438.099 -73.416 -0.124 0.004 0.331 0.935
16.534 -438.007 -73.444 -0.124 0.004 0.332 0.935
16.466 -437.926 -73.469 -0.124 0.005 0.333 0.935
16.430 -437.883 -73.482 -0.124 0.005 0.333 0.935
16.373 -437.815 -73.503 -0.124 0.005 0.334 0.934
16.334 -437.769 -73.517 -0.124 0.005 0.334 0.934
16.251 -437.670 -73.547 -0.124 0.005 0.336 0.934
16.192 -437.600 -73.569 -0.124 0.005 0.336 0.934
16.129 -437.526 -73.592 -0.124 0.005 0.337 0.933
16.068 -437.454 -73.614 -0.124 0.005 0.337 0.933
16.012 -437.388 -73.634 -0.124 0.005 0.338 0.933
15.938 -437.301 -73.661 -0.125 0.005 0.338 0.933
15.879 -437.233 -73.682 -0.125 0.005 0.339 0.932
15.809 -437.152 -73.708 -0.125 0.005 0.340 0.932
15.765 -437.100 -73.724 -0.125 0.005 0.340 0.932
15.712 -437.039 -73.743 -0.125 0.005 0.340 0.932
15.655 -436.972 -73.763 -0.125 0.005 0.341 0.932
15.610 -436.920 -73.780 -0.125 0.005 0.342 0.931
15.543 -436.843 -73.804 -0.125 0.006 0.342 0.931
15.472 -436.762 -73.829 -0.125 0.006 0.343 0.931
15.389 -436.667 -73.859 -0.126 0.005 0.344 0.931
15.345 -436.616 -73.875 -0.126 0.005 0.344 0.931
15.292 -436.556 -73.894 -0.125 0.006 0.344 0.930
15.235 -436.491 -73.914 -0.126 0.006 0.345 0.930
15.147 -436.391 -73.945 -0.126 0.006 0.346 0.930
15.087 -436.324 -73.967 -0.126 0.006 0.346 0.930
15.028 -436.258 -73.988 -0.126 0.006 0.347 0.930
14.988 -436.212 -74.002 -0.126 0.006 0.347 0.929
14.935 -436.153 -74.021 -0.126 0.006 0.347 0.929
14.872 -436.082 -74.043 -0.126 0.006 0.348 0.929
14.815 -436.018 -74.064 -0.126 0.006 0.348 0.929
14.741 -435.935 -74.090 -0.126 0.006 0.349 0.928
14.684 -435.872 -74.110 -0.126 0.006 0.350 0.928
14.624 -435.805 -74.131 -0.126 0.006 0.350 0.928
