26.387 -423.569 -82.407 -0.026 0.000 0.050 0.998
26.374 -423.442 -82.413 -0.026 0.000 0.052 0.998
26.363 -423.342 -82.419 -0.027 0.000 0.053 0.998
26.349 -423.211 -82.426 -0.028 0.000 0.055 0.998
26.338 -423.115 -82.431 -0.029 0.000 0.057 0.998
26.329 -423.036 -82.436 -0.029 0.000 0.058 0.998
26.321 -422.966 -82.440 -0.030 0.000 0.059 0.998
26.308 -422.862 -82.446 -0.030 0.000 0.061 0.998
26.297 -422.770 -82.452 -0.031 0.000 0.063 0.998
26.284 -422.666 -82.459 -0.032 0.000 0.064 0.997
26.273 -422.587 -82.464 -0.033 0.000 0.065 0.997
26.256 -422.455 -82.473 -0.034 0.000 0.068 0.997
26.248 -422.401 -82.476 -0.034 0.000 0.068 0.997
26.232 -422.289 -82.484 -0.035 0.000 0.070 0.997
26.222 -422.218 -82.489 -0.035 0.000 0.071 0.997
26.213 -422.157 -82.494 -0.036 0.000 0.072 0.997
26.197 -422.047 -82.502 -0.036 0.000 0.074 0.997
26.184 -421.963 -82.508 -0.036 0.000 0.076 0.996
26.166 -421.842 -82.517 -0.037 0.000 0.078 0.996
26.146 -421.718 -82.526 -0.038 0.000 0.080 0.996
26.135 -421.650 -82.531 -0.038 0.000 0.081 0.996
26.119 -421.557 -82.539 -0.039 0.000 0.083 0.996
26.102 -421.452 -82.547 -0.039 0.000 0.084 0.996
26.080 -421.329 -82.557 -0.040 0.000 0.086 0.995
26.060 -421.211 -82.567 -0.041 0.000 0.088 0.995
26.045 -421.130 -82.573 -0.042 0.000 0.089 0.995
26.021 -420.998 -82.585 -0.043 0.000 0.091 0.995
25.998 -420.879 -82.595 -0.044 0.000 0.093 0.995
25.977 -420.767 -82.605 -0.044 0.000 0.095 0.994
25.953 -420.647 -82.616 -0.045 0.000 0.097 0.994
25.926 -420.511 -82.629 -0.046 0.000 0.100 0.994
25.898 -420.376 -82.642 -0.047 0.000 0.102 0.994
25.877 -420.273 -82.652 -0.048 0.000 0.104 0.993
25.854 -420.168 -82.662 -0.049 0.000 0.106 0.993
25.839 -420.097 -82.669 -0.049 0.000 0.107 0.993
25.824 -420.031 -82.676 -0.050 0.000 0.108 0.993
25.801 -419.927 -82.686 -0.050 0.000 0.110 0.993
25.781 -419.841 -82.695 -0.051 0.000 0.112 0.992
25.760 -419.748 -82.705 -0.051 0.000 0.113 0.992
25.733 -419.633 -82.717 -0.052 0.000 0.115 0.992
25.704 -419.513 -82.730 -0.053 0.000 0.118 0.992
25.681 -419.417 -82.740 -0.053 0.000 0.119 0.991
25.648 -419.283 -82.755 -0.054 0.000 0.121 0.991
25.627 -419.201 -82.764 -0.055 0.000 0.123 0.991
25.605 -419.113 -82.774 -0.055 0.000 0.124 0.991
25.581 -419.020 -82.785 -0.056 0.000 0.126 0.991
25.552 -418.908 -82.798 -0.056 0.001 0.128 0.990
25.530 -418.826 -82.807 -0.057 0.000 0.129 0.990
25.500 -418.712 -82.821 -0.058 0.000 0.131 0.990
25.458 -418.559 -82.840 -0.060 0.000 0.134 0.989
25.432 -418.467 -82.851 -0.061 0.000 0.135 0.989
25.418 -418.417 -82.858 -0.061 0.000 0.136 0.989
25.385 -418.302 -82.872 -0.062 0.000 0.139 0.988
25.363 -418.223 -82.882 -0.063 0.000 0.140 0.988
25.337 -418.136 -82.894 -0.064 0.000 0.142 0.988
25.303 -418.020 -82.909 -0.065 0.000 0.144 0.987
25.271 -417.916 -82.923 -0.066 0.000 0.146 0.987
25.241 -417.818 -82.937 -0.067 0.000 0.147 0.987
25.210 -417.717 -82.951 -0.068 0.000 0.149 0.987
25.184 -417.633 -82.963 -0.068 0.000 0.151 0.986
25.161 -417.560 -82.973 -0.069 0.000 0.152 0.986
25.110 -417.401 -82.997 -0.070 0.000 0.154 0.986
25.077 -417.301 -83.011 -0.071 0.000 0.156 0.985
25.040 -417.187 -83.028 -0.072 0.000 0.158 0.985
25.002 -417.072 -83.046 -0.072 0.000 0.160 0.984
24.982 -417.015 -83.054 -0.073 0.000 0.161 0.984
24.929 -416.860 -83.078 -0.074 0.000 0.164 0.984
24.895 -416.763 -83.093 -0.075 0.000 0.166 0.983
24.871 -416.695 -83.104 -0.075 0.000 0.167 0.983
24.839 -416.603 -83.119 -0.076 0.000 0.169 0.983
24.809 -416.521 -83.132 -0.076 0.000 0.170 0.982
24.785 -416.452 -83.143 -0.077 0.000 0.171 0.982
24.752 -416.363 -83.157 -0.078 0.000 0.173 0.982
24.724 -416.285 -83.170 -0.078 0.000 0.174 0.982
24.693 -416.202 -83.184 -0.079 0.000 0.176 0.981
24.648 -416.082 -83.204 -0.080 0.000 0.178 0.981
24.609 -415.980 -83.221 -0.081 0.000 0.180 0.980
24.567 -415.871 -83.240 -0.082 0.000 0.182 0.980
24.536 -415.792 -83.254 -0.082 0.000 0.183 0.980
24.496 -415.690 -83.272 -0.083 0.000 0.185 0.979
24.460 -415.599 -83.288 -0.084 0.000 0.186 0.979
24.416 -415.489 -83.308 -0.084 0.000 0.188 0.978
24.362 -415.355 -83.332 -0.085 0.001 0.191 0.978
24.318 -415.248 -83.352 -0.086 0.001 0.193 0.978
24.283 -415.164 -83.368 -0.086 0.001 0.194 0.977
24.249 -415.084 -83.382 -0.087 0.001 0.196 0.977
24.189 -414.941 -83.409 -0.088 0.001 0.198 0.976
24.134 -414.815 -83.433 -0.089 0.001 0.201 0.976
24.106 -414.751 -83.446 -0.090 0.001 0.202 0.975
24.066 -414.659 -83.464 -0.091 0.001 0.204 0.975
24.019 -414.554 -83.484 -0.092 0.001 0.206 0.974
23.977 -414.459 -83.503 -0.092 0.001 0.208 0.974
23.937 -414.370 -83.521 -0.093 0.001 0.209 0.973
23.909 -414.311 -83.533 -0.093 0.001 0.211 0.973
23.872 -414.231 -83.549 -0.094 0.001 0.212 0.973
23.820 -414.118 -83.573 -0.095 0.001 0.214 0.972
23.774 -414.021 -83.593 -0.096 0.001 0.216 0.972
23.722 -413.911 -83.616 -0.097 0.001 0.219 0.971
23.667 -413.797 -83.641 -0.098 0.001 0.221 0.970
23.617 -413.694 -83.663 -0.099 0.001 0.223 0.970
23.572 -413.603 -83.683 -0.100 0.001 0.225 0.969
23.540 -413.539 -83.697 -0.100 0.001 0.226 0.969
23.490 -413.439 -83.719 -0.101 0.001 0.228 0.968
23.447 -413.355 -83.738 -0.101 0.001 0.230 0.968
23.381 -413.227 -83.767 -0.103 0.001 0.232 0.967
23.349 -413.165 -83.781 -0.103 0.001 0.233 0.967
23.305 -413.079 -83.800 -0.104 0.001 0.235 0.966
23.263 -413.001 -83.819 -0.105 0.001 0.237 0.966
23.229 -412.937 -83.834 -0.105 0.001 0.238 0.965
23.183 -412.850 -83.854 -0.106 0.001 0.240 0.965
23.142 -412.775 -83.872 -0.107 0.001 0.241 0.965
23.101 -412.699 -83.890 -0.107 0.001 0.243 0.964
23.049 -412.604 -83.913 -0.108 0.001 0.245 0.963
23.011 -412.536 -83.930 -0.108 0.001 0.247 0.963
22.961 -412.446 -83.952 -0.109 0.001 0.248 0.962
22.917 -412.367 -83.971 -0.110 0.001 0.250 0.962
22.866 -412.277 -83.994 -0.111 0.001 0.252 0.961
22.820 -412.197 -84.014 -0.111 0.001 0.253 0.961
22.762 -412.097 -84.039 -0.112 0.001 0.256 0.960
22.718 -412.021 -84.059 -0.113 0.001 0.257 0.960
22.667 -411.935 -84.081 -0.114 0.001 0.259 0.959
22.605 -411.830 -84.109 -0.115 0.001 0.261 0.959
22.576 -411.782 -84.121 -0.116 0.001 0.262 0.958
22.518 -411.686 -84.147 -0.116 0.001 0.264 0.958
22.479 -411.623 -84.164 -0.117 0.001 0.265 0.957
22.429 -411.540 -84.186 -0.117 0.001 0.267 0.957
22.394 -411.484 -84.201 -0.118 0.001 0.268 0.956
22.349 -411.412 -84.221 -0.119 0.001 0.269 0.956
22.297 -411.328 -84.244 -0.119 0.001 0.271 0.955
22.215 -411.199 -84.280 -0.121 0.001 0.274 0.954
22.164 -411.120 -84.302 -0.121 0.001 0.276 0.953
22.123 -411.055 -84.320 -0.122 0.001 0.278 0.953
22.065 -410.967 -84.345 -0.122 0.001 0.279 0.952
22.004 -410.874 -84.372 -0.123 0.001 0.281 0.952
21.954 -410.798 -84.394 -0.123 0.001 0.283 0.951
21.871 -410.674 -84.430 -0.124 0.001 0.285 0.950
21.814 -410.590 -84.455 -0.125 0.001 0.287 0.950
21.760 -410.510 -84.478 -0.126 0.001 0.289 0.949
21.699 -410.421 -84.505 -0.126 0.001 0.291 0.948
21.642 -410.339 -84.529 -0.127 0.001 0.292 0.948
21.585 -410.258 -84.554 -0.128 0.001 0.294 0.947
21.511 -410.153 -84.586 -0.128 0.001 0.296 0.947
21.459 -410.080 -84.608 -0.129 0.001 0.298 0.946
21.407 -410.008 -84.631 -0.129 0.001 0.299 0.945
21.346 -409.924 -84.657 -0.130 0.001 0.301 0.945
21.261 -409.806 -84.694 -0.131 0.001 0.303 0.944
21.190 -409.710 -84.724 -0.132 0.002 0.306 0.943
21.112 -409.606 -84.758 -0.133 0.002 0.308 0.942
21.044 -409.515 -84.787 -0.134 0.002 0.310 0.941
20.983 -409.435 -84.813 -0.135 0.002 0.312 0.941
20.897 -409.323 -84.850 -0.136 0.002 0.314 0.940
20.843 -409.254 -84.873 -0.136 0.002 0.316 0.939
20.758 -409.145 -84.910 -0.137 0.002 0.318 0.938
20.683 -409.050 -84.942 -0.138 0.002 0.320 0.937
20.609 -408.957 -84.973 -0.139 0.002 0.323 0.936
20.518 -408.845 -85.012 -0.139 0.002 0.325 0.935
20.445 -408.756 -85.043 -0.141 0.002 0.327 0.934
20.395 -408.694 -85.065 -0.141 0.002 0.329 0.934
20.327 -408.613 -85.094 -0.142 0.002 0.331 0.933
20.286 -408.563 -85.111 -0.143 0.002 0.332 0.933
20.241 -408.510 -85.130 -0.143 0.002 0.333 0.932
20.172 -408.428 -85.160 -0.143 0.002 0.335 0.931
20.119 -408.365 -85.183 -0.144 0.002 0.336 0.931
20.053 -408.289 -85.211 -0.145 0.002 0.338 0.930
19.996 -408.223 -85.235 -0.145 0.002 0.339 0.929
19.914 -408.129 -85.270 -0.146 0.002 0.341 0.928
19.878 -408.088 -85.285 -0.147 0.002 0.342 0.928
19.821 -408.024 -85.310 -0.147 0.002 0.344 0.927
19.751 -407.944 -85.340 -0.148 0.002 0.346 0.927
19.686 -407.872 -85.367 -0.149 0.002 0.348 0.926
19.588 -407.764 -85.409 -0.150 0.002 0.350 0.925
19.479 -407.646 -85.455 -0.151 0.002 0.353 0.923
19.413 -407.575 -85.483 -0.152 0.002 0.355 0.922
19.340 -407.497 -85.514 -0.153 0.002 0.357 0.922
19.274 -407.427 -85.542 -0.154 0.002 0.359 0.921
19.197 -407.347 -85.575 -0.154 0.002 0.361 0.920
19.101 -407.247 -85.616 -0.155 0.002 0.364 0.918
19.039 -407.184 -85.642 -0.156 0.002 0.365 0.918
18.951 -407.094 -85.680 -0.157 0.002 0.367 0.917
18.854 -406.998 -85.721 -0.158 0.002 0.370 0.916
18.786 -406.930 -85.749 -0.158 0.002 0.372 0.915
18.698 -406.843 -85.787 -0.159 0.002 0.374 0.914
18.603 -406.751 -85.827 -0.160 0.002 0.376 0.913
18.541 -406.691 -85.853 -0.161 0.002 0.378 0.912
18.465 -406.618 -85.886 -0.161 0.002 0.379 0.911
18.398 -406.554 -85.914 -0.162 0.002 0.381 0.910
18.324 -406.484 -85.945 -0.162 0.002 0.383 0.909
18.254 -406.419 -85.975 -0.163 0.002 0.385 0.909
18.179 -406.349 -86.006 -0.164 0.002 0.386 0.908
18.089 -406.267 -86.044 -0.165 0.002 0.389 0.906
18.010 -406.195 -86.077 -0.166 0.002 0.391 0.905
17.923 -406.116 -86.114 -0.167 0.002 0.393 0.904
17.850 -406.052 -86.145 -0.168 0.002 0.394 0.904
17.727 -405.943 -86.197 -0.169 0.002 0.397 0.902
17.639 -405.866 -86.234 -0.170 0.002 0.399 0.901
17.566 -405.804 -86.265 -0.171 0.002 0.401 0.900
17.469 -405.721 -86.306 -0.172 0.002 0.403 0.899
17.364 -405.632 -86.350 -0.172 0.002 0.406 0.898
17.298 -405.577 -86.378 -0.173 0.002 0.407 0.897
17.219 -405.512 -86.412 -0.174 0.002 0.409 0.896
17.154 -405.458 -86.439 -0.174 0.002 0.410 0.895
17.072 -405.392 -86.474 -0.175 0.002 0.412 0.894
16.992 -405.326 -86.508 -0.176 0.002 0.414 0.893
16.936 -405.282 -86.531 -0.177 0.002 0.415 0.892
16.875 -405.233 -86.557 -0.178 0.002 0.416 0.892
16.794 -405.169 -86.591 -0.179 0.002 0.418 0.891
16.730 -405.119 -86.619 -0.179 0.002 0.420 0.890
16.664 -405.067 -86.647 -0.180 0.002 0.421 0.889
16.599 -405.017 -86.674 -0.180 0.002 0.423 0.888
16.509 -404.948 -86.712 -0.181 0.002 0.425 0.887
16.445 -404.900 -86.739 -0.181 0.002 0.426 0.886
16.363 -404.838 -86.774 -0.182 0.002 0.427 0.886
16.312 -404.800 -86.796 -0.183 0.002 0.428 0.885
16.192 -404.711 -86.847 -0.184 0.002 0.431 0.883
16.111 -404.652 -86.881 -0.184 0.002 0.433 0.883
16.045 -404.604 -86.909 -0.185 0.002 0.434 0.882
15.957 -404.541 -86.946 -0.185 0.002 0.436 0.881
15.878 -404.484 -86.979 -0.186 0.002 0.437 0.880
15.805 -404.432 -87.010 -0.187 0.002 0.439 0.879
15.743 -404.389 -87.036 -0.187 0.002 0.440 0.878
15.669 -404.337 -87.068 -0.188 0.002 0.441 0.878
15.592 -404.284 -87.100 -0.189 0.002 0.443 0.877
15.533 -404.243 -87.125 -0.189 0.002 0.444 0.876
15.408 -404.158 -87.178 -0.191 0.002 0.446 0.874
15.339 -404.111 -87.208 -0.191 0.002 0.448 0.873
15.270 -404.065 -87.237 -0.192 0.002 0.449 0.873
15.173 -404.001 -87.278 -0.193 0.002 0.451 0.871
15.103 -403.955 -87.308 -0.194 0.002 0.452 0.870
15.054 -403.923 -87.328 -0.194 0.001 0.453 0.870
14.913 -403.832 -87.389 -0.195 0.001 0.456 0.868
14.815 -403.770 -87.430 -0.196 0.001 0.458 0.867
14.733 -403.718 -87.465 -0.197 0.001 0.459 0.866
14.676 -403.682 -87.490 -0.197 0.002 0.460 0.866
14.609 -403.640 -87.518 -0.197 0.002 0.462 0.865
14.545 -403.601 -87.546 -0.198 0.002 0.463 0.864
14.488 -403.566 -87.570 -0.198 0.002 0.463 0.864
14.417 -403.523 -87.600 -0.198 0.002 0.465 0.863
14.313 -403.460 -87.644 -0.199 0.002 0.467 0.862
14.242 -403.417 -87.674 -0.200 0.002 0.468 0.861
14.173 -403.376 -87.703 -0.200 0.002 0.469 0.860
14.108 -403.337 -87.731 -0.200 0.002 0.470 0.860
14.028 -403.291 -87.765 -0.201 0.002 0.472 0.859
13.928 -403.233 -87.807 -0.201 0.002 0.473 0.858
13.879 -403.204 -87.828 -0.202 0.002 0.474 0.857
13.781 -403.148 -87.869 -0.202 0.002 0.476 0.856
13.703 -403.104 -87.902 -0.203 0.002 0.477 0.855
13.627 -403.061 -87.934 -0.203 0.002 0.478 0.855
13.557 -403.022 -87.963 -0.203 0.002 0.479 0.854
13.450 -402.963 -88.008 -0.204 0.003 0.481 0.853
13.390 -402.930 -88.034 -0.204 0.003 0.482 0.852
13.292 -402.876 -88.075 -0.205 0.002 0.483 0.851
13.199 -402.826 -88.114 -0.206 0.003 0.485 0.850
13.092 -402.769 -88.159 -0.207 0.002 0.487 0.849
13.037 -402.739 -88.182 -0.207 0.002 0.488 0.848
12.951 -402.694 -88.218 -0.208 0.002 0.489 0.847
12.832 -402.632 -88.268 -0.208 0.002 0.491 0.846
12.767 -402.599 -88.295 -0.209 0.003 0.492 0.845
12.699 -402.564 -88.324 -0.209 0.002 0.493 0.844
12.575 -402.501 -88.376 -0.210 0.003 0.495 0.843
12.484 -402.455 -88.414 -0.210 0.003 0.497 0.842
12.440 -402.433 -88.433 -0.211 0.003 0.497 0.842
12.376 -402.402 -88.460 -0.211 0.003 0.498 0.841
12.287 -402.358 -88.497 -0.212 0.003 0.500 0.840
12.212 -402.322 -88.529 -0.212 0.003 0.501 0.839
12.088 -402.262 -88.581 -0.213 0.003 0.503 0.837
12.006 -402.223 -88.615 -0.214 0.003 0.505 0.836
11.879 -402.164 -88.668 -0.215 0.003 0.507 0.835
11.804 -402.130 -88.700 -0.215 0.003 0.508 0.834
11.694 -402.079 -88.746 -0.216 0.003 0.510 0.833
11.587 -402.031 -88.791 -0.217 0.003 0.512 0.831
11.440 -401.966 -88.852 -0.217 0.003 0.514 0.830
11.371 -401.935 -88.881 -0.218 0.003 0.515 0.829
11.298 -401.904 -88.912 -0.219 0.003 0.517 0.828
11.224 -401.872 -88.943 -0.219 0.003 0.518 0.827
11.122 -401.828 -88.986 -0.220 0.003 0.520 0.826
11.052 -401.799 -89.015 -0.220 0.003 0.521 0.825
11.004 -401.779 -89.035 -0.221 0.003 0.521 0.824
10.912 -401.741 -89.074 -0.221 0.003 0.523 0.823
10.827 -401.706 -89.109 -0.221 0.003 0.524 0.822
10.722 -401.664 -89.153 -0.222 0.003 0.526 0.821
10.600 -401.615 -89.204 -0.223 0.003 0.528 0.819
10.517 -401.583 -89.239 -0.223 0.003 0.530 0.818
10.409 -401.540 -89.284 -0.224 0.003 0.531 0.817
10.346 -401.516 -89.310 -0.224 0.003 0.532 0.816
10.238 -401.475 -89.355 -0.225 0.003 0.534 0.815
10.130 -401.434 -89.400 -0.225 0.004 0.536 0.814
10.072 -401.413 -89.424 -0.226 0.004 0.536 0.813
10.025 -401.395 -89.443 -0.226 0.004 0.537 0.813
9.956 -401.370 -89.472 -0.226 0.004 0.538 0.812
9.862 -401.336 -89.511 -0.227 0.003 0.539 0.811
9.783 -401.308 -89.544 -0.227 0.004 0.540 0.810
