21.500 -475.900 -70.112 -0.001 0.000 0.002 1.000
21.499 -475.746 -70.112 -0.002 0.000 0.005 1.000
21.498 -475.655 -70.113 -0.002 0.000 0.006 1.000
21.496 -475.565 -70.113 -0.003 0.000 0.008 1.000
21.493 -475.404 -70.114 -0.004 0.000 0.011 1.000
21.491 -475.318 -70.115 -0.005 0.000 0.012 1.000
21.490 -475.251 -70.116 -0.005 0.000 0.013 1.000
21.486 -475.125 -70.117 -0.007 0.000 0.016 1.000
21.482 -474.993 -70.119 -0.008 0.000 0.018 1.000
21.480 -474.944 -70.120 -0.008 0.000 0.019 1.000
21.475 -474.826 -70.122 -0.009 0.000 0.021 1.000
21.472 -474.763 -70.123 -0.009 0.000 0.023 1.000
21.467 -474.665 -70.125 -0.010 0.000 0.024 1.000
21.462 -474.561 -70.127 -0.011 0.000 0.026 1.000
21.458 -474.476 -70.129 -0.011 0.000 0.027 1.000
21.454 -474.410 -70.130 -0.012 0.000 0.029 1.000
21.450 -474.341 -70.132 -0.012 0.000 0.030 0.999
21.441 -474.198 -70.136 -0.013 0.000 0.032 0.999
21.435 -474.106 -70.138 -0.014 0.000 0.034 0.999
21.427 -473.994 -70.142 -0.015 0.000 0.035 0.999
21.420 -473.892 -70.145 -0.016 0.000 0.037 0.999
21.412 -473.793 -70.148 -0.016 0.000 0.038 0.999
21.407 -473.723 -70.150 -0.017 0.000 0.039 0.999
21.401 -473.646 -70.153 -0.017 0.000 0.041 0.999
21.392 -473.542 -70.157 -0.018 0.000 0.042 0.999
21.383 -473.436 -70.160 -0.019 0.000 0.044 0.999
21.377 -473.369 -70.163 -0.020 0.000 0.045 0.999
21.367 -473.265 -70.167 -0.020 0.000 0.047 0.999
21.355 -473.138 -70.173 -0.021 0.000 0.049 0.999
21.343 -473.023 -70.177 -0.022 0.000 0.051 0.998
21.337 -472.964 -70.180 -0.022 0.000 0.052 0.998
21.329 -472.884 -70.183 -0.023 0.000 0.053 0.998
21.319 -472.792 -70.188 -0.024 0.000 0.054 0.998
21.309 -472.705 -70.192 -0.024 0.000 0.056 0.998
21.294 -472.574 -70.198 -0.025 0.000 0.058 0.998
21.281 -472.461 -70.204 -0.026 0.000 0.059 0.998
21.270 -472.372 -70.209 -0.026 0.000 0.061 0.998
21.254 -472.241 -70.216 -0.027 0.000 0.063 0.998
21.247 -472.184 -70.219 -0.027 0.000 0.064 0.998
21.229 -472.053 -70.226 -0.028 0.000 0.066 0.997
21.216 -471.953 -70.232 -0.028 0.000 0.067 0.997
21.196 -471.811 -70.240 -0.029 0.000 0.070 0.997
21.185 -471.732 -70.245 -0.030 0.000 0.071 0.997
21.176 -471.672 -70.248 -0.030 0.000 0.072 0.997
21.159 -471.556 -70.256 -0.031 0.000 0.074 0.997
21.145 -471.458 -70.262 -0.032 0.000 0.075 0.997
21.134 -471.387 -70.266 -0.032 0.000 0.076 0.997
21.122 -471.308 -70.272 -0.033 0.000 0.077 0.996
21.108 -471.225 -70.277 -0.034 0.000 0.078 0.996
21.096 -471.147 -70.283 -0.034 0.000 0.080 0.996
21.081 -471.056 -70.289 -0.035 0.000 0.081 0.996
21.057 -470.911 -70.299 -0.036 0.000 0.083 0.996
21.040 -470.809 -70.307 -0.037 0.000 0.085 0.996
21.022 -470.708 -70.315 -0.038 0.000 0.087 0.996
21.003 -470.603 -70.323 -0.039 0.000 0.088 0.995
20.979 -470.468 -70.334 -0.040 0.000 0.090 0.995
20.967 -470.403 -70.339 -0.040 0.000 0.091 0.995
20.947 -470.296 -70.348 -0.041 0.000 0.093 0.995
20.920 -470.154 -70.360 -0.042 0.000 0.095 0.995
20.900 -470.053 -70.369 -0.042 0.000 0.097 0.994
20.885 -469.976 -70.375 -0.042 0.000 0.098 0.994
20.869 -469.899 -70.382 -0.043 0.000 0.099 0.994
20.843 -469.772 -70.393 -0.044 0.000 0.101 0.994
20.827 -469.691 -70.400 -0.044 0.000 0.102 0.994
20.810 -469.613 -70.408 -0.045 0.000 0.103 0.994
20.795 -469.544 -70.414 -0.045 0.000 0.104 0.994
20.783 -469.485 -70.419 -0.046 0.000 0.105 0.993
20.757 -469.367 -70.430 -0.046 0.000 0.106 0.993
20.739 -469.282 -70.438 -0.047 0.000 0.108 0.993
20.718 -469.188 -70.447 -0.047 0.000 0.109 0.993
20.690 -469.062 -70.459 -0.048 0.000 0.111 0.993
20.669 -468.969 -70.469 -0.048 0.000 0.112 0.993
20.639 -468.839 -70.482 -0.049 0.000 0.114 0.992
20.615 -468.736 -70.492 -0.049 0.000 0.115 0.992
20.587 -468.622 -70.503 -0.050 0.000 0.117 0.992
20.553 -468.480 -70.518 -0.051 0.000 0.119 0.992
20.534 -468.403 -70.526 -0.052 0.000 0.120 0.991
20.510 -468.305 -70.537 -0.052 0.000 0.122 0.991
20.480 -468.188 -70.549 -0.053 0.000 0.124 0.991
20.451 -468.076 -70.562 -0.054 0.000 0.126 0.991
20.426 -467.978 -70.572 -0.054 0.000 0.127 0.990
20.401 -467.884 -70.583 -0.054 0.000 0.129 0.990
20.378 -467.799 -70.593 -0.055 0.000 0.130 0.990
20.344 -467.672 -70.607 -0.055 0.000 0.132 0.990
20.315 -467.568 -70.619 -0.055 0.000 0.133 0.990
20.295 -467.493 -70.627 -0.056 0.000 0.134 0.989
20.270 -467.404 -70.638 -0.056 0.000 0.135 0.989
20.228 -467.256 -70.655 -0.057 0.000 0.138 0.989
20.203 -467.169 -70.665 -0.058 0.000 0.139 0.989
20.174 -467.067 -70.677 -0.058 0.000 0.140 0.988
20.134 -466.930 -70.694 -0.059 0.000 0.141 0.988
20.093 -466.793 -70.711 -0.059 0.000 0.143 0.988
20.052 -466.655 -70.728 -0.060 0.000 0.145 0.988
20.022 -466.558 -70.740 -0.060 0.000 0.147 0.987
19.991 -466.456 -70.753 -0.061 0.000 0.148 0.987
19.953 -466.333 -70.768 -0.062 0.000 0.150 0.987
19.923 -466.239 -70.781 -0.063 0.000 0.151 0.987
19.887 -466.123 -70.796 -0.063 0.000 0.152 0.986
19.862 -466.045 -70.806 -0.064 0.000 0.153 0.986
19.820 -465.915 -70.823 -0.064 0.000 0.154 0.986
19.787 -465.811 -70.837 -0.064 0.000 0.155 0.986
19.734 -465.650 -70.859 -0.065 0.000 0.157 0.986
19.714 -465.588 -70.867 -0.065 0.000 0.157 0.985
19.680 -465.486 -70.881 -0.065 0.000 0.159 0.985
19.633 -465.344 -70.901 -0.066 0.000 0.160 0.985
19.608 -465.269 -70.911 -0.066 0.000 0.160 0.985
19.573 -465.166 -70.926 -0.067 0.000 0.161 0.985
19.541 -465.074 -70.938 -0.067 0.000 0.162 0.984
19.506 -464.969 -70.953 -0.067 0.000 0.163 0.984
19.474 -464.877 -70.966 -0.067 0.000 0.164 0.984
19.438 -464.772 -70.981 -0.068 0.000 0.165 0.984
19.409 -464.689 -70.993 -0.068 0.000 0.166 0.984
19.362 -464.554 -71.012 -0.068 0.000 0.168 0.983
19.323 -464.445 -71.028 -0.069 0.000 0.169 0.983
19.288 -464.346 -71.042 -0.069 0.000 0.169 0.983
19.240 -464.212 -71.062 -0.069 0.000 0.171 0.983
19.195 -464.089 -71.080 -0.069 0.001 0.172 0.983
19.156 -463.983 -71.095 -0.070 0.001 0.173 0.982
19.128 -463.907 -71.106 -0.070 0.001 0.173 0.982
19.090 -463.801 -71.122 -0.070 0.001 0.175 0.982
19.049 -463.692 -71.138 -0.071 0.001 0.175 0.982
19.024 -463.623 -71.149 -0.071 0.001 0.176 0.982
18.986 -463.524 -71.164 -0.071 0.001 0.177 0.982
18.929 -463.370 -71.186 -0.070 0.001 0.178 0.981
18.899 -463.291 -71.198 -0.070 0.001 0.179 0.981
18.863 -463.198 -71.212 -0.071 0.001 0.180 0.981
18.832 -463.117 -71.224 -0.071 0.001 0.180 0.981
18.806 -463.047 -71.235 -0.071 0.001 0.181 0.981
18.780 -462.980 -71.245 -0.071 0.001 0.181 0.981
18.749 -462.899 -71.257 -0.071 0.001 0.182 0.981
18.723 -462.833 -71.267 -0.071 0.001 0.183 0.981
18.685 -462.736 -71.281 -0.071 0.001 0.183 0.980
18.647 -462.639 -71.296 -0.071 0.001 0.184 0.980
18.607 -462.535 -71.312 -0.071 0.001 0.185 0.980
18.572 -462.446 -71.325 -0.071 0.001 0.185 0.980
18.536 -462.356 -71.339 -0.072 0.001 0.186 0.980
18.495 -462.252 -71.355 -0.072 0.001 0.186 0.980
18.454 -462.149 -71.370 -0.072 0.001 0.187 0.980
18.424 -462.074 -71.382 -0.072 0.001 0.188 0.980
18.380 -461.964 -71.398 -0.072 0.001 0.188 0.979
18.348 -461.884 -71.411 -0.072 0.001 0.188 0.979
18.306 -461.779 -71.427 -0.073 0.001 0.189 0.979
18.275 -461.705 -71.439 -0.073 0.001 0.190 0.979
18.236 -461.607 -71.454 -0.073 0.001 0.190 0.979
18.214 -461.554 -71.462 -0.073 0.001 0.190 0.979
18.179 -461.468 -71.475 -0.073 0.001 0.191 0.979
18.129 -461.345 -71.494 -0.073 0.001 0.192 0.979
18.089 -461.248 -71.510 -0.073 0.001 0.192 0.979
18.056 -461.168 -71.522 -0.073 0.001 0.193 0.978
18.025 -461.093 -71.534 -0.073 0.001 0.193 0.978
17.980 -460.984 -71.551 -0.073 0.002 0.194 0.978
17.945 -460.900 -71.564 -0.073 0.002 0.195 0.978
17.913 -460.824 -71.576 -0.073 0.002 0.195 0.978
17.866 -460.711 -71.593 -0.073 0.002 0.196 0.978
17.826 -460.617 -71.608 -0.073 0.002 0.197 0.978
17.796 -460.547 -71.619 -0.073 0.002 0.197 0.978
17.754 -460.448 -71.634 -0.072 0.002 0.198 0.978
17.709 -460.341 -71.651 -0.072 0.002 0.199 0.977
17.660 -460.227 -71.668 -0.073 0.002 0.199 0.977
17.627 -460.150 -71.680 -0.072 0.002 0.199 0.977
17.601 -460.089 -71.690 -0.073 0.002 0.200 0.977
17.556 -459.983 -71.706 -0.073 0.002 0.200 0.977
17.505 -459.867 -71.724 -0.073 0.002 0.201 0.977
17.465 -459.774 -71.739 -0.073 0.002 0.202 0.977
17.423 -459.679 -71.753 -0.073 0.002 0.203 0.977
17.404 -459.636 -71.760 -0.073 0.002 0.203 0.976
17.340 -459.487 -71.783 -0.073 0.002 0.204 0.976
17.300 -459.397 -71.797 -0.073 0.002 0.204 0.976
17.240 -459.263 -71.818 -0.073 0.002 0.206 0.976
17.206 -459.187 -71.830 -0.073 0.002 0.206 0.976
17.171 -459.107 -71.843 -0.073 0.002 0.207 0.976
17.137 -459.032 -71.854 -0.073 0.003 0.207 0.976
17.081 -458.907 -71.874 -0.073 0.003 0.208 0.975
17.039 -458.813 -71.888 -0.073 0.003 0.208 0.975
17.014 -458.756 -71.897 -0.073 0.003 0.208 0.975
16.975 -458.670 -71.911 -0.073 0.003 0.208 0.975
16.926 -458.562 -71.928 -0.073 0.003 0.209 0.975
16.892 -458.487 -71.939 -0.073 0.003 0.209 0.975
16.866 -458.429 -71.948 -0.073 0.003 0.209 0.975
16.807 -458.299 -71.969 -0.073 0.003 0.211 0.975
16.759 -458.195 -71.985 -0.073 0.003 0.212 0.975
16.721 -458.114 -71.998 -0.073 0.003 0.212 0.974
16.673 -458.008 -72.015 -0.073 0.003 0.213 0.974
16.636 -457.929 -72.027 -0.073 0.003 0.213 0.974
16.594 -457.838 -72.041 -0.073 0.003 0.214 0.974
16.560 -457.765 -72.053 -0.073 0.003 0.214 0.974
16.516 -457.671 -72.068 -0.073 0.003 0.215 0.974
16.465 -457.562 -72.085 -0.073 0.003 0.216 0.974
16.418 -457.463 -72.100 -0.073 0.003 0.217 0.974
16.400 -457.424 -72.107 -0.073 0.003 0.217 0.973
16.358 -457.335 -72.121 -0.073 0.003 0.218 0.973
16.316 -457.247 -72.134 -0.074 0.003 0.218 0.973
16.273 -457.156 -72.149 -0.073 0.003 0.218 0.973
16.233 -457.073 -72.162 -0.073 0.003 0.218 0.973
16.197 -456.997 -72.174 -0.073 0.003 0.219 0.973
16.139 -456.877 -72.193 -0.073 0.003 0.219 0.973
16.089 -456.772 -72.210 -0.073 0.003 0.220 0.973
16.054 -456.699 -72.221 -0.073 0.003 0.220 0.973
15.997 -456.581 -72.240 -0.073 0.003 0.221 0.973
15.958 -456.500 -72.253 -0.073 0.003 0.221 0.972
15.922 -456.425 -72.265 -0.073 0.003 0.222 0.972
15.865 -456.307 -72.283 -0.073 0.004 0.223 0.972
15.825 -456.226 -72.296 -0.073 0.004 0.223 0.972
15.781 -456.136 -72.310 -0.073 0.004 0.224 0.972
15.745 -456.061 -72.322 -0.073 0.004 0.225 0.972
15.688 -455.946 -72.340 -0.073 0.004 0.226 0.971
15.639 -455.848 -72.356 -0.073 0.004 0.226 0.971
15.604 -455.777 -72.367 -0.073 0.004 0.227 0.971
15.555 -455.678 -72.382 -0.072 0.004 0.227 0.971
15.535 -455.639 -72.389 -0.072 0.004 0.227 0.971
15.507 -455.583 -72.397 -0.072 0.004 0.228 0.971
15.459 -455.487 -72.412 -0.072 0.004 0.228 0.971
15.433 -455.435 -72.420 -0.072 0.004 0.229 0.971
15.383 -455.336 -72.436 -0.073 0.004 0.229 0.971
15.320 -455.211 -72.456 -0.073 0.004 0.230 0.970
15.266 -455.105 -72.472 -0.073 0.004 0.230 0.970
15.215 -455.003 -72.489 -0.073 0.004 0.231 0.970
15.164 -454.903 -72.504 -0.073 0.004 0.232 0.970
15.126 -454.829 -72.516 -0.073 0.004 0.232 0.970
15.084 -454.747 -72.529 -0.073 0.004 0.233 0.970
15.025 -454.632 -72.547 -0.073 0.004 0.233 0.970
14.973 -454.531 -72.563 -0.073 0.004 0.234 0.970
14.933 -454.454 -72.575 -0.073 0.004 0.234 0.969
14.885 -454.361 -72.590 -0.073 0.005 0.235 0.969
14.847 -454.290 -72.601 -0.073 0.005 0.236 0.969
14.788 -454.176 -72.619 -0.073 0.005 0.237 0.969
14.730 -454.064 -72.637 -0.073 0.005 0.237 0.969
14.681 -453.972 -72.652 -0.073 0.005 0.238 0.969
14.631 -453.877 -72.667 -0.073 0.005 0.238 0.968
14.577 -453.775 -72.683 -0.073 0.005 0.239 0.968
14.528 -453.682 -72.697 -0.073 0.005 0.240 0.968
14.483 -453.598 -72.711 -0.072 0.005 0.240 0.968
14.423 -453.485 -72.729 -0.072 0.005 0.240 0.968
14.374 -453.393 -72.743 -0.072 0.005 0.241 0.968
14.320 -453.293 -72.759 -0.073 0.005 0.242 0.968
14.281 -453.220 -72.771 -0.072 0.005 0.242 0.967
14.244 -453.152 -72.781 -0.072 0.005 0.243 0.967
