24.700 -458.386 -70.112 -0.001 0.000 0.002 1.000
24.699 -458.309 -70.112 -0.002 0.000 0.003 1.000
24.698 -458.196 -70.113 -0.002 0.000 0.005 1.000
24.697 -458.072 -70.113 -0.003 0.000 0.008 1.000
24.694 -457.927 -70.114 -0.004 0.000 0.011 1.000
24.692 -457.823 -70.115 -0.004 0.000 0.012 1.000
24.689 -457.714 -70.116 -0.005 0.000 0.014 1.000
24.685 -457.596 -70.117 -0.006 0.000 0.017 1.000
24.682 -457.506 -70.118 -0.007 0.000 0.018 1.000
24.678 -457.414 -70.120 -0.007 0.000 0.020 1.000
24.675 -457.331 -70.121 -0.008 0.000 0.021 1.000
24.672 -457.266 -70.122 -0.008 0.000 0.023 1.000
24.668 -457.172 -70.124 -0.009 0.000 0.024 1.000
24.662 -457.066 -70.126 -0.010 0.000 0.026 1.000
24.657 -456.964 -70.128 -0.010 0.000 0.028 1.000
24.652 -456.883 -70.129 -0.011 0.000 0.029 1.000
24.646 -456.785 -70.132 -0.011 0.000 0.031 0.999
24.641 -456.697 -70.134 -0.012 0.000 0.032 0.999
24.634 -456.593 -70.136 -0.013 0.000 0.034 0.999
24.627 -456.500 -70.139 -0.014 0.000 0.036 0.999
24.620 -456.398 -70.142 -0.015 0.000 0.038 0.999
24.611 -456.282 -70.145 -0.016 0.000 0.040 0.999
24.604 -456.204 -70.148 -0.016 0.000 0.041 0.999
24.593 -456.075 -70.152 -0.017 0.000 0.043 0.999
24.581 -455.942 -70.157 -0.018 0.000 0.046 0.999
24.572 -455.837 -70.161 -0.019 0.000 0.048 0.999
24.561 -455.724 -70.165 -0.019 0.000 0.050 0.999
24.557 -455.684 -70.167 -0.020 0.000 0.050 0.999
24.545 -455.568 -70.171 -0.020 0.000 0.052 0.998
24.532 -455.449 -70.176 -0.021 0.000 0.054 0.998
24.519 -455.338 -70.181 -0.022 0.000 0.056 0.998
24.505 -455.215 -70.187 -0.024 0.000 0.059 0.998
24.495 -455.131 -70.191 -0.024 0.000 0.060 0.998
24.481 -455.017 -70.197 -0.026 0.000 0.062 0.998
24.462 -454.869 -70.204 -0.026 0.000 0.065 0.998
24.447 -454.758 -70.210 -0.027 0.000 0.067 0.997
24.437 -454.684 -70.214 -0.028 0.000 0.069 0.997
24.424 -454.590 -70.220 -0.029 0.000 0.070 0.997
24.404 -454.450 -70.228 -0.030 0.000 0.073 0.997
24.384 -454.321 -70.236 -0.031 0.000 0.075 0.997
24.368 -454.217 -70.243 -0.032 0.000 0.077 0.997
24.349 -454.094 -70.251 -0.032 0.000 0.079 0.996
24.332 -453.993 -70.257 -0.033 0.000 0.081 0.996
24.319 -453.914 -70.263 -0.034 0.000 0.083 0.996
24.303 -453.818 -70.270 -0.035 0.000 0.085 0.996
24.284 -453.712 -70.277 -0.035 0.000 0.087 0.996
24.267 -453.615 -70.284 -0.036 0.000 0.088 0.995
24.245 -453.490 -70.293 -0.037 0.000 0.091 0.995
24.223 -453.371 -70.302 -0.038 0.000 0.092 0.995
24.209 -453.297 -70.308 -0.038 0.000 0.094 0.995
24.192 -453.212 -70.314 -0.039 0.000 0.095 0.995
24.173 -453.112 -70.322 -0.040 0.000 0.097 0.994
24.156 -453.029 -70.329 -0.040 0.000 0.099 0.994
24.138 -452.940 -70.336 -0.041 0.000 0.100 0.994
24.125 -452.876 -70.342 -0.042 0.000 0.102 0.994
24.100 -452.758 -70.352 -0.043 0.000 0.104 0.994
24.073 -452.632 -70.363 -0.044 0.000 0.106 0.993
24.052 -452.533 -70.372 -0.045 0.000 0.108 0.993
24.020 -452.392 -70.385 -0.046 0.000 0.111 0.993
23.999 -452.300 -70.394 -0.047 0.000 0.112 0.993
23.977 -452.206 -70.403 -0.047 0.000 0.114 0.992
23.952 -452.096 -70.413 -0.048 0.000 0.116 0.992
23.923 -451.976 -70.426 -0.049 0.000 0.118 0.992
23.898 -451.875 -70.436 -0.050 0.000 0.120 0.992
23.873 -451.771 -70.447 -0.051 0.000 0.122 0.991
23.843 -451.654 -70.459 -0.051 0.000 0.124 0.991
23.821 -451.567 -70.468 -0.052 0.000 0.126 0.991
23.796 -451.472 -70.479 -0.053 0.000 0.127 0.990
23.772 -451.380 -70.489 -0.054 0.000 0.129 0.990
23.752 -451.306 -70.497 -0.054 0.000 0.130 0.990
23.726 -451.210 -70.508 -0.055 0.000 0.131 0.990
23.690 -451.076 -70.523 -0.056 0.000 0.133 0.989
23.663 -450.981 -70.534 -0.057 0.000 0.135 0.989
23.639 -450.895 -70.545 -0.058 0.000 0.137 0.989
23.613 -450.805 -70.555 -0.058 0.000 0.139 0.989
23.581 -450.694 -70.569 -0.059 0.000 0.141 0.988
23.552 -450.595 -70.581 -0.060 0.000 0.143 0.988
23.529 -450.517 -70.591 -0.060 0.000 0.144 0.988
23.491 -450.391 -70.607 -0.061 0.000 0.146 0.987
23.458 -450.284 -70.620 -0.062 0.000 0.148 0.987
23.427 -450.182 -70.633 -0.062 0.000 0.150 0.987
23.398 -450.090 -70.645 -0.063 0.000 0.152 0.986
23.365 -449.987 -70.659 -0.063 0.000 0.154 0.986
23.327 -449.871 -70.674 -0.064 0.000 0.156 0.986
23.298 -449.781 -70.686 -0.065 0.000 0.158 0.985
23.266 -449.684 -70.700 -0.066 0.000 0.159 0.985
23.232 -449.584 -70.714 -0.067 0.000 0.161 0.985
23.186 -449.449 -70.733 -0.068 0.000 0.164 0.984
23.153 -449.356 -70.746 -0.068 0.000 0.166 0.984
23.109 -449.230 -70.764 -0.069 0.000 0.168 0.983
23.076 -449.137 -70.778 -0.069 0.000 0.170 0.983
23.047 -449.055 -70.790 -0.070 0.000 0.171 0.983
23.013 -448.962 -70.803 -0.070 0.000 0.173 0.982
22.986 -448.889 -70.814 -0.071 0.000 0.174 0.982
22.955 -448.806 -70.827 -0.072 0.000 0.176 0.982
22.927 -448.729 -70.839 -0.072 0.000 0.177 0.981
22.881 -448.608 -70.857 -0.073 0.000 0.180 0.981
22.827 -448.469 -70.879 -0.074 0.000 0.183 0.980
22.792 -448.378 -70.893 -0.075 0.000 0.184 0.980
22.751 -448.274 -70.910 -0.076 0.000 0.186 0.980
22.713 -448.179 -70.925 -0.076 0.000 0.188 0.979
22.675 -448.086 -70.941 -0.077 0.000 0.189 0.979
22.625 -447.963 -70.961 -0.078 0.000 0.191 0.978
22.582 -447.858 -70.979 -0.078 0.000 0.193 0.978
22.538 -447.752 -70.996 -0.079 0.000 0.195 0.978
22.506 -447.675 -71.009 -0.079 0.000 0.196 0.977
22.469 -447.589 -71.024 -0.080 0.000 0.198 0.977
22.421 -447.476 -71.043 -0.080 0.000 0.200 0.977
22.400 -447.427 -71.052 -0.080 0.000 0.200 0.976
22.364 -447.344 -71.066 -0.080 0.000 0.201 0.976
22.311 -447.222 -71.087 -0.081 0.000 0.203 0.976
22.264 -447.116 -71.106 -0.082 0.000 0.205 0.975
22.225 -447.030 -71.121 -0.083 0.000 0.207 0.975
22.189 -446.950 -71.136 -0.083 0.000 0.208 0.975
22.151 -446.864 -71.151 -0.084 0.000 0.210 0.974
22.117 -446.791 -71.164 -0.084 0.000 0.211 0.974
22.062 -446.671 -71.187 -0.085 0.000 0.213 0.973
22.006 -446.551 -71.209 -0.086 0.000 0.215 0.973
21.931 -446.393 -71.239 -0.087 0.000 0.218 0.972
21.899 -446.327 -71.251 -0.087 0.000 0.219 0.972
21.860 -446.244 -71.267 -0.088 0.000 0.220 0.971
21.814 -446.149 -71.285 -0.089 0.000 0.222 0.971
21.769 -446.058 -71.303 -0.090 0.000 0.224 0.971
21.722 -445.963 -71.322 -0.090 0.000 0.226 0.970
21.663 -445.844 -71.346 -0.091 0.000 0.228 0.969
21.599 -445.718 -71.371 -0.092 0.000 0.230 0.969
21.552 -445.626 -71.390 -0.093 0.000 0.232 0.968
21.505 -445.536 -71.409 -0.094 0.000 0.234 0.968
21.456 -445.441 -71.429 -0.094 0.000 0.235 0.967
21.411 -445.356 -71.447 -0.095 0.000 0.236 0.967
21.365 -445.267 -71.465 -0.096 0.000 0.238 0.966
21.312 -445.168 -71.487 -0.096 0.000 0.240 0.966
21.258 -445.069 -71.508 -0.097 0.000 0.242 0.965
21.220 -444.999 -71.523 -0.098 0.000 0.243 0.965
21.154 -444.879 -71.550 -0.099 0.000 0.245 0.964
21.118 -444.814 -71.564 -0.099 0.000 0.246 0.964
21.071 -444.728 -71.583 -0.100 0.000 0.247 0.964
21.013 -444.625 -71.606 -0.100 0.000 0.248 0.963
20.945 -444.503 -71.634 -0.101 0.000 0.250 0.963
20.898 -444.420 -71.653 -0.102 0.000 0.252 0.962
20.861 -444.354 -71.668 -0.102 0.000 0.253 0.962
20.804 -444.256 -71.691 -0.103 0.000 0.255 0.962
20.774 -444.205 -71.703 -0.103 0.000 0.256 0.961
20.704 -444.083 -71.731 -0.103 0.000 0.257 0.961
20.639 -443.972 -71.757 -0.104 0.000 0.258 0.961
20.600 -443.905 -71.773 -0.104 0.000 0.259 0.960
20.555 -443.829 -71.791 -0.104 0.000 0.260 0.960
20.509 -443.752 -71.809 -0.105 0.000 0.261 0.960
20.464 -443.677 -71.827 -0.105 0.000 0.262 0.959
20.432 -443.624 -71.840 -0.105 0.000 0.263 0.959
20.394 -443.560 -71.855 -0.105 0.000 0.264 0.959
20.365 -443.512 -71.867 -0.106 0.000 0.264 0.959
20.317 -443.432 -71.886 -0.106 0.000 0.265 0.958
20.259 -443.338 -71.909 -0.106 0.000 0.266 0.958
20.198 -443.238 -71.933 -0.107 0.000 0.268 0.958
20.148 -443.156 -71.953 -0.107 0.001 0.269 0.957
20.090 -443.063 -71.976 -0.107 0.001 0.270 0.957
20.053 -443.004 -71.991 -0.107 0.001 0.271 0.957
19.992 -442.906 -72.015 -0.108 0.001 0.272 0.956
19.938 -442.820 -72.037 -0.108 0.001 0.273 0.956
19.895 -442.754 -72.053 -0.108 0.001 0.274 0.956
19.822 -442.638 -72.082 -0.108 0.001 0.275 0.955
19.775 -442.565 -72.100 -0.109 0.001 0.276 0.955
19.713 -442.468 -72.125 -0.109 0.001 0.278 0.954
19.644 -442.362 -72.152 -0.109 0.001 0.279 0.954
19.599 -442.293 -72.169 -0.110 0.001 0.280 0.954
19.553 -442.222 -72.187 -0.110 0.001 0.281 0.954
19.506 -442.150 -72.206 -0.110 0.001 0.282 0.953
19.455 -442.073 -72.225 -0.110 0.001 0.283 0.953
19.414 -442.012 -72.241 -0.110 0.001 0.284 0.952
19.330 -441.885 -72.274 -0.111 0.001 0.285 0.952
19.270 -441.795 -72.297 -0.111 0.001 0.286 0.952
19.193 -441.681 -72.327 -0.111 0.001 0.287 0.951
19.138 -441.600 -72.348 -0.111 0.002 0.288 0.951
19.088 -441.527 -72.367 -0.112 0.001 0.289 0.951
19.035 -441.449 -72.387 -0.112 0.002 0.290 0.950
18.983 -441.373 -72.407 -0.112 0.002 0.291 0.950
18.943 -441.315 -72.422 -0.112 0.002 0.292 0.950
18.905 -441.260 -72.437 -0.112 0.002 0.293 0.950
18.866 -441.203 -72.452 -0.113 0.002 0.293 0.949
18.824 -441.142 -72.468 -0.113 0.002 0.294 0.949
18.756 -441.045 -72.494 -0.113 0.002 0.296 0.949
18.721 -440.997 -72.507 -0.114 0.002 0.296 0.948
18.644 -440.886 -72.537 -0.114 0.002 0.298 0.948
18.587 -440.807 -72.558 -0.115 0.002 0.299 0.947
18.523 -440.718 -72.583 -0.115 0.002 0.300 0.947
18.472 -440.646 -72.602 -0.116 0.002 0.301 0.946
18.418 -440.572 -72.623 -0.116 0.002 0.302 0.946
18.345 -440.472 -72.651 -0.116 0.002 0.304 0.945
18.288 -440.394 -72.672 -0.117 0.002 0.305 0.945
18.231 -440.317 -72.694 -0.117 0.002 0.307 0.945
18.143 -440.197 -72.728 -0.118 0.002 0.308 0.944
18.063 -440.091 -72.758 -0.118 0.002 0.310 0.943
18.009 -440.019 -72.778 -0.118 0.002 0.312 0.943
17.950 -439.942 -72.800 -0.119 0.002 0.313 0.942
17.877 -439.846 -72.828 -0.119 0.002 0.315 0.942
17.822 -439.774 -72.849 -0.120 0.002 0.315 0.941
17.773 -439.711 -72.867 -0.120 0.002 0.316 0.941
17.727 -439.651 -72.885 -0.120 0.002 0.317 0.941
17.663 -439.569 -72.908 -0.120 0.002 0.318 0.941
17.598 -439.485 -72.933 -0.120 0.002 0.318 0.940
17.534 -439.404 -72.957 -0.120 0.002 0.320 0.940
17.468 -439.320 -72.981 -0.120 0.003 0.321 0.940
17.396 -439.229 -73.008 -0.121 0.003 0.321 0.939
17.360 -439.183 -73.022 -0.121 0.003 0.322 0.939
17.282 -439.085 -73.051 -0.121 0.003 0.323 0.939
17.230 -439.019 -73.070 -0.121 0.003 0.324 0.938
17.161 -438.932 -73.096 -0.121 0.003 0.324 0.938
17.092 -438.847 -73.121 -0.122 0.003 0.325 0.938
17.013 -438.749 -73.151 -0.122 0.003 0.326 0.937
16.912 -438.625 -73.188 -0.122 0.003 0.328 0.937
16.854 -438.553 -73.209 -0.122 0.003 0.328 0.937
16.816 -438.506 -73.223 -0.122 0.003 0.329 0.937
16.715 -438.383 -73.260 -0.122 0.003 0.329 0.936
16.631 -438.280 -73.291 -0.122 0.003 0.330 0.936
16.565 -438.200 -73.315 -0.122 0.003 0.330 0.936
16.477 -438.094 -73.347 -0.122 0.003 0.331 0.936
16.395 -437.995 -73.377 -0.122 0.003 0.332 0.935
16.352 -437.942 -73.393 -0.123 0.003 0.333 0.935
16.285 -437.862 -73.417 -0.123 0.003 0.333 0.935
16.233 -437.801 -73.436 -0.123 0.003 0.334 0.935
16.186 -437.744 -73.454 -0.123 0.003 0.334 0.934
16.107 -437.651 -73.482 -0.123 0.003 0.335 0.934
16.027 -437.555 -73.512 -0.124 0.003 0.336 0.934
15.943 -437.456 -73.542 -0.124 0.003 0.337 0.933
15.893 -437.397 -73.560 -0.124 0.003 0.338 0.933
15.839 -437.334 -73.580 -0.124 0.004 0.339 0.933
15.773 -437.256 -73.604 -0.124 0.004 0.339 0.933
15.711 -437.184 -73.626 -0.124 0.004 0.340 0.932
15.662 -437.127 -73.644 -0.124 0.004 0.340 0.932
15.587 -437.040 -73.671 -0.124 0.004 0.341 0.932
15.525 -436.969 -73.693 -0.124 0.004 0.342 0.932
15.459 -436.893 -73.717 -0.124 0.004 0.342 0.931
15.400 -436.825 -73.738 -0.124 0.004 0.343 0.931
15.337 -436.753 -73.760 -0.124 0.004 0.344 0.931
15.273 -436.680 -73.783 -0.124 0.004 0.345 0.931
15.220 -436.620 -73.802 -0.124 0.004 0.345 0.930
15.163 -436.556 -73.822 -0.124 0.005 0.346 0.930
15.113 -436.499 -73.840 -0.124 0.005 0.346 0.930
15.040 -436.417 -73.865 -0.124 0.005 0.346 0.930
14.971 -436.338 -73.890 -0.124 0.005 0.347 0.930
14.902 -436.262 -73.914 -0.124 0.005 0.348 0.929
14.838 -436.189 -73.937 -0.124 0.005 0.348 0.929
14.755 -436.097 -73.966 -0.124 0.005 0.349 0.929
14.673 -436.005 -73.994 -0.124 0.005 0.350 0.929
