24.700 -458.424 -70.112 -0.001 0.000 0.001 1.000
24.700 -458.343 -70.112 -0.001 0.000 0.003 1.000
24.698 -458.218 -70.112 -0.002 0.000 0.005 1.000
24.697 -458.130 -70.113 -0.003 0.000 0.007 1.000
24.696 -458.067 -70.113 -0.004 0.000 0.008 1.000
24.695 -457.976 -70.114 -0.004 0.000 0.009 1.000
24.692 -457.863 -70.115 -0.005 0.000 0.011 1.000
24.689 -457.739 -70.116 -0.006 0.000 0.013 1.000
24.687 -457.647 -70.117 -0.006 0.000 0.015 1.000
24.683 -457.536 -70.119 -0.007 0.000 0.017 1.000
24.679 -457.422 -70.120 -0.008 0.000 0.019 1.000
24.675 -457.323 -70.122 -0.009 0.000 0.021 1.000
24.670 -457.213 -70.124 -0.009 0.000 0.023 1.000
24.667 -457.137 -70.125 -0.010 0.000 0.024 1.000
24.660 -457.006 -70.128 -0.011 0.000 0.026 1.000
24.653 -456.884 -70.131 -0.012 0.000 0.028 1.000
24.648 -456.795 -70.133 -0.012 0.000 0.030 0.999
24.642 -456.702 -70.135 -0.013 0.000 0.032 0.999
24.637 -456.619 -70.137 -0.013 0.000 0.033 0.999
24.628 -456.484 -70.141 -0.015 0.000 0.035 0.999
24.623 -456.411 -70.143 -0.015 0.000 0.036 0.999
24.615 -456.309 -70.147 -0.016 0.000 0.038 0.999
24.610 -456.241 -70.149 -0.016 0.000 0.039 0.999
24.600 -456.121 -70.153 -0.017 0.000 0.041 0.999
24.596 -456.070 -70.155 -0.018 0.000 0.042 0.999
24.589 -455.995 -70.158 -0.018 0.000 0.044 0.999
24.578 -455.871 -70.162 -0.019 0.000 0.046 0.999
24.565 -455.735 -70.168 -0.020 0.000 0.049 0.999
24.556 -455.639 -70.172 -0.021 0.000 0.050 0.999
24.543 -455.514 -70.177 -0.022 0.000 0.052 0.998
24.528 -455.381 -70.183 -0.023 0.000 0.055 0.998
24.516 -455.268 -70.188 -0.024 0.000 0.057 0.998
24.502 -455.153 -70.194 -0.025 0.000 0.059 0.998
24.492 -455.069 -70.198 -0.026 0.000 0.061 0.998
24.479 -454.962 -70.204 -0.026 0.000 0.063 0.998
24.467 -454.867 -70.209 -0.027 0.000 0.064 0.998
24.455 -454.782 -70.213 -0.027 0.000 0.066 0.997
24.440 -454.666 -70.220 -0.028 0.000 0.068 0.997
24.427 -454.578 -70.225 -0.029 0.000 0.070 0.997
24.410 -454.455 -70.232 -0.030 0.000 0.072 0.997
24.388 -454.310 -70.241 -0.031 0.000 0.075 0.997
24.365 -454.157 -70.251 -0.032 0.000 0.077 0.996
24.352 -454.075 -70.257 -0.033 0.000 0.079 0.996
24.332 -453.953 -70.265 -0.033 0.000 0.081 0.996
24.302 -453.770 -70.277 -0.035 0.000 0.084 0.996
24.278 -453.634 -70.287 -0.036 0.000 0.087 0.996
24.264 -453.554 -70.293 -0.036 0.000 0.089 0.995
24.245 -453.452 -70.300 -0.037 0.000 0.090 0.995
24.228 -453.360 -70.307 -0.038 0.000 0.092 0.995
24.205 -453.238 -70.317 -0.039 0.000 0.094 0.995
24.188 -453.148 -70.324 -0.039 0.000 0.096 0.995
24.161 -453.015 -70.335 -0.040 0.000 0.098 0.994
24.140 -452.911 -70.343 -0.041 0.000 0.100 0.994
24.119 -452.808 -70.352 -0.042 0.000 0.102 0.994
24.089 -452.663 -70.364 -0.043 0.000 0.104 0.994
24.071 -452.579 -70.372 -0.044 0.000 0.106 0.993
24.055 -452.506 -70.378 -0.044 0.000 0.107 0.993
24.032 -452.400 -70.388 -0.045 0.000 0.109 0.993
24.013 -452.319 -70.396 -0.046 0.000 0.111 0.993
23.988 -452.207 -70.406 -0.047 0.000 0.112 0.993
23.958 -452.079 -70.419 -0.049 0.000 0.114 0.992
23.941 -452.006 -70.426 -0.049 0.000 0.116 0.992
23.912 -451.886 -70.438 -0.050 0.000 0.118 0.992
23.893 -451.810 -70.446 -0.051 0.000 0.119 0.992
23.870 -451.714 -70.456 -0.051 0.000 0.121 0.991
23.846 -451.619 -70.466 -0.052 0.000 0.123 0.991
23.830 -451.557 -70.473 -0.052 0.000 0.124 0.991
23.805 -451.459 -70.484 -0.053 0.000 0.126 0.991
23.784 -451.378 -70.493 -0.054 0.000 0.127 0.990
23.771 -451.329 -70.498 -0.054 0.000 0.128 0.990
23.739 -451.205 -70.512 -0.055 0.000 0.130 0.990
23.717 -451.125 -70.521 -0.056 0.000 0.131 0.990
23.676 -450.977 -70.538 -0.056 0.000 0.134 0.989
23.652 -450.889 -70.548 -0.057 0.000 0.135 0.989
23.621 -450.779 -70.561 -0.058 0.000 0.137 0.989
23.588 -450.665 -70.575 -0.058 0.000 0.139 0.989
23.548 -450.525 -70.592 -0.059 0.000 0.142 0.988
23.511 -450.401 -70.608 -0.060 0.000 0.144 0.988
23.476 -450.286 -70.622 -0.061 0.000 0.147 0.987
23.440 -450.169 -70.637 -0.062 0.000 0.149 0.987
23.405 -450.056 -70.652 -0.063 0.000 0.151 0.987
23.368 -449.940 -70.667 -0.063 0.000 0.153 0.986
23.347 -449.874 -70.676 -0.064 0.000 0.154 0.986
23.312 -449.765 -70.690 -0.065 0.000 0.156 0.986
23.276 -449.655 -70.705 -0.066 0.000 0.158 0.985
23.255 -449.594 -70.714 -0.066 0.000 0.159 0.985
23.232 -449.525 -70.723 -0.067 0.000 0.160 0.985
23.196 -449.418 -70.738 -0.067 0.000 0.162 0.985
23.163 -449.319 -70.752 -0.068 0.000 0.163 0.984
23.120 -449.195 -70.770 -0.068 0.000 0.165 0.984
23.095 -449.124 -70.780 -0.069 0.000 0.166 0.984
23.057 -449.014 -70.796 -0.070 0.000 0.168 0.983
23.014 -448.897 -70.814 -0.071 0.000 0.170 0.983
22.989 -448.827 -70.824 -0.071 0.000 0.172 0.983
22.935 -448.679 -70.846 -0.072 0.000 0.174 0.982
22.901 -448.586 -70.861 -0.073 0.000 0.176 0.982
22.876 -448.521 -70.871 -0.073 0.000 0.177 0.981
22.850 -448.451 -70.882 -0.074 0.000 0.178 0.981
22.802 -448.325 -70.901 -0.075 0.000 0.181 0.981
22.756 -448.204 -70.921 -0.076 0.000 0.183 0.980
22.710 -448.087 -70.940 -0.076 0.000 0.185 0.980
22.667 -447.979 -70.957 -0.077 0.000 0.187 0.979
22.637 -447.904 -70.970 -0.078 0.000 0.188 0.979
22.595 -447.799 -70.987 -0.079 0.000 0.190 0.979
22.564 -447.723 -71.000 -0.079 0.000 0.191 0.978
22.522 -447.621 -71.017 -0.080 0.000 0.193 0.978
22.489 -447.541 -71.031 -0.080 0.000 0.194 0.978
22.448 -447.443 -71.048 -0.081 0.000 0.196 0.977
22.401 -447.332 -71.067 -0.082 0.000 0.198 0.977
22.359 -447.235 -71.085 -0.083 0.000 0.199 0.976
22.320 -447.144 -71.101 -0.083 0.000 0.201 0.976
22.273 -447.035 -71.121 -0.084 0.000 0.202 0.976
22.232 -446.943 -71.137 -0.085 0.000 0.204 0.975
22.204 -446.880 -71.149 -0.085 0.000 0.205 0.975
22.175 -446.813 -71.161 -0.086 0.000 0.206 0.975
22.129 -446.711 -71.180 -0.087 0.000 0.208 0.974
22.078 -446.598 -71.202 -0.087 0.000 0.210 0.974
22.046 -446.529 -71.215 -0.088 0.000 0.211 0.974
21.994 -446.416 -71.237 -0.089 0.000 0.213 0.973
21.949 -446.319 -71.256 -0.090 0.000 0.215 0.972
21.899 -446.214 -71.276 -0.091 0.000 0.217 0.972
21.875 -446.163 -71.287 -0.091 0.000 0.218 0.972
21.822 -446.053 -71.309 -0.092 0.000 0.220 0.971
21.792 -445.991 -71.321 -0.092 0.000 0.221 0.971
21.760 -445.924 -71.335 -0.093 0.000 0.222 0.971
21.731 -445.865 -71.347 -0.093 0.000 0.223 0.970
21.698 -445.799 -71.361 -0.094 0.000 0.224 0.970
21.643 -445.688 -71.384 -0.095 0.000 0.226 0.969
21.588 -445.579 -71.407 -0.096 0.000 0.228 0.969
21.547 -445.497 -71.424 -0.096 0.000 0.229 0.969
21.497 -445.399 -71.445 -0.097 0.000 0.231 0.968
21.454 -445.316 -71.463 -0.098 0.000 0.232 0.968
21.398 -445.205 -71.487 -0.099 0.000 0.234 0.967
21.352 -445.118 -71.506 -0.099 0.000 0.235 0.967
21.304 -445.027 -71.527 -0.100 0.000 0.237 0.966
21.260 -444.943 -71.546 -0.101 0.000 0.238 0.966
21.207 -444.845 -71.568 -0.101 0.000 0.240 0.965
21.168 -444.773 -71.584 -0.102 0.000 0.241 0.965
21.140 -444.720 -71.596 -0.103 0.000 0.242 0.965
21.070 -444.592 -71.626 -0.103 0.000 0.244 0.964
21.002 -444.468 -71.654 -0.103 0.000 0.246 0.964
20.935 -444.348 -71.682 -0.104 0.000 0.248 0.963
20.881 -444.251 -71.705 -0.105 0.000 0.249 0.963
20.838 -444.175 -71.723 -0.105 0.000 0.250 0.963
20.772 -444.058 -71.751 -0.106 0.000 0.251 0.962
20.736 -443.995 -71.766 -0.106 0.000 0.252 0.962
20.669 -443.878 -71.794 -0.106 0.000 0.254 0.961
20.614 -443.782 -71.817 -0.107 0.000 0.255 0.961
20.564 -443.696 -71.838 -0.107 0.000 0.256 0.961
20.512 -443.607 -71.860 -0.108 0.000 0.257 0.960
20.477 -443.547 -71.875 -0.108 0.000 0.258 0.960
20.438 -443.480 -71.891 -0.108 0.000 0.259 0.960
20.396 -443.410 -71.908 -0.108 0.000 0.260 0.960
20.360 -443.348 -71.924 -0.108 0.000 0.261 0.959
20.300 -443.248 -71.949 -0.109 0.000 0.262 0.959
20.238 -443.144 -71.974 -0.109 0.000 0.263 0.959
20.193 -443.070 -71.993 -0.109 0.000 0.264 0.958
20.137 -442.978 -72.016 -0.110 0.000 0.265 0.958
20.102 -442.921 -72.030 -0.109 0.000 0.266 0.958
20.057 -442.848 -72.049 -0.110 0.000 0.267 0.957
20.016 -442.781 -72.066 -0.110 0.000 0.268 0.957
19.965 -442.698 -72.087 -0.111 0.000 0.269 0.957
19.899 -442.592 -72.114 -0.111 0.000 0.270 0.956
19.855 -442.521 -72.132 -0.111 0.000 0.271 0.956
19.785 -442.410 -72.161 -0.111 0.001 0.272 0.956
19.743 -442.342 -72.178 -0.112 0.001 0.273 0.956
19.679 -442.241 -72.204 -0.112 0.001 0.274 0.955
19.637 -442.175 -72.221 -0.112 0.001 0.275 0.955
19.577 -442.081 -72.246 -0.113 0.001 0.276 0.955
19.527 -442.004 -72.266 -0.113 0.001 0.276 0.954
19.473 -441.919 -72.289 -0.114 0.001 0.277 0.954
19.415 -441.830 -72.312 -0.114 0.001 0.279 0.954
19.361 -441.746 -72.334 -0.115 0.001 0.280 0.953
19.314 -441.675 -72.353 -0.115 0.001 0.281 0.953
19.244 -441.568 -72.382 -0.115 0.001 0.282 0.952
19.196 -441.497 -72.401 -0.116 0.001 0.283 0.952
19.152 -441.430 -72.419 -0.116 0.001 0.283 0.952
19.103 -441.357 -72.439 -0.116 0.001 0.285 0.952
19.025 -441.241 -72.471 -0.116 0.001 0.286 0.951
18.964 -441.149 -72.496 -0.117 0.001 0.288 0.951
18.907 -441.065 -72.519 -0.117 0.001 0.289 0.950
18.867 -441.008 -72.535 -0.117 0.001 0.290 0.950
18.816 -440.934 -72.555 -0.117 0.001 0.290 0.950
18.760 -440.851 -72.578 -0.118 0.001 0.292 0.949
18.711 -440.781 -72.598 -0.118 0.001 0.293 0.949
18.652 -440.697 -72.621 -0.118 0.001 0.294 0.948
18.596 -440.616 -72.644 -0.119 0.001 0.295 0.948
18.548 -440.548 -72.663 -0.119 0.001 0.296 0.948
18.499 -440.480 -72.683 -0.119 0.001 0.297 0.947
18.453 -440.414 -72.701 -0.120 0.001 0.298 0.947
18.415 -440.361 -72.716 -0.120 0.001 0.299 0.947
18.353 -440.274 -72.741 -0.120 0.001 0.300 0.946
18.292 -440.190 -72.765 -0.121 0.001 0.301 0.946
18.219 -440.089 -72.795 -0.121 0.001 0.303 0.945
18.143 -439.985 -72.825 -0.122 0.001 0.304 0.945
18.081 -439.900 -72.850 -0.123 0.001 0.305 0.944
18.029 -439.830 -72.870 -0.123 0.001 0.306 0.944
17.975 -439.757 -72.892 -0.123 0.001 0.308 0.943
17.917 -439.679 -72.915 -0.124 0.001 0.309 0.943
17.856 -439.598 -72.939 -0.124 0.001 0.310 0.943
17.785 -439.503 -72.968 -0.125 0.001 0.312 0.942
17.712 -439.408 -72.997 -0.125 0.001 0.313 0.942
17.664 -439.345 -73.016 -0.125 0.001 0.313 0.941
17.600 -439.261 -73.042 -0.126 0.002 0.315 0.941
17.530 -439.170 -73.069 -0.126 0.002 0.316 0.941
17.455 -439.074 -73.099 -0.126 0.002 0.316 0.940
17.369 -438.963 -73.133 -0.126 0.002 0.317 0.940
17.296 -438.869 -73.162 -0.126 0.002 0.318 0.940
17.227 -438.780 -73.189 -0.127 0.002 0.319 0.939
17.166 -438.704 -73.213 -0.127 0.002 0.320 0.939
17.103 -438.623 -73.238 -0.127 0.002 0.321 0.939
17.052 -438.559 -73.258 -0.127 0.002 0.321 0.938
16.995 -438.487 -73.281 -0.127 0.002 0.322 0.938
16.934 -438.410 -73.305 -0.127 0.002 0.323 0.938
16.862 -438.321 -73.333 -0.128 0.002 0.324 0.937
16.818 -438.266 -73.350 -0.128 0.002 0.325 0.937
16.738 -438.167 -73.381 -0.128 0.002 0.325 0.937
16.656 -438.066 -73.413 -0.127 0.002 0.327 0.936
16.595 -437.990 -73.437 -0.127 0.003 0.327 0.936
16.537 -437.919 -73.459 -0.128 0.003 0.328 0.936
16.474 -437.842 -73.483 -0.128 0.003 0.329 0.936
16.397 -437.749 -73.513 -0.128 0.003 0.330 0.935
16.341 -437.681 -73.534 -0.128 0.003 0.331 0.935
16.271 -437.597 -73.561 -0.128 0.003 0.331 0.935
16.190 -437.499 -73.592 -0.128 0.003 0.332 0.934
16.131 -437.428 -73.615 -0.128 0.003 0.333 0.934
16.059 -437.342 -73.642 -0.129 0.003 0.334 0.934
15.994 -437.265 -73.667 -0.128 0.003 0.334 0.934
15.907 -437.162 -73.700 -0.128 0.003 0.335 0.933
15.857 -437.102 -73.719 -0.128 0.004 0.336 0.933
15.808 -437.045 -73.737 -0.128 0.004 0.337 0.933
15.726 -436.948 -73.768 -0.128 0.004 0.337 0.933
15.661 -436.871 -73.793 -0.128 0.004 0.338 0.932
15.594 -436.794 -73.817 -0.128 0.004 0.338 0.932
15.497 -436.681 -73.854 -0.128 0.004 0.339 0.932
15.423 -436.595 -73.881 -0.128 0.004 0.340 0.932
15.365 -436.527 -73.903 -0.128 0.004 0.340 0.932
15.290 -436.441 -73.931 -0.128 0.004 0.341 0.931
15.206 -436.344 -73.962 -0.128 0.004 0.342 0.931
15.159 -436.290 -73.979 -0.127 0.005 0.342 0.931
15.090 -436.211 -74.004 -0.127 0.005 0.342 0.931
15.024 -436.135 -74.028 -0.128 0.005 0.343 0.931
14.941 -436.040 -74.059 -0.128 0.005 0.344 0.930
14.868 -435.957 -74.085 -0.128 0.005 0.344 0.930
14.798 -435.877 -74.111 -0.128 0.005 0.345 0.930
14.704 -435.771 -74.145 -0.128 0.005 0.346 0.929
14.644 -435.703 -74.167 -0.128 0.005 0.347 0.929
14.597 -435.651 -74.184 -0.128 0.005 0.347 0.929
