26.390 -423.594 -82.405 -0.025 0.000 0.050 0.998
26.374 -423.443 -82.413 -0.027 0.000 0.053 0.998
26.363 -423.340 -82.419 -0.027 0.000 0.054 0.998
26.352 -423.242 -82.424 -0.028 0.000 0.056 0.998
26.341 -423.141 -82.430 -0.028 0.000 0.058 0.998
26.332 -423.063 -82.434 -0.029 0.000 0.059 0.998
26.322 -422.983 -82.439 -0.029 0.000 0.060 0.998
26.311 -422.898 -82.444 -0.030 0.000 0.062 0.998
26.301 -422.815 -82.449 -0.031 0.000 0.063 0.998
26.290 -422.730 -82.454 -0.031 0.000 0.064 0.997
26.276 -422.623 -82.461 -0.032 0.000 0.066 0.997
26.260 -422.504 -82.469 -0.033 0.000 0.067 0.997
26.249 -422.421 -82.475 -0.033 0.000 0.069 0.997
26.229 -422.283 -82.484 -0.034 0.000 0.071 0.997
26.219 -422.214 -82.489 -0.035 0.000 0.072 0.997
26.205 -422.117 -82.496 -0.036 0.000 0.074 0.997
26.192 -422.031 -82.502 -0.036 0.000 0.075 0.997
26.179 -421.944 -82.508 -0.037 0.000 0.077 0.996
26.160 -421.823 -82.517 -0.038 0.000 0.078 0.996
26.141 -421.704 -82.526 -0.038 0.000 0.080 0.996
26.122 -421.590 -82.536 -0.039 0.000 0.082 0.996
26.100 -421.462 -82.546 -0.040 0.000 0.084 0.996
26.086 -421.379 -82.553 -0.040 0.000 0.086 0.996
26.069 -421.284 -82.560 -0.041 0.000 0.087 0.995
26.050 -421.175 -82.570 -0.041 0.000 0.089 0.995
26.023 -421.026 -82.582 -0.042 0.000 0.091 0.995
26.005 -420.934 -82.590 -0.043 0.000 0.093 0.995
25.983 -420.817 -82.600 -0.044 0.000 0.095 0.995
25.962 -420.711 -82.610 -0.044 0.000 0.097 0.994
25.942 -420.607 -82.619 -0.045 0.000 0.099 0.994
25.923 -420.514 -82.628 -0.046 0.000 0.100 0.994
25.907 -420.438 -82.635 -0.047 0.000 0.102 0.994
25.885 -420.334 -82.645 -0.048 0.000 0.103 0.993
25.864 -420.232 -82.655 -0.048 0.000 0.105 0.993
25.841 -420.128 -82.665 -0.049 0.000 0.107 0.993
25.809 -419.983 -82.680 -0.050 0.000 0.109 0.993
25.776 -419.837 -82.695 -0.051 0.000 0.112 0.992
25.752 -419.733 -82.706 -0.052 0.000 0.114 0.992
25.728 -419.632 -82.717 -0.053 0.000 0.115 0.992
25.709 -419.551 -82.726 -0.054 0.000 0.117 0.992
25.685 -419.450 -82.737 -0.054 0.000 0.118 0.991
25.663 -419.363 -82.747 -0.055 0.000 0.120 0.991
25.650 -419.308 -82.753 -0.055 0.000 0.121 0.991
25.623 -419.200 -82.765 -0.056 0.000 0.123 0.991
25.605 -419.130 -82.774 -0.056 0.000 0.124 0.991
25.584 -419.051 -82.783 -0.057 0.000 0.125 0.990
25.557 -418.944 -82.795 -0.058 0.000 0.127 0.990
25.536 -418.865 -82.805 -0.059 0.000 0.128 0.990
25.507 -418.757 -82.818 -0.060 0.000 0.130 0.990
25.479 -418.653 -82.831 -0.061 0.000 0.132 0.989
25.452 -418.557 -82.843 -0.061 0.000 0.134 0.989
25.429 -418.473 -82.854 -0.062 0.000 0.136 0.989
25.398 -418.364 -82.868 -0.063 0.000 0.138 0.989
25.369 -418.263 -82.881 -0.063 0.000 0.139 0.988
25.344 -418.176 -82.893 -0.064 0.000 0.141 0.988
25.303 -418.038 -82.911 -0.065 0.000 0.143 0.988
25.276 -417.947 -82.924 -0.065 0.000 0.145 0.987
25.235 -417.811 -82.942 -0.066 0.000 0.147 0.987
25.189 -417.665 -82.962 -0.067 0.000 0.150 0.986
25.152 -417.545 -82.979 -0.068 0.000 0.152 0.986
25.121 -417.449 -82.993 -0.069 0.000 0.153 0.986
25.084 -417.333 -83.010 -0.070 0.000 0.155 0.985
25.057 -417.250 -83.022 -0.071 0.000 0.157 0.985
25.022 -417.144 -83.038 -0.072 0.000 0.159 0.985
24.999 -417.076 -83.048 -0.072 0.000 0.160 0.984
24.970 -416.989 -83.061 -0.073 0.000 0.161 0.984
24.934 -416.884 -83.078 -0.074 0.000 0.163 0.984
24.897 -416.777 -83.094 -0.074 0.000 0.165 0.983
24.848 -416.637 -83.116 -0.075 0.000 0.168 0.983
24.813 -416.540 -83.132 -0.077 0.000 0.169 0.983
24.783 -416.454 -83.146 -0.077 0.000 0.171 0.982
24.747 -416.356 -83.162 -0.078 0.000 0.173 0.982
24.711 -416.257 -83.178 -0.079 0.000 0.174 0.982
24.670 -416.148 -83.197 -0.080 0.000 0.176 0.981
24.642 -416.074 -83.209 -0.080 0.000 0.178 0.981
24.600 -415.963 -83.228 -0.081 0.000 0.179 0.980
24.566 -415.875 -83.243 -0.081 0.000 0.181 0.980
24.540 -415.807 -83.255 -0.081 0.001 0.182 0.980
24.506 -415.719 -83.270 -0.082 0.001 0.183 0.980
24.474 -415.639 -83.284 -0.083 0.001 0.185 0.979
24.424 -415.514 -83.307 -0.083 0.001 0.187 0.979
24.393 -415.437 -83.320 -0.084 0.001 0.189 0.978
24.353 -415.339 -83.338 -0.084 0.001 0.190 0.978
24.304 -415.219 -83.360 -0.086 0.001 0.193 0.978
24.257 -415.105 -83.381 -0.087 0.001 0.195 0.977
24.203 -414.977 -83.405 -0.087 0.001 0.197 0.976
24.155 -414.865 -83.426 -0.088 0.001 0.199 0.976
24.120 -414.784 -83.441 -0.089 0.001 0.201 0.976
24.089 -414.711 -83.455 -0.089 0.001 0.202 0.975
24.048 -414.619 -83.473 -0.090 0.001 0.203 0.975
23.996 -414.502 -83.496 -0.090 0.001 0.206 0.974
23.961 -414.424 -83.511 -0.091 0.001 0.207 0.974
23.929 -414.354 -83.525 -0.092 0.001 0.209 0.974
23.898 -414.284 -83.539 -0.092 0.001 0.210 0.973
23.874 -414.233 -83.549 -0.092 0.001 0.211 0.973
23.845 -414.170 -83.562 -0.092 0.001 0.212 0.973
23.806 -414.085 -83.579 -0.093 0.001 0.214 0.972
23.770 -414.009 -83.595 -0.094 0.001 0.215 0.972
23.738 -413.940 -83.609 -0.095 0.001 0.217 0.972
23.699 -413.859 -83.626 -0.095 0.001 0.218 0.971
23.656 -413.769 -83.644 -0.096 0.001 0.220 0.971
23.624 -413.702 -83.659 -0.097 0.001 0.222 0.970
23.588 -413.630 -83.674 -0.098 0.001 0.223 0.970
23.536 -413.523 -83.697 -0.098 0.001 0.225 0.969
23.490 -413.432 -83.717 -0.099 0.001 0.227 0.969
23.455 -413.362 -83.732 -0.100 0.001 0.228 0.968
23.413 -413.280 -83.750 -0.100 0.001 0.230 0.968
23.353 -413.163 -83.777 -0.101 0.001 0.232 0.967
23.289 -413.040 -83.804 -0.102 0.001 0.235 0.967
23.243 -412.952 -83.824 -0.102 0.001 0.236 0.966
23.208 -412.885 -83.839 -0.103 0.001 0.238 0.966
23.166 -412.807 -83.857 -0.103 0.001 0.239 0.965
23.116 -412.714 -83.879 -0.104 0.001 0.241 0.965
23.068 -412.625 -83.900 -0.105 0.001 0.243 0.964
23.022 -412.541 -83.919 -0.106 0.001 0.244 0.964
22.957 -412.424 -83.947 -0.106 0.001 0.247 0.963
22.905 -412.332 -83.969 -0.107 0.001 0.249 0.963
22.851 -412.235 -83.993 -0.108 0.001 0.250 0.962
22.812 -412.166 -84.009 -0.108 0.001 0.252 0.962
22.774 -412.099 -84.025 -0.109 0.001 0.253 0.961
22.726 -412.016 -84.046 -0.110 0.001 0.255 0.961
22.666 -411.912 -84.072 -0.111 0.001 0.257 0.960
22.617 -411.829 -84.093 -0.111 0.001 0.259 0.960
22.569 -411.750 -84.113 -0.112 0.001 0.261 0.959
22.499 -411.633 -84.143 -0.113 0.001 0.263 0.958
22.450 -411.552 -84.164 -0.113 0.001 0.265 0.958
22.409 -411.485 -84.181 -0.114 0.001 0.266 0.957
22.353 -411.393 -84.205 -0.115 0.001 0.268 0.957
22.296 -411.302 -84.230 -0.116 0.001 0.270 0.956
22.235 -411.204 -84.256 -0.116 0.001 0.272 0.955
22.174 -411.108 -84.282 -0.117 0.001 0.274 0.955
22.141 -411.056 -84.296 -0.118 0.001 0.275 0.954
22.107 -411.003 -84.311 -0.118 0.001 0.276 0.954
22.035 -410.892 -84.341 -0.120 0.001 0.278 0.953
21.974 -410.798 -84.367 -0.120 0.001 0.280 0.953
21.919 -410.714 -84.391 -0.121 0.001 0.281 0.952
21.866 -410.635 -84.413 -0.122 0.001 0.283 0.951
21.814 -410.556 -84.436 -0.122 0.001 0.285 0.951
21.772 -410.494 -84.454 -0.123 0.001 0.286 0.950
21.731 -410.433 -84.472 -0.124 0.001 0.288 0.950
21.683 -410.363 -84.492 -0.124 0.001 0.289 0.949
21.654 -410.320 -84.505 -0.124 0.001 0.290 0.949
21.606 -410.252 -84.525 -0.125 0.001 0.291 0.949
21.538 -410.154 -84.554 -0.125 0.001 0.293 0.948
21.491 -410.086 -84.574 -0.126 0.001 0.295 0.947
21.424 -409.991 -84.603 -0.128 0.001 0.297 0.946
21.375 -409.923 -84.624 -0.128 0.001 0.298 0.946
21.314 -409.838 -84.650 -0.129 0.001 0.300 0.945
21.254 -409.755 -84.675 -0.130 0.001 0.302 0.944
21.203 -409.685 -84.697 -0.130 0.001 0.303 0.944
21.127 -409.582 -84.730 -0.131 0.001 0.305 0.943
21.071 -409.506 -84.754 -0.132 0.001 0.307 0.942
21.004 -409.416 -84.783 -0.133 0.001 0.309 0.942
20.958 -409.355 -84.802 -0.134 0.001 0.310 0.941
20.920 -409.306 -84.818 -0.134 0.001 0.311 0.941
20.831 -409.189 -84.857 -0.136 0.001 0.314 0.940
20.757 -409.095 -84.888 -0.136 0.001 0.316 0.939
20.685 -409.002 -84.919 -0.137 0.001 0.318 0.938
20.614 -408.913 -84.950 -0.138 0.001 0.320 0.937
20.568 -408.854 -84.970 -0.138 0.001 0.321 0.937
20.499 -408.768 -84.999 -0.139 0.001 0.323 0.936
20.430 -408.682 -85.029 -0.141 0.001 0.325 0.935
20.376 -408.616 -85.052 -0.141 0.001 0.326 0.935
20.304 -408.528 -85.084 -0.142 0.001 0.328 0.934
20.267 -408.483 -85.100 -0.142 0.001 0.329 0.933
20.201 -408.404 -85.128 -0.143 0.001 0.331 0.933
20.166 -408.362 -85.143 -0.144 0.001 0.332 0.932
20.099 -408.283 -85.172 -0.144 0.001 0.334 0.931
20.004 -408.172 -85.213 -0.145 0.001 0.337 0.930
19.956 -408.116 -85.233 -0.145 0.001 0.338 0.930
19.891 -408.040 -85.261 -0.146 0.001 0.339 0.929
19.841 -407.983 -85.283 -0.147 0.001 0.341 0.929
19.784 -407.918 -85.307 -0.147 0.001 0.342 0.928
19.718 -407.844 -85.335 -0.148 0.001 0.344 0.927
19.631 -407.746 -85.372 -0.148 0.001 0.346 0.926
19.586 -407.696 -85.392 -0.149 0.002 0.348 0.926
19.525 -407.629 -85.418 -0.149 0.002 0.349 0.925
19.459 -407.556 -85.446 -0.150 0.002 0.351 0.924
19.387 -407.478 -85.476 -0.150 0.002 0.352 0.924
19.315 -407.401 -85.507 -0.151 0.002 0.354 0.923
19.223 -407.302 -85.546 -0.152 0.002 0.357 0.922
19.185 -407.262 -85.562 -0.153 0.002 0.358 0.921
19.112 -407.185 -85.593 -0.154 0.002 0.360 0.920
19.058 -407.128 -85.616 -0.154 0.002 0.361 0.920
18.997 -407.065 -85.642 -0.155 0.002 0.363 0.919
18.907 -406.973 -85.681 -0.156 0.001 0.365 0.918
18.828 -406.893 -85.714 -0.157 0.002 0.367 0.917
18.732 -406.796 -85.755 -0.158 0.002 0.369 0.916
18.648 -406.712 -85.791 -0.158 0.002 0.371 0.915
18.594 -406.658 -85.814 -0.159 0.002 0.373 0.914
18.521 -406.587 -85.844 -0.159 0.002 0.374 0.914
18.436 -406.505 -85.880 -0.160 0.002 0.376 0.913
18.360 -406.431 -85.912 -0.160 0.002 0.378 0.912
18.280 -406.355 -85.946 -0.161 0.002 0.380 0.911
18.219 -406.297 -85.971 -0.162 0.002 0.382 0.910
18.177 -406.257 -85.989 -0.162 0.002 0.383 0.910
18.140 -406.222 -86.005 -0.162 0.002 0.383 0.909
18.071 -406.158 -86.034 -0.163 0.002 0.385 0.908
17.997 -406.090 -86.065 -0.163 0.002 0.387 0.908
17.901 -406.002 -86.105 -0.164 0.002 0.389 0.906
17.855 -405.960 -86.125 -0.165 0.002 0.390 0.906
17.788 -405.900 -86.152 -0.165 0.002 0.392 0.905
17.720 -405.839 -86.181 -0.166 0.002 0.394 0.904
17.651 -405.777 -86.210 -0.167 0.002 0.395 0.903
17.553 -405.691 -86.251 -0.168 0.002 0.397 0.902
17.474 -405.622 -86.284 -0.169 0.002 0.399 0.901
17.419 -405.575 -86.307 -0.170 0.002 0.400 0.901
17.323 -405.492 -86.348 -0.171 0.002 0.402 0.899
17.197 -405.386 -86.401 -0.172 0.002 0.405 0.898
17.100 -405.305 -86.442 -0.173 0.002 0.407 0.897
17.020 -405.239 -86.476 -0.173 0.002 0.409 0.896
16.968 -405.196 -86.498 -0.174 0.002 0.410 0.895
16.898 -405.139 -86.527 -0.175 0.002 0.412 0.894
16.797 -405.057 -86.570 -0.176 0.002 0.414 0.893
16.711 -404.989 -86.606 -0.177 0.002 0.416 0.892
16.658 -404.947 -86.628 -0.177 0.002 0.417 0.891
16.575 -404.882 -86.663 -0.178 0.002 0.419 0.890
16.491 -404.815 -86.699 -0.179 0.002 0.421 0.889
16.379 -404.729 -86.746 -0.180 0.002 0.423 0.888
16.296 -404.666 -86.781 -0.180 0.002 0.425 0.887
16.164 -404.567 -86.837 -0.181 0.002 0.428 0.885
16.064 -404.493 -86.879 -0.182 0.002 0.430 0.884
16.005 -404.450 -86.903 -0.183 0.002 0.431 0.883
15.910 -404.380 -86.943 -0.184 0.002 0.433 0.882
15.825 -404.318 -86.980 -0.185 0.002 0.435 0.881
15.732 -404.251 -87.019 -0.185 0.002 0.437 0.880
15.641 -404.187 -87.057 -0.186 0.002 0.439 0.879
15.569 -404.136 -87.087 -0.187 0.002 0.440 0.878
15.460 -404.060 -87.133 -0.188 0.002 0.442 0.877
15.376 -404.002 -87.169 -0.188 0.002 0.444 0.876
15.279 -403.936 -87.210 -0.190 0.002 0.446 0.875
15.200 -403.882 -87.243 -0.190 0.002 0.447 0.874
15.125 -403.832 -87.275 -0.191 0.002 0.449 0.873
15.050 -403.782 -87.307 -0.191 0.002 0.450 0.872
14.998 -403.748 -87.329 -0.192 0.002 0.451 0.872
14.934 -403.706 -87.356 -0.193 0.002 0.452 0.871
14.872 -403.666 -87.382 -0.193 0.002 0.453 0.870
14.785 -403.609 -87.419 -0.194 0.002 0.455 0.869
14.686 -403.546 -87.460 -0.195 0.002 0.457 0.868
14.571 -403.472 -87.510 -0.195 0.002 0.459 0.867
14.479 -403.415 -87.548 -0.197 0.001 0.461 0.866
14.383 -403.355 -87.589 -0.198 0.001 0.463 0.864
14.285 -403.295 -87.631 -0.198 0.001 0.464 0.863
14.206 -403.246 -87.665 -0.199 0.001 0.466 0.862
14.126 -403.198 -87.698 -0.199 0.001 0.467 0.862
14.046 -403.150 -87.732 -0.200 0.001 0.468 0.861
13.941 -403.088 -87.777 -0.200 0.002 0.470 0.860
13.863 -403.042 -87.810 -0.201 0.002 0.472 0.859
13.785 -402.996 -87.843 -0.201 0.002 0.473 0.858
13.707 -402.951 -87.876 -0.202 0.002 0.474 0.857
13.614 -402.898 -87.915 -0.202 0.002 0.476 0.856
13.508 -402.837 -87.960 -0.203 0.002 0.478 0.855
13.428 -402.792 -87.994 -0.203 0.002 0.479 0.854
13.325 -402.735 -88.038 -0.204 0.002 0.480 0.853
13.241 -402.689 -88.073 -0.205 0.002 0.482 0.852
13.142 -402.635 -88.115 -0.205 0.002 0.484 0.851
13.033 -402.576 -88.161 -0.207 0.002 0.486 0.849
12.941 -402.527 -88.199 -0.207 0.002 0.487 0.848
12.866 -402.487 -88.232 -0.208 0.002 0.489 0.847
12.773 -402.439 -88.271 -0.209 0.002 0.491 0.846
12.673 -402.387 -88.313 -0.210 0.002 0.492 0.845
12.577 -402.338 -88.354 -0.210 0.002 0.494 0.843
12.513 -402.305 -88.381 -0.211 0.002 0.495 0.843
12.438 -402.268 -88.413 -0.212 0.001 0.497 0.842
12.341 -402.220 -88.454 -0.212 0.001 0.498 0.841
12.265 -402.183 -88.486 -0.213 0.001 0.500 0.840
12.203 -402.153 -88.512 -0.214 0.001 0.501 0.839
12.134 -402.119 -88.542 -0.214 0.001 0.502 0.838
12.010 -402.061 -88.594 -0.215 0.001 0.504 0.837
11.906 -402.011 -88.638 -0.216 0.001 0.506 0.835
11.811 -401.967 -88.679 -0.217 0.001 0.507 0.834
11.713 -401.922 -88.720 -0.217 0.001 0.509 0.833
11.639 -401.888 -88.752 -0.218 0.001 0.510 0.832
11.564 -401.855 -88.784 -0.218 0.001 0.512 0.831
11.479 -401.817 -88.820 -0.219 0.001 0.513 0.830
11.405 -401.784 -88.852 -0.220 0.001 0.514 0.829
11.301 -401.739 -88.896 -0.221 0.001 0.516 0.828
11.197 -401.694 -88.940 -0.221 0.001 0.518 0.826
11.103 -401.655 -88.980 -0.222 0.001 0.520 0.825
11.010 -401.616 -89.019 -0.222 0.001 0.521 0.824
10.917 -401.578 -89.059 -0.223 0.001 0.523 0.823
10.852 -401.551 -89.087 -0.223 0.001 0.524 0.822
10.695 -401.487 -89.153 -0.225 0.001 0.526 0.820
10.611 -401.454 -89.189 -0.225 0.001 0.528 0.819
10.542 -401.428 -89.218 -0.226 0.001 0.529 0.818
10.481 -401.404 -89.244 -0.226 0.001 0.530 0.817
10.349 -401.353 -89.300 -0.227 0.001 0.532 0.816
10.291 -401.331 -89.325 -0.228 0.001 0.533 0.815
10.222 -401.305 -89.355 -0.228 0.001 0.534 0.814
10.178 -401.289 -89.373 -0.228 0.001 0.535 0.814
10.089 -401.256 -89.411 -0.229 0.001 0.536 0.813
10.002 -401.224 -89.448 -0.230 0.001 0.537 0.812
9.917 -401.194 -89.484 -0.230 0.001 0.539 0.811
9.855 -401.171 -89.511 -0.230 0.001 0.539 0.810
