26.390 -423.599 -82.405 -0.025 0.000 0.050 0.998
26.381 -423.509 -82.410 -0.026 0.000 0.051 0.998
26.366 -423.367 -82.417 -0.026 0.000 0.054 0.998
26.357 -423.291 -82.421 -0.027 0.000 0.055 0.998
26.348 -423.202 -82.426 -0.027 0.000 0.057 0.998
26.336 -423.104 -82.431 -0.028 0.000 0.058 0.998
26.322 -422.986 -82.438 -0.029 0.000 0.061 0.998
26.306 -422.854 -82.446 -0.029 0.000 0.063 0.998
26.293 -422.752 -82.452 -0.030 0.000 0.064 0.998
26.276 -422.627 -82.460 -0.030 0.000 0.066 0.997
26.264 -422.537 -82.465 -0.031 0.000 0.067 0.997
26.244 -422.393 -82.474 -0.032 0.000 0.070 0.997
26.223 -422.243 -82.484 -0.032 0.000 0.072 0.997
26.208 -422.142 -82.491 -0.033 0.000 0.074 0.997
26.192 -422.038 -82.498 -0.034 0.000 0.076 0.997
26.174 -421.919 -82.506 -0.035 0.000 0.078 0.996
26.156 -421.807 -82.514 -0.035 0.000 0.080 0.996
26.136 -421.682 -82.523 -0.036 0.000 0.081 0.996
26.124 -421.609 -82.528 -0.037 0.000 0.083 0.996
26.103 -421.487 -82.537 -0.037 0.000 0.085 0.996
26.087 -421.396 -82.544 -0.038 0.000 0.086 0.996
26.065 -421.273 -82.554 -0.039 0.000 0.088 0.995
26.050 -421.187 -82.561 -0.039 0.000 0.089 0.995
26.034 -421.097 -82.568 -0.040 0.000 0.091 0.995
26.011 -420.974 -82.578 -0.040 0.000 0.093 0.995
25.991 -420.874 -82.586 -0.041 0.000 0.095 0.995
25.971 -420.767 -82.595 -0.041 0.000 0.097 0.994
25.953 -420.678 -82.603 -0.042 0.000 0.098 0.994
25.926 -420.543 -82.614 -0.043 0.000 0.101 0.994
25.906 -420.450 -82.623 -0.044 0.000 0.102 0.994
25.885 -420.347 -82.632 -0.044 0.000 0.104 0.994
25.869 -420.273 -82.638 -0.045 0.000 0.105 0.993
25.847 -420.170 -82.648 -0.045 0.000 0.107 0.993
25.819 -420.044 -82.660 -0.046 0.000 0.109 0.993
25.791 -419.920 -82.672 -0.047 0.000 0.111 0.993
25.753 -419.758 -82.687 -0.048 0.000 0.114 0.992
25.735 -419.681 -82.695 -0.049 0.000 0.115 0.992
25.721 -419.620 -82.701 -0.049 0.000 0.116 0.992
25.690 -419.493 -82.714 -0.050 0.000 0.118 0.992
25.666 -419.393 -82.725 -0.051 0.000 0.120 0.991
25.634 -419.268 -82.738 -0.052 0.000 0.122 0.991
25.616 -419.196 -82.745 -0.052 0.000 0.123 0.991
25.597 -419.119 -82.754 -0.053 0.000 0.125 0.991
25.559 -418.975 -82.770 -0.054 0.000 0.127 0.990
25.537 -418.892 -82.779 -0.054 0.000 0.129 0.990
25.507 -418.777 -82.792 -0.055 0.000 0.131 0.990
25.480 -418.677 -82.803 -0.056 0.000 0.133 0.990
25.460 -418.605 -82.812 -0.057 0.000 0.134 0.989
25.431 -418.503 -82.824 -0.058 0.000 0.136 0.989
25.405 -418.412 -82.835 -0.058 0.000 0.138 0.989
25.375 -418.306 -82.848 -0.060 0.000 0.140 0.988
25.346 -418.207 -82.860 -0.061 0.000 0.141 0.988
25.326 -418.140 -82.869 -0.061 0.000 0.143 0.988
25.296 -418.039 -82.881 -0.062 0.000 0.144 0.988
25.271 -417.954 -82.892 -0.062 0.000 0.146 0.987
25.228 -417.814 -82.911 -0.064 0.000 0.149 0.987
25.200 -417.726 -82.922 -0.064 0.000 0.150 0.987
25.166 -417.618 -82.937 -0.066 0.000 0.152 0.986
25.135 -417.520 -82.950 -0.066 0.000 0.153 0.986
25.108 -417.434 -82.962 -0.067 0.000 0.154 0.986
25.075 -417.334 -82.976 -0.068 0.000 0.156 0.985
25.036 -417.215 -82.994 -0.069 0.000 0.158 0.985
24.997 -417.098 -83.011 -0.070 0.000 0.160 0.985
24.959 -416.986 -83.027 -0.070 0.000 0.162 0.984
24.927 -416.893 -83.041 -0.071 0.000 0.164 0.984
24.890 -416.785 -83.057 -0.072 0.000 0.166 0.984
24.850 -416.673 -83.074 -0.073 0.000 0.167 0.983
24.815 -416.574 -83.089 -0.074 0.000 0.169 0.983
24.787 -416.494 -83.102 -0.075 0.000 0.170 0.983
24.740 -416.365 -83.122 -0.076 0.000 0.172 0.982
24.706 -416.270 -83.138 -0.077 0.000 0.173 0.982
24.667 -416.166 -83.155 -0.077 0.000 0.175 0.981
24.634 -416.077 -83.169 -0.078 0.000 0.177 0.981
24.597 -415.979 -83.186 -0.079 0.000 0.179 0.981
24.560 -415.881 -83.202 -0.079 0.000 0.180 0.980
24.508 -415.746 -83.225 -0.081 0.000 0.183 0.980
24.468 -415.646 -83.242 -0.082 0.000 0.184 0.979
24.427 -415.541 -83.261 -0.082 0.000 0.186 0.979
24.377 -415.416 -83.283 -0.083 0.000 0.188 0.979
24.339 -415.323 -83.300 -0.084 0.000 0.190 0.978
24.298 -415.221 -83.318 -0.085 0.000 0.192 0.978
24.258 -415.125 -83.335 -0.085 0.000 0.194 0.977
24.227 -415.052 -83.349 -0.086 0.000 0.195 0.977
24.183 -414.949 -83.368 -0.086 0.000 0.197 0.977
24.143 -414.854 -83.386 -0.087 0.000 0.199 0.976
24.103 -414.762 -83.403 -0.087 0.000 0.200 0.976
24.066 -414.675 -83.419 -0.088 0.000 0.202 0.975
24.013 -414.554 -83.443 -0.089 0.000 0.204 0.975
23.980 -414.481 -83.457 -0.089 0.000 0.206 0.975
23.941 -414.393 -83.474 -0.090 0.000 0.207 0.974
23.892 -414.285 -83.495 -0.091 0.000 0.209 0.974
23.857 -414.208 -83.510 -0.091 0.000 0.211 0.973
23.822 -414.133 -83.525 -0.092 0.000 0.212 0.973
23.784 -414.052 -83.542 -0.093 0.000 0.214 0.972
23.745 -413.968 -83.559 -0.093 0.000 0.216 0.972
23.711 -413.896 -83.573 -0.094 0.000 0.217 0.972
23.673 -413.817 -83.590 -0.095 0.000 0.218 0.971
23.609 -413.683 -83.618 -0.096 0.000 0.221 0.970
23.567 -413.598 -83.636 -0.097 0.000 0.223 0.970
23.516 -413.494 -83.658 -0.098 0.000 0.225 0.969
23.473 -413.408 -83.676 -0.099 0.000 0.226 0.969
23.426 -413.313 -83.697 -0.100 0.000 0.229 0.968
23.378 -413.219 -83.718 -0.100 0.000 0.231 0.968
23.342 -413.149 -83.734 -0.101 0.000 0.232 0.967
23.282 -413.034 -83.759 -0.101 0.000 0.235 0.967
23.220 -412.916 -83.786 -0.102 0.000 0.237 0.966
23.168 -412.819 -83.808 -0.103 0.000 0.239 0.966
23.117 -412.724 -83.830 -0.104 0.000 0.241 0.965
23.065 -412.627 -83.853 -0.105 0.000 0.243 0.964
23.022 -412.550 -83.871 -0.106 0.000 0.245 0.964
22.971 -412.457 -83.893 -0.106 0.000 0.247 0.963
22.911 -412.350 -83.919 -0.107 0.000 0.249 0.963
22.866 -412.270 -83.939 -0.108 0.000 0.250 0.962
22.831 -412.207 -83.954 -0.109 0.000 0.252 0.962
22.795 -412.144 -83.970 -0.110 0.000 0.253 0.961
22.753 -412.072 -83.988 -0.110 0.000 0.255 0.961
22.697 -411.976 -84.012 -0.111 0.000 0.257 0.960
22.647 -411.891 -84.034 -0.112 0.000 0.258 0.960
22.598 -411.808 -84.055 -0.113 0.000 0.260 0.959
22.561 -411.745 -84.071 -0.114 0.000 0.261 0.959
22.490 -411.627 -84.102 -0.114 0.000 0.263 0.958
22.408 -411.492 -84.137 -0.116 0.000 0.266 0.957
22.343 -411.387 -84.166 -0.116 0.000 0.268 0.956
22.292 -411.304 -84.188 -0.117 0.000 0.270 0.956
22.242 -411.226 -84.209 -0.118 0.000 0.272 0.955
22.199 -411.158 -84.228 -0.118 0.000 0.273 0.955
22.162 -411.098 -84.244 -0.119 0.000 0.274 0.954
22.082 -410.974 -84.279 -0.120 0.000 0.277 0.953
22.026 -410.888 -84.303 -0.121 0.000 0.278 0.953
21.974 -410.808 -84.326 -0.122 0.000 0.280 0.952
21.911 -410.713 -84.353 -0.123 0.000 0.282 0.951
21.848 -410.618 -84.381 -0.124 0.000 0.284 0.951
21.794 -410.538 -84.404 -0.125 0.000 0.286 0.950
21.753 -410.478 -84.422 -0.125 0.000 0.287 0.950
21.702 -410.403 -84.444 -0.126 0.000 0.289 0.949
21.663 -410.347 -84.461 -0.126 0.000 0.290 0.949
21.617 -410.279 -84.481 -0.127 0.000 0.292 0.948
21.571 -410.214 -84.501 -0.127 0.000 0.293 0.948
21.514 -410.132 -84.526 -0.128 0.000 0.295 0.947
21.459 -410.055 -84.550 -0.129 0.000 0.297 0.946
21.379 -409.942 -84.584 -0.130 0.000 0.299 0.945
21.326 -409.868 -84.608 -0.130 0.000 0.301 0.945
21.260 -409.778 -84.636 -0.131 0.000 0.302 0.944
21.211 -409.711 -84.657 -0.132 0.000 0.304 0.944
21.160 -409.641 -84.680 -0.133 0.000 0.305 0.943
21.094 -409.552 -84.708 -0.133 0.000 0.307 0.942
21.026 -409.462 -84.738 -0.134 0.000 0.309 0.941
20.981 -409.403 -84.757 -0.135 0.000 0.311 0.941
20.931 -409.337 -84.779 -0.135 0.000 0.312 0.940
20.875 -409.264 -84.803 -0.136 0.000 0.314 0.940
20.833 -409.209 -84.821 -0.136 0.000 0.315 0.939
20.781 -409.143 -84.843 -0.137 0.000 0.316 0.939
20.726 -409.072 -84.867 -0.138 0.000 0.318 0.938
20.610 -408.925 -84.918 -0.139 0.000 0.321 0.937
20.562 -408.865 -84.938 -0.140 0.000 0.322 0.936
20.515 -408.806 -84.959 -0.141 0.000 0.323 0.936
20.472 -408.753 -84.978 -0.141 0.000 0.324 0.935
20.413 -408.680 -85.003 -0.141 0.000 0.326 0.935
20.374 -408.632 -85.020 -0.142 0.000 0.327 0.934
20.317 -408.564 -85.044 -0.142 0.000 0.329 0.934
20.234 -408.463 -85.080 -0.143 0.000 0.330 0.933
20.189 -408.409 -85.100 -0.143 0.001 0.332 0.932
20.138 -408.349 -85.122 -0.144 0.001 0.333 0.932
20.071 -408.270 -85.151 -0.145 0.000 0.335 0.931
19.996 -408.182 -85.183 -0.145 0.001 0.337 0.930
19.919 -408.093 -85.216 -0.147 0.000 0.339 0.929
19.853 -408.016 -85.245 -0.147 0.000 0.341 0.929
19.804 -407.961 -85.266 -0.148 0.001 0.342 0.928
19.734 -407.882 -85.296 -0.149 0.000 0.344 0.927
19.681 -407.822 -85.319 -0.149 0.000 0.345 0.927
19.617 -407.751 -85.346 -0.150 0.000 0.347 0.926
19.562 -407.690 -85.370 -0.150 0.000 0.349 0.925
19.482 -407.602 -85.405 -0.152 0.000 0.351 0.924
19.437 -407.553 -85.424 -0.152 0.000 0.352 0.924
19.378 -407.489 -85.450 -0.153 0.000 0.353 0.923
19.305 -407.411 -85.481 -0.153 0.000 0.356 0.922
19.225 -407.325 -85.516 -0.154 0.001 0.358 0.921
19.122 -407.218 -85.560 -0.155 0.001 0.360 0.920
19.068 -407.161 -85.583 -0.156 0.001 0.362 0.919
19.000 -407.091 -85.613 -0.157 0.001 0.363 0.918
18.941 -407.031 -85.638 -0.157 0.001 0.365 0.918
18.863 -406.951 -85.671 -0.158 0.001 0.367 0.917
18.762 -406.849 -85.715 -0.158 0.001 0.369 0.916
18.681 -406.769 -85.749 -0.159 0.001 0.372 0.915
18.607 -406.696 -85.781 -0.160 0.001 0.373 0.914
18.526 -406.616 -85.815 -0.161 0.001 0.375 0.913
18.479 -406.571 -85.835 -0.161 0.001 0.376 0.912
18.404 -406.499 -85.867 -0.163 0.001 0.378 0.911
18.314 -406.413 -85.906 -0.163 0.001 0.380 0.910
18.232 -406.335 -85.941 -0.164 0.001 0.382 0.909
18.166 -406.273 -85.970 -0.165 0.001 0.384 0.909
18.087 -406.201 -86.003 -0.166 0.001 0.386 0.908
18.026 -406.144 -86.029 -0.166 0.001 0.387 0.907
17.950 -406.075 -86.062 -0.167 0.001 0.389 0.906
17.853 -405.987 -86.104 -0.168 0.001 0.391 0.905
17.803 -405.942 -86.125 -0.168 0.001 0.392 0.904
17.705 -405.854 -86.167 -0.169 0.001 0.395 0.903
17.658 -405.813 -86.187 -0.169 0.001 0.396 0.903
17.592 -405.755 -86.215 -0.170 0.001 0.397 0.902
17.491 -405.668 -86.258 -0.171 0.001 0.399 0.901
17.417 -405.603 -86.290 -0.172 0.001 0.401 0.900
17.354 -405.549 -86.317 -0.173 0.001 0.403 0.899
17.252 -405.464 -86.360 -0.174 0.001 0.405 0.898
17.158 -405.386 -86.401 -0.175 0.001 0.407 0.896
17.092 -405.331 -86.429 -0.176 0.001 0.409 0.896
17.017 -405.269 -86.461 -0.177 0.001 0.410 0.895
16.928 -405.197 -86.499 -0.177 0.001 0.412 0.894
16.849 -405.133 -86.533 -0.178 0.001 0.414 0.893
16.795 -405.090 -86.556 -0.178 0.001 0.415 0.892
16.744 -405.049 -86.578 -0.179 0.001 0.416 0.891
16.673 -404.993 -86.609 -0.180 0.001 0.418 0.891
16.584 -404.924 -86.647 -0.181 0.001 0.420 0.889
16.491 -404.852 -86.687 -0.181 0.001 0.422 0.888
16.392 -404.776 -86.729 -0.182 0.001 0.424 0.887
16.340 -404.736 -86.751 -0.183 0.001 0.426 0.886
16.266 -404.681 -86.783 -0.184 0.001 0.427 0.885
16.191 -404.625 -86.815 -0.184 0.001 0.429 0.885
16.085 -404.546 -86.860 -0.185 0.001 0.431 0.883
16.022 -404.500 -86.887 -0.185 0.001 0.432 0.883
15.938 -404.439 -86.923 -0.186 0.001 0.433 0.882
15.859 -404.382 -86.957 -0.187 0.001 0.435 0.881
15.764 -404.314 -86.998 -0.188 0.001 0.437 0.880
15.695 -404.265 -87.028 -0.189 0.001 0.439 0.879
15.621 -404.213 -87.060 -0.189 0.001 0.440 0.878
15.557 -404.168 -87.087 -0.190 0.001 0.441 0.877
15.489 -404.121 -87.116 -0.190 0.001 0.442 0.876
15.407 -404.065 -87.152 -0.191 0.000 0.444 0.875
15.321 -404.006 -87.189 -0.192 0.001 0.446 0.874
15.252 -403.960 -87.218 -0.193 0.000 0.447 0.874
15.155 -403.895 -87.260 -0.194 0.000 0.449 0.872
15.064 -403.834 -87.299 -0.194 0.001 0.451 0.871
14.983 -403.781 -87.334 -0.195 0.001 0.453 0.870
14.899 -403.727 -87.370 -0.195 0.001 0.454 0.869
14.814 -403.673 -87.406 -0.196 0.001 0.456 0.868
14.741 -403.626 -87.438 -0.197 0.001 0.457 0.867
14.644 -403.565 -87.479 -0.197 0.001 0.459 0.866
14.545 -403.502 -87.522 -0.198 0.001 0.461 0.865
14.465 -403.453 -87.556 -0.199 0.001 0.463 0.864
14.387 -403.406 -87.590 -0.199 0.001 0.464 0.863
14.300 -403.353 -87.627 -0.200 0.001 0.466 0.862
14.248 -403.321 -87.649 -0.200 0.001 0.467 0.862
14.152 -403.264 -87.690 -0.201 0.001 0.468 0.861
14.082 -403.222 -87.720 -0.201 0.001 0.470 0.860
13.990 -403.168 -87.760 -0.202 0.001 0.471 0.859
13.879 -403.103 -87.807 -0.203 0.001 0.473 0.858
13.770 -403.040 -87.853 -0.203 0.001 0.475 0.856
13.691 -402.995 -87.887 -0.204 0.001 0.476 0.855
13.617 -402.953 -87.919 -0.204 0.001 0.477 0.855
13.533 -402.906 -87.954 -0.205 0.001 0.479 0.854
13.459 -402.865 -87.986 -0.205 0.002 0.480 0.853
13.377 -402.820 -88.021 -0.206 0.001 0.482 0.852
13.277 -402.765 -88.063 -0.206 0.002 0.484 0.851
13.187 -402.717 -88.101 -0.207 0.001 0.485 0.850
13.119 -402.681 -88.130 -0.207 0.002 0.487 0.849
13.016 -402.626 -88.174 -0.208 0.002 0.488 0.847
12.951 -402.592 -88.201 -0.209 0.002 0.490 0.847
12.857 -402.543 -88.241 -0.209 0.002 0.491 0.845
12.772 -402.499 -88.277 -0.210 0.002 0.493 0.844
12.713 -402.469 -88.302 -0.210 0.002 0.494 0.844
12.610 -402.417 -88.346 -0.211 0.002 0.496 0.842
12.544 -402.384 -88.374 -0.212 0.001 0.497 0.842
12.453 -402.339 -88.412 -0.213 0.001 0.498 0.841
12.368 -402.298 -88.448 -0.213 0.002 0.500 0.840
12.286 -402.258 -88.483 -0.214 0.002 0.501 0.839
12.207 -402.219 -88.517 -0.214 0.002 0.502 0.838
12.124 -402.180 -88.552 -0.215 0.001 0.504 0.837
12.051 -402.145 -88.583 -0.215 0.001 0.505 0.836
11.970 -402.107 -88.617 -0.216 0.001 0.506 0.835
11.913 -402.081 -88.642 -0.217 0.001 0.507 0.834
11.787 -402.023 -88.696 -0.217 0.002 0.509 0.833
11.710 -401.988 -88.728 -0.218 0.002 0.511 0.832
11.619 -401.947 -88.767 -0.218 0.002 0.512 0.831
11.542 -401.912 -88.800 -0.219 0.001 0.514 0.830
11.461 -401.877 -88.834 -0.220 0.001 0.515 0.829
11.382 -401.843 -88.867 -0.220 0.001 0.516 0.828
11.289 -401.803 -88.907 -0.221 0.001 0.517 0.827
11.226 -401.776 -88.934 -0.221 0.002 0.518 0.826
11.124 -401.732 -88.977 -0.222 0.001 0.520 0.825
11.012 -401.686 -89.025 -0.223 0.001 0.521 0.824
10.946 -401.659 -89.053 -0.224 0.001 0.523 0.823
10.890 -401.635 -89.077 -0.224 0.001 0.524 0.822
10.771 -401.587 -89.128 -0.225 0.001 0.526 0.821
10.700 -401.559 -89.158 -0.225 0.001 0.527 0.820
10.557 -401.503 -89.219 -0.226 0.001 0.529 0.818
10.478 -401.472 -89.252 -0.226 0.001 0.530 0.817
10.347 -401.422 -89.308 -0.227 0.001 0.532 0.815
10.277 -401.396 -89.337 -0.228 0.001 0.533 0.815
10.175 -401.357 -89.381 -0.228 0.002 0.535 0.813
10.081 -401.323 -89.421 -0.229 0.002 0.536 0.812
9.919 -401.264 -89.490 -0.230 0.001 0.538 0.811
9.826 -401.230 -89.529 -0.230 0.002 0.540 0.810
