24.700 -458.396 -70.112 -0.001 0.000 0.002 1.000
24.699 -458.283 -70.112 -0.002 0.000 0.004 1.000
24.698 -458.199 -70.112 -0.002 0.000 0.006 1.000
24.697 -458.103 -70.113 -0.003 0.000 0.007 1.000
24.696 -458.024 -70.113 -0.003 0.000 0.009 1.000
24.694 -457.934 -70.114 -0.004 0.000 0.011 1.000
24.691 -457.816 -70.115 -0.005 0.000 0.013 1.000
24.688 -457.713 -70.116 -0.006 0.000 0.015 1.000
24.684 -457.561 -70.118 -0.007 0.000 0.017 1.000
24.681 -457.488 -70.119 -0.008 0.000 0.019 1.000
24.679 -457.434 -70.120 -0.008 0.000 0.019 1.000
24.676 -457.367 -70.121 -0.009 0.000 0.021 1.000
24.672 -457.273 -70.123 -0.009 0.000 0.022 1.000
24.668 -457.184 -70.125 -0.010 0.000 0.024 1.000
24.662 -457.063 -70.127 -0.011 0.000 0.026 1.000
24.657 -456.973 -70.129 -0.012 0.000 0.028 1.000
24.653 -456.894 -70.131 -0.012 0.000 0.029 0.999
24.644 -456.752 -70.135 -0.014 0.000 0.032 0.999
24.638 -456.663 -70.137 -0.014 0.000 0.034 0.999
24.634 -456.605 -70.139 -0.015 0.000 0.035 0.999
24.628 -456.515 -70.142 -0.015 0.000 0.036 0.999
24.617 -456.369 -70.146 -0.017 0.000 0.039 0.999
24.603 -456.200 -70.152 -0.019 0.000 0.042 0.999
24.586 -456.000 -70.160 -0.020 0.000 0.045 0.999
24.575 -455.889 -70.165 -0.022 0.000 0.047 0.999
24.567 -455.807 -70.169 -0.022 0.000 0.049 0.999
24.560 -455.735 -70.172 -0.023 0.000 0.050 0.998
24.553 -455.662 -70.175 -0.023 0.000 0.051 0.998
24.542 -455.558 -70.180 -0.024 0.000 0.053 0.998
24.534 -455.483 -70.184 -0.024 0.000 0.055 0.998
24.526 -455.418 -70.187 -0.025 0.000 0.056 0.998
24.513 -455.302 -70.193 -0.026 0.000 0.058 0.998
24.497 -455.166 -70.200 -0.026 0.000 0.061 0.998
24.476 -454.997 -70.209 -0.028 0.000 0.063 0.998
24.462 -454.892 -70.215 -0.029 0.000 0.065 0.997
24.448 -454.785 -70.222 -0.030 0.000 0.067 0.997
24.429 -454.650 -70.230 -0.031 0.000 0.070 0.997
24.414 -454.543 -70.237 -0.032 0.000 0.072 0.997
24.396 -454.421 -70.245 -0.033 0.000 0.074 0.997
24.380 -454.319 -70.252 -0.034 0.000 0.076 0.997
24.362 -454.205 -70.260 -0.035 0.000 0.078 0.996
24.348 -454.117 -70.266 -0.036 0.000 0.080 0.996
24.333 -454.024 -70.273 -0.037 0.000 0.081 0.996
24.315 -453.918 -70.281 -0.038 0.000 0.083 0.996
24.301 -453.832 -70.288 -0.038 0.000 0.085 0.996
24.280 -453.712 -70.297 -0.039 0.000 0.087 0.995
24.261 -453.603 -70.306 -0.040 0.000 0.089 0.995
24.234 -453.458 -70.318 -0.041 0.000 0.091 0.995
24.207 -453.313 -70.330 -0.041 0.000 0.094 0.995
24.185 -453.201 -70.340 -0.042 0.000 0.096 0.994
24.174 -453.145 -70.345 -0.043 0.000 0.097 0.994
24.166 -453.104 -70.348 -0.043 0.000 0.098 0.994
24.146 -453.006 -70.357 -0.044 0.000 0.100 0.994
24.124 -452.899 -70.367 -0.045 0.000 0.102 0.994
24.106 -452.809 -70.375 -0.045 0.000 0.104 0.994
24.082 -452.698 -70.385 -0.046 0.000 0.106 0.993
24.059 -452.593 -70.395 -0.047 0.000 0.108 0.993
24.027 -452.450 -70.409 -0.048 0.000 0.110 0.993
24.002 -452.339 -70.420 -0.049 0.000 0.112 0.993
23.985 -452.265 -70.428 -0.049 0.000 0.113 0.992
23.968 -452.193 -70.435 -0.050 0.000 0.115 0.992
23.946 -452.101 -70.444 -0.051 0.000 0.117 0.992
23.932 -452.040 -70.451 -0.052 0.000 0.118 0.992
23.902 -451.921 -70.464 -0.053 0.000 0.120 0.991
23.873 -451.800 -70.477 -0.054 0.000 0.122 0.991
23.843 -451.685 -70.490 -0.055 0.000 0.124 0.991
23.815 -451.575 -70.502 -0.056 0.000 0.126 0.990
23.783 -451.453 -70.516 -0.056 0.000 0.128 0.990
23.753 -451.338 -70.530 -0.057 0.000 0.130 0.990
23.731 -451.259 -70.539 -0.058 0.000 0.132 0.990
23.705 -451.165 -70.550 -0.058 0.000 0.134 0.989
23.675 -451.056 -70.564 -0.059 0.000 0.136 0.989
23.651 -450.971 -70.574 -0.060 0.000 0.137 0.989
23.630 -450.897 -70.583 -0.060 0.000 0.139 0.989
23.606 -450.815 -70.593 -0.061 0.000 0.140 0.988
23.587 -450.750 -70.602 -0.061 0.000 0.141 0.988
23.557 -450.646 -70.615 -0.062 0.000 0.143 0.988
23.530 -450.557 -70.627 -0.063 0.000 0.145 0.987
23.492 -450.432 -70.643 -0.064 0.000 0.147 0.987
23.462 -450.335 -70.656 -0.064 0.000 0.149 0.987
23.445 -450.280 -70.664 -0.065 0.000 0.150 0.987
23.416 -450.187 -70.676 -0.065 0.000 0.151 0.986
23.398 -450.132 -70.684 -0.066 0.000 0.152 0.986
23.380 -450.074 -70.692 -0.066 0.000 0.154 0.986
23.338 -449.943 -70.710 -0.067 0.000 0.156 0.985
23.313 -449.869 -70.720 -0.068 0.000 0.157 0.985
23.286 -449.787 -70.732 -0.068 0.000 0.159 0.985
23.259 -449.706 -70.744 -0.069 0.000 0.160 0.985
23.213 -449.570 -70.763 -0.070 0.000 0.162 0.984
23.176 -449.461 -70.780 -0.071 0.000 0.164 0.984
23.132 -449.336 -70.798 -0.072 0.000 0.167 0.983
23.087 -449.209 -70.818 -0.073 0.000 0.169 0.983
23.064 -449.142 -70.828 -0.074 0.000 0.170 0.983
23.020 -449.022 -70.847 -0.075 0.000 0.172 0.982
22.993 -448.948 -70.859 -0.076 0.000 0.173 0.982
22.946 -448.821 -70.880 -0.077 0.000 0.175 0.981
22.909 -448.720 -70.896 -0.078 0.000 0.177 0.981
22.874 -448.629 -70.911 -0.078 0.000 0.178 0.981
22.848 -448.560 -70.923 -0.079 0.000 0.180 0.981
22.820 -448.486 -70.935 -0.080 0.000 0.181 0.980
22.789 -448.408 -70.948 -0.080 0.000 0.183 0.980
22.750 -448.307 -70.966 -0.081 0.000 0.184 0.980
22.702 -448.186 -70.986 -0.081 0.000 0.186 0.979
22.655 -448.069 -71.007 -0.082 0.000 0.189 0.979
22.625 -447.994 -71.020 -0.082 0.000 0.190 0.978
22.593 -447.915 -71.034 -0.083 0.000 0.192 0.978
22.556 -447.827 -71.050 -0.084 0.000 0.193 0.978
22.503 -447.699 -71.073 -0.085 0.000 0.195 0.977
22.460 -447.598 -71.092 -0.086 0.000 0.197 0.977
22.417 -447.496 -71.110 -0.086 0.000 0.199 0.976
22.379 -447.407 -71.127 -0.087 0.000 0.200 0.976
22.347 -447.334 -71.141 -0.087 0.000 0.201 0.976
22.320 -447.271 -71.153 -0.088 0.000 0.203 0.975
22.288 -447.200 -71.166 -0.088 0.000 0.204 0.975
22.232 -447.074 -71.190 -0.089 0.000 0.206 0.974
22.189 -446.977 -71.209 -0.090 0.000 0.208 0.974
22.164 -446.921 -71.220 -0.090 0.000 0.209 0.974
22.112 -446.809 -71.242 -0.091 0.000 0.210 0.973
22.073 -446.722 -71.260 -0.092 0.000 0.212 0.973
22.017 -446.603 -71.284 -0.093 0.000 0.214 0.972
21.990 -446.545 -71.295 -0.093 0.000 0.215 0.972
21.957 -446.475 -71.310 -0.093 0.000 0.216 0.972
21.928 -446.414 -71.322 -0.094 0.000 0.217 0.972
21.893 -446.340 -71.337 -0.094 0.000 0.219 0.971
21.841 -446.232 -71.360 -0.095 0.000 0.221 0.971
21.801 -446.150 -71.377 -0.096 0.000 0.222 0.970
21.762 -446.071 -71.394 -0.097 0.000 0.223 0.970
21.687 -445.918 -71.426 -0.098 0.000 0.226 0.969
21.642 -445.828 -71.446 -0.099 0.000 0.228 0.969
21.585 -445.717 -71.470 -0.099 0.000 0.230 0.968
21.533 -445.615 -71.493 -0.100 0.000 0.232 0.968
21.483 -445.517 -71.515 -0.101 0.000 0.233 0.967
21.438 -445.432 -71.534 -0.101 0.000 0.235 0.967
21.392 -445.344 -71.554 -0.102 0.000 0.236 0.966
21.343 -445.250 -71.575 -0.102 0.000 0.238 0.966
21.297 -445.164 -71.595 -0.103 0.000 0.239 0.965
21.229 -445.039 -71.624 -0.104 0.000 0.242 0.965
21.188 -444.962 -71.641 -0.105 0.000 0.243 0.964
21.134 -444.864 -71.664 -0.105 0.000 0.245 0.964
21.084 -444.773 -71.686 -0.105 0.000 0.246 0.964
21.033 -444.681 -71.708 -0.106 0.001 0.247 0.963
20.982 -444.591 -71.729 -0.106 0.000 0.249 0.963
20.954 -444.541 -71.741 -0.107 0.000 0.249 0.962
20.888 -444.424 -71.769 -0.107 0.001 0.252 0.962
20.846 -444.350 -71.787 -0.108 0.001 0.252 0.962
20.786 -444.247 -71.813 -0.108 0.001 0.254 0.961
20.736 -444.160 -71.834 -0.108 0.001 0.255 0.961
20.687 -444.076 -71.855 -0.109 0.001 0.256 0.960
20.629 -443.976 -71.880 -0.109 0.001 0.258 0.960
20.577 -443.888 -71.902 -0.110 0.001 0.259 0.960
20.502 -443.761 -71.933 -0.110 0.001 0.260 0.959
20.459 -443.689 -71.951 -0.110 0.001 0.261 0.959
20.391 -443.576 -71.980 -0.111 0.001 0.262 0.959
20.348 -443.503 -71.998 -0.112 0.001 0.263 0.958
20.300 -443.424 -72.019 -0.112 0.001 0.264 0.958
20.236 -443.320 -72.045 -0.112 0.001 0.265 0.958
20.175 -443.219 -72.071 -0.113 0.001 0.267 0.957
20.097 -443.093 -72.104 -0.114 0.001 0.268 0.957
20.037 -442.995 -72.130 -0.114 0.001 0.269 0.956
19.953 -442.862 -72.165 -0.114 0.001 0.271 0.956
19.904 -442.783 -72.186 -0.115 0.001 0.272 0.955
19.841 -442.683 -72.212 -0.115 0.001 0.272 0.955
19.787 -442.597 -72.235 -0.116 0.001 0.273 0.955
19.735 -442.515 -72.257 -0.116 0.001 0.275 0.955
19.670 -442.414 -72.284 -0.117 0.001 0.276 0.954
19.625 -442.344 -72.303 -0.117 0.001 0.277 0.954
19.576 -442.268 -72.324 -0.117 0.001 0.278 0.953
19.517 -442.177 -72.349 -0.118 0.001 0.279 0.953
19.467 -442.100 -72.370 -0.118 0.001 0.280 0.953
19.405 -442.005 -72.396 -0.118 0.001 0.281 0.952
19.332 -441.895 -72.426 -0.119 0.001 0.283 0.952
19.283 -441.821 -72.447 -0.119 0.001 0.283 0.952
19.241 -441.758 -72.465 -0.119 0.001 0.284 0.951
19.177 -441.663 -72.491 -0.120 0.001 0.285 0.951
19.132 -441.597 -72.510 -0.120 0.001 0.286 0.951
19.065 -441.497 -72.538 -0.121 0.001 0.288 0.950
19.001 -441.403 -72.565 -0.121 0.001 0.289 0.950
18.947 -441.325 -72.588 -0.121 0.001 0.290 0.949
18.908 -441.268 -72.604 -0.122 0.001 0.291 0.949
18.881 -441.228 -72.615 -0.122 0.001 0.291 0.949
18.854 -441.189 -72.626 -0.122 0.001 0.291 0.949
18.787 -441.093 -72.654 -0.122 0.001 0.293 0.948
18.719 -440.995 -72.683 -0.123 0.001 0.294 0.948
18.654 -440.903 -72.709 -0.124 0.001 0.296 0.947
18.592 -440.814 -72.736 -0.124 0.001 0.297 0.947
18.530 -440.727 -72.762 -0.125 0.001 0.298 0.946
18.461 -440.631 -72.790 -0.125 0.001 0.300 0.946
18.398 -440.545 -72.816 -0.125 0.001 0.301 0.945
18.328 -440.448 -72.845 -0.126 0.001 0.302 0.945
18.257 -440.351 -72.875 -0.127 0.001 0.304 0.944
18.198 -440.269 -72.900 -0.128 0.001 0.304 0.944
18.133 -440.181 -72.927 -0.128 0.001 0.306 0.943
18.076 -440.105 -72.951 -0.129 0.001 0.307 0.943
18.003 -440.007 -72.981 -0.129 0.001 0.308 0.942
17.927 -439.905 -73.013 -0.130 0.001 0.310 0.942
17.866 -439.826 -73.038 -0.131 0.001 0.311 0.941
17.784 -439.718 -73.073 -0.131 0.001 0.313 0.941
17.699 -439.607 -73.108 -0.132 0.001 0.314 0.940
17.644 -439.536 -73.131 -0.132 0.001 0.315 0.940
17.610 -439.492 -73.145 -0.132 0.001 0.316 0.940
17.497 -439.346 -73.192 -0.132 0.001 0.317 0.939
17.444 -439.278 -73.214 -0.132 0.001 0.318 0.939
17.373 -439.188 -73.243 -0.132 0.001 0.319 0.939
17.315 -439.115 -73.267 -0.132 0.002 0.320 0.938
17.257 -439.041 -73.291 -0.132 0.002 0.321 0.938
17.184 -438.949 -73.321 -0.133 0.002 0.322 0.938
17.132 -438.884 -73.343 -0.133 0.002 0.322 0.937
17.081 -438.819 -73.364 -0.133 0.002 0.323 0.937
17.002 -438.722 -73.396 -0.134 0.002 0.324 0.936
16.916 -438.616 -73.431 -0.134 0.002 0.326 0.936
16.863 -438.550 -73.453 -0.134 0.002 0.326 0.936
16.794 -438.466 -73.481 -0.134 0.002 0.327 0.935
16.733 -438.392 -73.506 -0.134 0.002 0.328 0.935
16.682 -438.330 -73.526 -0.134 0.002 0.329 0.935
16.654 -438.295 -73.538 -0.134 0.002 0.329 0.935
16.586 -438.213 -73.565 -0.134 0.002 0.329 0.935
16.529 -438.144 -73.588 -0.134 0.002 0.330 0.934
16.477 -438.082 -73.609 -0.134 0.002 0.330 0.934
16.420 -438.012 -73.632 -0.134 0.003 0.331 0.934
16.329 -437.903 -73.669 -0.134 0.003 0.332 0.934
16.265 -437.827 -73.694 -0.134 0.003 0.332 0.934
16.209 -437.760 -73.716 -0.134 0.003 0.333 0.933
16.168 -437.710 -73.733 -0.134 0.003 0.333 0.933
16.110 -437.643 -73.756 -0.134 0.003 0.334 0.933
16.050 -437.571 -73.780 -0.134 0.003 0.335 0.933
15.989 -437.499 -73.804 -0.134 0.003 0.335 0.933
15.895 -437.388 -73.841 -0.134 0.004 0.336 0.932
15.848 -437.333 -73.859 -0.134 0.004 0.337 0.932
15.799 -437.275 -73.878 -0.134 0.004 0.337 0.932
15.742 -437.209 -73.901 -0.134 0.004 0.338 0.932
15.690 -437.149 -73.921 -0.134 0.004 0.338 0.932
15.608 -437.052 -73.953 -0.134 0.004 0.339 0.931
15.515 -436.945 -73.989 -0.134 0.004 0.339 0.931
15.446 -436.865 -74.016 -0.134 0.004 0.340 0.931
15.380 -436.789 -74.042 -0.134 0.004 0.341 0.931
15.318 -436.717 -74.066 -0.134 0.004 0.341 0.930
15.239 -436.626 -74.097 -0.134 0.004 0.342 0.930
15.210 -436.594 -74.108 -0.134 0.004 0.342 0.930
15.163 -436.540 -74.126 -0.134 0.004 0.342 0.930
15.095 -436.462 -74.152 -0.134 0.004 0.343 0.930
15.021 -436.377 -74.181 -0.134 0.004 0.344 0.929
14.955 -436.302 -74.206 -0.134 0.004 0.344 0.929
14.858 -436.193 -74.243 -0.134 0.004 0.345 0.929
14.788 -436.114 -74.270 -0.135 0.004 0.345 0.929
14.754 -436.074 -74.284 -0.135 0.004 0.346 0.929
14.681 -435.993 -74.312 -0.135 0.005 0.346 0.928
14.605 -435.907 -74.341 -0.135 0.005 0.347 0.928
14.537 -435.831 -74.367 -0.135 0.005 0.347 0.928
14.459 -435.744 -74.397 -0.135 0.005 0.348 0.928
