26.383 -423.532 -82.408 -0.025 0.000 0.051 0.998
26.371 -423.414 -82.414 -0.026 0.000 0.053 0.998
26.364 -423.349 -82.418 -0.026 0.000 0.054 0.998
26.357 -423.281 -82.421 -0.027 0.000 0.055 0.998
26.351 -423.227 -82.424 -0.027 0.000 0.056 0.998
26.339 -423.123 -82.430 -0.028 0.000 0.057 0.998
26.328 -423.034 -82.435 -0.028 0.000 0.059 0.998
26.315 -422.923 -82.441 -0.029 0.000 0.061 0.998
26.306 -422.855 -82.445 -0.030 0.000 0.062 0.998
26.289 -422.720 -82.454 -0.031 0.000 0.064 0.997
26.272 -422.593 -82.462 -0.032 0.000 0.066 0.997
26.253 -422.448 -82.471 -0.032 0.000 0.068 0.997
26.239 -422.346 -82.478 -0.033 0.000 0.070 0.997
26.224 -422.246 -82.484 -0.033 0.000 0.072 0.997
26.210 -422.150 -82.491 -0.034 0.000 0.073 0.997
26.194 -422.040 -82.498 -0.035 0.000 0.075 0.997
26.176 -421.925 -82.507 -0.036 0.000 0.077 0.996
26.158 -421.811 -82.515 -0.036 0.000 0.079 0.996
26.143 -421.718 -82.522 -0.037 0.000 0.080 0.996
26.124 -421.597 -82.531 -0.037 0.000 0.082 0.996
26.109 -421.511 -82.537 -0.038 0.000 0.083 0.996
26.091 -421.405 -82.546 -0.038 0.000 0.085 0.996
26.080 -421.340 -82.551 -0.039 0.000 0.086 0.996
26.067 -421.267 -82.556 -0.039 0.000 0.087 0.995
26.048 -421.157 -82.565 -0.040 0.000 0.088 0.995
26.028 -421.051 -82.574 -0.041 0.000 0.090 0.995
26.013 -420.967 -82.581 -0.041 0.000 0.091 0.995
25.985 -420.822 -82.593 -0.042 0.000 0.093 0.995
25.968 -420.729 -82.601 -0.043 0.000 0.095 0.995
25.950 -420.637 -82.609 -0.044 0.000 0.096 0.994
25.931 -420.540 -82.618 -0.044 0.000 0.098 0.994
25.906 -420.416 -82.630 -0.046 0.000 0.100 0.994
25.887 -420.326 -82.638 -0.046 0.000 0.102 0.994
25.865 -420.219 -82.648 -0.046 0.000 0.104 0.994
25.842 -420.113 -82.658 -0.047 0.000 0.106 0.993
25.816 -419.992 -82.670 -0.048 0.000 0.108 0.993
25.796 -419.903 -82.678 -0.048 0.000 0.109 0.993
25.777 -419.820 -82.687 -0.049 0.000 0.110 0.993
25.758 -419.735 -82.695 -0.049 0.000 0.112 0.992
25.737 -419.642 -82.705 -0.050 0.000 0.113 0.992
25.713 -419.542 -82.715 -0.051 0.000 0.115 0.992
25.684 -419.419 -82.728 -0.052 0.000 0.117 0.992
25.650 -419.280 -82.743 -0.052 0.000 0.120 0.991
25.626 -419.184 -82.753 -0.053 0.000 0.121 0.991
25.605 -419.098 -82.763 -0.054 0.000 0.123 0.991
25.572 -418.972 -82.777 -0.055 0.000 0.125 0.991
25.545 -418.866 -82.789 -0.055 0.000 0.127 0.990
25.514 -418.749 -82.802 -0.056 0.000 0.130 0.990
25.488 -418.652 -82.813 -0.057 0.000 0.131 0.990
25.472 -418.593 -82.820 -0.058 0.000 0.132 0.990
25.454 -418.530 -82.828 -0.058 0.000 0.133 0.989
25.429 -418.439 -82.839 -0.059 0.000 0.135 0.989
25.404 -418.349 -82.850 -0.060 0.000 0.137 0.989
25.373 -418.241 -82.863 -0.061 0.000 0.139 0.988
25.348 -418.155 -82.874 -0.061 0.000 0.140 0.988
25.333 -418.103 -82.881 -0.062 0.000 0.141 0.988
25.300 -417.990 -82.896 -0.063 0.000 0.143 0.988
25.274 -417.903 -82.907 -0.064 0.000 0.145 0.987
25.237 -417.781 -82.923 -0.064 0.000 0.147 0.987
25.197 -417.651 -82.941 -0.065 0.000 0.149 0.987
25.174 -417.580 -82.950 -0.066 0.000 0.150 0.986
25.148 -417.494 -82.962 -0.066 0.000 0.152 0.986
25.127 -417.431 -82.971 -0.066 0.000 0.153 0.986
25.106 -417.365 -82.980 -0.067 0.000 0.154 0.986
25.084 -417.295 -82.990 -0.067 0.000 0.155 0.986
25.049 -417.187 -83.005 -0.068 0.000 0.157 0.985
25.021 -417.104 -83.017 -0.068 0.000 0.158 0.985
24.984 -416.993 -83.033 -0.069 0.000 0.160 0.985
24.952 -416.896 -83.047 -0.070 0.000 0.161 0.984
24.903 -416.752 -83.068 -0.071 0.000 0.164 0.984
24.846 -416.591 -83.092 -0.072 0.000 0.167 0.983
24.812 -416.492 -83.107 -0.073 0.000 0.168 0.983
24.780 -416.402 -83.121 -0.073 0.001 0.170 0.983
24.736 -416.281 -83.140 -0.074 0.001 0.172 0.982
24.701 -416.185 -83.155 -0.075 0.000 0.173 0.982
24.647 -416.039 -83.179 -0.076 0.000 0.176 0.982
24.614 -415.951 -83.193 -0.077 0.000 0.177 0.981
24.581 -415.863 -83.207 -0.077 0.000 0.179 0.981
24.550 -415.783 -83.220 -0.078 0.000 0.180 0.981
24.520 -415.703 -83.234 -0.078 0.000 0.181 0.980
24.474 -415.584 -83.254 -0.079 0.000 0.183 0.980
24.439 -415.495 -83.269 -0.080 0.001 0.185 0.980
24.397 -415.391 -83.287 -0.080 0.001 0.187 0.979
24.353 -415.280 -83.306 -0.082 0.000 0.189 0.979
24.298 -415.145 -83.329 -0.082 0.001 0.191 0.978
24.261 -415.054 -83.345 -0.082 0.001 0.193 0.978
24.203 -414.915 -83.370 -0.083 0.001 0.196 0.977
24.174 -414.847 -83.382 -0.084 0.001 0.197 0.977
24.124 -414.729 -83.403 -0.085 0.001 0.199 0.976
24.079 -414.625 -83.422 -0.085 0.001 0.201 0.976
24.035 -414.523 -83.441 -0.085 0.001 0.202 0.976
23.996 -414.435 -83.457 -0.086 0.001 0.204 0.975
23.938 -414.303 -83.482 -0.087 0.001 0.206 0.975
23.901 -414.222 -83.497 -0.087 0.001 0.208 0.974
23.851 -414.112 -83.518 -0.088 0.001 0.210 0.974
23.807 -414.016 -83.536 -0.089 0.001 0.212 0.973
23.759 -413.913 -83.556 -0.090 0.001 0.214 0.973
23.699 -413.786 -83.581 -0.091 0.001 0.217 0.972
23.643 -413.668 -83.605 -0.092 0.001 0.219 0.971
23.613 -413.606 -83.618 -0.093 0.001 0.220 0.971
23.570 -413.517 -83.636 -0.094 0.001 0.222 0.971
23.532 -413.440 -83.652 -0.094 0.001 0.223 0.970
23.491 -413.357 -83.669 -0.095 0.001 0.225 0.970
23.457 -413.288 -83.684 -0.096 0.001 0.226 0.969
23.412 -413.199 -83.702 -0.097 0.001 0.228 0.969
23.375 -413.124 -83.718 -0.097 0.001 0.229 0.968
23.333 -413.042 -83.736 -0.098 0.001 0.231 0.968
23.293 -412.965 -83.753 -0.099 0.001 0.233 0.968
23.256 -412.892 -83.769 -0.099 0.001 0.234 0.967
23.224 -412.832 -83.782 -0.100 0.001 0.235 0.967
23.180 -412.748 -83.801 -0.101 0.001 0.237 0.966
23.129 -412.651 -83.823 -0.102 0.001 0.239 0.966
23.073 -412.548 -83.846 -0.102 0.001 0.241 0.965
23.010 -412.431 -83.873 -0.104 0.001 0.243 0.964
22.960 -412.340 -83.894 -0.105 0.001 0.245 0.964
22.920 -412.267 -83.912 -0.105 0.001 0.246 0.963
22.872 -412.182 -83.932 -0.106 0.001 0.248 0.963
22.805 -412.063 -83.960 -0.107 0.000 0.250 0.962
22.756 -411.976 -83.982 -0.108 0.000 0.252 0.962
22.705 -411.888 -84.003 -0.109 0.000 0.254 0.961
22.656 -411.803 -84.024 -0.110 0.000 0.256 0.961
22.617 -411.736 -84.041 -0.110 0.000 0.257 0.960
22.571 -411.657 -84.061 -0.111 0.000 0.259 0.960
22.498 -411.536 -84.092 -0.112 0.000 0.261 0.959
22.438 -411.435 -84.118 -0.113 0.000 0.262 0.958
22.365 -411.314 -84.149 -0.113 0.000 0.264 0.958
22.334 -411.263 -84.162 -0.114 0.000 0.265 0.957
22.285 -411.182 -84.183 -0.115 0.000 0.267 0.957
22.224 -411.084 -84.210 -0.116 0.000 0.269 0.956
22.178 -411.009 -84.230 -0.116 0.000 0.271 0.956
22.115 -410.911 -84.256 -0.117 0.000 0.273 0.955
22.050 -410.807 -84.284 -0.118 0.000 0.275 0.954
21.993 -410.718 -84.309 -0.119 0.000 0.277 0.954
21.957 -410.663 -84.324 -0.119 0.000 0.278 0.953
21.915 -410.598 -84.342 -0.120 0.000 0.279 0.953
21.858 -410.511 -84.367 -0.121 0.000 0.281 0.952
21.808 -410.435 -84.388 -0.121 0.000 0.283 0.952
21.779 -410.393 -84.400 -0.122 0.000 0.283 0.951
21.737 -410.330 -84.418 -0.122 0.001 0.285 0.951
21.670 -410.231 -84.447 -0.123 0.001 0.287 0.950
21.608 -410.139 -84.473 -0.124 0.001 0.289 0.949
21.537 -410.035 -84.504 -0.124 0.001 0.291 0.949
21.498 -409.979 -84.520 -0.125 0.001 0.292 0.948
21.436 -409.890 -84.547 -0.126 0.001 0.294 0.947
21.360 -409.783 -84.579 -0.127 0.001 0.297 0.947
21.286 -409.680 -84.611 -0.128 0.001 0.299 0.946
21.242 -409.618 -84.630 -0.128 0.001 0.300 0.945
21.193 -409.551 -84.650 -0.129 0.001 0.302 0.945
21.117 -409.447 -84.683 -0.130 0.001 0.304 0.944
21.044 -409.347 -84.714 -0.131 0.001 0.306 0.943
20.998 -409.285 -84.734 -0.131 0.001 0.308 0.942
20.923 -409.186 -84.765 -0.132 0.001 0.310 0.942
20.868 -409.113 -84.789 -0.133 0.001 0.312 0.941
20.805 -409.032 -84.815 -0.134 0.001 0.313 0.940
20.738 -408.945 -84.844 -0.134 0.001 0.315 0.939
20.656 -408.839 -84.879 -0.136 0.001 0.318 0.938
20.602 -408.771 -84.902 -0.136 0.001 0.319 0.938
20.533 -408.683 -84.932 -0.137 0.001 0.321 0.937
20.471 -408.606 -84.958 -0.138 0.001 0.323 0.936
20.378 -408.491 -84.997 -0.139 0.001 0.325 0.935
20.311 -408.408 -85.026 -0.139 0.001 0.327 0.935
20.246 -408.330 -85.054 -0.141 0.001 0.329 0.934
20.198 -408.272 -85.074 -0.141 0.001 0.330 0.933
20.092 -408.145 -85.119 -0.142 0.001 0.333 0.932
20.047 -408.091 -85.139 -0.142 0.001 0.335 0.931
19.979 -408.013 -85.167 -0.143 0.001 0.337 0.931
19.907 -407.928 -85.198 -0.144 0.001 0.339 0.930
19.819 -407.827 -85.235 -0.146 0.000 0.341 0.929
19.744 -407.742 -85.267 -0.146 0.001 0.343 0.928
19.669 -407.657 -85.299 -0.148 0.000 0.345 0.927
19.625 -407.608 -85.318 -0.148 0.001 0.346 0.927
19.553 -407.528 -85.349 -0.149 0.001 0.348 0.926
19.461 -407.426 -85.388 -0.149 0.001 0.350 0.925
19.382 -407.340 -85.422 -0.150 0.001 0.352 0.924
19.332 -407.286 -85.443 -0.150 0.001 0.353 0.923
19.251 -407.199 -85.478 -0.151 0.001 0.356 0.922
19.131 -407.071 -85.529 -0.152 0.001 0.359 0.921
19.057 -406.994 -85.560 -0.153 0.001 0.361 0.920
18.990 -406.925 -85.588 -0.154 0.001 0.362 0.919
18.883 -406.814 -85.634 -0.156 0.001 0.365 0.918
18.812 -406.742 -85.664 -0.156 0.001 0.367 0.917
18.734 -406.663 -85.697 -0.157 0.001 0.369 0.916
18.646 -406.575 -85.734 -0.158 0.001 0.371 0.915
18.598 -406.528 -85.755 -0.158 0.001 0.372 0.914
18.490 -406.422 -85.801 -0.159 0.001 0.375 0.913
18.424 -406.358 -85.828 -0.160 0.001 0.377 0.912
18.360 -406.296 -85.856 -0.161 0.001 0.378 0.912
18.297 -406.236 -85.883 -0.162 0.001 0.380 0.911
18.202 -406.146 -85.923 -0.163 0.001 0.382 0.910
18.136 -406.084 -85.951 -0.164 0.001 0.384 0.909
18.064 -406.017 -85.982 -0.164 0.001 0.385 0.908
18.025 -405.981 -85.998 -0.165 0.001 0.386 0.907
17.946 -405.909 -86.032 -0.166 0.001 0.388 0.907
17.844 -405.816 -86.075 -0.167 0.001 0.391 0.905
17.754 -405.735 -86.114 -0.167 0.001 0.393 0.904
17.669 -405.660 -86.150 -0.168 0.001 0.395 0.903
17.599 -405.598 -86.180 -0.169 0.001 0.397 0.902
17.513 -405.523 -86.216 -0.170 0.001 0.399 0.901
17.447 -405.466 -86.244 -0.171 0.001 0.400 0.900
17.387 -405.415 -86.270 -0.171 0.001 0.402 0.900
17.331 -405.367 -86.294 -0.172 0.001 0.403 0.899
17.286 -405.328 -86.313 -0.172 0.001 0.404 0.898
17.193 -405.250 -86.352 -0.173 0.001 0.406 0.897
17.129 -405.197 -86.379 -0.173 0.001 0.407 0.897
17.068 -405.146 -86.405 -0.174 0.001 0.409 0.896
16.941 -405.042 -86.459 -0.175 0.001 0.412 0.894
16.830 -404.952 -86.506 -0.176 0.001 0.414 0.893
16.748 -404.886 -86.541 -0.177 0.001 0.416 0.892
16.655 -404.812 -86.581 -0.178 0.001 0.418 0.891
16.580 -404.754 -86.613 -0.179 0.001 0.419 0.890
16.510 -404.699 -86.643 -0.179 0.001 0.421 0.889
16.421 -404.631 -86.680 -0.181 0.000 0.423 0.888
16.366 -404.588 -86.704 -0.181 0.000 0.424 0.887
16.299 -404.538 -86.732 -0.182 0.000 0.425 0.887
16.232 -404.487 -86.761 -0.182 0.001 0.427 0.886
16.147 -404.423 -86.797 -0.183 0.001 0.429 0.885
16.040 -404.344 -86.843 -0.184 0.001 0.431 0.883
15.957 -404.283 -86.878 -0.184 0.001 0.433 0.883
15.876 -404.224 -86.913 -0.185 0.001 0.434 0.882
15.801 -404.170 -86.945 -0.185 0.001 0.436 0.881
15.691 -404.092 -86.991 -0.187 0.001 0.438 0.879
15.609 -404.034 -87.026 -0.188 0.001 0.440 0.878
15.515 -403.968 -87.066 -0.188 0.001 0.442 0.877
15.433 -403.911 -87.101 -0.189 0.001 0.443 0.876
15.345 -403.851 -87.138 -0.190 0.001 0.445 0.875
15.262 -403.795 -87.174 -0.190 0.001 0.446 0.874
15.199 -403.752 -87.201 -0.191 0.001 0.448 0.874
15.107 -403.690 -87.240 -0.192 0.001 0.449 0.873
15.030 -403.639 -87.273 -0.192 0.001 0.451 0.872
14.922 -403.568 -87.319 -0.193 0.001 0.453 0.870
14.833 -403.510 -87.357 -0.194 0.001 0.455 0.869
14.763 -403.466 -87.386 -0.194 0.001 0.456 0.868
14.655 -403.396 -87.432 -0.195 0.001 0.458 0.867
14.590 -403.356 -87.460 -0.195 0.001 0.459 0.866
14.494 -403.296 -87.500 -0.196 0.001 0.461 0.865
14.384 -403.227 -87.547 -0.197 0.001 0.463 0.864
14.331 -403.194 -87.570 -0.198 0.001 0.464 0.863
14.220 -403.127 -87.617 -0.198 0.001 0.467 0.862
14.133 -403.075 -87.654 -0.199 0.001 0.468 0.861
14.074 -403.040 -87.679 -0.200 0.001 0.469 0.860
13.968 -402.977 -87.724 -0.200 0.001 0.471 0.859
13.897 -402.936 -87.754 -0.201 0.001 0.472 0.858
13.824 -402.893 -87.785 -0.201 0.001 0.473 0.858
13.734 -402.841 -87.823 -0.202 0.001 0.475 0.857
13.650 -402.793 -87.858 -0.202 0.001 0.476 0.856
13.565 -402.745 -87.894 -0.203 0.001 0.478 0.855
13.471 -402.692 -87.934 -0.204 0.001 0.479 0.854
13.389 -402.646 -87.969 -0.204 0.001 0.480 0.853
13.335 -402.616 -87.992 -0.205 0.001 0.481 0.852
13.253 -402.571 -88.027 -0.205 0.001 0.483 0.851
13.147 -402.514 -88.072 -0.206 0.001 0.485 0.850
13.041 -402.457 -88.117 -0.207 0.001 0.486 0.849
12.980 -402.424 -88.142 -0.207 0.001 0.487 0.848
12.901 -402.382 -88.176 -0.208 0.001 0.489 0.847
12.762 -402.310 -88.234 -0.209 0.001 0.491 0.845
12.643 -402.249 -88.285 -0.210 0.001 0.494 0.844
12.565 -402.209 -88.318 -0.211 0.001 0.495 0.843
12.468 -402.160 -88.360 -0.211 0.001 0.497 0.842
12.341 -402.098 -88.413 -0.213 0.001 0.499 0.840
12.245 -402.051 -88.455 -0.214 0.000 0.501 0.839
12.164 -402.012 -88.489 -0.214 0.000 0.502 0.838
12.074 -401.969 -88.527 -0.215 0.000 0.503 0.837
11.972 -401.921 -88.571 -0.216 0.000 0.505 0.836
11.862 -401.870 -88.618 -0.217 0.000 0.507 0.834
11.780 -401.832 -88.653 -0.217 0.000 0.508 0.833
11.711 -401.800 -88.682 -0.218 0.000 0.510 0.832
11.651 -401.773 -88.708 -0.218 0.000 0.511 0.831
11.565 -401.735 -88.745 -0.219 0.000 0.512 0.831
11.476 -401.696 -88.783 -0.219 0.000 0.514 0.829
11.380 -401.653 -88.824 -0.220 0.000 0.515 0.828
11.319 -401.627 -88.850 -0.220 0.000 0.516 0.827
11.227 -401.587 -88.889 -0.221 0.000 0.518 0.826
11.126 -401.544 -88.932 -0.221 0.001 0.519 0.825
11.047 -401.511 -88.966 -0.222 0.001 0.521 0.824
10.983 -401.485 -88.993 -0.223 0.000 0.522 0.824
10.889 -401.446 -89.033 -0.223 0.001 0.523 0.823
10.793 -401.407 -89.074 -0.224 0.001 0.525 0.821
10.719 -401.377 -89.105 -0.224 0.001 0.526 0.821
10.610 -401.334 -89.151 -0.225 0.001 0.528 0.819
10.527 -401.301 -89.187 -0.226 0.000 0.529 0.818
10.445 -401.269 -89.222 -0.226 0.000 0.530 0.817
10.366 -401.239 -89.255 -0.227 0.000 0.531 0.816
10.256 -401.197 -89.302 -0.228 0.000 0.533 0.815
10.184 -401.170 -89.333 -0.228 0.000 0.534 0.814
10.103 -401.140 -89.368 -0.229 0.000 0.536 0.813
10.041 -401.117 -89.394 -0.229 0.000 0.537 0.812
