24.700 -458.409 -70.112 -0.001 0.000 0.002 1.000
24.699 -458.298 -70.112 -0.002 0.000 0.004 1.000
24.698 -458.209 -70.113 -0.002 0.000 0.005 1.000
24.698 -458.139 -70.113 -0.003 0.000 0.006 1.000
24.696 -458.011 -70.114 -0.004 0.000 0.009 1.000
24.693 -457.898 -70.115 -0.005 0.000 0.011 1.000
24.692 -457.830 -70.116 -0.006 0.000 0.012 1.000
24.690 -457.755 -70.117 -0.006 0.000 0.013 1.000
24.686 -457.628 -70.118 -0.008 0.000 0.016 1.000
24.682 -457.498 -70.120 -0.009 0.000 0.018 1.000
24.678 -457.401 -70.122 -0.010 0.000 0.020 1.000
24.673 -457.278 -70.125 -0.011 0.000 0.022 1.000
24.668 -457.166 -70.127 -0.011 0.000 0.024 1.000
24.665 -457.098 -70.129 -0.012 0.000 0.025 1.000
24.657 -456.965 -70.132 -0.013 0.000 0.028 1.000
24.651 -456.850 -70.135 -0.013 0.000 0.030 0.999
24.644 -456.744 -70.138 -0.014 0.000 0.032 0.999
24.637 -456.631 -70.141 -0.015 0.000 0.033 0.999
24.631 -456.545 -70.144 -0.016 0.000 0.035 0.999
24.624 -456.451 -70.147 -0.016 0.000 0.037 0.999
24.616 -456.339 -70.151 -0.017 0.000 0.038 0.999
24.609 -456.246 -70.154 -0.018 0.000 0.040 0.999
24.600 -456.140 -70.158 -0.019 0.000 0.042 0.999
24.589 -456.012 -70.163 -0.020 0.000 0.044 0.999
24.580 -455.918 -70.166 -0.021 0.000 0.046 0.999
24.571 -455.826 -70.170 -0.022 0.000 0.048 0.999
24.565 -455.760 -70.173 -0.022 0.000 0.049 0.999
24.555 -455.664 -70.178 -0.023 0.000 0.051 0.998
24.543 -455.546 -70.183 -0.024 0.000 0.053 0.998
24.532 -455.440 -70.188 -0.025 0.000 0.055 0.998
24.520 -455.339 -70.193 -0.026 0.000 0.057 0.998
24.511 -455.256 -70.198 -0.026 0.000 0.058 0.998
24.501 -455.174 -70.202 -0.027 0.000 0.060 0.998
24.489 -455.080 -70.207 -0.027 0.000 0.061 0.998
24.483 -455.028 -70.210 -0.028 0.000 0.062 0.998
24.476 -454.970 -70.213 -0.028 0.000 0.063 0.998
24.459 -454.845 -70.221 -0.029 0.000 0.065 0.997
24.441 -454.704 -70.229 -0.030 0.000 0.068 0.997
24.422 -454.568 -70.238 -0.031 0.000 0.070 0.997
24.405 -454.450 -70.245 -0.032 0.000 0.072 0.997
24.392 -454.361 -70.251 -0.033 0.000 0.074 0.997
24.374 -454.247 -70.259 -0.034 0.000 0.076 0.997
24.352 -454.107 -70.269 -0.035 0.000 0.079 0.996
24.336 -454.006 -70.276 -0.035 0.000 0.080 0.996
24.317 -453.888 -70.284 -0.036 0.000 0.082 0.996
24.303 -453.805 -70.290 -0.037 0.000 0.084 0.996
24.286 -453.704 -70.298 -0.038 0.000 0.085 0.996
24.262 -453.572 -70.308 -0.039 0.000 0.087 0.995
24.248 -453.490 -70.315 -0.039 0.000 0.089 0.995
24.227 -453.374 -70.324 -0.040 0.000 0.091 0.995
24.208 -453.276 -70.332 -0.041 0.000 0.092 0.995
24.183 -453.144 -70.343 -0.042 0.000 0.095 0.995
24.160 -453.023 -70.354 -0.042 0.000 0.097 0.994
24.128 -452.868 -70.367 -0.043 0.000 0.100 0.994
24.110 -452.778 -70.375 -0.044 0.000 0.102 0.994
24.084 -452.658 -70.386 -0.045 0.000 0.104 0.994
24.066 -452.570 -70.394 -0.046 0.000 0.106 0.993
24.040 -452.454 -70.405 -0.046 0.000 0.108 0.993
24.020 -452.363 -70.414 -0.047 0.000 0.110 0.993
23.996 -452.256 -70.424 -0.048 0.000 0.112 0.993
23.973 -452.159 -70.434 -0.048 0.000 0.113 0.992
23.943 -452.032 -70.446 -0.049 0.000 0.116 0.992
23.923 -451.946 -70.455 -0.050 0.000 0.118 0.992
23.899 -451.847 -70.465 -0.051 0.000 0.119 0.992
23.878 -451.762 -70.474 -0.052 0.000 0.121 0.991
23.853 -451.663 -70.485 -0.053 0.000 0.122 0.991
23.823 -451.544 -70.498 -0.054 0.000 0.125 0.991
23.795 -451.435 -70.510 -0.054 0.000 0.127 0.990
23.770 -451.342 -70.521 -0.055 0.000 0.128 0.990
23.745 -451.249 -70.531 -0.056 0.000 0.130 0.990
23.709 -451.116 -70.547 -0.057 0.000 0.133 0.990
23.678 -451.003 -70.560 -0.058 0.000 0.135 0.989
23.642 -450.874 -70.576 -0.059 0.000 0.137 0.989
23.610 -450.763 -70.589 -0.059 0.000 0.139 0.988
23.583 -450.671 -70.601 -0.060 0.000 0.141 0.988
23.559 -450.587 -70.611 -0.061 0.000 0.143 0.988
23.531 -450.496 -70.623 -0.061 0.000 0.144 0.988
23.499 -450.388 -70.636 -0.062 0.000 0.146 0.987
23.474 -450.308 -70.647 -0.063 0.000 0.148 0.987
23.443 -450.209 -70.660 -0.064 0.000 0.150 0.987
23.412 -450.108 -70.673 -0.065 0.000 0.152 0.986
23.381 -450.011 -70.687 -0.065 0.000 0.154 0.986
23.347 -449.905 -70.701 -0.066 0.000 0.155 0.986
23.319 -449.822 -70.713 -0.066 0.000 0.157 0.985
23.296 -449.750 -70.723 -0.067 0.000 0.158 0.985
23.266 -449.660 -70.736 -0.067 0.000 0.160 0.985
23.244 -449.595 -70.745 -0.068 0.000 0.161 0.985
23.210 -449.497 -70.759 -0.068 0.000 0.163 0.984
23.173 -449.387 -70.775 -0.069 0.000 0.165 0.984
23.144 -449.306 -70.786 -0.070 0.000 0.166 0.984
23.127 -449.255 -70.794 -0.070 0.000 0.167 0.983
23.098 -449.174 -70.806 -0.071 0.000 0.168 0.983
23.066 -449.084 -70.819 -0.072 0.000 0.170 0.983
23.039 -449.010 -70.831 -0.072 0.000 0.172 0.983
22.993 -448.883 -70.850 -0.074 0.000 0.174 0.982
22.956 -448.784 -70.866 -0.074 0.000 0.176 0.982
22.921 -448.690 -70.881 -0.075 0.000 0.177 0.981
22.891 -448.611 -70.893 -0.076 0.000 0.179 0.981
22.839 -448.476 -70.915 -0.077 0.000 0.181 0.980
22.809 -448.397 -70.928 -0.077 0.000 0.183 0.980
22.784 -448.333 -70.939 -0.078 0.000 0.184 0.980
22.745 -448.234 -70.955 -0.079 0.000 0.186 0.979
22.721 -448.175 -70.965 -0.079 0.000 0.187 0.979
22.696 -448.112 -70.976 -0.080 0.000 0.188 0.979
22.663 -448.030 -70.990 -0.081 0.000 0.189 0.979
22.605 -447.886 -71.015 -0.082 0.000 0.192 0.978
22.570 -447.801 -71.030 -0.082 0.000 0.193 0.978
22.532 -447.711 -71.046 -0.083 0.000 0.194 0.977
22.478 -447.582 -71.069 -0.084 0.000 0.197 0.977
22.431 -447.471 -71.089 -0.084 0.000 0.198 0.977
22.390 -447.376 -71.106 -0.085 0.000 0.200 0.976
22.352 -447.288 -71.122 -0.085 0.000 0.201 0.976
22.298 -447.164 -71.145 -0.086 0.000 0.203 0.975
22.251 -447.056 -71.165 -0.087 0.000 0.204 0.975
22.184 -446.906 -71.194 -0.088 0.000 0.207 0.974
22.131 -446.790 -71.216 -0.088 0.000 0.209 0.974
22.081 -446.680 -71.237 -0.089 0.000 0.211 0.973
22.040 -446.592 -71.254 -0.090 0.000 0.213 0.973
22.003 -446.513 -71.270 -0.091 0.000 0.214 0.973
21.950 -446.400 -71.293 -0.092 0.000 0.216 0.972
21.892 -446.278 -71.317 -0.092 0.000 0.218 0.971
21.867 -446.226 -71.328 -0.093 0.000 0.219 0.971
21.816 -446.120 -71.349 -0.094 0.000 0.221 0.971
21.759 -446.003 -71.373 -0.094 0.000 0.223 0.970
21.716 -445.917 -71.391 -0.095 0.000 0.225 0.970
21.675 -445.834 -71.409 -0.095 0.000 0.227 0.969
21.628 -445.740 -71.429 -0.096 0.000 0.229 0.969
21.578 -445.641 -71.450 -0.097 0.000 0.230 0.968
21.522 -445.533 -71.473 -0.098 0.000 0.232 0.968
21.484 -445.458 -71.489 -0.098 0.000 0.234 0.967
21.449 -445.391 -71.504 -0.099 0.000 0.235 0.967
21.396 -445.290 -71.526 -0.100 0.000 0.236 0.967
21.353 -445.208 -71.544 -0.100 0.000 0.238 0.966
21.307 -445.122 -71.564 -0.101 0.000 0.239 0.966
21.265 -445.043 -71.582 -0.102 0.000 0.240 0.965
21.212 -444.946 -71.604 -0.102 0.000 0.242 0.965
21.177 -444.881 -71.619 -0.103 0.000 0.243 0.965
21.121 -444.778 -71.642 -0.103 0.000 0.244 0.964
21.070 -444.687 -71.664 -0.104 0.000 0.246 0.964
21.030 -444.614 -71.681 -0.105 0.000 0.247 0.963
20.974 -444.514 -71.704 -0.105 0.000 0.249 0.963
20.938 -444.450 -71.720 -0.106 0.000 0.250 0.962
20.886 -444.358 -71.741 -0.106 0.000 0.251 0.962
20.836 -444.269 -71.763 -0.107 0.000 0.252 0.962
20.797 -444.202 -71.779 -0.107 0.000 0.253 0.961
20.741 -444.104 -71.803 -0.107 0.000 0.254 0.961
20.696 -444.026 -71.822 -0.108 0.000 0.256 0.961
20.625 -443.904 -71.851 -0.108 0.001 0.257 0.960
20.536 -443.753 -71.889 -0.109 0.001 0.259 0.960
20.505 -443.701 -71.902 -0.109 0.001 0.259 0.960
20.453 -443.613 -71.923 -0.109 0.001 0.261 0.959
20.402 -443.527 -71.945 -0.110 0.001 0.261 0.959
20.355 -443.449 -71.964 -0.110 0.001 0.263 0.959
20.324 -443.397 -71.977 -0.110 0.001 0.263 0.958
20.284 -443.331 -71.994 -0.111 0.001 0.264 0.958
20.255 -443.283 -72.006 -0.111 0.001 0.265 0.958
20.197 -443.189 -72.030 -0.111 0.001 0.266 0.958
20.154 -443.119 -72.048 -0.112 0.001 0.267 0.957
20.094 -443.022 -72.073 -0.112 0.001 0.269 0.957
20.041 -442.936 -72.095 -0.112 0.001 0.270 0.956
19.988 -442.851 -72.117 -0.112 0.001 0.271 0.956
19.913 -442.731 -72.148 -0.113 0.001 0.272 0.956
19.858 -442.643 -72.171 -0.113 0.001 0.273 0.955
19.806 -442.562 -72.192 -0.113 0.001 0.275 0.955
19.751 -442.475 -72.215 -0.114 0.001 0.275 0.955
19.705 -442.405 -72.234 -0.114 0.001 0.277 0.954
19.642 -442.306 -72.260 -0.115 0.001 0.278 0.954
19.565 -442.188 -72.291 -0.115 0.001 0.279 0.953
19.514 -442.110 -72.312 -0.116 0.001 0.280 0.953
19.482 -442.061 -72.326 -0.116 0.001 0.281 0.953
19.424 -441.972 -72.350 -0.117 0.001 0.282 0.952
19.378 -441.903 -72.369 -0.117 0.001 0.283 0.952
19.316 -441.810 -72.394 -0.118 0.001 0.285 0.951
19.260 -441.727 -72.417 -0.118 0.001 0.286 0.951
19.187 -441.619 -72.447 -0.119 0.001 0.288 0.950
19.120 -441.520 -72.475 -0.119 0.001 0.289 0.950
19.066 -441.442 -72.497 -0.120 0.001 0.290 0.949
19.013 -441.365 -72.519 -0.120 0.001 0.291 0.949
18.942 -441.263 -72.548 -0.121 0.001 0.293 0.949
18.897 -441.199 -72.566 -0.121 0.001 0.294 0.948
18.858 -441.142 -72.582 -0.121 0.001 0.294 0.948
18.764 -441.008 -72.621 -0.122 0.001 0.296 0.947
18.729 -440.959 -72.635 -0.122 0.001 0.297 0.947
18.671 -440.878 -72.659 -0.122 0.001 0.298 0.947
18.620 -440.805 -72.680 -0.122 0.001 0.299 0.946
18.563 -440.726 -72.703 -0.123 0.001 0.300 0.946
18.512 -440.655 -72.723 -0.123 0.001 0.301 0.946
18.457 -440.580 -72.746 -0.123 0.001 0.302 0.945
18.390 -440.488 -72.773 -0.124 0.002 0.304 0.945
18.343 -440.423 -72.792 -0.124 0.002 0.304 0.944
18.276 -440.332 -72.819 -0.124 0.002 0.306 0.944
18.215 -440.249 -72.844 -0.125 0.002 0.307 0.944
18.154 -440.167 -72.868 -0.125 0.002 0.308 0.943
18.090 -440.082 -72.894 -0.125 0.002 0.309 0.943
18.038 -440.013 -72.915 -0.125 0.002 0.311 0.942
17.983 -439.940 -72.937 -0.126 0.002 0.312 0.942
17.948 -439.894 -72.951 -0.126 0.002 0.312 0.942
17.871 -439.794 -72.982 -0.127 0.002 0.314 0.941
17.814 -439.720 -73.005 -0.127 0.002 0.315 0.941
17.766 -439.658 -73.024 -0.128 0.002 0.316 0.940
17.713 -439.590 -73.046 -0.128 0.002 0.317 0.940
17.652 -439.512 -73.070 -0.128 0.002 0.318 0.939
17.592 -439.436 -73.094 -0.128 0.002 0.319 0.939
17.524 -439.348 -73.122 -0.129 0.002 0.320 0.939
17.477 -439.289 -73.140 -0.129 0.002 0.320 0.938
17.414 -439.209 -73.166 -0.130 0.002 0.321 0.938
17.348 -439.126 -73.192 -0.130 0.002 0.322 0.938
17.274 -439.033 -73.222 -0.130 0.002 0.323 0.937
17.217 -438.962 -73.245 -0.131 0.002 0.324 0.937
17.139 -438.865 -73.276 -0.131 0.002 0.325 0.937
17.087 -438.802 -73.297 -0.131 0.002 0.326 0.936
17.031 -438.732 -73.319 -0.131 0.002 0.327 0.936
16.965 -438.651 -73.345 -0.131 0.002 0.328 0.936
16.925 -438.602 -73.361 -0.131 0.002 0.328 0.935
16.858 -438.520 -73.388 -0.131 0.002 0.329 0.935
16.798 -438.448 -73.411 -0.131 0.003 0.330 0.935
16.729 -438.364 -73.439 -0.131 0.003 0.330 0.935
16.671 -438.293 -73.462 -0.131 0.003 0.331 0.934
16.594 -438.201 -73.492 -0.131 0.003 0.332 0.934
16.535 -438.130 -73.515 -0.131 0.003 0.333 0.934
16.481 -438.065 -73.536 -0.132 0.003 0.333 0.934
16.426 -438.000 -73.558 -0.132 0.003 0.334 0.933
16.356 -437.916 -73.585 -0.132 0.003 0.334 0.933
16.301 -437.851 -73.607 -0.132 0.003 0.335 0.933
16.225 -437.762 -73.636 -0.132 0.003 0.336 0.933
16.167 -437.693 -73.659 -0.132 0.003 0.337 0.932
16.100 -437.615 -73.685 -0.132 0.003 0.337 0.932
16.050 -437.557 -73.704 -0.132 0.003 0.338 0.932
15.983 -437.478 -73.730 -0.133 0.003 0.339 0.931
15.910 -437.393 -73.759 -0.133 0.003 0.339 0.931
15.849 -437.323 -73.782 -0.133 0.003 0.340 0.931
15.808 -437.275 -73.798 -0.133 0.004 0.341 0.931
15.761 -437.221 -73.816 -0.133 0.004 0.341 0.931
15.712 -437.165 -73.835 -0.133 0.004 0.342 0.930
15.653 -437.098 -73.858 -0.133 0.004 0.342 0.930
15.579 -437.013 -73.886 -0.133 0.004 0.343 0.930
15.516 -436.941 -73.910 -0.133 0.004 0.344 0.930
15.462 -436.879 -73.931 -0.133 0.004 0.344 0.930
15.402 -436.811 -73.953 -0.133 0.004 0.345 0.929
15.341 -436.743 -73.976 -0.133 0.004 0.345 0.929
15.280 -436.673 -74.000 -0.133 0.004 0.346 0.929
15.207 -436.591 -74.027 -0.133 0.004 0.346 0.929
15.111 -436.484 -74.063 -0.133 0.004 0.347 0.928
15.033 -436.397 -74.093 -0.132 0.005 0.347 0.928
14.980 -436.337 -74.113 -0.132 0.005 0.348 0.928
14.930 -436.281 -74.132 -0.132 0.005 0.348 0.928
14.878 -436.223 -74.151 -0.132 0.005 0.348 0.928
14.840 -436.180 -74.165 -0.132 0.005 0.349 0.928
14.763 -436.095 -74.194 -0.132 0.005 0.349 0.928
14.630 -435.948 -74.243 -0.133 0.005 0.351 0.927
14.580 -435.892 -74.262 -0.133 0.005 0.351 0.927
