26.390 -423.601 -82.405 -0.025 0.000 0.050 0.998
26.383 -423.534 -82.408 -0.026 0.000 0.051 0.998
26.374 -423.445 -82.413 -0.026 0.000 0.052 0.998
26.363 -423.336 -82.419 -0.026 0.000 0.054 0.998
26.351 -423.230 -82.424 -0.027 0.000 0.056 0.998
26.346 -423.189 -82.427 -0.027 0.000 0.056 0.998
26.336 -423.099 -82.432 -0.028 0.000 0.058 0.998
26.315 -422.923 -82.442 -0.030 0.000 0.061 0.998
26.303 -422.828 -82.448 -0.030 0.000 0.062 0.998
26.292 -422.743 -82.453 -0.031 0.000 0.063 0.998
26.284 -422.681 -82.457 -0.031 0.000 0.065 0.997
26.268 -422.560 -82.465 -0.032 0.000 0.067 0.997
26.256 -422.469 -82.471 -0.033 0.000 0.068 0.997
26.244 -422.379 -82.477 -0.034 0.000 0.070 0.997
26.224 -422.240 -82.486 -0.034 0.000 0.072 0.997
26.210 -422.147 -82.493 -0.035 0.000 0.073 0.997
26.191 -422.018 -82.502 -0.036 0.000 0.075 0.997
26.170 -421.885 -82.512 -0.037 0.000 0.077 0.996
26.157 -421.801 -82.518 -0.038 0.000 0.079 0.996
26.146 -421.732 -82.524 -0.038 0.000 0.080 0.996
26.133 -421.657 -82.530 -0.039 0.000 0.081 0.996
26.112 -421.525 -82.540 -0.040 0.000 0.083 0.996
26.098 -421.445 -82.547 -0.040 0.000 0.084 0.996
26.077 -421.320 -82.557 -0.041 0.000 0.086 0.995
26.062 -421.235 -82.564 -0.041 0.000 0.088 0.995
26.048 -421.157 -82.570 -0.042 0.000 0.089 0.995
26.031 -421.064 -82.578 -0.042 0.000 0.090 0.995
26.019 -421.001 -82.584 -0.043 0.000 0.091 0.995
26.005 -420.924 -82.590 -0.043 0.000 0.092 0.995
25.981 -420.801 -82.601 -0.043 0.000 0.095 0.995
25.962 -420.702 -82.610 -0.044 0.000 0.096 0.994
25.940 -420.588 -82.620 -0.045 0.000 0.099 0.994
25.915 -420.466 -82.631 -0.046 0.000 0.101 0.994
25.897 -420.380 -82.639 -0.046 0.000 0.102 0.994
25.878 -420.290 -82.648 -0.047 0.000 0.104 0.994
25.853 -420.171 -82.659 -0.048 0.000 0.105 0.993
25.838 -420.102 -82.666 -0.048 0.000 0.107 0.993
25.820 -420.021 -82.674 -0.049 0.000 0.108 0.993
25.798 -419.923 -82.684 -0.049 0.000 0.110 0.993
25.768 -419.793 -82.697 -0.050 0.000 0.112 0.992
25.743 -419.686 -82.708 -0.051 0.000 0.114 0.992
25.719 -419.582 -82.719 -0.051 0.000 0.116 0.992
25.699 -419.501 -82.728 -0.052 0.000 0.118 0.992
25.678 -419.412 -82.737 -0.052 0.000 0.119 0.991
25.651 -419.304 -82.749 -0.053 0.000 0.121 0.991
25.627 -419.208 -82.759 -0.054 0.000 0.123 0.991
25.610 -419.143 -82.767 -0.055 0.000 0.124 0.991
25.580 -419.025 -82.780 -0.056 0.000 0.126 0.990
25.554 -418.927 -82.791 -0.056 0.000 0.128 0.990
25.536 -418.860 -82.799 -0.057 0.000 0.129 0.990
25.512 -418.770 -82.810 -0.057 0.000 0.131 0.990
25.483 -418.661 -82.823 -0.058 0.000 0.132 0.989
25.455 -418.561 -82.835 -0.059 0.000 0.134 0.989
25.437 -418.496 -82.843 -0.060 0.000 0.136 0.989
25.411 -418.404 -82.854 -0.061 0.000 0.137 0.989
25.392 -418.337 -82.863 -0.062 0.000 0.139 0.988
25.354 -418.207 -82.879 -0.062 0.000 0.141 0.988
25.320 -418.090 -82.895 -0.063 0.000 0.143 0.988
25.279 -417.955 -82.912 -0.064 0.000 0.146 0.987
25.249 -417.858 -82.925 -0.065 0.000 0.148 0.987
25.231 -417.797 -82.934 -0.065 0.000 0.149 0.987
25.191 -417.669 -82.951 -0.066 0.001 0.151 0.986
25.155 -417.557 -82.967 -0.066 0.001 0.153 0.986
25.126 -417.464 -82.979 -0.067 0.001 0.155 0.986
25.101 -417.389 -82.990 -0.068 0.001 0.156 0.985
25.064 -417.276 -83.006 -0.068 0.001 0.158 0.985
25.032 -417.178 -83.020 -0.069 0.001 0.159 0.985
25.005 -417.098 -83.032 -0.069 0.001 0.161 0.985
24.976 -417.013 -83.044 -0.070 0.001 0.162 0.984
24.950 -416.938 -83.055 -0.070 0.001 0.163 0.984
24.915 -416.835 -83.070 -0.071 0.001 0.165 0.984
24.869 -416.703 -83.090 -0.072 0.001 0.167 0.983
24.830 -416.595 -83.106 -0.073 0.001 0.169 0.983
24.803 -416.519 -83.118 -0.073 0.001 0.170 0.983
24.766 -416.415 -83.134 -0.074 0.001 0.172 0.982
24.733 -416.326 -83.148 -0.074 0.001 0.174 0.982
24.715 -416.278 -83.156 -0.075 0.001 0.175 0.982
24.676 -416.172 -83.172 -0.076 0.001 0.176 0.981
24.645 -416.090 -83.186 -0.076 0.001 0.178 0.981
24.606 -415.988 -83.202 -0.077 0.001 0.179 0.981
24.580 -415.920 -83.213 -0.077 0.001 0.181 0.980
24.541 -415.818 -83.230 -0.078 0.001 0.183 0.980
24.497 -415.706 -83.249 -0.079 0.001 0.185 0.980
24.454 -415.596 -83.267 -0.080 0.001 0.186 0.979
24.423 -415.519 -83.281 -0.081 0.001 0.188 0.979
24.388 -415.432 -83.296 -0.081 0.001 0.189 0.979
24.352 -415.343 -83.311 -0.082 0.001 0.191 0.978
24.301 -415.219 -83.333 -0.082 0.001 0.193 0.978
24.255 -415.111 -83.352 -0.083 0.001 0.195 0.977
24.222 -415.031 -83.366 -0.084 0.001 0.197 0.977
24.187 -414.949 -83.381 -0.084 0.001 0.198 0.977
24.152 -414.868 -83.396 -0.085 0.001 0.200 0.976
24.121 -414.796 -83.409 -0.086 0.001 0.201 0.976
24.079 -414.700 -83.427 -0.086 0.001 0.203 0.975
24.004 -414.531 -83.459 -0.088 0.001 0.206 0.975
23.975 -414.464 -83.471 -0.088 0.001 0.207 0.974
23.934 -414.374 -83.489 -0.089 0.001 0.209 0.974
23.896 -414.290 -83.505 -0.090 0.001 0.211 0.973
23.861 -414.215 -83.519 -0.090 0.001 0.212 0.973
23.828 -414.144 -83.534 -0.091 0.001 0.213 0.973
23.785 -414.050 -83.552 -0.092 0.001 0.215 0.972
23.762 -414.003 -83.562 -0.092 0.001 0.216 0.972
23.716 -413.906 -83.581 -0.093 0.001 0.218 0.972
23.680 -413.830 -83.597 -0.093 0.001 0.220 0.971
23.638 -413.744 -83.614 -0.094 0.001 0.221 0.971
23.594 -413.653 -83.633 -0.095 0.001 0.223 0.970
23.542 -413.550 -83.655 -0.096 0.001 0.226 0.970
23.500 -413.466 -83.672 -0.097 0.001 0.227 0.969
23.445 -413.356 -83.696 -0.097 0.001 0.229 0.969
23.405 -413.276 -83.713 -0.098 0.001 0.231 0.968
23.371 -413.211 -83.727 -0.099 0.001 0.232 0.968
23.319 -413.110 -83.750 -0.100 0.001 0.234 0.967
23.274 -413.024 -83.769 -0.101 0.001 0.236 0.967
23.241 -412.962 -83.783 -0.102 0.001 0.237 0.966
23.205 -412.893 -83.798 -0.102 0.001 0.238 0.966
23.164 -412.817 -83.816 -0.103 0.001 0.239 0.965
23.112 -412.719 -83.838 -0.103 0.001 0.241 0.965
23.067 -412.637 -83.857 -0.104 0.001 0.243 0.965
23.020 -412.551 -83.877 -0.105 0.001 0.244 0.964
22.961 -412.445 -83.903 -0.106 0.001 0.246 0.963
22.924 -412.376 -83.919 -0.106 0.001 0.248 0.963
22.866 -412.274 -83.944 -0.107 0.001 0.250 0.962
22.803 -412.163 -83.971 -0.108 0.001 0.252 0.962
22.772 -412.110 -83.984 -0.108 0.001 0.253 0.961
22.718 -412.016 -84.007 -0.109 0.001 0.255 0.961
22.674 -411.940 -84.026 -0.110 0.001 0.257 0.960
22.615 -411.839 -84.051 -0.111 0.001 0.259 0.960
22.566 -411.756 -84.072 -0.112 0.001 0.260 0.959
22.518 -411.675 -84.093 -0.112 0.001 0.262 0.959
22.460 -411.580 -84.117 -0.113 0.001 0.264 0.958
22.394 -411.471 -84.146 -0.114 0.001 0.266 0.957
22.317 -411.346 -84.179 -0.115 0.001 0.268 0.956
22.266 -411.264 -84.200 -0.116 0.001 0.270 0.956
22.196 -411.153 -84.230 -0.117 0.001 0.272 0.955
22.127 -411.043 -84.260 -0.118 0.000 0.274 0.954
22.092 -410.988 -84.275 -0.119 0.001 0.275 0.954
22.040 -410.908 -84.297 -0.119 0.000 0.277 0.953
21.976 -410.808 -84.325 -0.121 0.000 0.279 0.953
21.923 -410.728 -84.348 -0.121 0.000 0.281 0.952
21.874 -410.653 -84.369 -0.122 0.000 0.282 0.952
21.822 -410.576 -84.391 -0.122 0.000 0.284 0.951
21.773 -410.503 -84.413 -0.123 0.001 0.285 0.951
21.725 -410.431 -84.433 -0.123 0.001 0.287 0.950
21.681 -410.367 -84.452 -0.124 0.001 0.288 0.950
21.616 -410.272 -84.480 -0.125 0.000 0.290 0.949
21.550 -410.176 -84.508 -0.126 0.000 0.292 0.948
21.474 -410.067 -84.541 -0.126 0.001 0.294 0.947
21.411 -409.977 -84.568 -0.127 0.000 0.296 0.947
21.339 -409.875 -84.599 -0.128 0.001 0.298 0.946
21.289 -409.806 -84.620 -0.128 0.001 0.299 0.945
21.206 -409.691 -84.656 -0.130 0.001 0.302 0.945
21.124 -409.579 -84.691 -0.131 0.000 0.304 0.944
21.083 -409.523 -84.709 -0.132 0.000 0.305 0.943
21.030 -409.452 -84.732 -0.132 0.001 0.307 0.943
20.991 -409.400 -84.748 -0.133 0.001 0.308 0.942
20.929 -409.317 -84.775 -0.133 0.001 0.310 0.941
20.893 -409.270 -84.790 -0.134 0.001 0.311 0.941
20.837 -409.197 -84.814 -0.134 0.001 0.313 0.940
20.798 -409.146 -84.831 -0.135 0.001 0.314 0.940
20.743 -409.074 -84.855 -0.135 0.001 0.315 0.939
20.675 -408.987 -84.884 -0.136 0.001 0.317 0.938
20.627 -408.927 -84.904 -0.137 0.001 0.319 0.938
20.543 -408.821 -84.940 -0.138 0.000 0.321 0.937
20.482 -408.743 -84.967 -0.139 0.001 0.323 0.936
20.443 -408.695 -84.983 -0.139 0.001 0.324 0.936
20.393 -408.633 -85.005 -0.139 0.001 0.325 0.935
20.348 -408.578 -85.024 -0.140 0.001 0.326 0.935
20.303 -408.523 -85.043 -0.141 0.000 0.328 0.934
20.241 -408.447 -85.070 -0.142 0.000 0.329 0.934
20.190 -408.386 -85.092 -0.143 0.000 0.331 0.933
20.123 -408.306 -85.121 -0.144 0.000 0.332 0.932
20.051 -408.221 -85.152 -0.144 0.000 0.334 0.931
20.000 -408.161 -85.174 -0.145 0.000 0.336 0.931
19.939 -408.090 -85.200 -0.145 0.000 0.337 0.930
19.889 -408.032 -85.221 -0.146 0.000 0.339 0.930
19.812 -407.943 -85.255 -0.147 0.000 0.341 0.929
19.748 -407.870 -85.282 -0.148 0.000 0.342 0.928
19.665 -407.776 -85.318 -0.149 0.000 0.345 0.927
19.628 -407.735 -85.334 -0.149 0.000 0.345 0.926
19.581 -407.682 -85.354 -0.150 0.000 0.347 0.926
19.536 -407.632 -85.374 -0.150 0.000 0.348 0.926
19.465 -407.554 -85.404 -0.151 0.000 0.350 0.925
19.416 -407.501 -85.425 -0.151 0.000 0.351 0.924
19.344 -407.423 -85.456 -0.152 0.000 0.353 0.923
19.247 -407.319 -85.498 -0.153 0.000 0.356 0.922
19.171 -407.238 -85.531 -0.154 0.000 0.358 0.921
19.101 -407.164 -85.561 -0.155 0.001 0.359 0.920
19.058 -407.119 -85.579 -0.155 0.001 0.360 0.920
18.963 -407.021 -85.620 -0.156 0.000 0.363 0.919
18.897 -406.953 -85.648 -0.157 0.000 0.365 0.918
18.808 -406.862 -85.687 -0.158 0.001 0.367 0.917
18.740 -406.794 -85.716 -0.159 0.001 0.369 0.916
18.667 -406.721 -85.747 -0.160 0.000 0.371 0.915
18.588 -406.643 -85.781 -0.161 0.000 0.372 0.914
18.527 -406.583 -85.807 -0.162 0.000 0.374 0.913
18.447 -406.505 -85.842 -0.162 0.000 0.376 0.912
18.352 -406.413 -85.883 -0.163 0.000 0.378 0.911
18.278 -406.342 -85.915 -0.164 0.000 0.380 0.910
18.211 -406.279 -85.944 -0.164 0.001 0.382 0.909
18.128 -406.202 -85.979 -0.165 0.000 0.384 0.908
18.053 -406.132 -86.011 -0.166 0.001 0.386 0.908
17.930 -406.019 -86.065 -0.167 0.001 0.389 0.906
17.852 -405.948 -86.098 -0.168 0.001 0.390 0.905
17.811 -405.911 -86.116 -0.168 0.001 0.391 0.905
17.732 -405.841 -86.149 -0.169 0.001 0.393 0.904
17.659 -405.776 -86.181 -0.170 0.001 0.395 0.903
17.583 -405.709 -86.213 -0.171 0.001 0.397 0.902
17.501 -405.638 -86.248 -0.172 0.001 0.399 0.901
17.402 -405.552 -86.291 -0.173 0.000 0.401 0.900
17.324 -405.486 -86.325 -0.173 0.000 0.403 0.899
17.257 -405.429 -86.353 -0.174 0.000 0.404 0.898
17.164 -405.351 -86.394 -0.175 0.000 0.406 0.897
17.061 -405.266 -86.438 -0.176 0.000 0.409 0.896
17.017 -405.230 -86.457 -0.177 0.000 0.410 0.895
16.947 -405.172 -86.487 -0.177 0.000 0.411 0.894
16.880 -405.118 -86.516 -0.178 0.000 0.412 0.893
16.805 -405.058 -86.548 -0.179 0.000 0.414 0.892
16.739 -405.005 -86.577 -0.179 0.000 0.416 0.892
16.644 -404.930 -86.617 -0.180 0.000 0.418 0.890
16.574 -404.874 -86.648 -0.181 0.000 0.419 0.889
16.479 -404.800 -86.689 -0.182 0.000 0.421 0.889
16.360 -404.709 -86.741 -0.183 0.000 0.424 0.887
16.264 -404.636 -86.782 -0.185 0.000 0.426 0.886
16.195 -404.584 -86.812 -0.185 0.000 0.427 0.885
16.125 -404.532 -86.842 -0.186 0.000 0.429 0.884
16.047 -404.474 -86.876 -0.187 0.000 0.430 0.883
15.984 -404.428 -86.903 -0.187 0.000 0.431 0.882
15.899 -404.366 -86.941 -0.188 0.000 0.433 0.882
15.811 -404.302 -86.979 -0.189 0.000 0.435 0.880
15.712 -404.232 -87.022 -0.190 0.000 0.437 0.879
15.605 -404.156 -87.069 -0.191 0.000 0.439 0.878
15.524 -404.100 -87.104 -0.192 0.000 0.441 0.877
15.429 -404.034 -87.145 -0.193 -0.001 0.443 0.876
15.332 -403.967 -87.187 -0.194 -0.001 0.445 0.874
15.226 -403.896 -87.234 -0.195 -0.001 0.447 0.873
15.152 -403.847 -87.266 -0.196 -0.001 0.448 0.872
15.064 -403.788 -87.304 -0.196 -0.001 0.450 0.871
14.967 -403.724 -87.347 -0.197 -0.001 0.452 0.870
14.903 -403.682 -87.375 -0.198 -0.001 0.453 0.869
14.837 -403.639 -87.404 -0.198 -0.001 0.455 0.868
14.766 -403.594 -87.435 -0.199 -0.001 0.456 0.868
14.634 -403.510 -87.492 -0.200 -0.001 0.459 0.866
14.556 -403.462 -87.526 -0.201 -0.001 0.460 0.865
14.508 -403.432 -87.548 -0.201 -0.001 0.461 0.864
14.412 -403.373 -87.589 -0.202 -0.001 0.463 0.863
14.294 -403.301 -87.641 -0.203 -0.001 0.465 0.862
14.225 -403.259 -87.671 -0.203 -0.001 0.466 0.861
14.164 -403.222 -87.698 -0.204 -0.001 0.467 0.860
14.086 -403.176 -87.732 -0.204 0.000 0.469 0.859
13.964 -403.104 -87.785 -0.205 -0.001 0.471 0.858
13.840 -403.032 -87.839 -0.206 -0.001 0.473 0.857
13.717 -402.961 -87.893 -0.207 0.000 0.475 0.855
13.653 -402.925 -87.921 -0.207 -0.001 0.476 0.855
13.574 -402.880 -87.955 -0.208 -0.001 0.477 0.854
13.478 -402.826 -87.997 -0.209 -0.001 0.479 0.853
13.457 -402.815 -88.006 -0.209 -0.001 0.479 0.853
13.368 -402.766 -88.045 -0.209 -0.001 0.481 0.851
13.275 -402.715 -88.085 -0.210 0.000 0.482 0.850
13.187 -402.667 -88.124 -0.210 0.000 0.484 0.849
13.090 -402.615 -88.166 -0.211 0.000 0.486 0.848
13.003 -402.569 -88.204 -0.211 0.000 0.487 0.847
12.920 -402.525 -88.240 -0.212 0.000 0.489 0.846
12.839 -402.483 -88.275 -0.212 0.000 0.490 0.845
12.755 -402.439 -88.311 -0.213 0.000 0.492 0.844
12.670 -402.396 -88.348 -0.214 0.000 0.493 0.843
12.593 -402.357 -88.381 -0.214 0.000 0.495 0.842
12.525 -402.323 -88.411 -0.215 0.000 0.496 0.841
12.462 -402.292 -88.438 -0.215 0.000 0.497 0.841
12.377 -402.250 -88.475 -0.216 0.000 0.498 0.840
12.304 -402.214 -88.507 -0.217 0.000 0.499 0.839
12.249 -402.188 -88.530 -0.217 0.000 0.500 0.838
12.160 -402.145 -88.569 -0.218 0.000 0.502 0.837
12.065 -402.100 -88.610 -0.218 0.000 0.504 0.836
11.988 -402.064 -88.643 -0.219 0.000 0.505 0.835
11.924 -402.034 -88.671 -0.219 0.000 0.506 0.834
11.814 -401.983 -88.719 -0.220 0.000 0.508 0.833
11.769 -401.963 -88.738 -0.220 0.000 0.509 0.832
11.676 -401.921 -88.778 -0.221 0.000 0.510 0.831
11.570 -401.874 -88.824 -0.222 0.000 0.512 0.830
11.507 -401.846 -88.851 -0.222 0.000 0.513 0.829
11.432 -401.813 -88.884 -0.223 0.000 0.514 0.828
11.361 -401.782 -88.914 -0.223 0.000 0.515 0.827
11.259 -401.738 -88.959 -0.224 0.000 0.517 0.826
11.153 -401.693 -89.004 -0.225 0.000 0.519 0.825
11.078 -401.662 -89.037 -0.225 0.000 0.520 0.824
10.993 -401.627 -89.074 -0.226 0.000 0.521 0.823
10.916 -401.595 -89.107 -0.226 0.000 0.523 0.822
10.859 -401.571 -89.132 -0.227 0.000 0.523 0.821
10.780 -401.540 -89.166 -0.227 0.000 0.525 0.820
10.703 -401.509 -89.199 -0.228 0.000 0.526 0.819
10.641 -401.484 -89.226 -0.228 0.000 0.527 0.819
10.537 -401.444 -89.271 -0.229 0.000 0.529 0.817
10.470 -401.418 -89.300 -0.229 0.000 0.530 0.817
10.396 -401.390 -89.332 -0.230 0.000 0.531 0.816
10.317 -401.360 -89.366 -0.230 0.001 0.533 0.815
10.211 -401.320 -89.412 -0.230 0.001 0.534 0.814
10.141 -401.294 -89.442 -0.231 0.001 0.535 0.813
10.007 -401.245 -89.499 -0.232 0.001 0.537 0.811
9.893 -401.204 -89.548 -0.232 0.001 0.538 0.810
9.817 -401.177 -89.581 -0.233 0.001 0.539 0.810
9.735 -401.147 -89.616 -0.233 0.001 0.540 0.809
