24.700 -458.387 -70.112 -0.001 0.000 0.002 1.000
24.699 -458.286 -70.112 -0.002 0.000 0.004 1.000
24.699 -458.222 -70.113 -0.002 0.000 0.005 1.000
24.697 -458.084 -70.113 -0.003 0.000 0.007 1.000
24.696 -458.020 -70.114 -0.003 0.000 0.008 1.000
24.694 -457.930 -70.114 -0.004 0.000 0.010 1.000
24.693 -457.872 -70.115 -0.005 0.000 0.011 1.000
24.690 -457.727 -70.116 -0.006 0.000 0.013 1.000
24.686 -457.615 -70.118 -0.006 0.000 0.015 1.000
24.683 -457.498 -70.119 -0.007 0.000 0.017 1.000
24.677 -457.350 -70.121 -0.008 0.000 0.020 1.000
24.671 -457.208 -70.124 -0.009 0.000 0.022 1.000
24.665 -457.083 -70.126 -0.010 0.000 0.025 1.000
24.662 -457.016 -70.128 -0.010 0.000 0.026 1.000
24.655 -456.899 -70.130 -0.011 0.000 0.028 1.000
24.647 -456.749 -70.134 -0.013 0.000 0.031 0.999
24.640 -456.640 -70.137 -0.013 0.000 0.033 0.999
24.632 -456.521 -70.140 -0.014 0.000 0.035 0.999
24.622 -456.390 -70.144 -0.016 0.000 0.037 0.999
24.614 -456.286 -70.147 -0.017 0.000 0.039 0.999
24.604 -456.161 -70.152 -0.018 0.000 0.041 0.999
24.592 -456.017 -70.157 -0.019 0.000 0.044 0.999
24.581 -455.897 -70.162 -0.020 0.000 0.046 0.999
24.567 -455.750 -70.168 -0.021 0.000 0.049 0.999
24.557 -455.647 -70.172 -0.022 0.000 0.050 0.998
24.544 -455.527 -70.177 -0.023 0.000 0.053 0.998
24.538 -455.468 -70.180 -0.023 0.000 0.054 0.998
24.526 -455.356 -70.185 -0.024 0.000 0.056 0.998
24.513 -455.249 -70.191 -0.025 0.000 0.058 0.998
24.503 -455.156 -70.195 -0.026 0.000 0.059 0.998
24.486 -455.020 -70.203 -0.027 0.000 0.062 0.998
24.475 -454.930 -70.208 -0.028 0.000 0.063 0.998
24.464 -454.850 -70.212 -0.028 0.000 0.065 0.998
24.453 -454.764 -70.217 -0.029 0.000 0.066 0.997
24.434 -454.627 -70.225 -0.030 0.000 0.069 0.997
24.418 -454.512 -70.232 -0.031 0.000 0.070 0.997
24.404 -454.412 -70.239 -0.032 0.000 0.072 0.997
24.389 -454.310 -70.245 -0.033 0.000 0.074 0.997
24.374 -454.210 -70.252 -0.033 0.000 0.076 0.997
24.358 -454.107 -70.259 -0.034 0.000 0.078 0.996
24.341 -454.006 -70.266 -0.035 0.000 0.080 0.996
24.323 -453.891 -70.274 -0.036 0.000 0.082 0.996
24.308 -453.806 -70.280 -0.036 0.000 0.083 0.996
24.291 -453.707 -70.288 -0.037 0.000 0.085 0.996
24.278 -453.628 -70.294 -0.038 0.000 0.086 0.996
24.262 -453.539 -70.301 -0.038 0.000 0.088 0.995
24.244 -453.440 -70.308 -0.039 0.000 0.090 0.995
24.215 -453.285 -70.321 -0.040 0.000 0.093 0.995
24.194 -453.173 -70.330 -0.041 0.000 0.095 0.995
24.171 -453.056 -70.340 -0.042 0.000 0.097 0.994
24.155 -452.974 -70.347 -0.043 0.000 0.099 0.994
24.141 -452.909 -70.353 -0.043 0.000 0.100 0.994
24.117 -452.790 -70.364 -0.044 0.000 0.102 0.994
24.098 -452.699 -70.372 -0.045 0.000 0.104 0.994
24.080 -452.616 -70.380 -0.046 0.000 0.105 0.993
24.060 -452.523 -70.388 -0.047 0.000 0.107 0.993
24.032 -452.397 -70.401 -0.048 0.000 0.109 0.993
24.005 -452.277 -70.412 -0.049 0.000 0.112 0.993
23.981 -452.174 -70.423 -0.049 0.000 0.113 0.992
23.954 -452.058 -70.435 -0.050 0.000 0.115 0.992
23.936 -451.980 -70.443 -0.051 0.000 0.116 0.992
23.913 -451.888 -70.452 -0.052 0.000 0.118 0.992
23.882 -451.761 -70.466 -0.053 0.000 0.120 0.991
23.854 -451.646 -70.479 -0.053 0.000 0.122 0.991
23.820 -451.513 -70.493 -0.055 0.000 0.124 0.991
23.795 -451.416 -70.505 -0.056 0.000 0.126 0.990
23.758 -451.274 -70.521 -0.057 0.000 0.129 0.990
23.716 -451.120 -70.539 -0.058 0.000 0.131 0.990
23.682 -450.994 -70.554 -0.059 0.000 0.134 0.989
23.648 -450.872 -70.569 -0.060 0.000 0.136 0.989
23.610 -450.737 -70.586 -0.061 0.000 0.138 0.989
23.585 -450.649 -70.597 -0.062 0.000 0.140 0.988
23.561 -450.567 -70.608 -0.062 0.000 0.141 0.988
23.542 -450.502 -70.616 -0.063 0.000 0.142 0.988
23.518 -450.424 -70.626 -0.063 0.000 0.144 0.988
23.486 -450.317 -70.641 -0.064 0.000 0.145 0.987
23.454 -450.210 -70.655 -0.064 0.000 0.147 0.987
23.431 -450.137 -70.665 -0.065 0.000 0.149 0.987
23.400 -450.038 -70.678 -0.066 0.000 0.151 0.986
23.359 -449.907 -70.696 -0.067 0.000 0.153 0.986
23.341 -449.852 -70.704 -0.068 0.000 0.154 0.986
23.310 -449.755 -70.718 -0.068 0.000 0.156 0.985
23.281 -449.669 -70.730 -0.069 0.000 0.157 0.985
23.237 -449.537 -70.750 -0.070 0.000 0.160 0.985
23.203 -449.436 -70.764 -0.071 0.000 0.162 0.984
23.168 -449.332 -70.780 -0.072 0.000 0.164 0.984
23.141 -449.254 -70.792 -0.072 0.000 0.165 0.984
23.089 -449.104 -70.815 -0.073 0.000 0.167 0.983
23.036 -448.957 -70.838 -0.074 0.000 0.170 0.983
23.012 -448.890 -70.848 -0.075 0.000 0.171 0.982
22.983 -448.811 -70.861 -0.075 0.000 0.172 0.982
22.948 -448.714 -70.877 -0.076 0.000 0.173 0.982
22.916 -448.626 -70.891 -0.077 0.000 0.175 0.982
22.888 -448.553 -70.903 -0.077 0.000 0.176 0.981
22.831 -448.400 -70.928 -0.079 0.000 0.179 0.981
22.791 -448.297 -70.945 -0.080 0.000 0.181 0.980
22.756 -448.205 -70.961 -0.081 0.000 0.183 0.980
22.727 -448.130 -70.974 -0.081 0.000 0.184 0.980
22.684 -448.023 -70.993 -0.082 0.000 0.186 0.979
22.638 -447.907 -71.013 -0.083 0.000 0.188 0.979
22.607 -447.831 -71.026 -0.083 0.000 0.189 0.978
22.571 -447.743 -71.042 -0.084 0.000 0.191 0.978
22.530 -447.642 -71.060 -0.085 0.000 0.193 0.978
22.473 -447.505 -71.085 -0.086 0.000 0.195 0.977
22.427 -447.396 -71.106 -0.087 0.000 0.197 0.977
22.386 -447.300 -71.124 -0.087 0.000 0.198 0.976
22.341 -447.194 -71.144 -0.088 0.000 0.200 0.976
22.282 -447.060 -71.169 -0.089 0.000 0.203 0.975
22.256 -447.001 -71.181 -0.089 0.000 0.204 0.975
22.197 -446.867 -71.207 -0.090 0.000 0.206 0.974
22.166 -446.798 -71.220 -0.090 0.000 0.207 0.974
22.135 -446.730 -71.233 -0.091 0.000 0.209 0.974
22.106 -446.665 -71.246 -0.091 0.000 0.210 0.973
22.065 -446.577 -71.264 -0.092 0.000 0.211 0.973
22.014 -446.467 -71.286 -0.093 0.000 0.213 0.973
21.972 -446.376 -71.305 -0.094 0.000 0.215 0.972
21.909 -446.244 -71.332 -0.095 0.000 0.218 0.971
21.863 -446.148 -71.352 -0.095 0.000 0.219 0.971
21.820 -446.057 -71.371 -0.096 0.000 0.220 0.971
21.774 -445.962 -71.391 -0.096 0.000 0.222 0.970
21.739 -445.891 -71.406 -0.097 0.000 0.223 0.970
21.667 -445.746 -71.437 -0.098 0.000 0.226 0.969
21.625 -445.663 -71.455 -0.099 0.000 0.228 0.969
21.595 -445.603 -71.468 -0.099 0.000 0.229 0.968
21.541 -445.499 -71.491 -0.100 0.000 0.231 0.968
21.495 -445.408 -71.511 -0.100 0.000 0.233 0.967
21.446 -445.314 -71.532 -0.100 0.000 0.234 0.967
21.409 -445.243 -71.548 -0.101 0.000 0.235 0.967
21.357 -445.145 -71.570 -0.102 0.000 0.237 0.966
21.303 -445.042 -71.593 -0.102 0.000 0.239 0.966
21.260 -444.962 -71.612 -0.103 0.000 0.240 0.965
21.182 -444.818 -71.645 -0.104 0.000 0.243 0.964
21.140 -444.741 -71.663 -0.105 0.000 0.244 0.964
21.071 -444.617 -71.692 -0.105 0.001 0.246 0.964
21.008 -444.503 -71.719 -0.106 0.001 0.247 0.963
20.983 -444.458 -71.730 -0.106 0.001 0.248 0.963
20.946 -444.392 -71.746 -0.106 0.001 0.249 0.963
20.894 -444.300 -71.768 -0.107 0.001 0.251 0.962
20.859 -444.239 -71.783 -0.107 0.001 0.252 0.962
20.794 -444.125 -71.810 -0.108 0.001 0.253 0.961
20.737 -444.025 -71.835 -0.108 0.001 0.255 0.961
20.705 -443.970 -71.848 -0.108 0.001 0.255 0.961
20.647 -443.872 -71.872 -0.109 0.001 0.257 0.960
20.583 -443.762 -71.900 -0.109 0.001 0.258 0.960
20.527 -443.668 -71.923 -0.110 0.001 0.259 0.959
20.484 -443.595 -71.941 -0.110 0.001 0.260 0.959
20.426 -443.497 -71.966 -0.110 0.001 0.262 0.959
20.398 -443.451 -71.978 -0.111 0.001 0.262 0.959
20.361 -443.390 -71.993 -0.111 0.001 0.263 0.958
20.309 -443.304 -72.015 -0.111 0.001 0.264 0.958
20.253 -443.212 -72.038 -0.112 0.001 0.266 0.958
20.171 -443.077 -72.073 -0.112 0.001 0.267 0.957
20.106 -442.973 -72.100 -0.113 0.001 0.269 0.956
20.050 -442.882 -72.123 -0.113 0.001 0.271 0.956
20.010 -442.819 -72.140 -0.114 0.001 0.272 0.956
19.965 -442.748 -72.159 -0.114 0.001 0.273 0.955
19.887 -442.626 -72.191 -0.115 0.001 0.274 0.955
19.839 -442.549 -72.212 -0.115 0.001 0.275 0.955
19.777 -442.452 -72.237 -0.115 0.001 0.277 0.954
19.720 -442.364 -72.261 -0.116 0.001 0.278 0.954
19.642 -442.244 -72.294 -0.117 0.001 0.280 0.953
19.596 -442.173 -72.313 -0.117 0.001 0.280 0.953
19.559 -442.117 -72.328 -0.118 0.001 0.281 0.952
19.496 -442.022 -72.354 -0.118 0.001 0.282 0.952
19.428 -441.919 -72.383 -0.119 0.001 0.284 0.952
19.372 -441.835 -72.406 -0.119 0.001 0.285 0.951
19.334 -441.778 -72.422 -0.119 0.001 0.285 0.951
19.282 -441.701 -72.443 -0.119 0.001 0.286 0.951
19.222 -441.612 -72.468 -0.120 0.001 0.288 0.950
19.171 -441.537 -72.489 -0.120 0.001 0.289 0.950
19.108 -441.446 -72.515 -0.121 0.001 0.290 0.949
19.048 -441.358 -72.541 -0.122 0.001 0.291 0.949
19.002 -441.292 -72.559 -0.122 0.001 0.292 0.949
18.949 -441.216 -72.581 -0.122 0.001 0.294 0.948
18.905 -441.153 -72.599 -0.122 0.001 0.294 0.948
18.858 -441.086 -72.619 -0.123 0.001 0.295 0.947
18.795 -440.997 -72.645 -0.123 0.001 0.297 0.947
18.748 -440.930 -72.665 -0.124 0.001 0.298 0.947
18.688 -440.846 -72.689 -0.124 0.001 0.299 0.946
18.640 -440.781 -72.709 -0.125 0.001 0.300 0.946
18.582 -440.700 -72.733 -0.125 0.001 0.301 0.945
18.532 -440.631 -72.754 -0.125 0.001 0.302 0.945
18.449 -440.517 -72.788 -0.126 0.001 0.304 0.944
18.395 -440.442 -72.811 -0.127 0.001 0.305 0.944
18.349 -440.381 -72.829 -0.127 0.001 0.306 0.944
18.286 -440.297 -72.855 -0.128 0.001 0.307 0.943
18.224 -440.213 -72.881 -0.128 0.001 0.308 0.943
18.155 -440.121 -72.910 -0.129 0.001 0.309 0.942
18.095 -440.042 -72.934 -0.129 0.001 0.310 0.942
18.038 -439.966 -72.958 -0.129 0.001 0.311 0.942
17.982 -439.892 -72.982 -0.130 0.001 0.312 0.941
17.911 -439.799 -73.011 -0.130 0.001 0.313 0.941
17.868 -439.743 -73.029 -0.131 0.001 0.314 0.940
17.769 -439.616 -73.069 -0.132 0.001 0.316 0.939
17.710 -439.540 -73.094 -0.132 0.001 0.317 0.939
17.623 -439.428 -73.130 -0.132 0.001 0.319 0.939
17.586 -439.382 -73.145 -0.132 0.001 0.319 0.938
17.510 -439.286 -73.177 -0.133 0.001 0.320 0.938
17.420 -439.172 -73.214 -0.133 0.002 0.322 0.937
17.353 -439.088 -73.241 -0.133 0.002 0.323 0.937
17.306 -439.029 -73.260 -0.133 0.002 0.323 0.937
17.208 -438.908 -73.300 -0.133 0.002 0.324 0.937
17.150 -438.835 -73.324 -0.133 0.002 0.325 0.936
17.093 -438.766 -73.347 -0.133 0.002 0.326 0.936
17.046 -438.708 -73.366 -0.133 0.002 0.327 0.936
16.998 -438.648 -73.386 -0.133 0.002 0.327 0.936
16.929 -438.564 -73.413 -0.133 0.002 0.328 0.935
16.871 -438.494 -73.437 -0.133 0.003 0.328 0.935
16.816 -438.427 -73.459 -0.133 0.003 0.329 0.935
16.756 -438.355 -73.482 -0.133 0.003 0.330 0.935
16.709 -438.297 -73.501 -0.133 0.003 0.330 0.934
16.665 -438.244 -73.519 -0.133 0.003 0.331 0.934
16.628 -438.200 -73.534 -0.133 0.003 0.332 0.934
16.566 -438.126 -73.558 -0.133 0.003 0.333 0.934
16.502 -438.050 -73.584 -0.134 0.003 0.334 0.933
16.451 -437.989 -73.604 -0.134 0.003 0.334 0.933
16.394 -437.921 -73.627 -0.134 0.003 0.335 0.933
16.313 -437.826 -73.658 -0.134 0.003 0.336 0.932
16.254 -437.756 -73.682 -0.134 0.003 0.337 0.932
16.191 -437.682 -73.707 -0.134 0.003 0.337 0.932
16.128 -437.608 -73.732 -0.134 0.003 0.338 0.932
16.059 -437.528 -73.758 -0.134 0.003 0.338 0.931
15.997 -437.456 -73.783 -0.134 0.004 0.339 0.931
15.922 -437.369 -73.812 -0.134 0.004 0.340 0.931
15.854 -437.289 -73.839 -0.134 0.004 0.340 0.931
15.794 -437.220 -73.862 -0.134 0.004 0.341 0.930
15.687 -437.098 -73.904 -0.134 0.004 0.342 0.930
15.614 -437.014 -73.932 -0.134 0.004 0.343 0.930
15.555 -436.946 -73.955 -0.134 0.004 0.343 0.930
15.460 -436.839 -73.991 -0.134 0.004 0.344 0.929
15.392 -436.762 -74.017 -0.134 0.004 0.345 0.929
15.345 -436.709 -74.036 -0.135 0.004 0.346 0.929
15.292 -436.649 -74.056 -0.134 0.005 0.346 0.928
15.218 -436.566 -74.084 -0.134 0.005 0.347 0.928
15.111 -436.447 -74.125 -0.134 0.005 0.348 0.928
15.042 -436.369 -74.151 -0.135 0.005 0.348 0.928
14.992 -436.313 -74.171 -0.135 0.005 0.349 0.928
14.913 -436.226 -74.201 -0.135 0.005 0.349 0.927
14.871 -436.178 -74.217 -0.135 0.005 0.349 0.927
14.817 -436.119 -74.237 -0.135 0.005 0.350 0.927
14.748 -436.043 -74.263 -0.135 0.005 0.351 0.927
14.700 -435.989 -74.282 -0.135 0.005 0.351 0.926
14.596 -435.875 -74.321 -0.135 0.005 0.352 0.926
14.547 -435.822 -74.340 -0.135 0.005 0.352 0.926
14.483 -435.752 -74.364 -0.135 0.005 0.353 0.926
