26.394 -423.635 -82.403 -0.025 0.000 0.049 0.998
26.384 -423.543 -82.408 -0.025 0.000 0.051 0.998
26.376 -423.461 -82.412 -0.025 0.000 0.052 0.998
26.360 -423.310 -82.420 -0.026 0.000 0.055 0.998
26.352 -423.238 -82.424 -0.027 0.000 0.056 0.998
26.342 -423.157 -82.428 -0.027 0.000 0.057 0.998
26.333 -423.077 -82.433 -0.028 0.000 0.059 0.998
26.314 -422.915 -82.442 -0.029 0.000 0.061 0.998
26.303 -422.827 -82.447 -0.029 0.000 0.062 0.998
26.292 -422.744 -82.452 -0.030 0.000 0.064 0.998
26.277 -422.625 -82.459 -0.030 0.000 0.066 0.997
26.265 -422.537 -82.465 -0.031 0.000 0.067 0.997
26.251 -422.436 -82.471 -0.032 0.000 0.068 0.997
26.236 -422.329 -82.478 -0.033 0.000 0.070 0.997
26.223 -422.235 -82.484 -0.033 0.000 0.072 0.997
26.209 -422.140 -82.491 -0.034 0.000 0.073 0.997
26.192 -422.032 -82.498 -0.034 0.000 0.075 0.997
26.178 -421.939 -82.505 -0.035 0.000 0.076 0.996
26.161 -421.828 -82.512 -0.035 0.000 0.078 0.996
26.148 -421.745 -82.518 -0.035 0.000 0.080 0.996
26.127 -421.619 -82.527 -0.036 0.000 0.082 0.996
26.110 -421.515 -82.535 -0.037 0.000 0.083 0.996
26.098 -421.445 -82.540 -0.038 0.000 0.085 0.996
26.078 -421.333 -82.549 -0.038 0.000 0.086 0.996
26.059 -421.221 -82.558 -0.039 0.000 0.088 0.995
26.043 -421.134 -82.565 -0.040 0.000 0.089 0.995
26.026 -421.040 -82.572 -0.040 0.000 0.091 0.995
26.004 -420.925 -82.582 -0.041 0.000 0.093 0.995
25.983 -420.811 -82.591 -0.042 0.000 0.095 0.995
25.956 -420.673 -82.603 -0.042 0.000 0.097 0.994
25.935 -420.570 -82.612 -0.043 0.000 0.099 0.994
25.917 -420.480 -82.620 -0.044 0.000 0.101 0.994
25.895 -420.374 -82.630 -0.045 0.000 0.102 0.994
25.875 -420.280 -82.638 -0.046 0.000 0.104 0.994
25.855 -420.186 -82.647 -0.046 0.000 0.106 0.993
25.843 -420.129 -82.652 -0.047 0.000 0.107 0.993
25.829 -420.068 -82.658 -0.047 0.000 0.108 0.993
25.802 -419.946 -82.670 -0.048 0.000 0.110 0.993
25.782 -419.857 -82.679 -0.048 0.000 0.111 0.993
25.755 -419.741 -82.690 -0.049 0.000 0.113 0.992
25.731 -419.637 -82.701 -0.050 0.000 0.115 0.992
25.702 -419.515 -82.714 -0.051 0.000 0.117 0.992
25.675 -419.403 -82.725 -0.052 0.000 0.119 0.992
25.655 -419.322 -82.734 -0.052 0.000 0.120 0.991
25.634 -419.236 -82.743 -0.053 0.000 0.121 0.991
25.612 -419.150 -82.753 -0.053 0.000 0.123 0.991
25.587 -419.049 -82.764 -0.054 0.000 0.124 0.991
25.543 -418.883 -82.783 -0.056 0.000 0.128 0.990
25.499 -418.718 -82.802 -0.057 0.000 0.131 0.990
25.477 -418.637 -82.811 -0.058 0.000 0.132 0.990
25.453 -418.547 -82.822 -0.059 0.000 0.134 0.989
25.431 -418.468 -82.832 -0.059 0.000 0.136 0.989
25.407 -418.382 -82.842 -0.060 0.000 0.137 0.989
25.381 -418.292 -82.853 -0.061 0.000 0.139 0.988
25.361 -418.225 -82.862 -0.061 0.000 0.140 0.988
25.346 -418.173 -82.868 -0.062 0.000 0.141 0.988
25.316 -418.071 -82.882 -0.062 0.000 0.143 0.988
25.293 -417.995 -82.892 -0.063 0.000 0.145 0.987
25.257 -417.874 -82.907 -0.064 0.000 0.147 0.987
25.227 -417.779 -82.920 -0.064 0.000 0.149 0.987
25.193 -417.670 -82.935 -0.065 0.000 0.150 0.986
25.164 -417.578 -82.947 -0.066 0.000 0.152 0.986
25.120 -417.440 -82.966 -0.067 0.000 0.154 0.986
25.096 -417.366 -82.977 -0.067 0.000 0.156 0.986
25.071 -417.290 -82.988 -0.068 0.000 0.157 0.985
25.033 -417.175 -83.004 -0.068 0.000 0.159 0.985
25.000 -417.077 -83.018 -0.069 0.000 0.160 0.985
24.959 -416.956 -83.036 -0.070 0.000 0.162 0.984
24.926 -416.859 -83.050 -0.071 0.000 0.164 0.984
24.888 -416.750 -83.067 -0.072 0.000 0.165 0.984
24.849 -416.638 -83.084 -0.073 0.000 0.167 0.983
24.820 -416.556 -83.096 -0.073 0.000 0.169 0.983
24.776 -416.434 -83.115 -0.074 0.000 0.171 0.982
24.743 -416.343 -83.130 -0.075 0.000 0.173 0.982
24.703 -416.232 -83.147 -0.076 0.000 0.174 0.982
24.671 -416.148 -83.161 -0.077 0.000 0.176 0.981
24.637 -416.056 -83.176 -0.078 0.000 0.177 0.981
24.587 -415.925 -83.198 -0.078 0.000 0.180 0.981
24.553 -415.836 -83.213 -0.079 0.000 0.181 0.980
24.510 -415.726 -83.231 -0.080 0.000 0.183 0.980
24.474 -415.632 -83.247 -0.080 0.000 0.185 0.979
24.444 -415.559 -83.260 -0.081 0.000 0.186 0.979
24.406 -415.462 -83.277 -0.082 0.000 0.188 0.979
24.370 -415.372 -83.293 -0.083 0.000 0.189 0.978
24.343 -415.306 -83.304 -0.083 0.000 0.191 0.978
24.298 -415.196 -83.324 -0.084 0.000 0.192 0.978
24.271 -415.131 -83.335 -0.084 0.000 0.193 0.978
24.238 -415.051 -83.350 -0.085 0.000 0.195 0.977
24.207 -414.978 -83.363 -0.085 0.000 0.196 0.977
24.172 -414.896 -83.378 -0.086 0.000 0.197 0.977
24.135 -414.808 -83.395 -0.087 0.000 0.199 0.976
24.112 -414.754 -83.405 -0.087 0.000 0.200 0.976
24.060 -414.635 -83.427 -0.088 0.000 0.202 0.975
24.026 -414.557 -83.442 -0.089 0.000 0.204 0.975
23.973 -414.439 -83.465 -0.089 0.000 0.206 0.975
23.925 -414.332 -83.486 -0.091 0.000 0.208 0.974
23.884 -414.240 -83.504 -0.091 0.000 0.210 0.974
23.859 -414.185 -83.515 -0.092 0.000 0.211 0.973
23.802 -414.063 -83.540 -0.093 0.000 0.213 0.973
23.773 -414.001 -83.552 -0.094 0.000 0.215 0.972
23.723 -413.894 -83.574 -0.095 0.000 0.217 0.972
23.663 -413.768 -83.600 -0.096 0.000 0.219 0.971
23.627 -413.694 -83.616 -0.096 0.000 0.221 0.971
23.577 -413.591 -83.638 -0.097 0.000 0.223 0.970
23.540 -413.517 -83.654 -0.098 0.000 0.224 0.970
23.501 -413.438 -83.671 -0.099 0.000 0.226 0.969
23.474 -413.383 -83.683 -0.099 0.000 0.227 0.969
23.419 -413.274 -83.707 -0.100 0.000 0.229 0.968
23.368 -413.175 -83.729 -0.101 0.000 0.231 0.968
23.332 -413.105 -83.744 -0.101 0.000 0.232 0.967
23.293 -413.030 -83.761 -0.102 0.000 0.234 0.967
23.231 -412.911 -83.788 -0.103 0.000 0.236 0.966
23.144 -412.748 -83.826 -0.104 0.000 0.240 0.965
23.107 -412.679 -83.842 -0.105 0.000 0.241 0.965
23.054 -412.580 -83.865 -0.106 0.000 0.243 0.964
23.010 -412.500 -83.884 -0.107 0.000 0.245 0.964
22.970 -412.428 -83.902 -0.107 0.000 0.246 0.963
22.927 -412.350 -83.921 -0.108 0.000 0.248 0.963
22.885 -412.276 -83.939 -0.109 0.000 0.249 0.962
22.853 -412.218 -83.953 -0.109 0.000 0.250 0.962
22.785 -412.100 -83.983 -0.110 0.000 0.252 0.961
22.738 -412.018 -84.003 -0.111 0.000 0.254 0.961
22.700 -411.951 -84.020 -0.111 0.000 0.255 0.960
22.643 -411.854 -84.045 -0.112 0.000 0.257 0.960
22.589 -411.763 -84.068 -0.113 0.000 0.259 0.959
22.532 -411.668 -84.093 -0.114 0.000 0.261 0.958
22.493 -411.602 -84.110 -0.115 0.000 0.263 0.958
22.425 -411.490 -84.140 -0.116 0.000 0.265 0.957
22.373 -411.405 -84.162 -0.117 0.000 0.267 0.957
22.294 -411.278 -84.197 -0.118 0.000 0.269 0.956
22.224 -411.165 -84.227 -0.119 0.000 0.272 0.955
22.158 -411.061 -84.256 -0.120 0.000 0.274 0.954
22.103 -410.975 -84.280 -0.121 0.000 0.276 0.954
22.054 -410.899 -84.302 -0.121 0.000 0.277 0.953
21.998 -410.813 -84.326 -0.122 0.000 0.279 0.953
21.930 -410.709 -84.356 -0.123 0.000 0.281 0.952
21.856 -410.596 -84.388 -0.124 0.000 0.283 0.951
21.803 -410.518 -84.411 -0.125 0.000 0.285 0.950
21.741 -410.426 -84.439 -0.126 0.000 0.287 0.950
21.673 -410.326 -84.468 -0.127 0.000 0.289 0.949
21.616 -410.244 -84.493 -0.127 0.000 0.291 0.948
21.577 -410.188 -84.510 -0.128 0.000 0.292 0.948
21.485 -410.056 -84.550 -0.129 0.000 0.295 0.947
21.412 -409.954 -84.582 -0.130 0.000 0.297 0.946
21.360 -409.880 -84.605 -0.130 0.000 0.299 0.945
21.299 -409.796 -84.631 -0.131 0.000 0.301 0.945
21.254 -409.735 -84.651 -0.132 0.000 0.302 0.944
21.210 -409.674 -84.670 -0.133 0.000 0.303 0.944
21.144 -409.584 -84.699 -0.133 0.000 0.305 0.943
21.083 -409.503 -84.726 -0.134 0.000 0.307 0.942
21.004 -409.398 -84.760 -0.135 0.000 0.309 0.941
20.965 -409.346 -84.777 -0.135 0.000 0.310 0.941
20.914 -409.279 -84.799 -0.136 0.000 0.312 0.940
20.847 -409.191 -84.828 -0.136 0.000 0.314 0.940
20.779 -409.103 -84.858 -0.137 0.001 0.316 0.939
20.722 -409.030 -84.883 -0.138 0.000 0.317 0.938
20.684 -408.982 -84.899 -0.138 0.000 0.318 0.938
20.640 -408.926 -84.918 -0.139 0.001 0.320 0.937
20.574 -408.843 -84.947 -0.139 0.001 0.321 0.937
20.528 -408.786 -84.967 -0.140 0.000 0.323 0.936
20.449 -408.688 -85.001 -0.141 0.000 0.325 0.935
20.379 -408.602 -85.031 -0.142 0.000 0.327 0.934
20.287 -408.490 -85.071 -0.143 0.000 0.330 0.933
20.217 -408.407 -85.102 -0.144 0.001 0.332 0.932
20.143 -408.318 -85.134 -0.145 0.001 0.334 0.931
20.093 -408.259 -85.155 -0.145 0.001 0.335 0.931
20.011 -408.163 -85.191 -0.146 0.001 0.337 0.930
19.922 -408.061 -85.229 -0.147 0.001 0.340 0.929
19.865 -407.995 -85.254 -0.148 0.001 0.341 0.928
19.826 -407.951 -85.270 -0.148 0.001 0.342 0.928
19.790 -407.910 -85.286 -0.148 0.001 0.343 0.927
19.739 -407.853 -85.308 -0.149 0.001 0.345 0.927
19.668 -407.774 -85.339 -0.150 0.001 0.347 0.926
19.618 -407.718 -85.360 -0.150 0.001 0.348 0.925
19.574 -407.669 -85.379 -0.150 0.001 0.349 0.925
19.508 -407.597 -85.407 -0.151 0.001 0.351 0.924
19.440 -407.523 -85.437 -0.152 0.001 0.353 0.923
19.368 -407.446 -85.468 -0.153 0.001 0.355 0.922
19.309 -407.383 -85.493 -0.153 0.001 0.356 0.922
19.250 -407.320 -85.518 -0.154 0.001 0.358 0.921
19.175 -407.241 -85.551 -0.155 0.001 0.360 0.920
19.099 -407.162 -85.583 -0.156 0.001 0.361 0.919
19.030 -407.091 -85.613 -0.157 0.001 0.363 0.918
18.984 -407.043 -85.633 -0.157 0.001 0.364 0.918
18.928 -406.986 -85.657 -0.158 0.001 0.366 0.917
18.840 -406.897 -85.695 -0.159 0.001 0.368 0.916
18.771 -406.829 -85.725 -0.160 0.001 0.370 0.915
18.713 -406.771 -85.750 -0.160 0.001 0.371 0.915
18.637 -406.696 -85.783 -0.161 0.001 0.373 0.914
18.544 -406.605 -85.823 -0.162 0.001 0.375 0.913
18.470 -406.534 -85.854 -0.163 0.001 0.377 0.912
18.395 -406.462 -85.887 -0.163 0.001 0.379 0.911
18.322 -406.393 -85.918 -0.164 0.001 0.380 0.910
18.242 -406.316 -85.953 -0.165 0.001 0.382 0.909
18.180 -406.259 -85.979 -0.166 0.001 0.384 0.908
18.066 -406.153 -86.028 -0.167 0.001 0.387 0.907
17.975 -406.070 -86.067 -0.168 0.001 0.389 0.906
17.919 -406.019 -86.092 -0.168 0.001 0.390 0.905
17.808 -405.919 -86.139 -0.169 0.001 0.393 0.904
17.738 -405.857 -86.169 -0.170 0.001 0.394 0.903
17.684 -405.810 -86.192 -0.170 0.001 0.395 0.903
17.617 -405.751 -86.221 -0.171 0.001 0.397 0.902
17.564 -405.705 -86.244 -0.172 0.001 0.398 0.901
17.511 -405.659 -86.267 -0.172 0.001 0.399 0.901
17.463 -405.617 -86.287 -0.173 0.001 0.400 0.900
17.431 -405.590 -86.301 -0.173 0.001 0.401 0.900
17.371 -405.539 -86.327 -0.173 0.001 0.402 0.899
17.322 -405.497 -86.348 -0.174 0.001 0.403 0.898
17.244 -405.432 -86.381 -0.175 0.001 0.405 0.897
17.177 -405.375 -86.411 -0.175 0.001 0.407 0.896
17.072 -405.289 -86.456 -0.177 0.001 0.409 0.895
17.030 -405.254 -86.474 -0.177 0.001 0.410 0.895
16.955 -405.193 -86.506 -0.178 0.001 0.412 0.894
16.864 -405.119 -86.545 -0.178 0.001 0.414 0.893
16.778 -405.051 -86.582 -0.179 0.001 0.416 0.892
16.701 -404.990 -86.615 -0.180 0.001 0.417 0.891
16.641 -404.943 -86.641 -0.181 0.001 0.419 0.890
16.598 -404.909 -86.660 -0.181 0.001 0.420 0.889
16.550 -404.872 -86.680 -0.181 0.001 0.421 0.889
16.488 -404.825 -86.707 -0.182 0.001 0.422 0.888
16.400 -404.758 -86.744 -0.183 0.001 0.424 0.887
16.312 -404.691 -86.782 -0.184 0.001 0.426 0.886
16.229 -404.628 -86.818 -0.184 0.001 0.427 0.885
16.148 -404.568 -86.853 -0.185 0.001 0.429 0.884
16.096 -404.529 -86.876 -0.186 0.001 0.430 0.883
16.006 -404.463 -86.914 -0.186 0.001 0.432 0.882
15.924 -404.404 -86.949 -0.187 0.001 0.434 0.881
15.855 -404.354 -86.979 -0.187 0.001 0.435 0.881
15.796 -404.312 -87.004 -0.188 0.001 0.436 0.880
15.725 -404.262 -87.035 -0.189 0.001 0.438 0.879
15.621 -404.188 -87.079 -0.190 0.001 0.440 0.878
15.564 -404.148 -87.104 -0.191 0.001 0.441 0.877
15.502 -404.105 -87.131 -0.191 0.001 0.442 0.876
15.418 -404.047 -87.167 -0.192 0.001 0.444 0.875
15.351 -404.002 -87.196 -0.192 0.001 0.445 0.874
15.286 -403.958 -87.224 -0.193 0.001 0.446 0.874
15.189 -403.893 -87.266 -0.194 0.001 0.448 0.873
15.102 -403.834 -87.304 -0.195 0.001 0.450 0.872
15.041 -403.794 -87.330 -0.195 0.001 0.451 0.871
14.974 -403.750 -87.359 -0.195 0.001 0.452 0.870
14.897 -403.700 -87.392 -0.196 0.001 0.454 0.869
14.820 -403.650 -87.425 -0.196 0.001 0.455 0.869
14.759 -403.611 -87.452 -0.197 0.001 0.456 0.868
14.651 -403.542 -87.498 -0.198 0.001 0.458 0.867
14.568 -403.490 -87.534 -0.198 0.001 0.460 0.866
14.506 -403.451 -87.560 -0.199 0.001 0.461 0.865
14.445 -403.414 -87.586 -0.199 0.001 0.462 0.864
14.366 -403.365 -87.620 -0.199 0.001 0.463 0.864
14.308 -403.329 -87.645 -0.200 0.001 0.464 0.863
14.224 -403.278 -87.681 -0.200 0.001 0.465 0.862
14.162 -403.241 -87.708 -0.201 0.001 0.467 0.861
14.093 -403.199 -87.738 -0.201 0.001 0.468 0.861
14.017 -403.154 -87.770 -0.202 0.001 0.469 0.860
13.929 -403.102 -87.808 -0.202 0.001 0.471 0.859
13.844 -403.053 -87.844 -0.203 0.001 0.472 0.858
13.713 -402.977 -87.901 -0.204 0.001 0.474 0.857
13.636 -402.933 -87.933 -0.204 0.001 0.475 0.856
13.545 -402.881 -87.973 -0.205 0.001 0.477 0.855
13.438 -402.821 -88.018 -0.206 0.001 0.478 0.854
13.346 -402.769 -88.058 -0.206 0.001 0.480 0.853
13.206 -402.692 -88.118 -0.207 0.001 0.483 0.851
13.130 -402.651 -88.150 -0.208 0.001 0.484 0.850
13.031 -402.598 -88.192 -0.208 0.002 0.486 0.849
12.948 -402.554 -88.228 -0.209 0.001 0.487 0.848
12.875 -402.516 -88.259 -0.209 0.001 0.489 0.847
12.798 -402.475 -88.291 -0.210 0.002 0.490 0.846
12.700 -402.424 -88.333 -0.210 0.002 0.492 0.845
12.624 -402.386 -88.366 -0.211 0.002 0.493 0.844
12.542 -402.344 -88.401 -0.211 0.002 0.495 0.843
12.443 -402.294 -88.443 -0.212 0.002 0.497 0.842
12.369 -402.258 -88.474 -0.212 0.002 0.498 0.841
12.295 -402.221 -88.505 -0.213 0.002 0.499 0.840
12.200 -402.175 -88.545 -0.214 0.002 0.501 0.839
12.116 -402.134 -88.581 -0.214 0.002 0.502 0.838
12.029 -402.093 -88.618 -0.215 0.002 0.504 0.837
11.932 -402.047 -88.659 -0.216 0.002 0.505 0.835
11.851 -402.010 -88.693 -0.216 0.002 0.507 0.835
11.779 -401.976 -88.724 -0.217 0.002 0.508 0.834
11.669 -401.926 -88.771 -0.217 0.002 0.510 0.832
11.608 -401.899 -88.797 -0.218 0.002 0.511 0.831
11.500 -401.851 -88.842 -0.219 0.002 0.513 0.830
11.391 -401.802 -88.889 -0.220 0.002 0.515 0.829
11.302 -401.764 -88.926 -0.220 0.002 0.516 0.828
11.193 -401.717 -88.972 -0.221 0.002 0.518 0.827
11.123 -401.687 -89.002 -0.221 0.002 0.519 0.826
11.022 -401.645 -89.045 -0.222 0.002 0.521 0.824
10.942 -401.612 -89.078 -0.222 0.002 0.522 0.824
10.825 -401.564 -89.128 -0.223 0.002 0.524 0.822
10.720 -401.521 -89.173 -0.224 0.002 0.526 0.821
10.630 -401.485 -89.211 -0.225 0.002 0.527 0.820
10.538 -401.449 -89.250 -0.225 0.002 0.529 0.818
10.441 -401.411 -89.291 -0.226 0.002 0.530 0.817
10.357 -401.379 -89.326 -0.227 0.002 0.531 0.816
10.240 -401.334 -89.376 -0.228 0.002 0.533 0.815
10.153 -401.302 -89.413 -0.228 0.002 0.534 0.814
10.039 -401.259 -89.461 -0.229 0.002 0.536 0.813
9.904 -401.210 -89.518 -0.229 0.002 0.538 0.811
9.828 -401.182 -89.550 -0.230 0.002 0.539 0.810
