24.700 -458.409 -70.112 -0.001 0.000 0.002 1.000
24.699 -458.327 -70.112 -0.002 0.000 0.003 1.000
24.699 -458.233 -70.113 -0.002 0.000 0.005 1.000
24.697 -458.139 -70.113 -0.003 0.000 0.007 1.000
24.696 -458.026 -70.114 -0.004 0.000 0.009 1.000
24.693 -457.912 -70.115 -0.005 0.000 0.011 1.000
24.690 -457.757 -70.117 -0.006 0.000 0.014 1.000
24.687 -457.663 -70.118 -0.008 0.000 0.016 1.000
24.683 -457.557 -70.120 -0.009 0.000 0.018 1.000
24.679 -457.452 -70.122 -0.009 0.000 0.019 1.000
24.676 -457.363 -70.123 -0.010 0.000 0.021 1.000
24.671 -457.266 -70.126 -0.011 0.000 0.023 1.000
24.668 -457.183 -70.127 -0.011 0.000 0.024 1.000
24.661 -457.046 -70.131 -0.012 0.000 0.027 1.000
24.652 -456.891 -70.135 -0.014 0.000 0.030 0.999
24.645 -456.784 -70.138 -0.015 0.000 0.032 0.999
24.636 -456.653 -70.142 -0.016 0.000 0.035 0.999
24.628 -456.533 -70.145 -0.017 0.000 0.037 0.999
24.620 -456.434 -70.149 -0.017 0.000 0.039 0.999
24.610 -456.310 -70.153 -0.019 0.000 0.040 0.999
24.601 -456.196 -70.158 -0.019 0.000 0.042 0.999
24.591 -456.086 -70.162 -0.020 0.000 0.044 0.999
24.580 -455.962 -70.167 -0.021 0.000 0.047 0.999
24.572 -455.874 -70.171 -0.022 0.000 0.048 0.999
24.565 -455.804 -70.174 -0.022 0.000 0.049 0.999
24.555 -455.705 -70.179 -0.024 0.000 0.051 0.998
24.537 -455.540 -70.187 -0.025 0.000 0.054 0.998
24.522 -455.406 -70.194 -0.026 0.000 0.056 0.998
24.511 -455.303 -70.199 -0.027 0.000 0.058 0.998
24.501 -455.221 -70.204 -0.027 0.000 0.059 0.998
24.488 -455.110 -70.210 -0.028 0.000 0.061 0.998
24.479 -455.040 -70.214 -0.028 0.000 0.063 0.998
24.468 -454.954 -70.219 -0.029 0.000 0.064 0.998
24.456 -454.862 -70.224 -0.029 0.000 0.066 0.997
24.440 -454.746 -70.231 -0.030 0.000 0.068 0.997
24.430 -454.677 -70.235 -0.031 0.000 0.069 0.997
24.411 -454.542 -70.244 -0.032 0.000 0.072 0.997
24.399 -454.458 -70.249 -0.032 0.000 0.073 0.997
24.386 -454.373 -70.255 -0.033 0.000 0.075 0.997
24.371 -454.276 -70.261 -0.033 0.000 0.077 0.997
24.358 -454.193 -70.267 -0.034 0.000 0.078 0.996
24.347 -454.122 -70.272 -0.035 0.000 0.080 0.996
24.330 -454.020 -70.279 -0.035 0.000 0.082 0.996
24.315 -453.929 -70.286 -0.036 0.000 0.083 0.996
24.296 -453.819 -70.294 -0.037 0.000 0.085 0.996
24.283 -453.743 -70.300 -0.038 0.000 0.087 0.996
24.266 -453.645 -70.307 -0.038 0.000 0.088 0.995
24.249 -453.551 -70.315 -0.039 0.000 0.090 0.995
24.227 -453.435 -70.324 -0.040 0.000 0.092 0.995
24.215 -453.372 -70.329 -0.040 0.000 0.093 0.995
24.189 -453.236 -70.340 -0.041 0.000 0.095 0.995
24.167 -453.124 -70.349 -0.042 0.000 0.098 0.994
24.142 -452.998 -70.360 -0.043 0.000 0.100 0.994
24.117 -452.878 -70.371 -0.044 0.000 0.102 0.994
24.100 -452.793 -70.379 -0.045 0.000 0.103 0.994
24.079 -452.693 -70.388 -0.046 0.000 0.105 0.993
24.058 -452.599 -70.397 -0.047 0.000 0.107 0.993
24.043 -452.528 -70.404 -0.048 0.000 0.108 0.993
24.025 -452.449 -70.412 -0.048 0.000 0.109 0.993
23.997 -452.326 -70.424 -0.049 0.000 0.111 0.993
23.977 -452.237 -70.433 -0.050 0.000 0.113 0.992
23.956 -452.147 -70.443 -0.051 0.000 0.114 0.992
23.930 -452.038 -70.454 -0.052 0.000 0.116 0.992
23.913 -451.965 -70.462 -0.052 0.000 0.118 0.992
23.889 -451.866 -70.473 -0.053 0.000 0.119 0.991
23.861 -451.754 -70.485 -0.054 0.000 0.122 0.991
23.842 -451.677 -70.494 -0.055 0.000 0.123 0.991
23.816 -451.577 -70.505 -0.055 0.000 0.125 0.991
23.790 -451.475 -70.517 -0.056 0.000 0.127 0.990
23.759 -451.359 -70.530 -0.057 0.000 0.129 0.990
23.730 -451.251 -70.543 -0.058 0.000 0.131 0.990
23.693 -451.115 -70.559 -0.059 0.000 0.133 0.989
23.668 -451.024 -70.570 -0.060 0.000 0.135 0.989
23.647 -450.951 -70.579 -0.060 0.000 0.136 0.989
23.621 -450.857 -70.591 -0.061 0.000 0.138 0.989
23.576 -450.702 -70.611 -0.062 0.000 0.141 0.988
23.539 -450.580 -70.627 -0.063 0.000 0.143 0.988
23.520 -450.516 -70.635 -0.064 0.000 0.144 0.987
23.477 -450.372 -70.655 -0.065 0.000 0.147 0.987
23.449 -450.281 -70.667 -0.065 0.000 0.148 0.987
23.413 -450.166 -70.683 -0.066 0.000 0.150 0.986
23.381 -450.065 -70.697 -0.067 0.000 0.152 0.986
23.352 -449.975 -70.709 -0.068 0.000 0.154 0.986
23.304 -449.827 -70.731 -0.069 0.000 0.156 0.985
23.279 -449.749 -70.742 -0.069 0.000 0.157 0.985
23.238 -449.627 -70.760 -0.070 0.000 0.159 0.985
23.198 -449.508 -70.777 -0.070 0.000 0.162 0.984
23.165 -449.411 -70.792 -0.071 0.000 0.163 0.984
23.134 -449.321 -70.805 -0.072 0.000 0.165 0.984
23.103 -449.232 -70.819 -0.072 0.000 0.166 0.983
23.060 -449.111 -70.837 -0.073 0.000 0.169 0.983
23.031 -449.030 -70.850 -0.074 0.000 0.170 0.983
22.998 -448.937 -70.864 -0.075 0.000 0.172 0.982
22.965 -448.846 -70.879 -0.075 0.000 0.173 0.982
22.922 -448.730 -70.897 -0.076 0.000 0.175 0.982
22.878 -448.613 -70.916 -0.077 0.000 0.177 0.981
22.855 -448.551 -70.926 -0.077 0.000 0.178 0.981
22.815 -448.447 -70.943 -0.078 0.000 0.181 0.980
22.785 -448.370 -70.956 -0.079 0.000 0.182 0.980
22.737 -448.246 -70.977 -0.080 0.000 0.184 0.980
22.705 -448.166 -70.991 -0.081 0.000 0.186 0.979
22.680 -448.103 -71.002 -0.081 0.000 0.187 0.979
22.655 -448.040 -71.012 -0.081 0.000 0.188 0.979
22.614 -447.939 -71.030 -0.082 0.000 0.190 0.978
22.565 -447.819 -71.051 -0.083 0.000 0.192 0.978
22.543 -447.765 -71.061 -0.084 0.000 0.193 0.978
22.519 -447.707 -71.071 -0.084 0.000 0.194 0.977
22.477 -447.607 -71.090 -0.085 0.000 0.195 0.977
22.427 -447.489 -71.111 -0.086 0.000 0.197 0.977
22.382 -447.382 -71.131 -0.087 0.000 0.199 0.976
22.343 -447.293 -71.148 -0.087 0.000 0.201 0.976
22.304 -447.202 -71.165 -0.088 0.000 0.202 0.975
22.243 -447.063 -71.192 -0.089 0.000 0.204 0.975
22.192 -446.949 -71.213 -0.090 0.000 0.206 0.974
22.155 -446.867 -71.230 -0.090 0.000 0.208 0.974
22.106 -446.759 -71.251 -0.091 0.000 0.210 0.974
22.080 -446.702 -71.262 -0.091 0.000 0.211 0.973
22.036 -446.605 -71.281 -0.092 0.000 0.212 0.973
21.986 -446.498 -71.303 -0.093 0.000 0.214 0.972
21.945 -446.410 -71.321 -0.094 0.000 0.215 0.972
21.905 -446.325 -71.338 -0.095 0.000 0.216 0.972
21.855 -446.221 -71.360 -0.096 0.000 0.219 0.971
21.811 -446.130 -71.379 -0.097 0.000 0.220 0.971
21.782 -446.070 -71.392 -0.097 0.000 0.221 0.970
21.728 -445.959 -71.416 -0.097 0.000 0.223 0.970
21.683 -445.869 -71.435 -0.097 0.000 0.225 0.970
21.656 -445.813 -71.447 -0.098 0.000 0.226 0.969
21.619 -445.740 -71.463 -0.098 0.000 0.227 0.969
21.578 -445.658 -71.481 -0.099 0.000 0.228 0.969
21.520 -445.543 -71.506 -0.100 0.000 0.230 0.968
21.455 -445.418 -71.534 -0.101 0.000 0.232 0.967
21.403 -445.317 -71.557 -0.102 0.000 0.234 0.967
21.353 -445.220 -71.578 -0.103 0.000 0.236 0.966
21.297 -445.115 -71.603 -0.103 0.000 0.238 0.966
21.262 -445.049 -71.618 -0.104 0.000 0.239 0.965
21.217 -444.965 -71.637 -0.104 0.000 0.241 0.965
21.174 -444.887 -71.656 -0.105 0.000 0.242 0.965
21.124 -444.795 -71.677 -0.106 0.000 0.244 0.964
21.057 -444.672 -71.707 -0.107 0.000 0.245 0.964
21.019 -444.603 -71.723 -0.107 0.000 0.246 0.963
20.959 -444.497 -71.749 -0.107 0.000 0.248 0.963
20.938 -444.459 -71.758 -0.108 0.000 0.248 0.963
20.905 -444.400 -71.772 -0.108 0.000 0.249 0.962
20.857 -444.314 -71.793 -0.109 0.000 0.251 0.962
20.801 -444.216 -71.818 -0.109 0.000 0.252 0.962
20.760 -444.144 -71.835 -0.109 0.000 0.253 0.961
20.714 -444.064 -71.855 -0.110 0.000 0.254 0.961
20.660 -443.970 -71.878 -0.110 0.000 0.255 0.961
20.613 -443.890 -71.898 -0.110 0.001 0.256 0.960
20.555 -443.791 -71.923 -0.110 0.001 0.257 0.960
20.501 -443.699 -71.946 -0.110 0.001 0.258 0.960
20.428 -443.575 -71.977 -0.111 0.001 0.260 0.959
20.388 -443.507 -71.995 -0.111 0.001 0.260 0.959
20.348 -443.441 -72.011 -0.111 0.001 0.261 0.959
20.289 -443.342 -72.037 -0.112 0.001 0.262 0.958
20.234 -443.251 -72.060 -0.112 0.001 0.264 0.958
20.185 -443.170 -72.081 -0.113 0.001 0.265 0.958
20.138 -443.092 -72.101 -0.113 0.001 0.266 0.957
20.080 -442.998 -72.125 -0.113 0.001 0.267 0.957
20.019 -442.899 -72.151 -0.114 0.001 0.268 0.957
19.983 -442.841 -72.167 -0.114 0.001 0.269 0.956
19.930 -442.756 -72.189 -0.114 0.001 0.269 0.956
19.890 -442.692 -72.206 -0.115 0.001 0.270 0.956
19.852 -442.631 -72.222 -0.115 0.001 0.271 0.956
19.799 -442.546 -72.245 -0.115 0.001 0.272 0.955
19.746 -442.463 -72.267 -0.116 0.001 0.273 0.955
19.700 -442.390 -72.286 -0.116 0.001 0.274 0.955
19.647 -442.307 -72.309 -0.116 0.001 0.275 0.954
19.589 -442.216 -72.333 -0.117 0.001 0.276 0.954
19.511 -442.095 -72.366 -0.117 0.001 0.278 0.953
19.470 -442.032 -72.383 -0.117 0.001 0.279 0.953
19.414 -441.948 -72.406 -0.118 0.001 0.280 0.953
19.341 -441.836 -72.437 -0.119 0.001 0.282 0.952
19.272 -441.733 -72.466 -0.119 0.001 0.284 0.951
19.215 -441.647 -72.490 -0.119 0.001 0.285 0.951
19.165 -441.573 -72.511 -0.120 0.001 0.286 0.951
19.108 -441.488 -72.535 -0.120 0.001 0.287 0.950
19.017 -441.355 -72.572 -0.121 0.002 0.289 0.950
18.961 -441.274 -72.595 -0.121 0.002 0.290 0.949
18.894 -441.176 -72.623 -0.121 0.002 0.292 0.949
18.833 -441.088 -72.649 -0.121 0.002 0.293 0.948
18.769 -440.996 -72.675 -0.122 0.002 0.294 0.948
18.715 -440.920 -72.697 -0.122 0.002 0.295 0.948
18.649 -440.825 -72.724 -0.122 0.002 0.296 0.947
18.612 -440.773 -72.739 -0.123 0.002 0.297 0.947
18.563 -440.705 -72.759 -0.123 0.002 0.298 0.947
18.515 -440.637 -72.779 -0.123 0.002 0.299 0.946
18.438 -440.530 -72.811 -0.124 0.002 0.301 0.946
18.381 -440.452 -72.834 -0.124 0.002 0.302 0.945
18.326 -440.376 -72.856 -0.125 0.002 0.303 0.945
18.267 -440.296 -72.881 -0.125 0.002 0.304 0.944
18.203 -440.208 -72.907 -0.126 0.002 0.306 0.944
18.132 -440.112 -72.936 -0.126 0.002 0.307 0.943
18.078 -440.040 -72.958 -0.127 0.002 0.308 0.943
18.028 -439.973 -72.979 -0.127 0.002 0.309 0.943
17.974 -439.901 -73.000 -0.127 0.002 0.310 0.942
17.913 -439.820 -73.025 -0.128 0.002 0.311 0.942
17.855 -439.743 -73.049 -0.128 0.002 0.312 0.941
17.792 -439.662 -73.075 -0.128 0.002 0.313 0.941
17.736 -439.588 -73.098 -0.128 0.002 0.314 0.941
17.661 -439.491 -73.128 -0.128 0.002 0.315 0.940
17.622 -439.441 -73.144 -0.129 0.002 0.316 0.940
17.584 -439.392 -73.159 -0.129 0.002 0.316 0.940
17.521 -439.311 -73.184 -0.129 0.002 0.317 0.940
17.473 -439.249 -73.204 -0.129 0.002 0.318 0.939
17.414 -439.174 -73.228 -0.129 0.003 0.319 0.939
17.362 -439.107 -73.249 -0.129 0.003 0.319 0.939
17.306 -439.036 -73.271 -0.129 0.003 0.320 0.939
17.215 -438.922 -73.307 -0.129 0.003 0.321 0.938
17.128 -438.812 -73.342 -0.129 0.003 0.322 0.938
17.058 -438.724 -73.370 -0.130 0.003 0.323 0.937
16.984 -438.632 -73.399 -0.130 0.003 0.325 0.937
16.927 -438.562 -73.422 -0.130 0.003 0.325 0.937
16.850 -438.466 -73.452 -0.130 0.003 0.326 0.936
16.809 -438.416 -73.469 -0.130 0.003 0.326 0.936
16.742 -438.333 -73.495 -0.130 0.003 0.327 0.936
16.674 -438.250 -73.522 -0.130 0.003 0.327 0.936
16.602 -438.162 -73.550 -0.130 0.004 0.328 0.936
16.537 -438.082 -73.576 -0.130 0.004 0.329 0.935
16.488 -438.023 -73.595 -0.130 0.004 0.330 0.935
16.419 -437.939 -73.622 -0.130 0.004 0.330 0.935
16.339 -437.843 -73.653 -0.130 0.004 0.331 0.934
16.285 -437.778 -73.674 -0.130 0.004 0.332 0.934
16.230 -437.711 -73.695 -0.130 0.004 0.333 0.934
16.159 -437.627 -73.722 -0.131 0.004 0.333 0.934
16.093 -437.548 -73.748 -0.131 0.004 0.334 0.933
16.030 -437.474 -73.772 -0.131 0.004 0.335 0.933
15.998 -437.436 -73.785 -0.131 0.004 0.335 0.933
15.927 -437.352 -73.812 -0.131 0.004 0.336 0.933
15.862 -437.275 -73.837 -0.131 0.004 0.337 0.932
15.810 -437.215 -73.857 -0.131 0.005 0.337 0.932
15.729 -437.119 -73.888 -0.131 0.005 0.338 0.932
15.652 -437.030 -73.917 -0.131 0.005 0.339 0.932
15.604 -436.974 -73.935 -0.131 0.005 0.339 0.932
15.548 -436.910 -73.957 -0.131 0.005 0.340 0.931
15.479 -436.829 -73.983 -0.131 0.005 0.341 0.931
15.421 -436.762 -74.005 -0.131 0.005 0.341 0.931
15.341 -436.671 -74.035 -0.131 0.005 0.342 0.931
15.263 -436.581 -74.064 -0.131 0.005 0.343 0.930
15.205 -436.515 -74.086 -0.131 0.005 0.343 0.930
15.133 -436.433 -74.113 -0.131 0.006 0.344 0.930
15.085 -436.379 -74.131 -0.131 0.006 0.344 0.930
15.023 -436.307 -74.154 -0.131 0.006 0.345 0.929
14.957 -436.233 -74.178 -0.130 0.006 0.345 0.929
14.899 -436.167 -74.200 -0.130 0.006 0.346 0.929
14.853 -436.116 -74.217 -0.131 0.006 0.346 0.929
14.805 -436.062 -74.235 -0.131 0.006 0.347 0.929
14.734 -435.982 -74.261 -0.131 0.006 0.348 0.928
14.675 -435.916 -74.283 -0.131 0.006 0.348 0.928
14.609 -435.842 -74.307 -0.131 0.006 0.349 0.928
14.509 -435.731 -74.344 -0.131 0.006 0.350 0.928
