21.500 -475.852 -70.112 -0.001 0.000 0.002 1.000
21.499 -475.770 -70.112 -0.001 0.000 0.003 1.000
21.498 -475.661 -70.112 -0.002 0.000 0.005 1.000
21.497 -475.528 -70.113 -0.003 0.000 0.007 1.000
21.495 -475.399 -70.114 -0.004 0.000 0.009 1.000
21.493 -475.295 -70.115 -0.005 0.000 0.011 1.000
21.489 -475.159 -70.117 -0.006 0.000 0.014 1.000
21.486 -475.060 -70.118 -0.006 0.000 0.015 1.000
21.483 -474.950 -70.119 -0.007 0.000 0.017 1.000
21.478 -474.834 -70.121 -0.008 0.000 0.019 1.000
21.475 -474.741 -70.122 -0.009 0.000 0.021 1.000
21.469 -474.613 -70.125 -0.009 0.000 0.023 1.000
21.464 -474.506 -70.127 -0.010 0.000 0.025 1.000
21.458 -474.394 -70.129 -0.011 0.000 0.026 1.000
21.452 -474.274 -70.132 -0.012 0.000 0.028 1.000
21.447 -474.186 -70.134 -0.012 0.000 0.030 0.999
21.440 -474.083 -70.137 -0.013 0.000 0.032 0.999
21.435 -474.003 -70.139 -0.013 0.000 0.033 0.999
21.428 -473.903 -70.142 -0.014 0.000 0.035 0.999
21.422 -473.819 -70.144 -0.015 0.000 0.036 0.999
21.413 -473.691 -70.148 -0.016 0.000 0.038 0.999
21.402 -473.558 -70.152 -0.017 0.000 0.041 0.999
21.396 -473.486 -70.155 -0.017 0.000 0.042 0.999
21.387 -473.376 -70.159 -0.018 0.000 0.044 0.999
21.377 -473.266 -70.163 -0.019 0.000 0.045 0.999
21.367 -473.157 -70.167 -0.020 0.000 0.047 0.999
21.359 -473.072 -70.171 -0.020 0.000 0.048 0.999
21.348 -472.968 -70.175 -0.021 0.000 0.050 0.999
21.338 -472.864 -70.179 -0.022 0.000 0.052 0.998
21.330 -472.791 -70.183 -0.022 0.000 0.053 0.998
21.321 -472.708 -70.186 -0.022 0.000 0.055 0.998
21.310 -472.607 -70.191 -0.023 0.000 0.056 0.998
21.294 -472.471 -70.197 -0.023 0.000 0.058 0.998
21.286 -472.405 -70.200 -0.024 0.000 0.059 0.998
21.272 -472.290 -70.206 -0.025 0.000 0.061 0.998
21.260 -472.193 -70.211 -0.025 0.000 0.063 0.998
21.250 -472.115 -70.215 -0.026 0.000 0.064 0.998
21.234 -471.987 -70.222 -0.027 0.000 0.066 0.997
21.218 -471.869 -70.228 -0.028 0.000 0.068 0.997
21.202 -471.755 -70.235 -0.028 0.000 0.069 0.997
21.183 -471.619 -70.242 -0.029 0.000 0.071 0.997
21.170 -471.527 -70.248 -0.029 0.000 0.073 0.997
21.157 -471.444 -70.253 -0.030 0.000 0.074 0.997
21.139 -471.322 -70.260 -0.030 0.000 0.075 0.997
21.122 -471.214 -70.267 -0.031 0.000 0.077 0.997
21.106 -471.110 -70.273 -0.032 0.000 0.079 0.996
21.090 -471.014 -70.280 -0.033 0.000 0.081 0.996
21.074 -470.917 -70.286 -0.033 0.000 0.082 0.996
21.062 -470.840 -70.291 -0.034 0.000 0.083 0.996
21.047 -470.756 -70.297 -0.034 0.000 0.084 0.996
21.034 -470.675 -70.303 -0.034 0.000 0.085 0.996
21.016 -470.577 -70.310 -0.035 0.000 0.087 0.996
20.993 -470.443 -70.319 -0.036 0.000 0.089 0.995
20.974 -470.342 -70.327 -0.036 0.000 0.091 0.995
20.956 -470.244 -70.334 -0.037 0.000 0.092 0.995
20.937 -470.146 -70.341 -0.037 0.000 0.094 0.995
20.920 -470.059 -70.348 -0.038 0.000 0.095 0.995
20.900 -469.952 -70.356 -0.039 0.000 0.097 0.995
20.881 -469.858 -70.364 -0.039 0.000 0.099 0.994
20.856 -469.737 -70.373 -0.040 0.000 0.100 0.994
20.834 -469.628 -70.382 -0.041 0.000 0.102 0.994
20.808 -469.504 -70.393 -0.041 0.000 0.104 0.994
20.784 -469.393 -70.402 -0.042 0.000 0.105 0.994
20.756 -469.265 -70.413 -0.042 0.000 0.107 0.993
20.729 -469.141 -70.424 -0.043 0.000 0.109 0.993
20.712 -469.064 -70.431 -0.043 0.000 0.110 0.993
20.695 -468.987 -70.437 -0.043 0.000 0.111 0.993
20.659 -468.832 -70.451 -0.044 0.000 0.113 0.993
20.627 -468.696 -70.463 -0.045 0.000 0.115 0.992
20.604 -468.600 -70.472 -0.045 0.000 0.117 0.992
20.582 -468.508 -70.481 -0.046 0.000 0.118 0.992
20.557 -468.406 -70.490 -0.046 0.000 0.119 0.992
20.525 -468.276 -70.503 -0.047 0.000 0.121 0.992
20.492 -468.145 -70.515 -0.048 0.000 0.123 0.991
20.471 -468.059 -70.524 -0.048 0.000 0.124 0.991
20.438 -467.933 -70.537 -0.049 0.000 0.126 0.991
20.414 -467.840 -70.546 -0.050 0.000 0.128 0.991
20.378 -467.705 -70.560 -0.050 0.000 0.130 0.990
20.357 -467.625 -70.568 -0.051 0.000 0.131 0.990
20.332 -467.533 -70.578 -0.051 0.000 0.132 0.990
20.299 -467.416 -70.590 -0.052 0.000 0.134 0.990
20.268 -467.303 -70.602 -0.052 0.000 0.135 0.989
20.248 -467.233 -70.610 -0.052 0.000 0.136 0.989
20.212 -467.106 -70.624 -0.053 0.000 0.138 0.989
20.183 -467.005 -70.635 -0.053 0.000 0.140 0.989
20.157 -466.915 -70.645 -0.054 0.000 0.141 0.989
20.136 -466.842 -70.653 -0.054 0.000 0.142 0.988
20.108 -466.749 -70.663 -0.054 0.000 0.143 0.988
20.072 -466.629 -70.677 -0.055 0.000 0.145 0.988
20.046 -466.542 -70.687 -0.055 0.000 0.146 0.988
20.018 -466.451 -70.697 -0.056 0.000 0.147 0.988
19.987 -466.350 -70.709 -0.056 0.000 0.148 0.987
19.961 -466.265 -70.719 -0.056 0.000 0.149 0.987
19.931 -466.168 -70.730 -0.056 0.000 0.150 0.987
19.907 -466.091 -70.739 -0.057 0.000 0.151 0.987
19.867 -465.967 -70.754 -0.057 0.000 0.152 0.987
19.844 -465.894 -70.763 -0.057 0.000 0.153 0.987
19.819 -465.816 -70.772 -0.057 0.001 0.154 0.986
19.791 -465.728 -70.783 -0.058 0.001 0.155 0.986
19.754 -465.613 -70.796 -0.058 0.001 0.156 0.986
19.709 -465.477 -70.813 -0.058 0.001 0.157 0.986
19.689 -465.415 -70.820 -0.058 0.001 0.158 0.986
19.657 -465.321 -70.832 -0.058 0.001 0.159 0.986
19.616 -465.198 -70.847 -0.059 0.001 0.160 0.985
19.591 -465.124 -70.856 -0.059 0.001 0.161 0.985
19.554 -465.014 -70.869 -0.059 0.001 0.162 0.985
19.526 -464.932 -70.879 -0.059 0.001 0.163 0.985
19.498 -464.848 -70.890 -0.059 0.001 0.164 0.985
19.465 -464.754 -70.902 -0.060 0.001 0.164 0.985
19.425 -464.638 -70.916 -0.060 0.001 0.166 0.984
19.385 -464.523 -70.931 -0.061 0.001 0.167 0.984
19.353 -464.434 -70.942 -0.061 0.001 0.168 0.984
19.315 -464.324 -70.956 -0.061 0.001 0.169 0.984
19.290 -464.255 -70.965 -0.061 0.001 0.169 0.984
19.255 -464.158 -70.978 -0.062 0.001 0.170 0.983
19.218 -464.054 -70.991 -0.061 0.001 0.171 0.983
19.188 -463.972 -71.002 -0.062 0.001 0.172 0.983
19.152 -463.872 -71.015 -0.062 0.001 0.172 0.983
19.121 -463.786 -71.026 -0.062 0.001 0.173 0.983
19.079 -463.671 -71.041 -0.063 0.001 0.174 0.983
19.043 -463.573 -71.054 -0.063 0.001 0.175 0.983
19.012 -463.490 -71.065 -0.063 0.001 0.176 0.982
18.968 -463.372 -71.080 -0.062 0.001 0.177 0.982
18.943 -463.304 -71.089 -0.063 0.001 0.177 0.982
18.905 -463.205 -71.102 -0.063 0.001 0.178 0.982
18.880 -463.138 -71.111 -0.063 0.001 0.178 0.982
18.851 -463.062 -71.122 -0.063 0.001 0.178 0.982
18.821 -462.981 -71.132 -0.063 0.001 0.179 0.982
18.776 -462.862 -71.148 -0.063 0.001 0.179 0.982
18.736 -462.756 -71.162 -0.063 0.001 0.180 0.982
18.684 -462.621 -71.180 -0.063 0.001 0.181 0.981
18.652 -462.536 -71.191 -0.063 0.001 0.181 0.981
18.609 -462.426 -71.206 -0.063 0.001 0.182 0.981
18.568 -462.320 -71.220 -0.063 0.001 0.183 0.981
18.526 -462.212 -71.234 -0.062 0.002 0.183 0.981
18.486 -462.110 -71.248 -0.062 0.002 0.184 0.981
18.449 -462.015 -71.260 -0.062 0.002 0.185 0.981
18.408 -461.910 -71.274 -0.062 0.002 0.185 0.981
18.372 -461.820 -71.286 -0.062 0.002 0.186 0.981
18.336 -461.728 -71.298 -0.062 0.002 0.186 0.981
18.301 -461.639 -71.310 -0.062 0.002 0.187 0.980
18.264 -461.546 -71.322 -0.062 0.002 0.188 0.980
18.204 -461.397 -71.342 -0.062 0.002 0.189 0.980
18.176 -461.327 -71.351 -0.062 0.002 0.189 0.980
18.129 -461.212 -71.366 -0.062 0.002 0.190 0.980
18.100 -461.139 -71.375 -0.062 0.002 0.190 0.980
18.059 -461.039 -71.388 -0.062 0.002 0.191 0.980
18.018 -460.937 -71.402 -0.062 0.002 0.192 0.980
17.984 -460.855 -71.412 -0.062 0.002 0.192 0.979
17.948 -460.769 -71.424 -0.062 0.002 0.193 0.979
17.914 -460.685 -71.435 -0.062 0.002 0.193 0.979
17.880 -460.603 -71.446 -0.062 0.002 0.194 0.979
17.819 -460.456 -71.465 -0.062 0.002 0.195 0.979
17.772 -460.344 -71.480 -0.062 0.002 0.196 0.979
17.734 -460.253 -71.492 -0.062 0.002 0.196 0.979
17.686 -460.139 -71.507 -0.062 0.002 0.197 0.978
17.649 -460.051 -71.519 -0.062 0.002 0.197 0.978
17.595 -459.925 -71.535 -0.062 0.003 0.198 0.978
17.545 -459.807 -71.550 -0.061 0.003 0.199 0.978
17.492 -459.682 -71.567 -0.061 0.003 0.200 0.978
17.447 -459.577 -71.580 -0.061 0.003 0.200 0.978
17.402 -459.473 -71.594 -0.061 0.003 0.201 0.978
17.350 -459.353 -71.609 -0.061 0.003 0.201 0.978
17.319 -459.280 -71.619 -0.061 0.003 0.202 0.978
17.266 -459.158 -71.635 -0.060 0.003 0.202 0.977
17.231 -459.078 -71.645 -0.060 0.003 0.203 0.977
17.158 -458.910 -71.666 -0.061 0.003 0.204 0.977
17.109 -458.799 -71.681 -0.061 0.003 0.204 0.977
17.064 -458.697 -71.694 -0.061 0.003 0.205 0.977
17.016 -458.589 -71.708 -0.062 0.003 0.206 0.977
16.972 -458.489 -71.721 -0.061 0.003 0.206 0.977
16.937 -458.410 -71.732 -0.061 0.003 0.207 0.976
16.882 -458.288 -71.748 -0.062 0.003 0.208 0.976
16.833 -458.178 -71.762 -0.062 0.003 0.208 0.976
16.784 -458.070 -71.776 -0.062 0.003 0.209 0.976
16.717 -457.922 -71.796 -0.061 0.003 0.209 0.976
16.668 -457.812 -71.810 -0.061 0.003 0.210 0.976
16.615 -457.697 -71.825 -0.061 0.003 0.211 0.976
16.574 -457.607 -71.837 -0.061 0.004 0.211 0.976
16.538 -457.527 -71.847 -0.061 0.004 0.212 0.975
16.495 -457.433 -71.859 -0.061 0.004 0.213 0.975
16.449 -457.334 -71.872 -0.061 0.004 0.213 0.975
16.421 -457.273 -71.880 -0.061 0.004 0.214 0.975
16.388 -457.202 -71.889 -0.060 0.004 0.214 0.975
16.342 -457.104 -71.902 -0.060 0.004 0.215 0.975
16.297 -457.008 -71.914 -0.060 0.004 0.215 0.975
16.255 -456.918 -71.925 -0.060 0.004 0.216 0.975
16.215 -456.832 -71.936 -0.060 0.004 0.216 0.975
16.168 -456.733 -71.949 -0.059 0.004 0.217 0.974
16.116 -456.621 -71.963 -0.060 0.004 0.218 0.974
16.087 -456.559 -71.971 -0.060 0.004 0.218 0.974
16.038 -456.458 -71.984 -0.059 0.004 0.219 0.974
16.010 -456.399 -71.991 -0.059 0.004 0.219 0.974
15.986 -456.348 -71.998 -0.059 0.004 0.220 0.974
15.937 -456.246 -72.010 -0.059 0.005 0.220 0.974
15.896 -456.161 -72.021 -0.058 0.005 0.221 0.974
15.868 -456.101 -72.028 -0.058 0.005 0.221 0.973
15.817 -455.996 -72.042 -0.058 0.005 0.222 0.973
15.776 -455.911 -72.052 -0.058 0.005 0.223 0.973
15.735 -455.827 -72.063 -0.058 0.005 0.224 0.973
15.678 -455.710 -72.077 -0.058 0.005 0.224 0.973
15.639 -455.631 -72.087 -0.058 0.005 0.225 0.973
15.585 -455.520 -72.101 -0.058 0.005 0.225 0.972
15.560 -455.469 -72.107 -0.058 0.005 0.226 0.972
15.508 -455.365 -72.120 -0.058 0.005 0.226 0.972
15.456 -455.259 -72.133 -0.058 0.005 0.227 0.972
15.404 -455.155 -72.146 -0.058 0.005 0.227 0.972
15.359 -455.065 -72.157 -0.058 0.005 0.228 0.972
15.318 -454.983 -72.167 -0.058 0.005 0.228 0.972
15.285 -454.916 -72.176 -0.058 0.005 0.228 0.972
15.248 -454.841 -72.185 -0.058 0.005 0.229 0.972
15.203 -454.752 -72.196 -0.058 0.005 0.229 0.972
15.161 -454.669 -72.206 -0.058 0.005 0.230 0.972
15.121 -454.590 -72.216 -0.058 0.005 0.230 0.971
15.074 -454.496 -72.228 -0.058 0.005 0.231 0.971
15.047 -454.444 -72.234 -0.058 0.005 0.231 0.971
15.021 -454.392 -72.241 -0.058 0.005 0.232 0.971
14.975 -454.301 -72.252 -0.057 0.006 0.232 0.971
14.922 -454.198 -72.264 -0.057 0.006 0.233 0.971
14.887 -454.131 -72.273 -0.057 0.006 0.233 0.971
14.830 -454.019 -72.286 -0.057 0.006 0.233 0.971
14.784 -453.929 -72.297 -0.056 0.006 0.234 0.971
14.728 -453.820 -72.310 -0.056 0.006 0.234 0.970
14.679 -453.726 -72.322 -0.056 0.006 0.235 0.970
14.623 -453.618 -72.335 -0.056 0.006 0.236 0.970
14.583 -453.541 -72.344 -0.056 0.006 0.236 0.970
14.519 -453.418 -72.359 -0.056 0.006 0.237 0.970
14.470 -453.325 -72.370 -0.056 0.006 0.238 0.970
14.430 -453.248 -72.379 -0.056 0.006 0.238 0.970
14.386 -453.165 -72.389 -0.056 0.006 0.238 0.970
14.334 -453.065 -72.401 -0.056 0.006 0.239 0.969
14.303 -453.006 -72.408 -0.056 0.006 0.239 0.969
