26.390 -423.594 -82.405 -0.026 0.000 0.050 0.998
26.380 -423.498 -82.410 -0.026 0.000 0.052 0.998
26.363 -423.344 -82.419 -0.027 0.000 0.054 0.998
26.353 -423.254 -82.424 -0.028 0.000 0.055 0.998
26.344 -423.168 -82.428 -0.028 0.000 0.057 0.998
26.332 -423.068 -82.434 -0.029 0.000 0.058 0.998
26.314 -422.920 -82.443 -0.030 0.000 0.061 0.998
26.303 -422.832 -82.448 -0.030 0.000 0.063 0.998
26.294 -422.757 -82.453 -0.031 0.000 0.064 0.997
26.283 -422.674 -82.458 -0.031 0.000 0.065 0.997
26.270 -422.577 -82.465 -0.032 0.000 0.067 0.997
26.259 -422.495 -82.470 -0.033 0.000 0.068 0.997
26.242 -422.376 -82.478 -0.034 0.000 0.070 0.997
26.228 -422.274 -82.485 -0.035 0.000 0.071 0.997
26.216 -422.194 -82.491 -0.035 0.000 0.073 0.997
26.199 -422.076 -82.499 -0.036 0.000 0.074 0.997
26.179 -421.950 -82.508 -0.036 0.000 0.077 0.996
26.165 -421.858 -82.515 -0.037 0.000 0.078 0.996
26.153 -421.784 -82.521 -0.037 0.000 0.079 0.996
26.140 -421.703 -82.527 -0.038 0.000 0.080 0.996
26.123 -421.597 -82.535 -0.039 0.000 0.081 0.996
26.103 -421.475 -82.545 -0.039 0.000 0.084 0.996
26.086 -421.375 -82.553 -0.040 0.000 0.085 0.996
26.062 -421.243 -82.564 -0.041 0.000 0.087 0.995
26.046 -421.153 -82.571 -0.042 0.000 0.089 0.995
26.027 -421.047 -82.581 -0.043 0.000 0.091 0.995
26.009 -420.951 -82.589 -0.044 0.000 0.092 0.995
25.979 -420.792 -82.603 -0.045 0.000 0.095 0.995
25.959 -420.690 -82.613 -0.045 0.000 0.096 0.994
25.937 -420.577 -82.623 -0.046 0.000 0.098 0.994
25.913 -420.461 -82.634 -0.047 0.000 0.101 0.994
25.886 -420.331 -82.647 -0.048 0.000 0.103 0.994
25.861 -420.211 -82.658 -0.049 0.000 0.105 0.993
25.836 -420.099 -82.670 -0.049 0.000 0.107 0.993
25.818 -420.017 -82.678 -0.050 0.000 0.108 0.993
25.794 -419.908 -82.689 -0.051 0.000 0.111 0.993
25.771 -419.805 -82.700 -0.052 0.000 0.113 0.992
25.746 -419.697 -82.712 -0.052 0.000 0.114 0.992
25.728 -419.622 -82.720 -0.053 0.000 0.116 0.992
25.705 -419.524 -82.730 -0.054 0.000 0.118 0.992
25.680 -419.425 -82.741 -0.055 0.000 0.119 0.991
25.655 -419.322 -82.753 -0.055 0.000 0.121 0.991
25.629 -419.219 -82.765 -0.056 0.000 0.123 0.991
25.604 -419.119 -82.777 -0.057 0.000 0.125 0.991
25.579 -419.024 -82.788 -0.058 0.000 0.126 0.990
25.539 -418.871 -82.806 -0.059 0.000 0.129 0.990
25.516 -418.784 -82.817 -0.060 0.000 0.130 0.990
25.496 -418.712 -82.826 -0.060 0.000 0.132 0.989
25.470 -418.615 -82.838 -0.061 0.000 0.134 0.989
25.436 -418.493 -82.853 -0.062 0.000 0.136 0.989
25.411 -418.407 -82.864 -0.063 0.000 0.138 0.988
25.393 -418.344 -82.873 -0.063 0.000 0.139 0.988
25.362 -418.236 -82.887 -0.064 0.000 0.141 0.988
25.337 -418.153 -82.898 -0.064 0.000 0.143 0.988
25.315 -418.078 -82.908 -0.065 0.000 0.144 0.987
25.289 -417.991 -82.920 -0.066 0.000 0.145 0.987
25.259 -417.893 -82.933 -0.066 0.000 0.147 0.987
25.234 -417.812 -82.944 -0.067 0.000 0.148 0.987
25.206 -417.719 -82.957 -0.067 0.000 0.150 0.986
25.181 -417.641 -82.968 -0.068 0.000 0.151 0.986
25.155 -417.559 -82.980 -0.069 0.000 0.152 0.986
25.124 -417.462 -82.994 -0.069 0.000 0.154 0.986
25.095 -417.371 -83.007 -0.070 0.000 0.155 0.985
25.072 -417.301 -83.017 -0.070 0.000 0.157 0.985
25.031 -417.178 -83.036 -0.071 0.000 0.159 0.985
24.988 -417.049 -83.055 -0.073 0.000 0.161 0.984
24.961 -416.971 -83.067 -0.073 0.000 0.163 0.984
24.931 -416.884 -83.081 -0.074 0.000 0.164 0.984
24.900 -416.794 -83.095 -0.074 0.000 0.166 0.983
24.865 -416.694 -83.110 -0.075 0.001 0.167 0.983
24.828 -416.590 -83.127 -0.076 0.001 0.169 0.983
24.803 -416.521 -83.138 -0.076 0.001 0.170 0.982
24.781 -416.458 -83.148 -0.076 0.001 0.171 0.982
24.756 -416.391 -83.159 -0.077 0.001 0.173 0.982
24.726 -416.308 -83.172 -0.077 0.001 0.174 0.982
24.687 -416.203 -83.189 -0.077 0.001 0.176 0.981
24.647 -416.095 -83.207 -0.078 0.001 0.178 0.981
24.593 -415.955 -83.230 -0.080 0.001 0.180 0.980
24.560 -415.868 -83.245 -0.080 0.001 0.181 0.980
24.519 -415.762 -83.263 -0.081 0.001 0.183 0.980
24.471 -415.640 -83.284 -0.082 0.001 0.185 0.979
24.433 -415.546 -83.301 -0.082 0.001 0.187 0.979
24.397 -415.455 -83.317 -0.083 0.001 0.188 0.979
24.360 -415.364 -83.333 -0.084 0.001 0.190 0.978
24.317 -415.260 -83.352 -0.084 0.001 0.192 0.978
24.274 -415.154 -83.371 -0.085 0.001 0.193 0.977
24.232 -415.053 -83.389 -0.086 0.001 0.195 0.977
24.191 -414.955 -83.407 -0.086 0.001 0.197 0.977
24.155 -414.873 -83.423 -0.087 0.001 0.198 0.976
24.106 -414.759 -83.444 -0.088 0.001 0.200 0.976
24.060 -414.653 -83.464 -0.089 0.001 0.203 0.975
24.029 -414.582 -83.478 -0.090 0.001 0.204 0.975
23.982 -414.477 -83.498 -0.091 0.001 0.206 0.974
23.933 -414.368 -83.520 -0.092 0.001 0.208 0.974
23.892 -414.279 -83.538 -0.093 0.001 0.210 0.973
23.852 -414.191 -83.556 -0.093 0.001 0.212 0.973
23.815 -414.113 -83.572 -0.094 0.001 0.214 0.972
23.778 -414.033 -83.588 -0.095 0.001 0.215 0.972
23.740 -413.953 -83.605 -0.095 0.001 0.217 0.972
23.707 -413.883 -83.619 -0.096 0.001 0.218 0.971
23.659 -413.784 -83.640 -0.097 0.001 0.220 0.971
23.625 -413.714 -83.655 -0.098 0.001 0.221 0.970
23.572 -413.604 -83.679 -0.098 0.001 0.223 0.970
23.527 -413.514 -83.698 -0.099 0.001 0.225 0.969
23.465 -413.389 -83.726 -0.100 0.001 0.228 0.969
23.420 -413.300 -83.746 -0.101 0.001 0.229 0.968
23.375 -413.211 -83.766 -0.101 0.001 0.231 0.968
23.330 -413.125 -83.785 -0.102 0.001 0.233 0.967
23.282 -413.033 -83.806 -0.103 0.001 0.235 0.967
23.252 -412.975 -83.819 -0.104 0.001 0.236 0.966
23.191 -412.861 -83.846 -0.105 0.001 0.238 0.966
23.135 -412.756 -83.871 -0.106 0.001 0.240 0.965
23.081 -412.656 -83.894 -0.106 0.001 0.242 0.964
23.030 -412.562 -83.917 -0.107 0.001 0.244 0.964
22.990 -412.489 -83.934 -0.108 0.001 0.245 0.963
22.951 -412.419 -83.951 -0.108 0.001 0.247 0.963
22.895 -412.319 -83.976 -0.109 0.001 0.249 0.962
22.863 -412.263 -83.990 -0.109 0.001 0.250 0.962
22.821 -412.188 -84.008 -0.110 0.001 0.252 0.962
22.785 -412.126 -84.024 -0.111 0.001 0.253 0.961
22.758 -412.077 -84.036 -0.111 0.001 0.254 0.961
22.689 -411.960 -84.066 -0.112 0.001 0.256 0.960
22.644 -411.882 -84.085 -0.113 0.001 0.258 0.960
22.608 -411.822 -84.101 -0.113 0.001 0.259 0.959
22.552 -411.727 -84.126 -0.114 0.001 0.261 0.959
22.495 -411.632 -84.150 -0.115 0.001 0.263 0.958
22.429 -411.523 -84.179 -0.116 0.001 0.265 0.957
22.377 -411.439 -84.202 -0.117 0.001 0.267 0.957
22.332 -411.365 -84.221 -0.117 0.001 0.268 0.956
22.265 -411.258 -84.251 -0.118 0.001 0.271 0.955
22.215 -411.178 -84.273 -0.119 0.001 0.272 0.955
22.155 -411.083 -84.299 -0.119 0.001 0.274 0.954
22.102 -411.001 -84.322 -0.120 0.001 0.276 0.954
22.055 -410.928 -84.342 -0.121 0.001 0.278 0.953
21.993 -410.833 -84.369 -0.122 0.001 0.280 0.952
21.955 -410.775 -84.386 -0.123 0.001 0.281 0.952
21.903 -410.696 -84.408 -0.123 0.001 0.283 0.951
21.851 -410.619 -84.431 -0.124 0.001 0.285 0.951
21.795 -410.535 -84.455 -0.125 0.001 0.286 0.950
21.734 -410.447 -84.481 -0.126 0.001 0.288 0.949
21.671 -410.354 -84.509 -0.127 0.001 0.290 0.949
21.616 -410.274 -84.533 -0.127 0.001 0.292 0.948
21.573 -410.213 -84.552 -0.128 0.001 0.293 0.947
21.503 -410.113 -84.582 -0.129 0.001 0.295 0.947
21.424 -410.003 -84.617 -0.130 0.001 0.297 0.946
21.363 -409.917 -84.643 -0.131 0.001 0.299 0.945
21.311 -409.845 -84.666 -0.131 0.001 0.301 0.945
21.271 -409.791 -84.683 -0.132 0.001 0.302 0.944
21.180 -409.665 -84.723 -0.133 0.001 0.304 0.943
21.121 -409.586 -84.749 -0.134 0.001 0.306 0.943
21.058 -409.501 -84.776 -0.134 0.001 0.308 0.942
20.958 -409.370 -84.820 -0.136 0.001 0.311 0.941
20.894 -409.285 -84.848 -0.136 0.001 0.313 0.940
20.840 -409.216 -84.871 -0.137 0.001 0.314 0.939
20.775 -409.132 -84.899 -0.138 0.001 0.316 0.939
20.696 -409.031 -84.933 -0.139 0.001 0.318 0.938
20.645 -408.966 -84.956 -0.139 0.001 0.320 0.937
20.594 -408.902 -84.978 -0.140 0.001 0.321 0.937
20.506 -408.793 -85.016 -0.141 0.001 0.324 0.936
20.465 -408.742 -85.034 -0.141 0.001 0.325 0.935
20.394 -408.654 -85.065 -0.142 0.001 0.327 0.934
20.339 -408.587 -85.089 -0.143 0.001 0.328 0.934
20.257 -408.489 -85.124 -0.144 0.001 0.331 0.933
20.208 -408.429 -85.145 -0.144 0.001 0.332 0.932
20.151 -408.362 -85.170 -0.145 0.001 0.333 0.932
20.083 -408.282 -85.199 -0.146 0.001 0.335 0.931
20.019 -408.207 -85.227 -0.147 0.001 0.337 0.930
19.938 -408.113 -85.263 -0.148 0.001 0.339 0.929
19.871 -408.037 -85.291 -0.148 0.001 0.341 0.928
19.806 -407.962 -85.320 -0.149 0.001 0.342 0.928
19.735 -407.883 -85.351 -0.150 0.001 0.344 0.927
19.645 -407.782 -85.390 -0.151 0.001 0.347 0.926
19.585 -407.715 -85.416 -0.151 0.001 0.348 0.925
19.534 -407.659 -85.438 -0.152 0.001 0.350 0.924
19.470 -407.589 -85.466 -0.153 0.001 0.351 0.924
19.418 -407.532 -85.488 -0.154 0.001 0.353 0.923
19.351 -407.461 -85.517 -0.155 0.001 0.354 0.922
19.294 -407.400 -85.542 -0.155 0.001 0.356 0.922
19.218 -407.319 -85.575 -0.157 0.001 0.358 0.921
19.121 -407.217 -85.618 -0.158 0.001 0.360 0.919
19.054 -407.148 -85.647 -0.159 0.001 0.362 0.919
19.006 -407.098 -85.668 -0.159 0.001 0.363 0.918
18.921 -407.011 -85.706 -0.160 0.001 0.365 0.917
18.843 -406.933 -85.740 -0.161 0.001 0.367 0.916
18.781 -406.871 -85.767 -0.162 0.001 0.369 0.915
18.710 -406.799 -85.798 -0.162 0.001 0.370 0.915
18.658 -406.748 -85.821 -0.163 0.001 0.372 0.914
18.574 -406.666 -85.857 -0.163 0.001 0.374 0.913
18.524 -406.617 -85.879 -0.164 0.001 0.375 0.912
18.443 -406.539 -85.914 -0.165 0.001 0.377 0.911
18.373 -406.473 -85.945 -0.165 0.001 0.379 0.911
18.295 -406.398 -85.979 -0.166 0.001 0.381 0.910
18.212 -406.320 -86.015 -0.167 0.001 0.383 0.909
18.125 -406.239 -86.053 -0.168 0.001 0.385 0.908
18.051 -406.171 -86.085 -0.168 0.001 0.387 0.907
17.966 -406.093 -86.122 -0.169 0.001 0.388 0.906
17.904 -406.037 -86.148 -0.169 0.001 0.390 0.905
17.802 -405.945 -86.193 -0.170 0.001 0.393 0.904
17.728 -405.880 -86.224 -0.171 0.001 0.394 0.903
17.635 -405.797 -86.265 -0.172 0.001 0.397 0.902
17.560 -405.732 -86.297 -0.172 0.002 0.398 0.901
17.500 -405.680 -86.323 -0.173 0.001 0.399 0.900
17.417 -405.609 -86.359 -0.174 0.001 0.401 0.899
17.341 -405.544 -86.391 -0.175 0.002 0.403 0.898
17.280 -405.493 -86.418 -0.175 0.001 0.405 0.898
17.208 -405.432 -86.449 -0.176 0.001 0.406 0.897
17.139 -405.375 -86.479 -0.177 0.001 0.408 0.896
17.069 -405.318 -86.508 -0.177 0.001 0.409 0.895
17.004 -405.264 -86.537 -0.178 0.002 0.411 0.894
16.931 -405.205 -86.568 -0.178 0.002 0.413 0.893
16.858 -405.146 -86.600 -0.179 0.001 0.414 0.892
16.758 -405.066 -86.643 -0.180 0.001 0.416 0.891
16.677 -405.003 -86.677 -0.181 0.001 0.418 0.890
16.606 -404.947 -86.708 -0.182 0.001 0.419 0.889
16.544 -404.899 -86.735 -0.182 0.001 0.421 0.889
16.493 -404.860 -86.757 -0.183 0.001 0.422 0.888
16.376 -404.771 -86.807 -0.184 0.002 0.425 0.887
16.289 -404.705 -86.845 -0.184 0.002 0.427 0.886
16.202 -404.640 -86.882 -0.185 0.002 0.428 0.885
16.124 -404.582 -86.915 -0.186 0.002 0.429 0.884
16.016 -404.502 -86.962 -0.186 0.002 0.431 0.883
15.928 -404.438 -87.000 -0.187 0.002 0.433 0.882
15.873 -404.398 -87.023 -0.188 0.002 0.434 0.881
15.829 -404.367 -87.042 -0.188 0.002 0.435 0.880
15.741 -404.304 -87.080 -0.188 0.002 0.437 0.879
15.665 -404.250 -87.112 -0.189 0.002 0.439 0.879
15.580 -404.190 -87.149 -0.190 0.002 0.440 0.877
15.519 -404.148 -87.175 -0.191 0.002 0.441 0.877
15.433 -404.088 -87.212 -0.192 0.001 0.443 0.876
15.356 -404.035 -87.246 -0.193 0.001 0.445 0.875
15.271 -403.978 -87.282 -0.193 0.001 0.446 0.874
15.193 -403.925 -87.316 -0.194 0.001 0.448 0.873
15.110 -403.870 -87.352 -0.194 0.001 0.449 0.872
15.021 -403.811 -87.390 -0.195 0.001 0.451 0.871
14.952 -403.766 -87.420 -0.196 0.002 0.452 0.870
14.870 -403.713 -87.455 -0.196 0.002 0.454 0.869
14.772 -403.650 -87.497 -0.197 0.002 0.456 0.868
14.701 -403.605 -87.527 -0.198 0.002 0.457 0.867
14.671 -403.585 -87.541 -0.198 0.001 0.458 0.867
14.594 -403.537 -87.574 -0.199 0.001 0.459 0.866
14.551 -403.510 -87.592 -0.199 0.001 0.460 0.865
14.457 -403.452 -87.633 -0.200 0.001 0.461 0.864
14.391 -403.411 -87.661 -0.200 0.001 0.463 0.864
14.332 -403.374 -87.687 -0.201 0.001 0.464 0.863
14.249 -403.324 -87.722 -0.201 0.001 0.465 0.862
14.161 -403.271 -87.760 -0.202 0.001 0.466 0.861
14.103 -403.236 -87.786 -0.202 0.001 0.467 0.861
14.014 -403.183 -87.824 -0.203 0.001 0.469 0.860
13.906 -403.119 -87.870 -0.204 0.001 0.471 0.858
13.797 -403.055 -87.917 -0.205 0.001 0.473 0.857
13.745 -403.026 -87.940 -0.205 0.001 0.473 0.857
13.662 -402.978 -87.976 -0.205 0.002 0.475 0.856
13.567 -402.924 -88.017 -0.206 0.002 0.477 0.855
13.488 -402.879 -88.051 -0.206 0.002 0.478 0.854
13.405 -402.834 -88.086 -0.207 0.002 0.480 0.853
13.313 -402.783 -88.125 -0.207 0.002 0.481 0.852
13.206 -402.725 -88.171 -0.208 0.002 0.483 0.851
13.119 -402.678 -88.208 -0.209 0.002 0.484 0.850
13.008 -402.618 -88.256 -0.209 0.002 0.487 0.848
12.954 -402.589 -88.279 -0.210 0.002 0.488 0.847
12.846 -402.533 -88.325 -0.210 0.002 0.490 0.846
12.751 -402.484 -88.366 -0.211 0.002 0.491 0.845
12.683 -402.448 -88.395 -0.212 0.002 0.493 0.844
12.605 -402.409 -88.428 -0.212 0.002 0.494 0.843
12.566 -402.389 -88.445 -0.212 0.002 0.495 0.843
12.425 -402.318 -88.505 -0.213 0.003 0.498 0.841
12.392 -402.303 -88.518 -0.214 0.003 0.498 0.840
12.304 -402.260 -88.556 -0.214 0.003 0.500 0.839
12.206 -402.212 -88.597 -0.215 0.003 0.501 0.838
12.133 -402.177 -88.628 -0.215 0.003 0.503 0.837
12.059 -402.142 -88.660 -0.215 0.003 0.504 0.837
11.963 -402.097 -88.700 -0.216 0.003 0.506 0.835
11.868 -402.053 -88.740 -0.217 0.003 0.507 0.834
11.760 -402.003 -88.786 -0.217 0.003 0.509 0.833
11.676 -401.965 -88.822 -0.218 0.003 0.511 0.832
11.601 -401.932 -88.853 -0.218 0.003 0.512 0.831
11.526 -401.898 -88.885 -0.219 0.003 0.513 0.830
11.396 -401.841 -88.940 -0.220 0.003 0.515 0.828
11.225 -401.768 -89.012 -0.221 0.003 0.518 0.826
11.150 -401.736 -89.043 -0.221 0.003 0.520 0.825
11.050 -401.694 -89.086 -0.222 0.003 0.521 0.824
10.973 -401.662 -89.118 -0.223 0.003 0.522 0.823
10.907 -401.635 -89.146 -0.223 0.003 0.523 0.822
10.797 -401.590 -89.192 -0.224 0.003 0.525 0.821
10.712 -401.557 -89.228 -0.225 0.003 0.527 0.820
10.661 -401.536 -89.250 -0.225 0.003 0.528 0.819
10.594 -401.510 -89.278 -0.225 0.003 0.528 0.818
10.480 -401.466 -89.326 -0.226 0.003 0.530 0.817
10.402 -401.436 -89.359 -0.227 0.003 0.532 0.816
10.352 -401.417 -89.380 -0.227 0.003 0.532 0.816
10.273 -401.387 -89.413 -0.227 0.003 0.534 0.815
10.194 -401.358 -89.447 -0.228 0.003 0.535 0.814
10.136 -401.336 -89.471 -0.228 0.003 0.536 0.813
10.059 -401.308 -89.504 -0.229 0.003 0.537 0.812
9.998 -401.286 -89.529 -0.229 0.003 0.538 0.811
9.922 -401.259 -89.561 -0.229 0.003 0.539 0.811
9.862 -401.237 -89.586 -0.230 0.003 0.540 0.810
9.804 -401.216 -89.611 -0.230 0.004 0.541 0.809
9.710 -401.184 -89.650 -0.230 0.004 0.542 0.808
