24.700 -458.407 -70.112 -0.001 0.000 0.001 1.000
24.700 -458.363 -70.112 -0.001 0.000 0.002 1.000
24.699 -458.270 -70.112 -0.002 0.000 0.004 1.000
24.698 -458.142 -70.113 -0.003 0.000 0.006 1.000
24.697 -458.074 -70.113 -0.003 0.000 0.007 1.000
24.695 -457.969 -70.114 -0.004 0.000 0.009 1.000
24.693 -457.830 -70.115 -0.005 0.000 0.011 1.000
24.690 -457.721 -70.116 -0.005 0.000 0.013 1.000
24.687 -457.619 -70.117 -0.006 0.000 0.015 1.000
24.685 -457.542 -70.118 -0.007 0.000 0.017 1.000
24.681 -457.444 -70.120 -0.007 0.000 0.019 1.000
24.679 -457.384 -70.121 -0.008 0.000 0.020 1.000
24.673 -457.235 -70.123 -0.009 0.000 0.022 1.000
24.666 -457.087 -70.126 -0.010 0.000 0.025 1.000
24.661 -456.995 -70.128 -0.010 0.000 0.027 1.000
24.657 -456.920 -70.129 -0.011 0.000 0.028 1.000
24.653 -456.860 -70.131 -0.011 0.000 0.029 1.000
24.647 -456.750 -70.133 -0.012 0.000 0.032 0.999
24.640 -456.645 -70.136 -0.013 0.000 0.034 0.999
24.633 -456.549 -70.138 -0.013 0.000 0.035 0.999
24.625 -456.441 -70.141 -0.014 0.000 0.038 0.999
24.617 -456.331 -70.144 -0.015 0.000 0.039 0.999
24.608 -456.225 -70.147 -0.015 0.000 0.041 0.999
24.598 -456.108 -70.151 -0.016 0.000 0.043 0.999
24.589 -456.010 -70.154 -0.017 0.000 0.045 0.999
24.583 -455.936 -70.157 -0.017 0.000 0.046 0.999
24.573 -455.837 -70.160 -0.018 0.000 0.048 0.999
24.567 -455.776 -70.163 -0.018 0.000 0.049 0.999
24.553 -455.637 -70.168 -0.019 0.000 0.052 0.998
24.541 -455.526 -70.172 -0.020 0.000 0.053 0.998
24.532 -455.436 -70.176 -0.020 0.000 0.055 0.998
24.522 -455.346 -70.179 -0.021 0.000 0.057 0.998
24.505 -455.205 -70.186 -0.022 0.000 0.059 0.998
24.492 -455.094 -70.191 -0.023 0.000 0.061 0.998
24.482 -455.017 -70.195 -0.024 0.000 0.062 0.998
24.464 -454.878 -70.201 -0.025 0.000 0.065 0.998
24.452 -454.783 -70.206 -0.026 0.000 0.066 0.997
24.437 -454.676 -70.212 -0.027 0.000 0.068 0.997
24.419 -454.542 -70.219 -0.028 0.000 0.071 0.997
24.399 -454.410 -70.227 -0.029 0.000 0.073 0.997
24.384 -454.305 -70.233 -0.030 0.000 0.074 0.997
24.366 -454.189 -70.240 -0.031 0.000 0.077 0.997
24.354 -454.114 -70.245 -0.032 0.000 0.078 0.996
24.342 -454.035 -70.250 -0.032 0.000 0.079 0.996
24.328 -453.951 -70.256 -0.033 0.000 0.081 0.996
24.315 -453.870 -70.261 -0.034 0.000 0.082 0.996
24.293 -453.742 -70.270 -0.035 0.000 0.085 0.996
24.274 -453.630 -70.278 -0.036 0.000 0.087 0.996
24.256 -453.530 -70.285 -0.037 0.000 0.088 0.995
24.233 -453.402 -70.295 -0.038 0.000 0.091 0.995
24.214 -453.303 -70.303 -0.039 0.000 0.092 0.995
24.194 -453.193 -70.311 -0.040 0.000 0.094 0.995
24.177 -453.105 -70.319 -0.041 0.000 0.096 0.995
24.159 -453.015 -70.326 -0.042 0.000 0.097 0.994
24.139 -452.916 -70.335 -0.042 0.000 0.099 0.994
24.119 -452.820 -70.343 -0.043 0.000 0.101 0.994
24.095 -452.701 -70.354 -0.044 0.000 0.103 0.994
24.077 -452.617 -70.361 -0.045 0.000 0.104 0.994
24.053 -452.507 -70.372 -0.046 0.000 0.106 0.993
24.034 -452.418 -70.380 -0.046 0.000 0.108 0.993
24.010 -452.313 -70.390 -0.047 0.000 0.110 0.993
23.985 -452.200 -70.401 -0.048 0.000 0.112 0.993
23.956 -452.076 -70.413 -0.049 0.000 0.114 0.992
23.930 -451.964 -70.424 -0.050 0.000 0.116 0.992
23.905 -451.862 -70.435 -0.051 0.000 0.118 0.992
23.873 -451.734 -70.448 -0.052 0.000 0.121 0.991
23.850 -451.640 -70.458 -0.052 0.000 0.122 0.991
23.831 -451.565 -70.467 -0.053 0.000 0.124 0.991
23.803 -451.454 -70.479 -0.054 0.000 0.126 0.991
23.778 -451.360 -70.489 -0.054 0.000 0.128 0.990
23.761 -451.294 -70.497 -0.055 0.000 0.129 0.990
23.725 -451.160 -70.512 -0.056 0.000 0.131 0.990
23.702 -451.077 -70.522 -0.057 0.000 0.133 0.990
23.672 -450.968 -70.535 -0.059 0.000 0.135 0.989
23.654 -450.904 -70.543 -0.059 0.000 0.136 0.989
23.632 -450.828 -70.552 -0.060 0.000 0.137 0.989
23.605 -450.732 -70.564 -0.060 0.000 0.139 0.988
23.560 -450.577 -70.584 -0.061 0.000 0.142 0.988
23.540 -450.510 -70.592 -0.062 0.000 0.143 0.988
23.514 -450.422 -70.604 -0.062 0.000 0.145 0.987
23.474 -450.293 -70.621 -0.063 0.000 0.147 0.987
23.433 -450.157 -70.639 -0.064 0.000 0.149 0.987
23.397 -450.043 -70.654 -0.065 0.000 0.151 0.986
23.370 -449.958 -70.666 -0.066 0.000 0.153 0.986
23.338 -449.859 -70.679 -0.067 0.000 0.155 0.986
23.310 -449.775 -70.691 -0.067 0.000 0.156 0.985
23.285 -449.696 -70.702 -0.068 0.000 0.158 0.985
23.235 -449.547 -70.724 -0.069 0.000 0.160 0.985
23.198 -449.437 -70.740 -0.070 0.000 0.162 0.984
23.157 -449.318 -70.757 -0.071 0.000 0.164 0.984
23.132 -449.245 -70.768 -0.071 0.000 0.165 0.984
23.105 -449.168 -70.780 -0.072 0.000 0.167 0.983
23.066 -449.057 -70.797 -0.073 0.000 0.169 0.983
23.029 -448.956 -70.812 -0.074 0.000 0.171 0.983
22.976 -448.809 -70.836 -0.075 0.000 0.173 0.982
22.938 -448.707 -70.852 -0.076 -0.001 0.175 0.982
22.916 -448.647 -70.862 -0.077 -0.001 0.176 0.981
22.876 -448.541 -70.879 -0.078 -0.001 0.178 0.981
22.836 -448.435 -70.897 -0.079 -0.001 0.180 0.981
22.811 -448.371 -70.908 -0.080 -0.001 0.181 0.980
22.772 -448.269 -70.925 -0.080 -0.001 0.183 0.980
22.734 -448.172 -70.942 -0.081 -0.001 0.185 0.979
22.702 -448.090 -70.956 -0.081 -0.001 0.186 0.979
22.664 -447.997 -70.972 -0.082 -0.001 0.188 0.979
22.626 -447.901 -70.989 -0.083 -0.001 0.189 0.978
22.594 -447.823 -71.003 -0.084 -0.001 0.191 0.978
22.548 -447.710 -71.024 -0.085 -0.001 0.192 0.978
22.510 -447.619 -71.040 -0.085 -0.001 0.194 0.977
22.464 -447.507 -71.061 -0.086 -0.001 0.196 0.977
22.432 -447.431 -71.075 -0.086 -0.001 0.197 0.977
22.394 -447.343 -71.092 -0.087 -0.001 0.199 0.976
22.334 -447.205 -71.118 -0.088 -0.001 0.201 0.976
22.279 -447.078 -71.142 -0.089 0.000 0.203 0.975
22.245 -447.000 -71.157 -0.090 -0.001 0.205 0.975
22.209 -446.919 -71.173 -0.090 -0.001 0.206 0.974
22.177 -446.848 -71.187 -0.091 -0.001 0.207 0.974
22.145 -446.778 -71.201 -0.091 -0.001 0.208 0.974
22.106 -446.693 -71.218 -0.092 -0.001 0.210 0.973
22.060 -446.592 -71.238 -0.093 -0.001 0.212 0.973
22.015 -446.494 -71.258 -0.093 0.000 0.214 0.972
21.965 -446.388 -71.279 -0.094 0.000 0.216 0.972
21.913 -446.279 -71.302 -0.095 0.000 0.217 0.971
21.880 -446.208 -71.317 -0.095 0.000 0.219 0.971
21.845 -446.135 -71.332 -0.095 0.000 0.220 0.971
21.786 -446.015 -71.357 -0.096 0.000 0.222 0.970
21.756 -445.953 -71.370 -0.096 0.000 0.223 0.970
21.711 -445.861 -71.390 -0.097 0.000 0.225 0.970
21.664 -445.768 -71.410 -0.098 0.000 0.226 0.969
21.629 -445.697 -71.425 -0.098 0.000 0.228 0.969
21.580 -445.601 -71.446 -0.099 0.000 0.229 0.968
21.534 -445.509 -71.466 -0.100 0.000 0.231 0.968
21.477 -445.399 -71.491 -0.100 0.000 0.233 0.967
21.436 -445.321 -71.508 -0.101 0.000 0.235 0.967
21.389 -445.231 -71.528 -0.101 0.000 0.236 0.966
21.352 -445.160 -71.544 -0.102 0.000 0.237 0.966
21.293 -445.050 -71.569 -0.103 0.000 0.239 0.965
21.232 -444.936 -71.596 -0.104 0.000 0.241 0.965
21.188 -444.856 -71.614 -0.104 0.000 0.243 0.964
21.166 -444.816 -71.624 -0.105 0.000 0.244 0.964
21.089 -444.675 -71.657 -0.106 0.000 0.246 0.964
21.046 -444.598 -71.675 -0.106 0.000 0.247 0.963
21.004 -444.523 -71.693 -0.106 0.000 0.248 0.963
20.936 -444.402 -71.723 -0.107 0.000 0.250 0.962
20.893 -444.326 -71.741 -0.107 0.000 0.251 0.962
20.853 -444.255 -71.758 -0.108 0.000 0.252 0.962
20.811 -444.182 -71.776 -0.108 0.000 0.253 0.961
20.778 -444.125 -71.790 -0.108 0.000 0.254 0.961
20.709 -444.005 -71.819 -0.108 0.000 0.256 0.961
20.652 -443.908 -71.843 -0.109 0.000 0.257 0.960
20.579 -443.784 -71.874 -0.109 0.000 0.259 0.960
20.532 -443.704 -71.894 -0.109 0.000 0.260 0.960
20.484 -443.623 -71.914 -0.109 0.001 0.261 0.959
20.424 -443.522 -71.939 -0.110 0.001 0.262 0.959
20.380 -443.450 -71.958 -0.110 0.001 0.263 0.959
20.341 -443.384 -71.974 -0.110 0.001 0.264 0.958
20.268 -443.265 -72.004 -0.111 0.001 0.265 0.958
20.223 -443.191 -72.023 -0.111 0.001 0.266 0.957
20.172 -443.108 -72.044 -0.111 0.001 0.268 0.957
20.122 -443.027 -72.065 -0.112 0.001 0.269 0.957
20.054 -442.918 -72.093 -0.112 0.001 0.270 0.956
20.008 -442.844 -72.112 -0.113 0.001 0.271 0.956
19.963 -442.772 -72.131 -0.113 0.001 0.272 0.956
19.906 -442.681 -72.155 -0.114 0.001 0.273 0.955
19.848 -442.591 -72.179 -0.114 0.001 0.274 0.955
19.797 -442.510 -72.200 -0.114 0.001 0.275 0.955
19.750 -442.437 -72.219 -0.115 0.001 0.276 0.954
19.690 -442.343 -72.245 -0.115 0.001 0.277 0.954
19.632 -442.254 -72.268 -0.116 0.001 0.278 0.953
19.578 -442.172 -72.291 -0.116 0.001 0.280 0.953
19.539 -442.113 -72.307 -0.116 0.001 0.280 0.953
19.481 -442.024 -72.331 -0.117 0.001 0.281 0.952
19.405 -441.909 -72.362 -0.117 0.001 0.284 0.952
19.329 -441.796 -72.393 -0.118 0.001 0.285 0.951
19.274 -441.714 -72.416 -0.119 0.001 0.287 0.951
19.233 -441.653 -72.433 -0.119 0.001 0.288 0.950
19.174 -441.566 -72.457 -0.119 0.001 0.289 0.950
19.117 -441.483 -72.480 -0.119 0.001 0.290 0.949
19.076 -441.424 -72.497 -0.120 0.001 0.291 0.949
19.007 -441.324 -72.526 -0.121 0.001 0.293 0.949
18.964 -441.263 -72.543 -0.121 0.001 0.294 0.948
18.915 -441.193 -72.563 -0.121 0.001 0.295 0.948
18.850 -441.101 -72.590 -0.122 0.001 0.296 0.947
18.800 -441.030 -72.610 -0.122 0.001 0.297 0.947
18.750 -440.959 -72.631 -0.122 0.001 0.298 0.947
18.685 -440.868 -72.657 -0.123 0.001 0.299 0.946
18.629 -440.790 -72.680 -0.123 0.001 0.300 0.946
18.585 -440.729 -72.698 -0.124 0.001 0.301 0.946
18.531 -440.654 -72.720 -0.124 0.001 0.302 0.945
18.465 -440.563 -72.747 -0.124 0.001 0.303 0.945
18.427 -440.510 -72.763 -0.125 0.001 0.304 0.945
18.378 -440.443 -72.783 -0.125 0.001 0.305 0.944
18.316 -440.360 -72.808 -0.125 0.001 0.306 0.944
18.272 -440.301 -72.826 -0.126 0.001 0.306 0.944
18.207 -440.213 -72.853 -0.126 0.001 0.307 0.943
18.138 -440.119 -72.881 -0.127 0.001 0.309 0.943
18.085 -440.049 -72.903 -0.127 0.001 0.310 0.942
18.035 -439.983 -72.923 -0.128 0.001 0.311 0.942
17.982 -439.913 -72.945 -0.128 0.001 0.312 0.941
17.910 -439.819 -72.974 -0.129 0.001 0.313 0.941
17.858 -439.751 -72.995 -0.129 0.001 0.314 0.941
17.813 -439.693 -73.014 -0.129 0.001 0.315 0.940
17.766 -439.632 -73.033 -0.130 0.001 0.316 0.940
17.701 -439.549 -73.060 -0.130 0.001 0.317 0.939
17.627 -439.454 -73.090 -0.131 0.001 0.318 0.939
17.534 -439.335 -73.128 -0.131 0.001 0.319 0.939
17.471 -439.255 -73.154 -0.131 0.001 0.320 0.938
17.375 -439.133 -73.193 -0.131 0.002 0.321 0.938
17.307 -439.047 -73.221 -0.131 0.002 0.322 0.938
17.240 -438.964 -73.248 -0.132 0.001 0.322 0.937
17.149 -438.850 -73.285 -0.132 0.002 0.324 0.937
17.092 -438.780 -73.308 -0.132 0.002 0.324 0.937
17.015 -438.684 -73.339 -0.133 0.002 0.325 0.936
16.959 -438.615 -73.362 -0.132 0.002 0.326 0.936
16.929 -438.578 -73.374 -0.133 0.002 0.327 0.936
16.875 -438.512 -73.396 -0.133 0.002 0.327 0.936
16.777 -438.392 -73.435 -0.133 0.002 0.328 0.935
16.700 -438.298 -73.466 -0.133 0.002 0.329 0.935
16.627 -438.210 -73.496 -0.134 0.002 0.330 0.934
16.554 -438.122 -73.525 -0.134 0.002 0.330 0.934
16.514 -438.073 -73.542 -0.134 0.002 0.331 0.934
16.456 -438.003 -73.565 -0.134 0.002 0.332 0.934
16.386 -437.920 -73.593 -0.134 0.002 0.332 0.934
16.319 -437.840 -73.620 -0.134 0.002 0.333 0.933
16.265 -437.775 -73.641 -0.134 0.002 0.334 0.933
16.175 -437.668 -73.677 -0.134 0.002 0.334 0.933
16.112 -437.595 -73.702 -0.134 0.002 0.335 0.933
16.041 -437.510 -73.730 -0.134 0.003 0.335 0.932
15.970 -437.427 -73.758 -0.134 0.003 0.336 0.932
15.914 -437.361 -73.781 -0.134 0.003 0.337 0.932
15.849 -437.285 -73.806 -0.133 0.003 0.338 0.932
15.797 -437.225 -73.826 -0.133 0.003 0.338 0.932
15.734 -437.151 -73.851 -0.134 0.003 0.339 0.931
15.673 -437.081 -73.875 -0.134 0.003 0.340 0.931
15.619 -437.018 -73.896 -0.134 0.003 0.340 0.931
15.571 -436.963 -73.914 -0.134 0.003 0.340 0.931
15.524 -436.908 -73.933 -0.134 0.003 0.341 0.931
15.442 -436.815 -73.964 -0.134 0.004 0.342 0.930
15.362 -436.723 -73.995 -0.133 0.004 0.342 0.930
15.313 -436.666 -74.014 -0.133 0.004 0.343 0.930
15.246 -436.590 -74.040 -0.133 0.004 0.343 0.930
15.155 -436.487 -74.074 -0.133 0.004 0.344 0.929
15.104 -436.429 -74.094 -0.133 0.004 0.344 0.929
15.041 -436.358 -74.118 -0.134 0.004 0.345 0.929
14.965 -436.272 -74.147 -0.134 0.004 0.346 0.929
14.854 -436.147 -74.189 -0.134 0.004 0.347 0.928
14.798 -436.084 -74.211 -0.134 0.004 0.347 0.928
14.768 -436.051 -74.222 -0.134 0.004 0.347 0.928
14.685 -435.957 -74.254 -0.134 0.004 0.348 0.928
14.613 -435.878 -74.281 -0.134 0.004 0.348 0.928
14.547 -435.803 -74.306 -0.134 0.004 0.349 0.927
14.498 -435.750 -74.325 -0.134 0.005 0.350 0.927
