26.392 -423.614 -82.404 -0.025 0.000 0.049 0.998
26.380 -423.496 -82.410 -0.026 0.000 0.051 0.998
26.367 -423.376 -82.416 -0.027 0.000 0.054 0.998
26.358 -423.294 -82.421 -0.027 0.000 0.055 0.998
26.349 -423.210 -82.426 -0.028 0.000 0.056 0.998
26.337 -423.108 -82.431 -0.029 0.000 0.057 0.998
26.325 -423.008 -82.437 -0.030 0.000 0.059 0.998
26.313 -422.909 -82.443 -0.030 0.000 0.061 0.998
26.300 -422.798 -82.450 -0.031 0.000 0.062 0.998
26.283 -422.671 -82.458 -0.031 0.000 0.064 0.997
26.272 -422.581 -82.464 -0.032 0.000 0.066 0.997
26.254 -422.452 -82.472 -0.032 0.000 0.068 0.997
26.236 -422.323 -82.480 -0.033 0.000 0.070 0.997
26.223 -422.227 -82.487 -0.033 0.000 0.071 0.997
26.205 -422.107 -82.495 -0.034 0.000 0.073 0.997
26.188 -421.995 -82.503 -0.035 0.000 0.075 0.997
26.172 -421.891 -82.510 -0.036 0.000 0.077 0.996
26.154 -421.775 -82.519 -0.037 0.000 0.079 0.996
26.138 -421.674 -82.527 -0.037 0.000 0.081 0.996
26.120 -421.566 -82.535 -0.038 0.000 0.083 0.996
26.104 -421.473 -82.542 -0.038 0.000 0.084 0.996
26.094 -421.414 -82.547 -0.039 0.000 0.085 0.996
26.080 -421.335 -82.553 -0.039 0.000 0.087 0.995
26.068 -421.266 -82.558 -0.040 0.000 0.088 0.995
26.048 -421.152 -82.567 -0.040 0.000 0.089 0.995
26.028 -421.048 -82.576 -0.041 0.000 0.091 0.995
26.004 -420.918 -82.587 -0.041 0.000 0.093 0.995
25.983 -420.805 -82.596 -0.042 0.000 0.095 0.995
25.959 -420.685 -82.607 -0.043 0.000 0.097 0.994
25.941 -420.593 -82.615 -0.043 0.000 0.098 0.994
25.926 -420.516 -82.621 -0.044 0.000 0.099 0.994
25.904 -420.410 -82.631 -0.045 0.000 0.101 0.994
25.887 -420.329 -82.638 -0.045 0.000 0.102 0.994
25.873 -420.263 -82.645 -0.046 0.000 0.104 0.994
25.856 -420.179 -82.652 -0.046 0.000 0.105 0.993
25.833 -420.075 -82.662 -0.047 0.000 0.107 0.993
25.812 -419.978 -82.672 -0.048 0.000 0.109 0.993
25.792 -419.892 -82.680 -0.049 0.000 0.110 0.993
25.771 -419.799 -82.690 -0.050 0.000 0.112 0.992
25.742 -419.675 -82.703 -0.051 0.000 0.114 0.992
25.717 -419.569 -82.714 -0.052 0.000 0.116 0.992
25.692 -419.464 -82.725 -0.052 0.000 0.118 0.992
25.674 -419.387 -82.733 -0.053 0.000 0.119 0.991
25.643 -419.262 -82.747 -0.054 0.000 0.121 0.991
25.622 -419.178 -82.756 -0.054 0.000 0.123 0.991
25.597 -419.078 -82.767 -0.055 0.000 0.124 0.991
25.561 -418.942 -82.783 -0.056 0.000 0.127 0.990
25.535 -418.842 -82.794 -0.057 0.000 0.129 0.990
25.509 -418.745 -82.806 -0.058 0.000 0.131 0.990
25.476 -418.625 -82.820 -0.059 0.000 0.133 0.989
25.445 -418.512 -82.834 -0.060 0.000 0.135 0.989
25.415 -418.406 -82.847 -0.060 0.000 0.137 0.989
25.380 -418.282 -82.863 -0.061 0.000 0.139 0.988
25.342 -418.151 -82.880 -0.062 0.000 0.142 0.988
25.304 -418.023 -82.897 -0.064 0.000 0.144 0.987
25.274 -417.925 -82.910 -0.065 0.000 0.146 0.987
25.251 -417.850 -82.920 -0.065 0.000 0.147 0.987
25.214 -417.728 -82.936 -0.066 0.000 0.149 0.987
25.179 -417.618 -82.952 -0.067 0.000 0.151 0.986
25.158 -417.552 -82.961 -0.067 0.000 0.152 0.986
25.114 -417.415 -82.980 -0.068 0.000 0.155 0.986
25.096 -417.359 -82.988 -0.069 0.000 0.156 0.985
25.075 -417.296 -82.998 -0.069 0.000 0.157 0.985
25.040 -417.188 -83.013 -0.070 0.000 0.158 0.985
25.014 -417.113 -83.024 -0.071 0.000 0.160 0.985
24.998 -417.062 -83.032 -0.071 0.000 0.161 0.984
24.973 -416.988 -83.043 -0.071 0.000 0.162 0.984
24.932 -416.870 -83.061 -0.072 0.000 0.164 0.984
24.902 -416.785 -83.074 -0.073 0.000 0.166 0.984
24.863 -416.673 -83.091 -0.073 0.000 0.168 0.983
24.818 -416.547 -83.110 -0.074 0.000 0.170 0.983
24.786 -416.458 -83.124 -0.075 0.000 0.171 0.982
24.762 -416.391 -83.135 -0.075 0.000 0.172 0.982
24.723 -416.285 -83.152 -0.076 0.000 0.174 0.982
24.693 -416.205 -83.165 -0.077 0.000 0.175 0.981
24.673 -416.149 -83.174 -0.077 0.000 0.177 0.981
24.623 -416.017 -83.196 -0.079 0.000 0.179 0.981
24.584 -415.916 -83.213 -0.079 0.000 0.181 0.980
24.544 -415.813 -83.230 -0.080 0.000 0.182 0.980
24.515 -415.738 -83.243 -0.081 0.000 0.184 0.980
24.481 -415.651 -83.258 -0.081 0.000 0.185 0.979
24.446 -415.562 -83.274 -0.082 0.000 0.187 0.979
24.404 -415.459 -83.292 -0.083 0.000 0.189 0.979
24.362 -415.354 -83.311 -0.084 0.000 0.190 0.978
24.312 -415.233 -83.332 -0.084 0.000 0.192 0.978
24.288 -415.175 -83.343 -0.085 0.000 0.194 0.977
24.240 -415.059 -83.364 -0.086 0.000 0.196 0.977
24.195 -414.954 -83.384 -0.087 0.000 0.198 0.976
24.154 -414.859 -83.401 -0.087 0.001 0.200 0.976
24.097 -414.727 -83.426 -0.088 0.001 0.202 0.975
24.043 -414.604 -83.450 -0.089 0.001 0.204 0.975
23.980 -414.464 -83.477 -0.090 0.001 0.207 0.974
23.937 -414.369 -83.495 -0.091 0.001 0.209 0.974
23.894 -414.274 -83.514 -0.091 0.001 0.211 0.973
23.868 -414.219 -83.525 -0.092 0.001 0.212 0.973
23.797 -414.065 -83.556 -0.093 0.001 0.216 0.972
23.756 -413.980 -83.573 -0.094 0.001 0.218 0.972
23.729 -413.922 -83.585 -0.094 0.001 0.219 0.971
23.676 -413.814 -83.608 -0.095 0.001 0.221 0.971
23.630 -413.719 -83.627 -0.096 0.001 0.223 0.970
23.565 -413.587 -83.655 -0.097 0.001 0.226 0.969
23.522 -413.501 -83.674 -0.097 0.001 0.227 0.969
23.478 -413.414 -83.692 -0.098 0.001 0.229 0.968
23.450 -413.359 -83.704 -0.099 0.001 0.230 0.968
23.430 -413.319 -83.713 -0.099 0.001 0.231 0.968
23.405 -413.270 -83.724 -0.099 0.001 0.232 0.968
23.345 -413.155 -83.749 -0.100 0.001 0.234 0.967
23.300 -413.070 -83.768 -0.101 0.001 0.236 0.967
23.236 -412.947 -83.796 -0.102 0.001 0.238 0.966
23.196 -412.873 -83.812 -0.102 0.001 0.240 0.965
23.142 -412.772 -83.836 -0.103 0.001 0.242 0.965
23.081 -412.661 -83.861 -0.104 0.001 0.244 0.964
23.037 -412.580 -83.880 -0.105 0.001 0.246 0.964
22.957 -412.436 -83.914 -0.105 0.001 0.249 0.963
22.890 -412.318 -83.942 -0.107 0.001 0.251 0.962
22.845 -412.240 -83.961 -0.108 0.001 0.253 0.961
22.813 -412.184 -83.975 -0.108 0.001 0.254 0.961
22.774 -412.116 -83.991 -0.109 0.001 0.255 0.961
22.717 -412.019 -84.016 -0.110 0.001 0.257 0.960
22.673 -411.943 -84.035 -0.111 0.001 0.259 0.960
22.629 -411.870 -84.053 -0.111 0.001 0.260 0.959
22.585 -411.795 -84.072 -0.112 0.001 0.262 0.959
22.514 -411.679 -84.102 -0.113 0.001 0.264 0.958
22.473 -411.610 -84.120 -0.113 0.001 0.265 0.957
22.439 -411.555 -84.134 -0.114 0.001 0.266 0.957
22.380 -411.459 -84.160 -0.115 0.001 0.269 0.956
22.309 -411.345 -84.190 -0.115 0.001 0.270 0.956
22.254 -411.258 -84.213 -0.116 0.001 0.272 0.955
22.207 -411.183 -84.233 -0.117 0.001 0.274 0.955
22.144 -411.084 -84.260 -0.118 0.001 0.276 0.954
22.074 -410.976 -84.289 -0.118 0.001 0.278 0.953
22.021 -410.895 -84.312 -0.119 0.001 0.280 0.953
21.986 -410.842 -84.327 -0.119 0.001 0.281 0.952
21.940 -410.772 -84.346 -0.120 0.001 0.282 0.952
21.896 -410.706 -84.364 -0.120 0.001 0.284 0.951
21.825 -410.600 -84.395 -0.121 0.001 0.286 0.950
21.762 -410.506 -84.421 -0.122 0.001 0.288 0.950
21.673 -410.377 -84.459 -0.123 0.001 0.291 0.949
21.637 -410.326 -84.474 -0.124 0.001 0.292 0.948
21.571 -410.230 -84.502 -0.124 0.001 0.294 0.948
21.519 -410.157 -84.524 -0.125 0.001 0.296 0.947
21.480 -410.103 -84.540 -0.126 0.001 0.297 0.947
21.416 -410.012 -84.567 -0.127 0.001 0.299 0.946
21.351 -409.923 -84.594 -0.128 0.001 0.301 0.945
21.289 -409.838 -84.621 -0.129 0.001 0.303 0.944
21.225 -409.750 -84.648 -0.130 0.001 0.305 0.943
21.172 -409.678 -84.671 -0.130 0.001 0.307 0.943
21.111 -409.597 -84.696 -0.131 0.001 0.309 0.942
21.042 -409.506 -84.725 -0.132 0.001 0.311 0.941
20.995 -409.443 -84.745 -0.133 0.001 0.312 0.941
20.932 -409.361 -84.772 -0.133 0.001 0.314 0.940
20.877 -409.290 -84.795 -0.134 0.001 0.315 0.940
20.829 -409.228 -84.815 -0.134 0.001 0.317 0.939
20.793 -409.181 -84.831 -0.135 0.001 0.318 0.939
20.721 -409.091 -84.861 -0.136 0.001 0.320 0.938
20.658 -409.011 -84.887 -0.136 0.001 0.321 0.937
20.600 -408.938 -84.912 -0.137 0.001 0.323 0.936
20.547 -408.872 -84.935 -0.137 0.001 0.325 0.936
20.486 -408.798 -84.960 -0.138 0.001 0.327 0.935
20.416 -408.712 -84.990 -0.139 0.001 0.328 0.934
20.354 -408.637 -85.016 -0.140 0.001 0.330 0.933
20.270 -408.537 -85.051 -0.140 0.001 0.333 0.933
20.218 -408.476 -85.073 -0.141 0.001 0.334 0.932
20.175 -408.425 -85.091 -0.141 0.001 0.335