21.500 -475.923 -70.112 -0.001 0.000 0.001 1.000
21.500 -475.841 -70.112 -0.001 0.000 0.003 1.000
21.499 -475.731 -70.112 -0.002 0.000 0.005 1.000
21.498 -475.630 -70.113 -0.003 0.000 0.007 1.000
21.496 -475.545 -70.113 -0.004 0.000 0.008 1.000
21.495 -475.462 -70.114 -0.005 0.000 0.009 1.000
21.492 -475.322 -70.116 -0.006 0.000 0.012 1.000
21.490 -475.229 -70.117 -0.007 0.000 0.013 1.000
21.486 -475.122 -70.118 -0.007 0.000 0.015 1.000
21.483 -475.024 -70.120 -0.008 0.000 0.017 1.000
21.478 -474.873 -70.122 -0.009 0.000 0.020 1.000
21.472 -474.734 -70.125 -0.010 0.000 0.022 1.000
21.466 -474.598 -70.128 -0.011 0.000 0.025 1.000
21.460 -474.486 -70.130 -0.012 0.000 0.027 1.000
21.454 -474.375 -70.133 -0.012 0.000 0.029 1.000
21.449 -474.305 -70.135 -0.013 0.000 0.030 0.999
21.444 -474.211 -70.138 -0.014 0.000 0.031 0.999
21.432 -474.032 -70.143 -0.015 0.000 0.034 0.999
21.427 -473.965 -70.145 -0.015 0.000 0.035 0.999
21.420 -473.859 -70.148 -0.016 0.000 0.036 0.999
21.414 -473.775 -70.151 -0.016 0.000 0.038 0.999
21.407 -473.684 -70.154 -0.017 0.000 0.039 0.999
21.399 -473.582 -70.157 -0.018 0.000 0.041 0.999
21.393 -473.515 -70.160 -0.018 0.000 0.042 0.999
21.382 -473.393 -70.164 -0.019 0.000 0.044 0.999
21.374 -473.295 -70.168 -0.019 0.000 0.045 0.999
21.361 -473.157 -70.173 -0.020 0.000 0.048 0.999
21.353 -473.079 -70.177 -0.021 0.000 0.049 0.999
21.344 -472.986 -70.180 -0.021 0.000 0.051 0.998
21.331 -472.868 -70.186 -0.022 0.000 0.053 0.998
21.318 -472.745 -70.191 -0.023 0.000 0.055 0.998
21.303 -472.606 -70.198 -0.024 0.000 0.057 0.998
21.287 -472.470 -70.204 -0.024 0.000 0.059 0.998
21.270 -472.331 -70.211 -0.025 0.000 0.061 0.998
21.260 -472.254 -70.215 -0.025 0.000 0.062 0.998
21.244 -472.126 -70.221 -0.026 0.000 0.064 0.998
21.226 -471.990 -70.229 -0.026 0.000 0.067 0.997
21.217 -471.921 -70.232 -0.027 0.000 0.068 0.997
21.198 -471.788 -70.239 -0.028 0.000 0.070 0.997
21.185 -471.691 -70.245 -0.028 0.000 0.071 0.997
21.168 -471.580 -70.251 -0.029 0.000 0.073 0.997
21.154 -471.483 -70.257 -0.030 0.000 0.074 0.997
21.137 -471.374 -70.264 -0.031 0.000 0.076 0.997
21.115 -471.232 -70.273 -0.032 0.000 0.079 0.996
21.099 -471.135 -70.279 -0.032 0.000 0.080 0.996
21.081 -471.021 -70.287 -0.033 0.000 0.082 0.996
21.062 -470.913 -70.294 -0.033 0.000 0.084 0.996
21.041 -470.787 -70.302 -0.034 0.000 0.086 0.996
21.026 -470.706 -70.308 -0.035 0.000 0.088 0.996
21.010 -470.611 -70.315 -0.035 0.000 0.089 0.995
20.985 -470.475 -70.325 -0.036 0.000 0.091 0.995
20.965 -470.367 -70.333 -0.037 0.000 0.093 0.995
20.941 -470.244 -70.342 -0.038 0.000 0.095 0.995
20.927 -470.170 -70.348 -0.039 0.000 0.096 0.995
20.898 -470.025 -70.359 -0.039 0.000 0.098 0.994
20.877 -469.921 -70.367 -0.040 0.000 0.099 0.994
20.853 -469.802 -70.377 -0.041 0.000 0.101 0.994
20.826 -469.672 -70.388 -0.042 0.000 0.103 0.994
20.806 -469.577 -70.396 -0.043 0.000 0.104 0.994
20.770 -469.412 -70.411 -0.044 0.000 0.107 0.993
20.747 -469.308 -70.420 -0.044 0.000 0.109 0.993
20.722 -469.196 -70.431 -0.045 0.000 0.111 0.993
20.694 -469.073 -70.442 -0.046 0.000 0.112 0.993
20.668 -468.959 -70.453 -0.047 0.000 0.113 0.992
20.648 -468.873 -70.461 -0.047 0.000 0.115 0.992
20.626 -468.779 -70.470 -0.048 0.000 0.116 0.992
20.597 -468.659 -70.482 -0.048 0.000 0.118 0.992
20.560 -468.506 -70.498 -0.049 0.000 0.120 0.992
20.542 -468.435 -70.505 -0.050 0.000 0.121 0.991
20.514 -468.322 -70.516 -0.050 0.000 0.122 0.991
20.491 -468.233 -70.526 -0.051 0.000 0.124 0.991
20.450 -468.073 -70.543 -0.052 0.000 0.126 0.991
20.422 -467.963 -70.554 -0.052 0.000 0.128 0.990
20.399 -467.879 -70.563 -0.052 0.000 0.129 0.990
20.368 -467.763 -70.576 -0.053 0.000 0.131 0.990
20.342 -467.668 -70.586 -0.054 0.000 0.132 0.990
20.316 -467.571 -70.597 -0.054 0.000 0.133 0.990
20.290 -467.477 -70.608 -0.055 0.000 0.135 0.989
20.267 -467.394 -70.617 -0.056 0.000 0.136 0.989
20.234 -467.280 -70.631 -0.056 0.000 0.137 0.989
20.206 -467.179 -70.642 -0.057 0.000 0.139 0.989
20.189 -467.122 -70.649 -0.057 0.000 0.139 0.989
20.170 -467.055 -70.657 -0.058 0.000 0.140 0.988
20.144 -466.966 -70.668 -0.058 0.000 0.141 0.988
20.107 -466.839 -70.683 -0.059 0.000 0.143 0.988
20.080 -466.747 -70.694 -0.059 0.000 0.144 0.988
20.054 -466.663 -70.704 -0.059 0.000 0.145 0.988
20.034 -466.595 -70.713 -0.060 0.000 0.146 0.988
20.008 -466.509 -70.724 -0.060 0.000 0.147 0.987
19.986 -466.438 -70.732 -0.060 0.000 0.148 0.987
19.945 -466.306 -70.749 -0.061 0.000 0.149 0.987
19.919 -466.220 -70.760 -0.062 0.000 0.150 0.987
19.885 -466.115 -70.773 -0.061 0.000 0.152 0.987
19.855 -466.019 -70.786 -0.062 0.000 0.152 0.986
19.814 -465.892 -70.802 -0.062 0.000 0.153 0.986
19.773 -465.762 -70.819 -0.062 0.000 0.155 0.986
19.725 -465.616 -70.838 -0.063 0.000 0.157 0.986
19.687 -465.499 -70.853 -0.063 0.000 0.158 0.985
19.659 -465.416 -70.864 -0.063 0.000 0.158 0.985
19.629 -465.325 -70.876 -0.063 0.000 0.159 0.985
19.600 -465.239 -70.888 -0.063 0.000 0.160 0.985
19.570 -465.149 -70.900 -0.063 0.000 0.161 0.985
19.525 -465.019 -70.917 -0.064 0.000 0.163 0.985
19.495 -464.930 -70.929 -0.064 0.000 0.164 0.984
19.467 -464.848 -70.940 -0.064 0.000 0.164 0.984
19.432 -464.748 -70.954 -0.065 0.001 0.165 0.984
19.401 -464.657 -70.966 -0.065 0.000 0.167 0.984
19.368 -464.564 -70.979 -0.065 0.001 0.167 0.984
19.335 -464.470 -70.992 -0.066 0.000 0.168 0.984
19.296 -464.362 -71.007 -0.066 0.001 0.169 0.983
19.265 -464.273 -71.019 -0.066 0.001 0.170 0.983
19.237 -464.195 -71.030 -0.066 0.001 0.170 0.983
19.209 -464.117 -71.040 -0.066 0.001 0.171 0.983
19.180 -464.038 -71.051 -0.066 0.001 0.172 0.983
19.150 -463.956 -71.063 -0.067 0.001 0.172 0.983
19.116 -463.862 -71.076 -0.067 0.001 0.173 0.983
19.088 -463.786 -71.087 -0.067 0.001 0.174 0.982
19.043 -463.662 -71.104 -0.067 0.001 0.175 0.982
19.003 -463.555 -71.120 -0.067 0.001 0.176 0.982
18.978 -463.488 -71.129 -0.067 0.001 0.176 0.982
18.943 -463.396 -71.142 -0.067 0.001 0.177 0.982
18.915 -463.319 -71.153 -0.067 0.001 0.178 0.982
18.876 -463.218 -71.168 -0.067 0.001 0.178 0.982
18.840 -463.121 -71.181 -0.067 0.001 0.179 0.982
18.805 -463.031 -71.194 -0.067 0.001 0.180 0.981
18.769 -462.934 -71.208 -0.067 0.001 0.180 0.981
18.733 -462.843 -71.221 -0.068 0.001 0.181 0.981
18.687 -462.722 -71.238 -0.068 0.001 0.182 0.981
18.649 -462.623 -71.253 -0.068 0.001 0.183 0.981
18.604 -462.507 -71.269 -0.068 0.001 0.183 0.981
18.565 -462.409 -71.283 -0.068 0.001 0.184 0.981
18.527 -462.310 -71.298 -0.068 0.001 0.185 0.980
18.497 -462.235 -71.308 -0.068 0.001 0.185 0.980
18.465 -462.152 -71.320 -0.068 0.001 0.185 0.980
18.425 -462.051 -71.335 -0.068 0.001 0.186 0.980
18.370 -461.912 -71.355 -0.068 0.001 0.187 0.980
18.324 -461.797 -71.372 -0.069 0.001 0.188 0.980
18.282 -461.693 -71.387 -0.069 0.001 0.188 0.980
18.245 -461.601 -71.400 -0.069 0.001 0.189 0.980
18.214 -461.523 -71.412 -0.069 0.001 0.189 0.980
18.178 -461.435 -71.424 -0.069 0.001 0.190 0.979
18.149 -461.362 -71.435 -0.069 0.002 0.191 0.979
18.102 -461.249 -71.452 -0.068 0.002 0.192 0.979
18.062 -461.149 -71.466 -0.069 0.002 0.192 0.979
18.021 -461.050 -71.480 -0.068 0.002 0.193 0.979
17.986 -460.966 -71.493 -0.068 0.002 0.193 0.979
17.951 -460.881 -71.505 -0.068 0.002 0.194 0.979
17.915 -460.793 -71.518 -0.068 0.002 0.194 0.979
17.872 -460.691 -71.533 -0.068 0.002 0.195 0.978
17.822 -460.570 -71.550 -0.069 0.002 0.195 0.978
17.789 -460.492 -71.562 -0.069 0.002 0.196 0.978
17.752 -460.405 -71.574 -0.069 0.002 0.196 0.978
17.711 -460.306 -71.589 -0.069 0.002 0.197 0.978
17.673 -460.217 -71.602 -0.069 0.002 0.198 0.978
17.625 -460.104 -71.619 -0.069 0.002 0.199 0.978
17.585 -460.011 -71.632 -0.069 0.002 0.199 0.977
17.543 -459.913 -71.647 -0.069 0.002 0.200 0.977
17.510 -459.836 -71.658 -0.069 0.002 0.200 0.977
17.478 -459.761 -71.669 -0.069 0.002 0.201 0.977
17.441 -459.675 -71.682 -0.069 0.002 0.201 0.977
17.388 -459.553 -71.700 -0.068 0.002 0.202 0.977
17.348 -459.462 -71.713 -0.068 0.002 0.202 0.977
17.297 -459.345 -71.730 -0.068 0.002 0.203 0.977
17.259 -459.259 -71.743 -0.068 0.003 0.204 0.977
17.210 -459.146 -71.759 -0.068 0.003 0.205 0.976
17.159 -459.031 -71.776 -0.068 0.003 0.205 0.976
17.118 -458.939 -71.789 -0.068 0.003 0.206 0.976
17.080 -458.853 -71.802 -0.068 0.003 0.206 0.976
17.045 -458.775 -71.813 -0.068 0.003 0.207 0.976
17.022 -458.724 -71.820 -0.068 0.003 0.207 0.976
16.991 -458.654 -71.831 -0.068 0.003 0.208 0.976
16.926 -458.510 -71.851 -0.068 0.003 0.208 0.976
16.907 -458.467 -71.858 -0.068 0.003 0.209 0.976
16.869 -458.383 -71.870 -0.068 0.003 0.209 0.976
16.823 -458.281 -71.885 -0.067 0.003 0.210 0.975
16.782 -458.191 -71.898 -0.068 0.003 0.210 0.975
16.742 -458.103 -71.910 -0.068 0.003 0.211 0.975
16.707 -458.026 -71.921 -0.068 0.003 0.211 0.975
16.675 -457.956 -71.932 -0.067 0.003 0.212 0.975
16.627 -457.854 -71.946 -0.067 0.003 0.212 0.975
16.588 -457.768 -71.959 -0.067 0.003 0.213 0.975
16.554 -457.695 -71.969 -0.067 0.003 0.213 0.975
16.509 -457.598 -71.983 -0.067 0.004 0.214 0.975
16.470 -457.512 -71.995 -0.067 0.004 0.215 0.974
16.430 -457.429 -72.007 -0.067 0.004 0.216 0.974
16.395 -457.352 -72.018 -0.067 0.004 0.216 0.974
16.350 -457.256 -72.032 -0.067 0.004 0.217 0.974
16.305 -457.162 -72.045 -0.067 0.004 0.217 0.974
16.271 -457.089 -72.055 -0.066 0.004 0.218 0.974
16.243 -457.031 -72.064 -0.066 0.004 0.218 0.974
16.175 -456.887 -72.084 -0.066 0.004 0.219 0.974
16.134 -456.802 -72.097 -0.066 0.004 0.219 0.973
16.098 -456.727 -72.107 -0.066 0.004 0.220 0.973
16.045 -456.616 -72.123 -0.066 0.004 0.221 0.973
16.024 -456.572 -72.129 -0.067 0.004 0.221 0.973
15.971 -456.464 -72.145 -0.067 0.004 0.222 0.973
15.925 -456.368 -72.158 -0.066 0.004 0.222 0.973
15.891 -456.298 -72.168 -0.066 0.004 0.223 0.973
15.862 -456.237 -72.177 -0.067 0.004 0.223 0.973
15.824 -456.160 -72.188 -0.066 0.004 0.223 0.972
15.789 -456.089 -72.198 -0.067 0.004 0.224 0.972
15.746 -455.999 -72.211 -0.067 0.004 0.224 0.972
15.702 -455.911 -72.224 -0.067 0.004 0.225 0.972
15.659 -455.822 -72.236 -0.066 0.004 0.225 0.972
15.625 -455.753 -72.246 -0.066 0.004 0.226 0.972
15.577 -455.657 -72.260 -0.066 0.004 0.226 0.972
15.540 -455.583 -72.270 -0.066 0.005 0.227 0.972
15.495 -455.492 -72.283 -0.066 0.005 0.228 0.971
15.448 -455.399 -72.297 -0.066 0.005 0.228 0.971
15.404 -455.311 -72.309 -0.066 0.005 0.229 0.971
15.373 -455.249 -72.318 -0.066 0.005 0.229 0.971
15.335 -455.173 -72.329 -0.066 0.005 0.230 0.971
15.277 -455.059 -72.345 -0.066 0.005 0.231 0.971
15.231 -454.969 -72.358 -0.066 0.005 0.231 0.971
15.200 -454.906 -72.367 -0.066 0.005 0.232 0.971
15.172 -454.852 -72.374 -0.066 0.005 0.232 0.971
15.106 -454.724 -72.392 -0.065 0.005 0.233 0.970
15.064 -454.642 -72.404 -0.065 0.005 0.233 0.970
15.012 -454.540 -72.418 -0.065 0.005 0.234 0.970
14.964 -454.447 -72.431 -0.064 0.005 0.235 0.970
14.927 -454.376 -72.441 -0.064 0.006 0.235 0.970
14.880 -454.285 -72.454 -0.064 0.006 0.236 0.970
14.830 -454.189 -72.467 -0.064 0.006 0.236 0.970
14.775 -454.084 -72.481 -0.063 0.006 0.237 0.969
14.738 -454.012 -72.491 -0.064 0.006 0.237 0.969
14.710 -453.960 -72.498 -0.063 0.006 0.238 0.969
14.657 -453.859 -72.512 -0.063 0.006 0.238 0.969
14.626 -453.800 -72.520 -0.063 0.006 0.238 0.969
14.572 -453.698 -72.534 -0.063 0.006 0.239 0.969
14.517 -453.593 -72.548 -0.063 0.006 0.240 0.969
14.460 -453.486 -72.563 -0.063 0.006 0.240 0.969
14.426 -453.422 -72.571 -0.063 0.006 0.241 0.969
14.360 -453.299 -72.588 -0.063 0.006 0.241 0.968
14.304 -453.194 -72.602 -0.063 0.006 0.242 0.968
14.274 -453.137 -72.610 -0.063 0.006 0.242 0.968
