21.500 -475.920 -70.112 -0.001 0.000 0.001 1.000
21.500 -475.837 -70.112 -0.001 0.000 0.003 1.000
21.499 -475.758 -70.112 -0.002 0.000 0.004 1.000
21.499 -475.709 -70.112 -0.002 0.000 0.005 1.000
21.497 -475.598 -70.113 -0.003 0.000 0.007 1.000
21.495 -475.480 -70.114 -0.004 0.000 0.009 1.000
21.493 -475.376 -70.115 -0.004 0.000 0.011 1.000
21.491 -475.292 -70.115 -0.005 0.000 0.012 1.000
21.489 -475.210 -70.116 -0.006 0.000 0.014 1.000
21.485 -475.083 -70.118 -0.007 0.000 0.016 1.000
21.482 -474.978 -70.119 -0.007 0.000 0.018 1.000
21.477 -474.867 -70.121 -0.008 0.000 0.020 1.000
21.472 -474.748 -70.123 -0.009 0.000 0.022 1.000
21.467 -474.642 -70.125 -0.010 0.000 0.024 1.000
21.463 -474.547 -70.127 -0.011 0.000 0.025 1.000
21.454 -474.388 -70.131 -0.011 0.000 0.029 1.000
21.449 -474.303 -70.132 -0.012 0.000 0.030 0.999
21.443 -474.200 -70.135 -0.012 0.000 0.032 0.999
21.437 -474.115 -70.137 -0.013 0.000 0.033 0.999
21.432 -474.042 -70.139 -0.013 0.000 0.034 0.999
21.424 -473.930 -70.142 -0.014 0.000 0.036 0.999
21.418 -473.841 -70.145 -0.015 0.000 0.037 0.999
21.410 -473.740 -70.148 -0.016 0.000 0.039 0.999
21.403 -473.657 -70.150 -0.016 0.000 0.040 0.999
21.395 -473.557 -70.154 -0.017 0.000 0.042 0.999
21.389 -473.485 -70.156 -0.017 0.000 0.044 0.999
21.382 -473.412 -70.159 -0.018 0.000 0.045 0.999
21.373 -473.304 -70.163 -0.019 0.000 0.046 0.999
21.364 -473.217 -70.166 -0.019 0.000 0.047 0.999
21.354 -473.114 -70.170 -0.020 0.000 0.049 0.999
21.348 -473.047 -70.173 -0.021 0.000 0.050 0.999
21.342 -472.987 -70.175 -0.021 0.000 0.051 0.998
21.331 -472.885 -70.180 -0.022 0.000 0.053 0.998
21.316 -472.747 -70.186 -0.023 0.000 0.055 0.998
21.304 -472.638 -70.191 -0.023 0.000 0.057 0.998
21.296 -472.569 -70.194 -0.023 0.000 0.058 0.998
21.286 -472.487 -70.198 -0.024 0.000 0.059 0.998
21.273 -472.378 -70.203 -0.024 0.000 0.061 0.998
21.262 -472.292 -70.207 -0.024 0.000 0.062 0.998
21.249 -472.182 -70.213 -0.025 0.000 0.063 0.998
21.239 -472.107 -70.216 -0.025 0.000 0.064 0.998
21.220 -471.962 -70.224 -0.026 0.000 0.067 0.997
21.205 -471.855 -70.230 -0.027 0.000 0.068 0.997
21.190 -471.746 -70.236 -0.028 0.000 0.070 0.997
21.172 -471.618 -70.243 -0.029 0.000 0.072 0.997
21.157 -471.517 -70.249 -0.030 0.000 0.074 0.997
21.145 -471.435 -70.254 -0.030 0.000 0.075 0.997
21.132 -471.351 -70.259 -0.031 0.000 0.076 0.997
21.116 -471.246 -70.266 -0.032 0.000 0.077 0.997
21.093 -471.102 -70.275 -0.033 0.000 0.079 0.996
21.083 -471.039 -70.279 -0.033 0.000 0.080 0.996
21.063 -470.922 -70.287 -0.034 0.000 0.082 0.996
21.038 -470.772 -70.298 -0.035 0.000 0.085 0.996
21.022 -470.683 -70.304 -0.035 0.000 0.086 0.996
21.000 -470.556 -70.313 -0.036 0.000 0.088 0.995
20.980 -470.444 -70.322 -0.037 0.000 0.091 0.995
20.965 -470.365 -70.328 -0.038 0.000 0.091 0.995
20.946 -470.263 -70.336 -0.038 0.000 0.093 0.995
20.922 -470.140 -70.345 -0.039 0.000 0.095 0.995
20.905 -470.052 -70.352 -0.040 0.000 0.096 0.995
20.883 -469.937 -70.361 -0.040 0.000 0.097 0.994
20.864 -469.842 -70.369 -0.041 0.000 0.099 0.994
20.842 -469.737 -70.378 -0.041 0.000 0.101 0.994
20.819 -469.623 -70.388 -0.043 0.000 0.102 0.994
20.796 -469.514 -70.397 -0.043 0.000 0.104 0.994
20.777 -469.424 -70.405 -0.044 0.000 0.105 0.993
20.759 -469.340 -70.413 -0.044 0.000 0.106 0.993
20.736 -469.237 -70.422 -0.045 0.000 0.108 0.993
20.713 -469.133 -70.432 -0.045 0.000 0.109 0.993
20.700 -469.076 -70.437 -0.045 0.000 0.110 0.993
20.680 -468.986 -70.446 -0.046 0.000 0.111 0.993
20.659 -468.895 -70.454 -0.046 0.000 0.112 0.993
20.645 -468.835 -70.460 -0.046 0.000 0.113 0.992
20.625 -468.749 -70.468 -0.047 0.000 0.114 0.992
20.606 -468.666 -70.476 -0.047 0.000 0.115 0.992
20.580 -468.556 -70.486 -0.047 0.000 0.117 0.992
20.560 -468.473 -70.495 -0.048 0.000 0.118 0.992
20.536 -468.377 -70.504 -0.048 0.000 0.120 0.992
20.516 -468.295 -70.512 -0.048 0.000 0.121 0.991
20.490 -468.193 -70.522 -0.048 0.000 0.123 0.991
20.444 -468.013 -70.540 -0.049 0.000 0.125 0.991
20.425 -467.937 -70.548 -0.050 0.000 0.126 0.991
20.408 -467.872 -70.554 -0.050 0.000 0.127 0.991
20.387 -467.793 -70.563 -0.051 0.000 0.128 0.990
20.361 -467.694 -70.573 -0.051 0.000 0.130 0.990
20.323 -467.555 -70.588 -0.052 0.000 0.132 0.990
20.281 -467.401 -70.604 -0.052 0.000 0.134 0.990
20.257 -467.314 -70.614 -0.053 0.000 0.135 0.989
20.231 -467.220 -70.624 -0.053 0.000 0.136 0.989
20.190 -467.075 -70.640 -0.054 0.000 0.139 0.989
20.170 -467.008 -70.648 -0.054 0.000 0.140 0.989
20.142 -466.910 -70.659 -0.055 0.000 0.141 0.989
20.108 -466.795 -70.672 -0.055 0.000 0.143 0.988
20.080 -466.703 -70.683 -0.056 0.000 0.144 0.988
20.051 -466.606 -70.694 -0.057 0.000 0.145 0.988
20.015 -466.486 -70.708 -0.057 0.000 0.147 0.988
19.982 -466.379 -70.721 -0.057 0.000 0.148 0.987
19.951 -466.277 -70.733 -0.058 0.000 0.149 0.987
19.925 -466.194 -70.743 -0.058 0.000 0.150 0.987
19.901 -466.118 -70.752 -0.059 0.000 0.152 0.987
19.872 -466.027 -70.763 -0.059 0.000 0.153 0.986
19.839 -465.923 -70.776 -0.059 0.000 0.154 0.986
19.816 -465.852 -70.785 -0.059 0.000 0.155 0.986
19.775 -465.726 -70.801 -0.060 0.000 0.156 0.986
19.733 -465.598 -70.817 -0.060 0.001 0.158 0.986
19.694 -465.480 -70.831 -0.060 0.001 0.159 0.985
19.672 -465.414 -70.840 -0.060 0.001 0.160 0.985
19.635 -465.306 -70.853 -0.060 0.001 0.161 0.985
19.598 -465.196 -70.867 -0.060 0.001 0.163 0.985
19.579 -465.141 -70.874 -0.060 0.001 0.163 0.985
19.550 -465.056 -70.885 -0.061 0.001 0.164 0.985
19.518 -464.964 -70.896 -0.061 0.001 0.165 0.984
19.484 -464.864 -70.909 -0.061 0.001 0.166 0.984
19.454 -464.779 -70.920 -0.062 0.001 0.167 0.984
19.411 -464.659 -70.936 -0.062 0.001 0.168 0.984
19.376 -464.559 -70.949 -0.062 0.001 0.169 0.984
19.344 -464.469 -70.960 -0.062 0.001 0.170 0.984
19.318 -464.395 -70.970 -0.062 0.001 0.170 0.983
19.287 -464.309 -70.981 -0.062 0.001 0.171 0.983
19.260 -464.236 -70.991 -0.062 0.001 0.172 0.983
19.218 -464.120 -71.006 -0.062 0.001 0.173 0.983
19.164 -463.972 -71.025 -0.063 0.001 0.174 0.983
19.124 -463.864 -71.039 -0.062 0.001 0.175 0.983
19.096 -463.789 -71.049 -0.063 0.001 0.176 0.982
19.068 -463.715 -71.059 -0.062 0.001 0.176 0.982
19.030 -463.613 -71.073 -0.062 0.001 0.177 0.982
18.997 -463.525 -71.084 -0.062 0.001 0.177 0.982
18.947 -463.391 -71.102 -0.062 0.001 0.179 0.982
18.905 -463.280 -71.116 -0.063 0.001 0.180 0.982
18.885 -463.229 -71.123 -0.063 0.001 0.180 0.982
18.852 -463.141 -71.135 -0.063 0.001 0.180 0.982
18.811 -463.036 -71.149 -0.063 0.001 0.181 0.981
18.770 -462.928 -71.163 -0.064 0.001 0.182 0.981
18.737 -462.843 -71.174 -0.064 0.001 0.182 0.981
18.699 -462.746 -71.188 -0.064 0.001 0.183 0.981
18.663 -462.654 -71.200 -0.064 0.001 0.183 0.981
18.629 -462.565 -71.212 -0.064 0.001 0.184 0.981
18.594 -462.476 -71.224 -0.064 0.001 0.184 0.981
18.555 -462.378 -71.238 -0.064 0.001 0.185 0.981
18.530 -462.314 -71.246 -0.064 0.001 0.185 0.981
18.505 -462.251 -71.255 -0.065 0.001 0.185 0.981
18.448 -462.107 -71.275 -0.065 0.001 0.186 0.980
18.415 -462.023 -71.286 -0.065 0.001 0.187 0.980
18.393 -461.967 -71.294 -0.065 0.002 0.188 0.980
18.350 -461.861 -71.308 -0.065 0.002 0.189 0.980
18.336 -461.826 -71.313 -0.065 0.002 0.189 0.980
18.304 -461.746 -71.324 -0.065 0.002 0.189 0.980
18.256 -461.627 -71.341 -0.065 0.002 0.190 0.980
18.226 -461.552 -71.351 -0.065 0.002 0.190 0.980
18.185 -461.451 -71.365 -0.065 0.002 0.191 0.979
18.137 -461.335 -71.381 -0.065 0.002 0.192 0.979
18.096 -461.234 -71.395 -0.065 0.002 0.192 0.979
18.059 -461.143 -71.407 -0.066 0.002 0.193 0.979
18.028 -461.068 -71.418 -0.065 0.002 0.194 0.979
17.970 -460.929 -71.437 -0.065 0.002 0.195 0.979
17.931 -460.836 -71.450 -0.065 0.002 0.195 0.979
17.887 -460.730 -71.465 -0.065 0.002 0.196 0.978
17.862 -460.672 -71.473 -0.065 0.002 0.196 0.978
17.828 -460.591 -71.484 -0.066 0.002 0.197 0.978
17.782 -460.482 -71.499 -0.066 0.002 0.197 0.978
17.757 -460.422 -71.508 -0.066 0.002 0.198 0.978
17.706 -460.302 -71.524 -0.066 0.002 0.199 0.978
17.667 -460.211 -71.537 -0.065 0.002 0.199 0.978
17.620 -460.102 -71.552 -0.065 0.002 0.200 0.978
17.595 -460.042 -71.560 -0.065 0.002 0.200 0.978
17.541 -459.917 -71.578 -0.065 0.002 0.201 0.978
17.488 -459.795 -71.594 -0.064 0.003 0.202 0.977
17.433 -459.668 -71.612 -0.065 0.003 0.202 0.977
17.396 -459.582 -71.624 -0.065 0.003 0.203 0.977
17.355 -459.489 -71.637 -0.065 0.003 0.204 0.977
17.319 -459.406 -71.648 -0.065 0.003 0.204 0.977
17.281 -459.320 -71.660 -0.065 0.003 0.205 0.977
17.229 -459.204 -71.676 -0.065 0.003 0.206 0.976
17.194 -459.124 -71.687 -0.065 0.003 0.206 0.976
17.155 -459.036 -71.699 -0.065 0.003 0.207 0.976
17.109 -458.934 -71.714 -0.065 0.003 0.207 0.976
17.061 -458.827 -71.729 -0.065 0.003 0.208 0.976
17.017 -458.729 -71.742 -0.065 0.003 0.208 0.976
16.956 -458.595 -71.761 -0.065 0.003 0.209 0.976
16.920 -458.514 -71.772 -0.065 0.003 0.210 0.976
16.880 -458.426 -71.784 -0.065 0.003 0.210 0.975
16.827 -458.311 -71.800 -0.065 0.003 0.211 0.975
16.772 -458.191 -71.817 -0.065 0.003 0.212 0.975
16.736 -458.111 -71.828 -0.065 0.003 0.213 0.975
16.698 -458.030 -71.840 -0.065 0.003 0.214 0.975
16.647 -457.921 -71.855 -0.065 0.003 0.215 0.975
16.610 -457.840 -71.866 -0.065 0.003 0.215 0.974
16.569 -457.753 -71.878 -0.065 0.003 0.215 0.974
16.527 -457.663 -71.891 -0.065 0.003 0.216 0.974
16.470 -457.543 -71.908 -0.066 0.003 0.217 0.974
16.434 -457.465 -71.919 -0.066 0.003 0.217 0.974
16.387 -457.367 -71.932 -0.066 0.003 0.218 0.974
16.362 -457.313 -71.940 -0.066 0.003 0.218 0.974
16.325 -457.237 -71.951 -0.066 0.003 0.219 0.974
16.278 -457.137 -71.965 -0.066 0.003 0.219 0.973
16.235 -457.047 -71.978 -0.066 0.003 0.220 0.973
16.188 -456.951 -71.991 -0.066 0.004 0.221 0.973
16.170 -456.913 -71.997 -0.066 0.004 0.222 0.973
16.130 -456.832 -72.008 -0.066 0.004 0.222 0.973
16.073 -456.712 -72.025 -0.065 0.004 0.222 0.973
16.032 -456.629 -72.037 -0.065 0.004 0.223 0.973
15.995 -456.552 -72.047 -0.065 0.004 0.223 0.973
15.968 -456.497 -72.055 -0.065 0.004 0.223 0.973
15.939 -456.438 -72.063 -0.065 0.004 0.224 0.972
15.899 -456.357 -72.075 -0.065 0.004 0.224 0.972
15.860 -456.278 -72.086 -0.065 0.004 0.225 0.972
15.812 -456.180 -72.100 -0.065 0.004 0.225 0.972
15.785 -456.124 -72.107 -0.065 0.004 0.226 0.972
15.754 -456.063 -72.116 -0.065 0.004 0.226 0.972
15.715 -455.983 -72.127 -0.065 0.004 0.227 0.972
15.669 -455.891 -72.140 -0.065 0.004 0.227 0.972
15.632 -455.817 -72.150 -0.065 0.004 0.228 0.972
15.605 -455.762 -72.158 -0.065 0.004 0.228 0.971
15.537 -455.627 -72.177 -0.065 0.004 0.230 0.971
15.481 -455.517 -72.192 -0.064 0.004 0.230 0.971
15.423 -455.400 -72.209 -0.065 0.004 0.231 0.971
15.387 -455.330 -72.218 -0.065 0.004 0.231 0.971
15.348 -455.253 -72.229 -0.065 0.004 0.232 0.971
15.286 -455.131 -72.246 -0.065 0.004 0.232 0.971
15.245 -455.051 -72.257 -0.065 0.004 0.232 0.970
15.199 -454.961 -72.270 -0.065 0.004 0.233 0.970
15.161 -454.886 -72.281 -0.065 0.005 0.233 0.970
15.101 -454.770 -72.297 -0.065 0.005 0.234 0.970
15.071 -454.712 -72.305 -0.065 0.005 0.234 0.970
15.030 -454.633 -72.316 -0.065 0.005 0.235 0.970
14.993 -454.561 -72.326 -0.065 0.005 0.235 0.970
14.961 -454.500 -72.335 -0.064 0.005 0.236 0.970
14.920 -454.421 -72.346 -0.064 0.005 0.236 0.970
14.876 -454.337 -72.357 -0.064 0.005 0.236 0.970
14.804 -454.199 -72.376 -0.064 0.005 0.237 0.969
14.753 -454.102 -72.390 -0.064 0.005 0.238 0.969
14.702 -454.006 -72.403 -0.064 0.005 0.239 0.969
14.647 -453.900 -72.418 -0.064 0.005 0.240 0.969
14.612 -453.835 -72.427 -0.064 0.005 0.240 0.969
14.557 -453.732 -72.441 -0.064 0.005 0.240 0.969
14.512 -453.648 -72.453 -0.064 0.005 0.241 0.968
14.462 -453.554 -72.466 -0.064 0.005 0.242 0.968
14.429 -453.493 -72.474 -0.064 0.005 0.242 0.968
14.388 -453.415 -72.485 -0.064 0.005 0.242 0.968
14.344 -453.334 -72.496 -0.064 0.005 0.243 0.968
14.293 -453.239 -72.510 -0.064 0.005 0.243 0.968
