24.700 -458.399 -70.112 -0.001 0.000 0.002 1.000
24.699 -458.312 -70.112 -0.002 0.000 0.004 1.000
24.698 -458.192 -70.113 -0.002 0.000 0.006 1.000
24.697 -458.081 -70.113 -0.003 0.000 0.008 1.000
24.695 -457.997 -70.114 -0.004 0.000 0.009 1.000
24.693 -457.881 -70.115 -0.005 0.000 0.011 1.000
24.690 -457.774 -70.116 -0.005 0.000 0.013 1.000
24.687 -457.673 -70.117 -0.006 0.000 0.015 1.000
24.683 -457.548 -70.118 -0.007 0.000 0.018 1.000
24.680 -457.456 -70.120 -0.008 0.000 0.019 1.000
24.674 -457.316 -70.122 -0.009 0.000 0.022 1.000
24.672 -457.264 -70.123 -0.009 0.000 0.023 1.000
24.664 -457.113 -70.126 -0.010 0.000 0.025 1.000
24.658 -456.996 -70.129 -0.011 0.000 0.028 1.000
24.653 -456.899 -70.131 -0.011 0.000 0.029 1.000
24.648 -456.824 -70.133 -0.012 0.000 0.031 0.999
24.643 -456.736 -70.135 -0.013 0.000 0.032 0.999
24.632 -456.581 -70.139 -0.013 0.000 0.035 0.999
24.622 -456.445 -70.142 -0.014 0.000 0.038 0.999
24.614 -456.344 -70.145 -0.015 0.000 0.040 0.999
24.603 -456.213 -70.149 -0.016 0.000 0.042 0.999
24.596 -456.130 -70.152 -0.017 0.000 0.043 0.999
24.588 -456.034 -70.155 -0.017 0.000 0.045 0.999
24.573 -455.876 -70.161 -0.018 0.000 0.048 0.999
24.559 -455.737 -70.166 -0.019 0.000 0.050 0.999
24.550 -455.646 -70.170 -0.020 0.000 0.052 0.998
24.538 -455.535 -70.175 -0.021 0.000 0.054 0.998
24.526 -455.419 -70.180 -0.022 0.000 0.056 0.998
24.511 -455.288 -70.186 -0.023 0.000 0.058 0.998
24.493 -455.141 -70.192 -0.023 0.000 0.061 0.998
24.480 -455.041 -70.197 -0.024 0.000 0.063 0.998
24.463 -454.907 -70.204 -0.025 0.000 0.065 0.998
24.446 -454.779 -70.210 -0.025 0.000 0.068 0.997
24.432 -454.676 -70.216 -0.026 0.000 0.070 0.997
24.418 -454.577 -70.221 -0.027 0.000 0.071 0.997
24.398 -454.441 -70.228 -0.028 0.000 0.074 0.997
24.385 -454.358 -70.233 -0.029 0.000 0.075 0.997
24.366 -454.234 -70.241 -0.030 0.000 0.078 0.997
24.352 -454.143 -70.246 -0.031 0.000 0.079 0.996
24.333 -454.028 -70.254 -0.032 0.000 0.081 0.996
24.315 -453.923 -70.261 -0.033 0.000 0.083 0.996
24.292 -453.788 -70.270 -0.034 0.000 0.086 0.996
24.275 -453.688 -70.276 -0.034 0.000 0.087 0.996
24.248 -453.537 -70.287 -0.035 0.000 0.090 0.995
24.229 -453.435 -70.294 -0.036 0.000 0.092 0.995
24.206 -453.314 -70.303 -0.037 0.000 0.094 0.995
24.188 -453.223 -70.310 -0.038 0.000 0.096 0.995
24.173 -453.146 -70.316 -0.039 0.000 0.097 0.995
24.159 -453.076 -70.322 -0.039 0.000 0.098 0.994
24.138 -452.970 -70.331 -0.040 0.000 0.100 0.994
24.119 -452.877 -70.338 -0.041 0.000 0.102 0.994
24.092 -452.747 -70.349 -0.042 0.000 0.104 0.994
24.075 -452.668 -70.356 -0.042 0.000 0.106 0.994
24.046 -452.535 -70.367 -0.043 0.000 0.108 0.993
24.021 -452.424 -70.377 -0.044 0.000 0.110 0.993
23.995 -452.307 -70.388 -0.045 0.000 0.112 0.993
23.968 -452.193 -70.398 -0.046 0.000 0.114 0.992
23.945 -452.095 -70.408 -0.047 0.000 0.116 0.992
23.921 -451.993 -70.418 -0.048 0.000 0.117 0.992
23.892 -451.875 -70.429 -0.048 0.000 0.120 0.992
23.874 -451.801 -70.437 -0.049 0.000 0.121 0.991
23.845 -451.687 -70.448 -0.050 0.000 0.123 0.991
23.824 -451.603 -70.457 -0.050 0.000 0.124 0.991
23.802 -451.516 -70.466 -0.051 0.000 0.126 0.991
23.782 -451.441 -70.474 -0.051 0.000 0.127 0.991
23.746 -451.303 -70.489 -0.052 0.000 0.129 0.990
23.726 -451.232 -70.496 -0.053 0.000 0.131 0.990
23.695 -451.118 -70.509 -0.053 0.000 0.133 0.990
23.676 -451.049 -70.517 -0.054 0.000 0.134 0.990
23.655 -450.971 -70.525 -0.055 0.000 0.135 0.989
23.629 -450.881 -70.536 -0.055 0.000 0.137 0.989
23.571 -450.679 -70.559 -0.057 0.000 0.140 0.988
23.544 -450.587 -70.570 -0.057 0.000 0.142 0.988
23.503 -450.450 -70.586 -0.058 0.000 0.145 0.988
23.478 -450.367 -70.597 -0.059 0.000 0.146 0.987
23.434 -450.223 -70.614 -0.060 0.000 0.148 0.987
23.408 -450.140 -70.625 -0.061 0.000 0.150 0.987
23.366 -450.007 -70.642 -0.062 0.000 0.152 0.986
23.339 -449.921 -70.653 -0.063 0.000 0.154 0.986
23.310 -449.832 -70.665 -0.064 0.000 0.156 0.986
23.285 -449.754 -70.675 -0.064 0.000 0.157 0.985
23.254 -449.662 -70.688 -0.065 0.000 0.159 0.985
23.229 -449.586 -70.698 -0.065 0.000 0.160 0.985
23.195 -449.485 -70.712 -0.066 0.000 0.162 0.985
23.174 -449.424 -70.720 -0.066 0.000 0.163 0.984
23.130 -449.297 -70.738 -0.068 0.000 0.166 0.984
23.093 -449.192 -70.753 -0.068 0.000 0.167 0.984
23.056 -449.085 -70.769 -0.069 0.000 0.169 0.983
23.019 -448.983 -70.784 -0.070 0.000 0.171 0.983
22.975 -448.863 -70.802 -0.071 0.000 0.173 0.982
22.940 -448.768 -70.816 -0.072 0.000 0.175 0.982
22.919 -448.712 -70.825 -0.072 0.000 0.176 0.982
22.889 -448.630 -70.837 -0.073 0.000 0.177 0.981
22.842 -448.508 -70.856 -0.073 0.000 0.180 0.981
22.803 -448.405 -70.872 -0.074 0.000 0.181 0.981
22.748 -448.264 -70.894 -0.075 0.000 0.184 0.980
22.699 -448.139 -70.914 -0.076 0.000 0.186 0.980
22.668 -448.061 -70.927 -0.076 0.000 0.188 0.979
22.637 -447.986 -70.940 -0.077 0.000 0.189 0.979
22.596 -447.885 -70.956 -0.077 0.000 0.191 0.979
22.568 -447.815 -70.968 -0.078 0.000 0.192 0.978
22.542 -447.752 -70.978 -0.078 0.000 0.193 0.978
22.516 -447.689 -70.989 -0.079 0.000 0.194 0.978
22.480 -447.604 -71.003 -0.079 0.000 0.195 0.978
22.449 -447.529 -71.016 -0.080 0.000 0.196 0.977
22.413 -447.443 -71.031 -0.080 0.000 0.198 0.977
22.377 -447.359 -71.046 -0.081 0.000 0.199 0.977
22.325 -447.240 -71.066 -0.082 0.000 0.201 0.976
22.282 -447.139 -71.084 -0.082 0.000 0.203 0.976
22.232 -447.027 -71.104 -0.082 0.000 0.204 0.975
22.199 -446.952 -71.118 -0.083 0.000 0.205 0.975
22.141 -446.822 -71.141 -0.083 0.000 0.208 0.975
22.092 -446.714 -71.161 -0.084 0.000 0.210 0.974
22.052 -446.625 -71.177 -0.084 0.000 0.211 0.974
22.022 -446.561 -71.189 -0.085 0.000 0.212 0.974
21.978 -446.466 -71.206 -0.086 0.000 0.214 0.973
21.916 -446.335 -71.231 -0.087 0.000 0.216 0.972
21.861 -446.218 -71.253 -0.088 0.000 0.218 0.972
21.808 -446.108 -71.275 -0.089 0.000 0.220 0.971
21.768 -446.025 -71.291 -0.089 0.000 0.222 0.971
21.713 -445.912 -71.313 -0.090 0.000 0.224 0.970
21.662 -445.810 -71.333 -0.091 0.000 0.226 0.970
21.606 -445.698 -71.356 -0.092 0.000 0.228 0.969
21.559 -445.605 -71.375 -0.093 0.000 0.230 0.969
21.500 -445.490 -71.399 -0.094 0.000 0.232 0.968
21.466 -445.423 -71.413 -0.094 0.000 0.233 0.968
21.400 -445.296 -71.439 -0.095 0.000 0.235 0.967
21.356 -445.212 -71.457 -0.096 0.000 0.236 0.967
21.320 -445.143 -71.472 -0.097 0.000 0.237 0.967
21.288 -445.083 -71.485 -0.097 0.000 0.239 0.966
21.255 -445.022 -71.498 -0.098 0.000 0.240 0.966
21.214 -444.946 -71.515 -0.098 0.000 0.241 0.966
21.168 -444.859 -71.534 -0.098 0.000 0.242 0.965
21.106 -444.745 -71.559 -0.099 0.000 0.244 0.965
21.068 -444.675 -71.575 -0.099 0.000 0.245 0.964
21.038 -444.622 -71.587 -0.099 0.000 0.246 0.964
20.999 -444.552 -71.602 -0.100 0.000 0.247 0.964
20.955 -444.473 -71.620 -0.100 0.000 0.248 0.964
20.898 -444.370 -71.643 -0.101 0.000 0.249 0.963
20.843 -444.272 -71.666 -0.101 0.000 0.251 0.963
20.797 -444.192 -71.684 -0.102 0.000 0.252 0.962
20.745 -444.101 -71.705 -0.102 0.000 0.253 0.962
20.679 -443.985 -71.732 -0.102 0.000 0.255 0.962
20.634 -443.908 -71.750 -0.103 0.000 0.256 0.961
20.579 -443.813 -71.772 -0.103 0.000 0.257 0.961
20.554 -443.771 -71.782 -0.103 0.000 0.257 0.961
20.509 -443.693 -71.800 -0.103 0.000 0.259 0.960
20.470 -443.628 -71.816 -0.104 0.000 0.259 0.960
20.414 -443.533 -71.838 -0.104 0.000 0.261 0.960
20.377 -443.470 -71.853 -0.105 0.000 0.261 0.960
20.328 -443.387 -71.873 -0.105 0.000 0.262 0.959
20.274 -443.299 -71.894 -0.106 0.000 0.264 0.959
20.217 -443.203 -71.917 -0.106 0.000 0.265 0.959
20.157 -443.104 -71.941 -0.106 0.000 0.266 0.958
20.081 -442.981 -71.971 -0.106 0.000 0.268 0.958
20.020 -442.883 -71.995 -0.107 0.000 0.269 0.957
19.947 -442.765 -72.024 -0.108 0.000 0.271 0.957
19.890 -442.675 -72.047 -0.108 0.000 0.272 0.956
19.829 -442.577 -72.071 -0.108 0.000 0.273 0.956
19.760 -442.468 -72.098 -0.109 0.001 0.275 0.955
19.698 -442.372 -72.123 -0.110 0.000 0.276 0.955
19.636 -442.275 -72.148 -0.110 0.000 0.278 0.954
19.580 -442.188 -72.170 -0.110 0.000 0.279 0.954
19.523 -442.100 -72.192 -0.111 0.000 0.280 0.954
19.491 -442.052 -72.205 -0.111 0.001 0.281 0.953
19.427 -441.954 -72.230 -0.111 0.001 0.282 0.953
19.358 -441.850 -72.257 -0.112 0.001 0.283 0.953
19.300 -441.762 -72.280 -0.112 0.001 0.284 0.952
19.255 -441.695 -72.298 -0.112 0.001 0.285 0.952
19.195 -441.606 -72.321 -0.112 0.001 0.286 0.951
19.146 -441.533 -72.341 -0.113 0.001 0.288 0.951
19.097 -441.462 -72.360 -0.113 0.001 0.289 0.951
19.041 -441.379 -72.382 -0.114 0.001 0.290 0.950
18.970 -441.275 -72.410 -0.114 0.001 0.290 0.950
18.886 -441.154 -72.442 -0.114 0.001 0.292 0.950
18.841 -441.089 -72.460 -0.115 0.001 0.293 0.949
18.787 -441.010 -72.481 -0.115 0.001 0.294 0.949
18.731 -440.931 -72.503 -0.115 0.001 0.295 0.948
18.674 -440.849 -72.525 -0.115 0.001 0.297 0.948
18.631 -440.789 -72.542 -0.115 0.001 0.297 0.948
18.582 -440.719 -72.561 -0.116 0.001 0.298 0.947
18.535 -440.653 -72.579 -0.117 0.001 0.299 0.947
18.461 -440.550 -72.608 -0.117 0.001 0.300 0.947
18.401 -440.467 -72.631 -0.117 0.001 0.301 0.946
18.344 -440.388 -72.653 -0.118 0.001 0.303 0.946
18.275 -440.293 -72.680 -0.118 0.001 0.304 0.945
18.233 -440.236 -72.696 -0.118 0.001 0.305 0.945
18.156 -440.132 -72.726 -0.119 0.001 0.306 0.945
18.077 -440.024 -72.756 -0.119 0.001 0.307 0.944
18.020 -439.948 -72.778 -0.119 0.001 0.308 0.944
17.959 -439.867 -72.802 -0.120 0.001 0.309 0.943
17.873 -439.752 -72.835 -0.120 0.001 0.311 0.943
17.789 -439.640 -72.867 -0.121 0.001 0.312 0.942
17.735 -439.569 -72.888 -0.121 0.001 0.313 0.942
17.661 -439.473 -72.916 -0.121 0.001 0.315 0.941
17.610 -439.406 -72.936 -0.122 0.001 0.315 0.941
17.533 -439.306 -72.965 -0.122 0.001 0.316 0.941
17.468 -439.222 -72.990 -0.122 0.002 0.317 0.940
17.402 -439.138 -73.016 -0.122 0.002 0.318 0.940
17.315 -439.026 -73.049 -0.122 0.002 0.319 0.940
17.264 -438.961 -73.068 -0.122 0.002 0.320 0.940
17.187 -438.864 -73.097 -0.122 0.002 0.321 0.939
17.124 -438.783 -73.122 -0.123 0.002 0.322 0.939
17.079 -438.727 -73.138 -0.123 0.002 0.322 0.939
16.977 -438.600 -73.177 -0.123 0.002 0.324 0.938
16.898 -438.500 -73.207 -0.123 0.002 0.325 0.938
16.842 -438.431 -73.228 -0.123 0.002 0.325 0.938
16.777 -438.351 -73.252 -0.123 0.002 0.326 0.937
16.715 -438.274 -73.276 -0.124 0.002 0.327 0.937
16.642 -438.185 -73.303 -0.124 0.002 0.328 0.937
16.574 -438.102 -73.328 -0.124 0.002 0.329 0.936
16.505 -438.017 -73.354 -0.124 0.002 0.330 0.936
16.460 -437.963 -73.371 -0.124 0.003 0.330 0.936
16.391 -437.879 -73.397 -0.124 0.003 0.331 0.936
16.336 -437.812 -73.417 -0.124 0.003 0.331 0.935
16.288 -437.754 -73.435 -0.124 0.003 0.332 0.935
16.214 -437.666 -73.462 -0.124 0.003 0.332 0.935
16.152 -437.591 -73.485 -0.124 0.003 0.333 0.935
16.110 -437.541 -73.501 -0.124 0.003 0.333 0.935
16.047 -437.466 -73.524 -0.124 0.003 0.334 0.934
15.967 -437.371 -73.553 -0.124 0.003 0.335 0.934
15.919 -437.314 -73.571 -0.124 0.003 0.336 0.934
15.838 -437.218 -73.600 -0.124 0.003 0.337 0.933
15.777 -437.146 -73.623 -0.124 0.004 0.337 0.933
15.721 -437.080 -73.643 -0.124 0.004 0.338 0.933
15.636 -436.981 -73.673 -0.124 0.004 0.339 0.932
15.565 -436.898 -73.699 -0.124 0.004 0.340 0.932
15.508 -436.832 -73.720 -0.124 0.004 0.340 0.932
15.442 -436.755 -73.743 -0.124 0.004 0.341 0.932
15.406 -436.713 -73.756 -0.124 0.004 0.341 0.932
15.339 -436.636 -73.780 -0.123 0.004 0.342 0.932
15.285 -436.574 -73.799 -0.123 0.004 0.342 0.932
15.254 -436.539 -73.810 -0.123 0.004 0.342 0.931
15.177 -436.450 -73.837 -0.123 0.004 0.343 0.931
15.093 -436.353 -73.867 -0.124 0.004 0.344 0.931
15.021 -436.272 -73.893 -0.124 0.004 0.344 0.931
14.957 -436.198 -73.916 -0.124 0.005 0.345 0.930
14.889 -436.121 -73.939 -0.124 0.005 0.346 0.930
14.843 -436.069 -73.955 -0.124 0.005 0.346 0.930
14.775 -435.992 -73.980 -0.123 0.005 0.346 0.930
14.717 -435.927 -74.000 -0.123 0.005 0.347 0.930
14.643 -435.843 -74.026 -0.124 0.005 0.348 0.929
