24.700 -458.344 -70.112 -0.001 0.000 0.003 1.000
24.699 -458.275 -70.112 -0.002 0.000 0.004 1.000
24.699 -458.212 -70.112 -0.002 0.000 0.005 1.000
24.697 -458.121 -70.113 -0.003 0.000 0.007 1.000
24.696 -458.005 -70.114 -0.004 0.000 0.009 1.000
24.693 -457.854 -70.115 -0.005 0.000 0.011 1.000
24.690 -457.769 -70.116 -0.006 0.000 0.013 1.000
24.688 -457.671 -70.117 -0.007 0.000 0.015 1.000
24.683 -457.536 -70.119 -0.008 0.000 0.017 1.000
24.680 -457.449 -70.120 -0.009 0.000 0.019 1.000
24.676 -457.334 -70.122 -0.009 0.000 0.021 1.000
24.669 -457.180 -70.125 -0.010 0.000 0.023 1.000
24.664 -457.087 -70.127 -0.011 0.000 0.025 1.000
24.658 -456.971 -70.130 -0.012 0.000 0.027 1.000
24.651 -456.836 -70.133 -0.012 0.000 0.030 0.999
24.643 -456.710 -70.136 -0.013 0.000 0.032 0.999
24.634 -456.574 -70.140 -0.014 0.000 0.034 0.999
24.625 -456.445 -70.144 -0.015 0.000 0.037 0.999
24.617 -456.335 -70.147 -0.016 0.000 0.039 0.999
24.609 -456.243 -70.150 -0.017 0.000 0.040 0.999
24.601 -456.143 -70.154 -0.018 0.000 0.042 0.999
24.592 -456.032 -70.158 -0.018 0.000 0.044 0.999
24.579 -455.895 -70.163 -0.019 0.000 0.047 0.999
24.570 -455.796 -70.167 -0.020 0.000 0.048 0.999
24.561 -455.708 -70.170 -0.021 0.000 0.050 0.999
24.550 -455.599 -70.175 -0.021 0.000 0.052 0.998
24.541 -455.517 -70.179 -0.022 0.000 0.054 0.998
24.533 -455.447 -70.182 -0.023 0.000 0.055 0.998
24.523 -455.349 -70.186 -0.024 0.000 0.057 0.998
24.512 -455.261 -70.190 -0.024 0.000 0.058 0.998
24.499 -455.147 -70.196 -0.025 0.000 0.060 0.998
24.483 -455.019 -70.202 -0.026 0.000 0.063 0.998
24.472 -454.934 -70.207 -0.027 0.000 0.064 0.998
24.462 -454.853 -70.211 -0.027 0.000 0.066 0.997
24.442 -454.710 -70.219 -0.028 0.000 0.068 0.997
24.427 -454.604 -70.225 -0.029 0.000 0.070 0.997
24.414 -454.510 -70.231 -0.030 0.000 0.072 0.997
24.397 -454.394 -70.238 -0.031 0.000 0.073 0.997
24.381 -454.291 -70.245 -0.032 0.000 0.076 0.997
24.363 -454.173 -70.252 -0.032 0.000 0.077 0.996
24.348 -454.075 -70.259 -0.033 0.000 0.079 0.996
24.325 -453.932 -70.268 -0.034 0.000 0.082 0.996
24.315 -453.873 -70.272 -0.034 0.000 0.083 0.996
24.303 -453.801 -70.278 -0.035 0.000 0.084 0.996
24.291 -453.731 -70.282 -0.035 0.000 0.085 0.996
24.276 -453.650 -70.288 -0.036 0.000 0.087 0.996
24.254 -453.526 -70.297 -0.036 0.000 0.089 0.995
24.239 -453.440 -70.304 -0.037 0.000 0.090 0.995
24.220 -453.339 -70.311 -0.038 0.000 0.092 0.995
24.203 -453.249 -70.318 -0.038 0.000 0.094 0.995
24.179 -453.126 -70.328 -0.039 0.000 0.096 0.995
24.159 -453.022 -70.336 -0.040 0.000 0.098 0.994
24.136 -452.908 -70.346 -0.041 0.000 0.100 0.994
24.121 -452.835 -70.352 -0.041 0.000 0.102 0.994
24.102 -452.748 -70.359 -0.042 0.000 0.103 0.994
24.080 -452.642 -70.368 -0.042 0.000 0.105 0.994
24.060 -452.550 -70.376 -0.043 0.000 0.107 0.993
24.030 -452.412 -70.389 -0.044 0.000 0.109 0.993
24.012 -452.335 -70.396 -0.045 0.000 0.110 0.993
23.994 -452.253 -70.403 -0.046 0.000 0.112 0.993
23.969 -452.147 -70.413 -0.046 0.000 0.114 0.992
23.932 -451.991 -70.428 -0.047 0.000 0.117 0.992
23.910 -451.899 -70.437 -0.048 0.000 0.118 0.992
23.894 -451.834 -70.443 -0.048 0.000 0.120 0.992
23.865 -451.716 -70.455 -0.049 0.000 0.122 0.991
23.827 -451.567 -70.470 -0.050 0.000 0.125 0.991
23.789 -451.420 -70.485 -0.051 0.000 0.128 0.991
23.766 -451.331 -70.495 -0.051 0.000 0.129 0.990
23.733 -451.210 -70.508 -0.052 0.000 0.131 0.990
23.703 -451.100 -70.519 -0.053 0.000 0.133 0.990
23.683 -451.027 -70.527 -0.053 0.000 0.135 0.989
23.659 -450.943 -70.537 -0.054 0.000 0.136 0.989
23.630 -450.840 -70.548 -0.054 0.000 0.139 0.989
23.614 -450.784 -70.555 -0.055 0.000 0.140 0.989
23.581 -450.672 -70.567 -0.056 0.000 0.141 0.988
23.550 -450.567 -70.580 -0.056 0.000 0.143 0.988
23.522 -450.472 -70.591 -0.057 0.000 0.145 0.988
23.491 -450.371 -70.603 -0.058 0.000 0.147 0.987
23.453 -450.248 -70.618 -0.059 0.000 0.149 0.987
23.421 -450.145 -70.631 -0.060 0.000 0.151 0.987
23.399 -450.074 -70.640 -0.060 0.000 0.152 0.987
23.368 -449.978 -70.652 -0.061 0.000 0.154 0.986
23.321 -449.833 -70.670 -0.061 0.000 0.156 0.986
23.305 -449.783 -70.676 -0.062 0.000 0.157 0.986
23.285 -449.722 -70.684 -0.062 0.000 0.158 0.985
23.248 -449.612 -70.699 -0.063 0.000 0.160 0.985
23.219 -449.526 -70.710 -0.064 0.000 0.162 0.985
23.202 -449.475 -70.717 -0.064 0.000 0.163 0.985
23.172 -449.388 -70.729 -0.065 0.000 0.165 0.984
23.136 -449.286 -70.743 -0.066 0.000 0.167 0.984
23.108 -449.206 -70.754 -0.067 0.000 0.168 0.984
23.085 -449.141 -70.763 -0.067 0.000 0.169 0.983
23.041 -449.018 -70.781 -0.068 0.000 0.172 0.983
23.004 -448.916 -70.795 -0.069 0.000 0.173 0.982
22.960 -448.797 -70.813 -0.070 0.000 0.175 0.982
22.920 -448.690 -70.829 -0.070 0.000 0.177 0.982
22.886 -448.602 -70.842 -0.071 0.000 0.179 0.981
22.851 -448.509 -70.856 -0.072 0.000 0.180 0.981
22.828 -448.448 -70.865 -0.072 0.000 0.181 0.981
22.790 -448.350 -70.880 -0.073 0.000 0.183 0.980
22.759 -448.271 -70.893 -0.074 0.000 0.184 0.980
22.719 -448.170 -70.908 -0.074 0.000 0.186 0.980
22.700 -448.121 -70.916 -0.074 0.000 0.187 0.980
22.667 -448.041 -70.929 -0.075 0.000 0.188 0.979
22.624 -447.933 -70.946 -0.076 0.000 0.190 0.979
22.576 -447.815 -70.965 -0.077 0.000 0.192 0.978
22.532 -447.708 -70.983 -0.078 0.000 0.194 0.978
22.504 -447.641 -70.994 -0.078 0.000 0.195 0.978
22.472 -447.566 -71.007 -0.079 0.000 0.197 0.977
22.439 -447.489 -71.020 -0.079 0.000 0.198 0.977
22.410 -447.421 -71.032 -0.080 0.000 0.199 0.977
22.367 -447.321 -71.049 -0.081 0.000 0.201 0.976
22.309 -447.188 -71.072 -0.081 0.000 0.202 0.976
22.267 -447.091 -71.089 -0.081 0.000 0.204 0.976
22.231 -447.010 -71.103 -0.081 0.000 0.205 0.975
22.202 -446.945 -71.115 -0.082 0.000 0.206 0.975
22.148 -446.824 -71.136 -0.083 0.000 0.208 0.975
22.101 -446.720 -71.155 -0.083 0.000 0.210 0.974
22.071 -446.655 -71.167 -0.084 0.000 0.211 0.974
22.024 -446.552 -71.185 -0.085 0.000 0.212 0.974
21.967 -446.430 -71.208 -0.086 0.000 0.215 0.973
21.929 -446.349 -71.223 -0.086 0.000 0.216 0.973
21.894 -446.275 -71.237 -0.087 0.000 0.218 0.972
21.825 -446.131 -71.265 -0.088 0.000 0.220 0.971
21.763 -446.002 -71.290 -0.089 0.000 0.222 0.971
21.725 -445.925 -71.305 -0.090 0.000 0.224 0.970
21.663 -445.800 -71.330 -0.091 0.000 0.226 0.970
21.626 -445.725 -71.345 -0.092 0.000 0.227 0.969
21.566 -445.607 -71.369 -0.092 0.000 0.229 0.969
21.520 -445.517 -71.388 -0.093 0.000 0.231 0.968
21.475 -445.429 -71.406 -0.094 0.000 0.232 0.968
21.439 -445.359 -71.421 -0.094 0.000 0.234 0.968
21.393 -445.271 -71.439 -0.095 0.000 0.235 0.967
21.329 -445.150 -71.465 -0.096 0.000 0.237 0.967
21.280 -445.057 -71.485 -0.096 0.000 0.239 0.966
21.241 -444.984 -71.500 -0.097 0.000 0.240 0.966
21.192 -444.891 -71.520 -0.097 0.000 0.241 0.966
21.135 -444.787 -71.543 -0.098 0.000 0.243 0.965
21.083 -444.692 -71.564 -0.098 0.000 0.244 0.965
21.031 -444.597 -71.585 -0.099 0.000 0.246 0.964
20.974 -444.493 -71.608 -0.099 0.000 0.247 0.964
20.944 -444.440 -71.620 -0.099 0.000 0.248 0.964
20.884 -444.334 -71.644 -0.100 0.000 0.250 0.963
20.833 -444.242 -71.665 -0.101 0.000 0.251 0.963
20.801 -444.187 -71.677 -0.101 0.000 0.252 0.962
20.762 -444.119 -71.693 -0.102 0.000 0.253 0.962
20.715 -444.037 -71.712 -0.102 0.000 0.254 0.962
20.667 -443.954 -71.731 -0.102 0.000 0.255 0.961
20.617 -443.867 -71.751 -0.103 0.000 0.256 0.961
20.571 -443.789 -71.769 -0.103 0.000 0.258 0.961
20.531 -443.721 -71.785 -0.103 0.000 0.259 0.960
20.471 -443.619 -71.809 -0.104 0.000 0.260 0.960
20.415 -443.525 -71.832 -0.105 0.000 0.261 0.960
20.370 -443.449 -71.850 -0.105 0.000 0.262 0.959
20.319 -443.364 -71.870 -0.105 0.000 0.263 0.959
20.249 -443.248 -71.898 -0.105 0.000 0.264 0.959
20.193 -443.155 -71.920 -0.106 0.000 0.266 0.958
20.127 -443.048 -71.947 -0.107 0.000 0.267 0.958
20.069 -442.953 -71.970 -0.107 0.000 0.268 0.957
20.032 -442.892 -71.985 -0.108 0.000 0.269 0.957
19.966 -442.787 -72.011 -0.108 0.000 0.271 0.957
19.903 -442.687 -72.037 -0.109 0.000 0.272 0.956
19.842 -442.588 -72.061 -0.109 0.000 0.272 0.956
19.791 -442.508 -72.082 -0.110 0.000 0.273 0.956
19.762 -442.462 -72.093 -0.110 0.000 0.274 0.956
19.714 -442.387 -72.113 -0.110 0.000 0.275 0.955
19.664 -442.307 -72.133 -0.111 0.000 0.276 0.955
19.611 -442.226 -72.154 -0.111 0.000 0.277 0.954
19.561 -442.148 -72.174 -0.110 0.000 0.278 0.954
19.511 -442.071 -72.194 -0.111 0.000 0.279 0.954
19.465 -442.000 -72.212 -0.112 0.000 0.280 0.953
19.390 -441.886 -72.242 -0.112 0.000 0.282 0.953
19.336 -441.804 -72.263 -0.112 0.000 0.283 0.953
19.299 -441.748 -72.278 -0.112 0.000 0.284 0.952
19.245 -441.668 -72.299 -0.113 0.001 0.285 0.952
19.180 -441.571 -72.325 -0.113 0.000 0.286 0.951
19.103 -441.457 -72.355 -0.114 0.000 0.288 0.951
19.018 -441.332 -72.389 -0.115 0.000 0.290 0.950
18.941 -441.220 -72.419 -0.115 0.000 0.291 0.950
18.861 -441.104 -72.451 -0.116 0.000 0.293 0.949
18.781 -440.989 -72.483 -0.116 0.000 0.294 0.949
18.706 -440.880 -72.512 -0.117 0.000 0.296 0.948
18.625 -440.767 -72.544 -0.118 0.000 0.297 0.948
18.538 -440.644 -72.579 -0.118 0.001 0.299 0.947
18.453 -440.525 -72.612 -0.119 0.001 0.301 0.946
18.399 -440.451 -72.633 -0.119 0.001 0.302 0.946
18.365 -440.403 -72.647 -0.119 0.001 0.303 0.946
18.302 -440.318 -72.671 -0.120 0.001 0.304 0.945
18.236 -440.227 -72.698 -0.120 0.001 0.305 0.945
18.180 -440.151 -72.720 -0.120 0.001 0.306 0.944
18.099 -440.042 -72.751 -0.121 0.001 0.307 0.944
18.029 -439.947 -72.779 -0.121 0.001 0.308 0.944
17.988 -439.893 -72.795 -0.121 0.001 0.309 0.943
17.909 -439.787 -72.826 -0.122 0.001 0.310 0.943
17.871 -439.737 -72.840 -0.122 0.001 0.311 0.943
17.808 -439.653 -72.865 -0.122 0.001 0.312 0.942
17.733 -439.555 -72.894 -0.123 0.001 0.313 0.942
17.661 -439.460 -72.923 -0.123 0.001 0.314 0.941
17.612 -439.396 -72.941 -0.123 0.001 0.315 0.941
17.544 -439.308 -72.968 -0.123 0.001 0.316 0.941
17.477 -439.222 -72.994 -0.123 0.001 0.316 0.941
17.435 -439.167 -73.010 -0.123 0.001 0.317 0.940
17.379 -439.095 -73.032 -0.123 0.001 0.317 0.940
17.323 -439.023 -73.054 -0.124 0.001 0.319 0.940
17.258 -438.941 -73.079 -0.124 0.001 0.319 0.939
17.182 -438.844 -73.108 -0.124 0.001 0.321 0.939
17.113 -438.756 -73.134 -0.124 0.002 0.321 0.939
17.039 -438.663 -73.163 -0.124 0.002 0.322 0.938
16.967 -438.572 -73.190 -0.124 0.002 0.324 0.938
16.895 -438.483 -73.217 -0.124 0.002 0.325 0.938
16.831 -438.403 -73.242 -0.124 0.002 0.326 0.937
16.784 -438.345 -73.260 -0.124 0.002 0.326 0.937
16.692 -438.232 -73.294 -0.124 0.002 0.327 0.937
16.645 -438.174 -73.312 -0.124 0.002 0.328 0.937
16.582 -438.097 -73.336 -0.124 0.002 0.328 0.936
16.499 -437.995 -73.367 -0.125 0.002 0.329 0.936
16.440 -437.924 -73.389 -0.125 0.002 0.330 0.936
16.372 -437.842 -73.415 -0.125 0.002 0.331 0.935
16.305 -437.760 -73.440 -0.125 0.003 0.332 0.935
16.255 -437.700 -73.459 -0.125 0.003 0.333 0.935
16.198 -437.632 -73.480 -0.125 0.003 0.333 0.934
16.132 -437.554 -73.504 -0.125 0.003 0.334 0.934
16.075 -437.486 -73.525 -0.125 0.003 0.335 0.934
16.024 -437.425 -73.545 -0.126 0.003 0.336 0.934
15.935 -437.320 -73.577 -0.126 0.003 0.337 0.933
15.899 -437.277 -73.591 -0.126 0.003 0.337 0.933
15.855 -437.226 -73.607 -0.126 0.003 0.338 0.933
15.782 -437.141 -73.634 -0.126 0.003 0.338 0.933
15.705 -437.050 -73.662 -0.126 0.003 0.339 0.932
15.637 -436.971 -73.687 -0.126 0.003 0.340 0.932
15.556 -436.876 -73.717 -0.125 0.004 0.340 0.932
15.494 -436.805 -73.739 -0.125 0.004 0.341 0.932
15.424 -436.724 -73.764 -0.125 0.004 0.342 0.932
15.380 -436.673 -73.780 -0.125 0.004 0.342 0.931
15.342 -436.630 -73.794 -0.125 0.004 0.342 0.931
15.286 -436.565 -73.814 -0.125 0.004 0.343 0.931
15.221 -436.490 -73.838 -0.125 0.004 0.343 0.931
15.159 -436.419 -73.860 -0.125 0.004 0.344 0.931
15.070 -436.318 -73.892 -0.125 0.004 0.345 0.930
15.018 -436.259 -73.910 -0.125 0.004 0.346 0.930
14.960 -436.193 -73.931 -0.125 0.005 0.346 0.930
14.899 -436.124 -73.953 -0.125 0.005 0.347 0.930
14.831 -436.047 -73.977 -0.125 0.005 0.348 0.929
14.757 -435.964 -74.003 -0.125 0.005 0.348 0.929
14.648 -435.843 -74.042 -0.126 0.005 0.350 0.928
