24.700 -458.396 -70.112 -0.001 0.000 0.002 1.000
24.699 -458.294 -70.112 -0.002 0.000 0.004 1.000
24.698 -458.160 -70.113 -0.003 0.000 0.006 1.000
24.696 -458.041 -70.114 -0.004 0.000 0.008 1.000
24.695 -457.958 -70.114 -0.005 0.000 0.010 1.000
24.692 -457.843 -70.116 -0.005 0.000 0.012 1.000
24.689 -457.730 -70.117 -0.006 0.000 0.014 1.000
24.686 -457.623 -70.118 -0.007 0.000 0.016 1.000
24.682 -457.502 -70.120 -0.008 0.000 0.018 1.000
24.677 -457.373 -70.122 -0.009 0.000 0.021 1.000
24.670 -457.229 -70.125 -0.010 0.000 0.023 1.000
24.665 -457.122 -70.127 -0.011 0.000 0.025 1.000
24.660 -457.014 -70.130 -0.012 0.000 0.027 1.000
24.653 -456.895 -70.133 -0.013 0.000 0.029 1.000
24.647 -456.797 -70.136 -0.014 0.000 0.031 0.999
24.642 -456.717 -70.138 -0.014 0.000 0.032 0.999
24.636 -456.624 -70.141 -0.015 0.000 0.034 0.999
24.629 -456.522 -70.144 -0.016 0.000 0.036 0.999
24.621 -456.417 -70.147 -0.017 0.000 0.037 0.999
24.615 -456.338 -70.150 -0.017 0.000 0.039 0.999
24.603 -456.187 -70.155 -0.018 0.000 0.042 0.999
24.594 -456.087 -70.159 -0.018 0.000 0.043 0.999
24.582 -455.951 -70.164 -0.019 0.000 0.046 0.999
24.572 -455.846 -70.168 -0.020 0.000 0.048 0.999
24.561 -455.729 -70.173 -0.021 0.000 0.050 0.999
24.549 -455.613 -70.178 -0.022 0.000 0.052 0.998
24.544 -455.565 -70.180 -0.023 0.000 0.053 0.998
24.531 -455.450 -70.185 -0.024 0.000 0.055 0.998
24.520 -455.353 -70.190 -0.024 0.000 0.057 0.998
24.509 -455.255 -70.195 -0.025 0.000 0.059 0.998
24.501 -455.189 -70.198 -0.026 0.000 0.060 0.998
24.488 -455.085 -70.204 -0.027 0.000 0.062 0.998
24.475 -454.981 -70.210 -0.027 0.000 0.063 0.998
24.460 -454.870 -70.216 -0.028 0.000 0.065 0.997
24.446 -454.764 -70.222 -0.029 0.000 0.067 0.997
24.422 -454.591 -70.233 -0.031 0.000 0.071 0.997
24.408 -454.491 -70.239 -0.032 0.000 0.073 0.997
24.396 -454.415 -70.244 -0.033 0.000 0.074 0.997
24.387 -454.354 -70.248 -0.033 0.000 0.075 0.997
24.375 -454.276 -70.253 -0.034 0.000 0.076 0.997
24.361 -454.184 -70.260 -0.034 0.000 0.078 0.996
24.341 -454.060 -70.268 -0.035 0.000 0.080 0.996
24.316 -453.906 -70.280 -0.036 0.000 0.083 0.996
24.294 -453.779 -70.289 -0.038 0.000 0.085 0.996
24.282 -453.711 -70.294 -0.038 0.000 0.086 0.996
24.272 -453.655 -70.299 -0.038 0.000 0.087 0.995
24.257 -453.567 -70.305 -0.039 0.000 0.089 0.995
24.237 -453.459 -70.314 -0.039 0.000 0.090 0.995
24.220 -453.364 -70.321 -0.040 0.000 0.092 0.995
24.196 -453.240 -70.332 -0.040 0.000 0.094 0.995
24.179 -453.150 -70.339 -0.041 0.000 0.096 0.995
24.156 -453.033 -70.349 -0.042 0.000 0.098 0.994
24.144 -452.974 -70.354 -0.042 0.000 0.099 0.994
24.118 -452.847 -70.365 -0.043 0.000 0.102 0.994
24.102 -452.770 -70.372 -0.044 0.000 0.103 0.994
24.085 -452.689 -70.379 -0.045 0.000 0.105 0.994
24.066 -452.603 -70.387 -0.045 0.000 0.106 0.993
24.036 -452.468 -70.400 -0.047 0.000 0.108 0.993
24.017 -452.379 -70.408 -0.048 0.000 0.110 0.993
23.993 -452.276 -70.418 -0.048 0.000 0.112 0.993
23.973 -452.190 -70.427 -0.049 0.000 0.113 0.992
23.939 -452.041 -70.442 -0.050 0.000 0.116 0.992
23.923 -451.974 -70.449 -0.051 0.000 0.117 0.992
23.901 -451.884 -70.459 -0.051 0.000 0.118 0.992
23.872 -451.765 -70.471 -0.052 0.000 0.121 0.991
23.852 -451.688 -70.480 -0.053 0.000 0.122 0.991
23.832 -451.607 -70.488 -0.053 0.000 0.123 0.991
23.809 -451.517 -70.498 -0.054 0.000 0.125 0.991
23.798 -451.474 -70.503 -0.054 0.000 0.126 0.991
23.767 -451.354 -70.517 -0.055 0.000 0.128 0.990
23.737 -451.244 -70.529 -0.056 0.000 0.130 0.990
23.711 -451.145 -70.541 -0.057 0.000 0.131 0.990
23.689 -451.065 -70.550 -0.057 0.000 0.133 0.990
23.653 -450.935 -70.566 -0.059 0.000 0.135 0.989
23.615 -450.800 -70.582 -0.060 0.000 0.137 0.989
23.571 -450.648 -70.601 -0.061 0.000 0.140 0.988
23.547 -450.564 -70.612 -0.062 0.000 0.142 0.988
23.517 -450.463 -70.625 -0.063 0.000 0.143 0.988
23.498 -450.398 -70.634 -0.064 0.000 0.145 0.987
23.461 -450.278 -70.650 -0.064 0.000 0.147 0.987
23.425 -450.162 -70.666 -0.065 0.000 0.149 0.987
23.384 -450.031 -70.684 -0.067 0.000 0.151 0.986
23.358 -449.948 -70.695 -0.067 0.000 0.153 0.986
23.338 -449.885 -70.704 -0.068 0.000 0.154 0.986
23.297 -449.760 -70.722 -0.069 0.000 0.156 0.985
23.255 -449.632 -70.741 -0.069 0.000 0.158 0.985
23.229 -449.555 -70.752 -0.070 0.000 0.160 0.985
23.207 -449.489 -70.761 -0.070 0.000 0.161 0.984
23.177 -449.401 -70.774 -0.071 0.000 0.163 0.984
23.136 -449.281 -70.792 -0.072 0.000 0.165 0.984
23.116 -449.223 -70.801 -0.072 0.000 0.166 0.984
23.081 -449.123 -70.817 -0.073 0.000 0.167 0.983
23.041 -449.010 -70.834 -0.074 0.000 0.169 0.983
23.012 -448.929 -70.847 -0.075 0.000 0.171 0.982
22.975 -448.827 -70.863 -0.076 0.000 0.173 0.982
22.930 -448.706 -70.883 -0.077 0.000 0.175 0.982
22.896 -448.614 -70.898 -0.078 0.000 0.176 0.981
22.865 -448.531 -70.911 -0.079 0.000 0.178 0.981
22.829 -448.436 -70.927 -0.079 0.000 0.180 0.981
22.790 -448.335 -70.944 -0.080 0.000 0.181 0.980
22.753 -448.238 -70.961 -0.081 0.000 0.183 0.980
22.716 -448.146 -70.977 -0.081 0.000 0.185 0.979
22.687 -448.073 -70.990 -0.082 0.000 0.186 0.979
22.653 -447.985 -71.005 -0.083 0.000 0.188 0.979
22.622 -447.910 -71.019 -0.083 0.000 0.189 0.978
22.586 -447.822 -71.034 -0.084 0.000 0.191 0.978
22.545 -447.720 -71.053 -0.085 0.000 0.193 0.978
22.515 -447.648 -71.066 -0.085 0.000 0.194 0.977
22.459 -447.514 -71.091 -0.086 0.000 0.196 0.977
22.417 -447.417 -71.109 -0.086 0.000 0.198 0.977
22.379 -447.327 -71.125 -0.087 0.000 0.199 0.976
22.352 -447.263 -71.137 -0.087 0.000 0.200 0.976
22.328 -447.209 -71.148 -0.087 0.000 0.201 0.976
22.284 -447.109 -71.167 -0.088 0.000 0.203 0.975
22.242 -447.013 -71.185 -0.089 0.000 0.204 0.975
22.201 -446.920 -71.203 -0.090 0.000 0.206 0.974
22.156 -446.822 -71.222 -0.090 0.000 0.208 0.974
22.104 -446.707 -71.245 -0.091 0.000 0.210 0.973
22.073 -446.639 -71.258 -0.091 0.000 0.211 0.973
22.026 -446.538 -71.278 -0.092 0.000 0.213 0.973
22.002 -446.487 -71.289 -0.093 0.000 0.214 0.973
21.950 -446.374 -71.312 -0.094 0.000 0.216 0.972
21.907 -446.284 -71.330 -0.094 0.000 0.218 0.971
21.862 -446.191 -71.349 -0.095 0.000 0.219 0.971
21.795 -446.052 -71.379 -0.096 0.000 0.222 0.970
21.756 -445.973 -71.396 -0.097 0.000 0.223 0.970
21.711 -445.881 -71.415 -0.098 0.000 0.224 0.970
21.648 -445.755 -71.443 -0.099 0.000 0.226 0.969
21.616 -445.690 -71.457 -0.099 0.000 0.227 0.969
21.581 -445.621 -71.472 -0.100 0.000 0.229 0.968
21.537 -445.535 -71.491 -0.100 0.000 0.230 0.968
21.509 -445.480 -71.503 -0.101 0.000 0.231 0.968
21.454 -445.372 -71.527 -0.102 0.000 0.233 0.967
21.398 -445.265 -71.551 -0.102 0.000 0.235 0.967
21.359 -445.192 -71.568 -0.103 0.000 0.237 0.966
21.310 -445.098 -71.590 -0.103 0.000 0.238 0.966
21.262 -445.007 -71.610 -0.103 0.000 0.240 0.965
21.200 -444.894 -71.637 -0.104 0.000 0.242 0.965
21.141 -444.784 -71.662 -0.105 0.000 0.244 0.964
21.073 -444.661 -71.692 -0.106 0.000 0.245 0.964
21.049 -444.617 -71.702 -0.106 0.000 0.246 0.963
21.002 -444.532 -71.722 -0.106 0.000 0.248 0.963
20.955 -444.449 -71.742 -0.107 0.000 0.249 0.963
20.910 -444.369 -71.762 -0.107 0.000 0.250 0.962
20.865 -444.289 -71.781 -0.108 0.000 0.251 0.962
20.799 -444.174 -71.809 -0.108 0.001 0.253 0.962
20.756 -444.098 -71.827 -0.109 0.000 0.254 0.961
20.702 -444.005 -71.850 -0.109 0.001 0.255 0.961
20.641 -443.900 -71.876 -0.109 0.001 0.256 0.960
20.587 -443.807 -71.899 -0.110 0.001 0.258 0.960
20.535 -443.720 -71.921 -0.110 0.001 0.259 0.960
20.484 -443.632 -71.943 -0.111 0.001 0.260 0.959
20.438 -443.555 -71.963 -0.111 0.001 0.261 0.959
20.386 -443.469 -71.985 -0.112 0.001 0.262 0.959
20.342 -443.395 -72.004 -0.112 0.001 0.263 0.958
20.288 -443.306 -72.027 -0.113 0.001 0.264 0.958
20.246 -443.236 -72.045 -0.113 0.001 0.265 0.958
20.192 -443.148 -72.067 -0.113 0.001 0.266 0.957
20.163 -443.100 -72.080 -0.114 0.001 0.266 0.957
20.098 -442.995 -72.108 -0.114 0.001 0.268 0.957
20.046 -442.911 -72.130 -0.114 0.001 0.269 0.956
19.981 -442.807 -72.157 -0.115 0.001 0.270 0.956
19.946 -442.750 -72.172 -0.115 0.001 0.271 0.956
19.879 -442.644 -72.201 -0.115 0.001 0.272 0.955
19.831 -442.569 -72.221 -0.116 0.001 0.273 0.955
19.770 -442.471 -72.247 -0.116 0.001 0.274 0.955
19.721 -442.395 -72.267 -0.116 0.001 0.275 0.954
19.659 -442.298 -72.293 -0.116 0.001 0.276 0.954
19.579 -442.174 -72.327 -0.117 0.001 0.278 0.953
19.535 -442.106 -72.346 -0.118 0.001 0.279 0.953
19.488 -442.034 -72.366 -0.118 0.001 0.280 0.953
19.444 -441.968 -72.384 -0.118 0.001 0.281 0.953
19.418 -441.927 -72.395 -0.119 0.001 0.281 0.952
19.381 -441.872 -72.410 -0.119 0.001 0.282 0.952
19.331 -441.797 -72.431 -0.119 0.001 0.283 0.952
19.283 -441.725 -72.451 -0.119 0.001 0.285 0.951
19.228 -441.642 -72.474 -0.119 0.001 0.286 0.951
19.166 -441.550 -72.500 -0.120 0.001 0.287 0.950
19.111 -441.468 -72.523 -0.120 0.001 0.288 0.950
19.055 -441.387 -72.546 -0.120 0.001 0.289 0.950
19.010 -441.322 -72.565 -0.120 0.001 0.290 0.949
18.954 -441.240 -72.588 -0.121 0.002 0.291 0.949
18.889 -441.146 -72.615 -0.121 0.002 0.293 0.948
18.812 -441.035 -72.647 -0.122 0.002 0.295 0.948
18.772 -440.980 -72.663 -0.122 0.002 0.296 0.948
18.718 -440.903 -72.685 -0.122 0.002 0.297 0.947
18.677 -440.845 -72.702 -0.123 0.002 0.297 0.947
18.609 -440.749 -72.730 -0.123 0.002 0.299 0.946
18.525 -440.633 -72.764 -0.124 0.002 0.301 0.946
18.441 -440.516 -72.799 -0.124 0.002 0.302 0.945
18.391 -440.449 -72.819 -0.125 0.002 0.303 0.945
18.343 -440.383 -72.839 -0.126 0.002 0.304 0.944
18.272 -440.286 -72.868 -0.126 0.002 0.305 0.944
18.224 -440.221 -72.888 -0.127 0.002 0.306 0.943
18.149 -440.121 -72.918 -0.127 0.002 0.308 0.943
18.105 -440.062 -72.936 -0.127 0.002 0.309 0.943
18.065 -440.008 -72.953 -0.128 0.002 0.309 0.942
18.021 -439.949 -72.971 -0.128 0.002 0.310 0.942
17.943 -439.848 -73.003 -0.128 0.002 0.312 0.941
17.888 -439.775 -73.026 -0.129 0.002 0.313 0.941
17.833 -439.703 -73.048 -0.129 0.002 0.314 0.940
17.794 -439.654 -73.064 -0.129 0.002 0.315 0.940
17.726 -439.565 -73.092 -0.130 0.002 0.317 0.940
17.649 -439.468 -73.123 -0.130 0.002 0.318 0.939
17.555 -439.347 -73.161 -0.131 0.002 0.320 0.939
17.510 -439.290 -73.180 -0.131 0.002 0.320 0.938
17.414 -439.169 -73.219 -0.131 0.002 0.321 0.938
17.342 -439.078 -73.248 -0.131 0.002 0.322 0.938
17.261 -438.977 -73.281 -0.132 0.002 0.322 0.937
17.176 -438.870 -73.315 -0.132 0.002 0.324 0.937
17.106 -438.784 -73.343 -0.132 0.002 0.325 0.937
17.048 -438.711 -73.367 -0.132 0.002 0.326 0.936
16.995 -438.647 -73.388 -0.132 0.003 0.326 0.936
16.918 -438.553 -73.419 -0.132 0.003 0.327 0.936
16.836 -438.452 -73.452 -0.132 0.003 0.328 0.935
16.746 -438.343 -73.488 -0.132 0.003 0.329 0.935
16.702 -438.289 -73.505 -0.133 0.003 0.330 0.935
16.631 -438.204 -73.533 -0.132 0.003 0.330 0.935
16.583 -438.145 -73.553 -0.132 0.003 0.330 0.935
16.488 -438.030 -73.590 -0.132 0.003 0.331 0.934
16.428 -437.959 -73.614 -0.132 0.003 0.332 0.934
16.339 -437.853 -73.649 -0.133 0.003 0.332 0.934
16.276 -437.777 -73.674 -0.133 0.003 0.333 0.933
16.196 -437.682 -73.706 -0.133 0.003 0.334 0.933
16.135 -437.609 -73.730 -0.133 0.003 0.334 0.933
16.074 -437.537 -73.754 -0.133 0.003 0.335 0.933
16.020 -437.473 -73.775 -0.133 0.003 0.335 0.933
15.953 -437.395 -73.801 -0.133 0.003 0.335 0.933
15.896 -437.327 -73.824 -0.134 0.003 0.336 0.932
15.864 -437.290 -73.836 -0.134 0.003 0.336 0.932
15.789 -437.201 -73.866 -0.134 0.003 0.337 0.932
15.723 -437.124 -73.892 -0.134 0.004 0.338 0.932
15.677 -437.070 -73.910 -0.134 0.004 0.338 0.931
15.607 -436.989 -73.937 -0.134 0.004 0.339 0.931
15.551 -436.924 -73.959 -0.134 0.004 0.340 0.931
15.473 -436.835 -73.989 -0.134 0.004 0.341 0.930
15.422 -436.776 -74.009 -0.134 0.004 0.341 0.930
15.368 -436.713 -74.030 -0.135 0.004 0.341 0.930
15.286 -436.620 -74.062 -0.134 0.004 0.343 0.930
15.226 -436.550 -74.085 -0.135 0.004 0.343 0.930
15.137 -436.449 -74.120 -0.135 0.004 0.344 0.929
15.064 -436.366 -74.148 -0.135 0.004 0.344 0.929
14.988 -436.280 -74.177 -0.135 0.004 0.345 0.929
14.917 -436.200 -74.205 -0.134 0.004 0.345 0.929
14.842 -436.116 -74.233 -0.135 0.004 0.346 0.929
14.801 -436.070 -74.249 -0.135 0.004 0.346 0.928
14.739 -436.000 -74.273 -0.135 0.005 0.347 0.928
14.672 -435.924 -74.299 -0.135 0.005 0.347 0.928
14.607 -435.852 -74.323 -0.135 0.005 0.348 0.928
14.559 -435.798 -74.342 -0.135 0.005 0.348 0.928
14.479 -435.710 -74.372 -0.135 0.005 0.349 0.927
