24.700 -458.400 -70.112 -0.001 0.000 0.002 1.000
24.699 -458.333 -70.112 -0.001 0.000 0.003 1.000
24.699 -458.227 -70.112 -0.002 0.000 0.005 1.000
24.697 -458.115 -70.113 -0.003 0.000 0.007 1.000
24.696 -458.021 -70.114 -0.004 0.000 0.009 1.000
24.694 -457.915 -70.115 -0.005 0.000 0.011 1.000
24.691 -457.813 -70.116 -0.005 0.000 0.012 1.000
24.690 -457.739 -70.116 -0.006 0.000 0.013 1.000
24.686 -457.609 -70.118 -0.007 0.000 0.016 1.000
24.683 -457.520 -70.119 -0.008 0.000 0.018 1.000
24.679 -457.430 -70.121 -0.008 0.000 0.019 1.000
24.676 -457.349 -70.122 -0.008 0.000 0.021 1.000
24.671 -457.220 -70.124 -0.009 0.000 0.023 1.000
24.665 -457.104 -70.127 -0.010 0.000 0.025 1.000
24.659 -456.992 -70.129 -0.011 0.000 0.027 1.000
24.655 -456.915 -70.131 -0.011 0.000 0.028 1.000
24.650 -456.830 -70.133 -0.012 0.000 0.030 0.999
24.644 -456.732 -70.135 -0.013 0.000 0.031 0.999
24.638 -456.643 -70.137 -0.014 0.000 0.033 0.999
24.631 -456.543 -70.140 -0.014 0.000 0.035 0.999
24.625 -456.457 -70.143 -0.015 0.000 0.036 0.999
24.617 -456.348 -70.146 -0.015 0.000 0.038 0.999
24.608 -456.228 -70.150 -0.016 0.000 0.041 0.999
24.597 -456.101 -70.154 -0.016 0.000 0.043 0.999
24.589 -456.003 -70.157 -0.017 0.000 0.044 0.999
24.581 -455.925 -70.160 -0.017 0.000 0.046 0.999
24.574 -455.850 -70.162 -0.018 0.000 0.047 0.999
24.566 -455.760 -70.166 -0.018 0.000 0.049 0.999
24.552 -455.623 -70.171 -0.019 0.000 0.051 0.998
24.538 -455.496 -70.176 -0.020 0.000 0.054 0.998
24.528 -455.402 -70.180 -0.021 0.000 0.056 0.998
24.518 -455.311 -70.184 -0.021 0.000 0.057 0.998
24.506 -455.214 -70.188 -0.022 0.000 0.059 0.998
24.496 -455.124 -70.192 -0.023 0.000 0.061 0.998
24.478 -454.984 -70.199 -0.025 0.000 0.063 0.998
24.454 -454.799 -70.208 -0.025 0.000 0.067 0.997
24.446 -454.738 -70.211 -0.025 0.000 0.068 0.997
24.432 -454.639 -70.216 -0.026 0.000 0.069 0.997
24.417 -454.537 -70.222 -0.026 0.000 0.071 0.997
24.403 -454.440 -70.227 -0.027 0.000 0.073 0.997
24.393 -454.374 -70.231 -0.028 0.000 0.074 0.997
24.381 -454.294 -70.235 -0.028 0.000 0.076 0.997
24.366 -454.199 -70.240 -0.029 0.000 0.078 0.997
24.349 -454.090 -70.247 -0.029 0.000 0.080 0.996
24.328 -453.960 -70.255 -0.030 0.000 0.082 0.996
24.310 -453.853 -70.261 -0.031 0.000 0.084 0.996
24.300 -453.796 -70.265 -0.031 0.000 0.085 0.996
24.279 -453.677 -70.273 -0.032 0.000 0.087 0.996
24.262 -453.581 -70.279 -0.033 0.000 0.089 0.996
24.247 -453.496 -70.285 -0.033 0.000 0.090 0.995
24.228 -453.392 -70.292 -0.034 0.000 0.092 0.995
24.209 -453.294 -70.299 -0.035 0.000 0.094 0.995
24.191 -453.199 -70.306 -0.036 0.000 0.096 0.995
24.181 -453.150 -70.309 -0.036 0.000 0.097 0.995
24.154 -453.013 -70.319 -0.037 0.000 0.099 0.994
24.133 -452.912 -70.327 -0.038 0.000 0.101 0.994
24.105 -452.780 -70.337 -0.039 0.000 0.103 0.994
24.082 -452.670 -70.346 -0.039 0.000 0.105 0.994
24.066 -452.594 -70.352 -0.040 0.000 0.107 0.994
24.044 -452.494 -70.361 -0.041 0.000 0.108 0.993
24.015 -452.365 -70.371 -0.042 0.000 0.110 0.993
23.989 -452.251 -70.381 -0.043 0.000 0.112 0.993
23.971 -452.172 -70.388 -0.044 0.000 0.114 0.993
23.940 -452.042 -70.400 -0.045 0.000 0.116 0.992
23.915 -451.937 -70.410 -0.045 0.000 0.118 0.992
23.887 -451.823 -70.420 -0.046 0.000 0.120 0.992
23.855 -451.694 -70.433 -0.047 0.000 0.122 0.991
23.817 -451.545 -70.447 -0.048 0.000 0.124 0.991
23.791 -451.444 -70.457 -0.048 0.000 0.126 0.991
23.766 -451.347 -70.467 -0.049 0.000 0.128 0.991
23.735 -451.231 -70.479 -0.050 0.000 0.130 0.990
23.708 -451.130 -70.489 -0.051 0.000 0.132 0.990
23.682 -451.036 -70.499 -0.052 0.000 0.133 0.990
23.650 -450.921 -70.512 -0.053 0.000 0.135 0.989
23.604 -450.756 -70.530 -0.054 0.000 0.138 0.989
23.579 -450.671 -70.540 -0.055 0.000 0.140 0.989
23.543 -450.545 -70.554 -0.056 0.000 0.142 0.988
23.512 -450.441 -70.566 -0.057 0.000 0.143 0.988
23.488 -450.361 -70.576 -0.058 0.000 0.145 0.988
23.467 -450.291 -70.584 -0.059 0.000 0.146 0.988
23.427 -450.162 -70.600 -0.060 0.000 0.149 0.987
23.399 -450.070 -70.612 -0.061 0.000 0.150 0.987
23.366 -449.966 -70.625 -0.062 0.000 0.152 0.986
23.326 -449.843 -70.641 -0.063 -0.001 0.155 0.986
23.308 -449.787 -70.649 -0.063 -0.001 0.156 0.986
23.270 -449.669 -70.664 -0.064 -0.001 0.158 0.985
23.236 -449.568 -70.678 -0.065 -0.001 0.159 0.985
23.212 -449.497 -70.688 -0.065 -0.001 0.161 0.985
23.168 -449.368 -70.706 -0.067 -0.001 0.163 0.984
23.132 -449.264 -70.720 -0.067 -0.001 0.165 0.984
23.105 -449.187 -70.732 -0.068 -0.001 0.166 0.984
23.068 -449.080 -70.747 -0.069 -0.001 0.168 0.983
23.027 -448.965 -70.764 -0.070 -0.001 0.171 0.983
22.999 -448.887 -70.775 -0.071 -0.001 0.172 0.983
22.964 -448.791 -70.790 -0.071 -0.001 0.174 0.982
22.909 -448.644 -70.812 -0.072 -0.001 0.177 0.982
22.873 -448.548 -70.827 -0.073 -0.001 0.178 0.981
22.826 -448.425 -70.846 -0.074 -0.001 0.181 0.981
22.794 -448.341 -70.859 -0.074 -0.001 0.182 0.980
22.766 -448.270 -70.871 -0.074 0.000 0.183 0.980
22.744 -448.214 -70.879 -0.075 0.000 0.184 0.980
22.714 -448.138 -70.892 -0.076 -0.001 0.186 0.980
22.675 -448.039 -70.908 -0.077 -0.001 0.188 0.979
22.650 -447.977 -70.918 -0.077 -0.001 0.189 0.979
22.611 -447.880 -70.934 -0.078 -0.001 0.190 0.979
22.559 -447.753 -70.955 -0.079 -0.001 0.193 0.978
22.524 -447.668 -70.970 -0.079 -0.001 0.194 0.978
22.486 -447.579 -70.985 -0.080 -0.001 0.196 0.977
22.443 -447.475 -71.003 -0.080 -0.001 0.197 0.977
22.409 -447.396 -71.017 -0.081 -0.001 0.198 0.977
22.348 -447.255 -71.041 -0.082 0.000 0.201 0.976
22.313 -447.174 -71.056 -0.082 0.000 0.202 0.976
22.286 -447.112 -71.067 -0.082 0.000 0.203 0.976
22.251 -447.033 -71.081 -0.082 0.000 0.204 0.975
22.213 -446.947 -71.096 -0.083 0.000 0.206 0.975
22.172 -446.855 -71.113 -0.083 0.000 0.207 0.975
22.107 -446.711 -71.139 -0.084 0.000 0.209 0.974
22.068 -446.625 -71.154 -0.085 0.000 0.210 0.974
21.995 -446.466 -71.184 -0.086 0.000 0.213 0.973
21.936 -446.339 -71.208 -0.087 0.000 0.215 0.973
21.893 -446.248 -71.225 -0.087 0.000 0.217 0.972
21.854 -446.166 -71.241 -0.088 0.000 0.218 0.972
21.801 -446.056 -71.262 -0.089 0.000 0.220 0.971
21.741 -445.932 -71.287 -0.090 0.000 0.222 0.971
21.676 -445.799 -71.313 -0.091 0.000 0.224 0.970
21.621 -445.687 -71.335 -0.091 0.000 0.226 0.970
21.584 -445.613 -71.350 -0.092 0.000 0.227 0.969
21.536 -445.518 -71.370 -0.092 0.000 0.229 0.969
21.484 -445.416 -71.390 -0.093 0.000 0.231 0.969
21.464 -445.376 -71.399 -0.093 0.000 0.231 0.968
21.431 -445.312 -71.412 -0.094 0.000 0.232 0.968
21.382 -445.217 -71.432 -0.095 0.000 0.234 0.968
21.347 -445.149 -71.446 -0.095 0.000 0.235 0.967
21.318 -445.095 -71.458 -0.096 -0.001 0.236 0.967
21.263 -444.990 -71.480 -0.096 0.000 0.238 0.967
21.213 -444.896 -71.501 -0.097 0.000 0.239 0.966
21.127 -444.734 -71.536 -0.097 0.000 0.242 0.965
21.068 -444.627 -71.559 -0.098 0.000 0.244 0.965
21.023 -444.544 -71.577 -0.098 0.000 0.245 0.965
20.972 -444.453 -71.598 -0.099 0.000 0.246 0.964
20.933 -444.381 -71.614 -0.100 0.000 0.247 0.964
20.871 -444.272 -71.638 -0.100 0.000 0.249 0.963
20.825 -444.190 -71.657 -0.101 0.000 0.250 0.963
20.757 -444.070 -71.684 -0.102 0.000 0.252 0.962
20.714 -443.994 -71.702 -0.102 0.000 0.253 0.962
20.670 -443.917 -71.719 -0.102 0.000 0.254 0.962
20.618 -443.826 -71.741 -0.103 0.000 0.255 0.961
20.549 -443.707 -71.768 -0.103 0.000 0.256 0.961
20.484 -443.595 -71.795 -0.103 0.000 0.258 0.961
20.451 -443.539 -71.808 -0.104 0.000 0.258 0.960
20.398 -443.450 -71.829 -0.104 0.000 0.259 0.960
20.336 -443.344 -71.854 -0.104 0.000 0.261 0.960
20.279 -443.248 -71.877 -0.105 0.000 0.261 0.960
20.221 -443.152 -71.900 -0.105 0.000 0.262 0.959
20.162 -443.054 -71.923 -0.106 0.000 0.264 0.959
20.110 -442.968 -71.944 -0.106 0.000 0.265 0.958
20.049 -442.868 -71.968 -0.107 0.000 0.266 0.958
19.992 -442.775 -71.992 -0.107 0.000 0.267 0.958
19.923 -442.663 -72.019 -0.108 0.000 0.269 0.957
19.868 -442.574 -72.041 -0.108 0.000 0.270 0.957
19.817 -442.491 -72.062 -0.108 0.000 0.271 0.957
19.761 -442.402 -72.084 -0.108 0.000 0.272 0.956
19.706 -442.315 -72.106 -0.108 0.000 0.273 0.956
19.657 -442.238 -72.125 -0.109 0.000 0.274 0.956
19.590 -442.132 -72.152 -0.109 0.000 0.275 0.955
19.543 -442.059 -72.170 -0.109 0.000 0.276 0.955
19.501 -441.995 -72.187 -0.110 0.000 0.277 0.955
19.450 -441.915 -72.207 -0.110 0.000 0.279 0.954
19.373 -441.796 -72.237 -0.111 0.000 0.280 0.954
19.317 -441.711 -72.259 -0.111 0.000 0.281 0.953
19.260 -441.624 -72.282 -0.111 0.000 0.283 0.953
19.213 -441.553 -72.301 -0.112 0.000 0.284 0.952
19.174 -441.494 -72.316 -0.112 0.000 0.285 0.952
19.103 -441.387 -72.344 -0.112 0.000 0.286 0.952
19.074 -441.345 -72.355 -0.113 0.000 0.286 0.952
19.019 -441.263 -72.377 -0.113 0.000 0.287 0.951
18.953 -441.166 -72.402 -0.113 0.001 0.288 0.951
18.892 -441.077 -72.426 -0.113 0.001 0.290 0.950
18.833 -440.990 -72.449 -0.114 0.001 0.291 0.950
18.779 -440.911 -72.471 -0.114 0.001 0.292 0.950
18.720 -440.827 -72.493 -0.115 0.001 0.293 0.949
18.671 -440.757 -72.513 -0.115 0.001 0.294 0.949
18.622 -440.686 -72.532 -0.115 0.001 0.295 0.949
18.590 -440.640 -72.544 -0.116 0.001 0.295 0.948
18.535 -440.563 -72.566 -0.116 0.001 0.296 0.948
18.481 -440.486 -72.587 -0.116 0.001 0.297 0.948
18.434 -440.420 -72.605 -0.117 0.001 0.298 0.947
18.382 -440.346 -72.626 -0.117 0.001 0.299 0.947
18.328 -440.272 -72.647 -0.117 0.001 0.300 0.947
18.287 -440.214 -72.663 -0.117 0.001 0.301 0.946
18.231 -440.137 -72.684 -0.118 0.001 0.302 0.946
18.182 -440.069 -72.704 -0.118 0.001 0.303 0.946
18.129 -439.997 -72.724 -0.119 0.001 0.304 0.945
18.058 -439.900 -72.752 -0.119 0.001 0.306 0.945
18.002 -439.824 -72.774 -0.120 0.001 0.307 0.944
17.953 -439.758 -72.793 -0.120 0.001 0.308 0.944
17.885 -439.667 -72.819 -0.120 0.001 0.309 0.943
17.823 -439.584 -72.843 -0.121 0.001 0.310 0.943
17.767 -439.509 -72.865 -0.121 0.001 0.311 0.943
17.697 -439.417 -72.892 -0.122 0.001 0.312 0.942
17.632 -439.331 -72.917 -0.122 0.001 0.313 0.942
17.573 -439.254 -72.940 -0.122 0.001 0.314 0.941
17.512 -439.174 -72.964 -0.122 0.001 0.315 0.941
17.473 -439.123 -72.979 -0.122 0.001 0.316 0.941
17.439 -439.080 -72.992 -0.122 0.001 0.316 0.941
17.375 -438.998 -73.016 -0.122 0.001 0.318 0.940
17.283 -438.878 -73.052 -0.123 0.001 0.319 0.940
17.222 -438.801 -73.075 -0.123 0.001 0.320 0.940
17.167 -438.732 -73.096 -0.123 0.001 0.320 0.939
17.119 -438.670 -73.114 -0.123 0.001 0.321 0.939
17.052 -438.586 -73.140 -0.123 0.001 0.322 0.939
16.990 -438.508 -73.164 -0.124 0.002 0.323 0.938
16.948 -438.456 -73.179 -0.124 0.002 0.324 0.938
16.910 -438.408 -73.194 -0.124 0.002 0.325 0.938
16.849 -438.333 -73.217 -0.124 0.002 0.325 0.937
16.777 -438.243 -73.244 -0.123 0.002 0.326 0.937
16.709 -438.159 -73.269 -0.123 0.002 0.327 0.937
16.634 -438.066 -73.298 -0.123 0.002 0.328 0.937
16.570 -437.988 -73.322 -0.124 0.002 0.329 0.936
16.508 -437.913 -73.345 -0.124 0.002 0.329 0.936
16.428 -437.815 -73.375 -0.124 0.002 0.330 0.936
16.343 -437.712 -73.406 -0.124 0.002 0.331 0.936
16.270 -437.624 -73.433 -0.124 0.002 0.332 0.935
16.206 -437.546 -73.457 -0.125 0.002 0.332 0.935
16.135 -437.462 -73.483 -0.125 0.002 0.333 0.934
16.061 -437.372 -73.511 -0.125 0.002 0.334 0.934
16.004 -437.304 -73.532 -0.125 0.002 0.335 0.934
15.960 -437.253 -73.549 -0.126 0.002 0.335 0.934
15.902 -437.184 -73.570 -0.125 0.003 0.336 0.934
15.803 -437.067 -73.607 -0.126 0.003 0.337 0.933
15.723 -436.973 -73.636 -0.126 0.003 0.338 0.933
15.679 -436.921 -73.653 -0.126 0.003 0.339 0.932
15.630 -436.865 -73.670 -0.126 0.003 0.339 0.932
15.593 -436.822 -73.684 -0.126 0.003 0.340 0.932
15.545 -436.765 -73.702 -0.126 0.003 0.340 0.932
15.503 -436.717 -73.717 -0.126 0.003 0.341 0.932
15.427 -436.629 -73.745 -0.126 0.003 0.341 0.931
15.386 -436.582 -73.760 -0.126 0.003 0.342 0.931
15.342 -436.532 -73.776 -0.127 0.003 0.342 0.931
15.267 -436.445 -73.804 -0.127 0.003 0.343 0.931
15.218 -436.389 -73.822 -0.127 0.003 0.344 0.930
15.174 -436.339 -73.838 -0.127 0.003 0.344 0.930
15.103 -436.258 -73.864 -0.127 0.003 0.345 0.930
15.047 -436.195 -73.884 -0.127 0.003 0.345 0.930
14.985 -436.124 -73.907 -0.127 0.003 0.346 0.930
14.930 -436.062 -73.926 -0.127 0.003 0.347 0.929
14.850 -435.972 -73.955 -0.127 0.004 0.348 0.929
14.785 -435.899 -73.979 -0.127 0.004 0.348 0.929
14.706 -435.811 -74.007 -0.127 0.004 0.349 0.928
14.651 -435.750 -74.027 -0.127 0.004 0.350 0.928
