26.389 -423.585 -82.406 -0.025 0.000 0.050 0.998
26.379 -423.489 -82.411 -0.025 0.000 0.052 0.998
26.370 -423.407 -82.415 -0.026 0.000 0.053 0.998
26.355 -423.271 -82.422 -0.027 0.000 0.055 0.998
26.345 -423.176 -82.427 -0.027 0.000 0.057 0.998
26.334 -423.080 -82.432 -0.028 0.000 0.058 0.998
26.326 -423.017 -82.436 -0.029 0.000 0.059 0.998
26.313 -422.909 -82.442 -0.029 0.000 0.061 0.998
26.301 -422.808 -82.448 -0.030 0.000 0.062 0.998
26.285 -422.681 -82.456 -0.031 0.000 0.064 0.997
26.273 -422.596 -82.461 -0.031 0.000 0.066 0.997
26.262 -422.509 -82.467 -0.032 0.000 0.067 0.997
26.244 -422.384 -82.475 -0.033 0.000 0.069 0.997
26.229 -422.276 -82.482 -0.033 0.000 0.071 0.997
26.219 -422.202 -82.488 -0.034 0.000 0.072 0.997
26.206 -422.120 -82.493 -0.035 0.000 0.074 0.997
26.197 -422.058 -82.498 -0.035 0.000 0.075 0.997
26.174 -421.908 -82.508 -0.036 0.000 0.077 0.996
26.159 -421.808 -82.516 -0.037 0.000 0.078 0.996
26.142 -421.705 -82.523 -0.037 0.000 0.080 0.996
26.133 -421.650 -82.528 -0.038 0.000 0.081 0.996
26.116 -421.543 -82.536 -0.039 0.000 0.083 0.996
26.095 -421.420 -82.545 -0.039 0.000 0.085 0.996
26.082 -421.346 -82.551 -0.040 0.000 0.086 0.995
26.067 -421.261 -82.558 -0.040 0.000 0.087 0.995
26.049 -421.161 -82.566 -0.041 0.000 0.089 0.995
26.030 -421.060 -82.575 -0.042 0.000 0.090 0.995
26.017 -420.988 -82.581 -0.042 0.000 0.091 0.995
26.002 -420.905 -82.588 -0.043 0.000 0.093 0.995
25.986 -420.823 -82.595 -0.043 0.000 0.094 0.995
25.965 -420.715 -82.605 -0.044 0.000 0.096 0.994
25.948 -420.627 -82.613 -0.044 0.000 0.098 0.994
25.920 -420.489 -82.625 -0.046 0.000 0.100 0.994
25.892 -420.356 -82.638 -0.047 0.000 0.102 0.994
25.864 -420.221 -82.651 -0.048 0.000 0.104 0.993
25.845 -420.135 -82.660 -0.049 0.000 0.106 0.993
25.823 -420.034 -82.670 -0.049 0.000 0.108 0.993
25.808 -419.964 -82.677 -0.050 0.000 0.109 0.993
25.778 -419.832 -82.691 -0.051 0.000 0.111 0.992
25.758 -419.745 -82.700 -0.051 0.000 0.113 0.992
25.731 -419.629 -82.712 -0.052 0.000 0.115 0.992
25.707 -419.529 -82.723 -0.053 0.000 0.117 0.992
25.691 -419.462 -82.730 -0.053 0.000 0.118 0.992
25.672 -419.384 -82.738 -0.054 0.000 0.119 0.991
25.645 -419.274 -82.751 -0.054 0.000 0.121 0.991
25.618 -419.165 -82.763 -0.055 0.000 0.123 0.991
25.583 -419.026 -82.779 -0.056 0.000 0.125 0.991
25.562 -418.945 -82.788 -0.056 0.000 0.127 0.990
25.529 -418.823 -82.802 -0.057 0.000 0.129 0.990
25.504 -418.727 -82.813 -0.058 0.000 0.131 0.990
25.468 -418.595 -82.829 -0.059 0.000 0.133 0.989
25.444 -418.508 -82.840 -0.060 0.000 0.135 0.989
25.420 -418.422 -82.851 -0.061 0.000 0.136 0.989
25.394 -418.331 -82.863 -0.062 0.000 0.138 0.988
25.363 -418.226 -82.876 -0.062 0.000 0.140 0.988
25.349 -418.176 -82.883 -0.063 0.000 0.141 0.988
25.327 -418.103 -82.892 -0.063 0.000 0.142 0.988
25.306 -418.032 -82.901 -0.064 0.000 0.144 0.988
25.278 -417.939 -82.914 -0.065 0.000 0.146 0.987
25.240 -417.814 -82.931 -0.065 0.000 0.148 0.987
25.212 -417.724 -82.943 -0.066 0.000 0.149 0.987
25.178 -417.615 -82.958 -0.067 0.000 0.151 0.986
25.136 -417.482 -82.977 -0.068 0.000 0.154 0.986
25.112 -417.409 -82.987 -0.069 0.000 0.155 0.986
25.080 -417.312 -83.001 -0.069 0.000 0.157 0.985
25.040 -417.189 -83.019 -0.070 0.001 0.159 0.985
25.003 -417.079 -83.035 -0.070 0.001 0.161 0.984
24.980 -417.011 -83.045 -0.071 0.001 0.162 0.984
24.939 -416.892 -83.063 -0.071 0.001 0.164 0.984
24.904 -416.792 -83.078 -0.072 0.001 0.166 0.983
24.880 -416.723 -83.089 -0.073 0.001 0.167 0.983
24.835 -416.594 -83.108 -0.073 0.001 0.169 0.983
24.767 -416.407 -83.138 -0.074 0.001 0.172 0.982
24.726 -416.293 -83.156 -0.075 0.001 0.174 0.982
24.694 -416.208 -83.169 -0.076 0.001 0.175 0.982
24.659 -416.116 -83.184 -0.077 0.001 0.177 0.981
24.614 -415.997 -83.204 -0.077 0.001 0.179 0.981
24.572 -415.887 -83.222 -0.078 0.001 0.181 0.980
24.527 -415.770 -83.241 -0.079 0.001 0.183 0.980
24.487 -415.667 -83.258 -0.079 0.001 0.185 0.980
24.447 -415.567 -83.275 -0.080 0.001 0.187 0.979
24.428 -415.521 -83.283 -0.081 0.001 0.188 0.979
24.386 -415.416 -83.301 -0.081 0.001 0.190 0.978
24.348 -415.322 -83.318 -0.082 0.001 0.191 0.978
24.315 -415.242 -83.332 -0.083 0.001 0.192 0.978
24.288 -415.177 -83.344 -0.083 0.001 0.194 0.977
24.255 -415.099 -83.358 -0.084 0.001 0.195 0.977
24.215 -415.003 -83.375 -0.085 0.001 0.197 0.977
24.176 -414.911 -83.392 -0.085 0.001 0.198 0.976
24.144 -414.837 -83.405 -0.086 0.001 0.200 0.976
24.098 -414.731 -83.425 -0.087 0.001 0.202 0.976
24.054 -414.630 -83.444 -0.087 0.001 0.204 0.975
23.995 -414.499 -83.469 -0.088 0.001 0.206 0.975
23.959 -414.419 -83.484 -0.089 0.001 0.208 0.974
23.910 -414.310 -83.506 -0.090 0.001 0.210 0.973
23.879 -414.244 -83.519 -0.091 0.001 0.212 0.973
23.830 -414.138 -83.540 -0.092 0.001 0.214 0.972
23.798 -414.069 -83.553 -0.092 0.001 0.216 0.972
23.770 -414.010 -83.565 -0.093 0.001 0.217 0.972
23.714 -413.892 -83.589 -0.094 0.001 0.219 0.971
23.675 -413.812 -83.606 -0.095 0.001 0.221 0.971
23.622 -413.703 -83.629 -0.096 0.001 0.223 0.970
23.582 -413.621 -83.646 -0.097 0.001 0.224 0.970
23.527 -413.510 -83.670 -0.098 0.001 0.227 0.969
23.472 -413.401 -83.693 -0.098 0.001 0.229 0.968
23.415 -413.291 -83.717 -0.099 0.001 0.231 0.968
23.364 -413.192 -83.739 -0.099 0.001 0.233 0.967
23.339 -413.142 -83.750 -0.100 0.001 0.234 0.967
23.303 -413.075 -83.765 -0.100 0.001 0.236 0.967
23.265 -413.001 -83.781 -0.100 0.001 0.237 0.966
23.220 -412.917 -83.800 -0.101 0.001 0.239 0.966
23.162 -412.810 -83.824 -0.102 0.001 0.241 0.965
23.112 -412.718 -83.845 -0.102 0.001 0.243 0.965
23.042 -412.590 -83.875 -0.103 0.001 0.245 0.964
23.002 -412.517 -83.891 -0.104 0.001 0.247 0.963
22.942 -412.410 -83.917 -0.105 0.001 0.249 0.963
22.889 -412.316 -83.939 -0.105 0.001 0.251 0.962
22.826 -412.206 -83.965 -0.106 0.001 0.254 0.961
22.764 -412.097 -83.991 -0.107 0.001 0.255 0.961
22.733 -412.045 -84.004 -0.107 0.001 0.256 0.961
22.698 -411.985 -84.018 -0.108 0.001 0.257 0.960
22.650 -411.904 -84.038 -0.108 0.001 0.259 0.960
22.611 -411.837 -84.055 -0.109 0.001 0.261 0.959
22.541 -411.721 -84.084 -0.110 0.001 0.263 0.959
22.489 -411.635 -84.105 -0.111 0.001 0.264 0.958
22.449 -411.569 -84.122 -0.111 0.001 0.266 0.958
22.373 -411.445 -84.154 -0.113 0.001 0.268 0.957
22.284 -411.302 -84.191 -0.114 0.001 0.271 0.956
22.224 -411.207 -84.217 -0.115 0.001 0.273 0.955
22.165 -411.114 -84.242 -0.116 0.001 0.275 0.954
22.111 -411.030 -84.264 -0.117 0.001 0.277 0.954
22.044 -410.927 -84.292 -0.118 0.001 0.279 0.953
21.969 -410.813 -84.324 -0.119 0.001 0.282 0.952
21.933 -410.759 -84.339 -0.120 0.001 0.283 0.952
21.857 -410.645 -84.371 -0.120 0.001 0.285 0.951
21.812 -410.579 -84.390 -0.121 0.001 0.287 0.950
21.763 -410.507 -84.411 -0.122 0.001 0.288 0.950
21.687 -410.395 -84.443 -0.123 0.001 0.290 0.949
21.639 -410.325 -84.463 -0.123 0.001 0.292 0.948
21.562 -410.216 -84.495 -0.124 0.001 0.294 0.948
21.519 -410.155 -84.513 -0.124 0.001 0.295 0.947
21.478 -410.097 -84.531 -0.125 0.001 0.297 0.947
21.439 -410.042 -84.547 -0.125 0.001 0.298 0.946
21.361 -409.933 -84.580 -0.126 0.001 0.300 0.946
21.302 -409.851 -84.604 -0.127 0.001 0.302 0.945
21.259 -409.792 -84.622 -0.128 0.001 0.303 0.944
21.184 -409.691 -84.654 -0.128 0.001 0.305 0.944
21.109 -409.589 -84.685 -0.129 0.001 0.307 0.943
21.049 -409.509 -84.710 -0.130 0.001 0.309 0.942
20.987 -409.427 -84.736 -0.130 0.001 0.311 0.942
20.907 -409.322 -84.770 -0.131 0.001 0.313 0.941
20.862 -409.264 -84.788 -0.132 0.001 0.314 0.940
20.775 -409.152 -84.824 -0.133 0.001 0.316 0.939
20.733 -409.098 -84.842 -0.134 0.001 0.318 0.939
20.684 -409.036 -84.862 -0.134 0.001 0.319 0.938
20.616 -408.950 -84.891 -0.135 0.001 0.321 0.938
20.544 -408.859 -84.921 -0.136 0.001 0.323 0.937
20.469 -408.765 -84.953 -0.136 0.001 0.325 0.936
20.369 -408.643 -84.994 -0.137 0.001 0.327 0.935
20.261 -408.512 -85.040 -0.138 0.001 0.330 0.934
20.197 -408.435 -85.066 -0.139 0.001 0.332 0.933
20.108 -408.330 -85.103 -0.140 0.001 0.335 0.932
20.049 -408.260 -85.128 -0.141 0.001 0.336 0.931
19.996 -408.199 -85.150 -0.142 0.001 0.338 0.931
19.932 -408.125 -85.177 -0.142 0.001 0.339 0.930
19.866 -408.048 -85.204 -0.143 0.002 0.341 0.929
19.806 -407.980 -85.229 -0.143 0.002 0.343 0.928
19.735 -407.899 -85.259 -0.144 0.002 0.345 0.928
19.676 -407.834 -85.283 -0.144 0.002 0.346 0.927
19.587 -407.734 -85.320 -0.145 0.002 0.349 0.926
19.499 -407.638 -85.356 -0.146 0.002 0.351 0.925
19.435 -407.568 -85.383 -0.147 0.002 0.353 0.924
19.368 -407.496 -85.410 -0.148 0.002 0.355 0.923
19.303 -407.426 -85.437 -0.148 0.002 0.356 0.922
19.266 -407.387 -85.453 -0.149 0.002 0.357 0.922
19.196 -407.313 -85.482 -0.150 0.002 0.359 0.921
19.128 -407.242 -85.510 -0.151 0.001 0.361 0.920
19.063 -407.175 -85.537 -0.152 0.001 0.363 0.920
18.996 -407.105 -85.565 -0.152 0.001 0.364 0.919
18.939 -407.048 -85.589 -0.153 0.001 0.366 0.918
18.858 -406.965 -85.623 -0.154 0.002 0.368 0.917
18.795 -406.902 -85.649 -0.154 0.002 0.369 0.916
18.724 -406.831 -85.678 -0.155 0.001 0.371 0.915
18.642 -406.750 -85.712 -0.156 0.001 0.373 0.914
18.559 -406.668 -85.747 -0.157 0.001 0.375 0.913
18.480 -406.592 -85.780 -0.158 0.001 0.377 0.912
18.399 -406.514 -85.814 -0.159 0.002 0.380 0.911
18.329 -406.447 -85.843 -0.159 0.002 0.381 0.911
18.286 -406.406 -85.861 -0.160 0.002 0.382 0.910
18.226 -406.350 -85.886 -0.160 0.002 0.384 0.909
18.175 -406.303 -85.907 -0.161 0.002 0.385 0.909
18.101 -406.235 -85.937 -0.161 0.002 0.387 0.908
18.013 -406.154 -85.974 -0.162 0.001 0.388 0.907
17.957 -406.103 -85.997 -0.163 0.001 0.390 0.906
17.902 -406.053 -86.020 -0.164 0.001 0.391 0.906
17.833 -405.991 -86.049 -0.165 0.001 0.393 0.905
17.750 -405.916 -86.084 -0.165 0.001 0.395 0.904
17.662 -405.839 -86.121 -0.167 0.001 0.396 0.903
17.598 -405.783 -86.148 -0.167 0.001 0.398 0.902
17.534 -405.727 -86.174 -0.168 0.001 0.399 0.901
17.455 -405.659 -86.207 -0.169 0.001 0.401 0.900
17.365 -405.582 -86.245 -0.170 0.001 0.403 0.899
17.245 -405.480 -86.295 -0.171 0.001 0.406 0.898
17.157 -405.407 -86.332 -0.171 0.001 0.408 0.897
17.092 -405.353 -86.360 -0.172 0.001 0.409 0.896
16.998 -405.275 -86.399 -0.173 0.001 0.411 0.895
16.933 -405.222 -86.427 -0.174 0.001 0.412 0.894
16.884 -405.182 -86.447 -0.174 0.001 0.414 0.894
16.801 -405.116 -86.482 -0.175 0.001 0.415 0.893
16.734 -405.063 -86.510 -0.176 0.001 0.417 0.892
16.624 -404.976 -86.556 -0.177 0.001 0.419 0.891
16.514 -404.890 -86.603 -0.177 0.001 0.422 0.889
16.442 -404.835 -86.633 -0.178 0.001 0.424 0.888
16.353 -404.766 -86.670 -0.179 0.001 0.425 0.887
16.295 -404.723 -86.694 -0.180 0.001 0.427 0.886
16.241 -404.682 -86.717 -0.180 0.001 0.428 0.886
16.143 -404.609 -86.758 -0.182 0.001 0.430 0.884
16.065 -404.551 -86.791 -0.182 0.001 0.432 0.883
15.993 -404.498 -86.822 -0.183 0.001 0.433 0.883
15.915 -404.442 -86.854 -0.184 0.001 0.435 0.882
15.801 -404.360 -86.903 -0.185 0.001 0.437 0.880
15.735 -404.313 -86.930 -0.185 0.001 0.438 0.880
15.647 -404.251 -86.967 -0.186 0.001 0.440 0.879
15.597 -404.216 -86.988 -0.186 0.001 0.441 0.878
15.520 -404.163 -87.021 -0.187 0.001 0.443 0.877
15.414 -404.090 -87.065 -0.188 0.001 0.445 0.876
15.347 -404.044 -87.094 -0.189 0.000 0.446 0.875
15.205 -403.948 -87.154 -0.189 0.001 0.449 0.873
15.162 -403.920 -87.172 -0.190 0.001 0.449 0.873
15.073 -403.860 -87.210 -0.191 0.001 0.451 0.872
15.019 -403.825 -87.232 -0.191 0.001 0.452 0.871
14.970 -403.792 -87.253 -0.192 0.001 0.453 0.871
14.905 -403.750 -87.280 -0.192 0.001 0.454 0.870
14.812 -403.690 -87.319 -0.193 0.001 0.456 0.869
14.731 -403.638 -87.354 -0.193 0.001 0.458 0.868
14.636 -403.578 -87.394 -0.194 0.001 0.460 0.867
14.508 -403.498 -87.447 -0.195 0.001 0.462 0.865
14.411 -403.438 -87.488 -0.196 0.001 0.464 0.864
14.295 -403.367 -87.537 -0.196 0.001 0.466 0.863
14.206 -403.313 -87.574 -0.197 0.001 0.468 0.862
14.143 -403.276 -87.600 -0.197 0.001 0.469 0.861
14.043 -403.216 -87.642 -0.198 0.001 0.471 0.860
13.942 -403.157 -87.684 -0.198 0.002 0.473 0.859
13.836 -403.095 -87.728 -0.199 0.002 0.474 0.858
13.762 -403.052 -87.759 -0.199 0.001 0.475 0.857
13.682 -403.006 -87.793 -0.200 0.001 0.476 0.856
13.586 -402.952 -87.833 -0.200 0.001 0.478 0.855
13.508 -402.908 -87.866 -0.201 0.001 0.479 0.854
13.461 -402.882 -87.885 -0.201 0.001 0.480 0.854
13.366 -402.829 -87.925 -0.202 0.001 0.481 0.853
13.278 -402.780 -87.961 -0.202 0.002 0.483 0.852
13.193 -402.733 -87.997 -0.203 0.002 0.485 0.851
13.112 -402.689 -88.030 -0.203 0.002 0.486 0.850
13.025 -402.642 -88.067 -0.204 0.002 0.488 0.849
12.904 -402.578 -88.117 -0.205 0.002 0.490 0.847
12.776 -402.512 -88.170 -0.206 0.002 0.492 0.846
12.701 -402.473 -88.202 -0.207 0.002 0.494 0.845
12.619 -402.432 -88.235 -0.207 0.002 0.495 0.844
12.559 -402.401 -88.260 -0.207 0.002 0.496 0.843
12.457 -402.350 -88.303 -0.208 0.002 0.498 0.842
12.389 -402.317 -88.331 -0.208 0.002 0.499 0.841
12.292 -402.269 -88.372 -0.209 0.002 0.500 0.840
12.241 -402.244 -88.393 -0.210 0.002 0.501 0.839
12.161 -402.206 -88.426 -0.210 0.002 0.503 0.838
12.092 -402.172 -88.455 -0.211 0.002 0.504 0.838
11.960 -402.110 -88.509 -0.212 0.002 0.506 0.836
11.895 -402.079 -88.537 -0.212 0.002 0.507 0.835
11.810 -402.041 -88.572 -0.213 0.002 0.509 0.834
11.720 -401.999 -88.609 -0.213 0.002 0.510 0.833
11.606 -401.947 -88.657 -0.214 0.002 0.512 0.832
11.528 -401.913 -88.689 -0.214 0.002 0.513 0.831
11.441 -401.874 -88.725 -0.215 0.002 0.515 0.830
11.339 -401.829 -88.768 -0.216 0.002 0.516 0.829
11.250 -401.790 -88.805 -0.216 0.002 0.518 0.828
11.156 -401.750 -88.844 -0.217 0.002 0.519 0.827
11.054 -401.707 -88.886 -0.218 0.002 0.521 0.825
10.953 -401.665 -88.928 -0.219 0.002 0.523 0.824
10.883 -401.636 -88.957 -0.219 0.002 0.524 0.823
10.784 -401.595 -88.999 -0.220 0.002 0.525 0.822
10.670 -401.549 -89.046 -0.220 0.002 0.527 0.821
10.583 -401.514 -89.082 -0.221 0.002 0.528 0.820
10.493 -401.479 -89.119 -0.221 0.002 0.530 0.819
10.373 -401.432 -89.169 -0.221 0.002 0.531 0.818
10.277 -401.395 -89.208 -0.222 0.002 0.533 0.817
10.182 -401.359 -89.248 -0.223 0.002 0.534 0.816
10.118 -401.335 -89.274 -0.223 0.002 0.535 0.815
