24.700 -458.418 -70.112 -0.001 0.000 0.001 1.000
24.699 -458.310 -70.112 -0.002 0.000 0.003 1.000
24.699 -458.214 -70.113 -0.002 0.000 0.005 1.000
24.697 -458.117 -70.113 -0.003 0.000 0.007 1.000
24.696 -458.040 -70.113 -0.003 0.000 0.008 1.000
24.694 -457.911 -70.114 -0.004 0.000 0.010 1.000
24.692 -457.808 -70.115 -0.005 0.000 0.012 1.000
24.688 -457.687 -70.117 -0.006 0.000 0.014 1.000
24.687 -457.637 -70.117 -0.006 0.000 0.015 1.000
24.684 -457.533 -70.119 -0.007 0.000 0.017 1.000
24.680 -457.424 -70.120 -0.008 0.000 0.019 1.000
24.674 -457.289 -70.123 -0.009 0.000 0.021 1.000
24.671 -457.203 -70.124 -0.010 0.000 0.023 1.000
24.665 -457.083 -70.127 -0.011 0.000 0.025 1.000
24.660 -456.983 -70.129 -0.011 0.000 0.027 1.000
24.654 -456.877 -70.132 -0.012 0.000 0.029 1.000
24.650 -456.809 -70.133 -0.012 0.000 0.030 0.999
24.641 -456.671 -70.137 -0.014 0.000 0.032 0.999
24.633 -456.544 -70.140 -0.015 0.000 0.034 0.999
24.625 -456.433 -70.144 -0.016 0.000 0.036 0.999
24.620 -456.362 -70.146 -0.016 0.000 0.038 0.999
24.612 -456.268 -70.149 -0.017 0.000 0.039 0.999
24.604 -456.165 -70.153 -0.017 0.000 0.041 0.999
24.594 -456.045 -70.157 -0.018 0.000 0.043 0.999
24.582 -455.907 -70.162 -0.019 0.000 0.046 0.999
24.574 -455.828 -70.165 -0.020 0.000 0.047 0.999
24.561 -455.689 -70.171 -0.021 0.000 0.049 0.999
24.548 -455.568 -70.176 -0.021 0.000 0.052 0.998
24.539 -455.476 -70.180 -0.022 0.000 0.053 0.998
24.522 -455.328 -70.186 -0.023 0.000 0.056 0.998
24.507 -455.196 -70.193 -0.024 0.000 0.059 0.998
24.488 -455.038 -70.200 -0.025 0.000 0.061 0.998
24.478 -454.956 -70.205 -0.026 0.000 0.062 0.998
24.465 -454.858 -70.210 -0.027 0.000 0.064 0.998
24.457 -454.795 -70.213 -0.027 0.000 0.065 0.998
24.444 -454.695 -70.219 -0.028 0.000 0.067 0.997
24.435 -454.628 -70.223 -0.028 0.000 0.068 0.997
24.421 -454.529 -70.228 -0.029 0.000 0.070 0.997
24.411 -454.462 -70.232 -0.029 0.000 0.071 0.997
24.402 -454.395 -70.236 -0.030 0.000 0.072 0.997
24.385 -454.285 -70.243 -0.030 0.000 0.074 0.997
24.369 -454.179 -70.249 -0.031 0.000 0.076 0.997
24.351 -454.060 -70.257 -0.032 0.000 0.078 0.996
24.332 -453.946 -70.264 -0.033 0.000 0.080 0.996
24.315 -453.837 -70.272 -0.033 0.000 0.082 0.996
24.297 -453.729 -70.279 -0.034 0.000 0.084 0.996
24.277 -453.617 -70.287 -0.035 0.000 0.086 0.996
24.258 -453.509 -70.295 -0.036 0.000 0.088 0.996
24.243 -453.426 -70.301 -0.036 0.000 0.089 0.995
24.233 -453.368 -70.305 -0.037 0.000 0.090 0.995
24.221 -453.303 -70.310 -0.037 0.000 0.091 0.995
24.203 -453.208 -70.317 -0.038 0.000 0.093 0.995
24.189 -453.135 -70.323 -0.039 0.000 0.094 0.995
24.165 -453.010 -70.333 -0.040 0.000 0.096 0.995
24.147 -452.916 -70.341 -0.041 0.000 0.098 0.994
24.123 -452.798 -70.351 -0.042 0.000 0.100 0.994
24.100 -452.684 -70.360 -0.042 0.000 0.102 0.994
24.073 -452.559 -70.371 -0.043 0.000 0.104 0.994
24.050 -452.451 -70.381 -0.044 0.000 0.106 0.993
24.026 -452.340 -70.391 -0.045 0.000 0.108 0.993
23.995 -452.204 -70.404 -0.047 0.000 0.111 0.993
23.975 -452.118 -70.412 -0.048 0.000 0.113 0.992
23.956 -452.036 -70.420 -0.049 0.000 0.114 0.992
23.943 -451.978 -70.426 -0.049 0.000 0.115 0.992
23.913 -451.852 -70.439 -0.050 0.000 0.117 0.992
23.886 -451.743 -70.450 -0.051 0.000 0.120 0.992
23.866 -451.659 -70.459 -0.051 0.000 0.121 0.991
23.840 -451.558 -70.470 -0.053 0.000 0.123 0.991
23.817 -451.466 -70.480 -0.053 0.000 0.125 0.991
23.793 -451.374 -70.490 -0.054 0.000 0.127 0.990
23.766 -451.271 -70.501 -0.055 0.000 0.128 0.990
23.748 -451.205 -70.509 -0.055 0.000 0.129 0.990
23.724 -451.113 -70.519 -0.056 0.000 0.131 0.990
23.692 -450.997 -70.533 -0.057 0.000 0.133 0.990
23.661 -450.885 -70.546 -0.058 0.000 0.135 0.989
23.633 -450.785 -70.558 -0.058 0.000 0.137 0.989
23.602 -450.677 -70.571 -0.059 0.000 0.139 0.989
23.575 -450.583 -70.583 -0.060 0.000 0.141 0.988
23.550 -450.496 -70.594 -0.061 0.000 0.142 0.988
23.524 -450.411 -70.604 -0.061 0.000 0.144 0.988
23.496 -450.315 -70.617 -0.062 0.000 0.146 0.987
23.464 -450.212 -70.630 -0.063 0.000 0.148 0.987
23.438 -450.129 -70.641 -0.064 0.000 0.149 0.987
23.411 -450.043 -70.653 -0.064 0.000 0.151 0.986
23.383 -449.954 -70.665 -0.065 0.000 0.152 0.986
23.357 -449.870 -70.676 -0.065 0.000 0.154 0.986
23.328 -449.781 -70.688 -0.065 0.000 0.155 0.986
23.304 -449.707 -70.698 -0.066 0.000 0.156 0.985
23.272 -449.612 -70.711 -0.067 0.000 0.158 0.985
23.240 -449.513 -70.725 -0.068 0.000 0.159 0.985
23.216 -449.442 -70.735 -0.068 0.000 0.161 0.985
23.184 -449.348 -70.749 -0.069 0.000 0.162 0.984
23.141 -449.222 -70.767 -0.070 0.000 0.165 0.984
23.112 -449.140 -70.779 -0.070 0.000 0.166 0.984
23.078 -449.044 -70.793 -0.071 0.000 0.167 0.983
23.049 -448.962 -70.806 -0.072 0.000 0.169 0.983
23.022 -448.887 -70.817 -0.072 0.000 0.170 0.983
22.986 -448.788 -70.832 -0.073 0.000 0.172 0.982
22.949 -448.685 -70.848 -0.074 0.000 0.174 0.982
22.908 -448.575 -70.866 -0.074 0.000 0.176 0.982
22.878 -448.496 -70.878 -0.075 0.000 0.177 0.981
22.847 -448.414 -70.891 -0.076 0.000 0.179 0.981
22.815 -448.330 -70.905 -0.076 0.000 0.181 0.981
22.782 -448.243 -70.919 -0.077 0.000 0.182 0.980
22.749 -448.159 -70.933 -0.078 0.000 0.183 0.980
22.717 -448.076 -70.947 -0.078 0.000 0.185 0.980
22.668 -447.953 -70.967 -0.079 0.000 0.187 0.979
22.632 -447.862 -70.983 -0.080 0.000 0.188 0.979
22.600 -447.784 -70.996 -0.080 0.000 0.190 0.979
22.570 -447.711 -71.009 -0.081 0.000 0.191 0.978
22.546 -447.652 -71.019 -0.082 0.000 0.192 0.978
22.507 -447.556 -71.036 -0.083 0.000 0.194 0.978
22.480 -447.491 -71.047 -0.083 0.000 0.195 0.977
22.435 -447.384 -71.066 -0.084 0.000 0.197 0.977
22.401 -447.305 -71.081 -0.085 0.000 0.198 0.977
22.363 -447.216 -71.097 -0.086 0.000 0.199 0.976
22.326 -447.129 -71.113 -0.086 0.000 0.200 0.976
22.289 -447.045 -71.129 -0.087 0.000 0.202 0.976
22.249 -446.952 -71.146 -0.088 0.000 0.203 0.975
22.203 -446.847 -71.166 -0.088 0.000 0.205 0.975
22.142 -446.711 -71.192 -0.089 0.000 0.207 0.974
22.099 -446.617 -71.211 -0.089 0.000 0.209 0.974
22.063 -446.537 -71.226 -0.090 0.000 0.210 0.973
22.034 -446.474 -71.239 -0.090 0.000 0.212 0.973
21.991 -446.382 -71.257 -0.091 0.000 0.213 0.973
21.956 -446.307 -71.272 -0.091 0.000 0.215 0.972
21.903 -446.193 -71.294 -0.092 0.000 0.217 0.972
21.868 -446.120 -71.309 -0.092 0.000 0.218 0.972
21.816 -446.012 -71.331 -0.093 0.000 0.220 0.971
21.763 -445.903 -71.353 -0.094 0.000 0.222 0.971
21.730 -445.835 -71.368 -0.094 0.000 0.223 0.970
21.705 -445.783 -71.378 -0.095 0.000 0.224 0.970
21.611 -445.595 -71.418 -0.095 0.000 0.227 0.969
21.552 -445.479 -71.442 -0.096 0.000 0.229 0.969
21.505 -445.384 -71.462 -0.097 0.000 0.231 0.968
21.456 -445.290 -71.482 -0.097 0.000 0.233 0.968
21.389 -445.160 -71.511 -0.098 0.000 0.234 0.967
21.352 -445.090 -71.526 -0.099 0.000 0.236 0.967
21.301 -444.992 -71.548 -0.100 0.000 0.237 0.966
21.233 -444.865 -71.576 -0.100 0.000 0.239 0.966
21.194 -444.791 -71.592 -0.101 0.000 0.241 0.965
21.154 -444.717 -71.609 -0.101 0.000 0.242 0.965
21.090 -444.600 -71.636 -0.102 0.000 0.244 0.964
21.047 -444.523 -71.653 -0.102 0.000 0.245 0.964
21.006 -444.447 -71.671 -0.103 0.000 0.246 0.964
20.956 -444.357 -71.692 -0.104 0.000 0.248 0.963
20.892 -444.243 -71.718 -0.104 0.000 0.249 0.963
20.830 -444.133 -71.744 -0.105 0.000 0.250 0.963
20.779 -444.043 -71.766 -0.104 0.000 0.251 0.962
20.714 -443.929 -71.792 -0.105 0.000 0.253 0.962
20.678 -443.867 -71.807 -0.105 0.000 0.253 0.962
20.631 -443.784 -71.827 -0.106 0.000 0.255 0.961
20.563 -443.667 -71.855 -0.106 0.001 0.256 0.961
20.499 -443.558 -71.881 -0.106 0.001 0.258 0.960
20.440 -443.456 -71.906 -0.107 0.001 0.259 0.960
20.392 -443.375 -71.925 -0.107 0.001 0.260 0.960
20.357 -443.317 -71.940 -0.107 0.001 0.261 0.959
20.325 -443.261 -71.953 -0.108 0.001 0.261 0.959
20.270 -443.171 -71.976 -0.108 0.001 0.263 0.959
20.227 -443.099 -71.993 -0.108 0.001 0.264 0.959
20.180 -443.021 -72.013 -0.109 0.001 0.265 0.958
20.117 -442.919 -72.038 -0.109 0.001 0.267 0.958
20.049 -442.807 -72.066 -0.109 0.001 0.268 0.957
20.009 -442.742 -72.082 -0.110 0.001 0.269 0.957
19.971 -442.682 -72.097 -0.110 0.001 0.269 0.957
19.938 -442.629 -72.111 -0.110 0.001 0.270 0.957
19.866 -442.512 -72.140 -0.111 0.001 0.271 0.956
19.819 -442.438 -72.159 -0.111 0.001 0.272 0.956
19.764 -442.351 -72.182 -0.112 0.001 0.273 0.955
19.713 -442.270 -72.202 -0.112 0.001 0.275 0.955
19.665 -442.195 -72.222 -0.112 0.001 0.275 0.955
19.598 -442.091 -72.249 -0.113 0.001 0.277 0.954
19.523 -441.975 -72.280 -0.114 0.001 0.278 0.954
19.473 -441.897 -72.300 -0.114 0.001 0.279 0.953
19.436 -441.841 -72.315 -0.114 0.001 0.280 0.953
19.377 -441.751 -72.339 -0.115 0.001 0.282 0.953
19.332 -441.683 -72.357 -0.115 0.001 0.283 0.952
19.268 -441.588 -72.383 -0.115 0.001 0.284 0.952
19.227 -441.526 -72.400 -0.115 0.001 0.285 0.952
19.191 -441.473 -72.414 -0.116 0.001 0.286 0.951
19.133 -441.386 -72.437 -0.116 0.001 0.287 0.951
19.087 -441.318 -72.456 -0.116 0.001 0.288 0.951
19.053 -441.268 -72.470 -0.117 0.001 0.289 0.950
19.009 -441.204 -72.487 -0.117 0.001 0.290 0.950
18.950 -441.117 -72.511 -0.118 0.001 0.291 0.950
18.896 -441.039 -72.533 -0.118 0.001 0.292 0.949
18.828 -440.941 -72.560 -0.119 0.001 0.293 0.949
18.767 -440.854 -72.585 -0.119 0.001 0.294 0.948
18.704 -440.764 -72.610 -0.119 0.001 0.296 0.948
18.627 -440.655 -72.641 -0.120 0.001 0.297 0.947
18.570 -440.575 -72.664 -0.120 0.001 0.298 0.947
18.515 -440.498 -72.686 -0.121 0.001 0.300 0.946
18.432 -440.383 -72.719 -0.122 0.001 0.301 0.946
18.358 -440.281 -72.749 -0.122 0.001 0.303 0.945
18.308 -440.213 -72.769 -0.122 0.002 0.304 0.945
18.257 -440.143 -72.789 -0.122 0.002 0.305 0.944
18.214 -440.084 -72.807 -0.123 0.002 0.306 0.944
18.152 -440.001 -72.831 -0.123 0.002 0.307 0.944
18.085 -439.911 -72.858 -0.124 0.002 0.308 0.943
17.982 -439.774 -72.899 -0.125 0.001 0.310 0.942
17.920 -439.692 -72.924 -0.125 0.001 0.311 0.942
17.853 -439.603 -72.951 -0.126 0.001 0.312 0.942
17.763 -439.486 -72.987 -0.126 0.001 0.315 0.941
17.682 -439.381 -73.019 -0.127 0.001 0.316 0.940
17.621 -439.302 -73.044 -0.127 0.002 0.317 0.940
17.556 -439.219 -73.070 -0.127 0.002 0.318 0.940
17.458 -439.094 -73.109 -0.128 0.002 0.319 0.939
17.404 -439.026 -73.130 -0.128 0.002 0.320 0.939
17.348 -438.954 -73.153 -0.128 0.002 0.321 0.939
17.301 -438.895 -73.171 -0.128 0.002 0.321 0.938
17.255 -438.837 -73.189 -0.128 0.002 0.322 0.938
17.212 -438.783 -73.206 -0.128 0.002 0.322 0.938
17.117 -438.664 -73.244 -0.128 0.002 0.323 0.937
17.080 -438.617 -73.259 -0.128 0.002 0.324 0.937
17.029 -438.554 -73.279 -0.128 0.002 0.325 0.937
16.966 -438.476 -73.303 -0.128 0.002 0.326 0.937
16.910 -438.407 -73.325 -0.128 0.002 0.326 0.936
16.846 -438.329 -73.350 -0.129 0.002 0.327 0.936
16.774 -438.240 -73.378 -0.129 0.002 0.328 0.936
16.706 -438.157 -73.405 -0.128 0.003 0.329 0.936
16.639 -438.076 -73.430 -0.128 0.003 0.330 0.935
16.571 -437.993 -73.457 -0.129 0.003 0.330 0.935
16.500 -437.908 -73.484 -0.129 0.003 0.331 0.935
16.446 -437.843 -73.505 -0.129 0.003 0.332 0.934
16.379 -437.762 -73.531 -0.129 0.003 0.332 0.934
16.291 -437.657 -73.565 -0.129 0.003 0.333 0.934
16.250 -437.608 -73.580 -0.129 0.003 0.333 0.934
16.162 -437.503 -73.614 -0.129 0.003 0.334 0.934
16.080 -437.406 -73.645 -0.129 0.003 0.335 0.933
16.030 -437.347 -73.664 -0.129 0.003 0.336 0.933
15.959 -437.263 -73.691 -0.129 0.004 0.336 0.933
15.901 -437.195 -73.713 -0.129 0.004 0.337 0.933
15.855 -437.141 -73.731 -0.129 0.004 0.337 0.932
15.789 -437.064 -73.755 -0.129 0.004 0.338 0.932
15.710 -436.972 -73.785 -0.129 0.004 0.339 0.932
15.636 -436.886 -73.813 -0.130 0.004 0.340 0.931
15.564 -436.803 -73.840 -0.130 0.004 0.341 0.931
15.495 -436.722 -73.866 -0.129 0.004 0.341 0.931
15.429 -436.646 -73.891 -0.129 0.004 0.342 0.931
15.359 -436.567 -73.917 -0.129 0.004 0.343 0.930
15.256 -436.449 -73.955 -0.129 0.004 0.344 0.930
15.212 -436.399 -73.971 -0.129 0.005 0.344 0.930
15.139 -436.316 -73.999 -0.130 0.004 0.345 0.930
15.087 -436.257 -74.018 -0.130 0.004 0.345 0.929
15.004 -436.164 -74.048 -0.129 0.005 0.346 0.929
14.956 -436.109 -74.066 -0.129 0.005 0.346 0.929
14.883 -436.027 -74.093 -0.129 0.005 0.347 0.929
14.777 -435.908 -74.132 -0.129 0.005 0.348 0.929
14.717 -435.841 -74.154 -0.129 0.005 0.348 0.928
14.657 -435.774 -74.175 -0.129 0.005 0.349 0.928
14.598 -435.708 -74.197 -0.129 0.005 0.350 0.928
14.552 -435.658 -74.214 -0.129 0.005 0.350 0.928
