24.700 -458.426 -70.112 -0.001 0.000 0.001 1.000
24.699 -458.294 -70.112 -0.002 0.000 0.004 1.000
24.698 -458.162 -70.113 -0.003 0.000 0.006 1.000
24.697 -458.080 -70.113 -0.003 0.000 0.008 1.000
24.694 -457.940 -70.114 -0.004 0.000 0.010 1.000
24.691 -457.811 -70.116 -0.005 0.000 0.012 1.000
24.690 -457.741 -70.116 -0.006 0.000 0.014 1.000
24.687 -457.659 -70.117 -0.006 0.000 0.015 1.000
24.684 -457.554 -70.119 -0.007 0.000 0.017 1.000
24.680 -457.457 -70.120 -0.008 0.000 0.019 1.000
24.676 -457.362 -70.122 -0.009 0.000 0.021 1.000
24.671 -457.242 -70.124 -0.010 0.000 0.023 1.000
24.665 -457.119 -70.126 -0.010 0.000 0.025 1.000
24.662 -457.063 -70.128 -0.011 0.000 0.026 1.000
24.658 -456.982 -70.129 -0.012 0.000 0.028 1.000
24.653 -456.889 -70.132 -0.013 0.000 0.029 0.999
24.647 -456.799 -70.134 -0.013 0.000 0.031 0.999
24.636 -456.626 -70.139 -0.014 0.000 0.034 0.999
24.628 -456.514 -70.142 -0.015 0.000 0.036 0.999
24.623 -456.449 -70.144 -0.016 0.000 0.037 0.999
24.617 -456.358 -70.147 -0.016 0.000 0.039 0.999
24.611 -456.282 -70.149 -0.017 0.000 0.040 0.999
24.598 -456.135 -70.154 -0.018 0.000 0.043 0.999
24.589 -456.033 -70.158 -0.019 0.000 0.045 0.999
24.579 -455.921 -70.163 -0.020 0.000 0.047 0.999
24.560 -455.723 -70.171 -0.021 0.000 0.050 0.999
24.553 -455.654 -70.174 -0.021 0.000 0.051 0.998
24.540 -455.534 -70.179 -0.022 0.000 0.053 0.998
24.532 -455.462 -70.182 -0.022 0.000 0.054 0.998
24.522 -455.368 -70.186 -0.023 0.000 0.056 0.998
24.513 -455.291 -70.190 -0.024 0.000 0.057 0.998
24.501 -455.188 -70.195 -0.024 0.000 0.059 0.998
24.491 -455.103 -70.199 -0.025 0.000 0.061 0.998
24.479 -455.011 -70.204 -0.026 0.000 0.063 0.998
24.469 -454.935 -70.208 -0.026 0.000 0.064 0.998
24.460 -454.863 -70.212 -0.027 0.000 0.065 0.998
24.449 -454.777 -70.216 -0.027 0.000 0.066 0.997
24.434 -454.671 -70.222 -0.028 0.000 0.068 0.997
24.421 -454.574 -70.228 -0.029 0.000 0.070 0.997
24.400 -454.431 -70.236 -0.030 0.000 0.073 0.997
24.376 -454.268 -70.246 -0.030 0.000 0.075 0.997
24.362 -454.179 -70.252 -0.031 0.000 0.077 0.997
24.347 -454.082 -70.258 -0.031 0.000 0.079 0.996
24.328 -453.966 -70.265 -0.032 0.000 0.081 0.996
24.318 -453.903 -70.269 -0.033 0.000 0.082 0.996
24.302 -453.812 -70.275 -0.033 0.000 0.083 0.996
24.280 -453.681 -70.284 -0.034 0.000 0.086 0.996
24.258 -453.556 -70.293 -0.036 0.000 0.088 0.995
24.239 -453.450 -70.301 -0.036 0.000 0.090 0.995
24.217 -453.332 -70.310 -0.037 0.000 0.092 0.995
24.200 -453.242 -70.317 -0.037 0.000 0.094 0.995
24.182 -453.147 -70.324 -0.038 0.000 0.095 0.995
24.156 -453.014 -70.334 -0.039 0.000 0.098 0.994
24.137 -452.920 -70.342 -0.040 0.000 0.099 0.994
24.123 -452.851 -70.348 -0.040 0.000 0.101 0.994
24.101 -452.745 -70.356 -0.041 0.000 0.103 0.994
24.077 -452.630 -70.366 -0.042 0.000 0.105 0.994
24.056 -452.534 -70.375 -0.043 0.000 0.106 0.993
24.039 -452.456 -70.381 -0.043 0.000 0.108 0.993
24.020 -452.370 -70.389 -0.044 0.000 0.109 0.993
24.002 -452.290 -70.396 -0.045 0.000 0.111 0.993
23.986 -452.220 -70.403 -0.045 0.000 0.112 0.993
23.961 -452.111 -70.413 -0.046 0.000 0.114 0.992
23.935 -452.002 -70.423 -0.047 0.000 0.116 0.992
23.906 -451.881 -70.435 -0.048 0.000 0.118 0.992
23.884 -451.789 -70.444 -0.048 0.000 0.119 0.992
23.849 -451.648 -70.458 -0.049 0.000 0.122 0.991
23.818 -451.524 -70.471 -0.051 0.000 0.124 0.991
23.781 -451.381 -70.486 -0.052 0.000 0.126 0.991
23.753 -451.276 -70.498 -0.053 0.000 0.128 0.990
23.715 -451.130 -70.514 -0.054 0.000 0.131 0.990
23.681 -451.007 -70.527 -0.055 0.000 0.133 0.990
23.657 -450.919 -70.538 -0.056 0.000 0.134 0.989
23.632 -450.831 -70.548 -0.056 0.000 0.136 0.989
23.602 -450.725 -70.560 -0.056 0.000 0.137 0.989
23.570 -450.613 -70.573 -0.057 0.000 0.139 0.989
23.542 -450.516 -70.585 -0.058 0.000 0.141 0.988
23.515 -450.422 -70.596 -0.058 0.000 0.143 0.988
23.483 -450.315 -70.609 -0.059 0.000 0.145 0.988
23.449 -450.204 -70.623 -0.060 0.000 0.147 0.987
23.422 -450.116 -70.634 -0.060 0.000 0.148 0.987
23.377 -449.971 -70.652 -0.061 0.000 0.151 0.987
23.344 -449.865 -70.666 -0.062 0.000 0.152 0.986
23.303 -449.740 -70.682 -0.063 0.000 0.155 0.986
23.282 -449.673 -70.691 -0.064 0.000 0.156 0.986
23.256 -449.595 -70.701 -0.064 0.000 0.157 0.986
23.217 -449.475 -70.717 -0.065 0.000 0.159 0.985
23.182 -449.372 -70.732 -0.066 0.000 0.161 0.985
23.148 -449.270 -70.746 -0.067 0.000 0.163 0.984
23.128 -449.213 -70.754 -0.067 0.000 0.164 0.984
23.101 -449.134 -70.765 -0.068 0.000 0.165 0.984
23.061 -449.018 -70.782 -0.069 0.000 0.167 0.984
23.028 -448.927 -70.795 -0.070 0.000 0.169 0.983
22.998 -448.842 -70.808 -0.070 0.000 0.170 0.983
22.958 -448.733 -70.824 -0.071 0.000 0.172 0.983
22.919 -448.625 -70.840 -0.072 0.000 0.174 0.982
22.889 -448.545 -70.853 -0.072 0.000 0.176 0.982
22.860 -448.465 -70.865 -0.073 0.000 0.177 0.981
22.811 -448.336 -70.885 -0.074 0.000 0.180 0.981
22.765 -448.218 -70.904 -0.075 0.000 0.182 0.980
22.728 -448.123 -70.919 -0.076 0.000 0.184 0.980
22.699 -448.047 -70.931 -0.077 0.000 0.185 0.980
22.651 -447.928 -70.951 -0.078 0.000 0.187 0.979
22.595 -447.789 -70.974 -0.079 0.000 0.190 0.979
22.558 -447.698 -70.990 -0.079 0.000 0.191 0.978
22.517 -447.597 -71.007 -0.080 0.000 0.193 0.978
22.486 -447.522 -71.020 -0.081 0.000 0.194 0.978
22.424 -447.375 -71.046 -0.082 0.000 0.196 0.977
22.394 -447.304 -71.058 -0.082 0.000 0.197 0.977
22.338 -447.171 -71.082 -0.083 0.000 0.199 0.976
22.291 -447.065 -71.101 -0.084 0.000 0.201 0.976
22.252 -446.974 -71.117 -0.084 0.000 0.203 0.976
22.227 -446.916 -71.128 -0.084 0.000 0.204 0.975
22.184 -446.820 -71.145 -0.085 0.000 0.205 0.975
22.161 -446.767 -71.155 -0.085 0.000 0.206 0.975
22.124 -446.686 -71.170 -0.086 0.000 0.208 0.974
22.053 -446.530 -71.199 -0.087 0.000 0.211 0.974
22.015 -446.447 -71.215 -0.088 0.000 0.212 0.973
21.965 -446.339 -71.236 -0.088 0.000 0.214 0.973
21.940 -446.284 -71.246 -0.089 0.000 0.215 0.973
21.880 -446.157 -71.271 -0.090 0.000 0.217 0.972
21.826 -446.044 -71.293 -0.091 0.000 0.219 0.971
21.784 -445.958 -71.311 -0.092 0.000 0.221 0.971
21.738 -445.863 -71.330 -0.092 0.000 0.222 0.971
21.694 -445.774 -71.348 -0.093 0.000 0.224 0.970
21.666 -445.717 -71.360 -0.093 0.000 0.225 0.970
21.617 -445.617 -71.380 -0.094 0.000 0.227 0.969
21.568 -445.521 -71.400 -0.095 0.000 0.228 0.969
21.514 -445.413 -71.423 -0.095 0.000 0.230 0.968
21.482 -445.351 -71.436 -0.096 0.000 0.232 0.968
21.428 -445.245 -71.458 -0.096 0.000 0.233 0.968
21.400 -445.192 -71.470 -0.097 0.000 0.234 0.967
21.357 -445.110 -71.488 -0.097 0.000 0.236 0.967
21.303 -445.007 -71.510 -0.098 0.000 0.238 0.966
21.263 -444.932 -71.526 -0.099 0.000 0.239 0.966
21.221 -444.854 -71.544 -0.099 0.000 0.240 0.966
21.182 -444.781 -71.560 -0.100 0.000 0.242 0.965
21.141 -444.705 -71.577 -0.101 0.000 0.243 0.965
21.089 -444.610 -71.598 -0.101 0.000 0.244 0.964
21.035 -444.512 -71.621 -0.102 0.000 0.245 0.964
20.967 -444.390 -71.649 -0.102 0.000 0.247 0.964
20.931 -444.324 -71.664 -0.103 0.000 0.248 0.963
20.866 -444.209 -71.691 -0.104 0.000 0.250 0.963
20.835 -444.154 -71.704 -0.104 0.000 0.250 0.963
20.775 -444.048 -71.729 -0.104 0.000 0.252 0.962
20.720 -443.950 -71.752 -0.104 0.000 0.253 0.962
20.678 -443.878 -71.769 -0.105 0.000 0.254 0.962
20.643 -443.817 -71.783 -0.105 0.000 0.254 0.961
20.601 -443.744 -71.801 -0.105 0.000 0.256 0.961
20.527 -443.618 -71.831 -0.106 0.000 0.257 0.961
20.479 -443.536 -71.850 -0.106 0.000 0.259 0.960
20.436 -443.463 -71.868 -0.107 0.000 0.260 0.960
20.381 -443.371 -71.891 -0.107 0.000 0.261 0.959
20.321 -443.271 -71.915 -0.107 0.000 0.263 0.959
20.266 -443.179 -71.937 -0.107 0.000 0.264 0.959
20.193 -443.059 -71.967 -0.108 0.001 0.266 0.958
20.165 -443.014 -71.978 -0.108 0.001 0.267 0.958
20.121 -442.942 -71.996 -0.108 0.000 0.267 0.957
20.066 -442.852 -72.018 -0.108 0.001 0.269 0.957
20.006 -442.754 -72.043 -0.109 0.001 0.270 0.957
19.957 -442.677 -72.062 -0.109 0.001 0.271 0.956
19.890 -442.569 -72.089 -0.110 0.001 0.272 0.956
19.854 -442.513 -72.104 -0.110 0.001 0.272 0.956
19.798 -442.424 -72.126 -0.110 0.001 0.273 0.956
19.720 -442.300 -72.158 -0.111 0.001 0.275 0.955
19.672 -442.226 -72.177 -0.111 0.001 0.276 0.955
19.620 -442.144 -72.198 -0.111 0.001 0.277 0.954
19.544 -442.026 -72.228 -0.111 0.001 0.279 0.954
19.492 -441.946 -72.249 -0.112 0.001 0.280 0.954
19.455 -441.890 -72.264 -0.113 0.001 0.280 0.953
19.377 -441.770 -72.295 -0.113 0.001 0.282 0.953
19.321 -441.686 -72.317 -0.113 0.001 0.283 0.953
19.269 -441.607 -72.338 -0.113 0.001 0.284 0.952
19.197 -441.500 -72.366 -0.114 0.001 0.286 0.951
19.158 -441.442 -72.382 -0.114 0.001 0.286 0.951
19.118 -441.383 -72.398 -0.114 0.001 0.287 0.951
19.051 -441.284 -72.424 -0.115 0.001 0.289 0.951
19.008 -441.220 -72.442 -0.115 0.001 0.290 0.950
18.953 -441.141 -72.463 -0.116 0.001 0.291 0.950
18.895 -441.057 -72.486 -0.116 0.001 0.292 0.949
18.855 -441.000 -72.502 -0.116 0.001 0.293 0.949
18.794 -440.911 -72.527 -0.117 0.001 0.295 0.948
18.760 -440.863 -72.540 -0.117 0.001 0.296 0.948
18.702 -440.780 -72.563 -0.118 0.001 0.297 0.948
18.665 -440.728 -72.578 -0.118 0.001 0.298 0.947
18.590 -440.623 -72.607 -0.119 0.001 0.299 0.947
18.543 -440.557 -72.626 -0.119 0.001 0.300 0.946
18.489 -440.483 -72.647 -0.119 0.001 0.301 0.946
18.427 -440.397 -72.672 -0.120 0.001 0.303 0.946
18.373 -440.322 -72.693 -0.120 0.001 0.304 0.945
18.313 -440.241 -72.717 -0.121 0.001 0.305 0.945
18.255 -440.162 -72.740 -0.122 0.001 0.306 0.944
18.215 -440.108 -72.756 -0.122 0.001 0.307 0.944
18.144 -440.013 -72.784 -0.122 0.001 0.308 0.943
18.102 -439.956 -72.800 -0.123 0.001 0.309 0.943
18.036 -439.869 -72.826 -0.123 0.001 0.310 0.943
17.982 -439.796 -72.848 -0.124 0.001 0.311 0.942
17.904 -439.693 -72.879 -0.124 0.001 0.312 0.942
17.857 -439.631 -72.898 -0.124 0.001 0.313 0.942
17.787 -439.540 -72.925 -0.125 0.001 0.314 0.941
17.734 -439.471 -72.946 -0.125 0.001 0.315 0.941
17.657 -439.370 -72.976 -0.125 0.001 0.316 0.941
17.611 -439.312 -72.994 -0.125 0.001 0.316 0.940
17.573 -439.262 -73.010 -0.125 0.001 0.317 0.940
17.517 -439.190 -73.031 -0.125 0.002 0.318 0.940
17.460 -439.118 -73.053 -0.126 0.001 0.319 0.939
17.423 -439.070 -73.068 -0.126 0.001 0.319 0.939
17.366 -438.998 -73.090 -0.126 0.001 0.320 0.939
17.300 -438.914 -73.117 -0.127 0.001 0.321 0.938
17.229 -438.824 -73.144 -0.127 0.001 0.322 0.938
17.149 -438.724 -73.176 -0.127 0.002 0.323 0.938
17.110 -438.676 -73.191 -0.127 0.002 0.324 0.937
17.050 -438.602 -73.214 -0.127 0.002 0.325 0.937
16.971 -438.503 -73.245 -0.128 0.002 0.326 0.937
16.937 -438.462 -73.258 -0.128 0.002 0.326 0.937
16.881 -438.393 -73.280 -0.128 0.002 0.327 0.936
16.806 -438.301 -73.309 -0.128 0.002 0.328 0.936
16.768 -438.254 -73.324 -0.128 0.002 0.328 0.936
16.710 -438.184 -73.346 -0.128 0.002 0.329 0.935
16.623 -438.078 -73.380 -0.128 0.002 0.331 0.935
16.544 -437.983 -73.410 -0.128 0.002 0.332 0.935
16.480 -437.905 -73.435 -0.128 0.002 0.332 0.934
16.408 -437.819 -73.462 -0.128 0.002 0.333 0.934
16.366 -437.769 -73.479 -0.129 0.002 0.333 0.934
16.327 -437.723 -73.493 -0.129 0.002 0.334 0.934
16.262 -437.646 -73.518 -0.129 0.002 0.334 0.934
16.210 -437.583 -73.538 -0.129 0.002 0.335 0.933
16.133 -437.492 -73.568 -0.129 0.003 0.336 0.933
16.055 -437.399 -73.597 -0.129 0.003 0.337 0.933
15.988 -437.321 -73.622 -0.129 0.003 0.337 0.933
15.942 -437.267 -73.640 -0.129 0.003 0.338 0.932
15.838 -437.145 -73.679 -0.129 0.003 0.338 0.932
15.780 -437.078 -73.701 -0.129 0.003 0.339 0.932
15.724 -437.013 -73.722 -0.129 0.003 0.340 0.932
15.663 -436.942 -73.745 -0.129 0.003 0.340 0.931
15.610 -436.881 -73.765 -0.129 0.003 0.341 0.931
15.534 -436.793 -73.793 -0.129 0.004 0.342 0.931
15.437 -436.681 -73.829 -0.129 0.004 0.343 0.930
15.380 -436.616 -73.851 -0.129 0.004 0.343 0.930
15.305 -436.530 -73.878 -0.129 0.004 0.344 0.930
15.252 -436.471 -73.898 -0.129 0.004 0.345 0.930
15.172 -436.380 -73.927 -0.129 0.004 0.345 0.930
15.092 -436.290 -73.957 -0.129 0.004 0.346 0.929
15.032 -436.222 -73.979 -0.129 0.004 0.347 0.929
14.969 -436.150 -74.002 -0.129 0.004 0.347 0.929
14.908 -436.083 -74.024 -0.129 0.004 0.348 0.929
14.820 -435.984 -74.056 -0.129 0.004 0.349 0.928
14.772 -435.930 -74.074 -0.129 0.004 0.349 0.928
14.705 -435.855 -74.098 -0.129 0.004 0.350 0.928
14.636 -435.779 -74.123 -0.129 0.005 0.350 0.928
