21.500 -475.923 -70.112 -0.001 0.000 0.001 1.000
21.500 -475.838 -70.112 -0.001 0.000 0.003 1.000
21.499 -475.761 -70.112 -0.002 0.000 0.004 1.000
21.498 -475.679 -70.113 -0.002 0.000 0.006 1.000
21.496 -475.557 -70.113 -0.003 0.000 0.008 1.000
21.495 -475.480 -70.114 -0.004 0.000 0.009 1.000
21.493 -475.406 -70.114 -0.004 0.000 0.011 1.000
21.490 -475.273 -70.116 -0.006 0.000 0.013 1.000
21.488 -475.170 -70.117 -0.006 0.000 0.014 1.000
21.485 -475.079 -70.118 -0.007 0.000 0.016 1.000
21.481 -474.962 -70.120 -0.008 0.000 0.018 1.000
21.476 -474.848 -70.122 -0.008 0.000 0.020 1.000
21.472 -474.739 -70.124 -0.009 0.000 0.022 1.000
21.468 -474.665 -70.125 -0.010 0.000 0.024 1.000
21.464 -474.586 -70.127 -0.011 0.000 0.025 1.000
21.458 -474.468 -70.129 -0.012 0.000 0.027 1.000
21.452 -474.347 -70.132 -0.012 0.000 0.029 1.000
21.445 -474.242 -70.135 -0.013 0.000 0.030 0.999
21.437 -474.109 -70.139 -0.014 0.000 0.033 0.999
21.430 -474.009 -70.141 -0.014 0.000 0.034 0.999
21.422 -473.889 -70.145 -0.015 0.000 0.036 0.999
21.413 -473.769 -70.149 -0.016 0.000 0.038 0.999
21.405 -473.670 -70.152 -0.017 0.000 0.040 0.999
21.398 -473.584 -70.155 -0.017 0.000 0.041 0.999
21.391 -473.496 -70.158 -0.018 0.000 0.042 0.999
21.382 -473.389 -70.162 -0.018 0.000 0.044 0.999
21.376 -473.321 -70.164 -0.019 0.000 0.045 0.999
21.369 -473.252 -70.167 -0.019 0.000 0.046 0.999
21.360 -473.156 -70.171 -0.019 0.000 0.048 0.999
21.348 -473.033 -70.176 -0.020 0.000 0.049 0.999
21.341 -472.962 -70.178 -0.020 0.000 0.050 0.999
21.329 -472.847 -70.183 -0.021 0.000 0.052 0.998
21.317 -472.728 -70.188 -0.021 0.000 0.054 0.998
21.306 -472.627 -70.193 -0.022 0.000 0.055 0.998
21.296 -472.538 -70.197 -0.022 0.000 0.057 0.998
21.282 -472.417 -70.202 -0.023 0.000 0.058 0.998
21.270 -472.316 -70.207 -0.023 0.000 0.060 0.998
21.255 -472.194 -70.213 -0.024 0.000 0.062 0.998
21.239 -472.072 -70.219 -0.025 0.000 0.064 0.998
21.228 -471.981 -70.223 -0.025 0.000 0.065 0.998
21.214 -471.874 -70.229 -0.027 0.000 0.066 0.997
21.200 -471.772 -70.234 -0.027 0.000 0.068 0.997
21.190 -471.698 -70.238 -0.028 0.000 0.069 0.997
21.173 -471.579 -70.245 -0.028 0.000 0.071 0.997
21.152 -471.436 -70.253 -0.029 0.000 0.073 0.997
21.136 -471.327 -70.260 -0.030 0.000 0.075 0.997
21.125 -471.259 -70.264 -0.030 0.000 0.076 0.997
21.112 -471.173 -70.269 -0.031 0.000 0.077 0.997
21.102 -471.111 -70.273 -0.032 0.000 0.078 0.996
21.083 -470.988 -70.281 -0.032 0.000 0.080 0.996
21.058 -470.837 -70.291 -0.034 0.000 0.083 0.996
21.041 -470.734 -70.298 -0.034 0.000 0.084 0.996
21.023 -470.633 -70.305 -0.035 0.000 0.086 0.996
21.002 -470.511 -70.314 -0.035 0.000 0.088 0.995
20.992 -470.456 -70.318 -0.036 0.000 0.089 0.995
20.973 -470.355 -70.325 -0.036 0.000 0.090 0.995
20.946 -470.207 -70.336 -0.037 0.000 0.093 0.995
20.929 -470.116 -70.343 -0.038 0.000 0.095 0.995
20.916 -470.053 -70.348 -0.038 0.000 0.096 0.995
20.901 -469.972 -70.355 -0.039 0.000 0.097 0.995
20.880 -469.866 -70.363 -0.040 0.000 0.099 0.994
20.851 -469.726 -70.374 -0.040 0.000 0.101 0.994
20.834 -469.644 -70.381 -0.041 0.000 0.102 0.994
20.815 -469.551 -70.389 -0.041 0.000 0.104 0.994
20.788 -469.427 -70.399 -0.042 0.000 0.106 0.994
20.772 -469.351 -70.406 -0.042 0.000 0.107 0.993
20.748 -469.242 -70.415 -0.043 0.000 0.109 0.993
20.720 -469.120 -70.426 -0.044 0.000 0.110 0.993
20.708 -469.064 -70.431 -0.044 0.000 0.111 0.993
20.681 -468.947 -70.442 -0.045 0.000 0.113 0.993
20.658 -468.847 -70.451 -0.046 0.000 0.114 0.992
20.636 -468.755 -70.460 -0.046 0.000 0.115 0.992
20.615 -468.665 -70.469 -0.047 0.000 0.116 0.992
20.593 -468.574 -70.477 -0.047 0.000 0.118 0.992
20.563 -468.449 -70.490 -0.048 0.000 0.120 0.992
20.536 -468.342 -70.500 -0.049 0.000 0.121 0.991
20.512 -468.244 -70.510 -0.050 0.000 0.123 0.991
20.476 -468.102 -70.525 -0.051 0.000 0.125 0.991
20.446 -467.988 -70.537 -0.051 0.000 0.126 0.991
20.420 -467.887 -70.547 -0.052 0.000 0.128 0.990
20.403 -467.824 -70.554 -0.052 0.000 0.128 0.990
20.378 -467.731 -70.564 -0.053 0.000 0.129 0.990
20.355 -467.643 -70.574 -0.053 0.000 0.131 0.990
20.319 -467.512 -70.588 -0.054 0.000 0.133 0.990
20.291 -467.409 -70.600 -0.054 0.000 0.134 0.989
20.267 -467.323 -70.609 -0.055 0.000 0.135 0.989
20.245 -467.244 -70.618 -0.055 0.000 0.136 0.989
20.221 -467.161 -70.628 -0.056 0.000 0.137 0.989
20.184 -467.029 -70.643 -0.057 0.000 0.139 0.989
20.156 -466.933 -70.655 -0.057 0.000 0.140 0.988
20.130 -466.845 -70.665 -0.058 0.000 0.141 0.988
20.105 -466.761 -70.675 -0.058 0.000 0.142 0.988
20.067 -466.631 -70.691 -0.058 0.000 0.143 0.988
20.040 -466.540 -70.702 -0.059 0.000 0.144 0.988
20.011 -466.443 -70.714 -0.059 0.000 0.145 0.988
19.983 -466.353 -70.725 -0.059 0.000 0.147 0.987
19.939 -466.209 -70.742 -0.060 0.000 0.149 0.987
19.906 -466.102 -70.756 -0.061 0.000 0.150 0.987
19.878 -466.014 -70.767 -0.061 0.000 0.151 0.987
19.849 -465.924 -70.779 -0.062 0.000 0.152 0.986
19.813 -465.808 -70.794 -0.062 0.000 0.154 0.986
19.765 -465.660 -70.813 -0.062 0.000 0.156 0.986
19.733 -465.563 -70.826 -0.063 0.000 0.157 0.986
19.688 -465.427 -70.843 -0.063 0.000 0.159 0.985
19.652 -465.320 -70.858 -0.063 0.000 0.160 0.985
19.611 -465.196 -70.874 -0.063 0.000 0.161 0.985
19.585 -465.120 -70.884 -0.064 0.000 0.161 0.985
19.565 -465.060 -70.892 -0.064 0.000 0.162 0.985
19.537 -464.977 -70.903 -0.064 0.000 0.163 0.985
19.511 -464.904 -70.913 -0.065 0.000 0.163 0.984
19.468 -464.777 -70.930 -0.065 0.000 0.165 0.984
19.430 -464.669 -70.945 -0.065 0.000 0.166 0.984
19.402 -464.588 -70.956 -0.066 0.000 0.167 0.984
19.363 -464.478 -70.972 -0.066 0.000 0.168 0.984
19.333 -464.393 -70.984 -0.066 0.000 0.168 0.983
19.279 -464.242 -71.005 -0.066 0.000 0.170 0.983
19.247 -464.152 -71.017 -0.067 0.000 0.171 0.983
19.215 -464.065 -71.029 -0.067 0.000 0.172 0.983
19.193 -464.004 -71.038 -0.067 0.000 0.172 0.983
19.153 -463.894 -71.054 -0.067 0.000 0.173 0.983
19.135 -463.843 -71.061 -0.067 0.000 0.173 0.983
19.098 -463.742 -71.075 -0.067 0.001 0.174 0.982
19.073 -463.675 -71.085 -0.067 0.001 0.175 0.982
19.026 -463.548 -71.103 -0.068 0.001 0.176 0.982
18.988 -463.447 -71.117 -0.068 0.001 0.177 0.982
18.949 -463.344 -71.132 -0.068 0.001 0.177 0.982
18.910 -463.238 -71.147 -0.068 0.001 0.178 0.982
18.872 -463.137 -71.161 -0.068 0.001 0.178 0.982
18.848 -463.074 -71.171 -0.068 0.001 0.179 0.982
18.815 -462.988 -71.183 -0.068 0.001 0.180 0.981
18.779 -462.894 -71.196 -0.068 0.001 0.181 0.981
18.752 -462.823 -71.207 -0.068 0.001 0.181 0.981
18.715 -462.726 -71.220 -0.068 0.001 0.182 0.981
18.680 -462.636 -71.233 -0.068 0.001 0.183 0.981
18.633 -462.516 -71.251 -0.068 0.001 0.183 0.981
18.597 -462.423 -71.264 -0.068 0.001 0.184 0.981
18.561 -462.331 -71.277 -0.068 0.001 0.185 0.980
18.510 -462.201 -71.296 -0.068 0.001 0.185 0.980
18.471 -462.103 -71.310 -0.068 0.001 0.186 0.980
18.430 -461.998 -71.325 -0.068 0.001 0.186 0.980
18.398 -461.917 -71.337 -0.068 0.001 0.187 0.980
18.351 -461.799 -71.354 -0.068 0.001 0.188 0.980
18.318 -461.718 -71.366 -0.068 0.001 0.188 0.980
18.284 -461.633 -71.378 -0.068 0.001 0.189 0.980
18.256 -461.564 -71.388 -0.068 0.001 0.189 0.980
18.227 -461.492 -71.398 -0.068 0.001 0.189 0.980
18.193 -461.408 -71.410 -0.068 0.002 0.190 0.980
18.149 -461.299 -71.426 -0.068 0.002 0.190 0.979
18.114 -461.214 -71.438 -0.068 0.002 0.191 0.979
18.060 -461.082 -71.457 -0.068 0.002 0.192 0.979
18.018 -460.979 -71.472 -0.068 0.002 0.193 0.979
17.984 -460.897 -71.484 -0.068 0.002 0.194 0.979
17.948 -460.810 -71.497 -0.068 0.002 0.195 0.978
17.928 -460.762 -71.504 -0.068 0.002 0.195 0.978
17.876 -460.638 -71.522 -0.068 0.002 0.196 0.978
17.834 -460.540 -71.536 -0.068 0.002 0.197 0.978
17.781 -460.414 -71.554 -0.068 0.002 0.197 0.978
17.753 -460.348 -71.564 -0.068 0.002 0.198 0.978
17.701 -460.224 -71.582 -0.068 0.002 0.199 0.978
17.659 -460.126 -71.596 -0.068 0.002 0.199 0.978
17.620 -460.035 -71.609 -0.068 0.002 0.200 0.977
17.574 -459.929 -71.625 -0.068 0.002 0.201 0.977
17.545 -459.861 -71.635 -0.068 0.002 0.201 0.977
17.501 -459.759 -71.650 -0.068 0.002 0.202 0.977
17.460 -459.666 -71.663 -0.068 0.002 0.203 0.977
17.426 -459.588 -71.675 -0.068 0.002 0.203 0.977
17.391 -459.508 -71.686 -0.068 0.002 0.204 0.977
17.350 -459.415 -71.700 -0.068 0.002 0.205 0.976
17.297 -459.295 -71.717 -0.068 0.002 0.206 0.976
17.227 -459.138 -71.740 -0.069 0.002 0.207 0.976
17.191 -459.056 -71.752 -0.068 0.003 0.207 0.976
17.141 -458.946 -71.768 -0.068 0.003 0.208 0.976
17.080 -458.811 -71.788 -0.068 0.003 0.209 0.976
17.015 -458.667 -71.809 -0.068 0.003 0.210 0.975
16.967 -458.560 -71.825 -0.068 0.003 0.211 0.975
16.923 -458.464 -71.839 -0.068 0.003 0.212 0.975
16.876 -458.362 -71.854 -0.069 0.003 0.212 0.975
16.826 -458.253 -71.870 -0.069 0.003 0.213 0.975
16.781 -458.156 -71.884 -0.069 0.003 0.213 0.975
16.735 -458.057 -71.899 -0.069 0.003 0.214 0.974
16.685 -457.950 -71.915 -0.069 0.003 0.216 0.974
16.645 -457.864 -71.927 -0.069 0.003 0.216 0.974
16.614 -457.798 -71.937 -0.069 0.003 0.216 0.974
16.563 -457.689 -71.953 -0.069 0.003 0.217 0.974
16.518 -457.596 -71.967 -0.069 0.003 0.217 0.974
16.474 -457.501 -71.981 -0.069 0.003 0.218 0.973
16.428 -457.406 -71.995 -0.068 0.003 0.219 0.973
16.374 -457.292 -72.012 -0.069 0.003 0.220 0.973
16.351 -457.245 -72.019 -0.069 0.003 0.220 0.973
16.304 -457.146 -72.033 -0.069 0.003 0.220 0.973
16.266 -457.066 -72.045 -0.069 0.003 0.221 0.973
16.221 -456.974 -72.059 -0.069 0.003 0.221 0.973
16.179 -456.887 -72.072 -0.069 0.004 0.222 0.973
16.142 -456.810 -72.083 -0.069 0.004 0.222 0.973
16.090 -456.703 -72.099 -0.069 0.004 0.223 0.972
16.043 -456.606 -72.114 -0.069 0.004 0.223 0.972
15.978 -456.474 -72.133 -0.069 0.004 0.224 0.972
15.933 -456.383 -72.147 -0.069 0.004 0.225 0.972
15.881 -456.277 -72.163 -0.069 0.004 0.225 0.972
15.833 -456.181 -72.177 -0.069 0.004 0.226 0.972
15.796 -456.105 -72.188 -0.069 0.004 0.226 0.972
15.740 -455.993 -72.205 -0.069 0.004 0.227 0.971
15.699 -455.909 -72.217 -0.069 0.004 0.228 0.971
15.640 -455.792 -72.235 -0.069 0.004 0.228 0.971
15.595 -455.703 -72.248 -0.069 0.004 0.229 0.971
15.563 -455.639 -72.257 -0.069 0.004 0.230 0.971
15.505 -455.525 -72.274 -0.069 0.004 0.230 0.971
15.449 -455.413 -72.291 -0.068 0.004 0.231 0.971
15.401 -455.319 -72.305 -0.069 0.004 0.231 0.970
15.360 -455.238 -72.317 -0.068 0.004 0.232 0.970
15.290 -455.101 -72.337 -0.068 0.004 0.233 0.970
15.222 -454.970 -72.357 -0.069 0.004 0.234 0.970
15.185 -454.897 -72.367 -0.069 0.004 0.234 0.970
15.139 -454.809 -72.381 -0.069 0.004 0.235 0.970
15.089 -454.712 -72.395 -0.068 0.005 0.235 0.970
15.055 -454.648 -72.404 -0.068 0.005 0.236 0.969
15.007 -454.554 -72.418 -0.068 0.005 0.236 0.969
14.951 -454.447 -72.434 -0.068 0.005 0.236 0.969
14.904 -454.359 -72.447 -0.068 0.005 0.237 0.969
14.856 -454.266 -72.461 -0.068 0.005 0.237 0.969
14.820 -454.198 -72.471 -0.068 0.005 0.238 0.969
14.778 -454.117 -72.483 -0.068 0.005 0.238 0.969
14.739 -454.044 -72.494 -0.068 0.005 0.239 0.969
14.694 -453.959 -72.506 -0.068 0.005 0.240 0.968
14.642 -453.860 -72.521 -0.068 0.005 0.240 0.968
14.600 -453.782 -72.532 -0.068 0.005 0.241 0.968
14.547 -453.683 -72.547 -0.068 0.005 0.241 0.968
14.513 -453.618 -72.556 -0.068 0.005 0.241 0.968
14.460 -453.520 -72.571 -0.067 0.005 0.242 0.968
14.435 -453.475 -72.577 -0.068 0.005 0.242 0.968
14.382 -453.376 -72.592 -0.067 0.005 0.243 0.968
14.333 -453.285 -72.605 -0.067 0.005 0.243 0.968
14.302 -453.228 -72.613 -0.067 0.005 0.244 0.968
14.252 -453.136 -72.627 -0.067 0.005 0.244 0.967
