24.700 -458.408 -70.112 -0.001 0.000 0.002 1.000
24.700 -458.349 -70.112 -0.001 0.000 0.003 1.000
24.699 -458.276 -70.112 -0.002 0.000 0.004 1.000
24.698 -458.156 -70.113 -0.003 0.000 0.006 1.000
24.696 -458.033 -70.114 -0.004 0.000 0.008 1.000
24.693 -457.886 -70.115 -0.005 0.000 0.011 1.000
24.690 -457.766 -70.117 -0.006 0.000 0.013 1.000
24.688 -457.666 -70.118 -0.007 0.000 0.015 1.000
24.684 -457.560 -70.119 -0.007 0.000 0.017 1.000
24.678 -457.385 -70.122 -0.009 0.000 0.020 1.000
24.676 -457.326 -70.123 -0.009 0.000 0.021 1.000
24.670 -457.205 -70.125 -0.010 0.000 0.023 1.000
24.667 -457.140 -70.127 -0.010 0.000 0.024 1.000
24.664 -457.078 -70.128 -0.011 0.000 0.025 1.000
24.660 -456.993 -70.130 -0.012 0.000 0.027 1.000
24.654 -456.886 -70.132 -0.013 0.000 0.029 1.000
24.650 -456.819 -70.134 -0.013 0.000 0.030 0.999
24.645 -456.745 -70.136 -0.014 0.000 0.031 0.999
24.637 -456.609 -70.140 -0.015 0.000 0.033 0.999
24.629 -456.503 -70.143 -0.015 0.000 0.035 0.999
24.621 -456.389 -70.147 -0.016 0.000 0.037 0.999
24.616 -456.318 -70.149 -0.017 0.000 0.038 0.999
24.609 -456.238 -70.152 -0.017 0.000 0.040 0.999
24.602 -456.143 -70.155 -0.018 0.000 0.042 0.999
24.591 -456.019 -70.160 -0.019 0.000 0.044 0.999
24.581 -455.902 -70.165 -0.020 0.000 0.046 0.999
24.571 -455.796 -70.169 -0.021 0.000 0.048 0.999
24.562 -455.707 -70.172 -0.021 0.000 0.049 0.999
24.550 -455.592 -70.177 -0.022 0.000 0.051 0.998
24.543 -455.524 -70.181 -0.023 0.000 0.052 0.998
24.534 -455.440 -70.184 -0.023 0.000 0.054 0.998
24.521 -455.317 -70.190 -0.024 0.000 0.056 0.998
24.512 -455.243 -70.194 -0.025 0.000 0.057 0.998
24.501 -455.149 -70.199 -0.025 0.000 0.059 0.998
24.489 -455.044 -70.204 -0.026 0.000 0.061 0.998
24.474 -454.927 -70.210 -0.027 0.000 0.063 0.998
24.459 -454.809 -70.217 -0.028 0.000 0.065 0.998
24.446 -454.715 -70.222 -0.028 0.000 0.067 0.997
24.424 -454.551 -70.232 -0.029 0.000 0.070 0.997
24.412 -454.465 -70.237 -0.030 0.000 0.071 0.997
24.401 -454.391 -70.241 -0.031 0.000 0.073 0.997
24.387 -454.298 -70.247 -0.031 0.000 0.074 0.997
24.374 -454.212 -70.252 -0.032 0.000 0.076 0.997
24.356 -454.097 -70.260 -0.032 0.000 0.078 0.996
24.340 -453.998 -70.266 -0.033 0.000 0.079 0.996
24.330 -453.931 -70.271 -0.033 0.000 0.080 0.996
24.312 -453.824 -70.278 -0.034 0.000 0.082 0.996
24.291 -453.697 -70.287 -0.036 0.000 0.084 0.996
24.271 -453.584 -70.296 -0.037 0.000 0.086 0.996
24.257 -453.502 -70.302 -0.037 0.000 0.088 0.995
24.242 -453.422 -70.308 -0.038 0.000 0.089 0.995
24.226 -453.334 -70.315 -0.039 0.000 0.091 0.995
24.210 -453.247 -70.322 -0.039 0.000 0.092 0.995
24.188 -453.130 -70.331 -0.040 0.000 0.094 0.995
24.171 -453.044 -70.338 -0.041 0.000 0.096 0.995
24.142 -452.895 -70.351 -0.042 0.000 0.098 0.994
24.119 -452.780 -70.361 -0.043 0.000 0.101 0.994
24.105 -452.713 -70.367 -0.044 0.000 0.102 0.994
24.092 -452.652 -70.372 -0.044 0.000 0.103 0.994
24.066 -452.528 -70.383 -0.045 0.000 0.105 0.993
24.043 -452.421 -70.393 -0.046 0.000 0.107 0.993
24.014 -452.291 -70.405 -0.047 0.000 0.110 0.993
23.989 -452.184 -70.416 -0.048 0.000 0.112 0.993
23.962 -452.065 -70.427 -0.048 0.000 0.114 0.992
23.937 -451.959 -70.438 -0.049 0.000 0.116 0.992
23.915 -451.869 -70.447 -0.050 0.000 0.117 0.992
23.889 -451.762 -70.458 -0.050 0.000 0.119 0.992
23.859 -451.639 -70.471 -0.052 0.000 0.121 0.991
23.839 -451.560 -70.479 -0.052 0.000 0.123 0.991
23.819 -451.481 -70.488 -0.053 0.000 0.124 0.991
23.808 -451.436 -70.493 -0.053 0.000 0.125 0.991
23.780 -451.330 -70.504 -0.053 0.000 0.127 0.990
23.760 -451.253 -70.513 -0.054 0.000 0.128 0.990
23.724 -451.118 -70.528 -0.055 0.000 0.131 0.990
23.689 -450.989 -70.543 -0.056 0.000 0.133 0.989
23.670 -450.923 -70.550 -0.057 0.000 0.134 0.989
23.653 -450.862 -70.557 -0.057 0.000 0.135 0.989
23.630 -450.780 -70.567 -0.058 0.000 0.137 0.989
23.598 -450.667 -70.581 -0.059 0.000 0.139 0.989
23.564 -450.549 -70.595 -0.060 0.000 0.141 0.988
23.531 -450.437 -70.610 -0.061 0.000 0.143 0.988
23.500 -450.334 -70.623 -0.062 0.000 0.145 0.988
23.473 -450.246 -70.634 -0.063 0.000 0.146 0.987
23.438 -450.130 -70.649 -0.063 0.000 0.148 0.987
23.412 -450.048 -70.660 -0.064 0.000 0.150 0.987
23.369 -449.911 -70.679 -0.065 0.000 0.152 0.986
23.333 -449.798 -70.694 -0.066 0.000 0.154 0.986
23.300 -449.695 -70.708 -0.067 0.000 0.156 0.986
23.262 -449.581 -70.724 -0.067 0.000 0.158 0.985
23.217 -449.445 -70.744 -0.068 0.000 0.160 0.985
23.179 -449.332 -70.760 -0.069 0.000 0.162 0.984
23.154 -449.260 -70.770 -0.070 0.000 0.163 0.984
23.126 -449.178 -70.783 -0.070 0.000 0.165 0.984
23.088 -449.068 -70.799 -0.072 0.000 0.167 0.983
23.059 -448.989 -70.811 -0.072 0.000 0.168 0.983
23.033 -448.914 -70.822 -0.073 0.000 0.170 0.983
22.986 -448.784 -70.843 -0.074 0.000 0.172 0.982
22.957 -448.705 -70.855 -0.075 0.000 0.174 0.982
22.930 -448.631 -70.867 -0.075 0.000 0.175 0.982
22.890 -448.524 -70.884 -0.076 0.000 0.177 0.981
22.854 -448.429 -70.899 -0.077 0.000 0.179 0.981
22.798 -448.284 -70.923 -0.078 0.000 0.181 0.980
22.749 -448.155 -70.945 -0.079 0.000 0.184 0.980
22.722 -448.087 -70.956 -0.080 0.000 0.185 0.980
22.704 -448.043 -70.964 -0.080 0.000 0.186 0.979
22.661 -447.934 -70.982 -0.081 0.000 0.188 0.979
22.615 -447.820 -71.002 -0.082 0.000 0.190 0.978
22.587 -447.750 -71.015 -0.082 0.000 0.191 0.978
22.565 -447.696 -71.024 -0.083 0.000 0.192 0.978
22.544 -447.646 -71.033 -0.083 0.000 0.193 0.978
22.519 -447.585 -71.044 -0.083 0.000 0.194 0.978
22.486 -447.507 -71.058 -0.084 0.000 0.195 0.977
22.439 -447.395 -71.078 -0.084 0.000 0.197 0.977
22.402 -447.309 -71.094 -0.085 0.000 0.198 0.976
22.370 -447.233 -71.108 -0.085 0.000 0.200 0.976
22.337 -447.156 -71.122 -0.086 0.000 0.201 0.976
22.296 -447.063 -71.139 -0.087 0.000 0.202 0.976
22.241 -446.937 -71.163 -0.087 0.000 0.205 0.975
22.206 -446.858 -71.178 -0.088 0.000 0.206 0.975
22.150 -446.735 -71.201 -0.089 0.000 0.209 0.974
22.089 -446.600 -71.228 -0.090 0.000 0.211 0.973
22.042 -446.498 -71.247 -0.091 0.000 0.213 0.973
22.005 -446.419 -71.263 -0.091 0.000 0.214 0.972
21.978 -446.361 -71.275 -0.092 0.000 0.215 0.972
21.932 -446.263 -71.294 -0.093 0.000 0.217 0.972
21.884 -446.163 -71.315 -0.093 0.000 0.219 0.971
21.839 -446.070 -71.334 -0.094 0.000 0.221 0.971
21.797 -445.984 -71.352 -0.094 0.000 0.222 0.970
21.747 -445.882 -71.373 -0.095 0.000 0.224 0.970
21.691 -445.769 -71.397 -0.096 0.000 0.226 0.969
21.647 -445.680 -71.416 -0.097 0.000 0.227 0.969
21.581 -445.550 -71.443 -0.098 0.000 0.230 0.968
21.535 -445.460 -71.463 -0.098 0.000 0.231 0.968
21.464 -445.322 -71.493 -0.099 0.000 0.234 0.967
21.403 -445.205 -71.519 -0.100 0.000 0.236 0.967
21.372 -445.147 -71.532 -0.100 0.000 0.237 0.966
21.330 -445.067 -71.550 -0.101 0.000 0.238 0.966
21.298 -445.006 -71.563 -0.101 0.000 0.239 0.966
21.248 -444.914 -71.584 -0.102 0.000 0.240 0.965
21.194 -444.814 -71.607 -0.103 0.000 0.242 0.965
21.146 -444.725 -71.628 -0.103 0.000 0.243 0.964
21.079 -444.602 -71.657 -0.104 0.000 0.245 0.964
21.033 -444.520 -71.676 -0.105 0.000 0.246 0.964
20.985 -444.434 -71.696 -0.105 0.000 0.248 0.963
20.939 -444.352 -71.715 -0.106 0.000 0.249 0.963
20.882 -444.250 -71.740 -0.106 0.000 0.250 0.962
20.833 -444.164 -71.760 -0.106 0.000 0.251 0.962
20.791 -444.089 -71.778 -0.107 0.000 0.252 0.962
20.746 -444.011 -71.797 -0.107 0.000 0.253 0.962
20.679 -443.894 -71.826 -0.108 0.000 0.255 0.961
20.622 -443.797 -71.850 -0.108 0.000 0.256 0.961
20.582 -443.727 -71.867 -0.108 0.000 0.257 0.960
20.521 -443.623 -71.892 -0.108 0.001 0.259 0.960
20.471 -443.539 -71.913 -0.109 0.000 0.260 0.960
20.434 -443.477 -71.929 -0.109 0.000 0.260 0.959
20.389 -443.401 -71.948 -0.109 0.001 0.261 0.959
20.355 -443.344 -71.962 -0.110 0.001 0.262 0.959
20.292 -443.239 -71.988 -0.110 0.001 0.263 0.959
20.228 -443.134 -72.015 -0.111 0.001 0.265 0.958
20.164 -443.028 -72.042 -0.112 0.001 0.266 0.957
20.140 -442.989 -72.052 -0.112 0.001 0.267 0.957
20.106 -442.933 -72.066 -0.112 0.001 0.268 0.957
20.050 -442.842 -72.089 -0.112 0.001 0.269 0.957
19.981 -442.732 -72.118 -0.112 0.001 0.270 0.956
19.911 -442.620 -72.147 -0.113 0.001 0.271 0.956
19.871 -442.556 -72.164 -0.113 0.001 0.272 0.956
19.823 -442.480 -72.184 -0.113 0.001 0.273 0.955
19.760 -442.380 -72.210 -0.114 0.001 0.274 0.955
19.693 -442.277 -72.237 -0.115 0.001 0.276 0.954
19.644 -442.200 -72.258 -0.116 0.001 0.277 0.954
19.600 -442.132 -72.276 -0.116 0.001 0.278 0.954
19.545 -442.047 -72.299 -0.116 0.001 0.279 0.953
19.479 -441.947 -72.327 -0.117 0.001 0.280 0.953
19.391 -441.812 -72.363 -0.118 0.001 0.282 0.952
19.337 -441.730 -72.386 -0.118 0.001 0.283 0.952
19.285 -441.652 -72.408 -0.118 0.001 0.284 0.951
19.232 -441.574 -72.430 -0.119 0.001 0.285 0.951
19.185 -441.504 -72.449 -0.119 0.001 0.286 0.951
19.102 -441.381 -72.484 -0.119 0.001 0.288 0.950
19.044 -441.296 -72.507 -0.119 0.001 0.289 0.950
18.976 -441.196 -72.536 -0.121 0.001 0.290 0.949
18.931 -441.132 -72.554 -0.121 0.001 0.291 0.949
18.888 -441.070 -72.572 -0.121 0.001 0.292 0.949
18.815 -440.965 -72.602 -0.121 0.001 0.294 0.948
18.773 -440.904 -72.619 -0.122 0.001 0.295 0.948
18.698 -440.797 -72.650 -0.123 0.001 0.296 0.947
18.652 -440.733 -72.669 -0.123 0.001 0.297 0.947
18.573 -440.621 -72.702 -0.124 0.001 0.299 0.946
18.522 -440.550 -72.723 -0.124 0.001 0.300 0.946
18.482 -440.495 -72.739 -0.124 0.001 0.300 0.946
18.415 -440.403 -72.767 -0.125 0.001 0.302 0.945
18.372 -440.343 -72.785 -0.125 0.001 0.302 0.945
18.299 -440.242 -72.815 -0.125 0.001 0.304 0.945
18.224 -440.140 -72.846 -0.126 0.001 0.305 0.944
18.128 -440.012 -72.885 -0.126 0.001 0.307 0.943
18.072 -439.937 -72.908 -0.127 0.001 0.308 0.943
18.005 -439.847 -72.936 -0.127 0.001 0.309 0.943
17.939 -439.759 -72.963 -0.128 0.001 0.310 0.942
17.875 -439.674 -72.989 -0.128 0.001 0.311 0.942
17.830 -439.615 -73.008 -0.129 0.001 0.312 0.941
17.777 -439.546 -73.029 -0.129 0.001 0.313 0.941
17.735 -439.492 -73.046 -0.129 0.001 0.314 0.941
17.685 -439.426 -73.067 -0.130 0.001 0.315 0.940
17.610 -439.329 -73.098 -0.130 0.001 0.316 0.940
17.564 -439.269 -73.117 -0.130 0.001 0.316 0.940
17.517 -439.209 -73.136 -0.130 0.001 0.317 0.939
17.437 -439.107 -73.168 -0.130 0.001 0.318 0.939
17.377 -439.030 -73.193 -0.130 0.002 0.319 0.939
17.320 -438.958 -73.216 -0.130 0.002 0.320 0.939
17.245 -438.862 -73.246 -0.130 0.002 0.321 0.938
17.177 -438.778 -73.273 -0.131 0.002 0.322 0.938
17.130 -438.718 -73.293 -0.131 0.002 0.323 0.937
17.054 -438.623 -73.323 -0.131 0.002 0.324 0.937
16.979 -438.531 -73.353 -0.131 0.002 0.325 0.937
16.947 -438.491 -73.366 -0.131 0.002 0.325 0.937
16.859 -438.382 -73.401 -0.132 0.002 0.326 0.936
16.816 -438.329 -73.419 -0.132 0.002 0.326 0.936
16.765 -438.267 -73.439 -0.132 0.002 0.327 0.936
16.704 -438.192 -73.464 -0.132 0.002 0.327 0.936
16.617 -438.086 -73.499 -0.132 0.002 0.328 0.935
16.529 -437.978 -73.534 -0.133 0.002 0.329 0.935
16.478 -437.916 -73.554 -0.133 0.002 0.330 0.935
16.407 -437.830 -73.583 -0.133 0.002 0.331 0.934
16.338 -437.747 -73.611 -0.134 0.002 0.331 0.934
16.283 -437.681 -73.632 -0.133 0.002 0.332 0.934
16.230 -437.618 -73.654 -0.134 0.002 0.332 0.934
16.170 -437.546 -73.678 -0.134 0.002 0.333 0.933
16.120 -437.487 -73.697 -0.134 0.002 0.334 0.933
16.042 -437.394 -73.729 -0.134 0.002 0.334 0.933
15.974 -437.313 -73.756 -0.134 0.002 0.335 0.933
15.895 -437.220 -73.787 -0.134 0.002 0.336 0.932
15.831 -437.145 -73.812 -0.134 0.003 0.337 0.932
15.773 -437.077 -73.835 -0.134 0.003 0.337 0.932
15.699 -436.991 -73.864 -0.134 0.003 0.337 0.932
15.626 -436.905 -73.893 -0.135 0.003 0.338 0.931
15.546 -436.812 -73.925 -0.134 0.003 0.339 0.931
15.489 -436.746 -73.947 -0.134 0.003 0.340 0.931
15.399 -436.641 -73.983 -0.134 0.003 0.341 0.931
15.338 -436.571 -74.006 -0.134 0.003 0.341 0.930
15.291 -436.518 -74.025 -0.134 0.003 0.341 0.930
15.221 -436.437 -74.052 -0.134 0.003 0.342 0.930
15.149 -436.355 -74.080 -0.134 0.004 0.342 0.930
15.086 -436.283 -74.104 -0.134 0.004 0.344 0.930
15.018 -436.205 -74.130 -0.134 0.004 0.344 0.929
14.964 -436.145 -74.151 -0.134 0.004 0.345 0.929
14.890 -436.060 -74.179 -0.134 0.004 0.346 0.929
14.828 -435.990 -74.203 -0.134 0.004 0.346 0.929
14.771 -435.926 -74.225 -0.134 0.004 0.347 0.928
14.672 -435.816 -74.262 -0.133 0.005 0.348 0.928
14.594 -435.728 -74.291 -0.133 0.005 0.349 0.928
14.525 -435.652 -74.317 -0.133 0.005 0.349 0.928
