26.390 -423.599 -82.405 -0.025 0.000 0.049 0.998
26.382 -423.519 -82.409 -0.026 0.000 0.051 0.998
26.367 -423.377 -82.417 -0.027 0.000 0.053 0.998
26.354 -423.257 -82.423 -0.027 0.000 0.055 0.998
26.343 -423.158 -82.429 -0.028 0.000 0.057 0.998
26.334 -423.077 -82.433 -0.029 0.000 0.058 0.998
26.323 -422.988 -82.439 -0.030 0.000 0.060 0.998
26.307 -422.859 -82.446 -0.031 0.000 0.062 0.998
26.297 -422.780 -82.451 -0.031 0.000 0.063 0.998
26.285 -422.683 -82.457 -0.032 0.000 0.065 0.997
26.268 -422.560 -82.465 -0.032 0.000 0.067 0.997
26.254 -422.452 -82.472 -0.033 0.000 0.068 0.997
26.238 -422.341 -82.480 -0.033 0.000 0.070 0.997
26.223 -422.235 -82.487 -0.034 0.000 0.071 0.997
26.211 -422.150 -82.493 -0.035 0.000 0.072 0.997
26.198 -422.060 -82.500 -0.035 0.000 0.074 0.997
26.187 -421.984 -82.505 -0.036 0.000 0.075 0.997
26.179 -421.934 -82.509 -0.036 0.000 0.076 0.996
26.160 -421.813 -82.518 -0.037 0.000 0.078 0.996
26.142 -421.701 -82.526 -0.038 0.000 0.079 0.996
26.122 -421.574 -82.536 -0.039 0.000 0.081 0.996
26.102 -421.455 -82.545 -0.039 0.000 0.083 0.996
26.083 -421.343 -82.554 -0.040 0.000 0.085 0.996
26.066 -421.244 -82.562 -0.041 0.000 0.086 0.995
26.043 -421.116 -82.573 -0.042 0.000 0.088 0.995
26.029 -421.038 -82.580 -0.042 0.000 0.090 0.995
26.013 -420.949 -82.587 -0.043 0.000 0.091 0.995
25.993 -420.843 -82.597 -0.044 0.000 0.093 0.995
25.974 -420.745 -82.605 -0.045 0.000 0.094 0.995
25.955 -420.648 -82.614 -0.045 0.000 0.096 0.994
25.942 -420.579 -82.621 -0.046 0.000 0.097 0.994
25.920 -420.472 -82.631 -0.046 0.000 0.099 0.994
25.894 -420.344 -82.643 -0.047 0.000 0.102 0.994
25.876 -420.259 -82.651 -0.048 0.000 0.103 0.994
25.860 -420.181 -82.659 -0.048 0.000 0.105 0.993
25.833 -420.058 -82.671 -0.049 0.000 0.107 0.993
25.815 -419.976 -82.679 -0.050 0.000 0.108 0.993
25.791 -419.870 -82.690 -0.050 0.000 0.110 0.993
25.771 -419.780 -82.699 -0.051 0.000 0.111 0.992
25.746 -419.671 -82.711 -0.052 0.000 0.113 0.992
25.728 -419.596 -82.719 -0.053 0.000 0.115 0.992
25.704 -419.494 -82.730 -0.054 0.000 0.116 0.992
25.675 -419.373 -82.744 -0.054 0.000 0.119 0.991
25.650 -419.269 -82.755 -0.055 0.000 0.120 0.991
25.632 -419.199 -82.763 -0.055 0.000 0.121 0.991
25.599 -419.068 -82.778 -0.056 0.000 0.124 0.991
25.577 -418.981 -82.788 -0.057 0.000 0.125 0.990
25.555 -418.897 -82.798 -0.058 0.000 0.127 0.990
25.531 -418.807 -82.809 -0.058 0.000 0.128 0.990
25.504 -418.705 -82.822 -0.059 0.000 0.130 0.990
25.480 -418.616 -82.833 -0.060 0.000 0.132 0.989
25.457 -418.532 -82.843 -0.061 0.000 0.133 0.989
25.429 -418.430 -82.856 -0.062 0.000 0.136 0.989
25.404 -418.343 -82.867 -0.062 0.000 0.137 0.989
25.373 -418.235 -82.881 -0.063 0.000 0.140 0.988
25.353 -418.164 -82.890 -0.064 0.000 0.141 0.988
25.327 -418.079 -82.902 -0.064 0.000 0.143 0.988
25.299 -417.985 -82.914 -0.065 0.000 0.144 0.987
25.269 -417.884 -82.928 -0.066 0.000 0.146 0.987
25.240 -417.789 -82.941 -0.066 0.000 0.148 0.987
25.202 -417.667 -82.958 -0.067 0.000 0.150 0.986
25.164 -417.547 -82.975 -0.068 0.000 0.152 0.986
25.113 -417.388 -82.998 -0.069 0.000 0.155 0.986
25.072 -417.261 -83.016 -0.070 0.001 0.157 0.985
25.038 -417.157 -83.032 -0.071 0.001 0.159 0.985
25.001 -417.049 -83.048 -0.071 0.001 0.160 0.984
24.963 -416.936 -83.065 -0.072 0.001 0.162 0.984
24.937 -416.860 -83.076 -0.073 0.001 0.164 0.984
24.903 -416.761 -83.091 -0.073 0.001 0.165 0.984
24.866 -416.656 -83.108 -0.074 0.001 0.167 0.983
24.834 -416.567 -83.122 -0.074 0.001 0.169 0.983
24.795 -416.458 -83.139 -0.076 0.001 0.170 0.983
24.771 -416.391 -83.150 -0.076 0.001 0.171 0.982
24.731 -416.281 -83.167 -0.077 0.001 0.173 0.982
24.698 -416.192 -83.182 -0.077 0.001 0.175 0.981
24.666 -416.105 -83.196 -0.078 0.001 0.177 0.981
24.646 -416.051 -83.205 -0.078 0.001 0.178 0.981
24.613 -415.964 -83.220 -0.079 0.001 0.179 0.981
24.587 -415.898 -83.231 -0.080 0.001 0.180 0.980
24.553 -415.811 -83.245 -0.080 0.001 0.182 0.980
24.523 -415.731 -83.259 -0.080 0.001 0.183 0.980
24.493 -415.655 -83.272 -0.080 0.001 0.185 0.979
24.451 -415.550 -83.290 -0.081 0.001 0.187 0.979
24.419 -415.471 -83.304 -0.082 0.001 0.189 0.979
24.362 -415.329 -83.329 -0.083 0.001 0.191 0.978
24.326 -415.243 -83.344 -0.083 0.001 0.193 0.978
24.274 -415.118 -83.366 -0.084 0.001 0.195 0.977
24.233 -415.020 -83.384 -0.085 0.001 0.197 0.977
24.194 -414.928 -83.401 -0.086 0.001 0.198 0.976
24.149 -414.824 -83.421 -0.087 0.001 0.201 0.976
24.113 -414.741 -83.436 -0.088 0.001 0.202 0.975
24.065 -414.632 -83.457 -0.089 0.001 0.204 0.975
24.038 -414.570 -83.469 -0.089 0.001 0.205 0.975
24.001 -414.488 -83.485 -0.090 0.001 0.206 0.974
23.942 -414.359 -83.510 -0.091 0.001 0.209 0.974
23.898 -414.263 -83.529 -0.091 0.001 0.211 0.973
23.843 -414.143 -83.553 -0.093 0.001 0.213 0.973
23.817 -414.087 -83.565 -0.093 0.001 0.214 0.972
23.788 -414.026 -83.577 -0.094 0.001 0.215 0.972
23.746 -413.936 -83.595 -0.094 0.001 0.217 0.972
23.714 -413.870 -83.609 -0.095 0.001 0.219 0.971
23.679 -413.797 -83.624 -0.095 0.001 0.220 0.971
23.643 -413.723 -83.640 -0.096 0.001 0.221 0.970
23.605 -413.645 -83.656 -0.097 0.001 0.223 0.970
23.566 -413.565 -83.673 -0.097 0.001 0.225 0.970
23.521 -413.474 -83.693 -0.098 0.001 0.226 0.969
23.486 -413.404 -83.708 -0.098 0.001 0.228 0.969
23.422 -413.278 -83.735 -0.099 0.001 0.230 0.968
23.371 -413.179 -83.757 -0.100 0.001 0.232 0.968
23.343 -413.125 -83.769 -0.101 0.001 0.233 0.967
23.294 -413.030 -83.790 -0.101 0.001 0.235 0.967
23.237 -412.922 -83.815 -0.102 0.001 0.238 0.966
23.195 -412.844 -83.833 -0.103 0.001 0.239 0.965
23.151 -412.763 -83.852 -0.104 0.001 0.241 0.965
23.100 -412.668 -83.874 -0.105 0.001 0.243 0.964
23.046 -412.569 -83.897 -0.105 0.001 0.245 0.964
22.996 -412.479 -83.918 -0.106 0.001 0.247 0.963
22.946 -412.390 -83.940 -0.107 0.001 0.248 0.963
22.907 -412.320 -83.956 -0.107 0.001 0.250 0.962
22.855 -412.229 -83.979 -0.108 0.001 0.252 0.962
22.801 -412.134 -84.002 -0.109 0.001 0.254 0.961
22.752 -412.050 -84.023 -0.110 0.001 0.255 0.961
22.712 -411.981 -84.040 -0.110 0.001 0.257 0.960
22.660 -411.891 -84.063 -0.111 0.001 0.258 0.960
22.594 -411.780 -84.091 -0.112 0.001 0.260 0.959
22.548 -411.703 -84.111 -0.113 0.001 0.262 0.959
22.472 -411.577 -84.143 -0.114 0.001 0.264 0.958
22.410 -411.476 -84.170 -0.115 0.001 0.267 0.957
22.352 -411.382 -84.195 -0.115 0.001 0.269 0.956
22.317 -411.326 -84.210 -0.116 0.001 0.270 0.956
22.263 -411.240 -84.233 -0.117 0.001 0.271 0.955
22.212 -411.158 -84.255 -0.117 0.001 0.273 0.955
22.164 -411.083 -84.275 -0.118 0.001 0.274 0.954
22.121 -411.016 -84.294 -0.118 0.001 0.276 0.954
22.076 -410.945 -84.313 -0.119 0.001 0.277 0.953
22.013 -410.848 -84.340 -0.119 0.001 0.279 0.953
21.985 -410.807 -84.351 -0.120 0.001 0.280 0.952
21.929 -410.721 -84.376 -0.120 0.001 0.282 0.952
21.851 -410.604 -84.409 -0.122 0.001 0.285 0.951
21.794 -410.519 -84.433 -0.122 0.001 0.286 0.950
21.726 -410.419 -84.462 -0.124 0.001 0.288 0.949
21.667 -410.333 -84.487 -0.125 0.001 0.290 0.949
21.620 -410.264 -84.507 -0.125 0.001 0.291 0.948
21.571 -410.194 -84.528 -0.126 0.001 0.293 0.948
21.517 -410.118 -84.551 -0.126 0.001 0.295 0.947
21.439 -410.007 -84.585 -0.127 0.001 0.297 0.946
21.371 -409.912 -84.614 -0.129 0.001 0.299 0.946
21.292 -409.803 -84.648 -0.129 0.001 0.301 0.945
21.243 -409.736 -84.668 -0.130 0.001 0.303 0.944
21.212 -409.693 -84.682 -0.130 0.001 0.304 0.944
21.129 -409.581 -84.717 -0.131 0.001 0.306 0.943
21.070 -409.502 -84.742 -0.132 0.001 0.308 0.942
21.037 -409.458 -84.757 -0.133 0.001 0.309 0.942
20.971 -409.371 -84.785 -0.133 0.001 0.311 0.941
20.916 -409.298 -84.808 -0.134 0.001 0.313 0.940
20.850 -409.213 -84.836 -0.135 0.001 0.315 0.940
20.757 -409.094 -84.876 -0.136 0.001 0.318 0.938
20.705 -409.027 -84.898 -0.137 0.001 0.319 0.938
20.619 -408.919 -84.935 -0.138 0.001 0.322 0.937
20.553 -408.836 -84.964 -0.138 0.001 0.324 0.936
20.486 -408.754 -84.992 -0.139 0.001 0.325 0.935
20.410 -408.661 -85.024 -0.140 0.001 0.328 0.934
20.354 -408.593 -85.048 -0.140 0.001 0.329 0.934
20.274 -408.497 -85.082 -0.142 0.001 0.331 0.933
20.223 -408.436 -85.104 -0.142 0.001 0.332 0.932
20.166 -408.368 -85.128 -0.143 0.001 0.334 0.932
20.108 -408.299 -85.153 -0.144 0.001 0.335 0.931
20.004 -408.179 -85.198 -0.145 0.001 0.338 0.930
19.937 -408.101 -85.226 -0.146 0.001 0.340 0.929
19.892 -408.050 -85.245 -0.147 0.001 0.341 0.928
19.818 -407.965 -85.277 -0.148 0.001 0.343 0.928
19.727 -407.863 -85.316 -0.149 0.001 0.346 0.926
19.663 -407.791 -85.344 -0.150 0.001 0.348 0.926
19.592 -407.713 -85.374 -0.151 0.001 0.349 0.925
19.523 -407.638 -85.404 -0.151 0.001 0.351 0.924
19.486 -407.597 -85.420 -0.152 0.001 0.352 0.923
19.408 -407.514 -85.453 -0.153 0.001 0.354 0.923
19.345 -407.446 -85.480 -0.153 0.001 0.356 0.922
19.263 -407.360 -85.516 -0.154 0.001 0.358 0.921
19.198 -407.291 -85.543 -0.155 0.001 0.360 0.920
19.094 -407.182 -85.588 -0.156 0.001 0.363 0.919
19.022 -407.109 -85.619 -0.156 0.001 0.364 0.918
18.945 -407.030 -85.652 -0.157 0.001 0.367 0.917
18.875 -406.960 -85.682 -0.158 0.001 0.368 0.916
18.818 -406.902 -85.706 -0.159 0.001 0.369 0.916
18.780 -406.864 -85.723 -0.159 0.001 0.370 0.915
18.694 -406.780 -85.759 -0.159 0.001 0.372 0.914
18.639 -406.725 -85.783 -0.160 0.001 0.374 0.914
18.577 -406.664 -85.809 -0.161 0.001 0.375 0.913
18.476 -406.567 -85.852 -0.162 0.001 0.378 0.911
18.412 -406.505 -85.880 -0.163 0.001 0.380 0.911
18.351 -406.448 -85.905 -0.163 0.001 0.381 0.910
18.289 -406.389 -85.932 -0.164 0.001 0.383 0.909
18.204 -406.310 -85.968 -0.165 0.001 0.385 0.908
18.159 -406.268 -85.987 -0.165 0.001 0.386 0.908
18.093 -406.208 -86.015 -0.166 0.001 0.388 0.907
17.992 -406.116 -86.058 -0.167 0.001 0.390 0.905
17.935 -406.065 -86.083 -0.167 0.002 0.392 0.905
17.871 -406.008 -86.110 -0.168 0.001 0.393 0.904
17.777 -405.924 -86.150 -0.169 0.001 0.395 0.903
17.695 -405.852 -86.185 -0.170 0.001 0.397 0.902
17.635 -405.800 -86.210 -0.171 0.001 0.399 0.901
17.533 -405.712 -86.254 -0.172 0.001 0.401 0.900
17.442 -405.634 -86.293 -0.173 0.001 0.403 0.899
17.377 -405.579 -86.321 -0.173 0.001 0.405 0.898
17.291 -405.508 -86.357 -0.174 0.001 0.407 0.897
17.226 -405.454 -86.385 -0.175 0.001 0.408 0.896
17.162 -405.401 -86.412 -0.175 0.001 0.410 0.895
17.089 -405.341 -86.443 -0.176 0.001 0.411 0.894
17.038 -405.300 -86.465 -0.176 0.001 0.412 0.894
16.982 -405.255 -86.489 -0.177 0.001 0.414 0.893
16.906 -405.194 -86.521 -0.178 0.001 0.415 0.892
16.824 -405.129 -86.556 -0.178 0.001 0.417 0.891
16.739 -405.061 -86.593 -0.179 0.001 0.419 0.890
16.662 -405.002 -86.625 -0.180 0.001 0.421 0.889
16.592 -404.947 -86.655 -0.181 0.001 0.423 0.888
16.507 -404.883 -86.691 -0.181 0.001 0.424 0.887
16.448 -404.837 -86.717 -0.182 0.001 0.425 0.887
16.359 -404.770 -86.754 -0.183 0.001 0.427 0.885
16.304 -404.729 -86.778 -0.183 0.001 0.429 0.885
16.240 -404.682 -86.805 -0.184 0.001 0.430 0.884
16.153 -404.617 -86.842 -0.185 0.001 0.431 0.883
16.032 -404.529 -86.894 -0.185 0.001 0.434 0.882
15.969 -404.484 -86.920 -0.186 0.001 0.435 0.881
15.894 -404.430 -86.952 -0.186 0.001 0.436 0.880
15.848 -404.397 -86.972 -0.187 0.001 0.437 0.880
15.734 -404.317 -87.020 -0.188 0.001 0.440 0.878
15.603 -404.226 -87.076 -0.189 0.001 0.442 0.877
15.442 -404.115 -87.145 -0.191 0.001 0.445 0.875
15.377 -404.071 -87.172 -0.192 0.001 0.447 0.874
15.304 -404.022 -87.204 -0.192 0.001 0.448 0.873
15.248 -403.985 -87.227 -0.193 0.001 0.450 0.872
15.188 -403.945 -87.253 -0.193 0.001 0.451 0.872
15.123 -403.902 -87.281 -0.194 0.001 0.452 0.871
15.071 -403.868 -87.303 -0.194 0.001 0.453 0.870
14.999 -403.821 -87.334 -0.194 0.001 0.454 0.869
14.898 -403.756 -87.377 -0.195 0.001 0.456 0.868
14.779 -403.680 -87.428 -0.196 0.001 0.459 0.867
14.685 -403.621 -87.468 -0.197 0.001 0.461 0.865
14.627 -403.585 -87.492 -0.198 0.001 0.462 0.865
14.542 -403.533 -87.529 -0.198 0.001 0.463 0.864
14.465 -403.486 -87.562 -0.199 0.001 0.465 0.863
14.369 -403.427 -87.602 -0.200 0.001 0.467 0.862
14.295 -403.383 -87.634 -0.200 0.001 0.468 0.861
14.222 -403.340 -87.665 -0.201 0.001 0.469 0.860
14.114 -403.276 -87.711 -0.201 0.001 0.471 0.859
14.051 -403.239 -87.738 -0.201 0.002 0.472 0.858
13.995 -403.206 -87.762 -0.202 0.002 0.473 0.858
13.897 -403.149 -87.803 -0.203 0.001 0.475 0.856
13.785 -403.086 -87.851 -0.204 0.001 0.477 0.855
13.711 -403.044 -87.882 -0.204 0.001 0.478 0.854
13.654 -403.013 -87.906 -0.204 0.001 0.479 0.854
13.572 -402.967 -87.941 -0.205 0.002 0.480 0.853
13.493 -402.923 -87.975 -0.206 0.002 0.482 0.852
13.413 -402.879 -88.009 -0.206 0.002 0.483 0.851
13.338 -402.839 -88.040 -0.206 0.002 0.484 0.850
13.266 -402.800 -88.071 -0.207 0.002 0.485 0.850
13.208 -402.769 -88.095 -0.207 0.002 0.486 0.849
13.098 -402.710 -88.142 -0.208 0.002 0.488 0.847
13.008 -402.663 -88.180 -0.209 0.002 0.490 0.846
12.921 -402.618 -88.218 -0.210 0.001 0.491 0.845
12.817 -402.565 -88.262 -0.211 0.001 0.493 0.844
12.727 -402.519 -88.300 -0.211 0.002 0.495 0.843
12.664 -402.487 -88.327 -0.211 0.002 0.496 0.842
12.561 -402.436 -88.370 -0.212 0.001 0.498 0.841
12.481 -402.397 -88.404 -0.213 0.001 0.499 0.840
12.387 -402.351 -88.444 -0.214 0.001 0.500 0.839
12.303 -402.311 -88.480 -0.214 0.001 0.502 0.838
12.208 -402.265 -88.520 -0.215 0.002 0.503 0.837
12.110 -402.219 -88.562 -0.215 0.002 0.505 0.836
12.005 -402.170 -88.607 -0.216 0.002 0.507 0.835
11.908 -402.125 -88.648 -0.217 0.002 0.509 0.833
11.830 -402.090 -88.681 -0.218 0.001 0.510 0.832
11.752 -402.054 -88.714 -0.218 0.001 0.511 0.831
11.663 -402.015 -88.752 -0.219 0.001 0.513 0.830
11.597 -401.985 -88.780 -0.219 0.001 0.514 0.829
11.497 -401.942 -88.822 -0.220 0.001 0.515 0.828
11.418 -401.907 -88.856 -0.221 0.001 0.516 0.827
11.320 -401.865 -88.898 -0.221 0.001 0.518 0.826
11.252 -401.836 -88.926 -0.222 0.001 0.519 0.826
11.182 -401.807 -88.956 -0.222 0.001 0.520 0.825
11.083 -401.765 -88.998 -0.223 0.001 0.522 0.824
10.997 -401.730 -89.035 -0.223 0.001 0.523 0.822
10.923 -401.700 -89.066 -0.224 0.002 0.524 0.822
10.856 -401.673 -89.095 -0.224 0.002 0.525 0.821
10.738 -401.626 -89.145 -0.225 0.002 0.527 0.819
10.670 -401.599 -89.174 -0.225 0.002 0.528 0.819
10.567 -401.559 -89.217 -0.226 0.002 0.530 0.817
10.425 -401.504 -89.277 -0.226 0.002 0.532 0.816
10.325 -401.466 -89.319 -0.227 0.002 0.533 0.815
10.208 -401.422 -89.369 -0.228 0.002 0.535 0.813
10.144 -401.399 -89.396 -0.228 0.002 0.536 0.813
10.031 -401.357 -89.444 -0.229 0.002 0.538 0.811
9.958 -401.331 -89.474 -0.229 0.002 0.539 0.811
9.878 -401.302 -89.508 -0.230 0.002 0.540 0.810
