26.390 -423.593 -82.405 -0.025 0.000 0.050 0.998
26.375 -423.451 -82.413 -0.026 0.000 0.052 0.998
26.364 -423.351 -82.418 -0.027 0.000 0.054 0.998
26.345 -423.181 -82.427 -0.028 0.000 0.057 0.998
26.333 -423.075 -82.433 -0.029 0.000 0.059 0.998
26.319 -422.956 -82.440 -0.029 0.000 0.060 0.998
26.306 -422.852 -82.447 -0.030 0.000 0.062 0.998
26.293 -422.752 -82.453 -0.031 0.000 0.063 0.998
26.282 -422.663 -82.458 -0.031 0.000 0.065 0.997
26.268 -422.561 -82.465 -0.032 0.000 0.066 0.997
26.256 -422.467 -82.471 -0.032 0.000 0.068 0.997
26.236 -422.328 -82.480 -0.034 0.000 0.070 0.997
26.222 -422.225 -82.487 -0.034 0.000 0.072 0.997
26.207 -422.126 -82.494 -0.035 0.000 0.073 0.997
26.191 -422.016 -82.502 -0.036 0.000 0.075 0.997
26.175 -421.918 -82.509 -0.037 0.000 0.076 0.996
26.161 -421.828 -82.516 -0.037 0.000 0.078 0.996
26.150 -421.759 -82.521 -0.038 0.000 0.079 0.996
26.136 -421.670 -82.528 -0.038 0.000 0.081 0.996
26.127 -421.615 -82.533 -0.039 0.000 0.082 0.996
26.099 -421.450 -82.546 -0.040 0.000 0.084 0.996
26.081 -421.344 -82.554 -0.040 0.000 0.086 0.995
26.070 -421.284 -82.559 -0.041 0.000 0.087 0.995
26.055 -421.197 -82.566 -0.042 0.000 0.088 0.995
26.033 -421.076 -82.577 -0.042 0.000 0.090 0.995
26.012 -420.964 -82.586 -0.043 0.000 0.093 0.995
25.993 -420.863 -82.595 -0.043 0.000 0.094 0.995
25.978 -420.786 -82.602 -0.044 0.000 0.095 0.994
25.960 -420.693 -82.611 -0.045 0.000 0.097 0.994
25.948 -420.631 -82.616 -0.045 0.000 0.098 0.994
25.922 -420.506 -82.628 -0.046 0.000 0.100 0.994
25.902 -420.407 -82.637 -0.047 0.000 0.102 0.994
25.878 -420.295 -82.648 -0.048 0.000 0.104 0.993
25.865 -420.231 -82.654 -0.048 0.000 0.105 0.993
25.839 -420.112 -82.666 -0.049 0.000 0.107 0.993
25.811 -419.986 -82.679 -0.050 0.000 0.109 0.993
25.777 -419.836 -82.694 -0.051 0.000 0.112 0.992
25.755 -419.737 -82.705 -0.051 0.000 0.114 0.992
25.733 -419.646 -82.714 -0.052 0.000 0.115 0.992
25.701 -419.510 -82.729 -0.053 0.000 0.118 0.992
25.673 -419.394 -82.742 -0.054 0.000 0.120 0.991
25.644 -419.278 -82.755 -0.055 0.000 0.122 0.991
25.625 -419.201 -82.763 -0.055 0.000 0.123 0.991
25.600 -419.103 -82.775 -0.056 0.000 0.125 0.991
25.569 -418.986 -82.788 -0.057 0.000 0.127 0.990
25.545 -418.895 -82.799 -0.057 0.000 0.128 0.990
25.524 -418.813 -82.809 -0.058 0.000 0.130 0.990
25.483 -418.661 -82.827 -0.060 0.000 0.132 0.989
25.456 -418.565 -82.839 -0.061 0.000 0.134 0.989
25.429 -418.466 -82.852 -0.062 0.000 0.136 0.989
25.403 -418.377 -82.863 -0.063 0.000 0.138 0.988
25.375 -418.280 -82.876 -0.063 0.000 0.140 0.988
25.341 -418.163 -82.892 -0.064 0.000 0.142 0.988
25.304 -418.039 -82.908 -0.065 0.000 0.145 0.987
25.273 -417.936 -82.922 -0.066 0.000 0.146 0.987
25.245 -417.846 -82.935 -0.066 0.000 0.148 0.987
25.219 -417.762 -82.946 -0.067 0.000 0.149 0.986
25.176 -417.625 -82.966 -0.068 0.000 0.152 0.986
25.152 -417.549 -82.976 -0.068 0.000 0.153 0.986
25.112 -417.425 -82.994 -0.069 0.000 0.155 0.985
25.071 -417.301 -83.012 -0.070 0.001 0.157 0.985
25.034 -417.190 -83.028 -0.070 0.001 0.159 0.985
25.001 -417.089 -83.043 -0.071 0.001 0.161 0.984
24.959 -416.966 -83.062 -0.072 0.001 0.163 0.984
24.912 -416.830 -83.082 -0.073 0.001 0.166 0.984
24.871 -416.713 -83.100 -0.074 0.001 0.167 0.983
24.841 -416.629 -83.113 -0.074 0.001 0.168 0.983
24.817 -416.561 -83.124 -0.075 0.001 0.170 0.983
24.788 -416.481 -83.137 -0.076 0.001 0.171 0.982
24.738 -416.344 -83.159 -0.076 0.001 0.173 0.982
24.694 -416.223 -83.178 -0.078 0.001 0.175 0.981
24.676 -416.175 -83.186 -0.078 0.001 0.176 0.981
24.650 -416.108 -83.197 -0.078 0.001 0.178 0.981
24.611 -416.003 -83.215 -0.079 0.001 0.179 0.981
24.588 -415.944 -83.224 -0.080 0.001 0.180 0.980
24.556 -415.860 -83.239 -0.081 0.000 0.182 0.980
24.522 -415.773 -83.254 -0.081 0.001 0.184 0.980
24.478 -415.661 -83.273 -0.082 0.001 0.186 0.979
24.440 -415.566 -83.290 -0.083 0.001 0.187 0.979
24.413 -415.499 -83.302 -0.083 0.001 0.188 0.979
24.377 -415.410 -83.318 -0.084 0.001 0.190 0.978
24.346 -415.332 -83.331 -0.084 0.001 0.192 0.978
24.298 -415.218 -83.352 -0.085 0.001 0.193 0.977
24.259 -415.125 -83.369 -0.086 0.001 0.195 0.977
24.233 -415.062 -83.381 -0.086 0.001 0.196 0.977
24.175 -414.927 -83.406 -0.088 0.001 0.199 0.976
24.130 -414.822 -83.426 -0.089 0.001 0.201 0.976
24.097 -414.745 -83.441 -0.089 0.001 0.202 0.975
24.052 -414.645 -83.461 -0.090 0.001 0.204 0.975
24.001 -414.529 -83.483 -0.091 0.001 0.206 0.974
23.955 -414.426 -83.504 -0.092 0.001 0.208 0.974
23.922 -414.355 -83.518 -0.093 0.001 0.209 0.973
23.890 -414.285 -83.532 -0.093 0.001 0.211 0.973
23.848 -414.192 -83.551 -0.094 0.001 0.212 0.973
23.806 -414.102 -83.569 -0.095 0.000 0.214 0.972
23.773 -414.032 -83.584 -0.095 0.001 0.215 0.972
23.747 -413.978 -83.595 -0.096 0.001 0.216 0.972
23.707 -413.893 -83.613 -0.096 0.001 0.218 0.971
23.660 -413.795 -83.634 -0.097 0.001 0.220 0.971
23.617 -413.707 -83.653 -0.098 0.000 0.221 0.970
23.559 -413.589 -83.678 -0.099 0.000 0.224 0.970
23.521 -413.513 -83.695 -0.100 0.001 0.225 0.969
23.448 -413.367 -83.727 -0.101 0.001 0.228 0.968
23.415 -413.302 -83.742 -0.101 0.001 0.229 0.968
23.388 -413.248 -83.754 -0.101 0.001 0.230 0.968
23.341 -413.157 -83.774 -0.102 0.001 0.232 0.967
23.289 -413.057 -83.797 -0.103 0.001 0.234 0.967
23.243 -412.969 -83.817 -0.104 0.001 0.236 0.966
23.202 -412.890 -83.836 -0.105 0.001 0.238 0.966
23.173 -412.836 -83.848 -0.105 0.001 0.239 0.965
23.119 -412.735 -83.872 -0.106 0.001 0.241 0.965
23.044 -412.596 -83.905 -0.107 0.001 0.244 0.964
23.004 -412.524 -83.922 -0.108 0.001 0.245 0.964
22.950 -412.428 -83.946 -0.108 0.001 0.247 0.963
22.892 -412.323 -83.971 -0.109 0.001 0.249 0.962
22.840 -412.232 -83.994 -0.110 0.001 0.251 0.962
22.792 -412.148 -84.015 -0.111 0.001 0.253 0.961
22.755 -412.083 -84.031 -0.111 0.001 0.254 0.961
22.673 -411.942 -84.067 -0.112 0.001 0.257 0.960
22.621 -411.854 -84.089 -0.113 0.001 0.259 0.959
22.554 -411.741 -84.119 -0.114 0.001 0.261 0.959
22.519 -411.683 -84.134 -0.115 0.001 0.262 0.958
22.462 -411.588 -84.159 -0.116 0.001 0.264 0.958
22.386 -411.463 -84.192 -0.116 0.001 0.266 0.957
22.325 -411.364 -84.219 -0.117 0.001 0.269 0.956
22.285 -411.301 -84.236 -0.118 0.001 0.270 0.956
22.237 -411.224 -84.257 -0.118 0.001 0.272 0.955
22.191 -411.152 -84.277 -0.119 0.001 0.273 0.955
22.129 -411.054 -84.304 -0.120 0.001 0.275 0.954
22.071 -410.964 -84.329 -0.120 0.001 0.277 0.953
22.033 -410.905 -84.345 -0.121 0.001 0.278 0.953
21.986 -410.834 -84.366 -0.122 0.001 0.280 0.952
21.932 -410.752 -84.389 -0.123 0.001 0.282 0.952
21.878 -410.670 -84.412 -0.123 0.001 0.283 0.951
21.836 -410.607 -84.431 -0.123 0.001 0.285 0.951
21.765 -410.502 -84.461 -0.124 0.001 0.287 0.950
21.704 -410.412 -84.488 -0.125 0.001 0.289 0.949
21.636 -410.314 -84.517 -0.126 0.001 0.291 0.948
21.573 -410.223 -84.544 -0.126 0.001 0.293 0.948
21.522 -410.151 -84.566 -0.127 0.001 0.295 0.947
21.454 -410.056 -84.595 -0.128 0.001 0.297 0.946
21.417 -410.004 -84.611 -0.128 0.001 0.299 0.946
21.366 -409.932 -84.633 -0.129 0.001 0.300 0.945
21.320 -409.870 -84.653 -0.130 0.001 0.301 0.945
21.277 -409.811 -84.671 -0.130 0.001 0.303 0.944
21.194 -409.698 -84.706 -0.131 0.001 0.305 0.943
21.134 -409.616 -84.732 -0.132 0.001 0.307 0.943
21.066 -409.526 -84.761 -0.133 0.001 0.309 0.942
21.017 -409.460 -84.782 -0.133 0.001 0.310 0.941
20.979 -409.410 -84.799 -0.134 0.001 0.311 0.941
20.921 -409.334 -84.824 -0.135 0.001 0.313 0.940
20.866 -409.263 -84.847 -0.135 0.001 0.315 0.939
20.780 -409.153 -84.884 -0.136 0.001 0.317 0.939
20.722 -409.079 -84.909 -0.137 0.001 0.319 0.938
20.663 -409.003 -84.934 -0.137 0.002 0.320 0.937
20.615 -408.944 -84.954 -0.138 0.002 0.322 0.937
20.556 -408.871 -84.979 -0.138 0.002 0.323 0.936
20.497 -408.797 -85.005 -0.139 0.002 0.325 0.935
20.435 -408.721 -85.031 -0.140 0.002 0.327 0.935
20.368 -408.640 -85.059 -0.140 0.002 0.329 0.934
20.282 -408.536 -85.096 -0.141 0.002 0.331 0.933
20.202 -408.440 -85.130 -0.143 0.002 0.333 0.932
20.118 -408.342 -85.166 -0.144 0.002 0.336 0.931
20.049 -408.261 -85.196 -0.145 0.001 0.338 0.930
19.981 -408.182 -85.224 -0.146 0.001 0.340 0.929
19.910 -408.101 -85.255 -0.147 0.001 0.342 0.928
19.846 -408.029 -85.282 -0.148 0.001 0.343 0.928
19.782 -407.957 -85.310 -0.148 0.001 0.345 0.927
19.726 -407.893 -85.334 -0.149 0.001 0.346 0.926
19.659 -407.820 -85.362 -0.149 0.001 0.348 0.925
19.575 -407.727 -85.398 -0.150 0.001 0.350 0.924
19.535 -407.683 -85.415 -0.151 0.001 0.351 0.924
19.454 -407.595 -85.450 -0.152 0.001 0.354 0.923
19.401 -407.539 -85.473 -0.152 0.001 0.355 0.922
19.334 -407.467 -85.501 -0.153 0.001 0.357 0.922
19.275 -407.404 -85.526 -0.154 0.002 0.359 0.921
19.186 -407.312 -85.564 -0.155 0.002 0.361 0.920
19.111 -407.234 -85.596 -0.155 0.002 0.363 0.919
19.031 -407.151 -85.631 -0.156 0.002 0.365 0.918
18.977 -407.096 -85.653 -0.157 0.001 0.366 0.917
18.881 -407.000 -85.694 -0.158 0.001 0.369 0.916
18.820 -406.939 -85.720 -0.159 0.002 0.370 0.915
18.767 -406.887 -85.743 -0.159 0.001 0.372 0.915
18.694 -406.814 -85.774 -0.160 0.002 0.374 0.914
18.629 -406.752 -85.802 -0.161 0.002 0.375 0.913
18.544 -406.669 -85.838 -0.161 0.002 0.377 0.912
18.451 -406.580 -85.878 -0.162 0.002 0.379 0.911
18.370 -406.503 -85.912 -0.163 0.002 0.381 0.910
18.278 -406.417 -85.951 -0.164 0.002 0.383 0.909
18.207 -406.351 -85.982 -0.165 0.002 0.385 0.908
18.139 -406.287 -86.011 -0.165 0.002 0.387 0.907
18.053 -406.209 -86.047 -0.166 0.002 0.389 0.906
17.959 -406.124 -86.087 -0.167 0.002 0.391 0.905
17.870 -406.043 -86.125 -0.168 0.002 0.393 0.904
17.755 -405.941 -86.174 -0.169 0.002 0.396 0.902
17.656 -405.855 -86.216 -0.170 0.002 0.398 0.901
17.612 -405.817 -86.235 -0.171 0.001 0.399 0.901
17.518 -405.736 -86.275 -0.172 0.001 0.401 0.900
17.461 -405.687 -86.299 -0.172 0.002 0.402 0.899
17.397 -405.632 -86.327 -0.173 0.001 0.404 0.898
17.314 -405.562 -86.362 -0.174 0.001 0.406 0.897
17.274 -405.530 -86.379 -0.175 0.001 0.407 0.897
17.173 -405.446 -86.422 -0.175 0.002 0.409 0.895
17.123 -405.404 -86.444 -0.176 0.002 0.410 0.895
17.043 -405.339 -86.478 -0.176 0.002 0.412 0.894
16.980 -405.288 -86.504 -0.177 0.002 0.414 0.893
16.907 -405.230 -86.535 -0.177 0.002 0.415 0.892
16.831 -405.170 -86.567 -0.178 0.002 0.417 0.891
16.742 -405.099 -86.605 -0.179 0.002 0.419 0.890
16.660 -405.035 -86.640 -0.179 0.002 0.421 0.889
16.574 -404.969 -86.677 -0.180 0.002 0.423 0.888
16.485 -404.901 -86.714 -0.181 0.002 0.425 0.887
16.415 -404.848 -86.744 -0.181 0.002 0.426 0.886
16.363 -404.809 -86.766 -0.182 0.002 0.428 0.885
16.306 -404.766 -86.790 -0.182 0.002 0.429 0.885
16.224 -404.706 -86.824 -0.183 0.002 0.431 0.884
16.130 -404.637 -86.864 -0.184 0.002 0.433 0.883
16.057 -404.584 -86.895 -0.185 0.002 0.434 0.882
16.003 -404.544 -86.918 -0.185 0.002 0.435 0.881
15.913 -404.480 -86.956 -0.186 0.002 0.437 0.880
15.837 -404.426 -86.988 -0.187 0.002 0.439 0.879
15.780 -404.386 -87.012 -0.187 0.002 0.440 0.878
15.704 -404.333 -87.044 -0.188 0.002 0.442 0.877
15.616 -404.272 -87.081 -0.188 0.002 0.443 0.876
15.531 -404.213 -87.117 -0.189 0.002 0.445 0.875
15.442 -404.153 -87.155 -0.190 0.002 0.447 0.874
15.391 -404.118 -87.176 -0.190 0.002 0.448 0.874
15.303 -404.060 -87.213 -0.191 0.002 0.449 0.873
15.182 -403.980 -87.264 -0.192 0.002 0.452 0.871
15.113 -403.935 -87.293 -0.193 0.002 0.453 0.870
15.045 -403.891 -87.322 -0.193 0.002 0.455 0.869
14.989 -403.854 -87.346 -0.194 0.002 0.456 0.869
14.874 -403.781 -87.395 -0.195 0.002 0.458 0.867
14.805 -403.738 -87.424 -0.196 0.002 0.459 0.867
14.724 -403.687 -87.458 -0.196 0.002 0.461 0.866
14.631 -403.629 -87.497 -0.197 0.002 0.462 0.864
14.568 -403.590 -87.524 -0.197 0.002 0.464 0.864
14.480 -403.537 -87.561 -0.198 0.002 0.465 0.863
14.376 -403.474 -87.605 -0.199 0.002 0.467 0.861
14.285 -403.419 -87.644 -0.200 0.002 0.469 0.860
14.179 -403.357 -87.689 -0.201 0.002 0.471 0.859
14.091 -403.305 -87.726 -0.201 0.002 0.472 0.858
14.016 -403.262 -87.758 -0.202 0.002 0.474 0.857
13.922 -403.208 -87.798 -0.203 0.002 0.475 0.856
13.859 -403.172 -87.824 -0.203 0.002 0.476 0.856
13.769 -403.121 -87.863 -0.204 0.002 0.478 0.855
13.689 -403.076 -87.896 -0.204 0.002 0.479 0.854
13.617 -403.036 -87.927 -0.204 0.002 0.480 0.853
13.526 -402.985 -87.965 -0.205 0.002 0.481 0.852
13.443 -402.940 -88.000 -0.206 0.002 0.483 0.851
13.353 -402.891 -88.038 -0.206 0.002 0.485 0.850
13.291 -402.857 -88.065 -0.207 0.002 0.486 0.849
13.217 -402.818 -88.096 -0.207 0.002 0.487 0.849
13.121 -402.767 -88.137 -0.208 0.002 0.489 0.847
13.022 -402.715 -88.178 -0.208 0.002 0.490 0.846
12.910 -402.657 -88.225 -0.209 0.002 0.492 0.845
12.854 -402.629 -88.249 -0.210 0.002 0.493 0.844
12.769 -402.585 -88.285 -0.211 0.002 0.494 0.843
12.680 -402.541 -88.323 -0.211 0.002 0.496 0.842
12.599 -402.500 -88.357 -0.212 0.002 0.497 0.841
12.526 -402.464 -88.388 -0.212 0.002 0.499 0.840
12.465 -402.434 -88.414 -0.213 0.002 0.500 0.840
12.363 -402.384 -88.457 -0.213 0.002 0.501 0.838
12.267 -402.338 -88.498 -0.214 0.002 0.503 0.837
12.212 -402.312 -88.521 -0.215 0.002 0.504 0.837
12.148 -402.282 -88.548 -0.215 0.002 0.505 0.836
12.020 -402.222 -88.602 -0.217 0.001 0.507 0.834
11.936 -402.184 -88.638 -0.217 0.002 0.509 0.833
11.863 -402.150 -88.669 -0.217 0.002 0.510 0.832
11.784 -402.115 -88.702 -0.218 0.001 0.511 0.832
11.680 -402.068 -88.747 -0.219 0.002 0.513 0.830
11.610 -402.037 -88.776 -0.219 0.002 0.514 0.829
11.553 -402.012 -88.800 -0.219 0.002 0.515 0.829
11.463 -401.973 -88.839 -0.220 0.002 0.516 0.828
11.393 -401.943 -88.868 -0.221 0.001 0.517 0.827
11.288 -401.898 -88.913 -0.222 0.001 0.519 0.826
11.198 -401.860 -88.951 -0.222 0.002 0.521 0.824
11.106 -401.822 -88.990 -0.223 0.002 0.522 0.823
10.967 -401.765 -89.049 -0.224 0.002 0.524 0.822
10.886 -401.732 -89.084 -0.224 0.001 0.526 0.821
10.803 -401.699 -89.119 -0.225 0.001 0.527 0.820
10.701 -401.659 -89.162 -0.226 0.001 0.529 0.818
10.646 -401.638 -89.186 -0.226 0.001 0.529 0.818
10.564 -401.606 -89.221 -0.227 0.001 0.531 0.817
10.465 -401.569 -89.263 -0.228 0.001 0.532 0.816
10.344 -401.523 -89.314 -0.228 0.001 0.534 0.814
10.270 -401.495 -89.346 -0.229 0.001 0.535 0.813
10.161 -401.455 -89.392 -0.229 0.001 0.537 0.812
10.089 -401.429 -89.423 -0.230 0.001 0.538 0.811
9.972 -401.387 -89.473 -0.230 0.001 0.539 0.810
9.875 -401.353 -89.514 -0.231 0.001 0.541 0.809
9.770 -401.316 -89.559 -0.231 0.001 0.542 0.808
