24.700 -458.374 -70.112 -0.001 0.000 0.002 1.000
24.699 -458.275 -70.112 -0.001 0.000 0.004 1.000
24.698 -458.140 -70.112 -0.002 0.000 0.007 1.000
24.696 -458.029 -70.113 -0.003 0.000 0.009 1.000
24.694 -457.924 -70.114 -0.003 0.000 0.011 1.000
24.692 -457.839 -70.114 -0.004 0.000 0.012 1.000
24.688 -457.711 -70.115 -0.005 0.000 0.014 1.000
24.686 -457.630 -70.116 -0.006 0.000 0.016 1.000
24.681 -457.474 -70.118 -0.007 0.000 0.018 1.000
24.678 -457.411 -70.119 -0.008 0.000 0.019 1.000
24.672 -457.265 -70.122 -0.009 0.000 0.022 1.000
24.669 -457.185 -70.123 -0.009 0.000 0.023 1.000
24.663 -457.076 -70.125 -0.010 0.000 0.025 1.000
24.660 -457.004 -70.127 -0.010 0.000 0.027 1.000
24.653 -456.889 -70.129 -0.011 0.000 0.029 1.000
24.649 -456.813 -70.131 -0.012 0.000 0.030 0.999
24.645 -456.747 -70.133 -0.012 0.000 0.031 0.999
24.638 -456.639 -70.135 -0.013 0.000 0.033 0.999
24.630 -456.530 -70.138 -0.014 0.000 0.035 0.999
24.624 -456.440 -70.141 -0.014 0.000 0.036 0.999
24.615 -456.317 -70.144 -0.015 0.000 0.038 0.999
24.607 -456.223 -70.147 -0.016 0.000 0.040 0.999
24.597 -456.093 -70.152 -0.017 0.000 0.042 0.999
24.585 -455.962 -70.156 -0.018 0.000 0.045 0.999
24.577 -455.871 -70.159 -0.019 0.000 0.046 0.999
24.570 -455.794 -70.162 -0.019 0.000 0.048 0.999
24.563 -455.726 -70.165 -0.020 0.000 0.049 0.999
24.555 -455.640 -70.168 -0.020 0.000 0.051 0.999
24.546 -455.553 -70.172 -0.021 0.000 0.052 0.998
24.533 -455.435 -70.177 -0.022 0.000 0.054 0.998
24.522 -455.333 -70.182 -0.023 0.000 0.056 0.998
24.507 -455.207 -70.188 -0.024 0.000 0.057 0.998
24.493 -455.080 -70.194 -0.025 0.000 0.060 0.998
24.484 -455.006 -70.198 -0.025 0.000 0.061 0.998
24.473 -454.918 -70.202 -0.026 0.000 0.062 0.998
24.459 -454.808 -70.208 -0.026 0.000 0.064 0.998
24.451 -454.751 -70.211 -0.027 0.000 0.065 0.998
24.439 -454.662 -70.216 -0.028 0.000 0.067 0.997
24.426 -454.565 -70.222 -0.029 0.000 0.068 0.997
24.412 -454.466 -70.227 -0.029 0.000 0.070 0.997
24.395 -454.349 -70.234 -0.030 0.000 0.073 0.997
24.381 -454.252 -70.240 -0.031 0.000 0.075 0.997
24.371 -454.189 -70.245 -0.032 0.000 0.076 0.997
24.349 -454.047 -70.254 -0.033 0.000 0.078 0.996
24.335 -453.961 -70.259 -0.033 0.000 0.080 0.996
24.322 -453.879 -70.265 -0.034 0.000 0.082 0.996
24.312 -453.820 -70.269 -0.034 0.000 0.082 0.996
24.301 -453.753 -70.274 -0.035 0.000 0.084 0.996
24.286 -453.663 -70.280 -0.036 0.000 0.085 0.996
24.269 -453.569 -70.287 -0.036 0.000 0.087 0.996
24.254 -453.484 -70.293 -0.037 0.000 0.089 0.995
24.230 -453.353 -70.303 -0.038 0.000 0.091 0.995
24.209 -453.238 -70.312 -0.039 0.000 0.093 0.995
24.187 -453.124 -70.322 -0.040 0.000 0.095 0.995
24.169 -453.035 -70.329 -0.041 0.000 0.097 0.994
24.145 -452.911 -70.339 -0.041 0.000 0.099 0.994
24.121 -452.794 -70.349 -0.042 0.000 0.101 0.994
24.103 -452.708 -70.357 -0.043 0.000 0.103 0.994
24.089 -452.642 -70.362 -0.043 0.000 0.104 0.994
24.073 -452.566 -70.369 -0.044 0.000 0.105 0.993
24.058 -452.499 -70.375 -0.045 0.000 0.107 0.993
24.039 -452.409 -70.384 -0.045 0.000 0.108 0.993
24.022 -452.333 -70.391 -0.046 0.000 0.109 0.993
24.008 -452.273 -70.396 -0.047 0.000 0.111 0.993
23.987 -452.181 -70.405 -0.047 0.000 0.112 0.993
23.954 -452.039 -70.419 -0.049 0.000 0.115 0.992
23.931 -451.939 -70.429 -0.049 0.000 0.117 0.992
23.901 -451.817 -70.442 -0.050 0.000 0.119 0.992
23.881 -451.733 -70.450 -0.051 0.000 0.120 0.991
23.850 -451.609 -70.464 -0.052 0.000 0.123 0.991
23.822 -451.500 -70.475 -0.054 0.000 0.125 0.991
23.803 -451.428 -70.484 -0.054 0.000 0.126 0.991
23.774 -451.317 -70.496 -0.055 0.000 0.128 0.990
23.734 -451.166 -70.513 -0.056 0.000 0.131 0.990
23.703 -451.052 -70.527 -0.057 0.000 0.133 0.989
23.672 -450.942 -70.540 -0.058 0.000 0.135 0.989
23.647 -450.854 -70.550 -0.058 0.000 0.137 0.989
23.626 -450.779 -70.559 -0.059 0.000 0.138 0.989
23.602 -450.697 -70.569 -0.060 0.000 0.140 0.988
23.583 -450.632 -70.578 -0.060 0.000 0.141 0.988
23.544 -450.498 -70.595 -0.062 0.000 0.143 0.988
23.518 -450.411 -70.606 -0.062 0.000 0.145 0.987
23.487 -450.309 -70.619 -0.063 0.000 0.147 0.987
23.457 -450.211 -70.632 -0.064 0.000 0.148 0.987
23.422 -450.100 -70.647 -0.065 0.000 0.150 0.987
23.393 -450.007 -70.659 -0.065 0.000 0.152 0.986
23.363 -449.911 -70.672 -0.066 0.000 0.153 0.986
23.326 -449.797 -70.688 -0.067 0.000 0.155 0.986
23.292 -449.693 -70.703 -0.069 0.000 0.157 0.985
23.269 -449.625 -70.713 -0.069 0.000 0.158 0.985
23.247 -449.559 -70.723 -0.069 0.000 0.159 0.985
23.207 -449.438 -70.740 -0.071 0.000 0.161 0.984
23.180 -449.358 -70.752 -0.071 0.000 0.163 0.984
23.139 -449.240 -70.770 -0.072 0.000 0.165 0.984
23.103 -449.139 -70.786 -0.073 0.000 0.167 0.983
23.064 -449.027 -70.803 -0.074 0.000 0.169 0.983
23.026 -448.922 -70.820 -0.075 0.000 0.171 0.982
22.981 -448.797 -70.839 -0.076 0.000 0.173 0.982
22.957 -448.733 -70.850 -0.076 -0.001 0.174 0.982
22.912 -448.612 -70.870 -0.077 0.000 0.176 0.981
22.868 -448.494 -70.889 -0.078 -0.001 0.178 0.981
22.840 -448.419 -70.902 -0.079 0.000 0.179 0.981
22.805 -448.329 -70.917 -0.080 -0.001 0.181 0.980
22.767 -448.229 -70.934 -0.080 -0.001 0.183 0.980
22.720 -448.109 -70.954 -0.081 0.000 0.184 0.980
22.688 -448.029 -70.968 -0.081 0.000 0.186 0.979
22.653 -447.941 -70.984 -0.082 0.000 0.187 0.979
22.611 -447.836 -71.002 -0.083 0.000 0.189 0.979
22.577 -447.751 -71.017 -0.083 0.000 0.190 0.978
22.535 -447.648 -71.035 -0.084 0.000 0.192 0.978
22.507 -447.582 -71.047 -0.084 0.000 0.193 0.978
22.470 -447.492 -71.064 -0.085 0.000 0.194 0.977
22.439 -447.419 -71.077 -0.086 0.000 0.195 0.977
22.403 -447.332 -71.093 -0.086 0.000 0.197 0.977
22.353 -447.216 -71.115 -0.087 0.000 0.199 0.976
22.313 -447.121 -71.133 -0.088 0.000 0.200 0.976
22.277 -447.039 -71.148 -0.088 0.000 0.201 0.976
22.238 -446.950 -71.165 -0.089 0.000 0.203 0.975
22.203 -446.869 -71.181 -0.090 -0.001 0.205 0.975
22.149 -446.748 -71.205 -0.091 -0.001 0.207 0.974
22.113 -446.668 -71.221 -0.091 0.000 0.208 0.974
22.065 -446.564 -71.242 -0.092 0.000 0.210 0.973
22.031 -446.489 -71.257 -0.092 0.000 0.212 0.973
21.992 -446.406 -71.274 -0.093 0.000 0.213 0.973
21.955 -446.327 -71.290 -0.094 0.000 0.214 0.972
21.913 -446.236 -71.308 -0.094 0.000 0.216 0.972
21.857 -446.119 -71.333 -0.095 0.000 0.218 0.971
21.800 -446.000 -71.358 -0.096 0.000 0.221 0.971
21.736 -445.870 -71.385 -0.097 0.000 0.223 0.970
21.686 -445.767 -71.407 -0.098 0.000 0.225 0.969
21.642 -445.679 -71.426 -0.098 0.000 0.227 0.969
21.590 -445.577 -71.449 -0.099 0.000 0.228 0.969
21.544 -445.486 -71.469 -0.100 0.000 0.230 0.968
21.510 -445.419 -71.484 -0.100 0.000 0.231 0.968
21.470 -445.340 -71.501 -0.100 0.000 0.232 0.968
21.425 -445.253 -71.521 -0.101 0.000 0.233 0.967
21.381 -445.169 -71.540 -0.101 0.000 0.235 0.967
21.330 -445.072 -71.561 -0.102 0.000 0.237 0.966
21.301 -445.017 -71.574 -0.103 0.000 0.237 0.966
21.244 -444.909 -71.599 -0.103 0.000 0.239 0.965
21.192 -444.812 -71.621 -0.104 0.000 0.241 0.965
21.140 -444.717 -71.643 -0.104 0.000 0.242 0.965
21.067 -444.583 -71.675 -0.105 0.000 0.245 0.964
21.009 -444.477 -71.700 -0.106 0.000 0.246 0.963
20.954 -444.379 -71.723 -0.106 0.000 0.248 0.963
20.904 -444.290 -71.744 -0.107 0.000 0.249 0.963
20.864 -444.218 -71.762 -0.107 0.000 0.250 0.962
20.822 -444.145 -71.780 -0.107 0.000 0.251 0.962
20.785 -444.079 -71.796 -0.108 0.000 0.252 0.962
20.720 -443.965 -71.823 -0.108 0.000 0.253 0.961
20.678 -443.892 -71.841 -0.108 0.000 0.254 0.961
20.633 -443.815 -71.860 -0.109 0.000 0.255 0.961
20.593 -443.745 -71.878 -0.109 0.000 0.256 0.961
20.559 -443.687 -71.892 -0.109 0.000 0.257 0.960
20.505 -443.596 -71.915 -0.110 0.000 0.258 0.960
20.458 -443.517 -71.935 -0.110 0.000 0.259 0.960
20.406 -443.428 -71.957 -0.110 0.000 0.259 0.959
20.357 -443.346 -71.978 -0.111 0.000 0.260 0.959
20.281 -443.217 -72.010 -0.111 0.000 0.262 0.959
20.234 -443.139 -72.030 -0.112 0.000 0.263 0.958
20.158 -443.014 -72.062 -0.112 0.001 0.265 0.958
20.090 -442.903 -72.091 -0.112 0.001 0.266 0.957
20.031 -442.806 -72.116 -0.112 0.001 0.267 0.957
19.982 -442.727 -72.136 -0.113 0.001 0.268 0.957
19.930 -442.643 -72.158 -0.113 0.001 0.269 0.956
19.854 -442.521 -72.190 -0.113 0.001 0.271 0.956
19.801 -442.437 -72.212 -0.114 0.001 0.272 0.956
19.740 -442.341 -72.237 -0.114 0.001 0.273 0.955
19.683 -442.251 -72.261 -0.115 0.001 0.275 0.955
19.630 -442.167 -72.283 -0.115 0.001 0.276 0.954
19.548 -442.040 -72.318 -0.116 0.001 0.278 0.954
19.480 -441.936 -72.346 -0.116 0.001 0.279 0.953
19.396 -441.808 -72.380 -0.117 0.001 0.281 0.953
19.354 -441.743 -72.398 -0.117 0.001 0.282 0.952
19.299 -441.659 -72.421 -0.117 0.001 0.283 0.952
19.255 -441.593 -72.439 -0.117 0.001 0.283 0.952
19.188 -441.492 -72.467 -0.118 0.001 0.285 0.951
19.131 -441.409 -72.490 -0.118 0.001 0.286 0.951
19.067 -441.314 -72.516 -0.118 0.001 0.287 0.951
19.005 -441.222 -72.542 -0.119 0.001 0.289 0.950
18.935 -441.120 -72.570 -0.119 0.001 0.290 0.950
18.870 -441.025 -72.597 -0.120 0.001 0.291 0.949
18.817 -440.949 -72.618 -0.121 0.001 0.292 0.949
18.776 -440.889 -72.636 -0.121 0.001 0.293 0.948
18.734 -440.830 -72.653 -0.121 0.001 0.294 0.948
18.675 -440.747 -72.677 -0.121 0.001 0.296 0.948
18.615 -440.662 -72.701 -0.122 0.001 0.297 0.947
18.559 -440.583 -72.724 -0.122 0.002 0.298 0.947
18.493 -440.491 -72.751 -0.123 0.002 0.299 0.946
18.430 -440.403 -72.777 -0.123 0.002 0.301 0.946
18.354 -440.298 -72.807 -0.123 0.002 0.303 0.945
18.294 -440.215 -72.832 -0.124 0.002 0.304 0.945
18.217 -440.111 -72.863 -0.124 0.002 0.305 0.944
18.158 -440.030 -72.887 -0.125 0.002 0.306 0.944
18.098 -439.949 -72.911 -0.125 0.002 0.307 0.943
18.039 -439.870 -72.935 -0.126 0.002 0.308 0.943
17.966 -439.774 -72.964 -0.126 0.002 0.310 0.942
17.901 -439.687 -72.991 -0.126 0.002 0.311 0.942
17.849 -439.619 -73.012 -0.126 0.002 0.312 0.942
17.794 -439.546 -73.034 -0.127 0.002 0.313 0.941
17.738 -439.473 -73.056 -0.127 0.002 0.314 0.941
17.654 -439.365 -73.090 -0.128 0.002 0.316 0.940
17.586 -439.277 -73.118 -0.128 0.002 0.316 0.940
17.498 -439.164 -73.153 -0.128 0.002 0.317 0.940
17.440 -439.090 -73.176 -0.128 0.002 0.318 0.939
17.354 -438.980 -73.210 -0.128 0.002 0.319 0.939
17.302 -438.914 -73.231 -0.128 0.002 0.320 0.939
17.218 -438.808 -73.265 -0.129 0.002 0.321 0.938
17.169 -438.746 -73.284 -0.129 0.003 0.322 0.938
17.114 -438.677 -73.306 -0.129 0.003 0.323 0.937
17.061 -438.611 -73.327 -0.130 0.002 0.324 0.937
17.002 -438.538 -73.350 -0.130 0.003 0.325 0.937
16.965 -438.492 -73.365 -0.130 0.003 0.325 0.937
16.921 -438.438 -73.382 -0.130 0.003 0.326 0.936
16.845 -438.345 -73.412 -0.130 0.003 0.327 0.936
16.788 -438.274 -73.435 -0.130 0.003 0.328 0.936
16.720 -438.191 -73.462 -0.131 0.003 0.328 0.935
16.682 -438.145 -73.476 -0.131 0.003 0.329 0.935
16.628 -438.079 -73.498 -0.131 0.003 0.330 0.935
16.556 -437.992 -73.526 -0.131 0.003 0.330 0.935
16.487 -437.909 -73.553 -0.131 0.003 0.331 0.934
16.420 -437.828 -73.579 -0.131 0.003 0.332 0.934
16.371 -437.769 -73.598 -0.131 0.003 0.332 0.934
16.319 -437.707 -73.619 -0.131 0.003 0.333 0.934
16.238 -437.611 -73.650 -0.131 0.003 0.334 0.934
16.155 -437.511 -73.682 -0.131 0.004 0.334 0.933
16.105 -437.452 -73.702 -0.131 0.004 0.335 0.933
16.052 -437.390 -73.722 -0.131 0.004 0.335 0.933
16.004 -437.333 -73.741 -0.131 0.004 0.336 0.933
15.947 -437.266 -73.763 -0.131 0.004 0.336 0.933
15.879 -437.186 -73.789 -0.132 0.004 0.337 0.932
15.815 -437.111 -73.814 -0.132 0.004 0.337 0.932
15.763 -437.051 -73.833 -0.132 0.004 0.338 0.932
15.706 -436.984 -73.855 -0.132 0.004 0.338 0.932
15.650 -436.918 -73.877 -0.132 0.004 0.339 0.932
15.587 -436.846 -73.901 -0.131 0.004 0.339 0.931
15.543 -436.795 -73.918 -0.131 0.004 0.340 0.931
15.475 -436.716 -73.944 -0.132 0.004 0.341 0.931
15.411 -436.641 -73.968 -0.132 0.004 0.341 0.931
15.352 -436.575 -73.991 -0.131 0.004 0.342 0.931
15.287 -436.500 -74.015 -0.132 0.004 0.343 0.930
15.222 -436.426 -74.040 -0.132 0.004 0.343 0.930
15.127 -436.317 -74.076 -0.132 0.005 0.344 0.930
15.068 -436.250 -74.098 -0.132 0.005 0.344 0.930
15.008 -436.182 -74.121 -0.132 0.005 0.345 0.929
14.936 -436.100 -74.148 -0.132 0.005 0.345 0.929
14.873 -436.029 -74.172 -0.132 0.005 0.346 0.929
14.781 -435.926 -74.206 -0.132 0.005 0.347 0.929
14.734 -435.873 -74.223 -0.132 0.005 0.347 0.928
14.675 -435.806 -74.246 -0.132 0.005 0.348 0.928
14.597 -435.720 -74.275 -0.132 0.005 0.349 0.928
14.546 -435.663 -74.294 -0.132 0.005 0.349 0.928
