24.700 -458.383 -70.112 -0.001 0.000 0.002 1.000
24.699 -458.242 -70.112 -0.002 0.000 0.005 1.000
24.697 -458.116 -70.113 -0.003 0.000 0.007 1.000
24.696 -458.031 -70.113 -0.003 0.000 0.009 1.000
24.694 -457.924 -70.114 -0.005 0.000 0.011 1.000
24.692 -457.846 -70.115 -0.005 0.000 0.012 1.000
24.689 -457.728 -70.116 -0.006 0.000 0.014 1.000
24.686 -457.626 -70.118 -0.007 0.000 0.016 1.000
24.682 -457.509 -70.119 -0.008 0.000 0.017 1.000
24.679 -457.428 -70.121 -0.009 0.000 0.019 1.000
24.672 -457.259 -70.124 -0.010 0.000 0.022 1.000
24.668 -457.174 -70.126 -0.011 0.000 0.023 1.000
24.663 -457.069 -70.128 -0.012 0.000 0.025 1.000
24.657 -456.948 -70.131 -0.012 0.000 0.027 1.000
24.650 -456.827 -70.134 -0.013 0.000 0.029 0.999
24.644 -456.729 -70.137 -0.014 0.000 0.031 0.999
24.639 -456.640 -70.139 -0.014 0.000 0.033 0.999
24.631 -456.526 -70.143 -0.015 0.000 0.034 0.999
24.621 -456.390 -70.147 -0.016 0.000 0.037 0.999
24.616 -456.318 -70.149 -0.017 0.000 0.038 0.999
24.606 -456.192 -70.154 -0.018 0.000 0.041 0.999
24.594 -456.055 -70.159 -0.019 0.000 0.043 0.999
24.586 -455.954 -70.162 -0.019 0.000 0.044 0.999
24.578 -455.864 -70.166 -0.020 0.000 0.046 0.999
24.568 -455.759 -70.170 -0.021 0.000 0.048 0.999
24.559 -455.672 -70.174 -0.022 0.000 0.049 0.999
24.550 -455.579 -70.178 -0.023 0.000 0.051 0.998
24.539 -455.478 -70.183 -0.024 0.000 0.053 0.998
24.529 -455.382 -70.188 -0.024 0.000 0.054 0.998
24.523 -455.333 -70.190 -0.025 0.000 0.055 0.998
24.512 -455.233 -70.195 -0.025 0.000 0.057 0.998
24.498 -455.109 -70.202 -0.026 0.000 0.059 0.998
24.483 -454.988 -70.208 -0.027 0.000 0.061 0.998
24.465 -454.849 -70.216 -0.028 0.000 0.064 0.998
24.455 -454.767 -70.221 -0.029 0.000 0.065 0.997
24.438 -454.639 -70.228 -0.030 0.000 0.067 0.997
24.421 -454.515 -70.236 -0.031 0.000 0.070 0.997
24.404 -454.402 -70.243 -0.033 0.000 0.072 0.997
24.386 -454.272 -70.252 -0.033 0.000 0.074 0.997
24.362 -454.120 -70.262 -0.035 0.000 0.077 0.996
24.353 -454.062 -70.266 -0.035 0.000 0.078 0.996
24.335 -453.946 -70.274 -0.036 0.000 0.080 0.996
24.321 -453.860 -70.281 -0.037 0.000 0.081 0.996
24.298 -453.725 -70.291 -0.038 0.000 0.083 0.996
24.282 -453.628 -70.298 -0.039 0.000 0.085 0.996
24.264 -453.525 -70.307 -0.039 0.000 0.087 0.995
24.241 -453.396 -70.317 -0.041 0.000 0.089 0.995
24.219 -453.281 -70.327 -0.042 0.000 0.092 0.995
24.200 -453.178 -70.336 -0.043 0.000 0.094 0.995
24.166 -453.005 -70.351 -0.044 0.000 0.097 0.994
24.152 -452.932 -70.357 -0.045 0.000 0.098 0.994
24.127 -452.806 -70.369 -0.045 0.000 0.101 0.994
24.110 -452.729 -70.376 -0.046 0.000 0.102 0.994
24.096 -452.659 -70.383 -0.047 0.000 0.103 0.994
24.071 -452.543 -70.394 -0.048 0.000 0.106 0.993
24.051 -452.452 -70.403 -0.048 0.000 0.107 0.993
24.033 -452.369 -70.411 -0.049 0.000 0.109 0.993
24.007 -452.252 -70.423 -0.050 0.000 0.111 0.993
23.985 -452.156 -70.433 -0.050 0.000 0.112 0.992
23.956 -452.029 -70.446 -0.051 0.000 0.114 0.992
23.941 -451.967 -70.452 -0.052 0.000 0.115 0.992
23.916 -451.861 -70.464 -0.053 0.000 0.117 0.992
23.882 -451.722 -70.479 -0.054 0.000 0.119 0.991
23.857 -451.623 -70.490 -0.055 0.000 0.121 0.991
23.833 -451.524 -70.501 -0.055 0.000 0.123 0.991
23.811 -451.438 -70.511 -0.056 0.000 0.124 0.991
23.791 -451.363 -70.520 -0.057 0.000 0.126 0.990
23.767 -451.269 -70.531 -0.057 0.000 0.127 0.990
23.743 -451.179 -70.542 -0.058 0.000 0.129 0.990
23.720 -451.092 -70.552 -0.059 0.000 0.130 0.990
23.698 -451.012 -70.562 -0.059 0.000 0.132 0.989
23.669 -450.906 -70.575 -0.061 0.000 0.134 0.989
23.638 -450.794 -70.589 -0.061 0.000 0.136 0.989
23.603 -450.670 -70.605 -0.062 0.000 0.138 0.989
23.570 -450.555 -70.620 -0.063 0.000 0.140 0.988
23.547 -450.476 -70.630 -0.064 0.000 0.141 0.988
23.512 -450.360 -70.646 -0.064 0.000 0.143 0.988
23.469 -450.215 -70.665 -0.066 0.000 0.146 0.987
23.448 -450.147 -70.675 -0.066 0.000 0.147 0.987
23.419 -450.053 -70.688 -0.067 0.000 0.148 0.987
23.394 -449.970 -70.699 -0.068 0.000 0.150 0.986
23.362 -449.870 -70.714 -0.069 0.000 0.152 0.986
23.322 -449.746 -70.732 -0.070 0.000 0.154 0.986
23.287 -449.639 -70.747 -0.071 0.000 0.156 0.985
23.254 -449.538 -70.763 -0.071 0.000 0.158 0.985
23.235 -449.480 -70.771 -0.072 0.000 0.159 0.985
23.197 -449.367 -70.788 -0.072 0.000 0.161 0.984
23.169 -449.284 -70.801 -0.073 0.000 0.162 0.984
23.132 -449.178 -70.817 -0.074 0.000 0.164 0.984
23.093 -449.063 -70.835 -0.075 0.000 0.166 0.983
23.059 -448.968 -70.850 -0.076 0.000 0.168 0.983
23.030 -448.886 -70.863 -0.076 0.000 0.169 0.983
22.992 -448.781 -70.880 -0.077 0.000 0.171 0.982
22.970 -448.719 -70.890 -0.078 0.000 0.172 0.982
22.932 -448.617 -70.907 -0.078 0.000 0.174 0.982
22.906 -448.546 -70.919 -0.079 0.000 0.175 0.981
22.860 -448.422 -70.940 -0.080 0.000 0.178 0.981
22.840 -448.371 -70.949 -0.080 0.000 0.179 0.981
22.810 -448.292 -70.962 -0.081 0.000 0.180 0.980
22.761 -448.164 -70.984 -0.082 0.000 0.182 0.980
22.717 -448.051 -71.004 -0.083 0.000 0.184 0.979
22.690 -447.982 -71.016 -0.084 0.000 0.185 0.979
22.651 -447.886 -71.034 -0.085 0.000 0.187 0.979
22.603 -447.766 -71.055 -0.085 0.000 0.189 0.978
22.572 -447.690 -71.069 -0.085 0.000 0.190 0.978
22.524 -447.571 -71.091 -0.086 0.000 0.192 0.978
22.491 -447.494 -71.105 -0.087 0.000 0.193 0.977
22.455 -447.408 -71.122 -0.088 0.000 0.195 0.977
22.417 -447.317 -71.139 -0.088 0.000 0.197 0.976
22.383 -447.237 -71.154 -0.089 0.000 0.198 0.976
22.334 -447.122 -71.176 -0.090 0.000 0.200 0.976
22.293 -447.029 -71.194 -0.091 0.000 0.202 0.975
22.253 -446.937 -71.212 -0.091 0.000 0.204 0.975
22.220 -446.863 -71.227 -0.092 0.000 0.205 0.974
22.187 -446.789 -71.242 -0.092 0.000 0.207 0.974
22.159 -446.727 -71.254 -0.093 0.000 0.208 0.974
22.114 -446.628 -71.274 -0.093 0.000 0.210 0.973
22.074 -446.541 -71.292 -0.094 0.000 0.211 0.973
22.043 -446.473 -71.306 -0.094 0.000 0.213 0.973
22.007 -446.396 -71.322 -0.095 0.000 0.214 0.972
21.963 -446.303 -71.341 -0.096 0.000 0.216 0.972
21.936 -446.246 -71.354 -0.096 0.000 0.217 0.971
21.888 -446.146 -71.375 -0.098 0.000 0.219 0.971
21.820 -446.004 -71.405 -0.098 0.000 0.221 0.970
21.770 -445.902 -71.428 -0.099 0.000 0.223 0.970
21.728 -445.817 -71.446 -0.100 0.000 0.225 0.969
21.681 -445.724 -71.467 -0.100 0.000 0.226 0.969
21.630 -445.620 -71.490 -0.101 0.000 0.228 0.968
21.586 -445.535 -71.509 -0.102 0.000 0.229 0.968
21.543 -445.450 -71.528 -0.103 0.000 0.231 0.968
21.502 -445.370 -71.546 -0.103 0.000 0.232 0.967
21.446 -445.261 -71.571 -0.104 0.000 0.234 0.967
21.402 -445.178 -71.591 -0.105 0.000 0.235 0.966
21.350 -445.080 -71.614 -0.105 0.000 0.237 0.966
21.309 -445.002 -71.632 -0.106 0.000 0.238 0.965
21.248 -444.888 -71.659 -0.107 0.000 0.240 0.965
21.194 -444.789 -71.683 -0.108 0.000 0.242 0.964
21.151 -444.710 -71.702 -0.108 0.000 0.243 0.964
21.097 -444.611 -71.726 -0.109 0.000 0.245 0.963
21.035 -444.500 -71.754 -0.110 0.000 0.247 0.963
20.987 -444.414 -71.775 -0.110 0.000 0.248 0.962
20.930 -444.312 -71.800 -0.111 0.000 0.250 0.962
20.881 -444.225 -71.822 -0.111 0.000 0.251 0.962
20.826 -444.128 -71.847 -0.112 0.000 0.252 0.961
20.784 -444.057 -71.865 -0.112 0.000 0.253 0.961
20.745 -443.988 -71.882 -0.112 0.000 0.254 0.961
20.717 -443.941 -71.894 -0.112 0.000 0.255 0.961
20.649 -443.823 -71.924 -0.113 0.000 0.256 0.960
20.601 -443.741 -71.945 -0.113 0.001 0.257 0.960
20.535 -443.629 -71.974 -0.113 0.001 0.258 0.959
20.474 -443.525 -72.001 -0.113 0.001 0.260 0.959
20.432 -443.455 -72.019 -0.114 0.001 0.261 0.959
20.394 -443.390 -72.036 -0.114 0.001 0.262 0.958
20.328 -443.281 -72.064 -0.114 0.001 0.263 0.958
20.282 -443.204 -72.084 -0.115 0.001 0.264 0.958
20.232 -443.122 -72.106 -0.115 0.001 0.265 0.957
20.169 -443.020 -72.133 -0.116 0.001 0.267 0.957
20.115 -442.932 -72.157 -0.116 0.001 0.268 0.956
20.077 -442.871 -72.173 -0.117 0.001 0.269 0.956
20.019 -442.779 -72.198 -0.117 0.001 0.270 0.956
19.979 -442.714 -72.216 -0.118 0.001 0.271 0.955
19.933 -442.642 -72.235 -0.118 0.001 0.272 0.955
19.901 -442.591 -72.249 -0.118 0.001 0.273 0.955
19.879 -442.556 -72.259 -0.118 0.001 0.274 0.955
19.833 -442.484 -72.279 -0.119 0.001 0.275 0.954
19.780 -442.403 -72.301 -0.120 0.001 0.276 0.954
19.732 -442.327 -72.322 -0.120 0.001 0.277 0.953
19.689 -442.260 -72.341 -0.120 0.001 0.278 0.953
19.640 -442.185 -72.362 -0.121 0.001 0.279 0.953
19.578 -442.091 -72.389 -0.121 0.001 0.280 0.952
19.505 -441.980 -72.420 -0.122 0.001 0.282 0.952
19.444 -441.889 -72.446 -0.122 0.001 0.284 0.951
19.375 -441.785 -72.476 -0.123 0.001 0.286 0.950
19.284 -441.650 -72.515 -0.124 0.001 0.288 0.950
19.228 -441.569 -72.539 -0.124 0.001 0.289 0.949
19.184 -441.505 -72.558 -0.124 0.001 0.290 0.949
19.108 -441.394 -72.590 -0.124 0.001 0.291 0.949
19.044 -441.301 -72.617 -0.125 0.001 0.292 0.948
18.973 -441.200 -72.647 -0.126 0.001 0.294 0.947
18.926 -441.133 -72.667 -0.126 0.001 0.295 0.947
18.865 -441.046 -72.694 -0.127 0.001 0.296 0.947
18.825 -440.989 -72.711 -0.127 0.002 0.297 0.946
18.756 -440.893 -72.740 -0.127 0.002 0.298 0.946
18.706 -440.823 -72.761 -0.128 0.002 0.299 0.946
18.643 -440.737 -72.788 -0.128 0.002 0.301 0.945
18.602 -440.680 -72.805 -0.128 0.002 0.301 0.945
18.538 -440.592 -72.832 -0.129 0.001 0.302 0.944
18.467 -440.496 -72.862 -0.130 0.002 0.304 0.944
18.387 -440.386 -72.897 -0.130 0.001 0.305 0.943
18.342 -440.326 -72.916 -0.131 0.002 0.306 0.943
18.266 -440.223 -72.948 -0.131 0.002 0.307 0.943
18.203 -440.139 -72.975 -0.132 0.002 0.309 0.942
18.158 -440.080 -72.994 -0.132 0.002 0.309 0.942
18.105 -440.009 -73.016 -0.132 0.002 0.310 0.941
18.035 -439.918 -73.046 -0.133 0.002 0.312 0.941
17.965 -439.825 -73.076 -0.133 0.002 0.313 0.940
17.895 -439.735 -73.105 -0.134 0.002 0.314 0.940
17.856 -439.684 -73.122 -0.134 0.002 0.315 0.940
17.802 -439.614 -73.145 -0.134 0.002 0.316 0.939
17.760 -439.561 -73.162 -0.134 0.002 0.316 0.939
17.673 -439.449 -73.199 -0.135 0.002 0.318 0.939
17.645 -439.412 -73.211 -0.135 0.002 0.318 0.938
17.566 -439.313 -73.244 -0.136 0.002 0.319 0.938
17.493 -439.220 -73.276 -0.136 0.002 0.320 0.938
17.426 -439.137 -73.304 -0.136 0.002 0.321 0.937
17.353 -439.045 -73.334 -0.136 0.002 0.322 0.937
17.286 -438.962 -73.362 -0.136 0.002 0.323 0.937
17.217 -438.875 -73.391 -0.136 0.002 0.324 0.936
17.171 -438.819 -73.410 -0.136 0.002 0.324 0.936
17.083 -438.710 -73.447 -0.136 0.002 0.326 0.936
17.044 -438.661 -73.463 -0.137 0.002 0.326 0.935
16.986 -438.591 -73.488 -0.137 0.003 0.327 0.935
16.925 -438.517 -73.513 -0.137 0.003 0.328 0.935
16.849 -438.423 -73.544 -0.137 0.003 0.329 0.935
16.781 -438.341 -73.572 -0.137 0.003 0.329 0.934
16.718 -438.265 -73.598 -0.137 0.003 0.330 0.934
16.664 -438.200 -73.620 -0.137 0.003 0.330 0.934
16.600 -438.123 -73.647 -0.137 0.003 0.331 0.934
16.528 -438.037 -73.676 -0.137 0.003 0.332 0.933
16.465 -437.962 -73.702 -0.137 0.003 0.333 0.933
16.389 -437.871 -73.733 -0.137 0.003 0.334 0.933
16.297 -437.762 -73.770 -0.137 0.003 0.335 0.932
16.217 -437.668 -73.803 -0.137 0.004 0.336 0.932
16.158 -437.598 -73.827 -0.138 0.004 0.337 0.932
16.098 -437.529 -73.851 -0.137 0.004 0.337 0.931
16.052 -437.475 -73.869 -0.137 0.004 0.338 0.931
16.010 -437.426 -73.886 -0.137 0.004 0.338 0.931
15.954 -437.361 -73.909 -0.137 0.004 0.339 0.931
15.912 -437.313 -73.925 -0.137 0.004 0.340 0.931
15.838 -437.227 -73.955 -0.138 0.004 0.340 0.930
15.787 -437.169 -73.975 -0.137 0.004 0.341 0.930
15.726 -437.099 -73.999 -0.137 0.004 0.341 0.930
15.656 -437.018 -74.028 -0.137 0.004 0.342 0.930
15.571 -436.921 -74.061 -0.137 0.005 0.342 0.930
15.499 -436.839 -74.089 -0.137 0.005 0.343 0.929
15.423 -436.752 -74.119 -0.137 0.005 0.344 0.929
15.358 -436.679 -74.145 -0.137 0.005 0.344 0.929
15.308 -436.622 -74.164 -0.137 0.005 0.345 0.929
15.267 -436.575 -74.181 -0.137 0.005 0.345 0.928
15.195 -436.495 -74.208 -0.137 0.005 0.346 0.928
15.104 -436.393 -74.244 -0.138 0.005 0.347 0.928
15.035 -436.315 -74.271 -0.138 0.005 0.348 0.928
14.979 -436.253 -74.293 -0.138 0.005 0.348 0.927
14.898 -436.163 -74.324 -0.138 0.005 0.349 0.927
14.846 -436.105 -74.344 -0.138 0.005 0.350 0.927
14.794 -436.048 -74.364 -0.138 0.005 0.350 0.927
14.715 -435.961 -74.395 -0.138 0.005 0.351 0.926
14.661 -435.901 -74.416 -0.138 0.006 0.351 0.926
14.627 -435.865 -74.429 -0.138 0.006 0.351 0.926
14.574 -435.806 -74.449 -0.138 0.006 0.352 0.926
14.516 -435.743 -74.472 -0.138 0.006 0.352 0.926
14.446 -435.666 -74.499 -0.138 0.006 0.353 0.925
