26.390 -423.599 -82.405 -0.025 0.000 0.050 0.998
26.379 -423.489 -82.411 -0.027 0.000 0.052 0.998
26.369 -423.391 -82.416 -0.028 0.000 0.053 0.998
26.359 -423.304 -82.421 -0.028 0.000 0.054 0.998
26.352 -423.237 -82.425 -0.028 0.000 0.055 0.998
26.342 -423.155 -82.429 -0.029 0.000 0.057 0.998
26.329 -423.040 -82.436 -0.030 0.000 0.059 0.998
26.316 -422.930 -82.443 -0.030 0.000 0.060 0.998
26.296 -422.769 -82.453 -0.031 0.000 0.062 0.998
26.286 -422.694 -82.458 -0.032 0.000 0.064 0.997
26.269 -422.559 -82.466 -0.033 0.000 0.066 0.997
26.257 -422.469 -82.472 -0.033 0.000 0.067 0.997
26.246 -422.387 -82.478 -0.034 0.000 0.068 0.997
26.234 -422.302 -82.484 -0.034 0.000 0.070 0.997
26.222 -422.224 -82.489 -0.035 0.000 0.071 0.997
26.206 -422.110 -82.497 -0.035 0.000 0.073 0.997
26.190 -422.004 -82.505 -0.036 0.000 0.075 0.997
26.172 -421.887 -82.513 -0.037 0.000 0.077 0.996
26.155 -421.779 -82.521 -0.037 0.000 0.078 0.996
26.134 -421.648 -82.531 -0.038 0.000 0.081 0.996
26.116 -421.535 -82.540 -0.039 0.000 0.082 0.996
26.090 -421.385 -82.552 -0.039 0.000 0.085 0.996
26.071 -421.274 -82.561 -0.040 0.000 0.086 0.995
26.056 -421.189 -82.568 -0.040 0.000 0.088 0.995
26.037 -421.085 -82.576 -0.041 0.000 0.089 0.995
26.015 -420.965 -82.587 -0.042 0.000 0.091 0.995
26.002 -420.891 -82.593 -0.043 0.000 0.093 0.995
25.976 -420.758 -82.604 -0.044 0.000 0.095 0.995
25.961 -420.682 -82.611 -0.044 0.000 0.096 0.994
25.939 -420.566 -82.622 -0.045 0.000 0.098 0.994
25.918 -420.464 -82.631 -0.046 0.000 0.100 0.994
25.900 -420.374 -82.640 -0.047 0.000 0.101 0.994
25.888 -420.319 -82.645 -0.047 0.000 0.102 0.994
25.870 -420.235 -82.653 -0.048 0.000 0.104 0.993
25.856 -420.169 -82.660 -0.048 0.000 0.105 0.993
25.834 -420.063 -82.670 -0.049 0.000 0.107 0.993
25.812 -419.968 -82.680 -0.050 0.000 0.109 0.993
25.784 -419.842 -82.693 -0.050 0.000 0.110 0.993
25.762 -419.746 -82.703 -0.051 0.000 0.112 0.992
25.744 -419.664 -82.711 -0.051 0.000 0.114 0.992
25.714 -419.539 -82.725 -0.052 0.000 0.116 0.992
25.691 -419.441 -82.735 -0.053 0.000 0.118 0.992
25.666 -419.340 -82.747 -0.054 0.000 0.120 0.991
25.633 -419.206 -82.761 -0.055 0.000 0.122 0.991
25.610 -419.118 -82.771 -0.055 0.000 0.124 0.991
25.591 -419.042 -82.780 -0.056 0.000 0.125 0.991
25.559 -418.917 -82.795 -0.057 0.000 0.128 0.990
25.540 -418.847 -82.803 -0.057 0.000 0.129 0.990
25.516 -418.758 -82.813 -0.058 0.000 0.131 0.990
25.487 -418.652 -82.826 -0.059 0.000 0.132 0.989
25.459 -418.549 -82.839 -0.060 0.000 0.135 0.989
25.430 -418.446 -82.851 -0.060 0.001 0.137 0.989
25.406 -418.360 -82.862 -0.061 0.001 0.138 0.989
25.374 -418.251 -82.876 -0.062 0.001 0.140 0.988
25.343 -418.147 -82.889 -0.062 0.001 0.142 0.988
25.321 -418.071 -82.899 -0.063 0.001 0.144 0.988
25.282 -417.941 -82.916 -0.064 0.001 0.146 0.987
25.255 -417.855 -82.928 -0.064 0.001 0.148 0.987
25.228 -417.769 -82.940 -0.065 0.001 0.149 0.987
25.205 -417.695 -82.950 -0.066 0.001 0.150 0.986
25.180 -417.616 -82.961 -0.067 0.001 0.152 0.986
25.141 -417.491 -82.978 -0.068 0.001 0.154 0.986
25.118 -417.420 -82.988 -0.068 0.001 0.155 0.986
25.080 -417.306 -83.005 -0.069 0.001 0.157 0.985
25.047 -417.206 -83.019 -0.069 0.001 0.159 0.985
25.029 -417.151 -83.027 -0.070 0.001 0.160 0.985
24.993 -417.045 -83.042 -0.070 0.001 0.162 0.984
24.967 -416.969 -83.054 -0.071 0.001 0.163 0.984
24.924 -416.846 -83.072 -0.072 0.001 0.165 0.984
24.885 -416.732 -83.090 -0.073 0.001 0.167 0.983
24.846 -416.623 -83.106 -0.074 0.001 0.169 0.983
24.804 -416.507 -83.125 -0.075 0.001 0.172 0.982
24.759 -416.382 -83.144 -0.076 0.001 0.174 0.982
24.702 -416.231 -83.169 -0.077 0.001 0.177 0.981
24.681 -416.174 -83.178 -0.078 0.001 0.178 0.981
24.637 -416.057 -83.198 -0.079 0.001 0.180 0.981
24.602 -415.967 -83.213 -0.079 0.001 0.181 0.980
24.555 -415.846 -83.233 -0.080 0.001 0.183 0.980
24.515 -415.743 -83.251 -0.081 0.001 0.185 0.979
24.482 -415.660 -83.265 -0.082 0.001 0.187 0.979
24.452 -415.585 -83.278 -0.082 0.001 0.188 0.979
24.410 -415.481 -83.297 -0.083 0.001 0.190 0.978
24.370 -415.383 -83.314 -0.084 0.001 0.192 0.978
24.332 -415.291 -83.331 -0.084 0.001 0.193 0.978
24.293 -415.198 -83.348 -0.085 0.001 0.194 0.977
24.241 -415.075 -83.371 -0.086 0.001 0.196 0.977
24.199 -414.975 -83.389 -0.087 0.000 0.198 0.976
24.151 -414.864 -83.410 -0.088 0.000 0.200 0.976
24.108 -414.764 -83.429 -0.089 0.000 0.202 0.975
24.069 -414.677 -83.446 -0.089 0.001 0.204 0.975
24.029 -414.586 -83.464 -0.090 0.001 0.205 0.975
23.966 -414.446 -83.491 -0.092 0.000 0.208 0.974
23.927 -414.359 -83.509 -0.092 0.000 0.210 0.973
23.883 -414.264 -83.528 -0.094 0.000 0.212 0.973
23.856 -414.207 -83.539 -0.094 0.000 0.213 0.973
23.827 -414.144 -83.552 -0.095 0.000 0.214 0.972
23.771 -414.025 -83.577 -0.096 0.000 0.216 0.972
23.719 -413.916 -83.600 -0.097 0.000 0.218 0.971
23.667 -413.807 -83.623 -0.097 0.000 0.221 0.970
23.618 -413.707 -83.644 -0.098 0.001 0.223 0.970
23.569 -413.608 -83.666 -0.099 0.001 0.225 0.969
23.521 -413.511 -83.687 -0.099 0.001 0.227 0.969
23.489 -413.448 -83.701 -0.100 0.001 0.228 0.968
23.434 -413.340 -83.725 -0.101 0.001 0.231 0.968
23.368 -413.211 -83.754 -0.102 0.000 0.233 0.967
23.329 -413.137 -83.771 -0.103 0.000 0.235 0.967
23.291 -413.065 -83.788 -0.104 0.001 0.236 0.966
23.241 -412.970 -83.810 -0.104 0.001 0.238 0.966
23.185 -412.865 -83.834 -0.105 0.001 0.240 0.965
23.132 -412.768 -83.857 -0.106 0.000 0.242 0.964
23.079 -412.670 -83.881 -0.107 0.000 0.244 0.964
23.050 -412.617 -83.894 -0.108 0.000 0.245 0.963
23.001 -412.529 -83.915 -0.109 0.000 0.247 0.963
22.941 -412.422 -83.942 -0.110 0.000 0.249 0.962
22.878 -412.312 -83.969 -0.111 0.000 0.251 0.962
22.839 -412.242 -83.987 -0.112 0.000 0.253 0.961
22.774 -412.131 -84.015 -0.113 0.000 0.255 0.960
22.731 -412.057 -84.034 -0.113 0.000 0.256 0.960
22.695 -411.994 -84.050 -0.114 0.000 0.258 0.960
22.639 -411.900 -84.075 -0.115 0.000 0.260 0.959
22.576 -411.795 -84.103 -0.116 0.000 0.262 0.958
22.520 -411.702 -84.127 -0.117 0.000 0.264 0.958
22.463 -411.609 -84.153 -0.118 0.000 0.266 0.957
22.420 -411.537 -84.172 -0.118 0.000 0.267 0.956
22.365 -411.450 -84.196 -0.119 0.000 0.269 0.956
22.333 -411.399 -84.210 -0.120 0.000 0.270 0.955
22.290 -411.329 -84.229 -0.120 0.000 0.271 0.955
22.238 -411.247 -84.252 -0.121 0.000 0.273 0.954
22.200 -411.188 -84.269 -0.122 0.000 0.275 0.954
22.168 -411.138 -84.283 -0.122 0.000 0.276 0.953
22.126 -411.073 -84.302 -0.123 0.000 0.277 0.953
22.080 -411.003 -84.322 -0.123 0.000 0.278 0.953
22.031 -410.927 -84.344 -0.124 0.000 0.280 0.952
21.970 -410.834 -84.371 -0.125 0.000 0.282 0.951
21.919 -410.758 -84.393 -0.126 0.000 0.283 0.951
21.865 -410.676 -84.418 -0.127 0.000 0.285 0.950
21.789 -410.564 -84.451 -0.128 0.000 0.288 0.949
21.704 -410.440 -84.489 -0.129 0.000 0.290 0.948
21.641 -410.350 -84.517 -0.130 0.000 0.292 0.947
21.569 -410.246 -84.549 -0.131 0.000 0.295 0.947
21.473 -410.111 -84.591 -0.132 0.000 0.298 0.945
21.426 -410.046 -84.612 -0.133 0.000 0.299 0.945
21.354 -409.946 -84.644 -0.134 0.000 0.301 0.944
21.278 -409.842 -84.678 -0.135 0.000 0.303 0.943
21.215 -409.756 -84.706 -0.136 0.000 0.305 0.943
21.154 -409.675 -84.733 -0.136 0.000 0.307 0.942
21.101 -409.604 -84.756 -0.137 0.000 0.309 0.941
21.038 -409.521 -84.784 -0.138 0.000 0.311 0.941
20.981 -409.447 -84.809 -0.138 0.000 0.312 0.940
20.931 -409.381 -84.832 -0.139 0.000 0.314 0.939
20.857 -409.286 -84.864 -0.140 0.000 0.316 0.938
20.813 -409.230 -84.884 -0.140 0.000 0.317 0.938
20.749 -409.148 -84.912 -0.141 0.000 0.319 0.937
20.680 -409.062 -84.942 -0.142 0.000 0.321 0.936
20.628 -408.997 -84.966 -0.143 0.000 0.323 0.936
20.562 -408.915 -84.995 -0.143 0.000 0.325 0.935
20.472 -408.805 -85.034 -0.144 0.000 0.327 0.934
20.411 -408.731 -85.061 -0.145 0.000 0.329 0.933
20.340 -408.645 -85.093 -0.146 0.001 0.331 0.932
20.273 -408.565 -85.122 -0.147 0.000 0.333 0.931
20.198 -408.477 -85.155 -0.147 0.001 0.335 0.931
20.145 -408.415 -85.178 -0.148 0.001 0.336 0.930
20.084 -408.345 -85.205 -0.149 0.001 0.338 0.929
20.010 -408.260 -85.237 -0.150 0.001 0.340 0.928
19.953 -408.194 -85.263 -0.151 0.001 0.342 0.928
19.896 -408.130 -85.288 -0.151 0.001 0.344 0.927
19.823 -408.048 -85.320 -0.152 0.000 0.346 0.926
19.770 -407.989 -85.343 -0.153 0.000 0.347 0.925
19.727 -407.942 -85.362 -0.154 0.000 0.348 0.925
19.668 -407.877 -85.388 -0.154 0.000 0.350 0.924
19.640 -407.847 -85.400 -0.155 0.000 0.350 0.924
19.547 -407.746 -85.441 -0.155 0.001 0.353 0.923
19.503 -407.697 -85.461 -0.156 0.001 0.354 0.922
19.424 -407.613 -85.496 -0.157 0.000 0.356 0.921
19.347 -407.532 -85.530 -0.158 0.000 0.358 0.920
19.233 -407.413 -85.580 -0.159 0.000 0.361 0.919
19.160 -407.337 -85.612 -0.160 0.000 0.363 0.918
19.091 -407.266 -85.642 -0.161 0.000 0.365 0.917
19.040 -407.214 -85.665 -0.162 0.000 0.366 0.916
18.973 -407.147 -85.694 -0.163 0.000 0.368 0.915
18.915 -407.089 -85.720 -0.164 0.000 0.370 0.915
18.817 -406.991 -85.764 -0.164 0.000 0.372 0.914
18.762 -406.938 -85.788 -0.165 0.000 0.373 0.913
18.702 -406.879 -85.814 -0.166 0.000 0.375 0.912
18.652 -406.830 -85.836 -0.166 0.000 0.376 0.912
18.601 -406.781 -85.859 -0.167 0.000 0.377 0.911
18.541 -406.724 -85.885 -0.167 0.000 0.379 0.910
18.466 -406.653 -85.918 -0.168 0.001 0.381 0.909
18.387 -406.579 -85.953 -0.169 0.000 0.383 0.908
18.320 -406.516 -85.983 -0.170 0.000 0.384 0.907
18.212 -406.417 -86.030 -0.170 0.001 0.387 0.906
18.129 -406.341 -86.067 -0.171 0.001 0.389 0.905
18.040 -406.261 -86.106 -0.172 0.001 0.391 0.904
17.992 -406.218 -86.127 -0.173 0.001 0.392 0.903
17.916 -406.151 -86.161 -0.174 0.000 0.394 0.903
17.861 -406.102 -86.185 -0.174 0.000 0.395 0.902
17.803 -406.052 -86.210 -0.175 0.001 0.397 0.901
17.736 -405.993 -86.240 -0.175 0.001 0.398 0.900
17.692 -405.955 -86.259 -0.176 0.001 0.399 0.900
17.639 -405.910 -86.283 -0.176 0.001 0.401 0.899
17.533 -405.819 -86.329 -0.177 0.001 0.403 0.898
17.463 -405.760 -86.360 -0.178 0.001 0.405 0.897
17.408 -405.714 -86.384 -0.178 0.001 0.406 0.896
17.336 -405.654 -86.416 -0.179 0.001 0.407 0.896
17.286 -405.614 -86.437 -0.179 0.001 0.408 0.895
17.219 -405.558 -86.467 -0.180 0.001 0.410 0.894
17.140 -405.494 -86.501 -0.181 0.001 0.412 0.893
17.048 -405.420 -86.542 -0.181 0.001 0.414 0.892
16.997 -405.379 -86.564 -0.182 0.001 0.415 0.891
16.927 -405.323 -86.595 -0.182 0.001 0.417 0.891
16.824 -405.243 -86.639 -0.183 0.001 0.419 0.889
16.700 -405.147 -86.694 -0.185 0.001 0.422 0.888
16.625 -405.090 -86.726 -0.186 0.001 0.423 0.887
16.537 -405.022 -86.765 -0.186 0.001 0.425 0.886
16.456 -404.961 -86.800 -0.187 0.001 0.427 0.885
16.377 -404.903 -86.835 -0.188 0.001 0.428 0.884
16.293 -404.841 -86.872 -0.188 0.001 0.430 0.883
16.224 -404.790 -86.902 -0.189 0.001 0.431 0.882
16.126 -404.718 -86.945 -0.190 0.001 0.433 0.881
16.052 -404.665 -86.977 -0.191 0.001 0.435 0.880
15.973 -404.609 -87.012 -0.192 0.001 0.436 0.879
15.910 -404.565 -87.039 -0.192 0.001 0.438 0.878
15.868 -404.535 -87.058 -0.193 0.001 0.439 0.878
15.772 -404.468 -87.099 -0.193 0.001 0.440 0.877
15.669 -404.396 -87.145 -0.194 0.001 0.442 0.876
15.601 -404.350 -87.174 -0.195 0.001 0.444 0.875
15.560 -404.322 -87.193 -0.195 0.001 0.444 0.874
15.443 -404.242 -87.244 -0.196 0.001 0.447 0.873
15.273 -404.130 -87.318 -0.198 0.001 0.450 0.871
15.194 -404.078 -87.353 -0.198 0.001 0.452 0.870
15.082 -404.005 -87.402 -0.199 0.001 0.454 0.869
14.988 -403.944 -87.443 -0.200 0.001 0.455 0.868
14.898 -403.887 -87.482 -0.201 0.001 0.457 0.866
14.801 -403.826 -87.525 -0.202 0.001 0.459 0.865
14.693 -403.758 -87.573 -0.202 0.001 0.461 0.864
14.600 -403.701 -87.613 -0.203 0.001 0.463 0.863
14.537 -403.663 -87.641 -0.203 0.001 0.464 0.862
14.405 -403.583 -87.698 -0.205 0.001 0.466 0.861
14.293 -403.516 -87.748 -0.206 0.001 0.468 0.859
14.221 -403.474 -87.779 -0.206 0.001 0.469 0.858
14.145 -403.430 -87.812 -0.207 0.001 0.471 0.858
14.100 -403.403 -87.832 -0.207 0.001 0.472 0.857
14.007 -403.350 -87.873 -0.208 0.001 0.473 0.856
13.917 -403.298 -87.912 -0.208 0.001 0.475 0.855
13.851 -403.261 -87.941 -0.209 0.001 0.476 0.854
13.786 -403.224 -87.970 -0.209 0.001 0.477 0.854
13.714 -403.184 -88.001 -0.209 0.001 0.478 0.853
13.621 -403.133 -88.042 -0.210 0.001 0.480 0.852
13.524 -403.080 -88.084 -0.211 0.001 0.482 0.851
13.438 -403.033 -88.121 -0.211 0.001 0.483 0.850
13.283 -402.950 -88.189 -0.212 0.001 0.486 0.848
13.187 -402.899 -88.231 -0.213 0.001 0.487 0.847
13.066 -402.836 -88.283 -0.214 0.001 0.489 0.846
12.953 -402.778 -88.332 -0.214 0.001 0.491 0.844
12.888 -402.744 -88.361 -0.215 0.002 0.492 0.843
12.784 -402.692 -88.406 -0.215 0.002 0.494 0.842
12.716 -402.658 -88.435 -0.216 0.002 0.495 0.841
12.636 -402.618 -88.470 -0.216 0.002 0.497 0.841
12.534 -402.567 -88.514 -0.217 0.002 0.498 0.839
12.459 -402.531 -88.546 -0.217 0.002 0.500 0.838
12.370 -402.488 -88.585 -0.218 0.002 0.501 0.837
12.267 -402.439 -88.629 -0.219 0.002 0.503 0.836
12.190 -402.403 -88.663 -0.219 0.002 0.504 0.835
12.076 -402.350 -88.712 -0.220 0.002 0.506 0.834
12.021 -402.324 -88.735 -0.220 0.002 0.507 0.833
11.959 -402.295 -88.762 -0.220 0.002 0.508 0.833
11.871 -402.256 -88.800 -0.221 0.002 0.509 0.832
11.785 -402.217 -88.837 -0.221 0.002 0.511 0.831
11.699 -402.179 -88.874 -0.222 0.002 0.512 0.830
11.622 -402.145 -88.907 -0.223 0.002 0.514 0.829
11.541 -402.109 -88.942 -0.223 0.002 0.515 0.828
11.412 -402.054 -88.997 -0.224 0.003 0.517 0.826
11.344 -402.025 -89.027 -0.224 0.003 0.518 0.825
11.234 -401.979 -89.073 -0.225 0.003 0.520 0.824
11.154 -401.946 -89.108 -0.226 0.003 0.522 0.823
11.044 -401.901 -89.155 -0.226 0.003 0.523 0.822
10.950 -401.863 -89.195 -0.227 0.003 0.525 0.820
10.828 -401.814 -89.248 -0.228 0.002 0.526 0.819
10.768 -401.791 -89.273 -0.228 0.002 0.527 0.818
10.726 -401.775 -89.292 -0.229 0.003 0.528 0.818
10.636 -401.740 -89.330 -0.229 0.003 0.530 0.817
10.549 -401.706 -89.368 -0.230 0.003 0.531 0.815
10.445 -401.667 -89.412 -0.231 0.003 0.533 0.814
10.362 -401.636 -89.448 -0.231 0.002 0.534 0.813
10.306 -401.616 -89.472 -0.232 0.002 0.535 0.813
10.196 -401.575 -89.519 -0.233 0.002 0.536 0.811
10.128 -401.551 -89.548 -0.233 0.002 0.537 0.811
10.011 -401.509 -89.599 -0.234 0.002 0.539 0.809
9.944 -401.485 -89.627 -0.234 0.003 0.540 0.809
9.850 -401.452 -89.668 -0.234 0.002 0.541 0.808
9.766 -401.423 -89.704 -0.235 0.002 0.542 0.807
9.668 -401.390 -89.746 -0.236 0.002 0.544 0.806
9.550 -401.350 -89.797 -0.236 0.002 0.545 0.804
