26.390 -423.600 -82.405 -0.025 0.000 0.049 0.998
26.383 -423.526 -82.409 -0.026 0.000 0.051 0.998
26.369 -423.397 -82.415 -0.026 0.000 0.053 0.998
26.361 -423.317 -82.420 -0.027 0.000 0.054 0.998
26.350 -423.217 -82.425 -0.027 0.000 0.056 0.998
26.333 -423.075 -82.433 -0.028 0.000 0.058 0.998
26.319 -422.956 -82.440 -0.029 0.000 0.060 0.998
26.296 -422.768 -82.451 -0.030 0.000 0.063 0.998
26.275 -422.610 -82.461 -0.031 0.000 0.066 0.997
26.261 -422.506 -82.467 -0.032 0.000 0.067 0.997
26.246 -422.395 -82.475 -0.033 0.000 0.069 0.997
26.234 -422.308 -82.480 -0.033 0.000 0.070 0.997
26.217 -422.190 -82.489 -0.034 0.000 0.072 0.997
26.202 -422.086 -82.496 -0.035 0.000 0.073 0.997
26.191 -422.012 -82.501 -0.035 0.000 0.074 0.997
26.180 -421.943 -82.506 -0.036 0.000 0.075 0.997
26.166 -421.850 -82.513 -0.037 0.000 0.077 0.996
26.154 -421.776 -82.518 -0.037 0.000 0.078 0.996
26.133 -421.647 -82.528 -0.038 0.000 0.080 0.996
26.118 -421.550 -82.536 -0.039 0.000 0.082 0.996
26.100 -421.442 -82.544 -0.040 0.000 0.083 0.996
26.083 -421.344 -82.552 -0.040 0.000 0.085 0.996
26.063 -421.231 -82.561 -0.041 0.000 0.087 0.995
26.044 -421.124 -82.570 -0.042 0.000 0.089 0.995
26.032 -421.055 -82.576 -0.042 0.000 0.090 0.995
26.008 -420.929 -82.587 -0.043 0.000 0.092 0.995
25.988 -420.820 -82.597 -0.044 0.000 0.093 0.995
25.970 -420.724 -82.606 -0.045 0.000 0.095 0.994
25.953 -420.638 -82.613 -0.045 0.000 0.096 0.994
25.937 -420.558 -82.621 -0.046 0.000 0.098 0.994
25.911 -420.426 -82.633 -0.047 0.000 0.099 0.994
25.887 -420.313 -82.644 -0.047 0.000 0.102 0.994
25.868 -420.222 -82.653 -0.048 0.000 0.103 0.994
25.846 -420.116 -82.663 -0.048 0.000 0.105 0.993
25.825 -420.018 -82.673 -0.049 0.000 0.107 0.993
25.796 -419.887 -82.686 -0.050 0.000 0.109 0.993
25.767 -419.760 -82.700 -0.051 0.000 0.111 0.992
25.742 -419.652 -82.711 -0.052 0.000 0.113 0.992
25.719 -419.552 -82.722 -0.053 0.000 0.115 0.992
25.695 -419.450 -82.733 -0.053 0.000 0.117 0.992
25.680 -419.388 -82.740 -0.054 0.000 0.118 0.992
25.650 -419.265 -82.753 -0.055 0.000 0.120 0.991
25.616 -419.128 -82.769 -0.056 0.000 0.122 0.991
25.598 -419.059 -82.777 -0.056 0.000 0.124 0.991
25.574 -418.964 -82.788 -0.057 0.000 0.125 0.990
25.539 -418.832 -82.803 -0.058 0.000 0.128 0.990
25.508 -418.714 -82.818 -0.059 0.000 0.130 0.990
25.477 -418.598 -82.832 -0.060 0.000 0.132 0.990
25.448 -418.492 -82.845 -0.060 0.000 0.134 0.989
25.414 -418.369 -82.860 -0.061 0.000 0.136 0.989
25.398 -418.314 -82.867 -0.062 0.000 0.137 0.989
25.365 -418.199 -82.882 -0.062 0.000 0.139 0.988
25.346 -418.132 -82.891 -0.063 0.000 0.140 0.988
25.322 -418.050 -82.902 -0.063 0.000 0.141 0.988
25.289 -417.939 -82.916 -0.064 0.000 0.143 0.988
25.261 -417.846 -82.928 -0.065 0.000 0.145 0.987
25.217 -417.700 -82.948 -0.066 0.000 0.147 0.987
25.157 -417.508 -82.975 -0.068 0.000 0.151 0.986
25.137 -417.445 -82.984 -0.068 0.000 0.152 0.986
25.095 -417.314 -83.003 -0.069 0.000 0.154 0.986
25.073 -417.247 -83.013 -0.070 0.000 0.155 0.985
25.033 -417.125 -83.031 -0.070 0.001 0.158 0.985
25.010 -417.055 -83.041 -0.071 0.001 0.159 0.985
24.977 -416.956 -83.055 -0.071 0.001 0.161 0.984
24.929 -416.816 -83.077 -0.072 0.001 0.163 0.984
24.894 -416.714 -83.092 -0.073 0.001 0.165 0.984
24.846 -416.579 -83.113 -0.074 0.001 0.168 0.983
24.801 -416.452 -83.133 -0.075 0.001 0.170 0.983
24.767 -416.356 -83.148 -0.075 0.001 0.172 0.982
24.724 -416.239 -83.167 -0.076 0.001 0.174 0.982
24.687 -416.139 -83.183 -0.077 0.001 0.175 0.982
24.655 -416.053 -83.197 -0.078 0.001 0.177 0.981
24.633 -415.996 -83.206 -0.078 0.001 0.178 0.981
24.604 -415.918 -83.219 -0.078 0.001 0.179 0.981
24.561 -415.807 -83.238 -0.079 0.001 0.181 0.980
24.518 -415.695 -83.257 -0.080 0.001 0.183 0.980
24.489 -415.622 -83.269 -0.081 0.001 0.184 0.980
24.447 -415.515 -83.288 -0.082 0.001 0.186 0.979
24.410 -415.421 -83.304 -0.082 0.001 0.187 0.979
24.376 -415.337 -83.319 -0.083 0.001 0.189 0.978
24.324 -415.209 -83.342 -0.084 0.001 0.191 0.978
24.291 -415.129 -83.356 -0.085 0.001 0.193 0.978
24.260 -415.055 -83.370 -0.085 0.001 0.194 0.977
24.212 -414.941 -83.390 -0.086 0.001 0.196 0.977
24.166 -414.834 -83.410 -0.087 0.001 0.199 0.976
24.127 -414.743 -83.427 -0.088 0.001 0.200 0.976
24.080 -414.634 -83.448 -0.088 0.001 0.202 0.975
24.055 -414.577 -83.459 -0.089 0.001 0.203 0.975
24.002 -414.458 -83.482 -0.089 0.001 0.206 0.975
23.974 -414.395 -83.494 -0.090 0.001 0.207 0.974
23.935 -414.309 -83.511 -0.091 0.001 0.209 0.974
23.894 -414.218 -83.529 -0.091 0.001 0.210 0.973
23.856 -414.137 -83.545 -0.092 0.001 0.212 0.973
23.784 -413.982 -83.576 -0.093 0.001 0.214 0.972
23.741 -413.891 -83.595 -0.094 0.001 0.216 0.972
23.688 -413.779 -83.618 -0.094 0.001 0.218 0.971
23.633 -413.664 -83.641 -0.095 0.001 0.221 0.971
23.601 -413.599 -83.655 -0.096 0.001 0.222 0.970
23.557 -413.509 -83.674 -0.096 0.001 0.224 0.970
23.510 -413.414 -83.694 -0.097 0.001 0.226 0.969
23.481 -413.356 -83.707 -0.098 0.001 0.227 0.969
23.428 -413.251 -83.729 -0.099 0.001 0.229 0.969
23.376 -413.149 -83.752 -0.100 0.001 0.231 0.968
23.320 -413.040 -83.776 -0.101 0.001 0.233 0.967
23.270 -412.944 -83.797 -0.101 0.001 0.235 0.967
23.219 -412.847 -83.819 -0.102 0.001 0.237 0.966
23.185 -412.783 -83.834 -0.103 0.001 0.238 0.966
23.139 -412.696 -83.854 -0.103 0.001 0.240 0.965
23.112 -412.646 -83.865 -0.104 0.001 0.241 0.965
23.060 -412.551 -83.888 -0.105 0.001 0.243 0.964
22.994 -412.430 -83.916 -0.106 0.001 0.245 0.964
22.952 -412.354 -83.934 -0.107 0.001 0.247 0.963
22.909 -412.276 -83.953 -0.108 0.001 0.249 0.963
22.848 -412.170 -83.979 -0.108 0.001 0.251 0.962
22.805 -412.093 -83.998 -0.109 0.001 0.253 0.961
22.757 -412.010 -84.018 -0.110 0.001 0.254 0.961
22.721 -411.949 -84.034 -0.110 0.001 0.255 0.961
22.680 -411.878 -84.051 -0.111 0.001 0.257 0.960
22.617 -411.771 -84.078 -0.113 0.001 0.259 0.959
22.558 -411.671 -84.104 -0.113 0.001 0.261 0.959
22.497 -411.569 -84.131 -0.115 0.001 0.263 0.958
22.439 -411.475 -84.156 -0.116 0.001 0.265 0.957
22.397 -411.405 -84.175 -0.117 0.001 0.267 0.957
22.355 -411.337 -84.193 -0.117 0.001 0.268 0.956
22.288 -411.230 -84.222 -0.119 0.000 0.270 0.955
22.197 -411.086 -84.262 -0.120 0.000 0.273 0.955
22.151 -411.013 -84.282 -0.120 0.000 0.275 0.954
22.070 -410.888 -84.317 -0.121 0.001 0.277 0.953
21.995 -410.772 -84.350 -0.122 0.001 0.280 0.952
21.946 -410.697 -84.371 -0.123 0.001 0.282 0.952
21.903 -410.633 -84.390 -0.123 0.001 0.283 0.951
21.842 -410.542 -84.416 -0.124 0.001 0.285 0.950
21.790 -410.464 -84.439 -0.125 0.001 0.287 0.950
21.738 -410.389 -84.461 -0.126 0.001 0.288 0.949
21.647 -410.255 -84.501 -0.127 0.001 0.291 0.948
21.573 -410.149 -84.533 -0.128 0.001 0.293 0.947
21.506 -410.054 -84.562 -0.128 0.001 0.295 0.947
21.443 -409.964 -84.590 -0.129 0.001 0.297 0.946
21.375 -409.869 -84.619 -0.130 0.001 0.299 0.945
21.314 -409.785 -84.646 -0.131 0.001 0.301 0.945
21.258 -409.708 -84.670 -0.131 0.001 0.302 0.944
21.197 -409.626 -84.697 -0.132 0.001 0.304 0.943
21.168 -409.586 -84.709 -0.133 0.001 0.305 0.943
21.120 -409.521 -84.730 -0.134 0.001 0.306 0.942
21.056 -409.436 -84.758 -0.135 0.001 0.308 0.942
20.993 -409.352 -84.786 -0.136 0.000 0.310 0.941
20.926 -409.263 -84.815 -0.136 0.000 0.311 0.940
20.855 -409.170 -84.846 -0.137 0.000 0.313 0.940
20.780 -409.074 -84.879 -0.139 0.000 0.315 0.939
20.691 -408.960 -84.918 -0.140 0.000 0.317 0.938
20.642 -408.897 -84.940 -0.140 0.000 0.319 0.937
20.592 -408.834 -84.962 -0.141 0.000 0.321 0.937
20.551 -408.783 -84.980 -0.142 0.000 0.322 0.936
20.485 -408.701 -85.009 -0.143 0.000 0.324 0.935
20.422 -408.624 -85.036 -0.143 0.000 0.325 0.935
20.382 -408.575 -85.054 -0.144 0.000 0.326 0.934
20.316 -408.494 -85.083 -0.145 0.000 0.328 0.933
20.250 -408.414 -85.113 -0.145 0.000 0.330 0.933
20.167 -408.315 -85.149 -0.146 0.000 0.332 0.932
20.101 -408.237 -85.178 -0.147 0.000 0.334 0.931
20.027 -408.150 -85.210 -0.148 0.000 0.336 0.930
19.984 -408.100 -85.229 -0.148 0.000 0.337 0.930
19.914 -408.018 -85.260 -0.149 0.000 0.339 0.929
19.848 -407.944 -85.289 -0.149 0.000 0.341 0.928
19.811 -407.901 -85.305 -0.149 0.001 0.342 0.928
19.720 -407.798 -85.345 -0.150 0.001 0.344 0.927
19.674 -407.746 -85.365 -0.151 0.001 0.345 0.926
19.596 -407.659 -85.399 -0.152 0.001 0.347 0.926
19.515 -407.569 -85.434 -0.152 0.001 0.349 0.925
19.433 -407.480 -85.470 -0.153 0.001 0.351 0.924
19.343 -407.384 -85.509 -0.154 0.001 0.354 0.923
19.270 -407.305 -85.541 -0.155 0.001 0.356 0.922
19.200 -407.230 -85.572 -0.156 0.001 0.357 0.921
19.149 -407.177 -85.594 -0.157 0.001 0.359 0.920
19.091 -407.116 -85.619 -0.157 0.001 0.360 0.920
19.022 -407.045 -85.649 -0.158 0.001 0.362 0.919
18.931 -406.951 -85.689 -0.159 0.001 0.365 0.917
18.851 -406.870 -85.723 -0.160 0.001 0.367 0.917
18.768 -406.786 -85.760 -0.161 0.001 0.369 0.915
18.709 -406.727 -85.785 -0.161 0.001 0.370 0.915
18.637 -406.656 -85.817 -0.162 0.001 0.372 0.914
18.571 -406.592 -85.845 -0.163 0.001 0.373 0.913
18.474 -406.496 -85.888 -0.164 0.001 0.376 0.912
18.386 -406.412 -85.926 -0.165 0.001 0.378 0.911
18.313 -406.342 -85.958 -0.165 0.001 0.379 0.910
18.217 -406.251 -85.999 -0.166 0.001 0.382 0.909
18.148 -406.187 -86.029 -0.167 0.001 0.384 0.908
18.052 -406.097 -86.071 -0.168 0.001 0.386 0.907
17.972 -406.024 -86.105 -0.169 0.001 0.388 0.906
17.887 -405.947 -86.143 -0.169 0.001 0.390 0.905
17.854 -405.918 -86.157 -0.170 0.001 0.391 0.905
17.781 -405.851 -86.189 -0.171 0.001 0.392 0.904
17.730 -405.806 -86.211 -0.171 0.001 0.394 0.903
17.650 -405.735 -86.245 -0.172 0.001 0.395 0.902
17.567 -405.663 -86.281 -0.173 0.001 0.397 0.901
17.503 -405.607 -86.309 -0.174 0.001 0.399 0.901
17.420 -405.536 -86.345 -0.174 0.001 0.400 0.900
17.345 -405.472 -86.377 -0.175 0.001 0.402 0.899
17.249 -405.391 -86.419 -0.176 0.001 0.405 0.897
17.183 -405.336 -86.448 -0.176 0.001 0.406 0.897
17.118 -405.282 -86.476 -0.177 0.001 0.407 0.896
17.031 -405.210 -86.513 -0.178 0.001 0.409 0.895
16.955 -405.148 -86.546 -0.179 0.001 0.411 0.894
16.840 -405.055 -86.596 -0.180 0.001 0.414 0.893
16.757 -404.988 -86.632 -0.181 0.001 0.416 0.891
16.680 -404.928 -86.665 -0.181 0.001 0.418 0.890
16.612 -404.874 -86.695 -0.182 0.001 0.419 0.890
16.529 -404.810 -86.731 -0.183 0.001 0.421 0.889
16.484 -404.775 -86.750 -0.183 0.001 0.422 0.888
16.399 -404.710 -86.788 -0.184 0.001 0.424 0.887
16.319 -404.649 -86.822 -0.185 0.001 0.425 0.886
16.253 -404.600 -86.851 -0.186 0.001 0.427 0.885
16.189 -404.552 -86.879 -0.186 0.001 0.428 0.884
16.101 -404.487 -86.917 -0.187 0.001 0.430 0.883
16.040 -404.442 -86.943 -0.187 0.001 0.431 0.883
15.942 -404.371 -86.986 -0.188 0.001 0.433 0.881
15.895 -404.336 -87.006 -0.189 0.001 0.434 0.881
15.826 -404.286 -87.036 -0.190 0.001 0.435 0.880
15.732 -404.220 -87.077 -0.191 0.001 0.437 0.879
15.646 -404.159 -87.114 -0.191 0.001 0.439 0.878
15.587 -404.118 -87.140 -0.192 0.001 0.440 0.877
15.505 -404.061 -87.176 -0.192 0.001 0.442 0.876
15.469 -404.036 -87.191 -0.193 0.001 0.442 0.876
15.412 -403.997 -87.216 -0.193 0.001 0.444 0.875
15.297 -403.918 -87.266 -0.194 0.001 0.446 0.874
15.209 -403.859 -87.304 -0.195 0.001 0.448 0.873
15.134 -403.809 -87.337 -0.196 0.001 0.449 0.872
15.069 -403.766 -87.365 -0.196 0.001 0.451 0.871
14.972 -403.703 -87.407 -0.197 0.001 0.452 0.870
14.909 -403.662 -87.435 -0.198 0.001 0.454 0.869
14.853 -403.625 -87.459 -0.198 0.001 0.455 0.868
14.781 -403.579 -87.490 -0.199 0.001 0.456 0.867
14.704 -403.531 -87.524 -0.199 0.001 0.458 0.866
14.609 -403.471 -87.565 -0.200 0.001 0.460 0.865
14.509 -403.409 -87.608 -0.201 0.001 0.462 0.864
14.437 -403.365 -87.639 -0.202 0.001 0.463 0.863
14.336 -403.303 -87.683 -0.202 0.001 0.465 0.862
14.233 -403.241 -87.728 -0.203 0.001 0.467 0.861
14.153 -403.194 -87.762 -0.204 0.001 0.468 0.860
14.052 -403.134 -87.806 -0.205 0.001 0.470 0.859
13.958 -403.079 -87.847 -0.205 0.001 0.471 0.858
13.863 -403.023 -87.889 -0.206 0.001 0.473 0.857
13.761 -402.965 -87.933 -0.207 0.001 0.474 0.856
13.669 -402.912 -87.973 -0.207 0.001 0.476 0.855
13.593 -402.869 -88.006 -0.207 0.001 0.477 0.854
13.484 -402.809 -88.053 -0.208 0.001 0.479 0.853
13.438 -402.783 -88.073 -0.209 0.001 0.480 0.852
13.342 -402.730 -88.115 -0.210 0.001 0.482 0.851
13.248 -402.679 -88.156 -0.210 0.001 0.483 0.850
13.146 -402.624 -88.200 -0.211 0.001 0.485 0.849
13.039 -402.567 -88.246 -0.211 0.001 0.487 0.848
12.924 -402.507 -88.296 -0.212 0.001 0.489 0.846
12.830 -402.458 -88.337 -0.213 0.001 0.490 0.845
12.734 -402.409 -88.378 -0.214 0.001 0.492 0.844
12.654 -402.368 -88.412 -0.214 0.001 0.494 0.843
12.585 -402.334 -88.442 -0.215 0.001 0.495 0.842
12.534 -402.308 -88.465 -0.215 0.001 0.496 0.842
12.449 -402.266 -88.501 -0.216 0.001 0.497 0.840
12.355 -402.220 -88.542 -0.216 0.001 0.499 0.839
12.283 -402.184 -88.573 -0.217 0.001 0.500 0.839
12.170 -402.130 -88.622 -0.218 0.001 0.502 0.837
12.066 -402.081 -88.667 -0.219 0.001 0.503 0.836
11.942 -402.023 -88.721 -0.220 0.001 0.506 0.834
11.858 -401.984 -88.757 -0.221 0.001 0.507 0.833
11.800 -401.957 -88.783 -0.221 0.001 0.508 0.833
11.690 -401.907 -88.830 -0.222 0.001 0.509 0.831
11.629 -401.880 -88.857 -0.222 0.001 0.511 0.831
11.551 -401.845 -88.891 -0.223 0.001 0.512 0.830
11.449 -401.800 -88.935 -0.224 0.001 0.514 0.828
11.317 -401.743 -88.992 -0.224 0.001 0.516 0.827
11.230 -401.706 -89.030 -0.225 0.001 0.517 0.826
11.147 -401.671 -89.066 -0.225 0.001 0.519 0.825
11.028 -401.621 -89.118 -0.226 0.001 0.521 0.823
10.924 -401.578 -89.163 -0.227 0.001 0.523 0.822
10.809 -401.532 -89.213 -0.228 0.001 0.525 0.820
10.699 -401.489 -89.260 -0.229 0.001 0.526 0.819
10.541 -401.427 -89.329 -0.230 0.000 0.529 0.817
10.451 -401.392 -89.368 -0.231 0.001 0.530 0.816
10.332 -401.347 -89.420 -0.231 0.001 0.532 0.815
10.264 -401.321 -89.449 -0.231 0.001 0.533 0.814
10.159 -401.282 -89.495 -0.232 0.001 0.535 0.813
10.036 -401.237 -89.548 -0.233 0.001 0.537 0.811
9.944 -401.204 -89.588 -0.234 0.001 0.538 0.810
9.855 -401.172 -89.626 -0.234 0.001 0.539 0.809
9.773 -401.144 -89.662 -0.235 0.001 0.540 0.808
9.673 -401.109 -89.705 -0.235 0.001 0.542 0.807
