21.500 -475.912 -70.112 0.000 0.000 0.001 1.000
21.499 -475.763 -70.112 -0.002 0.000 0.004 1.000
21.498 -475.662 -70.113 -0.002 0.000 0.006 1.000
21.496 -475.539 -70.113 -0.003 0.000 0.008 1.000
21.495 -475.449 -70.114 -0.004 0.000 0.009 1.000
21.493 -475.362 -70.114 -0.005 0.000 0.011 1.000
21.491 -475.282 -70.115 -0.005 0.000 0.012 1.000
21.488 -475.169 -70.117 -0.006 0.000 0.014 1.000
21.486 -475.084 -70.118 -0.007 0.000 0.015 1.000
21.481 -474.934 -70.120 -0.008 0.000 0.018 1.000
21.477 -474.820 -70.122 -0.008 0.000 0.020 1.000
21.472 -474.709 -70.124 -0.009 0.000 0.022 1.000
21.466 -474.574 -70.126 -0.009 0.000 0.023 1.000
21.463 -474.505 -70.127 -0.010 0.000 0.025 1.000
21.456 -474.374 -70.130 -0.011 0.000 0.027 1.000
21.451 -474.290 -70.132 -0.012 0.000 0.029 1.000
21.445 -474.192 -70.135 -0.013 0.000 0.030 0.999
21.442 -474.139 -70.136 -0.013 0.000 0.031 0.999
21.433 -473.994 -70.140 -0.014 0.000 0.034 0.999
21.424 -473.873 -70.143 -0.015 0.000 0.036 0.999
21.417 -473.772 -70.146 -0.016 0.000 0.038 0.999
21.409 -473.676 -70.150 -0.016 0.000 0.039 0.999
21.404 -473.613 -70.152 -0.017 0.000 0.040 0.999
21.394 -473.493 -70.156 -0.018 0.000 0.042 0.999
21.384 -473.377 -70.160 -0.019 0.000 0.044 0.999
21.376 -473.287 -70.164 -0.019 0.000 0.045 0.999
21.360 -473.114 -70.171 -0.021 0.000 0.048 0.999
21.350 -473.013 -70.175 -0.022 0.000 0.050 0.999
21.335 -472.866 -70.181 -0.023 0.000 0.052 0.998
21.326 -472.780 -70.185 -0.023 0.000 0.053 0.998
21.314 -472.667 -70.191 -0.024 0.000 0.055 0.998
21.306 -472.596 -70.194 -0.024 0.000 0.056 0.998
21.298 -472.526 -70.198 -0.024 0.000 0.057 0.998
21.287 -472.435 -70.202 -0.025 0.000 0.059 0.998
21.271 -472.296 -70.209 -0.026 0.000 0.061 0.998
21.258 -472.193 -70.214 -0.026 0.000 0.063 0.998
21.238 -472.043 -70.223 -0.027 0.000 0.065 0.998
21.224 -471.931 -70.229 -0.028 0.000 0.067 0.997
21.211 -471.835 -70.234 -0.029 0.000 0.068 0.997
21.190 -471.688 -70.243 -0.030 0.000 0.071 0.997
21.176 -471.595 -70.249 -0.030 0.000 0.072 0.997
21.164 -471.510 -70.254 -0.031 0.000 0.074 0.997
21.151 -471.421 -70.260 -0.031 0.000 0.075 0.997
21.137 -471.335 -70.265 -0.032 0.000 0.076 0.997
21.109 -471.156 -70.277 -0.033 0.000 0.079 0.996
21.095 -471.065 -70.283 -0.033 0.000 0.080 0.996
21.078 -470.965 -70.290 -0.034 0.000 0.082 0.996
21.056 -470.832 -70.299 -0.034 0.000 0.084 0.996
21.033 -470.702 -70.308 -0.035 0.000 0.086 0.996
21.014 -470.593 -70.316 -0.036 0.000 0.088 0.995
20.993 -470.476 -70.325 -0.037 0.000 0.089 0.995
20.979 -470.400 -70.330 -0.038 0.000 0.090 0.995
20.960 -470.298 -70.338 -0.038 0.000 0.092 0.995
20.940 -470.190 -70.347 -0.039 0.000 0.094 0.995
20.910 -470.034 -70.359 -0.040 0.000 0.096 0.995
20.891 -469.935 -70.367 -0.040 0.000 0.097 0.994
20.875 -469.855 -70.374 -0.041 0.000 0.098 0.994
20.849 -469.725 -70.385 -0.041 0.000 0.100 0.994
20.836 -469.666 -70.390 -0.042 0.000 0.101 0.994
20.817 -469.573 -70.398 -0.042 0.000 0.102 0.994
20.796 -469.472 -70.406 -0.043 0.000 0.103 0.994
20.762 -469.309 -70.421 -0.044 0.000 0.105 0.993
20.741 -469.214 -70.429 -0.044 0.000 0.107 0.993
20.718 -469.107 -70.439 -0.045 0.000 0.109 0.993
20.694 -469.002 -70.448 -0.045 0.000 0.110 0.993
20.669 -468.891 -70.459 -0.046 0.000 0.111 0.993
20.638 -468.755 -70.472 -0.046 0.000 0.113 0.992
20.611 -468.640 -70.482 -0.047 0.000 0.115 0.992
20.591 -468.556 -70.491 -0.048 0.000 0.116 0.992
20.570 -468.471 -70.499 -0.048 0.000 0.117 0.992
20.542 -468.351 -70.511 -0.049 0.000 0.119 0.992
20.527 -468.291 -70.517 -0.049 0.000 0.120 0.992
20.502 -468.192 -70.527 -0.050 0.000 0.121 0.991
20.485 -468.121 -70.534 -0.050 0.000 0.122 0.991
20.458 -468.014 -70.545 -0.051 0.000 0.123 0.991
20.433 -467.918 -70.555 -0.051 0.000 0.125 0.991
20.411 -467.832 -70.564 -0.052 0.000 0.126 0.991
20.395 -467.769 -70.571 -0.052 0.000 0.127 0.991
20.382 -467.720 -70.576 -0.053 0.000 0.127 0.990
20.355 -467.619 -70.587 -0.053 0.000 0.129 0.990
20.323 -467.498 -70.601 -0.054 0.000 0.130 0.990
20.289 -467.373 -70.615 -0.055 0.000 0.132 0.990
20.264 -467.282 -70.625 -0.055 0.000 0.133 0.990
20.231 -467.163 -70.639 -0.056 0.000 0.135 0.989
20.209 -467.083 -70.648 -0.056 0.000 0.136 0.989
20.177 -466.971 -70.661 -0.057 0.000 0.137 0.989
20.147 -466.864 -70.674 -0.058 0.000 0.139 0.989
20.108 -466.729 -70.691 -0.058 0.000 0.140 0.988
20.074 -466.613 -70.705 -0.058 0.000 0.142 0.988
20.041 -466.502 -70.718 -0.059 0.000 0.143 0.988
20.006 -466.385 -70.732 -0.059 0.000 0.145 0.988
19.963 -466.242 -70.750 -0.060 0.000 0.147 0.987
19.924 -466.117 -70.766 -0.060 0.000 0.148 0.987
19.886 -465.994 -70.781 -0.061 0.000 0.149 0.987
19.849 -465.874 -70.797 -0.061 0.000 0.151 0.987
19.818 -465.776 -70.809 -0.061 0.000 0.152 0.987
19.790 -465.689 -70.820 -0.061 0.000 0.152 0.986
19.765 -465.611 -70.830 -0.062 0.000 0.153 0.986
19.734 -465.514 -70.843 -0.062 0.000 0.154 0.986
19.711 -465.440 -70.852 -0.062 0.000 0.155 0.986
19.678 -465.340 -70.865 -0.062 0.000 0.156 0.986
19.646 -465.242 -70.878 -0.062 0.000 0.156 0.986
19.618 -465.156 -70.890 -0.063 0.000 0.157 0.986
19.577 -465.032 -70.906 -0.063 0.000 0.159 0.985
19.536 -464.909 -70.922 -0.063 0.001 0.160 0.985
19.498 -464.798 -70.936 -0.063 0.001 0.161 0.985
19.465 -464.699 -70.950 -0.064 0.001 0.162 0.985
19.435 -464.613 -70.961 -0.064 0.001 0.163 0.985
19.399 -464.507 -70.975 -0.064 0.001 0.164 0.984
19.361 -464.398 -70.990 -0.064 0.001 0.165 0.984
19.330 -464.309 -71.002 -0.064 0.001 0.166 0.984
19.293 -464.202 -71.016 -0.065 0.001 0.167 0.984
19.262 -464.115 -71.028 -0.065 0.001 0.168 0.984
19.221 -464.000 -71.044 -0.065 0.001 0.169 0.984
19.187 -463.904 -71.057 -0.065 0.001 0.170 0.983
19.159 -463.826 -71.068 -0.065 0.001 0.170 0.983
19.124 -463.729 -71.081 -0.065 0.001 0.171 0.983
19.071 -463.583 -71.101 -0.065 0.001 0.172 0.983
19.043 -463.505 -71.112 -0.065 0.001 0.173 0.983
19.011 -463.417 -71.124 -0.065 0.001 0.174 0.983
18.985 -463.347 -71.134 -0.065 0.001 0.174 0.983
18.955 -463.266 -71.145 -0.066 0.001 0.175 0.982
18.920 -463.172 -71.158 -0.065 0.001 0.176 0.982
18.878 -463.059 -71.173 -0.066 0.001 0.177 0.982
18.854 -462.995 -71.182 -0.066 0.001 0.177 0.982
18.818 -462.897 -71.196 -0.066 0.001 0.178 0.982
18.765 -462.760 -71.215 -0.066 0.001 0.179 0.982
18.735 -462.679 -71.226 -0.066 0.001 0.180 0.981
18.689 -462.560 -71.243 -0.067 0.001 0.181 0.981
18.648 -462.453 -71.258 -0.067 0.001 0.182 0.981
18.616 -462.369 -71.270 -0.066 0.001 0.182 0.981
18.585 -462.290 -71.281 -0.067 0.001 0.183 0.981
18.546 -462.190 -71.295 -0.067 0.001 0.183 0.981
18.497 -462.063 -71.313 -0.066 0.002 0.184 0.981
18.440 -461.918 -71.333 -0.066 0.002 0.185 0.980
18.403 -461.826 -71.346 -0.066 0.002 0.186 0.980
18.376 -461.756 -71.356 -0.066 0.002 0.186 0.980
18.349 -461.689 -71.365 -0.066 0.002 0.187 0.980
18.314 -461.601 -71.378 -0.066 0.002 0.187 0.980
18.276 -461.506 -71.391 -0.067 0.002 0.188 0.980
18.241 -461.417 -71.404 -0.066 0.002 0.188 0.980
18.202 -461.321 -71.417 -0.066 0.002 0.189 0.980
18.150 -461.193 -71.435 -0.066 0.002 0.190 0.980
18.099 -461.066 -71.453 -0.066 0.002 0.191 0.979
18.079 -461.016 -71.460 -0.065 0.002 0.191 0.979
18.035 -460.909 -71.475 -0.065 0.002 0.193 0.979
18.001 -460.828 -71.486 -0.065 0.002 0.193 0.979
17.967 -460.745 -71.497 -0.066 0.002 0.194 0.979
17.915 -460.621 -71.515 -0.066 0.002 0.195 0.979
17.872 -460.519 -71.529 -0.066 0.002 0.196 0.978
17.831 -460.420 -71.543 -0.066 0.002 0.196 0.978
17.801 -460.348 -71.553 -0.066 0.002 0.197 0.978
17.761 -460.255 -71.566 -0.066 0.003 0.197 0.978
17.726 -460.172 -71.578 -0.066 0.003 0.197 0.978
17.672 -460.044 -71.596 -0.066 0.003 0.198 0.978
17.615 -459.910 -71.614 -0.066 0.003 0.199 0.978
17.584 -459.839 -71.624 -0.066 0.003 0.200 0.978
17.541 -459.738 -71.638 -0.066 0.003 0.200 0.978
17.491 -459.621 -71.655 -0.066 0.003 0.201 0.977
17.450 -459.528 -71.668 -0.066 0.003 0.201 0.977
17.418 -459.453 -71.678 -0.066 0.003 0.202 0.977
17.385 -459.377 -71.689 -0.066 0.003 0.202 0.977
17.341 -459.275 -71.703 -0.065 0.003 0.202 0.977
17.313 -459.212 -71.712 -0.065 0.003 0.203 0.977
17.259 -459.087 -71.729 -0.065 0.003 0.204 0.977
17.224 -459.007 -71.740 -0.065 0.003 0.204 0.977
17.190 -458.931 -71.751 -0.065 0.003 0.205 0.977
17.123 -458.779 -71.772 -0.065 0.003 0.206 0.976
17.074 -458.670 -71.787 -0.065 0.003 0.207 0.976
17.042 -458.596 -71.797 -0.065 0.003 0.207 0.976
16.991 -458.484 -71.812 -0.065 0.003 0.208 0.976
16.947 -458.387 -71.826 -0.065 0.003 0.208 0.976
16.906 -458.294 -71.839 -0.065 0.003 0.209 0.976
16.881 -458.240 -71.846 -0.065 0.004 0.209 0.976
16.832 -458.131 -71.861 -0.065 0.004 0.210 0.976
16.794 -458.047 -71.873 -0.065 0.004 0.211 0.975
16.738 -457.925 -71.890 -0.065 0.004 0.212 0.975
16.707 -457.858 -71.899 -0.065 0.004 0.212 0.975
16.672 -457.783 -71.910 -0.065 0.004 0.212 0.975
16.653 -457.740 -71.916 -0.065 0.004 0.213 0.975
16.610 -457.647 -71.929 -0.065 0.004 0.213 0.975
16.562 -457.544 -71.943 -0.065 0.004 0.214 0.975
16.506 -457.424 -71.960 -0.065 0.004 0.215 0.975
16.454 -457.312 -71.975 -0.065 0.004 0.216 0.974
16.414 -457.227 -71.987 -0.065 0.004 0.217 0.974
16.371 -457.136 -72.000 -0.065 0.004 0.217 0.974
16.337 -457.063 -72.010 -0.065 0.004 0.218 0.974
16.302 -456.990 -72.020 -0.065 0.004 0.218 0.974
16.254 -456.890 -72.034 -0.066 0.004 0.219 0.974
16.227 -456.833 -72.042 -0.066 0.004 0.219 0.973
16.170 -456.714 -72.059 -0.065 0.004 0.220 0.973
16.129 -456.627 -72.071 -0.065 0.004 0.220 0.973
16.091 -456.548 -72.082 -0.065 0.004 0.220 0.973
16.041 -456.443 -72.097 -0.064 0.004 0.221 0.973
15.996 -456.351 -72.109 -0.064 0.004 0.221 0.973
15.940 -456.234 -72.126 -0.064 0.004 0.222 0.973
15.897 -456.145 -72.138 -0.064 0.005 0.222 0.973
15.862 -456.074 -72.148 -0.064 0.005 0.223 0.973
15.796 -455.937 -72.166 -0.064 0.005 0.223 0.973
15.774 -455.892 -72.173 -0.064 0.005 0.224 0.973
15.729 -455.802 -72.185 -0.064 0.005 0.224 0.972
15.669 -455.679 -72.202 -0.063 0.005 0.225 0.972
15.630 -455.599 -72.212 -0.064 0.005 0.226 0.972
15.583 -455.505 -72.225 -0.063 0.005 0.226 0.972
15.545 -455.427 -72.236 -0.063 0.005 0.227 0.972
15.513 -455.364 -72.244 -0.063 0.005 0.227 0.972
15.467 -455.272 -72.257 -0.063 0.005 0.228 0.972
15.424 -455.186 -72.268 -0.063 0.005 0.229 0.971
15.379 -455.095 -72.281 -0.063 0.005 0.229 0.971
15.332 -455.003 -72.293 -0.063 0.005 0.229 0.971
15.296 -454.930 -72.303 -0.063 0.005 0.230 0.971
15.239 -454.817 -72.318 -0.063 0.005 0.231 0.971
15.211 -454.764 -72.326 -0.063 0.005 0.231 0.971
15.163 -454.669 -72.338 -0.063 0.005 0.232 0.971
15.109 -454.563 -72.353 -0.063 0.005 0.232 0.971
15.073 -454.493 -72.362 -0.063 0.005 0.232 0.971
15.047 -454.443 -72.369 -0.063 0.005 0.233 0.971
15.010 -454.370 -72.379 -0.063 0.005 0.233 0.970
14.943 -454.240 -72.397 -0.063 0.006 0.234 0.970
14.884 -454.125 -72.412 -0.062 0.006 0.235 0.970
14.846 -454.052 -72.422 -0.062 0.006 0.235 0.970
14.793 -453.950 -72.436 -0.062 0.006 0.236 0.970
14.758 -453.882 -72.445 -0.062 0.006 0.236 0.970
14.694 -453.760 -72.461 -0.062 0.006 0.237 0.969
14.639 -453.656 -72.475 -0.062 0.006 0.238 0.969
14.577 -453.538 -72.491 -0.062 0.006 0.239 0.969
14.535 -453.458 -72.501 -0.062 0.006 0.239 0.969
14.482 -453.358 -72.515 -0.062 0.006 0.240 0.969
14.443 -453.285 -72.524 -0.062 0.006 0.240 0.969
14.397 -453.198 -72.536 -0.062 0.006 0.241 0.969
14.352 -453.114 -72.547 -0.062 0.006 0.241 0.968
14.316 -453.046 -72.556 -0.062 0.006 0.242 0.968
14.271 -452.962 -72.567 -0.062 0.006 0.242 0.968
