24.700 -458.367 -70.112 -0.001 0.000 0.002 1.000
24.699 -458.296 -70.112 -0.002 0.000 0.004 1.000
24.699 -458.213 -70.113 -0.003 0.000 0.005 1.000
24.697 -458.058 -70.114 -0.004 0.000 0.007 1.000
24.694 -457.917 -70.115 -0.005 0.000 0.010 1.000
24.692 -457.817 -70.116 -0.006 0.000 0.012 1.000
24.688 -457.677 -70.118 -0.007 0.000 0.014 1.000
24.685 -457.557 -70.120 -0.008 0.000 0.016 1.000
24.681 -457.435 -70.122 -0.009 0.000 0.018 1.000
24.677 -457.339 -70.124 -0.010 0.000 0.020 1.000
24.672 -457.216 -70.126 -0.010 0.000 0.022 1.000
24.668 -457.129 -70.128 -0.011 0.000 0.024 1.000
24.662 -457.028 -70.130 -0.011 0.000 0.026 1.000
24.656 -456.916 -70.133 -0.012 0.000 0.028 1.000
24.650 -456.806 -70.136 -0.012 0.000 0.030 0.999
24.643 -456.691 -70.139 -0.013 0.000 0.032 0.999
24.635 -456.573 -70.142 -0.014 0.000 0.034 0.999
24.624 -456.414 -70.147 -0.015 0.000 0.037 0.999
24.615 -456.302 -70.150 -0.016 0.000 0.039 0.999
24.607 -456.198 -70.154 -0.017 0.000 0.040 0.999
24.600 -456.115 -70.157 -0.017 0.000 0.042 0.999
24.592 -456.019 -70.160 -0.018 0.000 0.044 0.999
24.582 -455.903 -70.164 -0.019 0.000 0.046 0.999
24.570 -455.784 -70.169 -0.020 0.000 0.048 0.999
24.559 -455.670 -70.174 -0.021 0.000 0.050 0.999
24.548 -455.561 -70.178 -0.022 0.000 0.051 0.998
24.531 -455.399 -70.186 -0.023 0.000 0.054 0.998
24.521 -455.314 -70.190 -0.023 0.000 0.056 0.998
24.510 -455.217 -70.194 -0.024 0.000 0.058 0.998
24.493 -455.072 -70.202 -0.026 0.000 0.060 0.998
24.481 -454.979 -70.206 -0.027 0.000 0.062 0.998
24.469 -454.884 -70.212 -0.027 0.000 0.064 0.998
24.453 -454.759 -70.218 -0.028 0.000 0.066 0.997
24.441 -454.667 -70.224 -0.029 0.000 0.068 0.997
24.430 -454.590 -70.228 -0.030 0.000 0.069 0.997
24.418 -454.506 -70.233 -0.030 0.000 0.071 0.997
24.401 -454.390 -70.241 -0.031 0.000 0.073 0.997
24.383 -454.270 -70.248 -0.032 0.000 0.075 0.997
24.370 -454.185 -70.254 -0.033 0.000 0.077 0.997
24.361 -454.124 -70.258 -0.034 0.000 0.078 0.996
24.342 -454.006 -70.266 -0.035 0.000 0.080 0.996
24.331 -453.938 -70.271 -0.035 0.000 0.081 0.996
24.316 -453.846 -70.278 -0.036 0.000 0.082 0.996
24.299 -453.746 -70.285 -0.036 0.000 0.084 0.996
24.281 -453.642 -70.293 -0.037 0.000 0.086 0.996
24.260 -453.521 -70.302 -0.038 0.000 0.088 0.995
24.245 -453.438 -70.308 -0.039 0.000 0.090 0.995
24.227 -453.342 -70.316 -0.039 0.000 0.091 0.995
24.205 -453.225 -70.325 -0.040 0.000 0.094 0.995
24.188 -453.135 -70.333 -0.041 0.000 0.095 0.995
24.170 -453.041 -70.341 -0.042 0.000 0.097 0.994
24.155 -452.965 -70.347 -0.042 0.000 0.098 0.994
24.138 -452.882 -70.354 -0.043 0.000 0.100 0.994
24.129 -452.838 -70.358 -0.044 0.000 0.100 0.994
24.116 -452.776 -70.364 -0.044 0.000 0.101 0.994
24.090 -452.651 -70.375 -0.045 0.000 0.104 0.994
24.072 -452.567 -70.383 -0.046 0.000 0.105 0.993
24.047 -452.451 -70.394 -0.047 0.000 0.107 0.993
24.022 -452.338 -70.405 -0.047 0.000 0.109 0.993
23.998 -452.232 -70.415 -0.048 0.000 0.111 0.993
23.973 -452.123 -70.426 -0.049 0.000 0.113 0.992
23.958 -452.060 -70.433 -0.049 0.000 0.114 0.992
23.935 -451.962 -70.443 -0.050 0.000 0.116 0.992
23.920 -451.901 -70.449 -0.051 0.000 0.117 0.992
23.900 -451.816 -70.458 -0.051 0.000 0.119 0.992
23.880 -451.733 -70.467 -0.052 0.000 0.120 0.991
23.852 -451.621 -70.479 -0.053 0.000 0.122 0.991
23.828 -451.526 -70.489 -0.053 0.000 0.124 0.991
23.806 -451.440 -70.498 -0.054 0.000 0.125 0.991
23.781 -451.347 -70.509 -0.054 0.000 0.127 0.990
23.750 -451.227 -70.522 -0.055 0.000 0.129 0.990
23.722 -451.123 -70.534 -0.055 0.000 0.131 0.990
23.702 -451.050 -70.543 -0.056 0.000 0.133 0.990
23.674 -450.947 -70.555 -0.056 0.000 0.134 0.989
23.648 -450.854 -70.565 -0.057 0.000 0.136 0.989
23.617 -450.747 -70.578 -0.058 0.000 0.138 0.989
23.584 -450.630 -70.592 -0.059 0.000 0.140 0.988
23.554 -450.528 -70.605 -0.060 0.000 0.142 0.988
23.523 -450.423 -70.618 -0.061 0.000 0.144 0.988
23.493 -450.326 -70.630 -0.062 0.000 0.146 0.987
23.468 -450.243 -70.641 -0.062 0.000 0.147 0.987
23.429 -450.117 -70.657 -0.063 0.000 0.150 0.987
23.408 -450.050 -70.666 -0.063 0.000 0.151 0.987
23.378 -449.955 -70.679 -0.064 0.000 0.152 0.986
23.334 -449.818 -70.697 -0.065 0.000 0.155 0.986
23.303 -449.721 -70.710 -0.065 0.000 0.156 0.986
23.281 -449.654 -70.720 -0.066 0.000 0.158 0.985
23.246 -449.551 -70.734 -0.067 0.000 0.160 0.985
23.204 -449.425 -70.752 -0.068 0.000 0.162 0.984
23.166 -449.314 -70.768 -0.069 0.000 0.164 0.984
23.126 -449.200 -70.784 -0.069 0.000 0.166 0.984
23.097 -449.115 -70.797 -0.070 0.000 0.167 0.983
23.064 -449.022 -70.811 -0.071 0.000 0.169 0.983
23.030 -448.929 -70.825 -0.072 0.000 0.171 0.983
22.998 -448.841 -70.838 -0.073 0.000 0.173 0.982
22.969 -448.761 -70.850 -0.073 0.000 0.174 0.982
22.935 -448.670 -70.864 -0.073 0.000 0.176 0.982
22.903 -448.583 -70.878 -0.074 0.000 0.177 0.981
22.868 -448.490 -70.892 -0.074 0.000 0.179 0.981
22.831 -448.395 -70.907 -0.075 0.000 0.181 0.981
22.806 -448.329 -70.918 -0.076 0.000 0.182 0.980
22.769 -448.234 -70.933 -0.077 0.000 0.184 0.980
22.722 -448.115 -70.953 -0.077 0.000 0.185 0.980
22.678 -448.003 -70.972 -0.078 0.000 0.187 0.979
22.639 -447.908 -70.987 -0.079 0.000 0.189 0.979
22.605 -447.824 -71.002 -0.080 0.000 0.191 0.978
22.579 -447.759 -71.013 -0.080 0.000 0.192 0.978
22.538 -447.662 -71.030 -0.081 0.000 0.194 0.978
22.505 -447.583 -71.043 -0.081 0.000 0.195 0.977
22.459 -447.473 -71.063 -0.082 0.000 0.197 0.977
22.411 -447.359 -71.083 -0.083 0.000 0.198 0.977
22.363 -447.247 -71.103 -0.083 0.000 0.200 0.976
22.310 -447.127 -71.124 -0.084 0.000 0.202 0.976
22.269 -447.031 -71.142 -0.085 0.000 0.204 0.975
22.228 -446.939 -71.159 -0.085 0.000 0.205 0.975
22.185 -446.843 -71.176 -0.086 0.000 0.207 0.975
22.139 -446.742 -71.195 -0.087 0.000 0.209 0.974
22.100 -446.655 -71.212 -0.087 0.000 0.211 0.974
22.060 -446.569 -71.228 -0.087 0.001 0.212 0.973
22.015 -446.472 -71.246 -0.088 0.001 0.214 0.973
21.960 -446.355 -71.269 -0.088 0.001 0.216 0.972
21.921 -446.271 -71.285 -0.089 0.001 0.217 0.972
21.874 -446.172 -71.304 -0.090 0.001 0.219 0.972
21.845 -446.113 -71.316 -0.090 0.001 0.220 0.971
21.797 -446.014 -71.336 -0.091 0.001 0.222 0.971
21.732 -445.881 -71.362 -0.091 0.001 0.224 0.970
21.686 -445.788 -71.381 -0.092 0.001 0.226 0.970
21.643 -445.703 -71.398 -0.093 0.001 0.227 0.969
21.594 -445.605 -71.418 -0.093 0.001 0.229 0.969
21.544 -445.507 -71.439 -0.094 0.001 0.231 0.968
21.506 -445.433 -71.454 -0.094 0.001 0.232 0.968
21.451 -445.326 -71.477 -0.095 0.001 0.234 0.967
21.398 -445.226 -71.498 -0.097 0.001 0.236 0.967
21.340 -445.116 -71.522 -0.098 0.001 0.238 0.966
21.306 -445.051 -71.536 -0.098 0.001 0.239 0.966
21.257 -444.960 -71.556 -0.099 0.001 0.241 0.965
21.191 -444.838 -71.583 -0.100 0.001 0.243 0.965
21.137 -444.739 -71.605 -0.100 0.001 0.245 0.964
21.112 -444.694 -71.615 -0.100 0.001 0.245 0.964
21.076 -444.628 -71.630 -0.101 0.001 0.246 0.964
21.014 -444.517 -71.655 -0.102 0.001 0.248 0.963
20.966 -444.431 -71.675 -0.102 0.001 0.249 0.963
20.891 -444.299 -71.705 -0.103 0.001 0.251 0.962
20.855 -444.236 -71.720 -0.103 0.001 0.252 0.962
20.810 -444.157 -71.738 -0.103 0.001 0.253 0.962
20.764 -444.076 -71.757 -0.104 0.001 0.254 0.962
20.699 -443.964 -71.784 -0.105 0.001 0.256 0.961
20.640 -443.863 -71.808 -0.105 0.001 0.257 0.961
20.594 -443.784 -71.827 -0.105 0.001 0.258 0.960
20.541 -443.694 -71.848 -0.105 0.001 0.259 0.960
20.494 -443.615 -71.867 -0.106 0.001 0.260 0.960
20.449 -443.538 -71.886 -0.106 0.001 0.261 0.959
20.406 -443.467 -71.903 -0.106 0.001 0.262 0.959
20.356 -443.384 -71.923 -0.107 0.001 0.263 0.959
20.299 -443.290 -71.946 -0.107 0.001 0.265 0.958
20.248 -443.206 -71.967 -0.107 0.001 0.266 0.958
20.198 -443.124 -71.987 -0.108 0.001 0.266 0.958
20.143 -443.035 -72.009 -0.108 0.001 0.268 0.957
20.086 -442.943 -72.032 -0.109 0.001 0.269 0.957
20.015 -442.828 -72.061 -0.109 0.001 0.271 0.956
19.975 -442.764 -72.077 -0.109 0.001 0.272 0.956
19.936 -442.703 -72.092 -0.109 0.001 0.272 0.956
19.896 -442.639 -72.108 -0.110 0.001 0.273 0.956
19.825 -442.526 -72.137 -0.110 0.001 0.275 0.955
19.770 -442.440 -72.159 -0.110 0.001 0.276 0.955
19.719 -442.362 -72.179 -0.110 0.001 0.277 0.954
19.680 -442.301 -72.194 -0.111 0.001 0.278 0.954
19.643 -442.244 -72.209 -0.111 0.001 0.279 0.954
19.605 -442.185 -72.224 -0.111 0.002 0.280 0.954
19.549 -442.099 -72.246 -0.111 0.002 0.281 0.953
19.514 -442.046 -72.260 -0.112 0.002 0.281 0.953
19.468 -441.977 -72.278 -0.112 0.002 0.282 0.953
19.414 -441.894 -72.299 -0.113 0.002 0.284 0.952
19.370 -441.828 -72.317 -0.113 0.002 0.285 0.952
19.289 -441.707 -72.349 -0.113 0.002 0.286 0.951
19.259 -441.663 -72.360 -0.113 0.002 0.287 0.951
19.206 -441.585 -72.381 -0.113 0.002 0.288 0.951
19.132 -441.476 -72.410 -0.114 0.002 0.289 0.950
19.095 -441.421 -72.425 -0.114 0.002 0.290 0.950
19.019 -441.311 -72.454 -0.114 0.002 0.292 0.950
18.946 -441.206 -72.482 -0.115 0.002 0.293 0.949
18.860 -441.081 -72.516 -0.115 0.002 0.295 0.949
18.812 -441.014 -72.534 -0.115 0.002 0.296 0.948
18.740 -440.911 -72.562 -0.116 0.002 0.297 0.948
18.692 -440.843 -72.581 -0.116 0.002 0.298 0.947
18.633 -440.761 -72.603 -0.117 0.002 0.299 0.947
18.591 -440.702 -72.620 -0.117 0.002 0.300 0.947
18.527 -440.613 -72.645 -0.117 0.002 0.301 0.946
18.447 -440.503 -72.676 -0.118 0.002 0.303 0.946
18.385 -440.419 -72.699 -0.119 0.002 0.304 0.945
18.329 -440.342 -72.721 -0.119 0.002 0.305 0.945
18.250 -440.235 -72.752 -0.119 0.002 0.307 0.944
18.188 -440.152 -72.775 -0.119 0.002 0.308 0.944
18.123 -440.064 -72.801 -0.119 0.003 0.310 0.943
18.079 -440.006 -72.817 -0.120 0.003 0.311 0.943
18.033 -439.945 -72.835 -0.120 0.003 0.312 0.943
17.988 -439.886 -72.852 -0.120 0.003 0.313 0.942
17.919 -439.795 -72.878 -0.121 0.003 0.314 0.942
17.861 -439.720 -72.900 -0.121 0.003 0.315 0.941
17.812 -439.657 -72.919 -0.121 0.003 0.316 0.941
17.748 -439.573 -72.943 -0.122 0.003 0.317 0.940
17.707 -439.522 -72.959 -0.122 0.003 0.318 0.940
17.640 -439.435 -72.985 -0.123 0.003 0.319 0.940
17.588 -439.369 -73.004 -0.123 0.003 0.320 0.939
17.532 -439.298 -73.026 -0.123 0.003 0.321 0.939
17.468 -439.217 -73.050 -0.124 0.003 0.322 0.939
17.366 -439.089 -73.089 -0.124 0.003 0.323 0.938
17.286 -438.990 -73.119 -0.124 0.003 0.324 0.938
17.234 -438.925 -73.139 -0.124 0.003 0.324 0.938
17.166 -438.839 -73.165 -0.124 0.003 0.325 0.937
17.111 -438.771 -73.185 -0.124 0.003 0.326 0.937
17.060 -438.708 -73.205 -0.125 0.003 0.327 0.937
17.008 -438.645 -73.224 -0.125 0.003 0.327 0.937
16.961 -438.587 -73.242 -0.125 0.003 0.328 0.936
16.925 -438.543 -73.255 -0.125 0.003 0.329 0.936
16.849 -438.450 -73.284 -0.125 0.003 0.330 0.936
16.801 -438.392 -73.302 -0.125 0.003 0.330 0.936
16.736 -438.313 -73.326 -0.125 0.003 0.331 0.935
16.682 -438.248 -73.346 -0.125 0.004 0.332 0.935
16.616 -438.169 -73.371 -0.125 0.004 0.332 0.935
16.517 -438.051 -73.407 -0.125 0.004 0.334 0.934
16.456 -437.977 -73.430 -0.125 0.004 0.334 0.934
16.414 -437.928 -73.445 -0.125 0.004 0.335 0.934
16.347 -437.848 -73.470 -0.125 0.004 0.335 0.934
16.274 -437.762 -73.497 -0.125 0.004 0.336 0.934
16.220 -437.698 -73.516 -0.125 0.004 0.336 0.933
16.160 -437.628 -73.538 -0.125 0.004 0.337 0.933
16.113 -437.572 -73.556 -0.125 0.004 0.338 0.933
16.052 -437.501 -73.578 -0.125 0.004 0.338 0.933
16.003 -437.444 -73.596 -0.125 0.004 0.339 0.933
15.926 -437.354 -73.624 -0.125 0.005 0.339 0.932
15.851 -437.266 -73.651 -0.125 0.004 0.340 0.932
15.782 -437.187 -73.676 -0.126 0.004 0.341 0.931
15.696 -437.088 -73.707 -0.126 0.004 0.342 0.931
15.617 -436.997 -73.736 -0.126 0.005 0.343 0.931
15.557 -436.928 -73.758 -0.126 0.005 0.344 0.931
15.505 -436.868 -73.776 -0.126 0.005 0.344 0.930
15.440 -436.795 -73.800 -0.127 0.005 0.345 0.930
15.366 -436.711 -73.826 -0.127 0.005 0.346 0.930
15.309 -436.646 -73.847 -0.127 0.005 0.346 0.930
15.264 -436.595 -73.863 -0.127 0.005 0.347 0.929
15.203 -436.528 -73.885 -0.127 0.005 0.347 0.929
15.130 -436.445 -73.912 -0.127 0.005 0.348 0.929
15.083 -436.394 -73.928 -0.127 0.005 0.348 0.929
15.012 -436.314 -73.954 -0.127 0.005 0.349 0.929
14.962 -436.258 -73.972 -0.127 0.005 0.349 0.928
14.908 -436.198 -73.991 -0.127 0.005 0.350 0.928
14.807 -436.086 -74.027 -0.127 0.005 0.350 0.928
14.759 -436.033 -74.044 -0.127 0.005 0.351 0.928
14.666 -435.930 -74.077 -0.127 0.005 0.351 0.928
14.587 -435.843 -74.105 -0.127 0.006 0.352 0.927
