26.392 -423.613 -82.404 -0.025 0.000 0.049 0.998
26.384 -423.540 -82.408 -0.026 0.000 0.051 0.998
26.375 -423.453 -82.413 -0.027 0.000 0.052 0.998
26.366 -423.370 -82.417 -0.027 0.000 0.054 0.998
26.351 -423.228 -82.425 -0.028 0.000 0.056 0.998
26.333 -423.077 -82.434 -0.030 0.000 0.059 0.998
26.320 -422.966 -82.441 -0.030 0.000 0.060 0.998
26.307 -422.862 -82.447 -0.031 0.000 0.062 0.998
26.292 -422.745 -82.455 -0.032 0.000 0.064 0.997
26.273 -422.604 -82.464 -0.033 0.000 0.066 0.997
26.264 -422.532 -82.469 -0.033 0.000 0.068 0.997
26.251 -422.442 -82.475 -0.034 0.000 0.069 0.997
26.241 -422.366 -82.480 -0.035 0.000 0.070 0.997
26.231 -422.298 -82.485 -0.035 0.000 0.071 0.997
26.221 -422.229 -82.490 -0.035 0.000 0.072 0.997
26.209 -422.144 -82.496 -0.036 0.000 0.073 0.997
26.189 -422.014 -82.506 -0.037 0.000 0.075 0.996
26.177 -421.935 -82.511 -0.037 0.000 0.077 0.996
26.157 -421.810 -82.521 -0.038 0.000 0.079 0.996
26.142 -421.718 -82.528 -0.039 0.000 0.080 0.996
26.131 -421.647 -82.534 -0.039 0.000 0.081 0.996
26.114 -421.547 -82.542 -0.040 0.000 0.083 0.996
26.097 -421.447 -82.550 -0.041 0.000 0.084 0.996
26.077 -421.330 -82.560 -0.042 0.000 0.086 0.995
26.064 -421.257 -82.566 -0.043 0.000 0.087 0.995
26.044 -421.147 -82.576 -0.044 0.000 0.089 0.995
26.020 -421.016 -82.588 -0.045 0.000 0.091 0.995
26.005 -420.931 -82.596 -0.045 0.000 0.092 0.995
25.986 -420.833 -82.605 -0.046 0.000 0.094 0.995
25.971 -420.753 -82.612 -0.047 0.000 0.095 0.994
25.949 -420.641 -82.623 -0.047 0.000 0.097 0.994
25.930 -420.547 -82.632 -0.048 0.000 0.098 0.994
25.916 -420.477 -82.639 -0.049 0.000 0.100 0.994
25.891 -420.353 -82.651 -0.050 0.000 0.102 0.994
25.868 -420.245 -82.662 -0.051 0.000 0.104 0.993
25.854 -420.179 -82.669 -0.051 0.000 0.105 0.993
25.829 -420.063 -82.682 -0.053 0.000 0.107 0.993
25.804 -419.952 -82.694 -0.053 0.000 0.109 0.993
25.783 -419.857 -82.704 -0.054 0.000 0.111 0.992
25.757 -419.745 -82.717 -0.055 0.000 0.112 0.992
25.733 -419.640 -82.728 -0.056 0.000 0.114 0.992
25.712 -419.550 -82.739 -0.057 0.000 0.116 0.992
25.690 -419.460 -82.750 -0.058 0.000 0.118 0.991
25.669 -419.372 -82.760 -0.059 0.000 0.119 0.991
25.646 -419.282 -82.771 -0.059 0.000 0.121 0.991
25.625 -419.197 -82.782 -0.060 0.000 0.123 0.991
25.599 -419.095 -82.794 -0.061 0.000 0.125 0.990
25.565 -418.964 -82.811 -0.062 0.000 0.127 0.990
25.542 -418.876 -82.822 -0.062 0.000 0.128 0.990
25.520 -418.795 -82.832 -0.063 0.000 0.130 0.990
25.500 -418.718 -82.842 -0.063 0.000 0.131 0.989
25.468 -418.600 -82.858 -0.064 0.000 0.133 0.989
25.439 -418.496 -82.872 -0.065 0.000 0.135 0.989
25.410 -418.394 -82.886 -0.066 0.000 0.137 0.988
25.368 -418.247 -82.906 -0.067 0.000 0.140 0.988
25.336 -418.140 -82.921 -0.068 0.000 0.142 0.988
25.289 -417.982 -82.943 -0.069 0.000 0.144 0.987
25.261 -417.887 -82.957 -0.070 0.000 0.146 0.987
25.241 -417.821 -82.967 -0.070 0.000 0.147 0.987
25.208 -417.714 -82.982 -0.071 0.000 0.148 0.986
25.185 -417.640 -82.993 -0.071 0.000 0.150 0.986
25.163 -417.572 -83.003 -0.072 0.000 0.151 0.986
25.136 -417.487 -83.016 -0.072 0.000 0.153 0.986
25.099 -417.371 -83.034 -0.073 0.000 0.155 0.985
25.066 -417.271 -83.049 -0.074 0.000 0.156 0.985
25.035 -417.177 -83.064 -0.075 0.000 0.158 0.985
25.006 -417.090 -83.077 -0.075 0.000 0.159 0.984
24.982 -417.016 -83.089 -0.076 0.000 0.160 0.984
24.946 -416.910 -83.106 -0.077 0.000 0.162 0.984
24.922 -416.841 -83.117 -0.077 0.000 0.163 0.984
24.891 -416.751 -83.132 -0.078 0.000 0.165 0.983
24.854 -416.645 -83.149 -0.078 0.000 0.167 0.983
24.804 -416.504 -83.173 -0.079 0.000 0.169 0.982
24.775 -416.422 -83.187 -0.080 0.000 0.170 0.982
24.735 -416.313 -83.205 -0.081 0.000 0.172 0.982
24.672 -416.141 -83.235 -0.082 0.001 0.175 0.981
24.635 -416.041 -83.252 -0.082 0.001 0.177 0.981
24.602 -415.952 -83.267 -0.082 0.001 0.178 0.981
24.573 -415.876 -83.281 -0.083 0.001 0.179 0.980
24.535 -415.777 -83.298 -0.083 0.001 0.181 0.980
24.500 -415.687 -83.314 -0.084 0.001 0.182 0.980
24.447 -415.552 -83.338 -0.085 0.001 0.184 0.979
24.410 -415.457 -83.356 -0.086 0.001 0.186 0.979
24.353 -415.315 -83.382 -0.087 0.001 0.188 0.978
24.299 -415.182 -83.407 -0.088 0.001 0.190 0.978
24.263 -415.095 -83.423 -0.089 0.001 0.192 0.977
24.219 -414.988 -83.444 -0.090 0.001 0.194 0.977
24.175 -414.883 -83.464 -0.091 0.001 0.196 0.976
24.128 -414.772 -83.486 -0.092 0.001 0.198 0.976
24.074 -414.647 -83.511 -0.093 0.001 0.201 0.975
24.028 -414.542 -83.532 -0.093 0.001 0.203 0.975
23.986 -414.448 -83.551 -0.094 0.001 0.205 0.974
23.929 -414.321 -83.577 -0.095 0.001 0.207 0.974
23.904 -414.265 -83.589 -0.095 0.001 0.208 0.973
23.872 -414.194 -83.603 -0.096 0.001 0.209 0.973
23.827 -414.095 -83.624 -0.097 0.001 0.211 0.973
23.779 -413.993 -83.646 -0.098 0.001 0.213 0.972
23.738 -413.905 -83.664 -0.099 0.001 0.215 0.972
23.698 -413.820 -83.683 -0.099 0.001 0.217 0.971
23.666 -413.754 -83.697 -0.100 0.001 0.218 0.971
23.630 -413.680 -83.714 -0.100 0.001 0.220 0.970
23.586 -413.588 -83.734 -0.101 0.001 0.222 0.970
23.543 -413.501 -83.753 -0.102 0.001 0.223 0.969
23.514 -413.443 -83.766 -0.102 0.001 0.224 0.969
23.469 -413.352 -83.787 -0.103 0.001 0.226 0.969
23.411 -413.236 -83.813 -0.104 0.001 0.228 0.968
23.365 -413.147 -83.834 -0.105 0.001 0.230 0.968
23.321 -413.060 -83.854 -0.105 0.001 0.232 0.967
23.270 -412.962 -83.877 -0.106 0.001 0.233 0.967
23.217 -412.860 -83.901 -0.107 0.001 0.236 0.966
23.189 -412.807 -83.914 -0.107 0.001 0.237 0.966
23.119 -412.676 -83.945 -0.109 0.001 0.239 0.965
23.066 -412.577 -83.970 -0.110 0.001 0.241 0.964
23.019 -412.490 -83.991 -0.110 0.001 0.243 0.964
22.984 -412.426 -84.007 -0.111 0.001 0.244 0.963
22.949 -412.364 -84.022 -0.111 0.001 0.245 0.963
22.904 -412.282 -84.043 -0.112 0.001 0.247 0.963
22.878 -412.235 -84.055 -0.112 0.001 0.248 0.962
22.831 -412.152 -84.076 -0.113 0.001 0.250 0.962
22.777 -412.058 -84.100 -0.114 0.001 0.252 0.961
22.739 -411.991 -84.117 -0.115 0.001 0.253 0.961
22.678 -411.886 -84.145 -0.115 0.001 0.255 0.960
22.615 -411.777 -84.173 -0.116 0.001 0.258 0.959
22.552 -411.671 -84.202 -0.118 0.001 0.260 0.958
22.493 -411.573 -84.228 -0.119 0.001 0.262 0.958
22.454 -411.508 -84.246 -0.119 0.001 0.263 0.957
22.419 -411.451 -84.261 -0.120 0.001 0.264 0.957
22.362 -411.357 -84.287 -0.120 0.001 0.266 0.956
22.318 -411.287 -84.307 -0.121 0.001 0.268 0.956
22.272 -411.213 -84.327 -0.121 0.001 0.270 0.955
22.205 -411.105 -84.358 -0.122 0.001 0.272 0.955
22.134 -410.993 -84.389 -0.123 0.001 0.274 0.954
22.087 -410.920 -84.410 -0.124 0.001 0.275 0.953
22.039 -410.845 -84.432 -0.124 0.001 0.277 0.953
22.008 -410.798 -84.446 -0.125 0.001 0.278 0.952
21.941 -410.696 -84.476 -0.126 0.001 0.280 0.952
21.873 -410.593 -84.506 -0.127 0.002 0.283 0.951
21.808 -410.497 -84.535 -0.127 0.002 0.285 0.950
21.751 -410.412 -84.560 -0.128 0.002 0.286 0.950
21.709 -410.350 -84.579 -0.129 0.002 0.288 0.949
21.644 -410.255 -84.608 -0.130 0.002 0.290 0.948
21.604 -410.196 -84.626 -0.130 0.002 0.291 0.948
21.534 -410.096 -84.657 -0.131 0.002 0.293 0.947
21.497 -410.044 -84.673 -0.131 0.002 0.294 0.947
21.462 -409.994 -84.689 -0.132 0.002 0.295 0.946
21.395 -409.900 -84.718 -0.132 0.002 0.297 0.946
21.358 -409.848 -84.735 -0.133 0.002 0.298 0.945
21.322 -409.797 -84.751 -0.133 0.002 0.300 0.945
21.260 -409.712 -84.778 -0.134 0.002 0.301 0.944
21.164 -409.581 -84.821 -0.135 0.002 0.304 0.943
21.109 -409.507 -84.845 -0.136 0.002 0.306 0.942
21.053 -409.431 -84.870 -0.136 0.002 0.307 0.942
20.973 -409.326 -84.905 -0.137 0.002 0.309 0.941
20.910 -409.243 -84.933 -0.138 0.002 0.311 0.940
20.825 -409.132 -84.970 -0.139 0.002 0.313 0.939
20.764 -409.053 -84.997 -0.140 0.002 0.315 0.939
20.709 -408.983 -85.021 -0.140 0.002 0.317 0.938
20.642 -408.898 -85.051 -0.142 0.002 0.319 0.937
20.585 -408.826 -85.076 -0.142 0.002 0.320 0.937
20.509 -408.731 -85.110 -0.143 0.002 0.323 0.936
20.437 -408.641 -85.142 -0.143 0.002 0.325 0.935
20.376 -408.566 -85.168 -0.144 0.002 0.326 0.934
20.301 -408.476 -85.201 -0.145 0.002 0.328 0.933
20.247 -408.410 -85.225 -0.145 0.002 0.330 0.933
20.173 -408.321 -85.257 -0.146 0.002 0.332 0.932
20.103 -408.238 -85.288 -0.147 0.002 0.334 0.931
20.033 -408.156 -85.319 -0.148 0.002 0.335 0.930
19.953 -408.063 -85.354 -0.149 0.002 0.337 0.930
19.892 -407.992 -85.381 -0.149 0.002 0.339 0.929
19.850 -407.944 -85.399 -0.150 0.002 0.340 0.928
19.781 -407.866 -85.429 -0.151 0.002 0.342 0.927
19.711 -407.787 -85.459 -0.151 0.002 0.344 0.927
19.636 -407.702 -85.493 -0.153 0.002 0.346 0.926
19.557 -407.616 -85.527 -0.153 0.002 0.348 0.925
19.489 -407.541 -85.557 -0.154 0.002 0.350 0.924
19.409 -407.454 -85.592 -0.155 0.002 0.352 0.923
19.337 -407.376 -85.624 -0.156 0.002 0.354 0.922
19.277 -407.313 -85.650 -0.157 0.002 0.356 0.921
19.215 -407.247 -85.677 -0.157 0.002 0.357 0.921
19.155 -407.184 -85.703 -0.158 0.002 0.359 0.920
19.077 -407.102 -85.738 -0.159 0.002 0.361 0.919
18.997 -407.020 -85.772 -0.160 0.002 0.363 0.918
18.889 -406.910 -85.820 -0.161 0.002 0.366 0.917
18.823 -406.843 -85.849 -0.162 0.002 0.367 0.916
18.763 -406.782 -85.875 -0.163 0.002 0.369 0.915
18.698 -406.718 -85.904 -0.163 0.002 0.371 0.914
18.631 -406.652 -85.933 -0.164 0.002 0.372 0.914
18.558 -406.580 -85.965 -0.164 0.002 0.374 0.913
18.508 -406.532 -85.986 -0.165 0.002 0.375 0.912
18.435 -406.461 -86.018 -0.166 0.002 0.376 0.912
18.386 -406.414 -86.040 -0.166 0.002 0.377 0.911
18.310 -406.341 -86.073 -0.167 0.002 0.379 0.910
18.241 -406.276 -86.103 -0.168 0.002 0.381 0.909
18.188 -406.226 -86.126 -0.168 0.002 0.382 0.909
18.103 -406.146 -86.164 -0.169 0.002 0.384 0.908
18.019 -406.069 -86.201 -0.170 0.002 0.386 0.907
17.918 -405.977 -86.244 -0.171 0.002 0.388 0.906
17.810 -405.879 -86.292 -0.172 0.002 0.391 0.904
17.724 -405.802 -86.330 -0.173 0.002 0.393 0.903
17.657 -405.743 -86.358 -0.174 0.002 0.395 0.902
17.616 -405.707 -86.377 -0.174 0.002 0.395 0.902
17.546 -405.646 -86.407 -0.175 0.002 0.397 0.901
17.466 -405.576 -86.442 -0.176 0.002 0.399 0.900
17.388 -405.509 -86.476 -0.177 0.002 0.400 0.899
17.325 -405.455 -86.504 -0.177 0.002 0.402 0.898
17.236 -405.380 -86.543 -0.178 0.002 0.404 0.897
17.140 -405.300 -86.585 -0.179 0.002 0.406 0.896
17.083 -405.252 -86.610 -0.180 0.002 0.407 0.896
17.018 -405.199 -86.639 -0.180 0.002 0.408 0.895
16.928 -405.125 -86.678 -0.181 0.002 0.410 0.894
16.861 -405.071 -86.708 -0.182 0.002 0.412 0.893
16.756 -404.986 -86.754 -0.183 0.002 0.414 0.892
16.719 -404.957 -86.770 -0.184 0.002 0.415 0.891
16.645 -404.898 -86.803 -0.185 0.002 0.416 0.890
16.576 -404.844 -86.833 -0.185 0.002 0.418 0.890
16.471 -404.762 -86.880 -0.186 0.001 0.420 0.888
16.431 -404.731 -86.898 -0.187 0.001 0.421 0.888
16.383 -404.694 -86.919 -0.187 0.001 0.422 0.887
16.302 -404.632 -86.955 -0.189 0.001 0.423 0.886
16.235 -404.581 -86.985 -0.189 0.001 0.425 0.885
16.150 -404.518 -87.022 -0.190 0.001 0.426 0.884
16.036 -404.433 -87.073 -0.191 0.001 0.429 0.883
15.934 -404.359 -87.118 -0.191 0.001 0.431 0.882
15.818 -404.275 -87.169 -0.192 0.002 0.434 0.880
15.732 -404.213 -87.207 -0.193 0.001 0.435 0.879
15.644 -404.150 -87.246 -0.194 0.001 0.437 0.878
15.558 -404.089 -87.284 -0.195 0.001 0.438 0.877
15.500 -404.049 -87.310 -0.195 0.001 0.440 0.877
15.411 -403.987 -87.349 -0.196 0.002 0.441 0.876
15.341 -403.939 -87.380 -0.196 0.002 0.443 0.875
15.259 -403.883 -87.416 -0.197 0.002 0.444 0.874
15.177 -403.828 -87.453 -0.198 0.002 0.446 0.873
15.075 -403.760 -87.497 -0.199 0.002 0.448 0.872
15.004 -403.713 -87.529 -0.199 0.002 0.450 0.871
14.943 -403.673 -87.556 -0.200 0.002 0.451 0.870
14.872 -403.627 -87.587 -0.200 0.002 0.452 0.869
14.822 -403.594 -87.609 -0.201 0.002 0.453 0.868
14.720 -403.529 -87.654 -0.201 0.002 0.455 0.867
14.669 -403.497 -87.676 -0.201 0.002 0.457 0.867
14.542 -403.416 -87.732 -0.202 0.002 0.459 0.865
14.423 -403.343 -87.784 -0.203 0.002 0.462 0.864
14.324 -403.282 -87.828 -0.204 0.002 0.463 0.862
14.212 -403.215 -87.876 -0.205 0.002 0.465 0.861
14.112 -403.154 -87.920 -0.205 0.003 0.467 0.860
14.043 -403.114 -87.950 -0.206 0.003 0.468 0.859
13.967 -403.069 -87.983 -0.206 0.003 0.470 0.858
13.861 -403.007 -88.029 -0.207 0.003 0.472 0.857
13.746 -402.940 -88.079 -0.207 0.003 0.474 0.856
13.675 -402.900 -88.110 -0.208 0.003 0.475 0.855
13.581 -402.846 -88.151 -0.208 0.003 0.476 0.854
13.469 -402.784 -88.199 -0.209 0.003 0.478 0.853
13.394 -402.742 -88.231 -0.210 0.003 0.480 0.852
13.324 -402.704 -88.262 -0.210 0.003 0.481 0.851
13.232 -402.654 -88.302 -0.211 0.003 0.482 0.850
13.119 -402.593 -88.351 -0.212 0.003 0.484 0.849
13.016 -402.538 -88.395 -0.212 0.003 0.486 0.848
12.945 -402.501 -88.426 -0.213 0.003 0.487 0.847
12.888 -402.471 -88.450 -0.213 0.003 0.488 0.846
12.812 -402.432 -88.483 -0.214 0.003 0.489 0.845
12.725 -402.387 -88.521 -0.214 0.003 0.491 0.844
12.674 -402.360 -88.543 -0.215 0.003 0.492 0.844
12.557 -402.301 -88.593 -0.216 0.003 0.494 0.842
12.469 -402.258 -88.631 -0.216 0.003 0.496 0.841
12.386 -402.216 -88.667 -0.216 0.004 0.497 0.840
12.318 -402.183 -88.696 -0.217 0.004 0.499 0.839
12.227 -402.139 -88.735 -0.218 0.004 0.500 0.838
12.156 -402.105 -88.766 -0.218 0.004 0.502 0.837
12.058 -402.058 -88.808 -0.219 0.004 0.503 0.836
11.969 -402.017 -88.846 -0.220 0.004 0.505 0.835
11.850 -401.961 -88.897 -0.220 0.004 0.507 0.833
11.757 -401.919 -88.937 -0.221 0.004 0.508 0.832
11.666 -401.878 -88.976 -0.222 0.004 0.510 0.831
11.583 -401.841 -89.012 -0.222 0.004 0.511 0.830
11.471 -401.791 -89.060 -0.223 0.004 0.513 0.829
11.384 -401.754 -89.098 -0.224 0.004 0.514 0.828
11.279 -401.708 -89.143 -0.225 0.003 0.516 0.827
11.166 -401.660 -89.191 -0.225 0.004 0.518 0.825
11.072 -401.620 -89.232 -0.226 0.003 0.519 0.824
10.974 -401.579 -89.274 -0.226 0.004 0.521 0.823
10.899 -401.548 -89.306 -0.227 0.004 0.522 0.822
10.807 -401.511 -89.346 -0.227 0.004 0.523 0.821
10.702 -401.468 -89.391 -0.227 0.004 0.525 0.820
10.587 -401.423 -89.440 -0.229 0.004 0.527 0.818
10.511 -401.393 -89.472 -0.229 0.004 0.528 0.817
10.438 -401.365 -89.503 -0.230 0.004 0.529 0.817
10.361 -401.335 -89.537 -0.231 0.004 0.531 0.816
10.267 -401.300 -89.577 -0.231 0.004 0.532 0.815
10.207 -401.277 -89.603 -0.231 0.004 0.533 0.814
10.117 -401.244 -89.641 -0.232 0.004 0.534 0.813
10.043 -401.217 -89.673 -0.232 0.004 0.535 0.812
9.961 -401.187 -89.708 -0.233 0.004 0.537 0.811
9.898 -401.165 -89.735 -0.233 0.004 0.537 0.810
9.818 -401.136 -89.769 -0.234 0.004 0.539 0.810
9.757 -401.115 -89.795 -0.234 0.004 0.539 0.809
9.677 -401.087 -89.829 -0.234 0.004 0.541 0.808
9.581 -401.053 -89.871 -0.234 0.004 0.542 0.807
9.488 -401.021 -89.910 -0.235 0.004 0.543 0.806
9.375 -400.983 -89.958 -0.236 0.004 0.545 0.805
