26.388 -423.578 -82.406 -0.025 0.000 0.050 0.998
26.377 -423.474 -82.411 -0.026 0.000 0.052 0.998
26.366 -423.361 -82.417 -0.026 0.000 0.054 0.998
26.356 -423.278 -82.422 -0.027 0.000 0.055 0.998
26.348 -423.199 -82.426 -0.027 0.000 0.056 0.998
26.331 -423.054 -82.434 -0.029 0.000 0.059 0.998
26.319 -422.959 -82.440 -0.030 0.000 0.060 0.998
26.307 -422.859 -82.446 -0.030 0.000 0.062 0.998
26.297 -422.777 -82.451 -0.031 0.000 0.063 0.998
26.282 -422.663 -82.458 -0.031 0.000 0.065 0.997
26.267 -422.551 -82.465 -0.032 0.000 0.067 0.997
26.258 -422.480 -82.470 -0.032 0.000 0.068 0.997
26.249 -422.414 -82.474 -0.033 0.000 0.069 0.997
26.231 -422.287 -82.482 -0.033 0.000 0.071 0.997
26.215 -422.183 -82.490 -0.034 0.000 0.073 0.997
26.204 -422.102 -82.495 -0.035 0.000 0.074 0.997
26.189 -422.005 -82.502 -0.035 0.000 0.076 0.997
26.171 -421.890 -82.510 -0.036 0.000 0.078 0.996
26.154 -421.780 -82.518 -0.036 0.000 0.079 0.996
26.136 -421.673 -82.526 -0.037 0.000 0.081 0.996
26.121 -421.578 -82.534 -0.038 0.000 0.083 0.996
26.106 -421.495 -82.540 -0.039 0.000 0.084 0.996
26.094 -421.422 -82.546 -0.040 0.000 0.085 0.996
26.077 -421.324 -82.554 -0.041 0.000 0.087 0.995
26.051 -421.177 -82.566 -0.042 0.000 0.089 0.995
26.035 -421.092 -82.573 -0.042 0.000 0.090 0.995
26.015 -420.984 -82.583 -0.043 0.000 0.092 0.995
25.991 -420.854 -82.594 -0.043 0.000 0.094 0.995
25.977 -420.785 -82.600 -0.043 0.000 0.095 0.995
25.950 -420.648 -82.612 -0.044 0.000 0.098 0.994
25.932 -420.555 -82.621 -0.044 0.000 0.099 0.994
25.915 -420.472 -82.628 -0.045 0.000 0.101 0.994
25.897 -420.385 -82.636 -0.045 0.000 0.102 0.994
25.881 -420.309 -82.643 -0.046 0.000 0.103 0.994
25.858 -420.204 -82.653 -0.047 0.000 0.105 0.993
25.840 -420.120 -82.661 -0.047 0.000 0.107 0.993
25.822 -420.034 -82.669 -0.047 0.000 0.108 0.993
25.805 -419.958 -82.677 -0.048 0.000 0.109 0.993
25.781 -419.852 -82.687 -0.049 0.000 0.111 0.993
25.750 -419.717 -82.701 -0.050 0.000 0.113 0.992
25.727 -419.617 -82.711 -0.050 0.000 0.115 0.992
25.699 -419.502 -82.723 -0.051 0.000 0.117 0.992
25.677 -419.411 -82.733 -0.052 0.000 0.119 0.992
25.647 -419.288 -82.746 -0.053 0.000 0.121 0.991
25.621 -419.186 -82.757 -0.054 0.000 0.122 0.991
25.599 -419.096 -82.767 -0.054 0.000 0.124 0.991
25.567 -418.974 -82.781 -0.055 0.000 0.126 0.990
25.542 -418.878 -82.792 -0.056 0.000 0.128 0.990
25.512 -418.766 -82.805 -0.057 0.000 0.130 0.990
25.484 -418.664 -82.817 -0.057 0.000 0.132 0.990
25.463 -418.586 -82.826 -0.058 0.000 0.134 0.989
25.440 -418.502 -82.836 -0.059 0.000 0.135 0.989
25.414 -418.411 -82.848 -0.060 0.000 0.137 0.989
25.391 -418.332 -82.857 -0.060 0.000 0.138 0.989
25.356 -418.211 -82.872 -0.061 0.000 0.141 0.988
25.328 -418.114 -82.885 -0.062 0.000 0.143 0.988
25.304 -418.034 -82.895 -0.063 0.000 0.144 0.988
25.272 -417.928 -82.909 -0.064 0.000 0.146 0.987
25.251 -417.861 -82.918 -0.064 0.000 0.147 0.987
25.213 -417.738 -82.934 -0.064 0.001 0.149 0.987
25.187 -417.655 -82.946 -0.065 0.001 0.151 0.986
25.149 -417.535 -82.962 -0.066 0.001 0.153 0.986
25.126 -417.461 -82.972 -0.066 0.001 0.154 0.986
25.093 -417.361 -82.986 -0.067 0.001 0.156 0.985
25.060 -417.261 -83.000 -0.068 0.001 0.158 0.985
25.036 -417.189 -83.010 -0.068 0.001 0.159 0.985
25.005 -417.095 -83.024 -0.069 0.001 0.161 0.985
24.969 -416.990 -83.039 -0.070 0.001 0.162 0.984
24.942 -416.911 -83.051 -0.070 0.001 0.164 0.984
24.913 -416.827 -83.063 -0.071 0.001 0.166 0.984
24.882 -416.738 -83.076 -0.072 0.001 0.167 0.983
24.859 -416.673 -83.086 -0.072 0.001 0.168 0.983
24.825 -416.577 -83.101 -0.073 0.001 0.170 0.983
24.787 -416.473 -83.117 -0.074 0.001 0.172 0.982
24.757 -416.391 -83.130 -0.075 0.001 0.173 0.982
24.727 -416.309 -83.143 -0.075 0.001 0.174 0.982
24.681 -416.185 -83.162 -0.076 0.001 0.177 0.981
24.637 -416.068 -83.181 -0.077 0.001 0.179 0.981
24.585 -415.931 -83.204 -0.078 0.001 0.181 0.980
24.545 -415.827 -83.221 -0.079 0.001 0.183 0.980
24.515 -415.751 -83.234 -0.079 0.001 0.184 0.980
24.478 -415.658 -83.250 -0.080 0.001 0.186 0.979
24.445 -415.576 -83.263 -0.081 0.001 0.187 0.979
24.408 -415.483 -83.280 -0.081 0.000 0.188 0.979
24.386 -415.428 -83.289 -0.082 0.000 0.189 0.979
24.350 -415.341 -83.304 -0.082 0.000 0.191 0.978
24.311 -415.246 -83.321 -0.083 0.001 0.193 0.978
24.263 -415.129 -83.342 -0.084 0.000 0.195 0.977
24.223 -415.033 -83.359 -0.085 0.000 0.196 0.977
24.185 -414.944 -83.376 -0.085 0.001 0.198 0.977
24.149 -414.859 -83.391 -0.086 0.000 0.199 0.976
24.085 -414.712 -83.418 -0.087 0.001 0.202 0.975
24.035 -414.599 -83.440 -0.087 0.001 0.204 0.975
23.999 -414.519 -83.455 -0.088 0.001 0.206 0.975
23.973 -414.460 -83.466 -0.089 0.001 0.207 0.974
23.939 -414.384 -83.481 -0.089 0.001 0.209 0.974
23.883 -414.261 -83.505 -0.090 0.001 0.211 0.973
23.845 -414.180 -83.521 -0.091 0.001 0.213 0.973
23.802 -414.087 -83.539 -0.091 0.001 0.214 0.972
23.768 -414.014 -83.554 -0.092 0.001 0.216 0.972
23.724 -413.923 -83.573 -0.093 0.001 0.218 0.972
23.686 -413.842 -83.589 -0.094 0.001 0.219 0.971
23.642 -413.752 -83.608 -0.095 0.001 0.221 0.971
23.614 -413.693 -83.620 -0.095 0.001 0.222 0.970
23.552 -413.567 -83.646 -0.096 0.001 0.225 0.970
23.519 -413.501 -83.660 -0.097 0.001 0.226 0.969
23.463 -413.390 -83.684 -0.098 0.001 0.228 0.969
23.421 -413.306 -83.702 -0.098 0.001 0.230 0.968
23.380 -413.226 -83.720 -0.099 0.001 0.232 0.968
23.349 -413.165 -83.733 -0.099 0.001 0.233 0.967
23.283 -413.039 -83.761 -0.100 0.001 0.235 0.967
23.236 -412.951 -83.781 -0.101 0.001 0.237 0.966
23.182 -412.849 -83.804 -0.102 0.001 0.239 0.966
23.134 -412.759 -83.824 -0.103 0.001 0.241 0.965
23.086 -412.671 -83.845 -0.104 0.001 0.243 0.965
23.030 -412.568 -83.869 -0.105 0.001 0.245 0.964
22.980 -412.477 -83.890 -0.106 0.001 0.246 0.963
22.942 -412.410 -83.906 -0.106 0.001 0.248 0.963
22.901 -412.335 -83.924 -0.107 0.001 0.249 0.963
22.851 -412.248 -83.945 -0.108 0.001 0.251 0.962
22.801 -412.161 -83.966 -0.109 0.000 0.253 0.961
22.751 -412.074 -83.988 -0.110 0.000 0.255 0.961
22.687 -411.964 -84.015 -0.111 0.000 0.257 0.960
22.619 -411.847 -84.045 -0.113 0.000 0.260 0.959
22.573 -411.772 -84.065 -0.113 0.000 0.261 0.959
22.523 -411.687 -84.087 -0.114 0.000 0.263 0.958
22.465 -411.591 -84.112 -0.115 0.000 0.264 0.958
22.399 -411.483 -84.141 -0.116 0.000 0.266 0.957
22.341 -411.389 -84.166 -0.117 0.000 0.268 0.956
22.266 -411.270 -84.198 -0.118 0.000 0.271 0.955
22.227 -411.207 -84.215 -0.119 0.000 0.272 0.955
22.168 -411.114 -84.241 -0.120 0.000 0.274 0.954
22.104 -411.015 -84.269 -0.121 0.000 0.276 0.953
22.063 -410.951 -84.287 -0.121 0.000 0.278 0.953
22.025 -410.893 -84.304 -0.122 0.000 0.279 0.953
21.966 -410.804 -84.329 -0.123 0.000 0.281 0.952
21.941 -410.766 -84.340 -0.123 0.000 0.282 0.951
21.865 -410.651 -84.374 -0.125 0.000 0.284 0.951
21.817 -410.580 -84.395 -0.125 0.000 0.286 0.950
21.774 -410.517 -84.413 -0.126 0.000 0.287 0.950
21.716 -410.432 -84.439 -0.127 0.000 0.289 0.949
21.660 -410.350 -84.463 -0.127 0.000 0.291 0.948
21.619 -410.291 -84.481 -0.128 0.000 0.292 0.948
21.558 -410.204 -84.508 -0.129 0.000 0.294 0.947
21.492 -410.111 -84.537 -0.129 0.000 0.296 0.946
21.447 -410.047 -84.556 -0.130 0.000 0.298 0.946
21.355 -409.919 -84.597 -0.132 0.000 0.300 0.945
21.271 -409.803 -84.634 -0.132 0.000 0.303 0.944
21.166 -409.661 -84.680 -0.134 0.000 0.306 0.943
21.091 -409.560 -84.712 -0.134 0.000 0.308 0.942
21.028 -409.477 -84.740 -0.135 0.000 0.310 0.941
20.957 -409.383 -84.771 -0.136 0.000 0.312 0.940
20.895 -409.302 -84.798 -0.137 0.000 0.314 0.940
20.830 -409.219 -84.826 -0.137 0.000 0.316 0.939
20.773 -409.145 -84.851 -0.138 0.000 0.317 0.938
20.694 -409.045 -84.885 -0.139 0.000 0.320 0.937
20.649 -408.989 -84.905 -0.140 0.000 0.321 0.937
20.579 -408.901 -84.935 -0.140 0.000 0.323 0.936
20.521 -408.829 -84.960 -0.141 0.000 0.324 0.935
20.483 -408.782 -84.977 -0.142 0.000 0.326 0.935
20.390 -408.669 -85.017 -0.143 0.000 0.328 0.934
20.292 -408.550 -85.060 -0.144 0.000 0.331 0.933
20.246 -408.495 -85.080 -0.144 0.000 0.332 0.932
20.198 -408.439 -85.100 -0.145 0.000 0.333 0.932
20.107 -408.331 -85.140 -0.146 0.000 0.335 0.931
20.042 -408.255 -85.168 -0.147 0.000 0.337 0.930
19.983 -408.186 -85.194 -0.148 0.000 0.338 0.929
19.884 -408.072 -85.237 -0.148 0.000 0.341 0.928
19.806 -407.984 -85.271 -0.150 0.000 0.343 0.927
19.739 -407.907 -85.301 -0.150 0.000 0.345 0.927
19.670 -407.831 -85.330 -0.151 0.000 0.347 0.926
19.584 -407.735 -85.368 -0.152 0.000 0.349 0.925
19.521 -407.666 -85.396 -0.153 0.000 0.351 0.924
19.431 -407.569 -85.435 -0.154 0.000 0.353 0.923
19.352 -407.484 -85.469 -0.155 0.000 0.355 0.922
19.266 -407.393 -85.507 -0.156 0.000 0.357 0.921
19.189 -407.312 -85.540 -0.156 0.000 0.360 0.920
19.128 -407.248 -85.567 -0.157 0.000 0.361 0.919
19.053 -407.171 -85.599 -0.158 0.000 0.363 0.918
18.960 -407.075 -85.640 -0.159 0.000 0.365 0.917
18.900 -407.015 -85.666 -0.159 0.000 0.367 0.916
18.786 -406.900 -85.715 -0.160 0.000 0.370 0.915
18.739 -406.854 -85.735 -0.161 0.000 0.371 0.915
18.681 -406.797 -85.760 -0.162 0.000 0.373 0.914
18.576 -406.693 -85.806 -0.163 0.000 0.375 0.913
18.506 -406.626 -85.837 -0.164 0.000 0.377 0.912
18.424 -406.548 -85.872 -0.165 0.000 0.379 0.911
18.340 -406.467 -85.909 -0.166 0.000 0.381 0.910
18.266 -406.398 -85.941 -0.167 0.000 0.383 0.909
18.184 -406.322 -85.977 -0.168 0.000 0.385 0.908
18.116 -406.259 -86.006 -0.168 0.000 0.386 0.907
18.064 -406.212 -86.029 -0.169 0.000 0.388 0.906
18.005 -406.158 -86.054 -0.169 0.000 0.389 0.905
17.940 -406.099 -86.083 -0.170 0.000 0.391 0.905
17.854 -406.022 -86.120 -0.171 0.000 0.393 0.904
17.763 -405.942 -86.160 -0.172 0.000 0.395 0.902
17.716 -405.900 -86.180 -0.173 0.000 0.396 0.902
17.659 -405.850 -86.205 -0.173 0.000 0.397 0.901
17.585 -405.786 -86.237 -0.174 0.000 0.399 0.900
17.527 -405.736 -86.263 -0.174 0.000 0.401 0.899
17.482 -405.698 -86.282 -0.175 0.000 0.402 0.899
17.393 -405.622 -86.321 -0.175 0.000 0.404 0.898
17.342 -405.579 -86.343 -0.176 0.000 0.405 0.897
17.291 -405.537 -86.365 -0.176 0.000 0.406 0.897
17.225 -405.482 -86.394 -0.177 0.001 0.408 0.896
17.133 -405.406 -86.433 -0.178 0.000 0.410 0.895
17.079 -405.362 -86.457 -0.178 0.000 0.411 0.894
17.010 -405.306 -86.487 -0.179 0.000 0.412 0.893
16.916 -405.230 -86.527 -0.180 0.001 0.415 0.892
16.858 -405.184 -86.552 -0.180 0.001 0.416 0.891
16.796 -405.135 -86.579 -0.181 0.001 0.417 0.891
16.727 -405.081 -86.609 -0.181 0.001 0.419 0.890
16.678 -405.042 -86.630 -0.182 0.001 0.420 0.889
16.609 -404.989 -86.660 -0.182 0.001 0.421 0.888
16.546 -404.940 -86.687 -0.183 0.000 0.423 0.888
16.436 -404.857 -86.735 -0.184 0.000 0.425 0.886
16.360 -404.799 -86.768 -0.185 0.000 0.427 0.885
16.283 -404.741 -86.802 -0.186 0.000 0.428 0.884
16.206 -404.684 -86.835 -0.187 0.000 0.430 0.883
16.135 -404.632 -86.865 -0.187 0.000 0.431 0.883
16.074 -404.587 -86.892 -0.188 0.000 0.432 0.882
16.000 -404.534 -86.924 -0.189 0.000 0.434 0.881
15.922 -404.477 -86.958 -0.189 0.000 0.436 0.880
15.833 -404.414 -86.997 -0.190 0.000 0.437 0.879
15.762 -404.364 -87.028 -0.191 0.000 0.439 0.878
15.670 -404.300 -87.068 -0.192 0.000 0.441 0.877
15.604 -404.254 -87.096 -0.192 0.000 0.442 0.876
15.540 -404.210 -87.124 -0.193 0.000 0.443 0.876
15.467 -404.160 -87.156 -0.194 0.000 0.444 0.875
15.352 -404.082 -87.206 -0.195 0.000 0.447 0.873
15.273 -404.029 -87.241 -0.196 0.000 0.448 0.872
15.195 -403.977 -87.275 -0.196 0.000 0.450 0.871
15.122 -403.929 -87.307 -0.197 0.000 0.451 0.870
15.030 -403.869 -87.347 -0.198 0.000 0.453 0.869
14.974 -403.832 -87.372 -0.199 -0.001 0.454 0.869
14.848 -403.751 -87.427 -0.199 0.000 0.456 0.867
14.742 -403.684 -87.473 -0.200 0.000 0.458 0.866
14.634 -403.616 -87.521 -0.201 0.000 0.460 0.865
14.552 -403.565 -87.556 -0.202 0.000 0.462 0.864
14.470 -403.516 -87.592 -0.203 0.000 0.463 0.863
14.395 -403.470 -87.625 -0.203 0.000 0.465 0.862
14.350 -403.443 -87.645 -0.203 0.000 0.465 0.861
14.258 -403.388 -87.685 -0.204 0.000 0.467 0.861
14.181 -403.342 -87.718 -0.205 0.000 0.468 0.860
14.094 -403.290 -87.756 -0.205 0.000 0.470 0.859
14.010 -403.241 -87.793 -0.206 0.000 0.471 0.858
13.930 -403.194 -87.828 -0.206 0.000 0.472 0.857
13.825 -403.133 -87.874 -0.207 0.000 0.474 0.856
13.757 -403.094 -87.904 -0.207 0.000 0.475 0.855
13.679 -403.050 -87.938 -0.208 0.000 0.476 0.854
13.584 -402.996 -87.980 -0.209 0.000 0.478 0.853
13.461 -402.928 -88.033 -0.210 0.000 0.480 0.852
13.395 -402.892 -88.062 -0.210 0.000 0.481 0.851
13.330 -402.856 -88.090 -0.210 0.000 0.482 0.850
13.273 -402.825 -88.115 -0.210 0.000 0.483 0.850
13.180 -402.775 -88.156 -0.211 0.000 0.485 0.849
13.067 -402.715 -88.205 -0.212 0.000 0.487 0.848
12.980 -402.670 -88.242 -0.212 0.000 0.488 0.846
12.911 -402.633 -88.273 -0.213 0.000 0.490 0.845
12.826 -402.589 -88.309 -0.213 0.000 0.491 0.845
12.740 -402.545 -88.347 -0.214 0.000 0.492 0.844
12.670 -402.510 -88.377 -0.214 0.001 0.494 0.843
12.544 -402.447 -88.432 -0.215 0.001 0.496 0.841
12.455 -402.403 -88.470 -0.216 0.001 0.497 0.840
12.337 -402.345 -88.521 -0.217 0.001 0.500 0.839
12.267 -402.311 -88.552 -0.217 0.001 0.501 0.838
12.183 -402.271 -88.588 -0.218 0.001 0.502 0.837
12.087 -402.225 -88.630 -0.219 0.001 0.504 0.836
12.007 -402.188 -88.664 -0.219 0.001 0.506 0.835
11.906 -402.141 -88.708 -0.220 0.001 0.507 0.833
11.816 -402.100 -88.747 -0.220 0.001 0.509 0.832
11.713 -402.053 -88.792 -0.221 0.001 0.511 0.831
11.628 -402.016 -88.828 -0.222 0.001 0.512 0.830
11.515 -401.966 -88.877 -0.223 0.001 0.514 0.829
11.447 -401.936 -88.906 -0.223 0.001 0.515 0.828
11.362 -401.899 -88.943 -0.223 0.001 0.516 0.827
11.285 -401.867 -88.976 -0.224 0.001 0.518 0.826
11.175 -401.820 -89.024 -0.224 0.001 0.519 0.825
11.083 -401.782 -89.063 -0.225 0.001 0.521 0.824
11.017 -401.754 -89.092 -0.225 0.001 0.522 0.823
10.946 -401.725 -89.122 -0.226 0.001 0.523 0.822
10.889 -401.702 -89.146 -0.226 0.001 0.524 0.821
10.773 -401.655 -89.196 -0.227 0.001 0.526 0.820
10.719 -401.634 -89.219 -0.227 0.001 0.527 0.819
10.655 -401.609 -89.247 -0.227 0.002 0.528 0.819
10.559 -401.572 -89.288 -0.228 0.001 0.529 0.817
10.478 -401.541 -89.323 -0.229 0.001 0.530 0.816
10.413 -401.516 -89.351 -0.229 0.001 0.532 0.815
10.306 -401.476 -89.397 -0.230 0.002 0.533 0.814
10.234 -401.449 -89.427 -0.230 0.002 0.534 0.813
10.170 -401.425 -89.455 -0.230 0.002 0.535 0.813
10.097 -401.398 -89.486 -0.231 0.002 0.536 0.812
10.028 -401.373 -89.516 -0.231 0.002 0.537 0.811
9.977 -401.354 -89.538 -0.231 0.002 0.538 0.811
9.877 -401.319 -89.580 -0.232 0.002 0.539 0.810
9.780 -401.284 -89.622 -0.232 0.002 0.540 0.809
9.711 -401.260 -89.651 -0.232 0.002 0.541 0.808
