24.700 -458.402 -70.112 -0.001 0.000 0.002 1.000
24.699 -458.311 -70.112 -0.002 0.000 0.003 1.000
24.699 -458.236 -70.113 -0.003 0.000 0.004 1.000
24.697 -458.116 -70.113 -0.003 0.000 0.006 1.000
24.696 -458.004 -70.114 -0.004 0.000 0.008 1.000
24.694 -457.924 -70.115 -0.005 0.000 0.010 1.000
24.691 -457.786 -70.116 -0.006 0.000 0.012 1.000
24.688 -457.676 -70.118 -0.006 0.000 0.014 1.000
24.687 -457.622 -70.118 -0.006 0.000 0.015 1.000
24.684 -457.550 -70.119 -0.007 0.000 0.017 1.000
24.680 -457.416 -70.121 -0.008 0.000 0.019 1.000
24.676 -457.328 -70.123 -0.008 0.000 0.021 1.000
24.672 -457.238 -70.124 -0.009 0.000 0.023 1.000
24.666 -457.112 -70.127 -0.010 0.000 0.025 1.000
24.659 -456.984 -70.130 -0.011 0.000 0.027 1.000
24.654 -456.887 -70.132 -0.012 0.000 0.029 1.000
24.649 -456.802 -70.134 -0.013 0.000 0.030 0.999
24.643 -456.709 -70.136 -0.013 0.000 0.032 0.999
24.634 -456.566 -70.140 -0.015 0.000 0.034 0.999
24.626 -456.455 -70.144 -0.016 0.000 0.036 0.999
24.620 -456.378 -70.146 -0.016 0.000 0.038 0.999
24.611 -456.259 -70.150 -0.017 0.000 0.040 0.999
24.601 -456.135 -70.155 -0.018 0.000 0.042 0.999
24.589 -456.001 -70.159 -0.019 0.000 0.044 0.999
24.580 -455.900 -70.163 -0.020 0.000 0.046 0.999
24.572 -455.812 -70.167 -0.020 0.000 0.048 0.999
24.564 -455.730 -70.170 -0.021 0.000 0.049 0.999
24.554 -455.639 -70.174 -0.021 0.000 0.051 0.998
24.544 -455.534 -70.179 -0.022 0.000 0.053 0.998
24.536 -455.459 -70.182 -0.022 0.000 0.054 0.998
24.520 -455.319 -70.188 -0.023 0.000 0.056 0.998
24.510 -455.230 -70.193 -0.024 0.000 0.058 0.998
24.497 -455.124 -70.198 -0.025 0.000 0.060 0.998
24.487 -455.041 -70.202 -0.025 0.000 0.061 0.998
24.474 -454.938 -70.207 -0.026 0.000 0.063 0.998
24.458 -454.814 -70.214 -0.027 0.000 0.066 0.997
24.443 -454.702 -70.220 -0.028 0.000 0.068 0.997
24.428 -454.595 -70.226 -0.028 0.000 0.070 0.997
24.413 -454.490 -70.232 -0.029 0.000 0.072 0.997
24.398 -454.384 -70.239 -0.030 0.000 0.074 0.997
24.382 -454.282 -70.245 -0.031 0.000 0.076 0.997
24.361 -454.147 -70.253 -0.031 0.000 0.078 0.996
24.338 -454.006 -70.262 -0.033 0.000 0.081 0.996
24.320 -453.895 -70.270 -0.033 0.000 0.082 0.996
24.308 -453.822 -70.275 -0.034 0.000 0.084 0.996
24.286 -453.693 -70.284 -0.035 0.000 0.086 0.996
24.269 -453.599 -70.290 -0.035 0.000 0.088 0.996
24.249 -453.486 -70.299 -0.036 0.000 0.090 0.995
24.217 -453.315 -70.311 -0.038 0.000 0.093 0.995
24.186 -453.154 -70.324 -0.039 0.000 0.096 0.995
24.172 -453.080 -70.330 -0.039 0.000 0.097 0.994
24.145 -452.949 -70.340 -0.040 0.000 0.100 0.994
24.126 -452.855 -70.348 -0.040 0.000 0.101 0.994
24.103 -452.745 -70.357 -0.041 0.000 0.104 0.994
24.086 -452.666 -70.364 -0.042 0.000 0.105 0.994
24.061 -452.550 -70.374 -0.042 0.000 0.108 0.993
24.039 -452.450 -70.383 -0.043 0.000 0.109 0.993
24.011 -452.326 -70.394 -0.044 0.000 0.112 0.993
23.988 -452.226 -70.403 -0.045 0.000 0.114 0.992
23.968 -452.139 -70.411 -0.046 0.000 0.115 0.992
23.951 -452.072 -70.418 -0.047 0.000 0.116 0.992
23.933 -451.994 -70.425 -0.047 0.000 0.118 0.992
23.909 -451.895 -70.435 -0.048 0.000 0.120 0.992
23.883 -451.790 -70.445 -0.049 0.000 0.121 0.991
23.855 -451.679 -70.456 -0.050 0.000 0.124 0.991
23.832 -451.590 -70.465 -0.050 0.000 0.125 0.991
23.806 -451.488 -70.476 -0.051 0.000 0.127 0.991
23.785 -451.409 -70.484 -0.052 0.000 0.128 0.990
23.770 -451.351 -70.490 -0.052 0.000 0.129 0.990
23.752 -451.287 -70.497 -0.053 0.000 0.130 0.990
23.731 -451.208 -70.506 -0.053 0.000 0.132 0.990
23.707 -451.119 -70.516 -0.054 0.000 0.134 0.990
23.685 -451.041 -70.525 -0.054 0.000 0.135 0.989
23.659 -450.948 -70.535 -0.055 0.000 0.137 0.989
23.633 -450.856 -70.545 -0.055 0.000 0.138 0.989
23.607 -450.767 -70.556 -0.056 0.000 0.140 0.989
23.577 -450.664 -70.568 -0.057 0.000 0.142 0.988
23.536 -450.525 -70.584 -0.058 0.000 0.144 0.988
23.514 -450.453 -70.593 -0.058 0.000 0.145 0.988
23.472 -450.316 -70.610 -0.060 0.000 0.148 0.987
23.446 -450.229 -70.620 -0.060 0.000 0.149 0.987
23.417 -450.137 -70.632 -0.061 0.000 0.151 0.987
23.385 -450.038 -70.645 -0.062 0.000 0.153 0.986
23.351 -449.931 -70.659 -0.062 0.000 0.155 0.986
23.323 -449.846 -70.670 -0.063 0.000 0.156 0.986
23.289 -449.742 -70.684 -0.064 0.000 0.158 0.985
23.255 -449.639 -70.697 -0.065 0.000 0.160 0.985
23.226 -449.553 -70.709 -0.066 0.000 0.161 0.985
23.186 -449.438 -70.725 -0.067 0.000 0.163 0.984
23.146 -449.320 -70.742 -0.068 0.000 0.165 0.984
23.116 -449.234 -70.754 -0.069 0.000 0.166 0.984
23.071 -449.107 -70.773 -0.070 0.000 0.169 0.983
23.030 -448.992 -70.790 -0.071 0.000 0.171 0.983
23.001 -448.912 -70.802 -0.071 0.000 0.172 0.982
22.972 -448.832 -70.814 -0.072 0.000 0.174 0.982
22.941 -448.747 -70.827 -0.072 0.000 0.175 0.982
22.902 -448.645 -70.843 -0.073 0.000 0.177 0.981
22.868 -448.554 -70.857 -0.074 0.000 0.179 0.981
22.833 -448.462 -70.871 -0.074 0.000 0.181 0.981
22.789 -448.348 -70.889 -0.075 0.000 0.183 0.980
22.759 -448.272 -70.901 -0.075 0.000 0.185 0.980
22.723 -448.180 -70.916 -0.076 0.000 0.186 0.980
22.691 -448.102 -70.929 -0.076 0.000 0.188 0.979
22.660 -448.024 -70.941 -0.077 0.000 0.189 0.979
22.619 -447.924 -70.958 -0.078 0.000 0.191 0.978
22.590 -447.852 -70.970 -0.078 0.000 0.192 0.978
22.563 -447.787 -70.981 -0.079 0.000 0.193 0.978
22.525 -447.696 -70.996 -0.079 0.000 0.195 0.978
22.484 -447.597 -71.013 -0.080 0.000 0.197 0.977
22.451 -447.520 -71.026 -0.080 0.000 0.198 0.977
22.421 -447.449 -71.039 -0.081 0.000 0.199 0.977
22.376 -447.344 -71.057 -0.081 0.000 0.201 0.976
22.335 -447.249 -71.073 -0.082 0.000 0.202 0.976
22.302 -447.175 -71.087 -0.082 0.000 0.203 0.976
22.234 -447.019 -71.114 -0.082 0.000 0.205 0.975
22.200 -446.943 -71.128 -0.083 0.000 0.206 0.975
22.159 -446.851 -71.144 -0.084 0.000 0.207 0.975
22.114 -446.751 -71.162 -0.084 0.000 0.209 0.974
22.070 -446.654 -71.180 -0.085 0.000 0.210 0.974
22.033 -446.573 -71.195 -0.086 0.000 0.212 0.974
21.962 -446.420 -71.224 -0.087 0.000 0.214 0.973
21.904 -446.296 -71.248 -0.088 0.000 0.217 0.972
21.832 -446.146 -71.277 -0.089 0.000 0.220 0.972
21.795 -446.068 -71.292 -0.089 0.000 0.221 0.971
21.767 -446.011 -71.303 -0.090 0.000 0.222 0.971
21.710 -445.895 -71.326 -0.090 0.000 0.224 0.970
21.680 -445.835 -71.338 -0.091 0.000 0.226 0.970
21.619 -445.711 -71.363 -0.092 0.000 0.228 0.969
21.557 -445.589 -71.388 -0.093 0.000 0.230 0.969
21.505 -445.488 -71.409 -0.094 0.000 0.232 0.968
21.451 -445.382 -71.431 -0.095 0.000 0.233 0.968
21.392 -445.268 -71.455 -0.095 0.000 0.236 0.967
21.343 -445.174 -71.475 -0.096 0.000 0.237 0.967
21.302 -445.098 -71.491 -0.097 0.000 0.238 0.966
21.261 -445.020 -71.508 -0.097 0.000 0.240 0.966
21.244 -444.990 -71.515 -0.098 0.000 0.240 0.966
21.213 -444.931 -71.527 -0.098 0.000 0.241 0.965
21.158 -444.831 -71.550 -0.098 0.000 0.243 0.965
21.118 -444.757 -71.566 -0.099 0.000 0.244 0.965
21.063 -444.657 -71.588 -0.099 0.000 0.246 0.964
21.000 -444.543 -71.614 -0.101 0.000 0.248 0.964
20.951 -444.455 -71.634 -0.101 0.000 0.249 0.963
20.886 -444.339 -71.660 -0.102 0.000 0.251 0.963
20.854 -444.283 -71.673 -0.102 0.000 0.251 0.962
20.806 -444.199 -71.692 -0.103 0.000 0.252 0.962
20.745 -444.093 -71.717 -0.103 0.000 0.254 0.962
20.710 -444.032 -71.731 -0.104 0.000 0.255 0.961
20.655 -443.937 -71.754 -0.104 0.000 0.256 0.961
20.607 -443.855 -71.773 -0.104 0.000 0.258 0.961
20.537 -443.736 -71.802 -0.105 0.000 0.259 0.960
20.465 -443.614 -71.831 -0.105 0.000 0.261 0.960
20.402 -443.510 -71.856 -0.106 0.000 0.262 0.959
20.349 -443.420 -71.877 -0.106 0.000 0.264 0.959
20.274 -443.297 -71.907 -0.107 0.000 0.265 0.958
20.221 -443.211 -71.928 -0.107 0.000 0.266 0.958
20.168 -443.124 -71.950 -0.108 0.000 0.267 0.958
20.084 -442.988 -71.984 -0.108 0.000 0.268 0.957
20.032 -442.904 -72.005 -0.108 0.000 0.269 0.957
19.983 -442.824 -72.025 -0.109 0.000 0.270 0.957
19.921 -442.726 -72.049 -0.110 0.000 0.272 0.956
19.848 -442.610 -72.079 -0.110 0.000 0.273 0.956
19.791 -442.520 -72.102 -0.110 0.000 0.274 0.955
19.744 -442.446 -72.121 -0.111 0.000 0.275 0.955
19.681 -442.348 -72.146 -0.111 0.000 0.276 0.955
19.639 -442.283 -72.163 -0.112 0.000 0.277 0.954
19.571 -442.177 -72.190 -0.112 0.000 0.278 0.954
19.517 -442.093 -72.212 -0.113 0.000 0.279 0.954
19.471 -442.023 -72.230 -0.113 0.000 0.280 0.953
19.419 -441.944 -72.251 -0.113 0.000 0.281 0.953
19.364 -441.860 -72.273 -0.113 0.000 0.282 0.953
19.301 -441.765 -72.298 -0.113 0.000 0.283 0.952
19.249 -441.687 -72.319 -0.113 0.001 0.285 0.952
19.199 -441.612 -72.339 -0.114 0.001 0.286 0.951
19.126 -441.503 -72.368 -0.114 0.001 0.288 0.951
19.080 -441.436 -72.386 -0.115 0.001 0.289 0.951
19.028 -441.360 -72.407 -0.115 0.001 0.290 0.950
18.934 -441.224 -72.444 -0.116 0.001 0.292 0.949
18.887 -441.155 -72.462 -0.116 0.001 0.293 0.949
18.818 -441.056 -72.489 -0.116 0.001 0.294 0.949
18.775 -440.993 -72.506 -0.116 0.001 0.295 0.948
18.718 -440.912 -72.529 -0.117 0.001 0.296 0.948
18.643 -440.806 -72.558 -0.117 0.001 0.297 0.948
18.586 -440.726 -72.581 -0.117 0.001 0.298 0.947
18.534 -440.653 -72.601 -0.117 0.001 0.299 0.947
18.462 -440.553 -72.629 -0.118 0.001 0.301 0.946
18.413 -440.485 -72.648 -0.118 0.001 0.302 0.946
18.335 -440.377 -72.678 -0.118 0.001 0.303 0.945
18.303 -440.332 -72.691 -0.119 0.001 0.304 0.945
18.239 -440.245 -72.716 -0.119 0.001 0.305 0.945
18.186 -440.173 -72.736 -0.119 0.002 0.306 0.945
18.111 -440.072 -72.765 -0.119 0.002 0.307 0.944
18.051 -439.992 -72.788 -0.120 0.002 0.308 0.944
18.020 -439.950 -72.800 -0.120 0.002 0.308 0.944
17.985 -439.903 -72.814 -0.120 0.002 0.309 0.943
17.946 -439.851 -72.829 -0.120 0.002 0.310 0.943
17.912 -439.806 -72.842 -0.120 0.002 0.311 0.943
17.868 -439.748 -72.859 -0.121 0.002 0.311 0.943
17.799 -439.657 -72.885 -0.121 0.002 0.312 0.942
17.740 -439.579 -72.908 -0.122 0.002 0.313 0.942
17.686 -439.509 -72.929 -0.122 0.002 0.314 0.942
17.636 -439.443 -72.949 -0.122 0.002 0.315 0.941
17.594 -439.388 -72.965 -0.122 0.002 0.316 0.941
17.551 -439.333 -72.981 -0.122 0.002 0.316 0.941
17.488 -439.252 -73.005 -0.123 0.002 0.317 0.940
17.435 -439.183 -73.026 -0.123 0.002 0.318 0.940
17.369 -439.099 -73.051 -0.123 0.002 0.319 0.940
17.309 -439.023 -73.074 -0.124 0.002 0.320 0.939
17.232 -438.925 -73.104 -0.124 0.002 0.321 0.939
17.201 -438.886 -73.116 -0.124 0.002 0.321 0.939
17.141 -438.810 -73.139 -0.124 0.002 0.322 0.938
17.085 -438.739 -73.160 -0.124 0.002 0.323 0.938
16.982 -438.610 -73.200 -0.125 0.002 0.325 0.938
16.906 -438.517 -73.229 -0.126 0.002 0.326 0.937
16.816 -438.405 -73.263 -0.126 0.002 0.327 0.936
16.761 -438.338 -73.284 -0.126 0.002 0.328 0.936
16.704 -438.269 -73.306 -0.126 0.002 0.329 0.936
16.645 -438.197 -73.328 -0.126 0.002 0.329 0.936
16.573 -438.109 -73.356 -0.126 0.002 0.330 0.935
16.493 -438.013 -73.386 -0.126 0.002 0.331 0.935
16.401 -437.901 -73.421 -0.127 0.002 0.331 0.935
16.341 -437.829 -73.444 -0.127 0.002 0.332 0.935
16.284 -437.761 -73.465 -0.127 0.002 0.333 0.934
16.216 -437.680 -73.491 -0.127 0.002 0.334 0.934
16.161 -437.614 -73.512 -0.127 0.002 0.334 0.934
16.095 -437.535 -73.537 -0.127 0.002 0.335 0.934
15.972 -437.390 -73.583 -0.127 0.003 0.336 0.933
15.914 -437.321 -73.605 -0.128 0.002 0.336 0.933
15.839 -437.233 -73.633 -0.128 0.003 0.337 0.933
15.785 -437.169 -73.654 -0.128 0.003 0.338 0.933
15.742 -437.119 -73.670 -0.128 0.003 0.338 0.933
15.687 -437.056 -73.690 -0.128 0.003 0.338 0.932
15.630 -436.989 -73.712 -0.128 0.003 0.339 0.932
15.556 -436.903 -73.739 -0.128 0.003 0.340 0.932
15.456 -436.787 -73.777 -0.128 0.003 0.341 0.931
15.412 -436.736 -73.793 -0.128 0.003 0.341 0.931
15.349 -436.664 -73.816 -0.128 0.003 0.342 0.931
15.295 -436.601 -73.837 -0.128 0.003 0.342 0.931
15.232 -436.529 -73.860 -0.128 0.003 0.343 0.931
15.191 -436.481 -73.875 -0.128 0.003 0.344 0.930
15.144 -436.428 -73.892 -0.128 0.003 0.344 0.930
15.079 -436.354 -73.916 -0.128 0.004 0.345 0.930
14.998 -436.263 -73.946 -0.128 0.004 0.346 0.930
14.901 -436.153 -73.981 -0.128 0.004 0.346 0.929
14.828 -436.070 -74.008 -0.128 0.004 0.347 0.929
14.743 -435.976 -74.038 -0.128 0.004 0.348 0.929
14.665 -435.887 -74.067 -0.128 0.004 0.348 0.929
