21.499 -475.811 -70.112 -0.001 0.000 0.003 1.000
21.498 -475.706 -70.112 -0.002 0.000 0.005 1.000
21.497 -475.613 -70.113 -0.003 0.000 0.007 1.000
21.496 -475.519 -70.113 -0.004 0.000 0.008 1.000
21.494 -475.421 -70.114 -0.004 0.000 0.010 1.000
21.493 -475.363 -70.115 -0.005 0.000 0.011 1.000
21.490 -475.231 -70.116 -0.005 0.000 0.014 1.000
21.486 -475.122 -70.117 -0.006 0.000 0.015 1.000
21.483 -475.015 -70.119 -0.006 0.000 0.017 1.000
21.478 -474.873 -70.121 -0.008 0.000 0.020 1.000
21.473 -474.759 -70.122 -0.008 0.000 0.022 1.000
21.469 -474.668 -70.124 -0.009 0.000 0.023 1.000
21.464 -474.560 -70.126 -0.010 0.000 0.025 1.000
21.459 -474.461 -70.128 -0.010 0.000 0.027 1.000
21.454 -474.379 -70.130 -0.011 0.000 0.028 1.000
21.447 -474.264 -70.133 -0.012 0.000 0.030 0.999
21.439 -474.126 -70.136 -0.014 0.000 0.033 0.999
21.429 -473.989 -70.140 -0.014 0.000 0.036 0.999
21.421 -473.875 -70.144 -0.015 0.000 0.037 0.999
21.416 -473.805 -70.146 -0.016 0.000 0.038 0.999
21.408 -473.709 -70.149 -0.017 0.000 0.040 0.999
21.400 -473.611 -70.152 -0.017 0.000 0.042 0.999
21.390 -473.495 -70.156 -0.018 0.000 0.044 0.999
21.382 -473.402 -70.160 -0.019 0.000 0.045 0.999
21.371 -473.285 -70.164 -0.019 0.000 0.047 0.999
21.362 -473.188 -70.168 -0.020 0.000 0.049 0.999
21.351 -473.084 -70.172 -0.020 0.000 0.050 0.999
21.345 -473.024 -70.175 -0.021 0.000 0.051 0.998
21.333 -472.903 -70.180 -0.022 0.000 0.053 0.998
21.322 -472.808 -70.184 -0.022 0.000 0.055 0.998
21.306 -472.664 -70.190 -0.023 0.000 0.057 0.998
21.295 -472.565 -70.195 -0.024 0.000 0.058 0.998
21.282 -472.455 -70.200 -0.024 0.000 0.060 0.998
21.269 -472.356 -70.205 -0.024 0.000 0.062 0.998
21.259 -472.277 -70.209 -0.024 0.000 0.063 0.998
21.246 -472.175 -70.214 -0.025 0.000 0.064 0.998
21.238 -472.112 -70.217 -0.025 0.000 0.065 0.998
21.223 -472.002 -70.223 -0.026 0.000 0.067 0.997
21.206 -471.874 -70.229 -0.026 0.000 0.069 0.997
21.193 -471.783 -70.234 -0.026 0.000 0.070 0.997
21.179 -471.688 -70.239 -0.027 0.000 0.072 0.997
21.165 -471.587 -70.245 -0.027 0.000 0.073 0.997
21.146 -471.460 -70.252 -0.028 0.000 0.075 0.997
21.136 -471.396 -70.256 -0.028 0.000 0.076 0.997
21.119 -471.286 -70.262 -0.029 0.000 0.078 0.997
21.101 -471.173 -70.269 -0.030 0.000 0.080 0.996
21.085 -471.076 -70.275 -0.030 0.000 0.081 0.996
21.070 -470.987 -70.280 -0.031 0.000 0.083 0.996
21.046 -470.845 -70.289 -0.032 0.000 0.085 0.996
21.029 -470.747 -70.296 -0.033 0.000 0.087 0.996
21.005 -470.615 -70.305 -0.033 0.000 0.089 0.995
20.981 -470.481 -70.314 -0.034 0.000 0.091 0.995
20.960 -470.371 -70.321 -0.034 0.000 0.093 0.995
20.944 -470.283 -70.327 -0.035 0.000 0.094 0.995
20.922 -470.169 -70.335 -0.035 0.000 0.096 0.995
20.908 -470.101 -70.340 -0.036 0.000 0.097 0.995
20.881 -469.963 -70.350 -0.037 0.000 0.099 0.994
20.863 -469.876 -70.357 -0.037 0.000 0.101 0.994
20.847 -469.796 -70.363 -0.038 0.000 0.102 0.994
20.826 -469.698 -70.371 -0.038 0.000 0.104 0.994
20.808 -469.612 -70.377 -0.039 0.000 0.105 0.994
20.775 -469.463 -70.389 -0.040 0.000 0.107 0.993
20.751 -469.350 -70.399 -0.041 0.000 0.108 0.993
20.726 -469.240 -70.408 -0.041 0.000 0.110 0.993
20.695 -469.102 -70.420 -0.042 0.000 0.111 0.993
20.676 -469.019 -70.427 -0.042 0.000 0.113 0.993
20.646 -468.892 -70.438 -0.043 0.000 0.114 0.992
20.610 -468.738 -70.452 -0.044 0.000 0.117 0.992
20.577 -468.601 -70.464 -0.045 0.000 0.119 0.992
20.549 -468.487 -70.475 -0.046 0.000 0.120 0.992
20.517 -468.359 -70.487 -0.046 0.000 0.122 0.991
20.487 -468.240 -70.498 -0.047 0.000 0.124 0.991
20.441 -468.061 -70.516 -0.048 0.000 0.126 0.991
20.414 -467.956 -70.526 -0.049 0.000 0.128 0.991
20.385 -467.848 -70.537 -0.050 0.000 0.130 0.990
20.352 -467.726 -70.550 -0.050 0.000 0.131 0.990
20.338 -467.673 -70.555 -0.051 0.000 0.132 0.990
20.316 -467.593 -70.563 -0.051 0.000 0.133 0.990
20.294 -467.512 -70.572 -0.052 0.000 0.134 0.990
20.252 -467.362 -70.588 -0.052 0.000 0.136 0.989
20.216 -467.236 -70.602 -0.053 0.000 0.138 0.989
20.188 -467.138 -70.613 -0.054 0.000 0.139 0.989
20.157 -467.031 -70.625 -0.054 0.000 0.141 0.989
20.118 -466.901 -70.640 -0.055 0.000 0.142 0.988
20.083 -466.782 -70.653 -0.055 0.000 0.144 0.988
20.050 -466.673 -70.666 -0.056 0.000 0.145 0.988
20.016 -466.560 -70.679 -0.056 0.000 0.147 0.988
19.984 -466.456 -70.691 -0.056 0.000 0.148 0.987
19.960 -466.376 -70.700 -0.057 0.000 0.149 0.987
19.934 -466.294 -70.710 -0.057 0.000 0.150 0.987
19.911 -466.219 -70.719 -0.057 0.000 0.151 0.987
19.886 -466.140 -70.729 -0.058 0.000 0.152 0.987
19.844 -466.009 -70.744 -0.058 0.000 0.153 0.987
19.822 -465.938 -70.753 -0.058 0.000 0.154 0.986
19.786 -465.828 -70.766 -0.058 0.000 0.155 0.986
19.742 -465.691 -70.783 -0.058 0.000 0.156 0.986
19.711 -465.598 -70.794 -0.058 0.000 0.157 0.986
19.681 -465.505 -70.805 -0.058 0.000 0.158 0.986
19.647 -465.405 -70.817 -0.059 0.000 0.159 0.985
19.616 -465.311 -70.829 -0.059 0.000 0.160 0.985
19.580 -465.206 -70.842 -0.059 0.000 0.161 0.985
19.547 -465.109 -70.854 -0.059 0.000 0.162 0.985
19.521 -465.030 -70.864 -0.059 0.000 0.163 0.985
19.494 -464.952 -70.873 -0.060 0.000 0.164 0.985
19.467 -464.873 -70.883 -0.060 0.000 0.165 0.985
19.429 -464.764 -70.897 -0.060 0.001 0.166 0.984
19.387 -464.645 -70.912 -0.060 0.001 0.167 0.984
19.348 -464.534 -70.926 -0.061 0.000 0.168 0.984
19.309 -464.422 -70.941 -0.061 0.001 0.169 0.984
19.268 -464.307 -70.955 -0.061 0.001 0.170 0.984
19.243 -464.238 -70.964 -0.061 0.001 0.170 0.984
19.228 -464.195 -70.970 -0.061 0.001 0.170 0.983
19.185 -464.076 -70.985 -0.062 0.001 0.172 0.983
19.146 -463.968 -70.999 -0.062 0.001 0.173 0.983
19.114 -463.880 -71.011 -0.062 0.001 0.173 0.983
19.083 -463.795 -71.022 -0.062 0.001 0.174 0.983
19.047 -463.698 -71.034 -0.062 0.001 0.175 0.983
19.013 -463.606 -71.047 -0.062 0.001 0.175 0.983
18.980 -463.516 -71.058 -0.062 0.001 0.176 0.982
18.955 -463.451 -71.067 -0.062 0.001 0.176 0.982
18.919 -463.354 -71.080 -0.063 0.001 0.177 0.982
18.868 -463.219 -71.098 -0.063 0.001 0.178 0.982
18.840 -463.144 -71.108 -0.063 0.001 0.179 0.982
18.800 -463.039 -71.122 -0.063 0.001 0.179 0.982
18.776 -462.976 -71.130 -0.063 0.001 0.180 0.982
18.735 -462.867 -71.145 -0.064 0.001 0.180 0.982
18.699 -462.775 -71.157 -0.064 0.001 0.181 0.981
18.677 -462.718 -71.165 -0.064 0.001 0.182 0.981
18.621 -462.572 -71.185 -0.064 0.001 0.183 0.981
18.591 -462.496 -71.195 -0.064 0.001 0.183 0.981
18.541 -462.367 -71.212 -0.064 0.001 0.184 0.981
18.504 -462.273 -71.225 -0.064 0.001 0.185 0.981
18.468 -462.182 -71.237 -0.064 0.001 0.186 0.980
18.432 -462.091 -71.250 -0.065 0.001 0.187 0.980
18.384 -461.971 -71.266 -0.065 0.001 0.188 0.980
18.324 -461.822 -71.287 -0.065 0.001 0.189 0.980
18.288 -461.731 -71.300 -0.066 0.001 0.189 0.980
18.259 -461.660 -71.309 -0.066 0.001 0.190 0.980
18.209 -461.536 -71.327 -0.065 0.001 0.190 0.980
18.149 -461.391 -71.347 -0.065 0.001 0.191 0.979
18.110 -461.295 -71.360 -0.065 0.001 0.192 0.979
18.066 -461.188 -71.375 -0.065 0.001 0.193 0.979
18.027 -461.095 -71.388 -0.065 0.001 0.194 0.979
17.983 -460.987 -71.403 -0.065 0.001 0.194 0.979
17.928 -460.855 -71.421 -0.065 0.002 0.195 0.979
17.879 -460.739 -71.437 -0.065 0.002 0.196 0.978
17.820 -460.599 -71.456 -0.065 0.002 0.197 0.978
17.783 -460.512 -71.469 -0.065 0.002 0.198 0.978
17.740 -460.411 -71.483 -0.066 0.002 0.198 0.978
17.703 -460.324 -71.495 -0.065 0.002 0.199 0.978
17.649 -460.196 -71.513 -0.065 0.002 0.200 0.978
17.612 -460.111 -71.524 -0.065 0.002 0.200 0.978
17.552 -459.971 -71.544 -0.065 0.002 0.201 0.977
17.514 -459.883 -71.556 -0.066 0.002 0.202 0.977
17.477 -459.799 -71.568 -0.066 0.002 0.202 0.977
17.443 -459.719 -71.579 -0.065 0.002 0.202 0.977
17.404 -459.630 -71.592 -0.065 0.002 0.203 0.977
17.363 -459.537 -71.605 -0.066 0.002 0.203 0.977
17.318 -459.433 -71.619 -0.066 0.002 0.204 0.977
17.268 -459.320 -71.635 -0.066 0.002 0.205 0.977
17.225 -459.224 -71.649 -0.066 0.002 0.206 0.976
17.190 -459.143 -71.660 -0.066 0.002 0.206 0.976
17.144 -459.042 -71.675 -0.066 0.002 0.207 0.976
17.098 -458.937 -71.689 -0.066 0.002 0.207 0.976
17.055 -458.843 -71.703 -0.066 0.002 0.208 0.976
17.016 -458.754 -71.715 -0.066 0.002 0.208 0.976
16.982 -458.679 -71.726 -0.066 0.002 0.209 0.976
16.936 -458.578 -71.740 -0.066 0.002 0.209 0.976
16.892 -458.479 -71.754 -0.066 0.002 0.210 0.976
16.856 -458.400 -71.765 -0.066 0.002 0.210 0.975
16.820 -458.321 -71.776 -0.066 0.002 0.211 0.975
16.757 -458.184 -71.795 -0.066 0.002 0.212 0.975
16.727 -458.119 -71.804 -0.066 0.002 0.212 0.975
16.675 -458.006 -71.820 -0.066 0.003 0.213 0.975
16.623 -457.892 -71.836 -0.066 0.003 0.213 0.975
16.583 -457.806 -71.849 -0.066 0.003 0.214 0.975
16.522 -457.674 -71.867 -0.065 0.003 0.214 0.975
16.498 -457.623 -71.874 -0.065 0.003 0.214 0.975
16.452 -457.525 -71.888 -0.065 0.003 0.215 0.974
16.415 -457.446 -71.899 -0.065 0.003 0.216 0.974
16.371 -457.353 -71.912 -0.065 0.003 0.217 0.974
16.325 -457.255 -71.926 -0.065 0.003 0.217 0.974
16.296 -457.194 -71.934 -0.065 0.003 0.218 0.974
16.249 -457.094 -71.948 -0.065 0.003 0.218 0.974
16.187 -456.964 -71.966 -0.065 0.003 0.218 0.974
16.146 -456.879 -71.978 -0.064 0.003 0.219 0.974
16.098 -456.778 -71.992 -0.065 0.003 0.220 0.973
16.024 -456.624 -72.014 -0.065 0.003 0.221 0.973
15.973 -456.517 -72.028 -0.065 0.003 0.222 0.973
15.914 -456.396 -72.045 -0.064 0.004 0.222 0.973
15.852 -456.269 -72.063 -0.064 0.004 0.223 0.973
15.825 -456.214 -72.070 -0.064 0.004 0.224 0.973
15.773 -456.107 -72.085 -0.064 0.004 0.225 0.972
15.735 -456.031 -72.096 -0.064 0.004 0.225 0.972
15.676 -455.911 -72.112 -0.064 0.004 0.226 0.972
15.614 -455.786 -72.130 -0.064 0.004 0.227 0.972
15.574 -455.704 -72.141 -0.064 0.004 0.227 0.972
15.524 -455.604 -72.155 -0.064 0.004 0.228 0.972
15.467 -455.491 -72.170 -0.064 0.004 0.228 0.971
15.445 -455.448 -72.176 -0.064 0.004 0.229 0.971
15.404 -455.366 -72.188 -0.064 0.004 0.229 0.971
15.356 -455.270 -72.201 -0.063 0.004 0.230 0.971
15.308 -455.175 -72.214 -0.064 0.004 0.230 0.971
15.249 -455.059 -72.230 -0.064 0.004 0.231 0.971
15.205 -454.973 -72.242 -0.064 0.004 0.231 0.971
15.130 -454.825 -72.262 -0.063 0.004 0.232 0.971
15.104 -454.774 -72.269 -0.063 0.004 0.232 0.971
15.046 -454.660 -72.284 -0.064 0.004 0.233 0.970
15.006 -454.582 -72.295 -0.064 0.004 0.234 0.970
14.964 -454.502 -72.306 -0.064 0.004 0.234 0.970
14.923 -454.422 -72.317 -0.064 0.004 0.235 0.970
14.864 -454.309 -72.333 -0.064 0.004 0.235 0.970
14.833 -454.248 -72.342 -0.064 0.004 0.236 0.970
14.784 -454.154 -72.355 -0.064 0.004 0.236 0.970
14.725 -454.041 -72.370 -0.064 0.005 0.237 0.969
14.683 -453.962 -72.381 -0.064 0.005 0.237 0.969
14.637 -453.874 -72.393 -0.064 0.005 0.238 0.969
14.586 -453.777 -72.407 -0.063 0.005 0.238 0.969
14.552 -453.711 -72.416 -0.064 0.005 0.238 0.969
14.473 -453.562 -72.436 -0.064 0.005 0.240 0.969
14.422 -453.465 -72.450 -0.064 0.005 0.240 0.969
14.381 -453.389 -72.460 -0.063 0.005 0.241 0.968
14.324 -453.283 -72.475 -0.063 0.005 0.242 0.968
14.268 -453.177 -72.489 -0.063 0.005 0.242 0.968
