26.388 -423.575 -82.406 -0.025 0.000 0.050 0.998
26.376 -423.461 -82.412 -0.025 0.000 0.052 0.998
26.367 -423.377 -82.416 -0.026 0.000 0.053 0.998
26.355 -423.265 -82.423 -0.028 0.000 0.055 0.998
26.342 -423.153 -82.429 -0.028 0.000 0.057 0.998
26.330 -423.046 -82.435 -0.029 0.000 0.059 0.998
26.315 -422.924 -82.442 -0.030 0.000 0.061 0.998
26.305 -422.846 -82.447 -0.031 0.000 0.062 0.998
26.298 -422.790 -82.451 -0.031 0.000 0.063 0.998
26.286 -422.691 -82.457 -0.032 0.000 0.064 0.997
26.274 -422.599 -82.463 -0.033 0.000 0.066 0.997
26.255 -422.465 -82.472 -0.034 0.000 0.068 0.997
26.235 -422.319 -82.482 -0.035 0.000 0.071 0.997
26.218 -422.200 -82.491 -0.036 0.000 0.072 0.997
26.203 -422.102 -82.498 -0.037 0.000 0.073 0.997
26.185 -421.977 -82.507 -0.038 0.000 0.075 0.996
26.174 -421.910 -82.513 -0.039 0.000 0.076 0.996
26.159 -421.812 -82.520 -0.039 0.000 0.077 0.996
26.149 -421.747 -82.525 -0.040 0.000 0.079 0.996
26.132 -421.645 -82.534 -0.040 0.000 0.080 0.996
26.116 -421.541 -82.542 -0.041 0.000 0.082 0.996
26.101 -421.457 -82.549 -0.041 0.000 0.083 0.996
26.081 -421.337 -82.559 -0.042 0.000 0.085 0.995
26.065 -421.242 -82.567 -0.042 0.000 0.087 0.995
26.049 -421.153 -82.575 -0.043 0.000 0.088 0.995
26.027 -421.035 -82.586 -0.044 0.000 0.090 0.995
26.009 -420.937 -82.594 -0.044 0.000 0.092 0.995
25.991 -420.841 -82.603 -0.045 0.000 0.093 0.995
25.973 -420.744 -82.612 -0.046 0.000 0.095 0.994
25.947 -420.613 -82.624 -0.046 0.000 0.097 0.994
25.930 -420.526 -82.632 -0.047 0.000 0.099 0.994
25.909 -420.424 -82.642 -0.048 0.000 0.101 0.994
25.895 -420.356 -82.649 -0.048 0.000 0.102 0.994
25.880 -420.286 -82.656 -0.049 0.000 0.103 0.993
25.856 -420.174 -82.667 -0.050 0.000 0.105 0.993
25.838 -420.086 -82.676 -0.051 0.000 0.106 0.993
25.809 -419.957 -82.690 -0.052 0.000 0.109 0.993
25.777 -419.815 -82.705 -0.053 0.000 0.111 0.992
25.762 -419.748 -82.712 -0.054 0.000 0.112 0.992
25.736 -419.639 -82.725 -0.055 0.000 0.114 0.992
25.709 -419.524 -82.737 -0.055 0.000 0.116 0.992
25.687 -419.432 -82.748 -0.056 0.000 0.118 0.991
25.666 -419.344 -82.758 -0.056 0.000 0.119 0.991
25.646 -419.264 -82.768 -0.057 0.000 0.121 0.991
25.628 -419.193 -82.776 -0.058 0.000 0.122 0.991
25.604 -419.097 -82.787 -0.059 0.000 0.123 0.991
25.580 -419.003 -82.799 -0.059 0.000 0.125 0.990
25.558 -418.917 -82.809 -0.060 0.000 0.126 0.990
25.530 -418.811 -82.823 -0.061 0.000 0.128 0.990
25.506 -418.721 -82.834 -0.061 0.000 0.130 0.990
25.492 -418.667 -82.841 -0.062 0.000 0.131 0.989
25.465 -418.568 -82.854 -0.063 0.000 0.133 0.989
25.424 -418.421 -82.873 -0.063 0.000 0.136 0.989
25.394 -418.317 -82.887 -0.064 0.000 0.137 0.988
25.372 -418.237 -82.897 -0.064 0.000 0.139 0.988
25.339 -418.124 -82.912 -0.065 0.000 0.141 0.988
25.314 -418.039 -82.924 -0.066 0.000 0.142 0.988
25.281 -417.928 -82.939 -0.067 0.000 0.144 0.987
25.243 -417.804 -82.957 -0.068 0.000 0.146 0.987
25.215 -417.711 -82.970 -0.069 0.000 0.148 0.987
25.188 -417.625 -82.982 -0.069 0.000 0.149 0.986
25.146 -417.492 -83.001 -0.070 0.000 0.151 0.986
25.108 -417.373 -83.019 -0.071 0.000 0.153 0.986
25.076 -417.272 -83.034 -0.072 0.000 0.155 0.985
25.044 -417.175 -83.049 -0.073 0.000 0.156 0.985
25.021 -417.103 -83.060 -0.073 0.000 0.157 0.985
24.984 -416.993 -83.077 -0.074 0.000 0.159 0.984
24.960 -416.923 -83.087 -0.074 0.000 0.160 0.984
24.929 -416.829 -83.102 -0.075 0.000 0.162 0.984
24.900 -416.747 -83.115 -0.075 0.000 0.164 0.984
24.870 -416.658 -83.129 -0.076 0.001 0.165 0.983
24.838 -416.569 -83.143 -0.077 0.001 0.167 0.983
24.801 -416.461 -83.161 -0.077 0.001 0.168 0.983
24.766 -416.364 -83.177 -0.078 0.001 0.170 0.982
24.731 -416.268 -83.193 -0.078 0.001 0.172 0.982
24.698 -416.179 -83.207 -0.079 0.001 0.174 0.982
24.659 -416.071 -83.226 -0.080 0.001 0.175 0.981
24.621 -415.971 -83.243 -0.081 0.001 0.177 0.981
24.583 -415.869 -83.260 -0.081 0.001 0.178 0.981
24.542 -415.761 -83.279 -0.082 0.001 0.180 0.980
24.503 -415.660 -83.297 -0.083 0.001 0.182 0.980
24.472 -415.583 -83.310 -0.083 0.001 0.183 0.980
24.440 -415.500 -83.325 -0.084 0.001 0.185 0.979
24.412 -415.431 -83.337 -0.084 0.001 0.186 0.979
24.377 -415.342 -83.353 -0.085 0.001 0.187 0.979
24.334 -415.236 -83.373 -0.085 0.001 0.189 0.978
24.299 -415.149 -83.389 -0.086 0.001 0.191 0.978
24.257 -415.047 -83.407 -0.086 0.001 0.192 0.978
24.228 -414.978 -83.420 -0.087 0.001 0.194 0.977
24.196 -414.901 -83.435 -0.088 0.001 0.195 0.977
24.163 -414.822 -83.450 -0.088 0.001 0.196 0.977
24.130 -414.745 -83.464 -0.089 0.001 0.198 0.976
24.085 -414.640 -83.484 -0.090 0.001 0.199 0.976
24.052 -414.564 -83.499 -0.090 0.001 0.201 0.975
23.996 -414.434 -83.524 -0.091 0.001 0.204 0.975
23.937 -414.303 -83.550 -0.092 0.001 0.206 0.974
23.908 -414.239 -83.563 -0.092 0.001 0.208 0.974
23.851 -414.111 -83.589 -0.094 0.001 0.210 0.973
23.814 -414.032 -83.605 -0.094 0.001 0.212 0.973
23.783 -413.964 -83.619 -0.095 0.001 0.213 0.972
23.752 -413.899 -83.633 -0.095 0.001 0.214 0.972
23.723 -413.837 -83.646 -0.096 0.001 0.216 0.972
23.673 -413.732 -83.668 -0.097 0.001 0.218 0.971
23.632 -413.647 -83.686 -0.097 0.001 0.219 0.971
23.588 -413.555 -83.706 -0.098 0.001 0.221 0.970
23.555 -413.489 -83.720 -0.099 0.001 0.223 0.970
23.506 -413.388 -83.742 -0.100 0.001 0.225 0.969
23.453 -413.282 -83.765 -0.100 0.001 0.227 0.969
23.417 -413.211 -83.781 -0.101 0.001 0.228 0.968
23.358 -413.096 -83.807 -0.102 0.001 0.230 0.968
23.321 -413.023 -83.823 -0.103 0.001 0.232 0.967
23.281 -412.945 -83.841 -0.103 0.001 0.233 0.967
23.209 -412.807 -83.873 -0.104 0.001 0.236 0.966
23.176 -412.744 -83.887 -0.105 0.001 0.238 0.966
23.141 -412.679 -83.902 -0.105 0.001 0.239 0.965
23.099 -412.601 -83.921 -0.106 0.001 0.240 0.965
23.049 -412.509 -83.943 -0.106 0.001 0.242 0.964
22.998 -412.415 -83.965 -0.107 0.001 0.244 0.964
22.937 -412.304 -83.992 -0.108 0.001 0.246 0.963
22.898 -412.234 -84.009 -0.109 0.001 0.248 0.963
22.863 -412.172 -84.024 -0.109 0.001 0.249 0.962
22.823 -412.102 -84.041 -0.110 0.001 0.250 0.962
22.744 -411.964 -84.076 -0.111 0.001 0.253 0.961
22.698 -411.883 -84.096 -0.112 0.001 0.255 0.961
22.637 -411.779 -84.123 -0.113 0.001 0.257 0.960
22.600 -411.716 -84.139 -0.113 0.001 0.258 0.959
22.519 -411.580 -84.174 -0.115 0.001 0.261 0.959
22.463 -411.486 -84.199 -0.116 0.001 0.263 0.958
22.410 -411.398 -84.222 -0.116 0.001 0.265 0.957
22.364 -411.323 -84.242 -0.117 0.001 0.266 0.957
22.307 -411.231 -84.267 -0.118 0.001 0.268 0.956
22.251 -411.141 -84.292 -0.118 0.001 0.270 0.956
22.213 -411.080 -84.309 -0.119 0.001 0.271 0.955
22.155 -410.989 -84.334 -0.120 0.001 0.273 0.955
22.088 -410.882 -84.363 -0.121 0.001 0.275 0.954
22.038 -410.806 -84.385 -0.122 0.001 0.277 0.953
21.980 -410.716 -84.410 -0.122 0.001 0.279 0.953
21.933 -410.644 -84.431 -0.123 0.001 0.280 0.952
21.862 -410.537 -84.462 -0.123 0.002 0.283 0.951
21.796 -410.438 -84.490 -0.124 0.002 0.285 0.950
21.739 -410.353 -84.515 -0.125 0.002 0.287 0.950
21.669 -410.250 -84.546 -0.126 0.002 0.289 0.949
21.618 -410.176 -84.568 -0.127 0.002 0.291 0.948
21.555 -410.085 -84.595 -0.128 0.001 0.292 0.948
21.464 -409.955 -84.635 -0.129 0.001 0.295 0.947
21.406 -409.873 -84.660 -0.130 0.001 0.297 0.946
21.358 -409.806 -84.681 -0.130 0.002 0.298 0.946
21.302 -409.729 -84.705 -0.131 0.001 0.300 0.945
21.237 -409.638 -84.733 -0.132 0.002 0.302 0.944
21.169 -409.546 -84.763 -0.133 0.001 0.304 0.943
21.116 -409.475 -84.786 -0.134 0.001 0.305 0.943
21.055 -409.392 -84.813 -0.134 0.002 0.307 0.942
20.977 -409.288 -84.846 -0.135 0.001 0.309 0.941
20.904 -409.192 -84.878 -0.136 0.002 0.311 0.941
20.833 -409.100 -84.909 -0.137 0.002 0.313 0.940
20.743 -408.984 -84.948 -0.138 0.002 0.316 0.939
20.683 -408.907 -84.974 -0.138 0.002 0.318 0.938
20.594 -408.795 -85.012 -0.139 0.002 0.321 0.937
20.545 -408.733 -85.034 -0.140 0.002 0.322 0.936
20.455 -408.621 -85.073 -0.141 0.002 0.324 0.935
20.409 -408.565 -85.092 -0.142 0.002 0.325 0.935
20.327 -408.465 -85.128 -0.143 0.002 0.328 0.934
20.271 -408.397 -85.152 -0.144 0.002 0.329 0.933
20.181 -408.290 -85.191 -0.144 0.002 0.332 0.932
20.115 -408.211 -85.220 -0.145 0.002 0.334 0.931
20.017 -408.096 -85.262 -0.146 0.002 0.336 0.930
19.959 -408.028 -85.288 -0.147 0.002 0.338 0.930
19.883 -407.941 -85.320 -0.148 0.002 0.340 0.929
19.838 -407.889 -85.340 -0.148 0.002 0.341 0.928
19.776 -407.819 -85.367 -0.149 0.002 0.343 0.927
19.700 -407.733 -85.399 -0.150 0.002 0.345 0.927
19.590 -407.611 -85.447 -0.151 0.002 0.348 0.925
19.532 -407.547 -85.472 -0.152 0.002 0.350 0.924
19.478 -407.488 -85.495 -0.152 0.002 0.351 0.924
19.387 -407.390 -85.534 -0.153 0.002 0.354 0.923
19.329 -407.328 -85.559 -0.154 0.002 0.355 0.922
19.280 -407.275 -85.581 -0.155 0.002 0.356 0.921
19.242 -407.235 -85.597 -0.155 0.002 0.357 0.921
19.188 -407.178 -85.620 -0.155 0.002 0.359 0.920
19.112 -407.099 -85.653 -0.156 0.002 0.361 0.919
19.039 -407.023 -85.685 -0.157 0.002 0.363 0.919
18.959 -406.941 -85.719 -0.158 0.002 0.365 0.918
18.895 -406.875 -85.747 -0.159 0.002 0.366 0.917
18.804 -406.784 -85.786 -0.160 0.002 0.369 0.916
18.714 -406.695 -85.824 -0.161 0.002 0.371 0.915
18.656 -406.638 -85.849 -0.162 0.002 0.372 0.914
18.583 -406.566 -85.881 -0.162 0.002 0.374 0.913
18.521 -406.505 -85.908 -0.163 0.002 0.376 0.912
18.477 -406.463 -85.926 -0.164 0.002 0.377 0.912
18.438 -406.425 -85.943 -0.164 0.002 0.377 0.911
18.397 -406.385 -85.961 -0.164 0.002 0.378 0.911
18.336 -406.328 -85.988 -0.165 0.002 0.380 0.910
18.257 -406.253 -86.022 -0.166 0.002 0.382 0.909
18.192 -406.193 -86.050 -0.167 0.002 0.383 0.909
18.136 -406.140 -86.074 -0.167 0.002 0.385 0.908
18.033 -406.045 -86.119 -0.168 0.002 0.387 0.907
17.947 -405.967 -86.156 -0.169 0.002 0.389 0.906
17.881 -405.907 -86.184 -0.169 0.002 0.390 0.905
17.800 -405.835 -86.219 -0.170 0.002 0.392 0.904
17.728 -405.770 -86.250 -0.171 0.002 0.394 0.903
17.653 -405.705 -86.282 -0.171 0.002 0.396 0.902
17.593 -405.652 -86.308 -0.172 0.002 0.397 0.902
17.531 -405.598 -86.335 -0.172 0.002 0.399 0.901
17.441 -405.521 -86.373 -0.173 0.002 0.401 0.900
17.353 -405.445 -86.411 -0.174 0.002 0.403 0.899
17.275 -405.379 -86.445 -0.175 0.002 0.405 0.898
17.224 -405.337 -86.467 -0.175 0.002 0.406 0.897
17.155 -405.279 -86.497 -0.176 0.002 0.407 0.896
17.077 -405.216 -86.530 -0.177 0.002 0.409 0.895
17.002 -405.154 -86.562 -0.178 0.002 0.411 0.894
16.903 -405.074 -86.605 -0.179 0.002 0.413 0.893
16.828 -405.013 -86.637 -0.180 0.002 0.415 0.892
16.754 -404.954 -86.669 -0.180 0.002 0.416 0.891
16.702 -404.913 -86.692 -0.181 0.002 0.417 0.891
16.625 -404.853 -86.725 -0.182 0.002 0.419 0.890
16.579 -404.817 -86.744 -0.182 0.002 0.420 0.889
16.486 -404.745 -86.785 -0.183 0.002 0.422 0.888
16.444 -404.713 -86.803 -0.184 0.002 0.423 0.887
16.322 -404.621 -86.855 -0.185 0.002 0.426 0.886
16.227 -404.550 -86.896 -0.185 0.002 0.428 0.885
16.155 -404.495 -86.928 -0.186 0.002 0.429 0.884
16.086 -404.445 -86.957 -0.187 0.002 0.430 0.883
16.010 -404.389 -86.990 -0.188 0.001 0.432 0.882
15.899 -404.309 -87.038 -0.189 0.001 0.434 0.881
15.838 -404.265 -87.065 -0.190 0.001 0.435 0.880
15.782 -404.225 -87.089 -0.190 0.001 0.436 0.880
15.714 -404.177 -87.118 -0.191 0.001 0.438 0.879
15.618 -404.109 -87.160 -0.192 0.001 0.440 0.877
15.522 -404.043 -87.201 -0.192 0.002 0.442 0.876
15.443 -403.988 -87.236 -0.193 0.002 0.443 0.875
15.348 -403.923 -87.277 -0.193 0.002 0.445 0.874
15.281 -403.878 -87.306 -0.194 0.002 0.446 0.874
15.216 -403.834 -87.334 -0.194 0.002 0.447 0.873
15.138 -403.782 -87.368 -0.195 0.002 0.449 0.872
15.048 -403.722 -87.406 -0.195 0.002 0.450 0.871
14.948 -403.657 -87.449 -0.196 0.002 0.452 0.870
14.850 -403.593 -87.492 -0.197 0.002 0.454 0.869
14.732 -403.517 -87.543 -0.198 0.002 0.457 0.867
14.689 -403.490 -87.561 -0.198 0.002 0.457 0.867
14.611 -403.441 -87.595 -0.199 0.002 0.459 0.866
14.532 -403.392 -87.629 -0.200 0.002 0.460 0.865
14.454 -403.343 -87.662 -0.200 0.002 0.462 0.864
14.380 -403.298 -87.695 -0.201 0.002 0.463 0.863
14.321 -403.262 -87.720 -0.202 0.002 0.464 0.863
14.237 -403.211 -87.756 -0.202 0.002 0.466 0.862
14.154 -403.161 -87.792 -0.203 0.002 0.467 0.861
14.049 -403.099 -87.837 -0.204 0.002 0.469 0.859
13.954 -403.043 -87.879 -0.204 0.002 0.470 0.858
13.865 -402.992 -87.917 -0.205 0.002 0.472 0.857
13.776 -402.940 -87.955 -0.206 0.001 0.474 0.856
13.680 -402.885 -87.997 -0.207 0.001 0.475 0.855
13.635 -402.859 -88.016 -0.207 0.002 0.476 0.855
13.569 -402.822 -88.045 -0.208 0.001 0.477 0.854
13.447 -402.754 -88.098 -0.209 0.001 0.479 0.853
13.375 -402.714 -88.129 -0.209 0.001 0.480 0.852
13.299 -402.673 -88.162 -0.210 0.001 0.482 0.851
13.230 -402.635 -88.192 -0.210 0.001 0.483 0.850
13.102 -402.566 -88.247 -0.211 0.001 0.485 0.848
13.012 -402.518 -88.286 -0.212 0.001 0.487 0.847
12.934 -402.477 -88.320 -0.213 0.001 0.488 0.846
12.870 -402.444 -88.348 -0.213 0.001 0.490 0.845
12.799 -402.407 -88.379 -0.214 0.001 0.491 0.844
12.721 -402.367 -88.413 -0.215 0.001 0.492 0.844
12.621 -402.317 -88.456 -0.216 0.001 0.494 0.842
12.546 -402.279 -88.489 -0.216 0.001 0.495 0.841
12.489 -402.251 -88.514 -0.217 0.001 0.497 0.840
12.391 -402.203 -88.557 -0.218 0.001 0.498 0.839
12.301 -402.159 -88.596 -0.218 0.001 0.500 0.838
12.210 -402.115 -88.636 -0.219 0.001 0.501 0.837
12.107 -402.066 -88.681 -0.220 0.001 0.503 0.836
12.031 -402.030 -88.714 -0.220 0.001 0.504 0.835
11.927 -401.982 -88.759 -0.221 0.001 0.506 0.834
11.829 -401.937 -88.802 -0.222 0.000 0.508 0.832
11.763 -401.908 -88.831 -0.223 0.000 0.509 0.831
11.666 -401.864 -88.873 -0.223 0.001 0.511 0.830
11.598 -401.834 -88.903 -0.224 0.001 0.512 0.829
11.522 -401.800 -88.936 -0.224 0.001 0.513 0.829
11.397 -401.746 -88.991 -0.225 0.001 0.515 0.827
11.328 -401.716 -89.021 -0.226 0.001 0.516 0.826
11.232 -401.675 -89.063 -0.227 0.000 0.517 0.825
11.158 -401.644 -89.095 -0.227 0.000 0.519 0.824
11.095 -401.618 -89.123 -0.228 0.000 0.520 0.824
10.982 -401.571 -89.172 -0.228 0.000 0.521 0.822
10.910 -401.541 -89.204 -0.229 0.000 0.522 0.822
10.870 -401.525 -89.221 -0.229 0.000 0.523 0.821
10.817 -401.503 -89.245 -0.230 0.000 0.524 0.820
10.743 -401.474 -89.277 -0.230 0.000 0.525 0.819
10.639 -401.433 -89.323 -0.231 0.000 0.527 0.818
10.573 -401.407 -89.352 -0.231 0.000 0.528 0.817
10.493 -401.376 -89.386 -0.232 0.000 0.529 0.816
10.429 -401.351 -89.414 -0.232 0.000 0.530 0.816
10.349 -401.321 -89.450 -0.233 0.000 0.531 0.815
10.261 -401.288 -89.488 -0.233 0.000 0.533 0.814
10.124 -401.237 -89.548 -0.234 0.001 0.535 0.812
10.026 -401.202 -89.591 -0.235 0.001 0.536 0.811
9.919 -401.163 -89.638 -0.235 0.001 0.538 0.809
9.827 -401.131 -89.677 -0.235 0.001 0.539 0.809
9.760 -401.107 -89.707 -0.236 0.001 0.540 0.808
9.643 -401.067 -89.757 -0.236 0.001 0.542 0.807
