21.500 -475.960 -70.112 0.000 0.000 0.001 1.000
21.500 -475.839 -70.112 -0.001 0.000 0.003 1.000
21.499 -475.730 -70.112 -0.002 0.000 0.005 1.000
21.498 -475.642 -70.113 -0.003 0.000 0.006 1.000
21.496 -475.514 -70.113 -0.003 0.000 0.008 1.000
21.494 -475.419 -70.114 -0.004 0.000 0.010 1.000
21.492 -475.299 -70.115 -0.005 0.000 0.012 1.000
21.488 -475.169 -70.116 -0.005 0.000 0.014 1.000
21.485 -475.074 -70.117 -0.006 0.000 0.016 1.000
21.481 -474.939 -70.119 -0.007 0.000 0.018 1.000
21.477 -474.843 -70.121 -0.008 0.000 0.020 1.000
21.473 -474.757 -70.122 -0.009 0.000 0.021 1.000
21.468 -474.626 -70.125 -0.010 0.000 0.024 1.000
21.461 -474.491 -70.127 -0.011 0.000 0.026 1.000
21.454 -474.371 -70.130 -0.012 0.000 0.028 1.000
21.447 -474.250 -70.133 -0.012 0.000 0.030 0.999
21.438 -474.106 -70.137 -0.014 0.000 0.033 0.999
21.432 -474.006 -70.140 -0.015 0.000 0.034 0.999
21.426 -473.924 -70.142 -0.015 0.000 0.035 0.999
21.419 -473.828 -70.145 -0.015 0.000 0.037 0.999
21.413 -473.755 -70.147 -0.016 0.000 0.038 0.999
21.407 -473.675 -70.150 -0.016 0.000 0.040 0.999
21.398 -473.566 -70.154 -0.017 0.000 0.041 0.999
21.391 -473.478 -70.157 -0.018 0.000 0.043 0.999
21.384 -473.397 -70.159 -0.018 0.000 0.044 0.999
21.376 -473.311 -70.163 -0.019 0.000 0.045 0.999
21.369 -473.232 -70.166 -0.019 0.000 0.047 0.999
21.359 -473.130 -70.170 -0.020 0.000 0.048 0.999
21.346 -473.000 -70.175 -0.021 0.000 0.051 0.998
21.336 -472.904 -70.179 -0.022 0.000 0.052 0.998
21.324 -472.793 -70.184 -0.023 0.000 0.054 0.998
21.310 -472.667 -70.190 -0.023 0.000 0.056 0.998
21.297 -472.549 -70.196 -0.024 0.000 0.058 0.998
21.284 -472.446 -70.201 -0.025 0.000 0.060 0.998
21.271 -472.336 -70.207 -0.026 0.000 0.062 0.998
21.251 -472.179 -70.215 -0.027 0.000 0.064 0.998
21.231 -472.023 -70.224 -0.029 0.000 0.066 0.997
21.220 -471.944 -70.228 -0.029 0.000 0.067 0.997
21.207 -471.846 -70.234 -0.030 0.000 0.069 0.997
21.185 -471.697 -70.243 -0.031 0.000 0.071 0.997
21.178 -471.643 -70.247 -0.031 0.000 0.072 0.997
21.165 -471.559 -70.252 -0.032 0.000 0.074 0.997
21.150 -471.459 -70.258 -0.032 0.000 0.075 0.997
21.138 -471.379 -70.263 -0.033 0.000 0.076 0.997
21.120 -471.265 -70.271 -0.033 0.000 0.078 0.996
21.104 -471.164 -70.278 -0.034 0.000 0.079 0.996
21.087 -471.060 -70.285 -0.035 0.000 0.081 0.996
21.073 -470.973 -70.291 -0.035 0.000 0.082 0.996
21.055 -470.864 -70.299 -0.036 0.000 0.084 0.996
21.039 -470.773 -70.306 -0.037 0.000 0.086 0.996
21.012 -470.619 -70.317 -0.038 0.000 0.088 0.995
20.986 -470.477 -70.328 -0.039 0.000 0.090 0.995
20.965 -470.362 -70.338 -0.039 0.000 0.092 0.995
20.944 -470.253 -70.346 -0.040 0.000 0.094 0.995
20.927 -470.161 -70.354 -0.041 0.000 0.095 0.995
20.909 -470.070 -70.362 -0.042 0.000 0.097 0.994
20.887 -469.960 -70.371 -0.043 0.000 0.098 0.994
20.865 -469.853 -70.380 -0.043 0.000 0.100 0.994
20.845 -469.755 -70.389 -0.043 0.000 0.101 0.994
20.820 -469.633 -70.400 -0.044 0.000 0.103 0.994
20.804 -469.559 -70.407 -0.044 0.000 0.104 0.994
20.788 -469.482 -70.413 -0.044 0.000 0.106 0.993
20.778 -469.437 -70.418 -0.045 0.000 0.106 0.993
20.756 -469.339 -70.427 -0.045 0.000 0.108 0.993
20.735 -469.241 -70.436 -0.046 0.000 0.109 0.993
20.708 -469.124 -70.447 -0.046 0.000 0.111 0.993
20.684 -469.018 -70.457 -0.047 0.000 0.112 0.993
20.658 -468.905 -70.468 -0.047 0.000 0.114 0.992
20.623 -468.757 -70.482 -0.048 0.000 0.116 0.992
20.599 -468.658 -70.492 -0.049 0.000 0.118 0.992
20.569 -468.532 -70.505 -0.049 0.000 0.119 0.992
20.555 -468.475 -70.510 -0.050 0.000 0.120 0.991
20.524 -468.351 -70.523 -0.050 0.000 0.122 0.991
20.493 -468.229 -70.536 -0.051 0.000 0.124 0.991
20.469 -468.135 -70.546 -0.051 0.000 0.125 0.991
20.434 -467.997 -70.560 -0.051 0.000 0.127 0.991
20.420 -467.946 -70.565 -0.052 0.000 0.128 0.990
20.398 -467.863 -70.574 -0.052 0.000 0.129 0.990
20.372 -467.766 -70.585 -0.053 0.000 0.131 0.990
20.346 -467.669 -70.595 -0.053 0.000 0.132 0.990
20.313 -467.550 -70.608 -0.054 0.000 0.134 0.990
20.281 -467.434 -70.621 -0.054 0.000 0.135 0.989
20.248 -467.318 -70.634 -0.055 0.000 0.136 0.989
20.227 -467.244 -70.643 -0.055 0.000 0.137 0.989
20.198 -467.141 -70.655 -0.056 0.000 0.139 0.989
20.166 -467.031 -70.668 -0.057 0.000 0.140 0.988
20.133 -466.916 -70.681 -0.058 0.000 0.142 0.988
20.116 -466.858 -70.688 -0.058 0.000 0.142 0.988
20.076 -466.725 -70.704 -0.058 0.000 0.144 0.988
20.053 -466.648 -70.713 -0.058 0.000 0.145 0.988
20.017 -466.529 -70.728 -0.059 0.000 0.146 0.987
19.985 -466.426 -70.741 -0.059 0.000 0.148 0.987
19.963 -466.353 -70.750 -0.060 0.000 0.148 0.987
19.930 -466.246 -70.763 -0.061 0.000 0.150 0.987
19.886 -466.105 -70.781 -0.061 0.000 0.151 0.987
19.852 -465.999 -70.795 -0.061 0.000 0.152 0.986
19.816 -465.885 -70.809 -0.061 0.000 0.153 0.986
19.777 -465.763 -70.825 -0.061 0.000 0.155 0.986
19.750 -465.681 -70.836 -0.062 0.000 0.155 0.986
19.720 -465.589 -70.847 -0.062 0.000 0.156 0.986
19.685 -465.483 -70.861 -0.063 0.000 0.157 0.986
19.639 -465.342 -70.880 -0.063 0.000 0.158 0.985
19.604 -465.238 -70.894 -0.063 0.000 0.160 0.985
19.578 -465.161 -70.904 -0.064 0.000 0.160 0.985
19.529 -465.015 -70.923 -0.064 0.000 0.162 0.985
19.505 -464.944 -70.933 -0.064 0.000 0.163 0.985
19.463 -464.821 -70.950 -0.065 0.001 0.164 0.984
19.433 -464.735 -70.961 -0.065 0.001 0.165 0.984
19.400 -464.640 -70.974 -0.065 0.001 0.166 0.984
19.359 -464.521 -70.991 -0.066 0.001 0.167 0.984
19.322 -464.418 -71.005 -0.066 0.001 0.167 0.984
19.300 -464.354 -71.014 -0.066 0.001 0.168 0.984
19.268 -464.264 -71.026 -0.066 0.001 0.169 0.983
19.230 -464.158 -71.041 -0.066 0.001 0.169 0.983
19.205 -464.088 -71.050 -0.066 0.001 0.170 0.983
19.167 -463.983 -71.065 -0.067 0.001 0.171 0.983
19.126 -463.868 -71.081 -0.067 0.001 0.172 0.983
19.073 -463.724 -71.101 -0.067 0.001 0.174 0.983
19.025 -463.595 -71.119 -0.066 0.001 0.174 0.982
18.985 -463.485 -71.135 -0.066 0.001 0.175 0.982
18.956 -463.406 -71.146 -0.066 0.001 0.176 0.982
18.910 -463.284 -71.163 -0.067 0.001 0.177 0.982
18.874 -463.189 -71.176 -0.067 0.001 0.177 0.982
18.843 -463.105 -71.188 -0.067 0.001 0.178 0.982
18.800 -462.991 -71.204 -0.067 0.001 0.179 0.982
18.774 -462.923 -71.214 -0.067 0.001 0.180 0.981
18.722 -462.788 -71.233 -0.067 0.001 0.181 0.981
18.693 -462.712 -71.244 -0.067 0.001 0.181 0.981
18.661 -462.630 -71.256 -0.067 0.001 0.182 0.981
18.617 -462.514 -71.272 -0.067 0.001 0.183 0.981
18.590 -462.446 -71.282 -0.067 0.001 0.183 0.981
18.550 -462.341 -71.297 -0.067 0.001 0.183 0.981
18.505 -462.228 -71.313 -0.067 0.001 0.184 0.981
18.467 -462.131 -71.327 -0.068 0.001 0.185 0.981
18.423 -462.017 -71.343 -0.067 0.002 0.185 0.980
18.390 -461.934 -71.355 -0.067 0.002 0.186 0.980
18.358 -461.854 -71.366 -0.067 0.002 0.187 0.980
18.309 -461.731 -71.384 -0.067 0.002 0.187 0.980
18.269 -461.631 -71.398 -0.067 0.002 0.188 0.980
18.226 -461.524 -71.413 -0.067 0.002 0.188 0.980
18.200 -461.458 -71.422 -0.067 0.002 0.189 0.980
18.159 -461.357 -71.437 -0.067 0.002 0.190 0.980
18.117 -461.253 -71.451 -0.067 0.002 0.190 0.979
18.063 -461.121 -71.470 -0.067 0.002 0.191 0.979
18.040 -461.065 -71.478 -0.067 0.002 0.191 0.979
17.994 -460.953 -71.494 -0.067 0.002 0.192 0.979
17.965 -460.882 -71.504 -0.067 0.002 0.193 0.979
17.931 -460.799 -71.515 -0.067 0.002 0.193 0.979
17.897 -460.716 -71.527 -0.067 0.002 0.194 0.979
17.846 -460.592 -71.545 -0.066 0.002 0.195 0.979
17.798 -460.478 -71.561 -0.066 0.002 0.196 0.978
17.761 -460.391 -71.573 -0.067 0.002 0.196 0.978
17.704 -460.255 -71.593 -0.067 0.002 0.197 0.978
17.669 -460.172 -71.604 -0.067 0.002 0.198 0.978
17.641 -460.106 -71.614 -0.067 0.002 0.198 0.978
17.608 -460.029 -71.625 -0.067 0.003 0.199 0.978
17.571 -459.942 -71.637 -0.067 0.003 0.199 0.978
17.531 -459.850 -71.650 -0.067 0.003 0.200 0.977
17.491 -459.757 -71.663 -0.066 0.003 0.201 0.977
17.449 -459.659 -71.677 -0.067 0.003 0.201 0.977
17.409 -459.567 -71.690 -0.067 0.003 0.202 0.977
17.347 -459.426 -71.710 -0.067 0.003 0.203 0.977
17.314 -459.349 -71.721 -0.066 0.003 0.203 0.977
17.262 -459.231 -71.738 -0.066 0.003 0.204 0.977
17.234 -459.167 -71.747 -0.066 0.003 0.205 0.977
17.182 -459.050 -71.763 -0.067 0.003 0.205 0.976
17.137 -458.948 -71.778 -0.066 0.003 0.206 0.976
17.093 -458.850 -71.792 -0.066 0.003 0.206 0.976
17.053 -458.759 -71.805 -0.066 0.003 0.207 0.976
17.016 -458.676 -71.816 -0.067 0.003 0.207 0.976
16.987 -458.612 -71.826 -0.067 0.003 0.207 0.976
16.946 -458.521 -71.838 -0.067 0.003 0.208 0.976
16.909 -458.437 -71.850 -0.067 0.003 0.209 0.976
16.849 -458.306 -71.869 -0.067 0.003 0.209 0.976
16.800 -458.196 -71.885 -0.067 0.003 0.210 0.975
16.766 -458.123 -71.895 -0.067 0.003 0.211 0.975
16.725 -458.033 -71.908 -0.067 0.003 0.211 0.975
16.702 -457.983 -71.915 -0.066 0.003 0.211 0.975
16.653 -457.876 -71.930 -0.066 0.003 0.212 0.975
16.606 -457.775 -71.945 -0.066 0.004 0.213 0.975
16.561 -457.677 -71.959 -0.066 0.004 0.213 0.975
16.522 -457.592 -71.971 -0.066 0.004 0.214 0.975
16.452 -457.440 -71.992 -0.066 0.004 0.215 0.974
16.408 -457.348 -72.005 -0.066 0.004 0.216 0.974
16.362 -457.250 -72.019 -0.066 0.004 0.216 0.974
16.315 -457.150 -72.033 -0.066 0.004 0.217 0.974
16.278 -457.071 -72.044 -0.066 0.004 0.218 0.974
16.223 -456.954 -72.060 -0.065 0.004 0.218 0.974
16.156 -456.815 -72.080 -0.065 0.004 0.219 0.974
16.110 -456.719 -72.093 -0.065 0.004 0.220 0.973
16.065 -456.624 -72.107 -0.065 0.004 0.220 0.973
16.036 -456.565 -72.115 -0.065 0.004 0.221 0.973
15.988 -456.464 -72.129 -0.065 0.004 0.222 0.973
15.937 -456.361 -72.143 -0.065 0.004 0.222 0.973
15.899 -456.281 -72.154 -0.065 0.004 0.222 0.973
15.859 -456.198 -72.166 -0.065 0.004 0.223 0.973
15.800 -456.078 -72.183 -0.065 0.004 0.223 0.973
15.763 -456.002 -72.193 -0.065 0.004 0.223 0.973
15.723 -455.920 -72.205 -0.066 0.004 0.224 0.972
15.684 -455.841 -72.216 -0.066 0.004 0.224 0.972
15.638 -455.747 -72.229 -0.066 0.005 0.225 0.972
15.571 -455.611 -72.248 -0.066 0.005 0.226 0.972
15.518 -455.503 -72.264 -0.066 0.005 0.227 0.972
15.484 -455.434 -72.274 -0.066 0.005 0.228 0.972
15.444 -455.356 -72.285 -0.066 0.005 0.228 0.971
15.403 -455.273 -72.296 -0.066 0.005 0.229 0.971
15.365 -455.198 -72.307 -0.066 0.005 0.229 0.971
15.329 -455.127 -72.317 -0.066 0.005 0.229 0.971
15.301 -455.071 -72.325 -0.066 0.005 0.229 0.971
15.251 -454.972 -72.339 -0.066 0.005 0.230 0.971
15.206 -454.883 -72.352 -0.066 0.005 0.231 0.971
15.143 -454.759 -72.369 -0.065 0.005 0.231 0.971
15.098 -454.670 -72.382 -0.065 0.005 0.232 0.970
15.042 -454.560 -72.397 -0.065 0.005 0.233 0.970
15.001 -454.482 -72.408 -0.065 0.005 0.233 0.970
14.959 -454.401 -72.419 -0.065 0.005 0.234 0.970
14.919 -454.322 -72.430 -0.064 0.005 0.234 0.970
14.872 -454.232 -72.443 -0.064 0.005 0.235 0.970
14.839 -454.167 -72.452 -0.064 0.005 0.235 0.970
14.801 -454.093 -72.462 -0.064 0.006 0.236 0.970
14.765 -454.024 -72.471 -0.064 0.006 0.236 0.970
14.713 -453.925 -72.485 -0.064 0.006 0.237 0.969
14.661 -453.826 -72.499 -0.064 0.006 0.238 0.969
14.633 -453.773 -72.506 -0.064 0.006 0.238 0.969
14.574 -453.662 -72.522 -0.064 0.006 0.240 0.969
14.529 -453.576 -72.534 -0.064 0.006 0.240 0.969
14.471 -453.468 -72.548 -0.064 0.006 0.241 0.969
14.408 -453.350 -72.565 -0.064 0.006 0.241 0.968
14.365 -453.269 -72.576 -0.064 0.006 0.241 0.968
14.312 -453.170 -72.589 -0.064 0.006 0.242 0.968
14.269 -453.089 -72.600 -0.063 0.006 0.242 0.968
