21.500 -475.907 -70.112 -0.001 0.000 0.002 1.000
21.500 -475.829 -70.112 -0.002 0.000 0.003 1.000
21.499 -475.747 -70.112 -0.002 0.000 0.004 1.000
21.498 -475.686 -70.113 -0.002 0.000 0.005 1.000
21.497 -475.595 -70.113 -0.003 0.000 0.007 1.000
21.495 -475.451 -70.114 -0.004 0.000 0.009 1.000
21.493 -475.365 -70.115 -0.005 0.000 0.011 1.000
21.491 -475.267 -70.116 -0.005 0.000 0.013 1.000
21.488 -475.146 -70.117 -0.006 0.000 0.015 1.000
21.486 -475.089 -70.118 -0.006 0.000 0.015 1.000
21.483 -474.988 -70.119 -0.007 0.000 0.017 1.000
21.479 -474.879 -70.121 -0.008 0.000 0.019 1.000
21.475 -474.793 -70.122 -0.008 0.000 0.021 1.000
21.469 -474.658 -70.125 -0.010 0.000 0.023 1.000
21.463 -474.527 -70.127 -0.010 0.000 0.025 1.000
21.457 -474.408 -70.130 -0.011 0.000 0.027 1.000
21.453 -474.332 -70.132 -0.012 0.000 0.028 1.000
21.448 -474.246 -70.134 -0.012 0.000 0.029 0.999
21.442 -474.155 -70.136 -0.013 0.000 0.031 0.999
21.434 -474.028 -70.139 -0.014 0.000 0.033 0.999
21.427 -473.916 -70.142 -0.014 0.000 0.035 0.999
21.422 -473.850 -70.144 -0.015 0.000 0.036 0.999
21.415 -473.757 -70.147 -0.016 0.000 0.037 0.999
21.408 -473.665 -70.150 -0.017 0.000 0.039 0.999
21.398 -473.541 -70.154 -0.018 0.000 0.040 0.999
21.391 -473.453 -70.158 -0.018 0.000 0.042 0.999
21.377 -473.296 -70.164 -0.020 0.000 0.045 0.999
21.367 -473.185 -70.168 -0.020 0.000 0.046 0.999
21.357 -473.082 -70.172 -0.021 0.000 0.048 0.999
21.346 -472.971 -70.177 -0.022 0.000 0.050 0.999
21.338 -472.886 -70.181 -0.022 0.000 0.051 0.998
21.327 -472.780 -70.186 -0.022 0.000 0.052 0.998
21.321 -472.730 -70.188 -0.023 0.000 0.053 0.998
21.309 -472.617 -70.193 -0.024 0.000 0.055 0.998
21.299 -472.522 -70.198 -0.024 0.000 0.057 0.998
21.282 -472.379 -70.205 -0.025 0.000 0.059 0.998
21.272 -472.300 -70.209 -0.026 0.000 0.061 0.998
21.261 -472.211 -70.214 -0.026 0.000 0.062 0.998
21.246 -472.094 -70.220 -0.027 0.000 0.064 0.998
21.232 -471.983 -70.226 -0.027 0.000 0.065 0.997
21.215 -471.856 -70.233 -0.028 0.000 0.067 0.997
21.199 -471.738 -70.240 -0.029 0.000 0.069 0.997
21.182 -471.621 -70.246 -0.030 0.000 0.071 0.997
21.162 -471.483 -70.255 -0.030 0.000 0.073 0.997
21.143 -471.358 -70.263 -0.031 0.000 0.076 0.997
21.128 -471.260 -70.269 -0.031 0.000 0.077 0.997
21.108 -471.133 -70.277 -0.032 0.000 0.079 0.996
21.085 -470.993 -70.286 -0.033 0.000 0.081 0.996
21.063 -470.858 -70.295 -0.033 0.000 0.083 0.996
21.048 -470.772 -70.301 -0.034 0.000 0.085 0.996
21.025 -470.640 -70.310 -0.035 0.000 0.087 0.996
21.012 -470.564 -70.316 -0.035 0.000 0.088 0.995
20.998 -470.489 -70.321 -0.036 0.000 0.090 0.995
20.977 -470.371 -70.330 -0.037 0.000 0.092 0.995
20.956 -470.261 -70.338 -0.038 0.000 0.093 0.995
20.932 -470.138 -70.348 -0.039 0.000 0.095 0.995
20.903 -469.990 -70.359 -0.040 0.000 0.097 0.994
20.887 -469.910 -70.366 -0.040 0.000 0.099 0.994
20.861 -469.780 -70.377 -0.041 0.000 0.101 0.994
20.841 -469.686 -70.385 -0.041 0.000 0.102 0.994
20.816 -469.565 -70.395 -0.042 0.000 0.104 0.994
20.800 -469.491 -70.401 -0.043 0.000 0.105 0.994
20.781 -469.400 -70.409 -0.043 0.000 0.106 0.993
20.757 -469.291 -70.419 -0.044 0.000 0.107 0.993
20.737 -469.202 -70.427 -0.044 0.000 0.109 0.993
20.716 -469.107 -70.435 -0.045 0.000 0.110 0.993
20.703 -469.051 -70.441 -0.045 0.000 0.111 0.993
20.683 -468.964 -70.449 -0.045 0.000 0.112 0.993
20.669 -468.899 -70.455 -0.046 0.000 0.113 0.993
20.646 -468.801 -70.464 -0.047 0.000 0.114 0.992
20.632 -468.743 -70.469 -0.047 0.000 0.115 0.992
20.611 -468.653 -70.478 -0.047 0.000 0.116 0.992
20.587 -468.552 -70.488 -0.047 0.000 0.117 0.992
20.561 -468.446 -70.498 -0.048 0.000 0.119 0.992
20.538 -468.350 -70.508 -0.049 0.000 0.120 0.992
20.513 -468.250 -70.518 -0.049 0.000 0.121 0.991
20.494 -468.175 -70.525 -0.050 0.000 0.122 0.991
20.470 -468.082 -70.535 -0.050 0.000 0.124 0.991
20.436 -467.947 -70.549 -0.051 0.000 0.126 0.991
20.416 -467.872 -70.557 -0.051 0.000 0.127 0.991
20.395 -467.792 -70.565 -0.052 0.000 0.128 0.990
20.370 -467.697 -70.576 -0.053 0.000 0.129 0.990
20.348 -467.614 -70.585 -0.053 0.000 0.130 0.990
20.317 -467.499 -70.597 -0.054 0.000 0.132 0.990
20.283 -467.373 -70.611 -0.054 0.000 0.133 0.990
20.253 -467.267 -70.623 -0.055 0.000 0.135 0.989
20.230 -467.184 -70.633 -0.055 0.000 0.136 0.989
20.193 -467.055 -70.648 -0.056 0.000 0.138 0.989
20.170 -466.975 -70.657 -0.056 0.000 0.139 0.989
20.139 -466.867 -70.669 -0.057 0.000 0.140 0.988
20.113 -466.779 -70.680 -0.057 0.000 0.141 0.988
20.074 -466.643 -70.696 -0.058 0.000 0.143 0.988
20.030 -466.497 -70.713 -0.058 0.000 0.145 0.988
19.999 -466.394 -70.726 -0.059 0.000 0.146 0.987
19.967 -466.292 -70.738 -0.059 0.000 0.148 0.987
19.941 -466.206 -70.749 -0.060 0.000 0.149 0.987
19.908 -466.100 -70.762 -0.060 0.000 0.150 0.987
19.881 -466.014 -70.773 -0.060 0.000 0.151 0.987
19.845 -465.901 -70.787 -0.061 0.000 0.153 0.986
19.812 -465.797 -70.801 -0.061 0.000 0.154 0.986
19.775 -465.682 -70.815 -0.061 0.000 0.154 0.986
19.739 -465.569 -70.830 -0.062 0.000 0.156 0.986
19.702 -465.457 -70.844 -0.062 0.000 0.157 0.986
19.671 -465.365 -70.856 -0.062 0.000 0.158 0.986
19.641 -465.272 -70.868 -0.062 0.000 0.159 0.985
19.598 -465.146 -70.884 -0.062 0.001 0.160 0.985
19.565 -465.048 -70.897 -0.062 0.001 0.161 0.985
19.519 -464.911 -70.915 -0.063 0.001 0.163 0.985
19.484 -464.808 -70.929 -0.063 0.001 0.163 0.985
19.453 -464.719 -70.940 -0.064 0.001 0.164 0.984
19.413 -464.604 -70.956 -0.064 0.001 0.165 0.984
19.385 -464.522 -70.967 -0.064 0.001 0.166 0.984
19.355 -464.437 -70.978 -0.064 0.001 0.167 0.984
19.316 -464.326 -70.993 -0.064 0.001 0.168 0.984
19.279 -464.221 -71.007 -0.064 0.001 0.169 0.984
19.241 -464.114 -71.022 -0.065 0.001 0.170 0.983
19.202 -464.007 -71.036 -0.065 0.001 0.171 0.983
19.171 -463.919 -71.048 -0.065 0.001 0.172 0.983
19.129 -463.806 -71.064 -0.065 0.001 0.173 0.983
19.096 -463.714 -71.076 -0.065 0.001 0.174 0.983
19.070 -463.645 -71.086 -0.065 0.001 0.174 0.983
19.033 -463.544 -71.100 -0.065 0.001 0.175 0.982
19.001 -463.458 -71.112 -0.065 0.001 0.175 0.982
18.961 -463.349 -71.126 -0.065 0.001 0.176 0.982
18.926 -463.257 -71.139 -0.065 0.001 0.177 0.982
18.878 -463.128 -71.157 -0.065 0.001 0.178 0.982
18.835 -463.014 -71.173 -0.065 0.001 0.179 0.982
18.785 -462.883 -71.191 -0.065 0.001 0.180 0.982
18.733 -462.746 -71.209 -0.065 0.001 0.181 0.981
18.686 -462.623 -71.226 -0.065 0.001 0.182 0.981
18.632 -462.484 -71.246 -0.065 0.001 0.183 0.981
18.578 -462.345 -71.265 -0.066 0.001 0.183 0.981
18.535 -462.235 -71.280 -0.066 0.001 0.184 0.981
18.516 -462.187 -71.287 -0.066 0.001 0.185 0.981
18.476 -462.085 -71.301 -0.066 0.001 0.186 0.980
18.441 -461.998 -71.313 -0.066 0.001 0.186 0.980
18.401 -461.897 -71.328 -0.066 0.002 0.187 0.980
18.359 -461.790 -71.343 -0.066 0.002 0.187 0.980
18.317 -461.687 -71.357 -0.066 0.002 0.188 0.980
18.277 -461.586 -71.371 -0.066 0.002 0.189 0.980
18.229 -461.467 -71.388 -0.066 0.002 0.190 0.980
18.191 -461.375 -71.401 -0.066 0.002 0.190 0.979
18.149 -461.271 -71.415 -0.066 0.002 0.191 0.979
18.117 -461.193 -71.426 -0.066 0.002 0.191 0.979
18.081 -461.106 -71.439 -0.066 0.002 0.192 0.979
18.060 -461.053 -71.446 -0.066 0.002 0.192 0.979
18.021 -460.959 -71.459 -0.066 0.002 0.193 0.979
17.981 -460.861 -71.473 -0.066 0.002 0.194 0.979
17.956 -460.801 -71.482 -0.066 0.002 0.194 0.979
17.927 -460.731 -71.491 -0.066 0.002 0.195 0.979
17.879 -460.617 -71.507 -0.066 0.002 0.196 0.978
17.846 -460.539 -71.518 -0.066 0.002 0.196 0.978
17.811 -460.456 -71.530 -0.066 0.002 0.196 0.978
17.767 -460.351 -71.545 -0.066 0.002 0.197 0.978
17.728 -460.258 -71.558 -0.066 0.002 0.198 0.978
17.695 -460.181 -71.569 -0.066 0.002 0.198 0.978
17.659 -460.095 -71.581 -0.066 0.002 0.199 0.978
17.622 -460.010 -71.593 -0.066 0.002 0.199 0.978
17.579 -459.909 -71.607 -0.066 0.002 0.200 0.978
17.539 -459.816 -71.620 -0.066 0.003 0.200 0.977
17.511 -459.752 -71.629 -0.066 0.003 0.201 0.977
17.487 -459.695 -71.637 -0.066 0.003 0.201 0.977
17.438 -459.583 -71.652 -0.066 0.003 0.202 0.977
17.388 -459.468 -71.669 -0.066 0.003 0.203 0.977
17.342 -459.363 -71.683 -0.066 0.003 0.203 0.977
17.301 -459.269 -71.696 -0.066 0.003 0.204 0.977
17.262 -459.179 -71.709 -0.066 0.003 0.204 0.977
17.222 -459.088 -71.722 -0.065 0.003 0.205 0.977
17.192 -459.021 -71.731 -0.065 0.003 0.206 0.976
17.148 -458.922 -71.745 -0.065 0.003 0.206 0.976
17.103 -458.820 -71.759 -0.065 0.003 0.206 0.976
17.045 -458.690 -71.777 -0.065 0.003 0.207 0.976
17.012 -458.617 -71.787 -0.065 0.003 0.208 0.976
16.968 -458.519 -71.801 -0.065 0.003 0.208 0.976
16.942 -458.460 -71.809 -0.065 0.003 0.208 0.976
16.884 -458.332 -71.827 -0.065 0.003 0.209 0.976
16.842 -458.239 -71.840 -0.065 0.003 0.209 0.976
16.802 -458.150 -71.852 -0.065 0.003 0.210 0.976
16.765 -458.070 -71.863 -0.065 0.003 0.210 0.975
16.728 -457.989 -71.875 -0.065 0.003 0.211 0.975
16.698 -457.923 -71.884 -0.065 0.003 0.211 0.975
16.658 -457.835 -71.896 -0.065 0.004 0.212 0.975
16.616 -457.743 -71.909 -0.065 0.004 0.212 0.975
16.574 -457.653 -71.921 -0.065 0.004 0.213 0.975
16.532 -457.561 -71.934 -0.065 0.004 0.213 0.975
16.485 -457.460 -71.948 -0.065 0.004 0.214 0.975
16.431 -457.344 -71.964 -0.065 0.004 0.214 0.975
16.384 -457.242 -71.978 -0.065 0.004 0.215 0.974
16.339 -457.145 -71.992 -0.065 0.004 0.216 0.974
16.309 -457.083 -72.000 -0.065 0.004 0.216 0.974
16.263 -456.984 -72.014 -0.065 0.004 0.217 0.974
16.210 -456.872 -72.030 -0.065 0.004 0.218 0.974
16.188 -456.826 -72.036 -0.065 0.004 0.218 0.974
16.155 -456.755 -72.046 -0.065 0.004 0.218 0.974
16.106 -456.653 -72.060 -0.065 0.004 0.219 0.974
16.057 -456.551 -72.075 -0.065 0.004 0.219 0.973
16.006 -456.444 -72.089 -0.065 0.004 0.220 0.973
15.969 -456.367 -72.100 -0.065 0.004 0.220 0.973
15.911 -456.247 -72.117 -0.065 0.004 0.221 0.973
15.877 -456.175 -72.127 -0.065 0.004 0.222 0.973
15.836 -456.091 -72.138 -0.065 0.004 0.222 0.973
15.797 -456.011 -72.149 -0.065 0.004 0.223 0.973
15.759 -455.933 -72.161 -0.065 0.004 0.224 0.972
15.720 -455.854 -72.172 -0.065 0.004 0.224 0.972
15.647 -455.705 -72.193 -0.066 0.004 0.225 0.972
15.588 -455.585 -72.210 -0.066 0.004 0.226 0.972
15.546 -455.499 -72.222 -0.066 0.004 0.226 0.972
15.513 -455.434 -72.231 -0.066 0.004 0.227 0.972
15.472 -455.351 -72.243 -0.066 0.004 0.227 0.972
15.430 -455.267 -72.255 -0.066 0.004 0.228 0.971
15.393 -455.193 -72.265 -0.066 0.004 0.228 0.971
15.341 -455.089 -72.280 -0.066 0.004 0.229 0.971
15.279 -454.967 -72.297 -0.066 0.005 0.229 0.971
15.239 -454.887 -72.308 -0.066 0.004 0.229 0.971
15.198 -454.806 -72.320 -0.066 0.005 0.230 0.971
15.166 -454.743 -72.329 -0.066 0.005 0.230 0.971
15.121 -454.653 -72.342 -0.065 0.005 0.231 0.971
15.078 -454.568 -72.353 -0.065 0.005 0.232 0.971
15.010 -454.436 -72.372 -0.066 0.005 0.232 0.970
14.965 -454.349 -72.384 -0.066 0.005 0.233 0.970
14.927 -454.273 -72.395 -0.065 0.005 0.233 0.970
14.884 -454.190 -72.407 -0.065 0.005 0.234 0.970
14.856 -454.136 -72.414 -0.066 0.005 0.234 0.970
14.811 -454.050 -72.427 -0.066 0.005 0.235 0.970
14.756 -453.943 -72.442 -0.065 0.005 0.235 0.970
14.711 -453.857 -72.454 -0.065 0.005 0.235 0.970
14.662 -453.762 -72.467 -0.065 0.005 0.236 0.970
14.611 -453.664 -72.481 -0.065 0.005 0.237 0.969
14.568 -453.583 -72.493 -0.065 0.005 0.237 0.969
14.509 -453.470 -72.508 -0.065 0.005 0.238 0.969
14.462 -453.380 -72.521 -0.065 0.005 0.238 0.969
14.424 -453.308 -72.531 -0.065 0.005 0.239 0.969
14.382 -453.229 -72.542 -0.065 0.005 0.239 0.969
14.327 -453.126 -72.557 -0.065 0.005 0.240 0.969
14.280 -453.037 -72.569 -0.065 0.005 0.240 0.969
