26.393 -423.624 -82.404 -0.025 0.000 0.049 0.998
26.385 -423.553 -82.407 -0.026 0.000 0.050 0.998
26.374 -423.438 -82.413 -0.026 0.000 0.052 0.998
26.360 -423.310 -82.420 -0.027 0.000 0.054 0.998
26.349 -423.214 -82.426 -0.028 0.000 0.056 0.998
26.340 -423.134 -82.430 -0.028 0.000 0.057 0.998
26.329 -423.039 -82.436 -0.029 0.000 0.058 0.998
26.319 -422.949 -82.441 -0.030 0.000 0.060 0.998
26.307 -422.856 -82.447 -0.030 0.000 0.061 0.998
26.299 -422.793 -82.450 -0.031 0.000 0.062 0.998
26.278 -422.628 -82.461 -0.032 0.000 0.065 0.997
26.266 -422.539 -82.467 -0.032 0.000 0.066 0.997
26.249 -422.411 -82.475 -0.033 0.000 0.069 0.997
26.237 -422.331 -82.481 -0.034 0.000 0.070 0.997
26.224 -422.235 -82.487 -0.034 0.000 0.072 0.997
26.213 -422.160 -82.492 -0.035 0.000 0.073 0.997
26.198 -422.064 -82.499 -0.036 0.000 0.074 0.997
26.179 -421.937 -82.509 -0.037 0.000 0.076 0.996
26.158 -421.805 -82.518 -0.038 0.000 0.079 0.996
26.141 -421.697 -82.527 -0.039 0.000 0.080 0.996
26.128 -421.618 -82.533 -0.039 0.000 0.082 0.996
26.114 -421.537 -82.540 -0.040 0.000 0.083 0.996
26.095 -421.421 -82.549 -0.041 0.000 0.084 0.996
26.082 -421.349 -82.555 -0.041 0.000 0.086 0.995
26.064 -421.246 -82.564 -0.042 0.000 0.087 0.995
26.044 -421.134 -82.573 -0.042 0.000 0.089 0.995
26.027 -421.041 -82.581 -0.043 0.000 0.091 0.995
26.007 -420.931 -82.591 -0.044 0.000 0.092 0.995
25.983 -420.805 -82.603 -0.045 0.000 0.094 0.995
25.967 -420.720 -82.610 -0.046 0.000 0.095 0.994
25.936 -420.565 -82.625 -0.047 0.000 0.098 0.994
25.915 -420.461 -82.635 -0.048 0.000 0.100 0.994
25.896 -420.370 -82.644 -0.049 0.000 0.101 0.994
25.881 -420.298 -82.651 -0.049 0.000 0.103 0.993
25.864 -420.214 -82.660 -0.050 0.000 0.104 0.993
25.847 -420.134 -82.668 -0.051 0.000 0.106 0.993
25.828 -420.048 -82.677 -0.052 0.000 0.107 0.993
25.809 -419.962 -82.686 -0.052 0.000 0.108 0.993
25.788 -419.869 -82.696 -0.053 0.000 0.110 0.992
25.762 -419.756 -82.709 -0.054 0.000 0.112 0.992
25.736 -419.644 -82.721 -0.055 0.000 0.114 0.992
25.703 -419.503 -82.737 -0.056 0.000 0.117 0.992
25.687 -419.437 -82.745 -0.057 0.000 0.118 0.991
25.668 -419.358 -82.754 -0.057 0.000 0.119 0.991
25.641 -419.251 -82.767 -0.058 0.000 0.121 0.991
25.621 -419.170 -82.777 -0.059 0.000 0.122 0.991
25.599 -419.084 -82.787 -0.059 0.000 0.124 0.990
25.571 -418.975 -82.800 -0.060 0.000 0.126 0.990
25.559 -418.930 -82.806 -0.061 0.000 0.127 0.990
25.531 -418.820 -82.820 -0.061 0.000 0.129 0.990
25.491 -418.671 -82.839 -0.062 0.000 0.132 0.989
25.466 -418.583 -82.850 -0.063 0.000 0.134 0.989
25.435 -418.472 -82.865 -0.064 0.000 0.136 0.989
25.402 -418.353 -82.880 -0.064 0.000 0.138 0.988
25.370 -418.243 -82.895 -0.065 0.000 0.140 0.988
25.345 -418.156 -82.907 -0.066 0.000 0.142 0.988
25.319 -418.069 -82.919 -0.066 0.000 0.143 0.987
25.287 -417.965 -82.933 -0.067 0.000 0.145 0.987
25.250 -417.843 -82.950 -0.067 0.001 0.148 0.987
25.226 -417.765 -82.961 -0.068 0.001 0.149 0.987
25.193 -417.658 -82.977 -0.069 0.001 0.151 0.986
25.162 -417.561 -82.991 -0.070 0.001 0.153 0.986
25.140 -417.494 -83.000 -0.070 0.001 0.154 0.986
25.100 -417.371 -83.019 -0.071 0.001 0.156 0.985
25.066 -417.265 -83.034 -0.072 0.001 0.157 0.985
25.037 -417.178 -83.047 -0.072 0.001 0.159 0.985
25.003 -417.076 -83.063 -0.073 0.001 0.160 0.984
24.976 -416.998 -83.075 -0.074 0.001 0.162 0.984
24.943 -416.900 -83.090 -0.075 0.001 0.163 0.984
24.907 -416.795 -83.107 -0.076 0.001 0.165 0.983
24.875 -416.706 -83.121 -0.076 0.001 0.166 0.983
24.828 -416.573 -83.143 -0.077 0.001 0.169 0.983
24.801 -416.497 -83.155 -0.077 0.001 0.170 0.982
24.764 -416.393 -83.172 -0.078 0.001 0.172 0.982
24.707 -416.238 -83.198 -0.079 0.001 0.174 0.982
24.668 -416.134 -83.215 -0.080 0.001 0.176 0.981
24.624 -416.017 -83.235 -0.080 0.001 0.178 0.981
24.585 -415.913 -83.253 -0.081 0.001 0.180 0.980
24.552 -415.828 -83.267 -0.082 0.001 0.181 0.980
24.501 -415.698 -83.290 -0.083 0.001 0.184 0.980
24.465 -415.605 -83.306 -0.083 0.001 0.185 0.979
24.428 -415.512 -83.323 -0.084 0.001 0.187 0.979
24.392 -415.422 -83.339 -0.084 0.001 0.188 0.979
24.347 -415.311 -83.359 -0.086 0.001 0.190 0.978
24.304 -415.205 -83.379 -0.086 0.001 0.192 0.978
24.249 -415.073 -83.403 -0.087 0.001 0.194 0.977
24.203 -414.964 -83.424 -0.087 0.001 0.197 0.977
24.161 -414.866 -83.442 -0.088 0.001 0.198 0.976
24.108 -414.742 -83.466 -0.089 0.001 0.201 0.976
24.051 -414.612 -83.491 -0.091 0.001 0.203 0.975
24.007 -414.513 -83.511 -0.092 0.001 0.205 0.974
23.984 -414.461 -83.521 -0.092 0.001 0.206 0.974
23.931 -414.343 -83.545 -0.093 0.001 0.208 0.974
23.879 -414.227 -83.568 -0.094 0.001 0.210 0.973
23.838 -414.140 -83.586 -0.095 0.001 0.212 0.973
23.802 -414.063 -83.602 -0.095 0.001 0.214 0.972
23.748 -413.948 -83.626 -0.096 0.001 0.216 0.972
23.713 -413.875 -83.641 -0.097 0.001 0.217 0.971
23.665 -413.775 -83.663 -0.097 0.001 0.219 0.971
23.621 -413.682 -83.683 -0.098 0.001 0.221 0.970
23.574 -413.587 -83.703 -0.099 0.001 0.223 0.970
23.524 -413.486 -83.725 -0.100 0.001 0.225 0.969
23.469 -413.376 -83.750 -0.101 0.001 0.227 0.969
23.439 -413.317 -83.763 -0.102 0.001 0.228 0.968
23.391 -413.221 -83.785 -0.102 0.001 0.230 0.968
23.351 -413.143 -83.802 -0.103 0.001 0.232 0.967
23.297 -413.040 -83.826 -0.104 0.001 0.234 0.967
23.249 -412.948 -83.848 -0.105 0.001 0.235 0.966
23.200 -412.854 -83.870 -0.106 0.001 0.237 0.966
23.169 -412.796 -83.884 -0.107 0.001 0.238 0.965
23.120 -412.705 -83.905 -0.107 0.001 0.240 0.965
23.097 -412.662 -83.915 -0.108 0.001 0.241 0.965
23.033 -412.544 -83.944 -0.109 0.001 0.243 0.964
22.990 -412.465 -83.963 -0.110 0.001 0.245 0.963
22.943 -412.381 -83.984 -0.110 0.001 0.246 0.963
22.901 -412.305 -84.003 -0.111 0.001 0.248 0.962
22.859 -412.230 -84.022 -0.111 0.001 0.250 0.962
22.813 -412.150 -84.042 -0.112 0.001 0.251 0.961
22.776 -412.085 -84.059 -0.113 0.001 0.253 0.961
22.736 -412.016 -84.076 -0.113 0.001 0.254 0.961
22.681 -411.920 -84.101 -0.114 0.001 0.256 0.960
22.640 -411.850 -84.119 -0.114 0.001 0.257 0.960
22.588 -411.761 -84.142 -0.115 0.001 0.259 0.959
22.529 -411.663 -84.168 -0.116 0.001 0.261 0.958
22.460 -411.548 -84.199 -0.117 0.001 0.263 0.958
22.400 -411.450 -84.225 -0.118 0.001 0.265 0.957
22.338 -411.348 -84.253 -0.119 0.001 0.267 0.956
22.294 -411.278 -84.272 -0.120 0.001 0.269 0.956
22.224 -411.165 -84.304 -0.121 0.001 0.271 0.955
22.148 -411.045 -84.337 -0.122 0.001 0.273 0.954
22.121 -411.002 -84.349 -0.122 0.001 0.274 0.954
22.077 -410.934 -84.369 -0.123 0.001 0.276 0.953
22.003 -410.820 -84.402 -0.124 0.001 0.278 0.952
21.942 -410.726 -84.429 -0.125 0.001 0.280 0.952
21.893 -410.650 -84.451 -0.125 0.001 0.282 0.951
21.835 -410.564 -84.477 -0.126 0.001 0.283 0.951
21.770 -410.466 -84.506 -0.127 0.001 0.285 0.950
21.718 -410.389 -84.529 -0.128 0.001 0.287 0.949
21.666 -410.314 -84.551 -0.129 0.001 0.288 0.949
21.617 -410.241 -84.574 -0.129 0.001 0.290 0.948
21.565 -410.167 -84.596 -0.130 0.001 0.292 0.948
21.523 -410.106 -84.615 -0.131 0.001 0.293 0.947
21.462 -410.020 -84.642 -0.131 0.001 0.295 0.946
21.398 -409.930 -84.671 -0.132 0.001 0.297 0.946
21.309 -409.806 -84.710 -0.133 0.001 0.300 0.945
21.254 -409.730 -84.735 -0.134 0.001 0.302 0.944
21.181 -409.630 -84.767 -0.135 0.001 0.304 0.943
21.123 -409.552 -84.792 -0.135 0.001 0.305 0.943
21.046 -409.449 -84.826 -0.136 0.001 0.308 0.942
20.984 -409.366 -84.854 -0.136 0.001 0.310 0.941
20.935 -409.302 -84.875 -0.137 0.001 0.311 0.940
20.887 -409.239 -84.896 -0.138 0.001 0.312 0.940
20.832 -409.167 -84.920 -0.138 0.001 0.314 0.939
20.793 -409.117 -84.938 -0.139 0.001 0.315 0.939
20.729 -409.034 -84.966 -0.140 0.001 0.317 0.938
20.664 -408.952 -84.994 -0.141 0.001 0.318 0.937
20.598 -408.868 -85.023 -0.141 0.001 0.320 0.937
20.540 -408.796 -85.049 -0.142 0.001 0.322 0.936
20.448 -408.682 -85.089 -0.144 0.001 0.325 0.935
20.375 -408.592 -85.121 -0.145 0.001 0.327 0.934
20.310 -408.513 -85.150 -0.146 0.001 0.329 0.933
20.258 -408.451 -85.173 -0.146 0.001 0.330 0.932
20.196 -408.377 -85.200 -0.147 0.001 0.332 0.932
20.125 -408.293 -85.232 -0.147 0.001 0.334 0.931
20.050 -408.204 -85.265 -0.148 0.001 0.336 0.930
20.004 -408.151 -85.285 -0.149 0.001 0.337 0.930
19.919 -408.052 -85.322 -0.150 0.001 0.339 0.929
19.851 -407.974 -85.353 -0.151 0.001 0.341 0.928
19.782 -407.896 -85.383 -0.152 0.001 0.343 0.927
19.728 -407.835 -85.407 -0.152 0.001 0.344 0.926
19.657 -407.756 -85.438 -0.153 0.001 0.346 0.926
19.608 -407.701 -85.460 -0.154 0.001 0.347 0.925
19.548 -407.635 -85.486 -0.154 0.001 0.349 0.924
19.475 -407.556 -85.518 -0.155 0.001 0.351 0.923
19.413 -407.489 -85.545 -0.155 0.001 0.353 0.923
19.324 -407.393 -85.584 -0.157 0.001 0.355 0.922
19.256 -407.321 -85.614 -0.157 0.001 0.357 0.921
19.183 -407.244 -85.646 -0.158 0.001 0.359 0.920
19.139 -407.198 -85.665 -0.159 0.001 0.360 0.919
19.052 -407.108 -85.704 -0.159 0.002 0.363 0.918
19.000 -407.055 -85.726 -0.160 0.002 0.364 0.918
18.944 -406.998 -85.751 -0.160 0.002 0.366 0.917
18.884 -406.938 -85.777 -0.161 0.002 0.367 0.916
18.794 -406.848 -85.816 -0.162 0.002 0.369 0.915
18.696 -406.751 -85.859 -0.163 0.002 0.372 0.914
18.641 -406.696 -85.883 -0.163 0.002 0.373 0.913
18.601 -406.657 -85.900 -0.164 0.002 0.374 0.913
18.527 -406.586 -85.932 -0.164 0.002 0.376 0.912
18.447 -406.509 -85.967 -0.165 0.002 0.378 0.911
18.368 -406.434 -86.001 -0.166 0.002 0.380 0.910
18.270 -406.341 -86.044 -0.167 0.002 0.383 0.909
18.195 -406.271 -86.076 -0.168 0.002 0.385 0.908
18.134 -406.215 -86.103 -0.168 0.002 0.386 0.907
18.054 -406.142 -86.137 -0.169 0.002 0.388 0.906
17.976 -406.071 -86.171 -0.170 0.002 0.390 0.905
17.932 -406.031 -86.190 -0.170 0.002 0.391 0.905
17.870 -405.976 -86.217 -0.171 0.002 0.392 0.904
17.763 -405.881 -86.263 -0.172 0.002 0.395 0.903
17.662 -405.792 -86.307 -0.173 0.002 0.397 0.901
17.603 -405.741 -86.333 -0.173 0.002 0.399 0.901
17.548 -405.693 -86.356 -0.173 0.002 0.400 0.900
17.480 -405.635 -86.386 -0.174 0.002 0.401 0.899
17.373 -405.544 -86.432 -0.175 0.002 0.403 0.898
17.281 -405.466 -86.472 -0.176 0.002 0.405 0.897
17.198 -405.397 -86.507 -0.177 0.002 0.407 0.896
17.131 -405.342 -86.536 -0.178 0.002 0.409 0.895
17.076 -405.297 -86.560 -0.178 0.002 0.410 0.895
16.967 -405.209 -86.607 -0.179 0.002 0.412 0.893
16.883 -405.140 -86.643 -0.180 0.002 0.414 0.892
16.773 -405.053 -86.691 -0.181 0.002 0.417 0.891
16.662 -404.966 -86.738 -0.182 0.002 0.419 0.890
16.579 -404.901 -86.774 -0.183 0.002 0.421 0.889
16.488 -404.831 -86.813 -0.183 0.002 0.422 0.888
16.363 -404.736 -86.867 -0.185 0.002 0.425 0.886
16.263 -404.661 -86.910 -0.185 0.002 0.427 0.885
16.171 -404.592 -86.950 -0.186 0.002 0.429 0.884
16.125 -404.558 -86.970 -0.186 0.003 0.430 0.883
16.010 -404.474 -87.019 -0.187 0.003 0.433 0.882
15.938 -404.422 -87.050 -0.188 0.003 0.434 0.881
15.869 -404.373 -87.080 -0.188 0.003 0.435 0.880
15.802 -404.325 -87.108 -0.189 0.003 0.436 0.880
15.740 -404.281 -87.135 -0.190 0.002 0.438 0.879
15.666 -404.228 -87.167 -0.191 0.002 0.439 0.878
15.593 -404.177 -87.198 -0.191 0.002 0.441 0.877
15.469 -404.091 -87.252 -0.193 0.002 0.443 0.875
15.391 -404.038 -87.286 -0.193 0.002 0.445 0.874
15.297 -403.975 -87.326 -0.194 0.002 0.447 0.873
15.178 -403.896 -87.377 -0.195 0.003 0.449 0.872
15.092 -403.839 -87.414 -0.195 0.003 0.451 0.871
15.026 -403.795 -87.443 -0.196 0.002 0.453 0.870
14.942 -403.742 -87.478 -0.197 0.002 0.454 0.869
14.864 -403.692 -87.512 -0.197 0.002 0.456 0.868
14.793 -403.646 -87.543 -0.198 0.002 0.457 0.867
14.692 -403.582 -87.586 -0.199 0.003 0.459 0.866
14.556 -403.497 -87.644 -0.200 0.003 0.461 0.865
14.447 -403.430 -87.691 -0.201 0.003 0.464 0.863
14.379 -403.389 -87.720 -0.201 0.002 0.465 0.862
14.291 -403.335 -87.758 -0.202 0.002 0.466 0.861
14.219 -403.293 -87.789 -0.203 0.002 0.467 0.860
14.116 -403.232 -87.834 -0.204 0.002 0.469 0.859
14.036 -403.184 -87.868 -0.205 0.002 0.470 0.858
13.954 -403.137 -87.904 -0.205 0.002 0.471 0.858
13.864 -403.084 -87.943 -0.206 0.002 0.473 0.857
13.801 -403.049 -87.970 -0.206 0.002 0.474 0.856
13.688 -402.984 -88.019 -0.207 0.002 0.476 0.855
13.584 -402.926 -88.064 -0.208 0.002 0.478 0.854
13.523 -402.892 -88.090 -0.208 0.002 0.478 0.853
13.378 -402.811 -88.153 -0.209 0.002 0.481 0.851
13.304 -402.771 -88.185 -0.209 0.002 0.482 0.851
13.188 -402.708 -88.235 -0.210 0.002 0.484 0.849
13.070 -402.645 -88.286 -0.211 0.002 0.486 0.848
13.002 -402.609 -88.315 -0.212 0.002 0.488 0.847
12.954 -402.584 -88.336 -0.212 0.002 0.488 0.846
12.867 -402.539 -88.373 -0.213 0.002 0.490 0.845
12.758 -402.483 -88.420 -0.214 0.002 0.492 0.844
12.667 -402.437 -88.460 -0.215 0.002 0.494 0.843
12.515 -402.360 -88.525 -0.216 0.002 0.496 0.841
12.446 -402.326 -88.555 -0.216 0.002 0.497 0.840
12.374 -402.291 -88.586 -0.217 0.002 0.499 0.839
12.306 -402.257 -88.616 -0.217 0.002 0.500 0.838
12.227 -402.220 -88.650 -0.218 0.002 0.501 0.838
12.100 -402.159 -88.705 -0.219 0.002 0.503 0.836
12.022 -402.122 -88.739 -0.219 0.002 0.504 0.835
11.931 -402.080 -88.778 -0.220 0.002 0.506 0.834
11.832 -402.034 -88.820 -0.221 0.002 0.507 0.833
11.770 -402.006 -88.847 -0.221 0.002 0.509 0.832
11.675 -401.963 -88.889 -0.222 0.002 0.510 0.831
11.567 -401.915 -88.935 -0.223 0.002 0.512 0.829
11.499 -401.885 -88.964 -0.223 0.002 0.513 0.829
11.407 -401.845 -89.004 -0.224 0.002 0.515 0.828
11.325 -401.809 -89.040 -0.225 0.002 0.516 0.827
11.235 -401.770 -89.079 -0.225 0.002 0.517 0.826
11.134 -401.728 -89.122 -0.226 0.002 0.519 0.825
11.014 -401.677 -89.174 -0.226 0.002 0.521 0.823
10.935 -401.645 -89.208 -0.227 0.002 0.522 0.822
10.856 -401.613 -89.243 -0.228 0.002 0.523 0.821
10.793 -401.588 -89.270 -0.228 0.002 0.524 0.821
10.717 -401.558 -89.303 -0.229 0.002 0.525 0.820
10.672 -401.539 -89.322 -0.229 0.002 0.526 0.819
10.586 -401.505 -89.360 -0.230 0.002 0.527 0.818
10.517 -401.478 -89.390 -0.230 0.002 0.529 0.817
10.463 -401.458 -89.413 -0.230 0.002 0.529 0.817
10.360 -401.418 -89.457 -0.231 0.002 0.531 0.815
10.277 -401.387 -89.493 -0.231 0.002 0.532 0.814
10.201 -401.359 -89.526 -0.232 0.002 0.533 0.813
10.108 -401.324 -89.566 -0.232 0.002 0.535 0.812
10.001 -401.286 -89.612 -0.233 0.002 0.537 0.811
9.924 -401.258 -89.646 -0.233 0.002 0.538 0.810
9.832 -401.225 -89.685 -0.234 0.002 0.539 0.809
9.763 -401.201 -89.715 -0.234 0.002 0.540 0.808
9.626 -401.153 -89.774 -0.235 0.002 0.542 0.807
9.524 -401.118 -89.817 -0.236 0.002 0.543 0.806
