24.700 -458.394 -70.112 0.000 0.000 0.002 1.000
24.699 -458.302 -70.112 -0.001 0.000 0.003 1.000
24.698 -458.196 -70.112 -0.002 0.000 0.006 1.000
24.697 -458.113 -70.112 -0.002 0.000 0.007 1.000
24.694 -457.941 -70.113 -0.004 0.000 0.010 1.000
24.692 -457.835 -70.114 -0.004 0.000 0.012 1.000
24.689 -457.717 -70.115 -0.005 0.000 0.014 1.000
24.685 -457.585 -70.117 -0.006 0.000 0.017 1.000
24.681 -457.485 -70.118 -0.007 0.000 0.018 1.000
24.677 -457.379 -70.120 -0.008 0.000 0.020 1.000
24.673 -457.274 -70.121 -0.008 0.000 0.022 1.000
24.669 -457.181 -70.123 -0.009 0.000 0.023 1.000
24.663 -457.071 -70.125 -0.010 0.000 0.025 1.000
24.657 -456.948 -70.127 -0.010 0.000 0.027 1.000
24.653 -456.873 -70.129 -0.011 0.000 0.028 1.000
24.647 -456.776 -70.131 -0.012 0.000 0.030 0.999
24.642 -456.691 -70.133 -0.012 0.000 0.032 0.999
24.633 -456.559 -70.137 -0.013 0.000 0.034 0.999
24.627 -456.476 -70.139 -0.014 0.000 0.035 0.999
24.617 -456.338 -70.143 -0.015 0.000 0.038 0.999
24.608 -456.222 -70.147 -0.016 0.000 0.040 0.999
24.601 -456.136 -70.149 -0.017 0.000 0.042 0.999
24.591 -456.023 -70.153 -0.018 0.000 0.044 0.999
24.585 -455.953 -70.156 -0.018 0.000 0.045 0.999
24.574 -455.831 -70.160 -0.019 0.000 0.047 0.999
24.562 -455.707 -70.165 -0.020 0.000 0.049 0.999
24.544 -455.538 -70.172 -0.021 0.000 0.052 0.998
24.533 -455.431 -70.177 -0.022 0.000 0.054 0.998
24.525 -455.362 -70.180 -0.022 0.000 0.055 0.998
24.516 -455.275 -70.184 -0.023 0.000 0.056 0.998
24.503 -455.167 -70.189 -0.024 0.000 0.058 0.998
24.492 -455.072 -70.194 -0.025 0.000 0.060 0.998
24.477 -454.954 -70.200 -0.025 0.000 0.062 0.998
24.463 -454.838 -70.206 -0.027 0.000 0.065 0.998
24.445 -454.702 -70.213 -0.028 0.000 0.067 0.997
24.436 -454.642 -70.216 -0.028 0.000 0.068 0.997
24.428 -454.578 -70.220 -0.029 0.000 0.069 0.997
24.414 -454.484 -70.226 -0.029 0.000 0.071 0.997
24.402 -454.397 -70.231 -0.030 0.000 0.072 0.997
24.383 -454.272 -70.238 -0.031 0.000 0.075 0.997
24.366 -454.160 -70.245 -0.032 0.000 0.077 0.997
24.356 -454.094 -70.250 -0.032 0.000 0.078 0.996
24.342 -454.010 -70.255 -0.032 0.000 0.079 0.996
24.321 -453.881 -70.264 -0.033 0.000 0.082 0.996
24.302 -453.767 -70.272 -0.034 0.000 0.084 0.996
24.285 -453.667 -70.278 -0.035 0.000 0.085 0.996
24.271 -453.585 -70.284 -0.035 0.000 0.087 0.996
24.249 -453.465 -70.293 -0.036 0.000 0.089 0.995
24.224 -453.327 -70.303 -0.037 0.000 0.092 0.995
24.204 -453.223 -70.311 -0.038 0.000 0.093 0.995
24.174 -453.067 -70.323 -0.039 0.000 0.096 0.995
24.159 -452.988 -70.330 -0.039 0.000 0.098 0.994
24.127 -452.833 -70.342 -0.041 0.000 0.100 0.994
24.111 -452.752 -70.349 -0.041 0.000 0.102 0.994
24.081 -452.609 -70.361 -0.042 0.000 0.104 0.994
24.065 -452.534 -70.367 -0.042 0.000 0.106 0.994
24.050 -452.465 -70.374 -0.043 0.000 0.107 0.993
24.027 -452.363 -70.382 -0.044 0.000 0.109 0.993
23.994 -452.217 -70.396 -0.045 0.000 0.112 0.993
23.957 -452.054 -70.411 -0.046 0.000 0.114 0.992
23.925 -451.919 -70.424 -0.047 0.000 0.117 0.992
23.900 -451.816 -70.434 -0.048 0.000 0.118 0.992
23.879 -451.728 -70.442 -0.048 0.000 0.120 0.992
23.857 -451.641 -70.451 -0.049 0.000 0.121 0.991
23.837 -451.562 -70.459 -0.049 0.000 0.123 0.991
23.809 -451.450 -70.470 -0.050 0.000 0.125 0.991
23.771 -451.304 -70.485 -0.051 0.000 0.128 0.991
23.746 -451.211 -70.495 -0.051 0.000 0.129 0.990
23.720 -451.114 -70.506 -0.052 0.000 0.131 0.990
23.687 -450.992 -70.519 -0.053 0.000 0.133 0.990
23.667 -450.919 -70.527 -0.054 0.000 0.134 0.989
23.639 -450.820 -70.538 -0.054 0.000 0.136 0.989
23.602 -450.689 -70.553 -0.055 0.000 0.139 0.989
23.576 -450.600 -70.563 -0.056 0.000 0.140 0.989
23.545 -450.493 -70.575 -0.057 0.000 0.142 0.988
23.518 -450.403 -70.586 -0.057 0.000 0.143 0.988
23.486 -450.294 -70.599 -0.058 0.000 0.145 0.988
23.459 -450.205 -70.610 -0.059 0.000 0.147 0.987
23.429 -450.108 -70.622 -0.060 0.000 0.149 0.987
23.406 -450.035 -70.631 -0.061 0.000 0.150 0.987
23.369 -449.916 -70.646 -0.062 0.000 0.152 0.986
23.334 -449.806 -70.660 -0.062 0.000 0.154 0.986
23.299 -449.699 -70.675 -0.063 0.000 0.156 0.986
23.271 -449.615 -70.685 -0.063 0.000 0.158 0.985
23.247 -449.544 -70.695 -0.064 0.000 0.159 0.985
23.195 -449.388 -70.716 -0.065 0.000 0.162 0.985
23.157 -449.276 -70.731 -0.066 0.000 0.164 0.984
23.139 -449.224 -70.739 -0.066 0.000 0.165 0.984
23.118 -449.164 -70.747 -0.067 0.000 0.166 0.984
23.087 -449.075 -70.760 -0.068 0.000 0.167 0.984
23.049 -448.968 -70.775 -0.068 0.000 0.169 0.983
23.024 -448.899 -70.785 -0.069 0.000 0.170 0.983
22.984 -448.788 -70.801 -0.070 0.000 0.172 0.983
22.957 -448.714 -70.812 -0.070 0.000 0.174 0.982
22.920 -448.613 -70.827 -0.070 0.000 0.176 0.982
22.885 -448.519 -70.841 -0.071 0.000 0.177 0.982
22.849 -448.425 -70.855 -0.072 0.000 0.179 0.981
22.818 -448.343 -70.868 -0.073 0.000 0.181 0.981
22.787 -448.262 -70.881 -0.074 0.000 0.182 0.981
22.744 -448.154 -70.898 -0.074 0.000 0.184 0.980
22.697 -448.034 -70.917 -0.075 0.000 0.186 0.980
22.657 -447.933 -70.933 -0.076 0.000 0.188 0.979
22.621 -447.844 -70.947 -0.077 0.000 0.189 0.979
22.582 -447.749 -70.963 -0.078 0.000 0.191 0.979
22.555 -447.682 -70.974 -0.078 0.000 0.192 0.978
22.522 -447.602 -70.988 -0.079 0.000 0.193 0.978
22.480 -447.500 -71.005 -0.080 0.000 0.195 0.978
22.442 -447.410 -71.021 -0.081 0.000 0.196 0.977
22.392 -447.292 -71.041 -0.081 0.000 0.198 0.977
22.351 -447.197 -71.058 -0.082 0.000 0.199 0.977
22.302 -447.082 -71.078 -0.082 0.000 0.201 0.976
22.250 -446.964 -71.099 -0.082 0.000 0.203 0.976
22.203 -446.857 -71.118 -0.083 0.000 0.204 0.975
22.173 -446.789 -71.130 -0.083 0.000 0.206 0.975
22.125 -446.682 -71.150 -0.084 0.000 0.207 0.975
22.089 -446.602 -71.165 -0.085 0.000 0.209 0.974
22.054 -446.524 -71.179 -0.085 0.000 0.210 0.974
21.999 -446.407 -71.201 -0.086 0.000 0.212 0.973
21.955 -446.310 -71.219 -0.087 0.000 0.214 0.973
21.907 -446.209 -71.238 -0.088 0.000 0.216 0.973
21.866 -446.121 -71.255 -0.088 0.000 0.217 0.972
21.816 -446.015 -71.275 -0.089 0.000 0.219 0.972
21.778 -445.938 -71.290 -0.089 0.000 0.220 0.971
21.725 -445.828 -71.312 -0.090 0.000 0.222 0.971
21.691 -445.758 -71.326 -0.091 0.000 0.224 0.970
21.636 -445.648 -71.348 -0.091 0.000 0.226 0.970
21.598 -445.571 -71.364 -0.092 0.000 0.227 0.970
21.565 -445.505 -71.377 -0.092 0.000 0.228 0.969
21.531 -445.439 -71.391 -0.093 0.000 0.229 0.969
21.463 -445.305 -71.419 -0.095 0.000 0.232 0.968
21.411 -445.203 -71.440 -0.095 0.000 0.234 0.968
21.340 -445.068 -71.469 -0.096 0.000 0.236 0.967
21.270 -444.935 -71.497 -0.097 0.000 0.239 0.966
21.197 -444.798 -71.527 -0.098 0.000 0.241 0.966
21.153 -444.718 -71.544 -0.099 0.000 0.242 0.965
21.100 -444.620 -71.566 -0.099 0.000 0.244 0.965
21.051 -444.530 -71.586 -0.100 0.000 0.245 0.964
21.022 -444.478 -71.598 -0.100 0.000 0.246 0.964
20.974 -444.391 -71.617 -0.101 0.000 0.248 0.964
20.937 -444.324 -71.633 -0.101 0.000 0.249 0.963
20.873 -444.211 -71.659 -0.102 0.000 0.250 0.963
20.834 -444.141 -71.675 -0.102 0.000 0.251 0.963
20.768 -444.026 -71.701 -0.102 0.000 0.253 0.962
20.700 -443.907 -71.729 -0.103 0.000 0.255 0.962
20.660 -443.838 -71.745 -0.102 0.000 0.255 0.961
20.601 -443.735 -71.769 -0.103 0.000 0.256 0.961
20.541 -443.634 -71.792 -0.103 0.000 0.258 0.961
20.480 -443.529 -71.817 -0.103 0.000 0.259 0.960
20.447 -443.474 -71.830 -0.103 0.000 0.259 0.960
20.388 -443.374 -71.853 -0.104 0.000 0.261 0.960
20.334 -443.283 -71.875 -0.105 0.000 0.262 0.959
20.281 -443.195 -71.896 -0.105 0.000 0.263 0.959
20.228 -443.107 -71.917 -0.105 0.000 0.264 0.959
20.170 -443.011 -71.941 -0.106 0.000 0.265 0.958
20.144 -442.968 -71.951 -0.107 0.000 0.265 0.958
20.073 -442.851 -71.980 -0.108 0.000 0.267 0.958
20.019 -442.764 -72.001 -0.108 0.000 0.268 0.957
19.956 -442.661 -72.027 -0.108 0.000 0.269 0.957
19.910 -442.587 -72.046 -0.109 0.000 0.270 0.957
19.851 -442.492 -72.069 -0.109 0.000 0.271 0.956
19.799 -442.410 -72.090 -0.110 0.000 0.272 0.956
19.741 -442.317 -72.114 -0.110 0.000 0.273 0.956
19.670 -442.206 -72.142 -0.111 0.000 0.275 0.955
19.631 -442.145 -72.158 -0.111 0.000 0.276 0.955
19.589 -442.079 -72.175 -0.112 0.000 0.277 0.954
19.568 -442.047 -72.183 -0.112 0.000 0.277 0.954
19.529 -441.986 -72.199 -0.112 0.000 0.278 0.954
19.477 -441.906 -72.220 -0.113 0.000 0.279 0.954
19.432 -441.836 -72.238 -0.113 0.000 0.280 0.953
19.380 -441.758 -72.259 -0.114 0.000 0.281 0.953
19.311 -441.653 -72.287 -0.114 0.000 0.283 0.952
19.259 -441.574 -72.308 -0.115 0.000 0.284 0.952
19.220 -441.516 -72.324 -0.115 0.000 0.285 0.952
19.157 -441.422 -72.349 -0.116 0.000 0.286 0.951
19.107 -441.347 -72.370 -0.116 0.000 0.287 0.951
19.028 -441.231 -72.402 -0.117 0.000 0.289 0.950
18.977 -441.156 -72.422 -0.117 0.000 0.290 0.950
18.934 -441.093 -72.440 -0.117 0.000 0.291 0.950
18.854 -440.978 -72.472 -0.118 0.000 0.293 0.949
18.798 -440.898 -72.494 -0.118 0.000 0.294 0.949
18.750 -440.829 -72.513 -0.119 0.000 0.295 0.948
18.709 -440.769 -72.530 -0.119 0.000 0.296 0.948
18.664 -440.706 -72.548 -0.119 0.000 0.296 0.948
18.608 -440.626 -72.571 -0.119 0.000 0.298 0.947
18.544 -440.536 -72.596 -0.120 0.000 0.299 0.947
18.503 -440.479 -72.613 -0.120 0.000 0.299 0.947
18.455 -440.413 -72.632 -0.121 0.000 0.300 0.946
18.391 -440.324 -72.658 -0.121 0.000 0.302 0.946
18.311 -440.214 -72.689 -0.121 0.000 0.304 0.945
18.268 -440.154 -72.707 -0.121 0.001 0.305 0.945
18.222 -440.092 -72.725 -0.122 0.001 0.305 0.944
18.157 -440.004 -72.751 -0.122 0.001 0.307 0.944
18.106 -439.936 -72.771 -0.122 0.001 0.308 0.943
18.056 -439.868 -72.791 -0.123 0.001 0.309 0.943
17.997 -439.789 -72.814 -0.123 0.001 0.310 0.943
17.916 -439.683 -72.846 -0.124 0.001 0.312 0.942
17.853 -439.600 -72.871 -0.124 0.001 0.313 0.942
17.792 -439.520 -72.896 -0.125 0.001 0.314 0.941
17.759 -439.477 -72.909 -0.125 0.001 0.315 0.941
17.696 -439.396 -72.933 -0.125 0.001 0.316 0.940
17.640 -439.323 -72.956 -0.126 0.001 0.317 0.940
17.585 -439.252 -72.978 -0.126 0.001 0.318 0.940
17.540 -439.195 -72.995 -0.127 0.000 0.318 0.940
17.479 -439.118 -73.019 -0.127 0.001 0.319 0.939
17.414 -439.034 -73.045 -0.127 0.001 0.320 0.939
17.382 -438.994 -73.058 -0.127 0.001 0.320 0.939
17.320 -438.915 -73.083 -0.127 0.001 0.321 0.939
17.240 -438.815 -73.114 -0.127 0.001 0.322 0.938
17.179 -438.737 -73.138 -0.127 0.001 0.323 0.938
17.121 -438.665 -73.161 -0.127 0.001 0.324 0.937
17.049 -438.576 -73.189 -0.127 0.001 0.325 0.937
16.981 -438.491 -73.215 -0.127 0.001 0.326 0.937
16.932 -438.430 -73.234 -0.127 0.002 0.327 0.936
16.867 -438.350 -73.260 -0.128 0.001 0.327 0.936
16.814 -438.286 -73.280 -0.127 0.002 0.328 0.936
16.753 -438.211 -73.304 -0.127 0.002 0.329 0.936
16.664 -438.103 -73.338 -0.128 0.002 0.330 0.935
16.604 -438.030 -73.361 -0.128 0.002 0.331 0.935
16.558 -437.975 -73.379 -0.128 0.002 0.331 0.935
16.491 -437.893 -73.404 -0.129 0.002 0.332 0.935
16.437 -437.827 -73.426 -0.128 0.002 0.332 0.934
16.385 -437.765 -73.446 -0.128 0.002 0.333 0.934
16.327 -437.696 -73.468 -0.129 0.002 0.333 0.934
16.249 -437.604 -73.497 -0.128 0.002 0.334 0.934
16.186 -437.529 -73.521 -0.128 0.002 0.335 0.933
16.135 -437.469 -73.541 -0.128 0.002 0.336 0.933
16.069 -437.391 -73.566 -0.129 0.002 0.337 0.933
16.026 -437.341 -73.582 -0.129 0.002 0.337 0.932
15.977 -437.283 -73.600 -0.129 0.003 0.338 0.932
15.923 -437.220 -73.621 -0.129 0.003 0.339 0.932
15.860 -437.147 -73.644 -0.129 0.003 0.340 0.932
15.798 -437.074 -73.668 -0.129 0.003 0.341 0.931
15.744 -437.013 -73.688 -0.129 0.003 0.341 0.931
15.686 -436.945 -73.710 -0.129 0.003 0.342 0.931
15.644 -436.896 -73.726 -0.129 0.003 0.342 0.931
15.528 -436.764 -73.769 -0.129 0.003 0.343 0.930
15.462 -436.688 -73.793 -0.129 0.003 0.344 0.930
15.376 -436.591 -73.825 -0.129 0.003 0.345 0.930
15.333 -436.542 -73.841 -0.128 0.004 0.345 0.930
15.264 -436.464 -73.866 -0.128 0.004 0.346 0.930
15.181 -436.370 -73.897 -0.128 0.004 0.346 0.929
15.132 -436.315 -73.914 -0.129 0.004 0.347 0.929
15.081 -436.258 -73.933 -0.129 0.004 0.347 0.929
15.014 -436.182 -73.958 -0.129 0.004 0.348 0.929
14.947 -436.107 -73.982 -0.129 0.004 0.349 0.928
14.887 -436.040 -74.004 -0.129 0.004 0.349 0.928
14.838 -435.985 -74.022 -0.128 0.004 0.350 0.928
14.760 -435.899 -74.050 -0.128 0.005 0.351 0.928
14.703 -435.835 -74.071 -0.128 0.005 0.351 0.927
14.630 -435.755 -74.097 -0.128 0.005 0.352 0.927
