24.700 -458.372 -70.112 -0.001 0.000 0.002 1.000
24.699 -458.278 -70.112 -0.001 0.000 0.004 1.000
24.698 -458.168 -70.113 -0.003 0.000 0.006 1.000
24.696 -458.055 -70.113 -0.003 0.000 0.008 1.000
24.694 -457.937 -70.114 -0.004 0.000 0.010 1.000
24.692 -457.852 -70.115 -0.005 0.000 0.012 1.000
24.690 -457.746 -70.116 -0.005 0.000 0.014 1.000
24.687 -457.651 -70.117 -0.006 0.000 0.015 1.000
24.683 -457.523 -70.119 -0.007 0.000 0.018 1.000
24.678 -457.409 -70.120 -0.007 0.000 0.020 1.000
24.675 -457.329 -70.122 -0.008 0.000 0.021 1.000
24.670 -457.220 -70.123 -0.009 0.000 0.023 1.000
24.663 -457.075 -70.126 -0.010 0.000 0.026 1.000
24.657 -456.968 -70.128 -0.011 0.000 0.028 1.000
24.651 -456.848 -70.131 -0.011 0.000 0.030 0.999
24.641 -456.700 -70.135 -0.012 0.000 0.033 0.999
24.635 -456.605 -70.137 -0.013 0.000 0.034 0.999
24.625 -456.463 -70.141 -0.014 0.000 0.037 0.999
24.614 -456.316 -70.145 -0.015 0.000 0.039 0.999
24.602 -456.174 -70.150 -0.016 0.000 0.042 0.999
24.591 -456.049 -70.154 -0.017 0.000 0.044 0.999
24.577 -455.893 -70.159 -0.018 0.000 0.047 0.999
24.565 -455.766 -70.164 -0.019 0.000 0.049 0.999
24.552 -455.639 -70.169 -0.019 0.000 0.051 0.999
24.535 -455.478 -70.175 -0.020 0.000 0.054 0.998
24.524 -455.378 -70.179 -0.021 0.000 0.056 0.998
24.512 -455.272 -70.184 -0.022 0.000 0.057 0.998
24.498 -455.150 -70.189 -0.023 0.000 0.060 0.998
24.479 -454.998 -70.197 -0.024 0.000 0.062 0.998
24.472 -454.942 -70.199 -0.025 0.000 0.063 0.998
24.464 -454.884 -70.202 -0.025 0.000 0.065 0.998
24.452 -454.790 -70.207 -0.026 0.000 0.066 0.997
24.434 -454.656 -70.214 -0.027 0.000 0.069 0.997
24.415 -454.522 -70.222 -0.028 0.000 0.071 0.997
24.401 -454.428 -70.227 -0.029 0.000 0.073 0.997
24.389 -454.344 -70.232 -0.029 0.000 0.074 0.997
24.372 -454.237 -70.238 -0.030 0.000 0.076 0.997
24.358 -454.146 -70.244 -0.031 0.000 0.078 0.996
24.338 -454.020 -70.252 -0.032 0.000 0.080 0.996
24.329 -453.967 -70.256 -0.032 0.000 0.081 0.996
24.314 -453.872 -70.262 -0.033 0.000 0.083 0.996
24.292 -453.748 -70.270 -0.034 0.000 0.085 0.996
24.269 -453.612 -70.280 -0.035 0.000 0.088 0.996
24.247 -453.491 -70.288 -0.036 0.000 0.090 0.995
24.225 -453.375 -70.297 -0.036 0.000 0.092 0.995
24.208 -453.282 -70.304 -0.037 0.000 0.093 0.995
24.193 -453.206 -70.310 -0.038 0.000 0.095 0.995
24.178 -453.127 -70.316 -0.038 0.000 0.096 0.995
24.154 -453.008 -70.325 -0.039 0.000 0.099 0.994
24.135 -452.915 -70.333 -0.040 0.000 0.100 0.994
24.118 -452.831 -70.340 -0.040 0.000 0.102 0.994
24.098 -452.734 -70.348 -0.041 0.000 0.103 0.994
24.078 -452.639 -70.356 -0.041 0.000 0.105 0.994
24.058 -452.549 -70.363 -0.042 0.000 0.107 0.993
24.030 -452.423 -70.374 -0.043 0.000 0.109 0.993
24.006 -452.313 -70.384 -0.043 0.000 0.111 0.993
23.976 -452.182 -70.396 -0.045 0.000 0.113 0.993
23.954 -452.090 -70.404 -0.046 0.000 0.115 0.992
23.932 -451.996 -70.413 -0.046 0.000 0.116 0.992
23.907 -451.890 -70.423 -0.046 0.000 0.118 0.992
23.884 -451.795 -70.432 -0.047 0.000 0.120 0.992
23.856 -451.686 -70.443 -0.048 0.000 0.122 0.991
23.831 -451.587 -70.452 -0.048 0.000 0.123 0.991
23.805 -451.486 -70.463 -0.049 0.000 0.125 0.991
23.774 -451.364 -70.475 -0.050 0.000 0.127 0.991
23.746 -451.259 -70.486 -0.051 0.000 0.129 0.990
23.729 -451.195 -70.493 -0.051 0.000 0.131 0.990
23.701 -451.091 -70.504 -0.052 0.000 0.132 0.990
23.671 -450.985 -70.515 -0.052 0.000 0.134 0.990
23.653 -450.919 -70.522 -0.053 0.000 0.136 0.989
23.627 -450.828 -70.532 -0.053 0.000 0.137 0.989
23.607 -450.756 -70.540 -0.054 0.000 0.139 0.989
23.576 -450.649 -70.552 -0.055 0.000 0.141 0.989
23.537 -450.518 -70.567 -0.056 0.000 0.143 0.988
23.511 -450.429 -70.577 -0.057 0.000 0.145 0.988
23.479 -450.324 -70.590 -0.058 0.000 0.147 0.987
23.447 -450.221 -70.602 -0.058 0.000 0.149 0.987
23.414 -450.113 -70.615 -0.059 0.000 0.151 0.987
23.381 -450.010 -70.628 -0.060 0.000 0.152 0.986
23.347 -449.905 -70.642 -0.061 0.000 0.154 0.986
23.317 -449.811 -70.654 -0.061 0.000 0.156 0.986
23.279 -449.694 -70.669 -0.062 0.000 0.158 0.985
23.246 -449.595 -70.682 -0.063 0.000 0.160 0.985
23.211 -449.493 -70.696 -0.064 0.000 0.162 0.985
23.175 -449.387 -70.710 -0.064 0.000 0.163 0.984
23.143 -449.292 -70.723 -0.065 0.000 0.165 0.984
23.105 -449.185 -70.738 -0.066 0.000 0.167 0.984
23.071 -449.089 -70.751 -0.067 0.000 0.168 0.983
23.038 -448.995 -70.764 -0.068 0.000 0.170 0.983
23.012 -448.924 -70.775 -0.068 0.000 0.172 0.983
22.973 -448.815 -70.790 -0.069 0.000 0.173 0.982
22.934 -448.711 -70.806 -0.069 0.000 0.175 0.982
22.910 -448.647 -70.815 -0.070 0.000 0.176 0.982
22.879 -448.563 -70.827 -0.070 0.000 0.178 0.982
22.845 -448.473 -70.841 -0.071 0.000 0.179 0.981
22.798 -448.349 -70.860 -0.072 0.000 0.181 0.981
22.770 -448.278 -70.871 -0.073 0.000 0.183 0.980
22.731 -448.177 -70.887 -0.073 0.000 0.184 0.980
22.687 -448.066 -70.904 -0.074 0.000 0.186 0.980
22.650 -447.973 -70.919 -0.075 0.000 0.188 0.979
22.608 -447.869 -70.936 -0.076 0.000 0.189 0.979
22.575 -447.787 -70.949 -0.076 0.000 0.191 0.979
22.519 -447.650 -70.971 -0.077 0.000 0.193 0.978
22.486 -447.573 -70.984 -0.078 0.000 0.194 0.978
22.448 -447.482 -70.999 -0.078 0.000 0.196 0.978
22.392 -447.347 -71.022 -0.079 0.000 0.198 0.977
22.358 -447.269 -71.035 -0.079 0.000 0.199 0.977
22.320 -447.179 -71.051 -0.080 0.000 0.200 0.977
22.289 -447.109 -71.063 -0.080 0.000 0.201 0.976
22.238 -446.990 -71.083 -0.081 0.000 0.203 0.976
22.195 -446.894 -71.100 -0.082 0.000 0.204 0.976
22.154 -446.800 -71.117 -0.082 0.000 0.205 0.975
22.097 -446.673 -71.140 -0.083 0.000 0.207 0.975
22.054 -446.577 -71.157 -0.083 0.000 0.209 0.974
22.003 -446.465 -71.177 -0.084 0.000 0.211 0.974
21.975 -446.404 -71.189 -0.085 0.000 0.212 0.974
21.926 -446.299 -71.208 -0.086 0.000 0.214 0.973
21.875 -446.189 -71.229 -0.086 0.000 0.216 0.973
21.816 -446.066 -71.252 -0.087 0.000 0.218 0.972
21.778 -445.985 -71.267 -0.087 0.000 0.219 0.972
21.725 -445.876 -71.288 -0.088 0.000 0.222 0.971
21.687 -445.797 -71.304 -0.088 0.000 0.223 0.971
21.633 -445.688 -71.325 -0.089 0.000 0.225 0.970
21.590 -445.601 -71.342 -0.090 0.000 0.226 0.970
21.539 -445.498 -71.363 -0.091 0.000 0.228 0.969
21.494 -445.409 -71.380 -0.091 0.000 0.230 0.969
21.446 -445.315 -71.400 -0.092 0.000 0.231 0.969
21.392 -445.209 -71.421 -0.093 0.000 0.233 0.968
21.349 -445.127 -71.438 -0.093 0.000 0.234 0.968
21.315 -445.062 -71.452 -0.094 0.000 0.235 0.967
21.282 -444.998 -71.465 -0.094 0.000 0.237 0.967
21.246 -444.930 -71.479 -0.095 0.000 0.238 0.967
21.188 -444.820 -71.502 -0.095 0.000 0.240 0.966
21.136 -444.724 -71.523 -0.096 0.000 0.242 0.966
21.080 -444.622 -71.545 -0.097 0.000 0.243 0.965
21.030 -444.529 -71.565 -0.097 0.000 0.245 0.965
20.978 -444.436 -71.586 -0.098 0.000 0.246 0.964
20.937 -444.362 -71.602 -0.099 0.000 0.248 0.964
20.897 -444.290 -71.618 -0.099 0.000 0.249 0.963
20.849 -444.205 -71.637 -0.099 0.000 0.250 0.963
20.809 -444.132 -71.653 -0.100 0.000 0.251 0.963
20.765 -444.054 -71.671 -0.100 0.000 0.251 0.963
20.723 -443.982 -71.687 -0.100 0.000 0.252 0.962
20.655 -443.863 -71.714 -0.101 0.000 0.254 0.962
20.608 -443.781 -71.733 -0.101 0.000 0.255 0.962
20.556 -443.692 -71.754 -0.102 0.000 0.256 0.961
20.486 -443.570 -71.782 -0.102 0.000 0.257 0.961
20.436 -443.485 -71.802 -0.102 0.000 0.259 0.961
20.387 -443.403 -71.821 -0.103 0.000 0.259 0.960
20.338 -443.319 -71.840 -0.103 0.000 0.260 0.960
20.294 -443.245 -71.858 -0.103 0.000 0.261 0.960
20.246 -443.165 -71.877 -0.103 0.000 0.262 0.959
20.179 -443.054 -71.903 -0.103 0.000 0.264 0.959
20.150 -443.006 -71.914 -0.104 0.000 0.265 0.959
20.067 -442.869 -71.947 -0.104 0.000 0.266 0.958
20.016 -442.785 -71.967 -0.105 0.000 0.267 0.958
19.965 -442.704 -71.987 -0.105 0.000 0.268 0.958
19.923 -442.635 -72.003 -0.106 0.000 0.269 0.957
19.892 -442.585 -72.016 -0.106 0.000 0.269 0.957
19.817 -442.464 -72.045 -0.106 0.000 0.271 0.957
19.751 -442.359 -72.071 -0.107 0.000 0.272 0.956
19.717 -442.305 -72.084 -0.107 0.000 0.273 0.956
19.661 -442.216 -72.106 -0.107 0.000 0.274 0.956
19.584 -442.095 -72.136 -0.107 0.001 0.276 0.955
19.520 -441.996 -72.160 -0.107 0.001 0.277 0.955
19.453 -441.891 -72.187 -0.108 0.001 0.278 0.954
19.396 -441.804 -72.209 -0.109 0.001 0.279 0.954
19.350 -441.733 -72.227 -0.109 0.000 0.280 0.954
19.311 -441.673 -72.242 -0.109 0.001 0.281 0.953
19.248 -441.577 -72.266 -0.110 0.001 0.282 0.953
19.179 -441.473 -72.293 -0.110 0.001 0.284 0.953
19.141 -441.416 -72.308 -0.110 0.001 0.285 0.952
19.055 -441.288 -72.341 -0.110 0.001 0.287 0.952
19.014 -441.228 -72.356 -0.111 0.001 0.288 0.951
18.961 -441.150 -72.376 -0.111 0.001 0.289 0.951
18.887 -441.041 -72.405 -0.111 0.001 0.290 0.950
18.828 -440.956 -72.427 -0.112 0.001 0.292 0.950
18.752 -440.846 -72.456 -0.112 0.001 0.293 0.950
18.694 -440.762 -72.478 -0.112 0.001 0.294 0.949
18.621 -440.657 -72.506 -0.113 0.001 0.296 0.949
18.553 -440.561 -72.532 -0.113 0.001 0.297 0.948
18.489 -440.471 -72.556 -0.114 0.001 0.298 0.948
18.431 -440.389 -72.578 -0.114 0.001 0.299 0.947
18.343 -440.266 -72.612 -0.114 0.001 0.301 0.947
18.276 -440.173 -72.637 -0.114 0.001 0.302 0.946
18.188 -440.051 -72.670 -0.115 0.002 0.304 0.946
18.119 -439.958 -72.696 -0.115 0.002 0.305 0.945
18.043 -439.854 -72.725 -0.116 0.002 0.307 0.945
17.985 -439.776 -72.746 -0.116 0.002 0.308 0.944
17.922 -439.691 -72.770 -0.117 0.002 0.309 0.944
17.879 -439.634 -72.786 -0.117 0.002 0.309 0.944
17.843 -439.586 -72.800 -0.117 0.001 0.310 0.943
17.784 -439.507 -72.822 -0.117 0.002 0.311 0.943
17.731 -439.437 -72.842 -0.117 0.002 0.312 0.943
17.656 -439.338 -72.870 -0.118 0.002 0.314 0.942
17.600 -439.265 -72.891 -0.118 0.002 0.315 0.942
17.561 -439.215 -72.905 -0.119 0.002 0.315 0.942
17.488 -439.120 -72.932 -0.120 0.001 0.316 0.941
17.442 -439.060 -72.950 -0.120 0.002 0.317 0.941
17.371 -438.969 -72.976 -0.120 0.002 0.318 0.940
17.308 -438.888 -73.000 -0.120 0.002 0.319 0.940
17.247 -438.810 -73.023 -0.120 0.002 0.320 0.940
17.164 -438.705 -73.054 -0.120 0.002 0.321 0.939
17.111 -438.638 -73.074 -0.121 0.002 0.322 0.939
17.051 -438.563 -73.096 -0.121 0.002 0.323 0.939
16.999 -438.497 -73.115 -0.121 0.002 0.324 0.938
16.940 -438.425 -73.137 -0.121 0.002 0.324 0.938
16.892 -438.365 -73.155 -0.122 0.002 0.325 0.938
16.824 -438.279 -73.180 -0.122 0.002 0.326 0.938
16.771 -438.214 -73.200 -0.122 0.002 0.326 0.937
16.692 -438.117 -73.229 -0.122 0.002 0.327 0.937
16.637 -438.050 -73.249 -0.122 0.002 0.328 0.937
16.582 -437.982 -73.270 -0.122 0.002 0.329 0.936
16.511 -437.895 -73.296 -0.122 0.002 0.329 0.936
16.401 -437.762 -73.337 -0.123 0.002 0.330 0.936
16.342 -437.690 -73.359 -0.123 0.002 0.331 0.936
16.283 -437.618 -73.380 -0.123 0.002 0.332 0.935
16.233 -437.558 -73.398 -0.123 0.002 0.332 0.935
16.133 -437.439 -73.435 -0.123 0.002 0.333 0.935
16.026 -437.310 -73.474 -0.123 0.002 0.334 0.934
15.954 -437.225 -73.500 -0.123 0.003 0.335 0.934
15.889 -437.147 -73.524 -0.123 0.003 0.335 0.934
15.817 -437.062 -73.550 -0.123 0.003 0.336 0.934
15.727 -436.955 -73.583 -0.124 0.003 0.337 0.933
15.659 -436.875 -73.608 -0.123 0.003 0.337 0.933
15.583 -436.786 -73.636 -0.124 0.003 0.338 0.933
15.506 -436.696 -73.663 -0.124 0.003 0.339 0.933
15.429 -436.607 -73.691 -0.124 0.003 0.340 0.932
15.356 -436.523 -73.718 -0.125 0.003 0.341 0.932
15.284 -436.439 -73.744 -0.125 0.003 0.342 0.931
15.201 -436.345 -73.773 -0.125 0.003 0.343 0.931
15.146 -436.280 -73.794 -0.125 0.003 0.343 0.931
15.062 -436.185 -73.824 -0.125 0.003 0.344 0.931
15.018 -436.134 -73.840 -0.125 0.003 0.345 0.930
14.951 -436.059 -73.864 -0.125 0.003 0.345 0.930
14.853 -435.947 -73.899 -0.125 0.003 0.347 0.930
14.757 -435.839 -73.933 -0.125 0.004 0.348 0.929
14.681 -435.754 -73.960 -0.125 0.004 0.348 0.929
