26.386 -423.559 -82.407 -0.025 0.000 0.050 0.998
26.373 -423.429 -82.414 -0.026 0.000 0.052 0.998
26.363 -423.338 -82.419 -0.027 0.000 0.054 0.998
26.347 -423.190 -82.427 -0.028 0.000 0.056 0.998
26.330 -423.045 -82.435 -0.028 0.000 0.059 0.998
26.313 -422.905 -82.443 -0.029 0.000 0.061 0.998
26.303 -422.824 -82.448 -0.030 0.000 0.063 0.998
26.292 -422.743 -82.453 -0.030 0.000 0.064 0.998
26.278 -422.632 -82.460 -0.031 0.000 0.065 0.997
26.268 -422.557 -82.465 -0.032 0.000 0.066 0.997
26.256 -422.465 -82.471 -0.032 0.000 0.068 0.997
26.242 -422.365 -82.477 -0.033 0.000 0.069 0.997
26.229 -422.275 -82.483 -0.034 0.000 0.070 0.997
26.214 -422.172 -82.491 -0.035 0.000 0.072 0.997
26.205 -422.111 -82.495 -0.035 0.000 0.073 0.997
26.189 -422.003 -82.503 -0.036 0.000 0.075 0.997
26.178 -421.928 -82.508 -0.036 0.000 0.076 0.996
26.162 -421.829 -82.515 -0.037 0.000 0.078 0.996
26.144 -421.712 -82.524 -0.038 0.000 0.079 0.996
26.127 -421.611 -82.532 -0.038 0.000 0.081 0.996
26.106 -421.482 -82.542 -0.039 0.000 0.083 0.996
26.090 -421.386 -82.550 -0.039 0.000 0.084 0.996
26.068 -421.262 -82.560 -0.040 0.000 0.086 0.995
26.051 -421.161 -82.568 -0.041 0.000 0.087 0.995
26.037 -421.082 -82.574 -0.041 0.000 0.089 0.995
26.025 -421.021 -82.580 -0.042 0.000 0.090 0.995
26.012 -420.949 -82.586 -0.042 0.000 0.091 0.995
25.996 -420.860 -82.594 -0.043 0.000 0.093 0.995
25.976 -420.758 -82.603 -0.044 0.000 0.094 0.995
25.959 -420.667 -82.611 -0.044 0.000 0.096 0.994
25.945 -420.596 -82.617 -0.045 0.000 0.097 0.994
25.921 -420.477 -82.628 -0.046 0.000 0.099 0.994
25.902 -420.383 -82.637 -0.047 0.000 0.101 0.994
25.878 -420.269 -82.648 -0.047 0.000 0.103 0.994
25.860 -420.183 -82.657 -0.048 0.000 0.104 0.993
25.839 -420.086 -82.666 -0.049 0.000 0.106 0.993
25.814 -419.972 -82.678 -0.050 0.000 0.108 0.993
25.795 -419.883 -82.687 -0.050 0.000 0.109 0.993
25.773 -419.786 -82.697 -0.051 0.000 0.111 0.992
25.747 -419.672 -82.709 -0.052 0.000 0.113 0.992
25.723 -419.571 -82.720 -0.052 0.000 0.115 0.992
25.693 -419.445 -82.733 -0.053 0.000 0.117 0.992
25.663 -419.322 -82.747 -0.054 0.000 0.119 0.991
25.631 -419.194 -82.761 -0.055 0.000 0.121 0.991
25.597 -419.057 -82.777 -0.056 0.000 0.124 0.991
25.577 -418.979 -82.786 -0.057 0.000 0.125 0.991
25.554 -418.890 -82.796 -0.057 0.000 0.126 0.990
25.540 -418.838 -82.803 -0.058 0.000 0.128 0.990
25.513 -418.734 -82.815 -0.059 0.000 0.129 0.990
25.485 -418.631 -82.828 -0.060 0.000 0.131 0.990
25.454 -418.520 -82.842 -0.061 0.000 0.134 0.989
25.421 -418.398 -82.857 -0.061 0.000 0.136 0.989
25.396 -418.310 -82.868 -0.062 0.000 0.137 0.989
25.368 -418.212 -82.881 -0.063 0.000 0.139 0.988
25.344 -418.130 -82.891 -0.063 0.000 0.141 0.988
25.315 -418.031 -82.905 -0.064 0.000 0.143 0.988
25.283 -417.924 -82.919 -0.065 0.000 0.145 0.987
25.252 -417.822 -82.933 -0.066 0.000 0.146 0.987
25.217 -417.707 -82.949 -0.067 0.000 0.148 0.987
25.196 -417.643 -82.958 -0.068 0.000 0.149 0.986
25.158 -417.521 -82.975 -0.069 0.000 0.152 0.986
25.129 -417.431 -82.988 -0.069 0.000 0.153 0.986
25.093 -417.317 -83.005 -0.070 0.000 0.155 0.985
25.056 -417.205 -83.021 -0.070 0.000 0.158 0.985
25.023 -417.106 -83.036 -0.071 0.000 0.159 0.985
24.974 -416.962 -83.057 -0.073 0.000 0.162 0.984
24.951 -416.893 -83.068 -0.073 0.000 0.163 0.984
24.907 -416.767 -83.087 -0.074 0.000 0.165 0.984
24.885 -416.703 -83.098 -0.074 0.000 0.165 0.983
24.845 -416.588 -83.116 -0.076 0.000 0.168 0.983
24.818 -416.512 -83.128 -0.076 0.000 0.169 0.983
24.767 -416.371 -83.150 -0.077 0.000 0.171 0.982
24.735 -416.282 -83.165 -0.078 0.000 0.173 0.982
24.703 -416.195 -83.179 -0.078 0.000 0.174 0.982
24.672 -416.112 -83.193 -0.079 0.000 0.175 0.981
24.643 -416.033 -83.207 -0.080 0.000 0.177 0.981
24.608 -415.940 -83.222 -0.080 0.000 0.178 0.981
24.561 -415.817 -83.243 -0.081 0.000 0.181 0.980
24.518 -415.706 -83.262 -0.081 0.001 0.182 0.980
24.478 -415.604 -83.280 -0.081 0.001 0.184 0.980
24.436 -415.496 -83.299 -0.082 0.001 0.186 0.979
24.387 -415.373 -83.320 -0.082 0.001 0.188 0.979
24.338 -415.254 -83.341 -0.083 0.001 0.190 0.978
24.300 -415.160 -83.358 -0.084 0.001 0.192 0.978
24.257 -415.056 -83.377 -0.085 0.001 0.194 0.977
24.206 -414.934 -83.399 -0.086 0.001 0.196 0.977
24.168 -414.845 -83.415 -0.086 0.001 0.197 0.977
24.121 -414.735 -83.436 -0.087 0.001 0.199 0.976
24.065 -414.607 -83.460 -0.089 0.001 0.202 0.975
24.021 -414.505 -83.480 -0.090 0.001 0.204 0.975
23.968 -414.385 -83.503 -0.090 0.001 0.206 0.974
23.915 -414.269 -83.526 -0.091 0.001 0.208 0.974
23.884 -414.200 -83.540 -0.092 0.001 0.210 0.973
23.824 -414.069 -83.566 -0.093 0.001 0.212 0.973
23.759 -413.930 -83.594 -0.094 0.001 0.215 0.972
23.723 -413.853 -83.610 -0.095 0.001 0.216 0.972
23.667 -413.737 -83.634 -0.096 0.001 0.219 0.971
23.629 -413.656 -83.651 -0.096 0.001 0.221 0.971
23.579 -413.553 -83.673 -0.097 0.001 0.222 0.970
23.511 -413.417 -83.702 -0.098 0.001 0.225 0.969
23.451 -413.296 -83.728 -0.099 0.001 0.228 0.969
23.403 -413.201 -83.749 -0.100 0.001 0.230 0.968
23.335 -413.069 -83.778 -0.101 0.001 0.232 0.967
23.283 -412.968 -83.801 -0.102 0.001 0.234 0.967
23.214 -412.836 -83.831 -0.103 0.001 0.237 0.966
23.173 -412.760 -83.849 -0.104 0.001 0.238 0.966
23.127 -412.674 -83.869 -0.105 0.001 0.240 0.965
23.087 -412.598 -83.886 -0.105 0.001 0.242 0.965
23.046 -412.523 -83.904 -0.106 0.001 0.243 0.964
22.978 -412.400 -83.934 -0.107 0.001 0.246 0.963
22.949 -412.346 -83.947 -0.108 0.001 0.247 0.963
22.894 -412.249 -83.970 -0.108 0.001 0.249 0.962
22.860 -412.189 -83.985 -0.109 0.001 0.250 0.962
22.811 -412.102 -84.006 -0.110 0.001 0.252 0.962
22.771 -412.032 -84.024 -0.111 0.001 0.253 0.961
22.702 -411.913 -84.054 -0.112 0.001 0.255 0.960
22.664 -411.848 -84.071 -0.112 0.001 0.256 0.960
22.612 -411.759 -84.093 -0.113 0.001 0.258 0.959
22.562 -411.674 -84.115 -0.114 0.001 0.260 0.959
22.510 -411.587 -84.138 -0.115 0.001 0.262 0.958
22.471 -411.523 -84.155 -0.115 0.001 0.263 0.958
22.422 -411.441 -84.177 -0.116 0.001 0.265 0.957
22.362 -411.343 -84.203 -0.117 0.001 0.267 0.957
22.317 -411.271 -84.222 -0.118 0.001 0.268 0.956
22.265 -411.188 -84.245 -0.118 0.001 0.270 0.956
22.210 -411.099 -84.270 -0.119 0.001 0.272 0.955
22.154 -411.010 -84.294 -0.120 0.001 0.273 0.954
22.110 -410.942 -84.313 -0.121 0.001 0.275 0.954
22.064 -410.870 -84.333 -0.121 0.001 0.276 0.953
22.021 -410.803 -84.352 -0.122 0.001 0.277 0.953
21.972 -410.728 -84.374 -0.123 0.001 0.279 0.952
21.911 -410.635 -84.400 -0.123 0.001 0.281 0.952
21.864 -410.563 -84.421 -0.124 0.001 0.283 0.951
21.824 -410.504 -84.439 -0.124 0.001 0.284 0.951
21.780 -410.438 -84.458 -0.125 0.001 0.285 0.950
21.730 -410.365 -84.480 -0.126 0.001 0.287 0.950
21.667 -410.271 -84.508 -0.127 0.001 0.289 0.949
21.625 -410.210 -84.526 -0.128 0.001 0.290 0.948
21.569 -410.130 -84.550 -0.128 0.001 0.292 0.948
21.499 -410.029 -84.581 -0.129 0.001 0.294 0.947
21.438 -409.943 -84.608 -0.130 0.001 0.296 0.946
21.377 -409.857 -84.635 -0.130 0.001 0.298 0.946
21.303 -409.754 -84.667 -0.131 0.001 0.300 0.945
21.261 -409.696 -84.685 -0.132 0.001 0.301 0.944
21.200 -409.612 -84.712 -0.133 0.001 0.303 0.944
21.136 -409.526 -84.740 -0.133 0.001 0.305 0.943
21.077 -409.446 -84.766 -0.134 0.001 0.306 0.942
20.996 -409.337 -84.801 -0.135 0.001 0.309 0.941
20.916 -409.231 -84.836 -0.137 0.001 0.311 0.941
20.859 -409.156 -84.862 -0.137 0.001 0.313 0.940
20.768 -409.038 -84.901 -0.139 0.001 0.315 0.939
20.717 -408.973 -84.924 -0.139 0.000 0.317 0.938
20.659 -408.899 -84.949 -0.140 0.001 0.318 0.938
20.574 -408.792 -84.986 -0.141 0.001 0.321 0.937
20.520 -408.724 -85.010 -0.142 0.001 0.322 0.936
20.438 -408.622 -85.046 -0.142 0.001 0.325 0.935
20.369 -408.538 -85.076 -0.143 0.001 0.327 0.934
20.298 -408.451 -85.107 -0.144 0.001 0.329 0.933
20.213 -408.349 -85.144 -0.145 0.001 0.331 0.932
20.148 -408.271 -85.173 -0.145 0.001 0.333 0.932
20.090 -408.204 -85.198 -0.146 0.001 0.334 0.931
20.023 -408.126 -85.227 -0.147 0.001 0.336 0.930
19.963 -408.055 -85.253 -0.148 0.001 0.338 0.930
19.892 -407.973 -85.285 -0.149 0.001 0.340 0.929
19.815 -407.885 -85.318 -0.150 0.001 0.342 0.928
19.730 -407.790 -85.355 -0.150 0.001 0.344 0.927
19.640 -407.688 -85.395 -0.151 0.001 0.346 0.926
19.574 -407.616 -85.423 -0.152 0.001 0.348 0.925
19.543 -407.581 -85.437 -0.152 0.001 0.349 0.925
19.461 -407.492 -85.472 -0.153 0.001 0.351 0.924
19.411 -407.438 -85.494 -0.154 0.001 0.353 0.923
19.335 -407.357 -85.527 -0.155 0.001 0.355 0.922
19.266 -407.283 -85.558 -0.156 0.001 0.357 0.921
19.186 -407.199 -85.592 -0.157 0.001 0.359 0.920
19.092 -407.100 -85.633 -0.158 0.001 0.361 0.919
19.020 -407.026 -85.665 -0.159 0.001 0.363 0.918
18.962 -406.966 -85.690 -0.159 0.001 0.364 0.918
18.903 -406.906 -85.716 -0.160 0.001 0.366 0.917
18.854 -406.857 -85.737 -0.160 0.001 0.367 0.916
18.771 -406.774 -85.773 -0.161 0.001 0.369 0.915
18.716 -406.719 -85.797 -0.162 0.001 0.370 0.915
18.633 -406.636 -85.834 -0.163 0.001 0.372 0.914
18.578 -406.582 -85.858 -0.163 0.001 0.373 0.913
18.500 -406.507 -85.891 -0.164 0.001 0.375 0.912
18.414 -406.423 -85.929 -0.164 0.001 0.377 0.912
18.348 -406.360 -85.957 -0.165 0.001 0.379 0.911
18.254 -406.270 -85.998 -0.166 0.001 0.381 0.910
18.185 -406.206 -86.028 -0.166 0.001 0.383 0.909
18.110 -406.137 -86.060 -0.167 0.001 0.385 0.908
18.049 -406.080 -86.086 -0.167 0.001 0.386 0.907
17.979 -406.016 -86.117 -0.168 0.002 0.388 0.906
17.908 -405.951 -86.147 -0.169 0.002 0.390 0.905
17.839 -405.889 -86.177 -0.169 0.002 0.391 0.905
17.761 -405.819 -86.211 -0.170 0.002 0.393 0.904
17.677 -405.745 -86.247 -0.171 0.002 0.395 0.903
17.569 -405.650 -86.293 -0.172 0.002 0.398 0.901
17.507 -405.597 -86.320 -0.173 0.001 0.399 0.900
17.438 -405.537 -86.350 -0.174 0.001 0.401 0.899
17.372 -405.480 -86.378 -0.174 0.001 0.403 0.899
17.310 -405.428 -86.405 -0.175 0.001 0.404 0.898
17.202 -405.338 -86.451 -0.176 0.001 0.406 0.897
17.134 -405.281 -86.481 -0.177 0.002 0.408 0.896
17.075 -405.233 -86.506 -0.177 0.002 0.409 0.895
16.970 -405.147 -86.551 -0.178 0.002 0.411 0.894
16.899 -405.089 -86.582 -0.179 0.001 0.413 0.893
16.838 -405.041 -86.608 -0.179 0.002 0.414 0.892
16.744 -404.966 -86.648 -0.180 0.002 0.417 0.891
16.675 -404.912 -86.678 -0.180 0.002 0.418 0.890
16.552 -404.816 -86.731 -0.182 0.002 0.421 0.889
16.454 -404.740 -86.773 -0.182 0.002 0.423 0.888
16.415 -404.710 -86.790 -0.183 0.002 0.424 0.887
16.339 -404.652 -86.822 -0.183 0.002 0.425 0.886
16.254 -404.588 -86.859 -0.184 0.002 0.427 0.885
16.194 -404.544 -86.884 -0.185 0.002 0.429 0.884
16.144 -404.507 -86.906 -0.185 0.002 0.430 0.884
16.069 -404.451 -86.938 -0.186 0.002 0.431 0.883
15.947 -404.363 -86.990 -0.187 0.002 0.434 0.881
15.892 -404.323 -87.014 -0.187 0.002 0.435 0.881
15.840 -404.286 -87.036 -0.188 0.002 0.436 0.880
15.790 -404.250 -87.057 -0.188 0.002 0.437 0.880
15.710 -404.194 -87.092 -0.189 0.002 0.439 0.879
15.606 -404.121 -87.136 -0.189 0.002 0.441 0.877
15.557 -404.087 -87.157 -0.190 0.002 0.442 0.877
15.480 -404.034 -87.190 -0.191 0.002 0.443 0.876
15.437 -404.004 -87.208 -0.191 0.002 0.444 0.875
15.349 -403.944 -87.246 -0.192 0.002 0.446 0.874
15.251 -403.879 -87.287 -0.193 0.002 0.448 0.873
15.150 -403.811 -87.331 -0.194 0.002 0.450 0.872
15.059 -403.751 -87.370 -0.194 0.002 0.452 0.871
14.991 -403.707 -87.398 -0.194 0.002 0.453 0.870
14.899 -403.647 -87.438 -0.195 0.002 0.455 0.869
14.827 -403.600 -87.468 -0.195 0.002 0.456 0.868
14.746 -403.549 -87.503 -0.196 0.003 0.458 0.867
14.654 -403.491 -87.542 -0.196 0.003 0.460 0.866
14.542 -403.421 -87.589 -0.197 0.003 0.462 0.865
14.480 -403.383 -87.615 -0.197 0.003 0.463 0.864
14.377 -403.320 -87.659 -0.198 0.003 0.465 0.863
14.257 -403.247 -87.709 -0.199 0.003 0.467 0.862
14.198 -403.212 -87.734 -0.199 0.003 0.468 0.861
14.146 -403.181 -87.756 -0.200 0.003 0.469 0.860
14.061 -403.131 -87.792 -0.200 0.003 0.471 0.859
13.976 -403.080 -87.828 -0.201 0.003 0.472 0.858
13.912 -403.044 -87.855 -0.201 0.003 0.473 0.858
13.842 -403.003 -87.884 -0.202 0.003 0.474 0.857
13.734 -402.941 -87.930 -0.202 0.003 0.476 0.856
13.632 -402.882 -87.973 -0.203 0.003 0.477 0.855
13.571 -402.848 -87.998 -0.204 0.003 0.478 0.854
13.493 -402.804 -88.032 -0.205 0.003 0.479 0.853
13.409 -402.758 -88.067 -0.205 0.003 0.481 0.852
13.326 -402.712 -88.102 -0.206 0.003 0.483 0.851
13.265 -402.679 -88.128 -0.206 0.003 0.484 0.851
13.152 -402.618 -88.176 -0.207 0.003 0.486 0.849
13.090 -402.585 -88.202 -0.208 0.003 0.487 0.848
13.036 -402.556 -88.225 -0.208 0.003 0.488 0.848
12.946 -402.509 -88.263 -0.209 0.003 0.489 0.847
12.874 -402.471 -88.293 -0.210 0.002 0.490 0.846
12.804 -402.435 -88.323 -0.210 0.002 0.491 0.845
12.690 -402.376 -88.371 -0.211 0.002 0.493 0.844
12.584 -402.323 -88.416 -0.212 0.002 0.495 0.843
12.511 -402.287 -88.447 -0.212 0.002 0.496 0.842
12.423 -402.243 -88.484 -0.213 0.003 0.498 0.841
12.351 -402.207 -88.515 -0.213 0.003 0.499 0.840
12.241 -402.153 -88.562 -0.214 0.003 0.501 0.839
12.146 -402.108 -88.602 -0.214 0.003 0.503 0.838
12.069 -402.071 -88.634 -0.215 0.003 0.504 0.837
11.979 -402.029 -88.672 -0.215 0.003 0.505 0.836
11.900 -401.992 -88.705 -0.216 0.003 0.506 0.835
11.799 -401.945 -88.748 -0.216 0.003 0.508 0.834
11.726 -401.912 -88.779 -0.217 0.003 0.509 0.833
11.588 -401.850 -88.837 -0.218 0.003 0.512 0.831
11.454 -401.791 -88.893 -0.219 0.003 0.514 0.829
11.389 -401.762 -88.921 -0.219 0.003 0.515 0.829
11.301 -401.724 -88.958 -0.220 0.003 0.516 0.828
11.247 -401.700 -88.981 -0.220 0.003 0.517 0.827
11.115 -401.644 -89.036 -0.221 0.003 0.520 0.825
10.982 -401.589 -89.092 -0.221 0.003 0.522 0.824
10.900 -401.555 -89.126 -0.222 0.004 0.523 0.823
10.793 -401.511 -89.172 -0.223 0.003 0.525 0.821
10.672 -401.463 -89.222 -0.224 0.003 0.527 0.820
10.589 -401.429 -89.257 -0.224 0.003 0.528 0.819
10.488 -401.390 -89.299 -0.225 0.003 0.530 0.818
10.350 -401.337 -89.357 -0.226 0.003 0.532 0.816
10.280 -401.311 -89.387 -0.227 0.003 0.533 0.815
10.196 -401.279 -89.422 -0.227 0.003 0.534 0.814
10.089 -401.239 -89.468 -0.228 0.003 0.536 0.813
10.007 -401.209 -89.502 -0.228 0.003 0.537 0.812
9.928 -401.180 -89.535 -0.228 0.003 0.538 0.811
9.804 -401.135 -89.587 -0.229 0.003 0.540 0.810
