24.700 -458.420 -70.112 -0.001 0.000 0.001 1.000
24.699 -458.308 -70.112 -0.002 0.000 0.004 1.000
24.699 -458.235 -70.113 -0.003 0.000 0.005 1.000
24.698 -458.150 -70.113 -0.003 0.000 0.007 1.000
24.696 -458.024 -70.114 -0.004 0.000 0.009 1.000
24.694 -457.923 -70.115 -0.005 0.000 0.011 1.000
24.692 -457.835 -70.116 -0.006 0.000 0.013 1.000
24.688 -457.709 -70.118 -0.007 0.000 0.015 1.000
24.685 -457.597 -70.119 -0.008 0.000 0.017 1.000
24.682 -457.513 -70.121 -0.008 0.000 0.018 1.000
24.678 -457.410 -70.122 -0.009 0.000 0.020 1.000
24.672 -457.285 -70.125 -0.010 0.000 0.023 1.000
24.667 -457.170 -70.127 -0.010 0.000 0.024 1.000
24.662 -457.071 -70.129 -0.012 0.000 0.026 1.000
24.654 -456.924 -70.133 -0.013 0.000 0.029 0.999
24.648 -456.832 -70.136 -0.014 0.000 0.031 0.999
24.645 -456.775 -70.137 -0.015 0.000 0.032 0.999
24.641 -456.716 -70.139 -0.015 0.000 0.033 0.999
24.634 -456.620 -70.142 -0.016 0.000 0.035 0.999
24.628 -456.528 -70.145 -0.017 0.000 0.036 0.999
24.622 -456.450 -70.148 -0.017 0.000 0.038 0.999
24.616 -456.367 -70.150 -0.018 0.000 0.039 0.999
24.602 -456.203 -70.156 -0.019 0.000 0.042 0.999
24.592 -456.088 -70.161 -0.019 0.000 0.044 0.999
24.583 -455.981 -70.165 -0.020 0.000 0.046 0.999
24.574 -455.892 -70.169 -0.021 0.000 0.048 0.999
24.563 -455.774 -70.174 -0.022 0.000 0.050 0.999
24.548 -455.628 -70.181 -0.024 0.000 0.052 0.998
24.537 -455.528 -70.186 -0.025 0.000 0.054 0.998
24.530 -455.466 -70.189 -0.025 0.000 0.055 0.998
24.520 -455.371 -70.194 -0.026 0.000 0.057 0.998
24.506 -455.251 -70.200 -0.027 0.000 0.058 0.998
24.491 -455.125 -70.207 -0.028 0.000 0.061 0.998
24.481 -455.050 -70.211 -0.029 0.000 0.062 0.998
24.470 -454.960 -70.217 -0.030 0.000 0.063 0.998
24.458 -454.871 -70.222 -0.030 0.000 0.065 0.997
24.445 -454.768 -70.229 -0.032 0.000 0.067 0.997
24.432 -454.676 -70.235 -0.032 0.000 0.069 0.997
24.410 -454.525 -70.245 -0.034 0.000 0.072 0.997
24.400 -454.458 -70.249 -0.035 0.000 0.073 0.997
24.381 -454.325 -70.259 -0.036 0.000 0.075 0.997
24.362 -454.203 -70.268 -0.037 0.000 0.077 0.996
24.347 -454.113 -70.274 -0.038 0.000 0.079 0.996
24.332 -454.020 -70.282 -0.038 0.000 0.081 0.996
24.315 -453.914 -70.290 -0.039 0.000 0.083 0.996
24.305 -453.854 -70.295 -0.039 0.000 0.084 0.996
24.276 -453.687 -70.308 -0.041 0.000 0.087 0.995
24.256 -453.577 -70.317 -0.042 0.000 0.089 0.995
24.237 -453.471 -70.326 -0.042 0.000 0.091 0.995
24.220 -453.378 -70.335 -0.043 0.000 0.093 0.995
24.196 -453.254 -70.346 -0.044 0.000 0.094 0.995
24.174 -453.143 -70.356 -0.045 0.000 0.096 0.994
24.158 -453.058 -70.364 -0.046 0.000 0.098 0.994
24.130 -452.921 -70.377 -0.047 0.000 0.100 0.994
24.108 -452.813 -70.387 -0.048 0.000 0.102 0.994
24.097 -452.762 -70.392 -0.048 0.000 0.103 0.993
24.070 -452.637 -70.405 -0.049 0.000 0.106 0.993
24.047 -452.530 -70.415 -0.049 0.000 0.108 0.993
24.029 -452.448 -70.424 -0.050 0.000 0.109 0.993
24.003 -452.335 -70.435 -0.051 0.000 0.111 0.993
23.982 -452.242 -70.445 -0.051 0.000 0.113 0.992
23.962 -452.158 -70.454 -0.052 0.000 0.114 0.992
23.941 -452.068 -70.463 -0.053 0.000 0.116 0.992
23.921 -451.982 -70.473 -0.054 0.000 0.117 0.992
23.905 -451.917 -70.480 -0.054 0.000 0.118 0.992
23.879 -451.809 -70.492 -0.054 0.000 0.120 0.991
23.858 -451.728 -70.501 -0.055 0.000 0.122 0.991
23.844 -451.670 -70.508 -0.055 0.000 0.123 0.991
23.812 -451.543 -70.522 -0.057 0.000 0.125 0.991
23.792 -451.469 -70.531 -0.057 0.000 0.126 0.990
23.759 -451.340 -70.546 -0.058 0.000 0.128 0.990
23.724 -451.209 -70.562 -0.059 0.000 0.131 0.990
23.704 -451.136 -70.571 -0.060 0.000 0.132 0.989
23.670 -451.013 -70.586 -0.060 0.000 0.134 0.989
23.649 -450.938 -70.595 -0.061 0.000 0.135 0.989
23.627 -450.859 -70.605 -0.062 0.000 0.137 0.989
23.591 -450.732 -70.622 -0.063 0.000 0.139 0.988
23.563 -450.635 -70.634 -0.063 0.000 0.140 0.988
23.528 -450.517 -70.650 -0.064 0.000 0.142 0.988
23.509 -450.455 -70.658 -0.065 0.000 0.143 0.988
23.492 -450.396 -70.666 -0.065 0.000 0.144 0.987
23.476 -450.344 -70.673 -0.066 0.000 0.145 0.987
23.440 -450.224 -70.690 -0.066 0.000 0.148 0.987
23.397 -450.087 -70.709 -0.067 0.000 0.150 0.986
23.370 -450.002 -70.721 -0.068 0.000 0.152 0.986
23.348 -449.932 -70.731 -0.068 0.000 0.153 0.986
23.310 -449.815 -70.747 -0.069 0.000 0.155 0.985
23.280 -449.724 -70.761 -0.070 0.000 0.157 0.985
23.247 -449.623 -70.775 -0.070 0.000 0.159 0.985
23.213 -449.521 -70.791 -0.071 0.000 0.160 0.984
23.181 -449.426 -70.805 -0.072 0.000 0.162 0.984
23.154 -449.346 -70.817 -0.072 0.000 0.164 0.984
23.132 -449.283 -70.827 -0.073 0.000 0.165 0.984
23.100 -449.193 -70.840 -0.073 0.000 0.167 0.983
23.053 -449.060 -70.861 -0.075 0.000 0.169 0.983
23.024 -448.978 -70.874 -0.075 0.000 0.171 0.982
22.990 -448.886 -70.889 -0.076 0.000 0.172 0.982
22.953 -448.784 -70.905 -0.077 0.000 0.174 0.982
22.925 -448.708 -70.918 -0.077 0.000 0.176 0.981
22.873 -448.572 -70.940 -0.078 0.000 0.178 0.981
22.834 -448.469 -70.957 -0.079 0.000 0.180 0.980
22.793 -448.361 -70.976 -0.080 0.000 0.182 0.980
22.756 -448.267 -70.992 -0.081 0.000 0.184 0.980
22.722 -448.181 -71.007 -0.082 0.000 0.185 0.979
22.682 -448.080 -71.024 -0.082 0.000 0.187 0.979
22.639 -447.972 -71.044 -0.084 0.000 0.188 0.979
22.603 -447.884 -71.059 -0.084 0.000 0.190 0.978
22.561 -447.781 -71.078 -0.085 0.000 0.191 0.978
22.532 -447.710 -71.091 -0.085 0.000 0.193 0.978
22.484 -447.595 -71.112 -0.086 0.000 0.195 0.977
22.442 -447.496 -71.131 -0.087 0.000 0.196 0.977
22.386 -447.365 -71.155 -0.088 0.000 0.199 0.976
22.336 -447.247 -71.178 -0.089 0.000 0.201 0.976
22.297 -447.159 -71.195 -0.090 0.000 0.203 0.975
22.265 -447.084 -71.209 -0.090 0.000 0.204 0.975
22.216 -446.976 -71.230 -0.091 0.000 0.206 0.974
22.179 -446.893 -71.247 -0.092 0.000 0.207 0.974
22.136 -446.797 -71.266 -0.092 0.000 0.209 0.974
22.086 -446.689 -71.288 -0.093 0.000 0.211 0.973
22.046 -446.602 -71.306 -0.094 0.000 0.213 0.973
22.006 -446.516 -71.323 -0.095 0.000 0.214 0.972
21.964 -446.426 -71.342 -0.095 0.000 0.216 0.972
21.921 -446.336 -71.361 -0.096 0.000 0.217 0.971
21.862 -446.212 -71.387 -0.097 0.000 0.219 0.971
21.819 -446.123 -71.406 -0.098 0.000 0.221 0.970
21.772 -446.027 -71.427 -0.099 0.000 0.222 0.970
21.699 -445.880 -71.459 -0.100 0.000 0.225 0.969
21.652 -445.786 -71.480 -0.101 0.000 0.227 0.969
21.607 -445.696 -71.500 -0.101 0.000 0.228 0.968
21.565 -445.614 -71.518 -0.102 0.000 0.230 0.968
21.515 -445.516 -71.540 -0.103 0.000 0.232 0.967
21.464 -445.417 -71.563 -0.103 0.000 0.233 0.967
21.406 -445.305 -71.589 -0.104 0.000 0.235 0.966
21.363 -445.223 -71.608 -0.105 0.000 0.236 0.966
21.281 -445.070 -71.644 -0.106 0.000 0.239 0.965
21.230 -444.974 -71.667 -0.107 0.000 0.240 0.965
21.156 -444.837 -71.700 -0.108 0.000 0.243 0.964
21.098 -444.732 -71.725 -0.108 0.000 0.245 0.964
21.058 -444.659 -71.743 -0.109 0.000 0.246 0.963
21.009 -444.571 -71.765 -0.109 0.000 0.247 0.963
20.938 -444.444 -71.796 -0.110 0.001 0.249 0.962
20.889 -444.357 -71.817 -0.110 0.001 0.251 0.962
20.836 -444.266 -71.840 -0.111 0.001 0.252 0.961
20.763 -444.137 -71.873 -0.111 0.001 0.254 0.961
20.692 -444.015 -71.904 -0.112 0.001 0.256 0.960
20.637 -443.921 -71.927 -0.112 0.001 0.257 0.960
20.598 -443.853 -71.945 -0.113 0.001 0.257 0.960
20.542 -443.760 -71.969 -0.113 0.001 0.259 0.959
20.485 -443.663 -71.994 -0.114 0.001 0.260 0.959
20.431 -443.573 -72.018 -0.114 0.001 0.261 0.958
20.361 -443.456 -72.048 -0.114 0.001 0.263 0.958
20.323 -443.393 -72.065 -0.114 0.001 0.264 0.958
20.255 -443.281 -72.094 -0.115 0.001 0.265 0.957
20.189 -443.173 -72.123 -0.116 0.001 0.267 0.957
20.119 -443.060 -72.153 -0.116 0.001 0.269 0.956
20.080 -442.998 -72.170 -0.117 0.001 0.270 0.956
20.037 -442.929 -72.188 -0.117 0.001 0.271 0.956
19.991 -442.855 -72.208 -0.117 0.001 0.271 0.955
19.941 -442.776 -72.230 -0.118 0.001 0.273 0.955
19.882 -442.684 -72.255 -0.118 0.001 0.274 0.954
19.816 -442.580 -72.284 -0.119 0.001 0.275 0.954
19.746 -442.471 -72.314 -0.119 0.001 0.276 0.954
19.708 -442.412 -72.330 -0.120 0.001 0.277 0.953
19.648 -442.319 -72.356 -0.120 0.001 0.278 0.953
19.583 -442.220 -72.384 -0.120 0.001 0.279 0.953
19.510 -442.109 -72.415 -0.121 0.001 0.281 0.952
19.448 -442.015 -72.441 -0.121 0.001 0.283 0.952
19.396 -441.936 -72.464 -0.122 0.001 0.284 0.951
19.313 -441.813 -72.499 -0.122 0.001 0.286 0.950
19.232 -441.693 -72.534 -0.123 0.001 0.287 0.950
19.175 -441.609 -72.558 -0.123 0.001 0.289 0.949
19.105 -441.508 -72.588 -0.124 0.001 0.290 0.949
19.042 -441.416 -72.615 -0.124 0.002 0.291 0.949
19.003 -441.360 -72.631 -0.125 0.002 0.292 0.948
18.950 -441.284 -72.654 -0.125 0.002 0.293 0.948
18.882 -441.187 -72.682 -0.125 0.002 0.295 0.947
18.841 -441.129 -72.700 -0.125 0.002 0.296 0.947
18.790 -441.056 -72.722 -0.126 0.002 0.297 0.947
18.726 -440.966 -72.749 -0.127 0.002 0.298 0.946
18.676 -440.897 -72.769 -0.127 0.002 0.299 0.946
18.634 -440.838 -72.787 -0.127 0.002 0.300 0.945
18.587 -440.774 -72.807 -0.127 0.002 0.301 0.945
18.517 -440.677 -72.836 -0.128 0.002 0.303 0.944
18.454 -440.592 -72.862 -0.128 0.002 0.304 0.944
18.415 -440.537 -72.879 -0.128 0.002 0.305 0.944
18.338 -440.435 -72.911 -0.129 0.002 0.307 0.943
18.297 -440.379 -72.928 -0.129 0.002 0.308 0.943
18.227 -440.286 -72.957 -0.129 0.002 0.309 0.942
18.173 -440.214 -72.980 -0.129 0.002 0.310 0.942
18.114 -440.135 -73.004 -0.130 0.002 0.311 0.942
18.045 -440.044 -73.033 -0.130 0.002 0.312 0.941
18.002 -439.987 -73.051 -0.131 0.002 0.313 0.941
17.955 -439.927 -73.070 -0.131 0.002 0.314 0.941
17.890 -439.842 -73.097 -0.131 0.002 0.315 0.940
17.852 -439.793 -73.113 -0.132 0.002 0.316 0.940
17.787 -439.709 -73.140 -0.131 0.003 0.317 0.939
17.744 -439.654 -73.157 -0.132 0.003 0.317 0.939
17.676 -439.567 -73.185 -0.132 0.003 0.318 0.939
17.628 -439.506 -73.205 -0.132 0.003 0.319 0.939
17.579 -439.443 -73.225 -0.132 0.003 0.319 0.938
17.478 -439.316 -73.266 -0.132 0.003 0.321 0.938
17.415 -439.237 -73.292 -0.132 0.003 0.321 0.938
17.377 -439.189 -73.308 -0.133 0.003 0.322 0.937
17.328 -439.128 -73.328 -0.133 0.003 0.323 0.937
17.254 -439.035 -73.358 -0.133 0.003 0.324 0.937
17.218 -438.991 -73.372 -0.133 0.003 0.324 0.937
17.162 -438.922 -73.395 -0.133 0.003 0.325 0.936
17.097 -438.842 -73.421 -0.133 0.003 0.326 0.936
17.029 -438.758 -73.449 -0.134 0.003 0.326 0.936
16.960 -438.673 -73.477 -0.134 0.003 0.327 0.936
16.884 -438.581 -73.508 -0.134 0.003 0.328 0.935
16.821 -438.503 -73.533 -0.134 0.003 0.329 0.935
16.759 -438.428 -73.558 -0.135 0.003 0.329 0.935
16.706 -438.365 -73.580 -0.135 0.003 0.330 0.934
16.633 -438.276 -73.609 -0.135 0.003 0.331 0.934
16.574 -438.205 -73.633 -0.135 0.004 0.331 0.934
16.516 -438.136 -73.656 -0.135 0.004 0.332 0.934
16.458 -438.066 -73.679 -0.135 0.004 0.333 0.933
16.403 -438.000 -73.701 -0.135 0.004 0.334 0.933
16.334 -437.918 -73.729 -0.135 0.004 0.334 0.933
16.253 -437.823 -73.761 -0.135 0.004 0.335 0.932
16.207 -437.768 -73.779 -0.134 0.004 0.336 0.932
16.143 -437.693 -73.805 -0.134 0.004 0.336 0.932
16.081 -437.621 -73.829 -0.134 0.004 0.337 0.932
16.004 -437.530 -73.859 -0.134 0.005 0.338 0.932
15.926 -437.440 -73.890 -0.134 0.005 0.338 0.931
15.870 -437.375 -73.911 -0.134 0.005 0.339 0.931
15.814 -437.310 -73.933 -0.134 0.005 0.340 0.931
15.744 -437.228 -73.961 -0.134 0.005 0.340 0.931
15.671 -437.145 -73.989 -0.134 0.005 0.341 0.931
15.607 -437.071 -74.014 -0.134 0.005 0.341 0.930
15.537 -436.990 -74.041 -0.134 0.005 0.342 0.930
15.463 -436.906 -74.069 -0.134 0.005 0.343 0.930
15.404 -436.839 -74.092 -0.134 0.005 0.343 0.930
15.339 -436.764 -74.117 -0.134 0.006 0.344 0.929
15.299 -436.719 -74.132 -0.134 0.006 0.344 0.929
15.260 -436.674 -74.147 -0.134 0.006 0.345 0.929
15.199 -436.606 -74.170 -0.134 0.006 0.345 0.929
15.128 -436.526 -74.198 -0.134 0.006 0.346 0.929
15.060 -436.450 -74.223 -0.134 0.006 0.346 0.928
15.015 -436.399 -74.241 -0.134 0.006 0.347 0.928
14.953 -436.330 -74.264 -0.134 0.006 0.347 0.928
14.886 -436.254 -74.290 -0.134 0.006 0.348 0.928
14.818 -436.179 -74.315 -0.134 0.006 0.348 0.928
14.708 -436.056 -74.357 -0.134 0.006 0.349 0.927
14.639 -435.979 -74.383 -0.134 0.006 0.349 0.927
14.579 -435.913 -74.405 -0.134 0.006 0.350 0.927
14.499 -435.825 -74.435 -0.134 0.007 0.350 0.927
