26.390 -423.597 -82.405 -0.025 0.000 0.050 0.998
26.375 -423.450 -82.413 -0.026 0.000 0.052 0.998
26.355 -423.266 -82.423 -0.027 0.000 0.055 0.998
26.341 -423.142 -82.429 -0.028 0.000 0.057 0.998
26.331 -423.053 -82.435 -0.029 0.000 0.059 0.998
26.323 -422.989 -82.438 -0.029 0.000 0.060 0.998
26.312 -422.898 -82.444 -0.030 0.000 0.061 0.998
26.296 -422.771 -82.451 -0.031 0.000 0.063 0.998
26.285 -422.686 -82.457 -0.031 0.000 0.064 0.997
26.270 -422.566 -82.464 -0.032 0.000 0.066 0.997
26.252 -422.438 -82.473 -0.033 0.000 0.067 0.997
26.239 -422.337 -82.479 -0.033 0.000 0.069 0.997
26.223 -422.228 -82.487 -0.033 0.000 0.071 0.997
26.209 -422.128 -82.494 -0.034 0.000 0.072 0.997
26.192 -422.012 -82.502 -0.034 0.000 0.074 0.997
26.178 -421.921 -82.508 -0.035 0.000 0.076 0.997
26.162 -421.816 -82.515 -0.036 0.000 0.077 0.996
26.148 -421.729 -82.522 -0.036 0.000 0.079 0.996
26.136 -421.659 -82.527 -0.037 0.000 0.080 0.996
26.117 -421.541 -82.536 -0.037 0.000 0.082 0.996
26.098 -421.427 -82.544 -0.038 0.000 0.084 0.996
26.086 -421.359 -82.550 -0.039 0.000 0.085 0.996
26.077 -421.307 -82.554 -0.039 0.000 0.086 0.996
26.063 -421.227 -82.560 -0.040 0.000 0.087 0.995
26.050 -421.154 -82.566 -0.040 0.000 0.088 0.995
26.031 -421.046 -82.575 -0.041 0.000 0.090 0.995
26.014 -420.956 -82.583 -0.042 0.000 0.091 0.995
25.999 -420.876 -82.590 -0.042 0.000 0.092 0.995
25.983 -420.790 -82.597 -0.043 0.000 0.094 0.995
25.963 -420.686 -82.606 -0.044 0.000 0.096 0.994
25.947 -420.602 -82.614 -0.045 0.000 0.097 0.994
25.923 -420.483 -82.625 -0.045 0.000 0.100 0.994
25.897 -420.358 -82.636 -0.046 0.000 0.102 0.994
25.877 -420.263 -82.645 -0.047 0.000 0.103 0.994
25.865 -420.207 -82.651 -0.047 0.000 0.104 0.993
25.844 -420.110 -82.660 -0.048 0.000 0.106 0.993
25.820 -419.996 -82.671 -0.049 0.000 0.108 0.993
25.802 -419.915 -82.679 -0.049 0.000 0.109 0.993
25.772 -419.786 -82.693 -0.050 0.000 0.112 0.992
25.745 -419.669 -82.705 -0.050 0.000 0.114 0.992
25.724 -419.580 -82.714 -0.051 0.000 0.115 0.992
25.696 -419.463 -82.726 -0.052 0.000 0.117 0.992
25.671 -419.358 -82.737 -0.053 0.000 0.119 0.992
25.637 -419.218 -82.753 -0.054 0.000 0.121 0.991
25.611 -419.115 -82.764 -0.054 0.000 0.123 0.991
25.588 -419.025 -82.774 -0.055 0.000 0.125 0.991
25.564 -418.933 -82.785 -0.056 0.000 0.126 0.990
25.534 -418.818 -82.798 -0.057 0.000 0.129 0.990
25.514 -418.743 -82.807 -0.058 0.000 0.130 0.990
25.484 -418.632 -82.820 -0.058 0.000 0.132 0.989
25.465 -418.563 -82.829 -0.059 0.000 0.134 0.989
25.435 -418.458 -82.842 -0.060 0.000 0.135 0.989
25.406 -418.354 -82.854 -0.061 0.000 0.137 0.989
25.384 -418.277 -82.864 -0.061 0.000 0.139 0.988
25.345 -418.141 -82.882 -0.063 0.000 0.142 0.988
25.319 -418.057 -82.893 -0.063 0.000 0.143 0.988
25.287 -417.949 -82.907 -0.064 0.000 0.145 0.987
25.254 -417.840 -82.922 -0.065 0.000 0.147 0.987
25.218 -417.724 -82.937 -0.066 0.000 0.149 0.987
25.201 -417.670 -82.945 -0.066 0.000 0.150 0.986
25.172 -417.576 -82.958 -0.067 0.000 0.151 0.986
25.144 -417.489 -82.970 -0.067 0.000 0.153 0.986
25.110 -417.382 -82.985 -0.068 0.000 0.154 0.986
25.081 -417.293 -82.998 -0.069 0.000 0.156 0.985
25.047 -417.188 -83.013 -0.070 0.000 0.158 0.985
25.017 -417.099 -83.026 -0.071 0.000 0.159 0.985
24.979 -416.987 -83.043 -0.071 0.000 0.161 0.984
24.937 -416.863 -83.062 -0.072 0.000 0.163 0.984
24.907 -416.775 -83.075 -0.072 0.000 0.164 0.984
24.890 -416.725 -83.083 -0.073 0.000 0.165 0.984
24.850 -416.613 -83.100 -0.073 0.000 0.167 0.983
24.821 -416.529 -83.113 -0.074 0.000 0.168 0.983
24.781 -416.418 -83.130 -0.075 0.000 0.170 0.983
24.757 -416.351 -83.141 -0.075 0.000 0.171 0.982
24.724 -416.261 -83.155 -0.076 0.000 0.173 0.982
24.696 -416.184 -83.168 -0.076 0.001 0.174 0.982
24.664 -416.099 -83.181 -0.076 0.001 0.176 0.981
24.623 -415.988 -83.199 -0.077 0.001 0.178 0.981
24.575 -415.864 -83.220 -0.077 0.001 0.180 0.981
24.554 -415.809 -83.229 -0.078 0.001 0.181 0.980
24.505 -415.681 -83.250 -0.079 0.001 0.183 0.980
24.467 -415.584 -83.266 -0.080 0.001 0.185 0.980
24.426 -415.482 -83.284 -0.081 0.001 0.187 0.979
24.389 -415.389 -83.300 -0.081 0.001 0.188 0.979
24.358 -415.312 -83.313 -0.082 0.001 0.190 0.978
24.320 -415.219 -83.330 -0.082 0.001 0.192 0.978
24.280 -415.122 -83.347 -0.083 0.001 0.193 0.978
24.245 -415.038 -83.362 -0.084 0.001 0.195 0.977
24.217 -414.973 -83.374 -0.085 0.001 0.196 0.977
24.185 -414.897 -83.387 -0.085 0.001 0.198 0.977
24.144 -414.802 -83.405 -0.086 0.001 0.200 0.976
24.084 -414.664 -83.431 -0.087 0.001 0.203 0.975
24.041 -414.566 -83.449 -0.088 0.001 0.204 0.975
23.998 -414.469 -83.468 -0.088 0.001 0.206 0.975
23.959 -414.381 -83.485 -0.089 0.001 0.208 0.974
23.911 -414.276 -83.505 -0.090 0.001 0.210 0.974
23.877 -414.201 -83.520 -0.091 0.001 0.211 0.973
23.834 -414.108 -83.538 -0.092 0.001 0.213 0.973
23.800 -414.035 -83.553 -0.093 0.001 0.214 0.972
23.764 -413.958 -83.568 -0.093 0.001 0.216 0.972
23.732 -413.891 -83.582 -0.094 0.001 0.217 0.972
23.673 -413.768 -83.608 -0.095 0.001 0.220 0.971
23.635 -413.689 -83.624 -0.095 0.001 0.221 0.971
23.600 -413.618 -83.639 -0.096 0.001 0.222 0.970
23.543 -413.502 -83.664 -0.097 0.001 0.224 0.970
23.499 -413.413 -83.683 -0.098 0.001 0.226 0.969
23.455 -413.325 -83.702 -0.098 0.001 0.228 0.969
23.394 -413.204 -83.728 -0.099 0.001 0.230 0.968
23.354 -413.127 -83.745 -0.099 0.001 0.232 0.968
23.313 -413.046 -83.763 -0.100 0.001 0.233 0.967
23.262 -412.949 -83.785 -0.101 0.001 0.235 0.967
23.198 -412.827 -83.812 -0.102 0.001 0.237 0.966
23.152 -412.742 -83.831 -0.103 0.001 0.239 0.966
23.105 -412.654 -83.852 -0.103 0.001 0.241 0.965
23.069 -412.588 -83.867 -0.104 0.001 0.242 0.965
23.014 -412.487 -83.891 -0.105 0.001 0.244 0.964
22.965 -412.397 -83.912 -0.105 0.001 0.246 0.963
22.910 -412.299 -83.935 -0.107 0.001 0.248 0.963
22.864 -412.217 -83.955 -0.107 0.001 0.250 0.962
22.798 -412.100 -83.983 -0.109 0.001 0.252 0.962
22.755 -412.026 -84.002 -0.109 0.001 0.253 0.961
22.721 -411.967 -84.016 -0.110 0.001 0.254 0.961
22.675 -411.888 -84.036 -0.111 0.001 0.256 0.960
22.641 -411.830 -84.051 -0.111 0.001 0.258 0.960
22.588 -411.740 -84.074 -0.112 0.001 0.259 0.959
22.507 -411.604 -84.109 -0.113 0.001 0.262 0.958
22.473 -411.546 -84.124 -0.114 0.001 0.263 0.958
22.430 -411.477 -84.142 -0.115 0.001 0.265 0.958
22.376 -411.387 -84.166 -0.116 0.000 0.266 0.957
22.307 -411.276 -84.196 -0.117 0.000 0.268 0.956
22.274 -411.223 -84.210 -0.117 0.000 0.270 0.956
22.233 -411.157 -84.228 -0.118 0.000 0.271 0.955
22.166 -411.051 -84.257 -0.119 0.000 0.273 0.955
22.099 -410.946 -84.286 -0.119 0.000 0.275 0.954
22.043 -410.859 -84.310 -0.120 0.000 0.277 0.953
21.993 -410.781 -84.332 -0.121 0.000 0.279 0.953
21.926 -410.680 -84.361 -0.122 0.000 0.281 0.952
21.883 -410.614 -84.380 -0.123 0.000 0.282 0.951
21.816 -410.514 -84.409 -0.124 0.000 0.284 0.951
21.749 -410.414 -84.439 -0.125 0.000 0.286 0.950
21.701 -410.344 -84.460 -0.126 0.000 0.288 0.949
21.637 -410.250 -84.488 -0.127 0.000 0.290 0.949
21.556 -410.133 -84.523 -0.128 0.000 0.292 0.948
21.488 -410.035 -84.553 -0.129 0.000 0.295 0.947
21.450 -409.981 -84.570 -0.130 0.000 0.296 0.946
21.384 -409.890 -84.598 -0.131 0.000 0.298 0.946
21.312 -409.788 -84.630 -0.132 0.000 0.300 0.945
21.257 -409.713 -84.655 -0.133 0.000 0.302 0.944
21.201 -409.636 -84.679 -0.134 0.000 0.303 0.943
21.136 -409.548 -84.708 -0.135 0.000 0.305 0.943
21.083 -409.476 -84.731 -0.135 0.000 0.307 0.942
21.020 -409.392 -84.759 -0.136 0.000 0.309 0.941
20.942 -409.289 -84.794 -0.137 0.000 0.311 0.940
20.889 -409.219 -84.817 -0.138 0.000 0.313 0.940
20.827 -409.139 -84.844 -0.139 0.000 0.315 0.939
20.782 -409.082 -84.864 -0.139 0.000 0.316 0.938
20.738 -409.025 -84.883 -0.140 0.000 0.317 0.938
20.660 -408.926 -84.918 -0.141 0.000 0.320 0.937
20.596 -408.845 -84.946 -0.141 0.000 0.322 0.936
20.520 -408.751 -84.980 -0.142 0.000 0.324 0.935
20.463 -408.681 -85.004 -0.143 0.000 0.325 0.935
20.394 -408.596 -85.035 -0.144 0.000 0.327 0.934
20.329 -408.518 -85.063 -0.145 0.000 0.329 0.933
20.262 -408.437 -85.093 -0.146 0.000 0.331 0.932
20.197 -408.360 -85.121 -0.146 0.000 0.333 0.932
20.136 -408.288 -85.148 -0.147 0.000 0.334 0.931
20.053 -408.191 -85.185 -0.148 0.000 0.336 0.930
19.979 -408.105 -85.217 -0.148 0.000 0.338 0.929
19.886 -407.998 -85.258 -0.149 0.000 0.341 0.928
19.803 -407.903 -85.294 -0.150 0.000 0.343 0.927
19.742 -407.835 -85.321 -0.150 0.001 0.345 0.927
19.683 -407.768 -85.347 -0.151 0.001 0.347 0.926
19.604 -407.682 -85.381 -0.152 0.001 0.349 0.925
19.543 -407.615 -85.407 -0.153 0.001 0.350 0.924
19.468 -407.533 -85.440 -0.153 0.001 0.352 0.923
19.408 -407.468 -85.466 -0.154 0.001 0.354 0.923
19.362 -407.419 -85.486 -0.154 0.001 0.355 0.922
19.304 -407.357 -85.511 -0.155 0.001 0.356 0.921
19.256 -407.306 -85.532 -0.155 0.001 0.358 0.921
19.189 -407.235 -85.561 -0.156 0.001 0.360 0.920
19.088 -407.130 -85.605 -0.157 0.001 0.362 0.919
18.991 -407.031 -85.646 -0.158 0.001 0.365 0.917
18.921 -406.960 -85.677 -0.159 0.001 0.367 0.917
18.834 -406.872 -85.715 -0.160 0.001 0.369 0.916
18.769 -406.807 -85.743 -0.160 0.001 0.371 0.915
18.686 -406.726 -85.778 -0.161 0.001 0.373 0.914
18.606 -406.648 -85.813 -0.162 0.001 0.375 0.913
18.538 -406.582 -85.842 -0.163 0.001 0.376 0.912
18.488 -406.533 -85.864 -0.163 0.001 0.378 0.911
18.390 -406.440 -85.906 -0.164 0.001 0.380 0.910
18.307 -406.361 -85.941 -0.165 0.001 0.382 0.909
18.233 -406.292 -85.973 -0.165 0.001 0.384 0.909
18.117 -406.184 -86.023 -0.166 0.001 0.387 0.907
18.054 -406.126 -86.050 -0.167 0.001 0.388 0.906
17.976 -406.056 -86.083 -0.168 0.001 0.390 0.905
17.901 -405.988 -86.115 -0.169 0.001 0.392 0.904
17.828 -405.923 -86.146 -0.170 0.001 0.394 0.904
17.745 -405.848 -86.182 -0.171 0.001 0.395 0.903
17.688 -405.799 -86.207 -0.171 0.001 0.397 0.902
17.641 -405.758 -86.227 -0.172 0.001 0.398 0.901
17.561 -405.689 -86.261 -0.172 0.001 0.400 0.900
17.465 -405.606 -86.303 -0.173 0.001 0.402 0.899
17.410 -405.560 -86.326 -0.174 0.001 0.403 0.899
17.355 -405.513 -86.350 -0.174 0.001 0.404 0.898
17.288 -405.457 -86.379 -0.175 0.001 0.406 0.897
17.206 -405.389 -86.414 -0.176 0.001 0.408 0.896
17.169 -405.359 -86.430 -0.176 0.001 0.409 0.896
17.099 -405.302 -86.460 -0.177 0.001 0.410 0.895
17.004 -405.223 -86.501 -0.177 0.001 0.412 0.894
16.929 -405.163 -86.533 -0.178 0.001 0.414 0.893
16.866 -405.113 -86.560 -0.179 0.001 0.415 0.892
16.821 -405.077 -86.579 -0.179 0.001 0.416 0.892
16.740 -405.013 -86.614 -0.180 0.001 0.418 0.891
16.674 -404.961 -86.643 -0.181 0.001 0.419 0.890
16.595 -404.900 -86.677 -0.182 0.001 0.421 0.889
16.515 -404.838 -86.711 -0.182 0.001 0.423 0.888
16.429 -404.772 -86.748 -0.183 0.001 0.424 0.887
16.379 -404.734 -86.770 -0.184 0.001 0.425 0.886
16.276 -404.657 -86.814 -0.185 0.001 0.428 0.885
16.162 -404.572 -86.863 -0.186 0.001 0.430 0.884
16.100 -404.527 -86.889 -0.186 0.001 0.431 0.883
16.007 -404.459 -86.930 -0.187 0.001 0.433 0.882
15.901 -404.382 -86.975 -0.188 0.001 0.435 0.880
15.850 -404.345 -86.997 -0.188 0.001 0.436 0.880
15.769 -404.288 -87.032 -0.189 0.001 0.438 0.879
15.694 -404.235 -87.064 -0.190 0.001 0.440 0.878
15.623 -404.185 -87.095 -0.190 0.001 0.441 0.877
15.549 -404.134 -87.126 -0.191 0.001 0.442 0.876
15.475 -404.083 -87.159 -0.192 0.001 0.444 0.875
15.382 -404.020 -87.199 -0.193 0.001 0.446 0.874
15.325 -403.981 -87.223 -0.193 0.001 0.447 0.873
15.265 -403.941 -87.249 -0.194 0.001 0.448 0.873
15.175 -403.881 -87.288 -0.195 0.001 0.450 0.872
15.074 -403.815 -87.332 -0.195 0.001 0.452 0.870
14.975 -403.750 -87.374 -0.196 0.001 0.454 0.869
14.866 -403.680 -87.421 -0.197 0.001 0.456 0.868
14.744 -403.602 -87.474 -0.199 0.001 0.458 0.866
14.670 -403.555 -87.506 -0.199 0.001 0.460 0.866
14.597 -403.510 -87.537 -0.200 0.001 0.461 0.865
14.540 -403.475 -87.562 -0.200 0.001 0.462 0.864
14.499 -403.450 -87.580 -0.200 0.001 0.463 0.864
14.441 -403.414 -87.605 -0.201 0.001 0.464 0.863
14.372 -403.372 -87.634 -0.201 0.001 0.465 0.862
14.298 -403.328 -87.666 -0.202 0.001 0.467 0.861
14.214 -403.277 -87.703 -0.202 0.001 0.468 0.860
14.124 -403.225 -87.741 -0.203 0.001 0.470 0.859
14.033 -403.171 -87.780 -0.203 0.001 0.471 0.858
13.947 -403.121 -87.817 -0.204 0.001 0.473 0.857
13.853 -403.067 -87.857 -0.204 0.001 0.474 0.856
13.785 -403.028 -87.887 -0.205 0.001 0.475 0.856
13.691 -402.974 -87.927 -0.206 0.001 0.477 0.855
13.621 -402.935 -87.957 -0.206 0.001 0.478 0.854
13.557 -402.899 -87.984 -0.207 0.001 0.479 0.853
13.491 -402.862 -88.013 -0.207 0.001 0.480 0.852
13.429 -402.828 -88.040 -0.208 0.001 0.481 0.852
13.333 -402.775 -88.081 -0.208 0.001 0.483 0.850
13.242 -402.727 -88.120 -0.209 0.001 0.485 0.849
13.163 -402.684 -88.154 -0.210 0.001 0.486 0.848
13.066 -402.633 -88.196 -0.211 0.001 0.488 0.847
12.973 -402.585 -88.236 -0.211 0.001 0.490 0.846
12.893 -402.543 -88.270 -0.212 0.001 0.491 0.845
12.807 -402.499 -88.307 -0.212 0.001 0.493 0.844
12.745 -402.468 -88.334 -0.213 0.001 0.494 0.843
12.648 -402.419 -88.375 -0.213 0.001 0.495 0.842
12.571 -402.381 -88.408 -0.214 0.001 0.497 0.841
12.504 -402.348 -88.437 -0.214 0.001 0.498 0.840
12.376 -402.285 -88.492 -0.215 0.001 0.500 0.839
12.322 -402.259 -88.515 -0.216 0.001 0.500 0.838
12.246 -402.222 -88.548 -0.216 0.001 0.502 0.837
12.122 -402.163 -88.601 -0.217 0.001 0.504 0.836
11.972 -402.093 -88.665 -0.218 0.001 0.507 0.834
11.862 -402.042 -88.712 -0.219 0.001 0.509 0.833
11.736 -401.986 -88.766 -0.220 0.001 0.511 0.831
11.619 -401.934 -88.816 -0.221 0.001 0.513 0.830
11.512 -401.887 -88.863 -0.222 0.001 0.514 0.828
11.381 -401.830 -88.919 -0.223 0.001 0.517 0.827
11.301 -401.796 -88.953 -0.223 0.001 0.518 0.826
11.238 -401.770 -88.980 -0.224 0.001 0.519 0.825
11.158 -401.736 -89.014 -0.224 0.001 0.520 0.824
11.083 -401.705 -89.047 -0.225 0.001 0.522 0.823
10.998 -401.670 -89.083 -0.225 0.001 0.523 0.822
10.920 -401.638 -89.117 -0.226 0.001 0.524 0.821
10.823 -401.599 -89.158 -0.226 0.001 0.526 0.820
10.723 -401.559 -89.201 -0.227 0.001 0.527 0.819
10.645 -401.529 -89.235 -0.227 0.001 0.528 0.818
10.579 -401.503 -89.263 -0.228 0.001 0.529 0.817
10.486 -401.467 -89.303 -0.229 0.001 0.531 0.816
10.382 -401.428 -89.347 -0.229 0.002 0.533 0.815
10.278 -401.389 -89.392 -0.230 0.001 0.534 0.814
10.173 -401.350 -89.437 -0.231 0.001 0.535 0.813
10.102 -401.324 -89.468 -0.231 0.001 0.536 0.812
10.018 -401.294 -89.503 -0.232 0.001 0.537 0.811
9.915 -401.257 -89.548 -0.233 0.001 0.539 0.810
9.847 -401.233 -89.577 -0.233 0.001 0.540 0.809
9.757 -401.201 -89.616 -0.234 0.001 0.541 0.808
