24.700 -458.402 -70.112 -0.001 0.000 0.002 1.000
24.699 -458.295 -70.112 -0.001 0.000 0.003 1.000
24.698 -458.169 -70.112 -0.002 0.000 0.006 1.000
24.697 -458.073 -70.113 -0.003 0.000 0.008 1.000
24.695 -457.984 -70.113 -0.004 0.000 0.009 1.000
24.693 -457.859 -70.114 -0.005 0.000 0.011 1.000
24.690 -457.756 -70.115 -0.005 0.000 0.013 1.000
24.686 -457.601 -70.117 -0.006 0.000 0.015 1.000
24.683 -457.509 -70.118 -0.007 0.000 0.017 1.000
24.680 -457.428 -70.120 -0.007 0.000 0.018 1.000
24.677 -457.350 -70.121 -0.008 0.000 0.020 1.000
24.672 -457.223 -70.123 -0.009 0.000 0.022 1.000
24.667 -457.123 -70.125 -0.009 0.000 0.024 1.000
24.661 -457.010 -70.127 -0.010 0.000 0.026 1.000
24.656 -456.912 -70.129 -0.011 0.000 0.028 1.000
24.649 -456.780 -70.132 -0.012 0.000 0.030 0.999
24.642 -456.681 -70.134 -0.013 0.000 0.031 0.999
24.633 -456.541 -70.138 -0.014 0.000 0.034 0.999
24.625 -456.430 -70.141 -0.015 0.000 0.036 0.999
24.616 -456.299 -70.145 -0.016 0.000 0.038 0.999
24.607 -456.188 -70.149 -0.016 0.000 0.040 0.999
24.599 -456.092 -70.152 -0.017 0.000 0.042 0.999
24.590 -455.982 -70.156 -0.018 0.000 0.044 0.999
24.580 -455.875 -70.160 -0.019 0.000 0.046 0.999
24.573 -455.798 -70.163 -0.019 0.000 0.047 0.999
24.563 -455.700 -70.167 -0.020 0.000 0.049 0.999
24.554 -455.614 -70.170 -0.020 0.000 0.051 0.999
24.541 -455.488 -70.175 -0.021 0.000 0.053 0.998
24.526 -455.346 -70.181 -0.023 0.000 0.055 0.998
24.509 -455.199 -70.188 -0.023 0.000 0.058 0.998
24.496 -455.087 -70.194 -0.024 0.000 0.060 0.998
24.486 -455.001 -70.198 -0.025 0.000 0.061 0.998
24.471 -454.889 -70.204 -0.026 0.000 0.063 0.998
24.455 -454.760 -70.211 -0.027 0.000 0.065 0.998
24.436 -454.619 -70.218 -0.028 0.000 0.068 0.997
24.427 -454.555 -70.222 -0.028 0.000 0.069 0.997
24.408 -454.424 -70.230 -0.029 0.000 0.071 0.997
24.392 -454.312 -70.236 -0.030 0.000 0.073 0.997
24.374 -454.194 -70.244 -0.031 0.000 0.075 0.997
24.358 -454.088 -70.250 -0.032 0.000 0.077 0.996
24.339 -453.972 -70.258 -0.033 0.000 0.079 0.996
24.320 -453.852 -70.266 -0.034 0.000 0.082 0.996
24.299 -453.729 -70.275 -0.035 0.000 0.084 0.996
24.277 -453.603 -70.284 -0.036 0.000 0.086 0.996
24.255 -453.478 -70.293 -0.037 0.000 0.089 0.995
24.238 -453.385 -70.300 -0.037 0.000 0.090 0.995
24.224 -453.305 -70.306 -0.038 0.000 0.092 0.995
24.201 -453.186 -70.315 -0.038 0.000 0.094 0.995
24.172 -453.032 -70.327 -0.039 0.000 0.097 0.995
24.152 -452.936 -70.335 -0.040 0.000 0.099 0.994
24.129 -452.823 -70.344 -0.040 0.000 0.101 0.994
24.112 -452.738 -70.351 -0.041 0.000 0.103 0.994
24.097 -452.665 -70.357 -0.042 0.000 0.104 0.994
24.084 -452.606 -70.362 -0.042 0.000 0.105 0.994
24.068 -452.532 -70.369 -0.043 0.000 0.106 0.993
24.044 -452.422 -70.379 -0.044 0.000 0.108 0.993
24.022 -452.324 -70.388 -0.045 0.000 0.110 0.993
24.003 -452.240 -70.395 -0.046 0.000 0.111 0.993
23.984 -452.154 -70.403 -0.046 0.000 0.113 0.993
23.961 -452.057 -70.413 -0.047 0.000 0.114 0.992
23.950 -452.009 -70.417 -0.047 0.000 0.115 0.992
23.923 -451.897 -70.428 -0.048 0.000 0.118 0.992
23.905 -451.822 -70.436 -0.049 0.000 0.119 0.992
23.886 -451.747 -70.443 -0.049 0.000 0.120 0.992
23.861 -451.645 -70.453 -0.050 0.000 0.122 0.991
23.843 -451.571 -70.461 -0.050 0.000 0.123 0.991
23.816 -451.469 -70.472 -0.051 0.000 0.125 0.991
23.795 -451.386 -70.480 -0.052 0.000 0.126 0.991
23.769 -451.286 -70.491 -0.052 0.000 0.128 0.990
23.747 -451.205 -70.500 -0.053 0.000 0.130 0.990
23.722 -451.110 -70.510 -0.053 0.000 0.132 0.990
23.691 -450.997 -70.523 -0.055 0.000 0.134 0.990
23.648 -450.842 -70.541 -0.056 0.000 0.137 0.989
23.621 -450.747 -70.552 -0.057 0.000 0.138 0.989
23.570 -450.573 -70.572 -0.058 0.000 0.141 0.988
23.533 -450.447 -70.588 -0.060 0.000 0.143 0.988
23.511 -450.374 -70.597 -0.060 0.000 0.145 0.988
23.479 -450.267 -70.610 -0.061 0.000 0.147 0.987
23.455 -450.189 -70.620 -0.061 0.000 0.148 0.987
23.419 -450.074 -70.635 -0.062 0.000 0.150 0.987
23.383 -449.961 -70.650 -0.063 0.000 0.152 0.986
23.360 -449.888 -70.659 -0.063 0.000 0.154 0.986
23.325 -449.780 -70.674 -0.064 0.000 0.156 0.986
23.287 -449.666 -70.689 -0.065 0.000 0.158 0.985
23.260 -449.582 -70.701 -0.066 0.000 0.159 0.985
23.216 -449.452 -70.719 -0.067 0.000 0.161 0.985
23.192 -449.380 -70.729 -0.067 0.000 0.163 0.984
23.167 -449.307 -70.739 -0.068 0.000 0.164 0.984
23.138 -449.225 -70.751 -0.068 0.000 0.165 0.984
23.103 -449.125 -70.765 -0.069 0.000 0.167 0.983
23.071 -449.033 -70.779 -0.070 0.000 0.169 0.983
23.037 -448.940 -70.793 -0.070 0.000 0.171 0.983
23.001 -448.839 -70.807 -0.071 0.000 0.172 0.982
22.960 -448.729 -70.824 -0.072 0.000 0.174 0.982
22.923 -448.629 -70.839 -0.073 0.000 0.176 0.982
22.888 -448.535 -70.854 -0.074 0.000 0.178 0.981
22.824 -448.366 -70.881 -0.075 0.000 0.182 0.981
22.775 -448.243 -70.901 -0.076 0.000 0.184 0.980
22.734 -448.138 -70.918 -0.077 0.000 0.186 0.980
22.694 -448.036 -70.934 -0.077 0.000 0.188 0.979
22.662 -447.957 -70.948 -0.078 0.000 0.189 0.979
22.624 -447.863 -70.963 -0.078 0.000 0.190 0.979
22.580 -447.756 -70.981 -0.079 0.000 0.192 0.978
22.549 -447.680 -70.994 -0.079 0.000 0.193 0.978
22.506 -447.577 -71.012 -0.080 0.000 0.195 0.978
22.468 -447.486 -71.027 -0.081 0.000 0.197 0.977
22.424 -447.383 -71.045 -0.081 0.000 0.198 0.977
22.375 -447.269 -71.065 -0.082 0.000 0.200 0.976
22.331 -447.168 -71.083 -0.083 0.000 0.202 0.976
22.302 -447.101 -71.095 -0.083 0.000 0.203 0.976
22.267 -447.021 -71.110 -0.083 0.000 0.204 0.975
22.228 -446.934 -71.125 -0.084 0.000 0.205 0.975
22.183 -446.831 -71.144 -0.084 0.000 0.207 0.975
22.148 -446.754 -71.158 -0.085 0.000 0.208 0.974
22.099 -446.647 -71.178 -0.086 0.000 0.210 0.974
22.060 -446.561 -71.194 -0.086 0.000 0.212 0.973
22.018 -446.470 -71.211 -0.087 0.000 0.213 0.973
21.983 -446.395 -71.226 -0.088 0.000 0.215 0.973
21.934 -446.291 -71.246 -0.089 0.000 0.217 0.972
21.882 -446.182 -71.267 -0.090 0.000 0.218 0.972
21.840 -446.095 -71.284 -0.090 0.000 0.220 0.971
21.791 -445.994 -71.304 -0.091 0.000 0.221 0.971
21.723 -445.854 -71.332 -0.092 0.000 0.224 0.970
21.681 -445.769 -71.350 -0.093 0.000 0.226 0.970
21.626 -445.659 -71.373 -0.094 0.000 0.228 0.969
21.589 -445.587 -71.388 -0.095 0.000 0.229 0.969
21.551 -445.512 -71.404 -0.095 0.000 0.230 0.968
21.506 -445.424 -71.422 -0.096 0.000 0.232 0.968
21.450 -445.314 -71.446 -0.097 0.000 0.234 0.967
21.402 -445.222 -71.466 -0.098 0.000 0.235 0.967
21.354 -445.132 -71.486 -0.099 0.000 0.237 0.966
21.306 -445.041 -71.506 -0.100 0.000 0.238 0.966
21.239 -444.916 -71.534 -0.100 0.000 0.240 0.965
21.193 -444.830 -71.553 -0.101 0.000 0.242 0.965
21.151 -444.752 -71.571 -0.102 0.000 0.243 0.965
21.126 -444.706 -71.582 -0.102 0.000 0.244 0.965
21.072 -444.608 -71.604 -0.102 0.000 0.245 0.964
21.002 -444.482 -71.633 -0.102 0.000 0.247 0.964
20.968 -444.421 -71.647 -0.103 0.000 0.248 0.963
20.921 -444.336 -71.667 -0.103 0.000 0.249 0.963
20.851 -444.212 -71.696 -0.104 0.000 0.251 0.962
20.791 -444.107 -71.720 -0.104 0.000 0.252 0.962
20.735 -444.010 -71.743 -0.105 0.000 0.253 0.962
20.694 -443.938 -71.760 -0.105 0.000 0.254 0.962
20.648 -443.859 -71.779 -0.105 0.000 0.255 0.961
20.573 -443.729 -71.810 -0.106 0.000 0.257 0.961
20.513 -443.627 -71.835 -0.106 0.000 0.258 0.960
20.459 -443.535 -71.857 -0.107 0.000 0.259 0.960
20.417 -443.463 -71.875 -0.107 0.000 0.259 0.960
20.350 -443.351 -71.902 -0.108 0.000 0.261 0.959
20.307 -443.278 -71.920 -0.108 0.000 0.261 0.959
20.273 -443.221 -71.934 -0.108 0.000 0.262 0.959
20.208 -443.113 -71.961 -0.109 0.000 0.263 0.959
20.161 -443.035 -71.980 -0.109 0.000 0.264 0.958
20.113 -442.956 -72.000 -0.109 0.000 0.265 0.958
20.068 -442.883 -72.019 -0.110 0.000 0.266 0.958
20.023 -442.809 -72.037 -0.110 0.000 0.267 0.957
19.965 -442.715 -72.061 -0.110 0.000 0.268 0.957
19.911 -442.627 -72.083 -0.111 0.000 0.269 0.957
19.849 -442.527 -72.109 -0.111 0.000 0.270 0.956
19.791 -442.434 -72.133 -0.112 0.000 0.272 0.956
19.743 -442.358 -72.153 -0.112 0.000 0.272 0.956
19.695 -442.282 -72.172 -0.113 0.000 0.273 0.955
19.610 -442.148 -72.207 -0.113 0.000 0.275 0.955
19.562 -442.074 -72.227 -0.114 0.000 0.277 0.954
19.502 -441.981 -72.252 -0.114 0.000 0.277 0.954
19.454 -441.906 -72.271 -0.114 0.000 0.278 0.954
19.406 -441.833 -72.291 -0.114 0.000 0.279 0.953
19.367 -441.773 -72.307 -0.115 0.000 0.280 0.953
19.319 -441.698 -72.327 -0.115 0.000 0.281 0.953
19.250 -441.594 -72.355 -0.115 0.000 0.282 0.952
19.206 -441.527 -72.373 -0.115 0.000 0.283 0.952
19.119 -441.398 -72.408 -0.117 0.000 0.285 0.951
19.076 -441.333 -72.426 -0.117 0.000 0.286 0.951
19.004 -441.227 -72.455 -0.117 0.000 0.288 0.951
18.956 -441.155 -72.475 -0.117 0.000 0.289 0.950
18.893 -441.064 -72.500 -0.118 0.000 0.290 0.950
18.815 -440.950 -72.532 -0.119 0.000 0.291 0.949
18.768 -440.882 -72.551 -0.119 0.000 0.292 0.949
18.703 -440.789 -72.577 -0.119 0.000 0.293 0.949
18.663 -440.731 -72.594 -0.119 0.000 0.294 0.948
18.598 -440.638 -72.620 -0.120 0.000 0.295 0.948
18.534 -440.548 -72.646 -0.120 0.000 0.297 0.947
18.452 -440.432 -72.679 -0.121 0.000 0.298 0.947
18.409 -440.372 -72.697 -0.121 0.000 0.299 0.947
18.339 -440.274 -72.725 -0.122 0.000 0.300 0.946
18.294 -440.212 -72.743 -0.122 0.001 0.302 0.946
18.222 -440.113 -72.772 -0.123 0.001 0.303 0.945
18.136 -439.995 -72.807 -0.123 0.001 0.305 0.944
18.085 -439.926 -72.828 -0.124 0.001 0.306 0.944
18.032 -439.854 -72.849 -0.124 0.001 0.307 0.944
17.964 -439.762 -72.877 -0.124 0.001 0.308 0.943
17.877 -439.647 -72.912 -0.125 0.001 0.309 0.943
17.806 -439.553 -72.940 -0.126 0.001 0.311 0.942
17.755 -439.484 -72.961 -0.126 0.001 0.312 0.942
17.722 -439.442 -72.974 -0.126 0.001 0.312 0.942
17.671 -439.374 -72.995 -0.126 0.001 0.313 0.941
17.610 -439.294 -73.019 -0.127 0.001 0.314 0.941
17.576 -439.250 -73.033 -0.127 0.001 0.315 0.941
17.515 -439.170 -73.058 -0.127 0.001 0.315 0.940
17.433 -439.065 -73.090 -0.128 0.001 0.316 0.940
17.372 -438.985 -73.115 -0.128 0.001 0.317 0.940
17.299 -438.892 -73.145 -0.128 0.001 0.318 0.939
17.233 -438.808 -73.171 -0.128 0.001 0.319 0.939
17.167 -438.724 -73.197 -0.129 0.001 0.319 0.939
17.103 -438.643 -73.223 -0.129 0.001 0.320 0.939
17.020 -438.537 -73.256 -0.129 0.001 0.321 0.938
16.938 -438.433 -73.289 -0.129 0.001 0.322 0.938
16.880 -438.361 -73.312 -0.129 0.001 0.323 0.938
16.808 -438.271 -73.341 -0.129 0.001 0.324 0.937
16.749 -438.198 -73.364 -0.129 0.001 0.324 0.937
16.653 -438.078 -73.403 -0.129 0.001 0.326 0.937
16.607 -438.021 -73.421 -0.130 0.001 0.326 0.936
16.565 -437.970 -73.437 -0.130 0.001 0.327 0.936
16.513 -437.906 -73.458 -0.130 0.001 0.327 0.936
16.447 -437.825 -73.484 -0.130 0.002 0.328 0.936
16.392 -437.758 -73.505 -0.130 0.002 0.329 0.935
16.320 -437.671 -73.533 -0.130 0.002 0.330 0.935
16.260 -437.599 -73.557 -0.130 0.002 0.330 0.935
16.198 -437.524 -73.581 -0.130 0.002 0.331 0.935
16.122 -437.432 -73.611 -0.129 0.002 0.331 0.935
16.073 -437.373 -73.630 -0.129 0.002 0.332 0.934
16.017 -437.306 -73.651 -0.130 0.002 0.333 0.934
15.968 -437.248 -73.670 -0.129 0.002 0.333 0.934
15.922 -437.193 -73.688 -0.130 0.002 0.333 0.934
15.859 -437.117 -73.712 -0.129 0.003 0.334 0.934
15.795 -437.041 -73.737 -0.129 0.003 0.335 0.933
15.733 -436.967 -73.760 -0.129 0.003 0.335 0.933
15.684 -436.909 -73.779 -0.129 0.003 0.336 0.933
15.642 -436.860 -73.795 -0.129 0.003 0.336 0.933
15.573 -436.779 -73.821 -0.129 0.003 0.336 0.933
15.526 -436.724 -73.839 -0.129 0.003 0.337 0.933
15.484 -436.674 -73.855 -0.129 0.003 0.338 0.932
15.433 -436.615 -73.874 -0.129 0.003 0.338 0.932
15.359 -436.528 -73.902 -0.129 0.003 0.339 0.932
15.320 -436.483 -73.917 -0.129 0.003 0.339 0.932
15.244 -436.395 -73.946 -0.130 0.003 0.340 0.931
15.170 -436.310 -73.974 -0.129 0.003 0.341 0.931
15.096 -436.224 -74.001 -0.129 0.003 0.341 0.931
15.022 -436.139 -74.029 -0.129 0.004 0.342 0.931
14.972 -436.081 -74.048 -0.129 0.004 0.342 0.931
14.893 -435.990 -74.077 -0.129 0.004 0.343 0.931
14.836 -435.925 -74.098 -0.129 0.004 0.343 0.930
14.768 -435.847 -74.124 -0.129 0.004 0.344 0.930
14.680 -435.747 -74.156 -0.129 0.004 0.345 0.930
14.601 -435.658 -74.185 -0.129 0.004 0.345 0.930
