21.500 -475.877 -70.112 -0.001 0.000 0.002 1.000
21.499 -475.795 -70.112 -0.001 0.000 0.003 1.000
21.499 -475.710 -70.112 -0.002 0.000 0.004 1.000
21.498 -475.634 -70.113 -0.003 0.000 0.006 1.000
21.496 -475.514 -70.113 -0.003 0.000 0.008 1.000
21.495 -475.409 -70.114 -0.004 0.000 0.010 1.000
21.492 -475.279 -70.115 -0.005 0.000 0.012 1.000
21.489 -475.172 -70.116 -0.006 0.000 0.013 1.000
21.487 -475.089 -70.117 -0.006 0.000 0.015 1.000
21.482 -474.949 -70.119 -0.007 0.000 0.017 1.000
21.480 -474.871 -70.120 -0.007 0.000 0.019 1.000
21.475 -474.748 -70.122 -0.008 0.000 0.021 1.000
21.472 -474.688 -70.123 -0.009 0.000 0.022 1.000
21.469 -474.611 -70.124 -0.009 0.000 0.023 1.000
21.465 -474.535 -70.126 -0.010 0.000 0.024 1.000
21.459 -474.418 -70.128 -0.011 0.000 0.026 1.000
21.452 -474.293 -70.131 -0.012 0.000 0.029 1.000
21.445 -474.173 -70.134 -0.013 0.000 0.030 0.999
21.440 -474.092 -70.136 -0.014 0.000 0.032 0.999
21.434 -473.992 -70.139 -0.015 0.000 0.033 0.999
21.429 -473.921 -70.141 -0.015 0.000 0.035 0.999
21.419 -473.786 -70.145 -0.015 0.000 0.037 0.999
21.409 -473.649 -70.149 -0.016 0.000 0.039 0.999
21.398 -473.516 -70.154 -0.016 0.000 0.041 0.999
21.393 -473.451 -70.156 -0.017 0.000 0.042 0.999
21.385 -473.366 -70.159 -0.018 0.000 0.044 0.999
21.377 -473.277 -70.162 -0.019 0.000 0.045 0.999
21.369 -473.191 -70.165 -0.019 0.000 0.047 0.999
21.358 -473.079 -70.170 -0.020 0.000 0.049 0.999
21.349 -472.982 -70.174 -0.021 0.000 0.050 0.999
21.340 -472.897 -70.177 -0.021 0.000 0.052 0.998
21.330 -472.799 -70.181 -0.022 0.000 0.054 0.998
21.319 -472.704 -70.186 -0.023 0.000 0.055 0.998
21.311 -472.629 -70.189 -0.023 0.000 0.056 0.998
21.301 -472.544 -70.193 -0.024 0.000 0.058 0.998
21.290 -472.446 -70.198 -0.024 0.000 0.059 0.998
21.278 -472.354 -70.202 -0.025 0.000 0.061 0.998
21.266 -472.257 -70.207 -0.025 0.000 0.063 0.998
21.258 -472.194 -70.211 -0.025 0.000 0.064 0.998
21.245 -472.094 -70.216 -0.026 0.000 0.065 0.998
21.233 -471.999 -70.221 -0.026 0.000 0.067 0.997
21.216 -471.877 -70.227 -0.027 0.000 0.069 0.997
21.198 -471.751 -70.234 -0.028 0.000 0.071 0.997
21.183 -471.647 -70.240 -0.029 0.000 0.073 0.997
21.171 -471.566 -70.245 -0.029 0.000 0.074 0.997
21.150 -471.425 -70.253 -0.030 0.000 0.076 0.997
21.133 -471.316 -70.260 -0.030 0.000 0.078 0.997
21.118 -471.225 -70.266 -0.031 0.000 0.079 0.996
21.106 -471.147 -70.270 -0.031 0.000 0.080 0.996
21.088 -471.040 -70.277 -0.032 0.000 0.082 0.996
21.077 -470.972 -70.282 -0.032 0.000 0.083 0.996
21.063 -470.894 -70.287 -0.033 0.000 0.084 0.996
21.041 -470.766 -70.296 -0.034 0.000 0.086 0.996
21.019 -470.640 -70.304 -0.034 0.000 0.088 0.996
21.000 -470.536 -70.312 -0.035 0.000 0.090 0.995
20.977 -470.409 -70.321 -0.035 0.000 0.091 0.995
20.969 -470.363 -70.324 -0.036 0.000 0.092 0.995
20.952 -470.276 -70.330 -0.036 0.000 0.093 0.995
20.938 -470.202 -70.336 -0.037 0.000 0.094 0.995
20.915 -470.082 -70.345 -0.037 0.000 0.096 0.995
20.897 -469.991 -70.352 -0.038 0.000 0.098 0.994
20.881 -469.914 -70.358 -0.038 0.000 0.099 0.994
20.863 -469.823 -70.365 -0.039 0.000 0.101 0.994
20.842 -469.721 -70.373 -0.040 0.000 0.103 0.994
20.818 -469.607 -70.382 -0.041 0.000 0.104 0.994
20.797 -469.512 -70.391 -0.041 0.000 0.106 0.994
20.778 -469.424 -70.398 -0.042 0.000 0.107 0.993
20.749 -469.291 -70.409 -0.043 0.000 0.109 0.993
20.725 -469.184 -70.419 -0.043 0.000 0.110 0.993
20.711 -469.122 -70.424 -0.044 0.000 0.111 0.993
20.688 -469.021 -70.433 -0.044 0.000 0.113 0.993
20.662 -468.909 -70.444 -0.045 0.000 0.114 0.992
20.637 -468.802 -70.454 -0.046 0.000 0.116 0.992
20.618 -468.722 -70.461 -0.046 0.000 0.117 0.992
20.592 -468.616 -70.471 -0.047 0.000 0.118 0.992
20.564 -468.502 -70.482 -0.047 0.000 0.120 0.992
20.538 -468.397 -70.493 -0.048 0.000 0.121 0.991
20.516 -468.306 -70.502 -0.049 0.000 0.123 0.991
20.493 -468.215 -70.511 -0.050 0.000 0.124 0.991
20.460 -468.089 -70.524 -0.050 0.000 0.125 0.991
20.435 -467.991 -70.534 -0.051 0.000 0.127 0.991
20.401 -467.863 -70.548 -0.051 0.000 0.129 0.990
20.375 -467.766 -70.558 -0.052 0.000 0.131 0.990
20.356 -467.695 -70.565 -0.052 0.000 0.132 0.990
20.337 -467.625 -70.573 -0.052 0.000 0.133 0.990
20.314 -467.544 -70.582 -0.053 0.000 0.134 0.990
20.293 -467.468 -70.590 -0.054 0.000 0.135 0.989
20.268 -467.376 -70.601 -0.054 0.000 0.137 0.989
20.241 -467.282 -70.611 -0.055 0.000 0.138 0.989
20.220 -467.211 -70.619 -0.055 0.000 0.139 0.989
20.203 -467.149 -70.627 -0.056 0.000 0.140 0.989
20.176 -467.058 -70.637 -0.056 0.000 0.141 0.988
20.143 -466.946 -70.650 -0.056 0.000 0.142 0.988
20.116 -466.853 -70.661 -0.056 0.000 0.143 0.988
20.091 -466.769 -70.671 -0.057 0.000 0.144 0.988
20.071 -466.703 -70.679 -0.057 0.000 0.145 0.988
20.037 -466.591 -70.692 -0.058 0.000 0.146 0.988
20.014 -466.516 -70.701 -0.058 0.000 0.147 0.987
19.988 -466.432 -70.711 -0.058 0.000 0.148 0.987
19.955 -466.325 -70.724 -0.059 0.000 0.150 0.987
19.919 -466.208 -70.738 -0.059 0.000 0.151 0.987
19.881 -466.088 -70.753 -0.060 0.000 0.152 0.986
19.845 -465.975 -70.768 -0.060 0.000 0.154 0.986
19.820 -465.898 -70.777 -0.060 0.000 0.154 0.986
19.789 -465.802 -70.789 -0.061 0.000 0.155 0.986
19.759 -465.710 -70.801 -0.061 0.000 0.156 0.986
19.734 -465.634 -70.811 -0.061 0.000 0.157 0.986
19.711 -465.564 -70.820 -0.062 0.000 0.158 0.986
19.679 -465.467 -70.832 -0.062 0.000 0.159 0.985
19.649 -465.377 -70.844 -0.063 0.000 0.159 0.985
19.594 -465.215 -70.865 -0.063 0.000 0.161 0.985
19.557 -465.104 -70.880 -0.063 0.000 0.162 0.985
19.530 -465.025 -70.890 -0.063 0.000 0.163 0.985
19.498 -464.932 -70.903 -0.064 0.000 0.164 0.984
19.453 -464.801 -70.920 -0.064 0.000 0.166 0.984
19.423 -464.715 -70.932 -0.064 0.000 0.167 0.984
19.393 -464.630 -70.943 -0.065 0.000 0.168 0.984
19.344 -464.492 -70.962 -0.065 0.000 0.169 0.984
19.317 -464.415 -70.973 -0.065 0.000 0.170 0.983
19.286 -464.330 -70.984 -0.066 0.000 0.170 0.983
19.254 -464.240 -70.997 -0.066 0.000 0.171 0.983
19.224 -464.158 -71.008 -0.066 0.000 0.172 0.983
19.188 -464.059 -71.022 -0.067 0.000 0.173 0.983
19.151 -463.957 -71.036 -0.067 0.000 0.173 0.983
19.111 -463.848 -71.052 -0.067 0.000 0.174 0.982
19.085 -463.778 -71.062 -0.067 0.000 0.175 0.982
19.054 -463.693 -71.074 -0.068 0.000 0.176 0.982
19.017 -463.594 -71.088 -0.068 0.000 0.176 0.982
18.983 -463.502 -71.101 -0.068 0.000 0.177 0.982
18.939 -463.386 -71.118 -0.068 0.000 0.177 0.982
18.898 -463.277 -71.133 -0.068 0.000 0.178 0.982
18.858 -463.171 -71.149 -0.068 0.000 0.179 0.982
18.814 -463.054 -71.166 -0.068 0.000 0.180 0.981
18.778 -462.960 -71.179 -0.068 0.001 0.181 0.981
18.738 -462.856 -71.194 -0.068 0.001 0.181 0.981
18.703 -462.765 -71.207 -0.069 0.001 0.182 0.981
18.664 -462.664 -71.222 -0.068 0.001 0.183 0.981
18.618 -462.545 -71.239 -0.068 0.001 0.183 0.981
18.582 -462.453 -71.252 -0.068 0.001 0.184 0.981
18.544 -462.357 -71.266 -0.068 0.001 0.185 0.980
18.509 -462.266 -71.279 -0.068 0.001 0.186 0.980
18.471 -462.172 -71.293 -0.068 0.001 0.186 0.980
18.434 -462.079 -71.306 -0.068 0.001 0.187 0.980
18.383 -461.951 -71.324 -0.068 0.001 0.188 0.980
18.347 -461.860 -71.338 -0.068 0.001 0.188 0.980
18.321 -461.795 -71.347 -0.068 0.001 0.189 0.980
18.283 -461.702 -71.361 -0.068 0.001 0.189 0.980
18.231 -461.573 -71.379 -0.068 0.001 0.190 0.979
18.198 -461.491 -71.391 -0.068 0.001 0.191 0.979
18.163 -461.407 -71.403 -0.068 0.001 0.191 0.979
18.142 -461.354 -71.411 -0.068 0.001 0.191 0.979
18.106 -461.265 -71.424 -0.068 0.001 0.192 0.979
18.064 -461.163 -71.439 -0.068 0.001 0.193 0.979
18.018 -461.052 -71.455 -0.068 0.001 0.193 0.979
17.991 -460.987 -71.464 -0.068 0.001 0.194 0.979
17.946 -460.879 -71.480 -0.068 0.001 0.194 0.979
17.909 -460.789 -71.493 -0.068 0.001 0.194 0.979
17.863 -460.678 -71.509 -0.068 0.002 0.195 0.978
17.825 -460.587 -71.522 -0.068 0.002 0.196 0.978
17.777 -460.474 -71.539 -0.068 0.002 0.197 0.978
17.736 -460.377 -71.553 -0.068 0.002 0.197 0.978
17.694 -460.277 -71.568 -0.068 0.002 0.198 0.978
17.643 -460.157 -71.585 -0.068 0.002 0.198 0.978
17.599 -460.054 -71.600 -0.068 0.002 0.199 0.978
17.558 -459.957 -71.614 -0.068 0.002 0.199 0.978
17.528 -459.889 -71.624 -0.068 0.002 0.200 0.977
17.503 -459.829 -71.633 -0.068 0.002 0.200 0.977
17.463 -459.738 -71.646 -0.068 0.002 0.201 0.977
17.433 -459.667 -71.656 -0.068 0.002 0.201 0.977
17.392 -459.573 -71.670 -0.068 0.002 0.202 0.977
17.341 -459.455 -71.687 -0.069 0.002 0.202 0.977
17.291 -459.342 -71.704 -0.069 0.002 0.203 0.977
17.264 -459.280 -71.713 -0.069 0.002 0.203 0.977
17.226 -459.193 -71.726 -0.069 0.002 0.204 0.977
17.196 -459.124 -71.736 -0.069 0.002 0.204 0.976
17.136 -458.989 -71.756 -0.069 0.002 0.205 0.976
17.110 -458.930 -71.765 -0.069 0.002 0.206 0.976
17.053 -458.803 -71.783 -0.069 0.002 0.206 0.976
17.021 -458.730 -71.794 -0.070 0.002 0.207 0.976
16.989 -458.659 -71.805 -0.070 0.002 0.207 0.976
16.958 -458.589 -71.816 -0.070 0.002 0.208 0.976
16.930 -458.528 -71.825 -0.070 0.002 0.208 0.976
16.888 -458.433 -71.839 -0.070 0.002 0.209 0.975
16.824 -458.292 -71.860 -0.069 0.002 0.210 0.975
16.779 -458.194 -71.874 -0.069 0.002 0.211 0.975
16.740 -458.109 -71.887 -0.069 0.002 0.212 0.975
16.691 -458.001 -71.903 -0.069 0.003 0.212 0.975
16.644 -457.899 -71.918 -0.069 0.003 0.212 0.975
16.586 -457.774 -71.937 -0.069 0.003 0.213 0.975
16.545 -457.686 -71.949 -0.069 0.003 0.214 0.974
16.519 -457.629 -71.958 -0.069 0.003 0.214 0.974
16.477 -457.538 -71.971 -0.069 0.003 0.215 0.974
16.436 -457.450 -71.984 -0.069 0.003 0.216 0.974
16.392 -457.357 -71.998 -0.069 0.003 0.216 0.974
16.344 -457.256 -72.013 -0.069 0.003 0.217 0.974
16.275 -457.109 -72.035 -0.069 0.003 0.218 0.974
16.230 -457.014 -72.049 -0.069 0.003 0.218 0.973
16.193 -456.937 -72.061 -0.069 0.003 0.219 0.973
16.153 -456.853 -72.073 -0.069 0.003 0.219 0.973
16.120 -456.785 -72.083 -0.069 0.003 0.220 0.973
16.086 -456.714 -72.093 -0.069 0.003 0.220 0.973
16.045 -456.628 -72.106 -0.069 0.003 0.221 0.973
16.010 -456.555 -72.117 -0.069 0.003 0.221 0.973
15.953 -456.438 -72.134 -0.069 0.003 0.222 0.972
15.907 -456.342 -72.149 -0.069 0.003 0.223 0.972
15.865 -456.257 -72.162 -0.069 0.003 0.223 0.972
15.814 -456.153 -72.177 -0.068 0.004 0.224 0.972
15.777 -456.078 -72.188 -0.068 0.004 0.224 0.972
15.752 -456.026 -72.196 -0.068 0.004 0.224 0.972
15.720 -455.961 -72.205 -0.068 0.004 0.225 0.972
15.667 -455.854 -72.221 -0.068 0.004 0.225 0.972
15.622 -455.763 -72.235 -0.068 0.004 0.226 0.972
15.569 -455.655 -72.250 -0.068 0.004 0.226 0.972
15.522 -455.559 -72.264 -0.068 0.004 0.226 0.972
15.481 -455.477 -72.276 -0.068 0.004 0.227 0.972
15.444 -455.402 -72.287 -0.068 0.004 0.227 0.971
15.374 -455.262 -72.308 -0.068 0.004 0.228 0.971
15.324 -455.162 -72.322 -0.067 0.004 0.228 0.971
15.277 -455.068 -72.336 -0.068 0.004 0.229 0.971
15.238 -454.992 -72.347 -0.067 0.004 0.229 0.971
15.198 -454.912 -72.359 -0.067 0.004 0.230 0.971
15.156 -454.829 -72.371 -0.067 0.004 0.230 0.971
15.092 -454.702 -72.389 -0.067 0.004 0.231 0.971
15.038 -454.597 -72.405 -0.067 0.004 0.232 0.970
14.986 -454.496 -72.419 -0.067 0.004 0.232 0.970
14.939 -454.404 -72.433 -0.067 0.005 0.233 0.970
14.891 -454.311 -72.446 -0.066 0.005 0.233 0.970
14.855 -454.238 -72.456 -0.066 0.005 0.233 0.970
14.823 -454.177 -72.465 -0.066 0.005 0.234 0.970
14.786 -454.104 -72.475 -0.066 0.005 0.234 0.970
14.734 -454.005 -72.490 -0.066 0.005 0.234 0.970
14.693 -453.925 -72.501 -0.066 0.005 0.235 0.970
14.652 -453.846 -72.512 -0.066 0.005 0.235 0.970
14.607 -453.760 -72.525 -0.066 0.005 0.235 0.970
14.575 -453.698 -72.533 -0.066 0.005 0.236 0.970
14.528 -453.607 -72.546 -0.066 0.005 0.236 0.969
14.472 -453.501 -72.562 -0.066 0.005 0.237 0.969
14.419 -453.400 -72.576 -0.066 0.005 0.238 0.969
14.369 -453.305 -72.589 -0.066 0.005 0.238 0.969
14.319 -453.211 -72.603 -0.066 0.005 0.239 0.969
14.260 -453.098 -72.619 -0.066 0.005 0.239 0.969
