26.392 -423.622 -82.404 -0.025 0.000 0.049 0.998
26.384 -423.539 -82.408 -0.025 0.000 0.051 0.998
26.370 -423.406 -82.415 -0.026 0.000 0.053 0.998
26.359 -423.307 -82.420 -0.027 0.000 0.055 0.998
26.343 -423.160 -82.428 -0.028 0.000 0.057 0.998
26.333 -423.075 -82.433 -0.028 0.000 0.058 0.998
26.323 -422.987 -82.438 -0.029 0.000 0.060 0.998
26.305 -422.847 -82.446 -0.030 0.000 0.062 0.998
26.287 -422.705 -82.455 -0.031 0.000 0.065 0.997
26.274 -422.602 -82.462 -0.032 0.000 0.066 0.997
26.253 -422.450 -82.471 -0.032 0.000 0.069 0.997
26.238 -422.345 -82.478 -0.033 0.000 0.071 0.997
26.214 -422.182 -82.489 -0.034 0.000 0.073 0.997
26.198 -422.075 -82.496 -0.035 0.000 0.075 0.997
26.181 -421.961 -82.505 -0.035 0.000 0.077 0.996
26.161 -421.837 -82.513 -0.036 0.000 0.078 0.996
26.143 -421.720 -82.522 -0.037 0.000 0.080 0.996
26.129 -421.640 -82.528 -0.037 0.000 0.081 0.996
26.112 -421.536 -82.536 -0.037 0.000 0.083 0.996
26.093 -421.425 -82.544 -0.038 0.000 0.085 0.996
26.077 -421.332 -82.552 -0.039 0.000 0.086 0.996
26.063 -421.253 -82.558 -0.039 0.000 0.087 0.995
26.044 -421.145 -82.567 -0.040 0.000 0.089 0.995
26.032 -421.079 -82.572 -0.041 0.000 0.090 0.995
26.008 -420.951 -82.583 -0.041 0.000 0.092 0.995
25.991 -420.859 -82.590 -0.042 0.000 0.094 0.995
25.965 -420.728 -82.602 -0.043 0.000 0.097 0.994
25.947 -420.635 -82.610 -0.044 0.000 0.098 0.994
25.931 -420.556 -82.617 -0.045 0.000 0.099 0.994
25.912 -420.463 -82.626 -0.046 0.000 0.101 0.994
25.893 -420.374 -82.634 -0.046 0.000 0.103 0.994
25.865 -420.239 -82.647 -0.047 0.000 0.105 0.993
25.843 -420.137 -82.657 -0.048 0.000 0.107 0.993
25.816 -420.016 -82.669 -0.049 0.000 0.109 0.993
25.801 -419.948 -82.676 -0.050 0.000 0.110 0.993
25.783 -419.870 -82.684 -0.050 0.000 0.111 0.992
25.755 -419.747 -82.697 -0.051 0.000 0.114 0.992
25.732 -419.651 -82.707 -0.052 0.000 0.115 0.992
25.714 -419.575 -82.715 -0.053 0.000 0.116 0.992
25.690 -419.473 -82.726 -0.053 0.000 0.118 0.992
25.673 -419.405 -82.734 -0.054 0.000 0.120 0.991
25.642 -419.279 -82.748 -0.055 0.000 0.121 0.991
25.611 -419.158 -82.761 -0.056 0.000 0.123 0.991
25.580 -419.034 -82.776 -0.057 0.000 0.126 0.990
25.555 -418.941 -82.787 -0.057 0.000 0.127 0.990
25.532 -418.854 -82.797 -0.058 0.000 0.129 0.990
25.498 -418.726 -82.812 -0.059 0.000 0.131 0.990
25.464 -418.600 -82.828 -0.060 0.000 0.134 0.989
25.432 -418.486 -82.842 -0.061 0.000 0.136 0.989
25.398 -418.367 -82.857 -0.061 0.000 0.138 0.988
25.365 -418.252 -82.872 -0.063 0.000 0.141 0.988
25.332 -418.142 -82.886 -0.064 0.000 0.143 0.988
25.315 -418.084 -82.894 -0.064 0.000 0.144 0.988
25.278 -417.962 -82.911 -0.065 0.000 0.146 0.987
25.250 -417.869 -82.923 -0.065 0.000 0.147 0.987
25.228 -417.797 -82.933 -0.066 0.000 0.148 0.987
25.194 -417.689 -82.948 -0.067 0.000 0.150 0.986
25.165 -417.595 -82.961 -0.067 0.000 0.152 0.986
25.131 -417.488 -82.976 -0.068 0.000 0.153 0.986
25.099 -417.391 -82.990 -0.068 0.000 0.155 0.986
25.077 -417.323 -83.000 -0.069 0.000 0.156 0.985
25.054 -417.253 -83.010 -0.069 0.000 0.158 0.985
25.030 -417.180 -83.020 -0.070 0.000 0.159 0.985
24.997 -417.083 -83.035 -0.071 0.000 0.160 0.985
24.964 -416.984 -83.050 -0.072 0.000 0.162 0.984
24.937 -416.906 -83.061 -0.073 0.000 0.164 0.984
24.903 -416.808 -83.076 -0.073 0.000 0.165 0.984
24.875 -416.727 -83.089 -0.074 0.000 0.167 0.983
24.842 -416.633 -83.104 -0.074 0.000 0.169 0.983
24.814 -416.555 -83.116 -0.075 0.000 0.170 0.983
24.768 -416.429 -83.136 -0.076 0.000 0.172 0.982
24.726 -416.313 -83.155 -0.077 0.000 0.174 0.982
24.671 -416.166 -83.179 -0.078 0.000 0.177 0.981
24.644 -416.093 -83.191 -0.078 0.000 0.178 0.981
24.604 -415.989 -83.208 -0.079 0.000 0.179 0.981
24.563 -415.881 -83.226 -0.080 0.000 0.181 0.980
24.514 -415.756 -83.248 -0.081 0.000 0.184 0.980
24.473 -415.651 -83.266 -0.082 0.000 0.186 0.979
24.438 -415.564 -83.281 -0.082 0.000 0.187 0.979
24.395 -415.456 -83.300 -0.083 0.000 0.189 0.979
24.375 -415.407 -83.309 -0.083 0.000 0.190 0.978
24.342 -415.325 -83.323 -0.084 0.000 0.191 0.978
24.288 -415.195 -83.347 -0.085 0.000 0.193 0.977
24.251 -415.106 -83.363 -0.086 0.000 0.195 0.977
24.221 -415.034 -83.377 -0.086 0.000 0.196 0.977
24.199 -414.982 -83.386 -0.086 0.001 0.197 0.977
24.167 -414.907 -83.400 -0.087 0.001 0.199 0.976
24.131 -414.824 -83.416 -0.088 0.001 0.200 0.976
24.094 -414.739 -83.432 -0.088 0.001 0.202 0.975
24.069 -414.682 -83.443 -0.089 0.001 0.203 0.975
24.011 -414.550 -83.468 -0.090 0.001 0.205 0.975
23.972 -414.462 -83.485 -0.090 0.001 0.207 0.974
23.932 -414.375 -83.503 -0.091 0.000 0.208 0.974
23.876 -414.252 -83.527 -0.092 0.001 0.211 0.973
23.818 -414.126 -83.553 -0.093 0.001 0.213 0.973
23.766 -414.015 -83.575 -0.094 0.001 0.215 0.972
23.727 -413.933 -83.592 -0.095 0.001 0.217 0.972
23.681 -413.835 -83.612 -0.095 0.001 0.218 0.971
23.643 -413.756 -83.629 -0.096 0.001 0.220 0.971
23.584 -413.635 -83.655 -0.097 0.001 0.223 0.970
23.545 -413.555 -83.672 -0.098 0.001 0.224 0.970
23.513 -413.492 -83.685 -0.098 0.001 0.226 0.969
23.456 -413.377 -83.710 -0.099 0.001 0.228 0.969
23.412 -413.291 -83.729 -0.100 0.001 0.230 0.968
23.352 -413.173 -83.755 -0.101 0.001 0.232 0.968
23.302 -413.076 -83.777 -0.102 0.001 0.234 0.967
23.243 -412.964 -83.803 -0.103 0.001 0.236 0.966
23.162 -412.811 -83.838 -0.104 0.001 0.239 0.965
23.121 -412.735 -83.856 -0.105 0.001 0.241 0.965
23.067 -412.636 -83.879 -0.106 0.001 0.243 0.964
23.025 -412.559 -83.897 -0.107 0.001 0.244 0.964
22.978 -412.473 -83.918 -0.107 0.001 0.246 0.963
22.946 -412.415 -83.932 -0.108 0.001 0.247 0.963
22.902 -412.337 -83.951 -0.109 0.001 0.249 0.962
22.858 -412.259 -83.970 -0.109 0.001 0.251 0.962
22.819 -412.190 -83.987 -0.110 0.000 0.252 0.961
22.743 -412.058 -84.020 -0.112 0.000 0.254 0.961
22.674 -411.939 -84.051 -0.113 0.000 0.256 0.960
22.631 -411.865 -84.070 -0.114 0.000 0.258 0.959
22.566 -411.757 -84.099 -0.114 0.000 0.260 0.959
22.509 -411.661 -84.124 -0.115 0.000 0.262 0.958
22.457 -411.575 -84.147 -0.116 0.000 0.264 0.958
22.420 -411.515 -84.163 -0.117 0.000 0.265 0.957
22.372 -411.435 -84.184 -0.117 0.000 0.266 0.957
22.304 -411.326 -84.214 -0.118 0.000 0.269 0.956
22.261 -411.256 -84.233 -0.118 0.000 0.270 0.956
22.197 -411.156 -84.260 -0.119 0.001 0.272 0.955
22.135 -411.057 -84.288 -0.120 0.000 0.274 0.954
22.067 -410.951 -84.317 -0.121 0.000 0.276 0.953
22.006 -410.857 -84.344 -0.122 0.001 0.278 0.953
21.956 -410.780 -84.366 -0.122 0.001 0.280 0.952
21.884 -410.670 -84.397 -0.123 0.001 0.282 0.952
21.848 -410.617 -84.412 -0.123 0.001 0.283 0.951
21.796 -410.539 -84.435 -0.124 0.001 0.285 0.951
21.733 -410.445 -84.463 -0.125 0.001 0.287 0.950
21.689 -410.381 -84.482 -0.126 0.001 0.288 0.949
21.644 -410.315 -84.501 -0.126 0.001 0.289 0.949
21.594 -410.243 -84.523 -0.127 0.001 0.291 0.948
21.549 -410.177 -84.543 -0.128 0.001 0.292 0.948
21.508 -410.118 -84.561 -0.128 0.001 0.294 0.947
21.461 -410.051 -84.582 -0.129 0.000 0.295 0.947
21.388 -409.949 -84.613 -0.130 0.001 0.297 0.946
21.327 -409.864 -84.640 -0.131 0.001 0.299 0.945
21.276 -409.794 -84.662 -0.131 0.001 0.301 0.945
21.199 -409.688 -84.696 -0.133 0.000 0.303 0.944
21.159 -409.634 -84.713 -0.133 0.001 0.305 0.943
21.077 -409.523 -84.749 -0.134 0.001 0.307 0.942
21.015 -409.440 -84.776 -0.135 0.001 0.309 0.941
20.961 -409.369 -84.799 -0.135 0.001 0.311 0.941
20.913 -409.306 -84.820 -0.136 0.001 0.312 0.940
20.845 -409.218 -84.850 -0.137 0.001 0.314 0.940
20.797 -409.156 -84.871 -0.137 0.001 0.315 0.939
20.725 -409.063 -84.902 -0.138 0.001 0.317 0.938
20.666 -408.988 -84.928 -0.139 0.001 0.319 0.938
20.618 -408.928 -84.948 -0.139 0.001 0.320 0.937
20.538 -408.828 -84.983 -0.140 0.001 0.323 0.936
20.464 -408.735 -85.015 -0.141 0.001 0.325 0.935
20.414 -408.674 -85.037 -0.142 0.001 0.326 0.935
20.338 -408.581 -85.070 -0.143 0.001 0.329 0.934
20.297 -408.533 -85.087 -0.144 0.001 0.330 0.933
20.255 -408.482 -85.106 -0.144 0.001 0.331 0.933
20.203 -408.420 -85.128 -0.145 0.001 0.332 0.932
20.116 -408.317 -85.166 -0.146 0.001 0.335 0.931
20.044 -408.233 -85.197 -0.147 0.000 0.337 0.930
19.988 -408.168 -85.222 -0.148 0.000 0.338 0.929
19.907 -408.074 -85.258 -0.149 0.000 0.341 0.928
19.836 -407.994 -85.288 -0.150 0.000 0.342 0.928
19.782 -407.932 -85.312 -0.151 0.000 0.344 0.927
19.681 -407.819 -85.357 -0.152 0.000 0.346 0.926
19.602 -407.731 -85.391 -0.153 0.000 0.348 0.925
19.549 -407.672 -85.415 -0.154 0.000 0.350 0.924
19.496 -407.615 -85.438 -0.154 0.000 0.351 0.923
19.431 -407.545 -85.466 -0.155 0.000 0.353 0.923
19.361 -407.470 -85.497 -0.156 0.000 0.355 0.922
19.313 -407.418 -85.518 -0.157 0.000 0.357 0.921
19.285 -407.389 -85.531 -0.157 0.000 0.357 0.921
19.230 -407.331 -85.555 -0.158 0.000 0.359 0.920
19.151 -407.248 -85.590 -0.159 0.000 0.361 0.919
19.069 -407.164 -85.626 -0.160 0.000 0.362 0.918
18.991 -407.083 -85.660 -0.161 0.000 0.364 0.917
18.912 -407.003 -85.695 -0.162 0.000 0.366 0.916
18.847 -406.938 -85.723 -0.162 0.000 0.368 0.916
18.785 -406.876 -85.751 -0.163 0.000 0.370 0.915
18.706 -406.798 -85.786 -0.164 0.000 0.371 0.914
18.608 -406.702 -85.829 -0.165 0.000 0.374 0.913
18.552 -406.647 -85.853 -0.165 0.000 0.375 0.912
18.481 -406.579 -85.885 -0.166 0.000 0.377 0.911
18.400 -406.500 -85.921 -0.167 0.000 0.379 0.910
18.293 -406.399 -85.968 -0.168 0.000 0.382 0.909
18.237 -406.347 -85.993 -0.169 0.000 0.383 0.908
18.157 -406.272 -86.028 -0.170 0.000 0.385 0.907
18.097 -406.218 -86.055 -0.171 0.000 0.386 0.907
18.002 -406.131 -86.097 -0.172 0.000 0.388 0.905
17.938 -406.073 -86.125 -0.173 0.000 0.390 0.905
17.856 -405.999 -86.162 -0.174 0.000 0.392 0.904
17.779 -405.931 -86.196 -0.174 0.000 0.394 0.903
17.709 -405.869 -86.227 -0.175 0.000 0.395 0.902
17.612 -405.784 -86.270 -0.175 0.000 0.397 0.901
17.548 -405.729 -86.297 -0.176 0.000 0.399 0.900
17.458 -405.651 -86.337 -0.177 0.000 0.401 0.899
17.364 -405.571 -86.379 -0.177 0.000 0.403 0.898
17.307 -405.524 -86.404 -0.178 0.000 0.404 0.897
17.241 -405.469 -86.433 -0.179 0.000 0.406 0.896
17.199 -405.433 -86.451 -0.179 0.000 0.407 0.896
17.137 -405.382 -86.479 -0.180 0.000 0.408 0.895
17.079 -405.335 -86.504 -0.180 0.000 0.409 0.894
17.017 -405.284 -86.531 -0.181 0.000 0.410 0.894
16.947 -405.227 -86.562 -0.181 0.000 0.412 0.893
16.883 -405.175 -86.590 -0.182 0.000 0.413 0.892
16.813 -405.119 -86.621 -0.182 0.000 0.415 0.891
16.731 -405.054 -86.657 -0.183 0.000 0.416 0.891
16.632 -404.977 -86.700 -0.184 0.000 0.419 0.889
16.575 -404.932 -86.726 -0.185 0.000 0.420 0.889
16.509 -404.881 -86.754 -0.185 0.000 0.421 0.888
16.433 -404.823 -86.788 -0.186 0.000 0.423 0.887
16.373 -404.777 -86.814 -0.186 0.000 0.424 0.886
16.273 -404.701 -86.858 -0.187 0.000 0.427 0.885
16.207 -404.652 -86.887 -0.188 0.000 0.428 0.884
16.124 -404.590 -86.923 -0.189 0.000 0.430 0.883
16.014 -404.510 -86.971 -0.189 0.000 0.432 0.882
15.922 -404.443 -87.012 -0.190 0.001 0.434 0.880
15.856 -404.396 -87.041 -0.191 0.001 0.436 0.880
15.739 -404.313 -87.092 -0.192 0.001 0.438 0.878
15.667 -404.262 -87.123 -0.192 0.001 0.439 0.878
15.630 -404.236 -87.139 -0.193 0.001 0.440 0.877
15.523 -404.162 -87.186 -0.193 0.001 0.442 0.876
15.409 -404.084 -87.236 -0.194 0.001 0.444 0.875
15.341 -404.037 -87.266 -0.195 0.001 0.446 0.874
15.253 -403.978 -87.304 -0.196 0.001 0.448 0.873
15.137 -403.901 -87.355 -0.197 0.001 0.450 0.871
15.051 -403.845 -87.392 -0.198 0.001 0.452 0.870
14.995 -403.808 -87.416 -0.198 0.001 0.453 0.869
14.924 -403.762 -87.447 -0.199 0.001 0.454 0.869
14.881 -403.734 -87.466 -0.199 0.001 0.455 0.868
14.787 -403.674 -87.507 -0.200 0.001 0.456 0.867
14.653 -403.589 -87.566 -0.201 0.001 0.459 0.865
14.557 -403.529 -87.608 -0.201 0.001 0.461 0.864
14.483 -403.484 -87.640 -0.202 0.001 0.462 0.864
14.420 -403.445 -87.668 -0.203 0.001 0.463 0.863
14.290 -403.366 -87.725 -0.203 0.001 0.465 0.862
14.204 -403.314 -87.762 -0.204 0.001 0.466 0.861
14.095 -403.249 -87.810 -0.205 0.001 0.468 0.860
14.038 -403.216 -87.834 -0.205 0.001 0.469 0.859
13.925 -403.150 -87.884 -0.206 0.001 0.472 0.857
13.826 -403.093 -87.927 -0.207 0.001 0.474 0.856
13.723 -403.034 -87.972 -0.208 0.001 0.475 0.855
13.635 -402.984 -88.010 -0.208 0.001 0.477 0.854
13.552 -402.937 -88.046 -0.209 0.001 0.478 0.853
13.475 -402.894 -88.079 -0.210 0.001 0.480 0.852
13.396 -402.850 -88.114 -0.210 0.001 0.481 0.851
13.312 -402.805 -88.151 -0.211 0.001 0.482 0.850
13.203 -402.746 -88.198 -0.211 0.001 0.484 0.849
13.142 -402.713 -88.225 -0.212 0.001 0.485 0.849
13.090 -402.685 -88.247 -0.212 0.001 0.486 0.848
13.033 -402.655 -88.272 -0.213 0.001 0.487 0.847
12.976 -402.625 -88.297 -0.213 0.001 0.488 0.846
12.875 -402.573 -88.341 -0.214 0.001 0.490 0.845
12.773 -402.521 -88.385 -0.214 0.001 0.492 0.844
12.719 -402.493 -88.408 -0.215 0.001 0.493 0.843
12.594 -402.430 -88.463 -0.216 0.001 0.495 0.842
12.492 -402.380 -88.507 -0.217 0.001 0.497 0.840
12.440 -402.354 -88.530 -0.217 0.001 0.498 0.840
12.338 -402.304 -88.574 -0.217 0.001 0.500 0.838
12.189 -402.232 -88.639 -0.219 0.001 0.502 0.837
12.103 -402.191 -88.676 -0.219 0.001 0.503 0.836
12.002 -402.144 -88.720 -0.221 0.001 0.505 0.835
11.900 -402.097 -88.764 -0.221 0.001 0.507 0.833
11.833 -402.066 -88.794 -0.222 0.001 0.508 0.833
11.785 -402.044 -88.814 -0.222 0.001 0.508 0.832
11.697 -402.005 -88.853 -0.223 0.001 0.510 0.831
11.593 -401.958 -88.898 -0.223 0.001 0.512 0.830
11.481 -401.909 -88.947 -0.224 0.001 0.514 0.828
11.427 -401.886 -88.970 -0.224 0.001 0.514 0.828
11.369 -401.861 -88.995 -0.224 0.001 0.515 0.827
11.209 -401.792 -89.065 -0.225 0.001 0.518 0.825
11.134 -401.760 -89.097 -0.226 0.001 0.519 0.825
11.038 -401.720 -89.139 -0.226 0.002 0.521 0.823
10.936 -401.678 -89.183 -0.227 0.001 0.522 0.822
10.883 -401.657 -89.206 -0.227 0.002 0.523 0.821
10.760 -401.607 -89.259 -0.228 0.002 0.525 0.820
10.645 -401.561 -89.308 -0.229 0.002 0.527 0.818
10.553 -401.525 -89.348 -0.229 0.002 0.529 0.817
10.445 -401.484 -89.394 -0.229 0.002 0.530 0.816
10.360 -401.451 -89.431 -0.230 0.002 0.532 0.815
10.270 -401.417 -89.470 -0.231 0.002 0.533 0.814
10.182 -401.384 -89.508 -0.231 0.002 0.535 0.813
10.125 -401.363 -89.532 -0.232 0.002 0.536 0.812
10.037 -401.331 -89.570 -0.232 0.002 0.537 0.811
9.917 -401.288 -89.621 -0.233 0.002 0.539 0.810
9.778 -401.239 -89.681 -0.234 0.002 0.541 0.808
9.703 -401.213 -89.713 -0.234 0.002 0.542 0.807
9.658 -401.197 -89.732 -0.234 0.002 0.543 0.807
