24.700 -458.385 -70.112 -0.001 0.000 0.002 1.000
24.699 -458.265 -70.112 -0.002 0.000 0.004 1.000
24.698 -458.198 -70.112 -0.002 0.000 0.005 1.000
24.697 -458.088 -70.113 -0.003 0.000 0.007 1.000
24.695 -457.952 -70.114 -0.004 0.000 0.010 1.000
24.692 -457.814 -70.115 -0.005 0.000 0.012 1.000
24.687 -457.656 -70.117 -0.006 0.000 0.015 1.000
24.685 -457.575 -70.118 -0.007 0.000 0.017 1.000
24.681 -457.462 -70.120 -0.007 0.000 0.019 1.000
24.675 -457.326 -70.122 -0.008 0.000 0.021 1.000
24.672 -457.262 -70.123 -0.009 0.000 0.023 1.000
24.669 -457.190 -70.124 -0.010 0.000 0.024 1.000
24.659 -457.008 -70.128 -0.012 0.000 0.027 1.000
24.654 -456.917 -70.130 -0.013 0.000 0.029 0.999
24.645 -456.759 -70.134 -0.014 0.000 0.032 0.999
24.642 -456.713 -70.136 -0.015 0.000 0.033 0.999
24.634 -456.606 -70.139 -0.016 0.000 0.035 0.999
24.627 -456.510 -70.142 -0.016 0.000 0.037 0.999
24.621 -456.431 -70.145 -0.017 0.000 0.038 0.999
24.613 -456.322 -70.149 -0.018 0.000 0.040 0.999
24.606 -456.238 -70.152 -0.018 0.000 0.042 0.999
24.598 -456.139 -70.155 -0.019 0.000 0.043 0.999
24.589 -456.041 -70.159 -0.020 0.000 0.045 0.999
24.581 -455.951 -70.163 -0.021 0.000 0.046 0.999
24.573 -455.867 -70.167 -0.022 0.000 0.048 0.999
24.565 -455.788 -70.170 -0.022 0.000 0.049 0.999
24.553 -455.667 -70.176 -0.023 0.000 0.051 0.998
24.538 -455.529 -70.182 -0.023 0.000 0.054 0.998
24.526 -455.420 -70.187 -0.024 0.000 0.056 0.998
24.516 -455.329 -70.192 -0.025 0.000 0.057 0.998
24.502 -455.212 -70.198 -0.026 0.000 0.060 0.998
24.487 -455.093 -70.204 -0.027 0.000 0.062 0.998
24.472 -454.971 -70.211 -0.028 0.000 0.064 0.998
24.461 -454.888 -70.215 -0.028 0.000 0.065 0.997
24.441 -454.737 -70.224 -0.030 0.000 0.068 0.997
24.424 -454.619 -70.231 -0.030 0.000 0.070 0.997
24.415 -454.554 -70.235 -0.031 0.000 0.071 0.997
24.401 -454.455 -70.241 -0.031 0.000 0.073 0.997
24.384 -454.344 -70.249 -0.032 0.000 0.075 0.997
24.373 -454.269 -70.253 -0.033 0.000 0.076 0.997
24.356 -454.165 -70.260 -0.033 0.000 0.078 0.996
24.339 -454.055 -70.268 -0.034 0.000 0.080 0.996
24.324 -453.965 -70.274 -0.035 0.000 0.082 0.996
24.308 -453.867 -70.281 -0.036 0.000 0.084 0.996
24.287 -453.744 -70.290 -0.037 0.000 0.086 0.996
24.265 -453.621 -70.300 -0.037 0.000 0.088 0.995
24.251 -453.544 -70.306 -0.038 0.000 0.089 0.995
24.234 -453.452 -70.313 -0.039 0.000 0.091 0.995
24.222 -453.387 -70.318 -0.039 0.000 0.092 0.995
24.211 -453.327 -70.323 -0.040 0.000 0.093 0.995
24.187 -453.200 -70.333 -0.041 0.000 0.095 0.995
24.159 -453.056 -70.345 -0.042 0.000 0.098 0.994
24.146 -452.992 -70.351 -0.043 0.000 0.099 0.994
24.130 -452.915 -70.357 -0.043 0.000 0.100 0.994
24.114 -452.834 -70.365 -0.044 0.000 0.101 0.994
24.091 -452.727 -70.374 -0.045 0.000 0.103 0.994
24.071 -452.633 -70.383 -0.045 0.000 0.105 0.993
24.059 -452.578 -70.388 -0.046 0.000 0.106 0.993
24.032 -452.454 -70.400 -0.047 0.000 0.108 0.993
24.019 -452.395 -70.405 -0.047 0.000 0.109 0.993
23.997 -452.296 -70.415 -0.048 0.000 0.111 0.993
23.963 -452.148 -70.430 -0.049 0.000 0.114 0.992
23.937 -452.036 -70.441 -0.050 0.000 0.116 0.992
23.910 -451.926 -70.452 -0.050 0.000 0.118 0.992
23.875 -451.780 -70.468 -0.052 0.000 0.120 0.991
23.846 -451.667 -70.480 -0.052 0.000 0.122 0.991
23.825 -451.584 -70.489 -0.053 0.000 0.124 0.991
23.803 -451.496 -70.499 -0.054 0.000 0.125 0.991
23.772 -451.377 -70.512 -0.055 0.000 0.127 0.990
23.750 -451.293 -70.521 -0.056 0.000 0.129 0.990
23.732 -451.228 -70.529 -0.056 0.000 0.130 0.990
23.710 -451.143 -70.539 -0.057 0.000 0.131 0.990
23.680 -451.035 -70.551 -0.057 0.000 0.133 0.989
23.656 -450.946 -70.562 -0.058 0.000 0.134 0.989
23.639 -450.888 -70.569 -0.059 0.000 0.135 0.989
23.605 -450.768 -70.584 -0.060 0.000 0.137 0.989
23.567 -450.635 -70.601 -0.061 0.000 0.140 0.988
23.531 -450.512 -70.616 -0.062 0.000 0.142 0.988
23.502 -450.412 -70.629 -0.063 0.000 0.144 0.988
23.460 -450.273 -70.648 -0.064 0.000 0.146 0.987
23.424 -450.156 -70.663 -0.065 0.000 0.149 0.987
23.395 -450.064 -70.676 -0.065 0.000 0.150 0.986
23.360 -449.953 -70.691 -0.066 0.000 0.152 0.986
23.325 -449.844 -70.706 -0.067 0.000 0.154 0.986
23.283 -449.715 -70.724 -0.068 0.000 0.157 0.985
23.242 -449.589 -70.742 -0.069 0.000 0.159 0.985
23.218 -449.518 -70.753 -0.069 0.000 0.160 0.985
23.184 -449.419 -70.767 -0.070 0.000 0.162 0.984
23.162 -449.354 -70.777 -0.071 0.000 0.163 0.984
23.129 -449.258 -70.791 -0.072 0.000 0.165 0.984
23.094 -449.157 -70.807 -0.072 0.000 0.167 0.983
23.060 -449.062 -70.821 -0.073 0.000 0.168 0.983
23.029 -448.973 -70.835 -0.074 0.000 0.170 0.983
22.987 -448.858 -70.853 -0.075 0.000 0.172 0.982
22.944 -448.741 -70.872 -0.076 0.000 0.174 0.982
22.913 -448.656 -70.886 -0.077 0.000 0.176 0.981
22.870 -448.544 -70.904 -0.077 0.000 0.178 0.981
22.843 -448.472 -70.916 -0.078 0.000 0.179 0.981
22.813 -448.393 -70.929 -0.078 0.000 0.181 0.980
22.770 -448.281 -70.948 -0.080 0.000 0.182 0.980
22.746 -448.221 -70.958 -0.080 0.000 0.183 0.980
22.701 -448.107 -70.978 -0.081 0.000 0.185 0.979
22.667 -448.020 -70.992 -0.081 0.000 0.187 0.979
22.638 -447.949 -71.005 -0.081 0.000 0.188 0.979
22.595 -447.842 -71.024 -0.082 0.000 0.190 0.978
22.566 -447.770 -71.036 -0.083 0.000 0.192 0.978
22.518 -447.655 -71.057 -0.084 0.000 0.193 0.978
22.471 -447.542 -71.077 -0.085 0.000 0.195 0.977
22.427 -447.437 -71.097 -0.086 0.000 0.197 0.977
22.397 -447.368 -71.109 -0.086 0.000 0.198 0.976
22.360 -447.280 -71.126 -0.087 0.000 0.200 0.976
22.308 -447.160 -71.148 -0.087 0.000 0.202 0.975
22.267 -447.067 -71.166 -0.088 0.000 0.204 0.975
22.224 -446.970 -71.185 -0.089 0.000 0.206 0.975
22.177 -446.865 -71.205 -0.089 0.000 0.208 0.974
22.125 -446.752 -71.227 -0.090 0.000 0.210 0.974
22.075 -446.643 -71.248 -0.091 0.000 0.212 0.973
22.031 -446.547 -71.267 -0.092 0.000 0.214 0.973
21.985 -446.450 -71.287 -0.093 0.000 0.215 0.972
21.932 -446.337 -71.310 -0.094 0.000 0.218 0.971
21.895 -446.260 -71.326 -0.094 0.000 0.219 0.971
21.851 -446.168 -71.345 -0.095 0.000 0.221 0.971
21.818 -446.100 -71.359 -0.095 0.000 0.222 0.970
21.784 -446.032 -71.373 -0.095 0.000 0.224 0.970
21.726 -445.915 -71.398 -0.096 0.000 0.226 0.969
21.669 -445.800 -71.422 -0.097 0.000 0.228 0.969
21.626 -445.715 -71.441 -0.097 0.000 0.230 0.968
21.592 -445.650 -71.455 -0.098 0.000 0.231 0.968
21.539 -445.546 -71.477 -0.099 0.000 0.232 0.968
21.471 -445.415 -71.506 -0.100 0.000 0.235 0.967
21.421 -445.319 -71.528 -0.100 0.000 0.236 0.967
21.366 -445.215 -71.551 -0.101 0.001 0.238 0.966
21.319 -445.126 -71.571 -0.101 0.001 0.240 0.965
21.263 -445.023 -71.594 -0.103 0.000 0.242 0.965
21.206 -444.918 -71.618 -0.103 0.001 0.244 0.964
21.165 -444.844 -71.635 -0.103 0.001 0.245 0.964
21.105 -444.735 -71.661 -0.104 0.001 0.247 0.963
21.049 -444.634 -71.684 -0.105 0.001 0.248 0.963
20.988 -444.526 -71.710 -0.105 0.001 0.250 0.963
20.924 -444.413 -71.737 -0.106 0.001 0.251 0.962
20.866 -444.310 -71.762 -0.107 0.001 0.253 0.962
20.826 -444.241 -71.778 -0.107 0.001 0.254 0.961
20.752 -444.113 -71.809 -0.108 0.001 0.256 0.961
20.707 -444.036 -71.828 -0.108 0.001 0.257 0.960
20.651 -443.940 -71.852 -0.108 0.001 0.259 0.960
20.582 -443.824 -71.880 -0.109 0.001 0.260 0.959
20.543 -443.759 -71.897 -0.109 0.001 0.261 0.959
20.500 -443.686 -71.915 -0.110 0.001 0.262 0.959
20.440 -443.587 -71.940 -0.110 0.001 0.263 0.958
20.396 -443.513 -71.958 -0.111 0.001 0.264 0.958
20.349 -443.437 -71.978 -0.111 0.001 0.265 0.958
20.318 -443.385 -71.991 -0.111 0.001 0.266 0.958
20.283 -443.328 -72.005 -0.111 0.001 0.266 0.957
20.235 -443.250 -72.025 -0.111 0.001 0.268 0.957
20.180 -443.161 -72.048 -0.112 0.001 0.269 0.957
20.138 -443.094 -72.065 -0.112 0.001 0.269 0.956
20.095 -443.024 -72.083 -0.112 0.001 0.270 0.956
20.056 -442.962 -72.099 -0.113 0.001 0.271 0.956
20.018 -442.901 -72.116 -0.113 0.001 0.272 0.956
19.958 -442.806 -72.140 -0.113 0.001 0.273 0.955
19.920 -442.746 -72.156 -0.113 0.001 0.273 0.955
19.856 -442.645 -72.182 -0.114 0.001 0.275 0.955
19.801 -442.559 -72.205 -0.114 0.001 0.276 0.954
19.743 -442.469 -72.229 -0.115 0.001 0.277 0.954
19.694 -442.394 -72.249 -0.115 0.001 0.278 0.954
19.655 -442.333 -72.266 -0.116 0.001 0.279 0.953
19.598 -442.246 -72.289 -0.116 0.001 0.280 0.953
19.551 -442.175 -72.308 -0.116 0.001 0.281 0.953
19.497 -442.093 -72.331 -0.117 0.001 0.283 0.952
19.445 -442.014 -72.352 -0.117 0.001 0.284 0.952
19.396 -441.941 -72.372 -0.118 0.001 0.285 0.951
19.344 -441.864 -72.393 -0.118 0.001 0.286 0.951
19.291 -441.784 -72.415 -0.118 0.001 0.287 0.951
19.213 -441.670 -72.447 -0.119 0.001 0.289 0.950
19.156 -441.586 -72.471 -0.119 0.001 0.290 0.950
19.095 -441.498 -72.495 -0.119 0.001 0.291 0.949
19.013 -441.378 -72.529 -0.119 0.002 0.293 0.949
18.927 -441.255 -72.564 -0.120 0.002 0.295 0.948
18.865 -441.167 -72.589 -0.120 0.002 0.296 0.948
18.797 -441.071 -72.616 -0.121 0.002 0.297 0.947
18.752 -441.008 -72.634 -0.121 0.002 0.298 0.947
18.699 -440.933 -72.656 -0.121 0.002 0.299 0.946
18.647 -440.861 -72.677 -0.122 0.002 0.300 0.946
18.576 -440.762 -72.705 -0.122 0.002 0.301 0.946
18.518 -440.683 -72.729 -0.123 0.002 0.302 0.945
18.461 -440.604 -72.752 -0.123 0.002 0.303 0.945
18.396 -440.515 -72.778 -0.124 0.002 0.305 0.944
18.342 -440.444 -72.800 -0.124 0.002 0.306 0.944
18.299 -440.386 -72.817 -0.124 0.002 0.307 0.943
18.233 -440.296 -72.844 -0.125 0.002 0.309 0.943
18.162 -440.203 -72.872 -0.126 0.002 0.310 0.942
18.076 -440.088 -72.907 -0.127 0.002 0.311 0.942
18.006 -439.996 -72.935 -0.127 0.002 0.313 0.941
17.934 -439.901 -72.965 -0.127 0.002 0.314 0.941
17.881 -439.833 -72.986 -0.128 0.002 0.315 0.940
17.812 -439.744 -73.014 -0.128 0.002 0.316 0.940
17.765 -439.683 -73.033 -0.129 0.002 0.317 0.940
17.689 -439.586 -73.063 -0.129 0.002 0.318 0.939
17.618 -439.496 -73.091 -0.129 0.002 0.319 0.939
17.564 -439.427 -73.113 -0.129 0.002 0.320 0.939
17.465 -439.302 -73.152 -0.129 0.002 0.321 0.938
17.411 -439.234 -73.174 -0.129 0.002 0.321 0.938
17.366 -439.177 -73.192 -0.129 0.002 0.322 0.938
17.283 -439.072 -73.225 -0.129 0.003 0.323 0.937
17.223 -438.999 -73.249 -0.129 0.003 0.325 0.937
17.150 -438.907 -73.278 -0.129 0.003 0.325 0.937
17.080 -438.821 -73.305 -0.129 0.003 0.326 0.936
17.019 -438.747 -73.329 -0.129 0.003 0.327 0.936
16.954 -438.667 -73.354 -0.130 0.003 0.328 0.936
16.891 -438.589 -73.379 -0.130 0.003 0.329 0.935
16.815 -438.497 -73.409 -0.130 0.003 0.329 0.935
16.743 -438.410 -73.437 -0.130 0.003 0.330 0.935
16.670 -438.322 -73.465 -0.130 0.003 0.331 0.934
16.580 -438.214 -73.500 -0.131 0.003 0.332 0.934
16.504 -438.122 -73.530 -0.131 0.003 0.333 0.934
16.465 -438.076 -73.545 -0.131 0.003 0.333 0.934
16.407 -438.007 -73.568 -0.131 0.003 0.334 0.934
16.344 -437.932 -73.592 -0.131 0.003 0.334 0.933
16.284 -437.861 -73.616 -0.131 0.003 0.335 0.933
16.230 -437.797 -73.637 -0.131 0.004 0.336 0.933
16.166 -437.722 -73.661 -0.131 0.004 0.336 0.933
16.133 -437.683 -73.674 -0.131 0.004 0.337 0.932
16.057 -437.594 -73.703 -0.131 0.004 0.337 0.932
16.015 -437.545 -73.719 -0.131 0.004 0.338 0.932
15.966 -437.488 -73.738 -0.131 0.004 0.338 0.932
15.907 -437.419 -73.761 -0.131 0.004 0.339 0.932
15.857 -437.361 -73.779 -0.131 0.004 0.339 0.931
15.778 -437.270 -73.809 -0.131 0.004 0.340 0.931
15.666 -437.140 -73.852 -0.131 0.004 0.341 0.931
15.595 -437.058 -73.879 -0.131 0.004 0.342 0.931
15.545 -437.001 -73.898 -0.132 0.004 0.342 0.930
15.468 -436.913 -73.927 -0.132 0.004 0.343 0.930
15.396 -436.830 -73.955 -0.131 0.004 0.343 0.930
15.330 -436.755 -73.979 -0.131 0.005 0.344 0.930
15.248 -436.662 -74.010 -0.131 0.005 0.345 0.929
15.171 -436.575 -74.039 -0.131 0.005 0.345 0.929
15.121 -436.518 -74.058 -0.131 0.005 0.346 0.929
15.046 -436.434 -74.085 -0.131 0.005 0.346 0.929
14.978 -436.357 -74.111 -0.131 0.005 0.347 0.929
14.939 -436.313 -74.126 -0.131 0.005 0.347 0.929
14.877 -436.244 -74.148 -0.131 0.005 0.348 0.928
14.805 -436.163 -74.175 -0.131 0.005 0.348 0.928
14.732 -436.082 -74.202 -0.131 0.005 0.349 0.928
14.670 -436.013 -74.225 -0.131 0.005 0.350 0.928
14.608 -435.945 -74.248 -0.132 0.005 0.350 0.927
14.555 -435.886 -74.267 -0.132 0.006 0.351 0.927
