24.700 -458.387 -70.112 -0.001 0.000 0.002 1.000
24.699 -458.244 -70.112 -0.002 0.000 0.004 1.000
24.698 -458.163 -70.113 -0.002 0.000 0.006 1.000
24.697 -458.070 -70.113 -0.003 0.000 0.008 1.000
24.695 -457.948 -70.114 -0.003 0.000 0.009 1.000
24.693 -457.862 -70.115 -0.004 0.000 0.011 1.000
24.689 -457.710 -70.116 -0.005 0.000 0.014 1.000
24.686 -457.618 -70.117 -0.006 0.000 0.015 1.000
24.684 -457.527 -70.118 -0.006 0.000 0.017 1.000
24.681 -457.445 -70.119 -0.007 0.000 0.018 1.000
24.677 -457.339 -70.121 -0.008 0.000 0.020 1.000
24.671 -457.216 -70.123 -0.009 0.000 0.023 1.000
24.667 -457.126 -70.125 -0.009 0.000 0.024 1.000
24.663 -457.046 -70.126 -0.010 0.000 0.026 1.000
24.658 -456.942 -70.128 -0.011 0.000 0.027 1.000
24.651 -456.820 -70.131 -0.012 0.000 0.030 0.999
24.644 -456.720 -70.134 -0.013 0.000 0.032 0.999
24.638 -456.619 -70.136 -0.013 0.000 0.034 0.999
24.631 -456.518 -70.139 -0.015 0.000 0.035 0.999
24.624 -456.424 -70.142 -0.015 0.000 0.037 0.999
24.616 -456.327 -70.145 -0.016 0.000 0.039 0.999
24.605 -456.183 -70.150 -0.017 0.000 0.041 0.999
24.596 -456.082 -70.153 -0.018 0.000 0.043 0.999
24.589 -455.992 -70.157 -0.018 0.000 0.045 0.999
24.580 -455.895 -70.160 -0.019 0.000 0.046 0.999
24.571 -455.807 -70.164 -0.020 0.000 0.048 0.999
24.559 -455.682 -70.169 -0.021 0.000 0.050 0.999
24.546 -455.558 -70.174 -0.021 0.000 0.052 0.998
24.538 -455.477 -70.177 -0.022 0.000 0.054 0.998
24.526 -455.367 -70.182 -0.023 0.000 0.056 0.998
24.510 -455.227 -70.189 -0.024 0.000 0.058 0.998
24.502 -455.162 -70.192 -0.024 0.000 0.059 0.998
24.485 -455.025 -70.199 -0.025 0.000 0.061 0.998
24.465 -454.866 -70.207 -0.027 0.000 0.064 0.998
24.457 -454.801 -70.211 -0.027 0.000 0.065 0.998
24.439 -454.671 -70.218 -0.028 0.000 0.067 0.997
24.427 -454.584 -70.223 -0.029 0.000 0.069 0.997
24.412 -454.475 -70.229 -0.030 0.000 0.071 0.997
24.398 -454.378 -70.235 -0.030 0.000 0.072 0.997
24.382 -454.271 -70.242 -0.031 0.000 0.074 0.997
24.370 -454.190 -70.247 -0.032 0.000 0.076 0.997
24.349 -454.056 -70.256 -0.033 0.000 0.078 0.996
24.338 -453.985 -70.261 -0.034 0.000 0.079 0.996
24.321 -453.882 -70.268 -0.034 0.000 0.081 0.996
24.303 -453.775 -70.275 -0.035 0.000 0.083 0.996
24.279 -453.630 -70.286 -0.036 0.000 0.086 0.996
24.260 -453.522 -70.294 -0.037 0.000 0.088 0.995
24.239 -453.410 -70.302 -0.038 0.000 0.090 0.995
24.223 -453.318 -70.309 -0.038 0.000 0.092 0.995
24.200 -453.198 -70.319 -0.039 0.000 0.094 0.995
24.178 -453.084 -70.328 -0.040 0.000 0.096 0.995
24.160 -452.991 -70.336 -0.041 0.000 0.097 0.994
24.136 -452.875 -70.345 -0.041 0.000 0.100 0.994
24.114 -452.765 -70.355 -0.042 0.000 0.102 0.994
24.092 -452.662 -70.364 -0.043 0.000 0.104 0.994
24.064 -452.529 -70.375 -0.044 0.000 0.106 0.993
24.036 -452.403 -70.387 -0.045 0.000 0.108 0.993
24.012 -452.296 -70.397 -0.046 0.000 0.111 0.993
23.994 -452.213 -70.405 -0.047 0.000 0.112 0.993
23.966 -452.094 -70.416 -0.048 0.000 0.114 0.992
23.945 -452.004 -70.425 -0.048 0.000 0.116 0.992
23.914 -451.878 -70.437 -0.049 0.000 0.119 0.992
23.889 -451.776 -70.448 -0.050 0.000 0.121 0.991
23.871 -451.702 -70.456 -0.051 0.000 0.122 0.991
23.843 -451.592 -70.467 -0.052 0.000 0.124 0.991
23.824 -451.517 -70.475 -0.053 0.000 0.125 0.991
23.802 -451.432 -70.485 -0.053 0.000 0.127 0.991
23.775 -451.329 -70.496 -0.054 0.000 0.129 0.990
23.747 -451.226 -70.507 -0.055 0.000 0.131 0.990
23.730 -451.164 -70.514 -0.055 0.000 0.131 0.990
23.700 -451.053 -70.527 -0.056 0.000 0.134 0.989
23.667 -450.935 -70.541 -0.057 0.000 0.136 0.989
23.640 -450.839 -70.552 -0.057 0.000 0.137 0.989
23.614 -450.747 -70.563 -0.058 0.000 0.138 0.989
23.593 -450.673 -70.572 -0.058 0.000 0.140 0.988
23.562 -450.567 -70.585 -0.059 0.000 0.142 0.988
23.523 -450.438 -70.601 -0.061 0.000 0.144 0.988
23.496 -450.347 -70.613 -0.061 0.000 0.146 0.987
23.472 -450.270 -70.622 -0.062 0.000 0.147 0.987
23.440 -450.164 -70.636 -0.063 0.000 0.149 0.987
23.405 -450.053 -70.651 -0.064 0.000 0.151 0.986
23.381 -449.976 -70.661 -0.065 0.000 0.152 0.986
23.350 -449.879 -70.675 -0.066 0.000 0.154 0.986
23.314 -449.768 -70.690 -0.067 0.000 0.156 0.986
23.282 -449.670 -70.704 -0.067 0.000 0.157 0.985
23.242 -449.551 -70.721 -0.068 0.000 0.160 0.985
23.201 -449.428 -70.738 -0.068 0.000 0.162 0.984
23.166 -449.328 -70.752 -0.069 0.000 0.163 0.984
23.106 -449.154 -70.778 -0.070 0.000 0.167 0.984
23.075 -449.064 -70.791 -0.070 0.000 0.168 0.983
23.045 -448.980 -70.803 -0.071 0.000 0.170 0.983
23.003 -448.863 -70.821 -0.072 0.000 0.172 0.983
22.963 -448.754 -70.837 -0.072 0.000 0.174 0.982
22.935 -448.679 -70.849 -0.073 0.000 0.175 0.982
22.900 -448.584 -70.864 -0.073 0.000 0.176 0.982
22.860 -448.477 -70.880 -0.075 0.000 0.178 0.981
22.824 -448.383 -70.895 -0.075 0.000 0.180 0.981
22.790 -448.296 -70.909 -0.076 0.000 0.182 0.980
22.764 -448.228 -70.920 -0.076 0.000 0.183 0.980
22.732 -448.147 -70.934 -0.077 0.000 0.184 0.980
22.704 -448.076 -70.945 -0.078 0.000 0.186 0.980
22.678 -448.009 -70.956 -0.078 0.000 0.187 0.979
22.657 -447.956 -70.965 -0.078 0.000 0.188 0.979
22.624 -447.876 -70.979 -0.079 0.000 0.189 0.979
22.578 -447.761 -70.998 -0.079 0.000 0.191 0.978
22.552 -447.698 -71.009 -0.080 0.000 0.192 0.978
22.511 -447.599 -71.026 -0.081 0.000 0.193 0.978
22.467 -447.493 -71.044 -0.081 0.000 0.196 0.977
22.419 -447.380 -71.064 -0.082 0.000 0.197 0.977
22.377 -447.282 -71.082 -0.083 0.000 0.199 0.976
22.304 -447.112 -71.112 -0.084 0.000 0.201 0.976
22.275 -447.045 -71.124 -0.084 0.000 0.202 0.976
22.234 -446.952 -71.141 -0.085 0.000 0.203 0.975
22.196 -446.866 -71.157 -0.085 0.000 0.205 0.975
22.160 -446.787 -71.172 -0.086 0.000 0.206 0.975
22.120 -446.698 -71.189 -0.087 0.000 0.208 0.974
22.071 -446.588 -71.209 -0.088 0.000 0.210 0.974
22.006 -446.446 -71.237 -0.089 0.000 0.212 0.973
21.953 -446.332 -71.259 -0.090 0.000 0.214 0.973
21.924 -446.270 -71.271 -0.090 0.000 0.215 0.972
21.878 -446.173 -71.290 -0.091 0.000 0.216 0.972
21.831 -446.075 -71.310 -0.091 0.000 0.218 0.972
21.775 -445.958 -71.334 -0.092 0.000 0.221 0.971
21.728 -445.862 -71.353 -0.093 0.000 0.222 0.971
21.689 -445.782 -71.369 -0.093 0.000 0.223 0.970
21.653 -445.709 -71.385 -0.094 0.000 0.225 0.970
21.594 -445.590 -71.409 -0.095 0.000 0.227 0.969
21.551 -445.504 -71.428 -0.096 0.000 0.228 0.969
21.511 -445.426 -71.444 -0.097 0.000 0.230 0.968
21.452 -445.310 -71.469 -0.098 0.000 0.232 0.968
21.407 -445.223 -71.488 -0.098 0.000 0.233 0.967
21.361 -445.134 -71.508 -0.099 0.000 0.235 0.967
21.310 -445.038 -71.529 -0.100 0.000 0.237 0.966
21.261 -444.945 -71.550 -0.100 0.000 0.238 0.966
21.216 -444.861 -71.569 -0.100 0.000 0.240 0.966
21.168 -444.771 -71.589 -0.101 0.000 0.241 0.965
21.109 -444.662 -71.614 -0.101 0.000 0.243 0.965
21.055 -444.562 -71.636 -0.102 0.000 0.244 0.964
20.990 -444.445 -71.663 -0.103 0.000 0.246 0.964
20.937 -444.350 -71.685 -0.104 0.000 0.247 0.963
20.909 -444.300 -71.697 -0.104 0.000 0.248 0.963
20.863 -444.219 -71.716 -0.104 0.000 0.249 0.963
20.818 -444.138 -71.735 -0.105 0.000 0.251 0.962
20.735 -443.991 -71.770 -0.105 0.000 0.252 0.962
20.698 -443.926 -71.785 -0.106 0.000 0.252 0.962
20.650 -443.844 -71.805 -0.106 0.000 0.254 0.961
20.585 -443.730 -71.832 -0.106 0.000 0.255 0.961
20.528 -443.632 -71.856 -0.106 0.000 0.257 0.961
20.495 -443.575 -71.870 -0.107 0.000 0.257 0.960
20.432 -443.468 -71.896 -0.107 0.000 0.258 0.960
20.376 -443.373 -71.919 -0.107 0.000 0.260 0.960
20.308 -443.259 -71.947 -0.108 0.000 0.261 0.959
20.251 -443.163 -71.970 -0.108 0.000 0.262 0.959
20.207 -443.090 -71.989 -0.108 0.000 0.264 0.959
20.140 -442.981 -72.016 -0.109 0.000 0.265 0.958
20.113 -442.936 -72.027 -0.109 0.001 0.266 0.958
20.062 -442.852 -72.048 -0.109 0.001 0.267 0.958
20.016 -442.777 -72.067 -0.110 0.001 0.267 0.957
19.973 -442.707 -72.085 -0.110 0.001 0.268 0.957
19.932 -442.641 -72.101 -0.110 0.001 0.269 0.957
19.864 -442.531 -72.129 -0.111 0.001 0.270 0.956
19.796 -442.422 -72.157 -0.112 0.000 0.272 0.956
19.729 -442.316 -72.185 -0.112 0.000 0.273 0.955
19.687 -442.250 -72.202 -0.113 0.000 0.274 0.955
19.638 -442.173 -72.222 -0.113 0.000 0.274 0.955
19.581 -442.084 -72.245 -0.113 0.000 0.276 0.955
19.542 -442.022 -72.262 -0.114 0.000 0.277 0.954
19.504 -441.963 -72.277 -0.114 0.000 0.277 0.954
19.444 -441.871 -72.302 -0.115 0.000 0.279 0.954
19.371 -441.758 -72.332 -0.115 0.000 0.280 0.953
19.311 -441.667 -72.356 -0.116 0.000 0.281 0.953
19.252 -441.577 -72.381 -0.116 0.000 0.282 0.952
19.199 -441.498 -72.402 -0.117 0.000 0.284 0.952
19.150 -441.423 -72.423 -0.117 0.000 0.285 0.951
19.108 -441.361 -72.440 -0.117 0.001 0.285 0.951
19.058 -441.287 -72.461 -0.117 0.001 0.286 0.951
18.991 -441.188 -72.488 -0.118 0.001 0.287 0.951
18.944 -441.118 -72.507 -0.118 0.001 0.288 0.950
18.896 -441.048 -72.527 -0.119 0.001 0.289 0.950
18.832 -440.955 -72.553 -0.119 0.001 0.291 0.949
18.781 -440.881 -72.574 -0.119 0.001 0.292 0.949
18.737 -440.817 -72.592 -0.120 0.001 0.292 0.949
18.687 -440.745 -72.612 -0.120 0.001 0.293 0.949
18.636 -440.672 -72.633 -0.120 0.001 0.294 0.948
18.563 -440.567 -72.663 -0.121 0.001 0.296 0.948
18.504 -440.484 -72.687 -0.121 0.001 0.297 0.947
18.464 -440.428 -72.703 -0.121 0.001 0.298 0.947
18.391 -440.326 -72.732 -0.122 0.001 0.300 0.946
18.331 -440.242 -72.757 -0.122 0.001 0.301 0.946
18.275 -440.165 -72.779 -0.122 0.001 0.302 0.945
18.226 -440.097 -72.799 -0.123 0.001 0.303 0.945
18.163 -440.012 -72.824 -0.123 0.001 0.304 0.945
18.087 -439.908 -72.855 -0.124 0.001 0.306 0.944
18.037 -439.841 -72.875 -0.124 0.001 0.307 0.944
17.962 -439.739 -72.905 -0.125 0.001 0.308 0.943
17.883 -439.634 -72.937 -0.125 0.001 0.310 0.942
17.840 -439.578 -72.955 -0.126 0.001 0.311 0.942
17.783 -439.503 -72.977 -0.126 0.001 0.312 0.942
17.718 -439.417 -73.004 -0.126 0.001 0.313 0.941
17.639 -439.313 -73.036 -0.127 0.001 0.314 0.941
17.586 -439.245 -73.057 -0.127 0.001 0.315 0.941
17.527 -439.168 -73.080 -0.127 0.001 0.316 0.940
17.477 -439.104 -73.100 -0.127 0.001 0.317 0.940
17.425 -439.037 -73.121 -0.127 0.001 0.317 0.940
17.345 -438.935 -73.153 -0.127 0.001 0.318 0.940
17.273 -438.842 -73.182 -0.127 0.002 0.319 0.939
17.185 -438.731 -73.217 -0.128 0.002 0.320 0.939
17.140 -438.673 -73.234 -0.128 0.002 0.321 0.938
17.055 -438.566 -73.268 -0.128 0.002 0.322 0.938
17.006 -438.505 -73.287 -0.128 0.002 0.322 0.938
16.978 -438.470 -73.299 -0.128 0.002 0.323 0.938
16.904 -438.378 -73.328 -0.129 0.002 0.324 0.937
16.842 -438.300 -73.352 -0.129 0.002 0.325 0.937
16.790 -438.235 -73.373 -0.129 0.002 0.325 0.937
16.741 -438.175 -73.392 -0.129 0.002 0.326 0.937
16.667 -438.084 -73.421 -0.130 0.002 0.326 0.936
16.602 -438.003 -73.447 -0.130 0.002 0.327 0.936
16.538 -437.925 -73.472 -0.130 0.002 0.328 0.936
16.476 -437.850 -73.497 -0.130 0.002 0.329 0.935
16.377 -437.729 -73.535 -0.130 0.002 0.330 0.935
16.307 -437.644 -73.563 -0.130 0.002 0.330 0.935
16.253 -437.579 -73.584 -0.130 0.002 0.331 0.935
16.202 -437.517 -73.604 -0.130 0.003 0.332 0.934
16.131 -437.433 -73.631 -0.130 0.003 0.332 0.934
16.073 -437.363 -73.654 -0.130 0.003 0.333 0.934
16.017 -437.297 -73.675 -0.130 0.003 0.333 0.934
15.939 -437.204 -73.706 -0.130 0.003 0.334 0.933
15.891 -437.146 -73.724 -0.130 0.003 0.335 0.933
15.839 -437.085 -73.744 -0.130 0.003 0.335 0.933
15.753 -436.984 -73.777 -0.131 0.003 0.336 0.933
15.676 -436.892 -73.807 -0.131 0.003 0.336 0.933
15.606 -436.811 -73.834 -0.131 0.003 0.337 0.932
15.537 -436.729 -73.861 -0.131 0.003 0.338 0.932
15.480 -436.663 -73.883 -0.131 0.003 0.339 0.932
15.405 -436.575 -73.911 -0.130 0.003 0.339 0.932
15.359 -436.522 -73.929 -0.130 0.003 0.339 0.932
15.281 -436.432 -73.958 -0.130 0.004 0.340 0.931
15.211 -436.351 -73.985 -0.130 0.004 0.341 0.931
15.154 -436.285 -74.006 -0.130 0.004 0.341 0.931
15.101 -436.224 -74.026 -0.130 0.004 0.341 0.931
15.046 -436.160 -74.047 -0.130 0.004 0.342 0.931
14.983 -436.087 -74.071 -0.130 0.004 0.342 0.931
14.933 -436.031 -74.089 -0.130 0.004 0.343 0.930
14.851 -435.937 -74.120 -0.130 0.004 0.343 0.930
14.790 -435.867 -74.143 -0.130 0.004 0.344 0.930
14.719 -435.786 -74.169 -0.130 0.004 0.344 0.930
14.672 -435.733 -74.187 -0.130 0.004 0.345 0.930
14.608 -435.660 -74.211 -0.130 0.004 0.345 0.929
14.549 -435.593 -74.232 -0.130 0.005 0.346 0.929
