26.388 -423.580 -82.406 -0.025 0.000 0.050 0.998
26.379 -423.493 -82.410 -0.026 0.000 0.052 0.998
26.366 -423.364 -82.417 -0.027 0.000 0.054 0.998
26.354 -423.261 -82.423 -0.027 0.000 0.055 0.998
26.337 -423.111 -82.431 -0.028 0.000 0.058 0.998
26.323 -422.995 -82.438 -0.029 0.000 0.060 0.998
26.312 -422.900 -82.444 -0.030 0.000 0.061 0.998
26.296 -422.775 -82.451 -0.031 0.000 0.063 0.998
26.284 -422.677 -82.457 -0.031 0.000 0.064 0.997
26.265 -422.540 -82.466 -0.033 0.000 0.067 0.997
26.254 -422.458 -82.472 -0.033 0.000 0.068 0.997
26.243 -422.373 -82.477 -0.034 0.000 0.070 0.997
26.224 -422.245 -82.486 -0.034 0.000 0.072 0.997
26.211 -422.158 -82.492 -0.035 0.000 0.073 0.997
26.194 -422.043 -82.501 -0.036 0.000 0.075 0.997
26.179 -421.943 -82.508 -0.037 0.000 0.077 0.996
26.167 -421.865 -82.513 -0.037 0.000 0.078 0.996
26.150 -421.763 -82.521 -0.038 0.000 0.079 0.996
26.136 -421.677 -82.528 -0.038 0.000 0.081 0.996
26.120 -421.580 -82.535 -0.039 0.000 0.082 0.996
26.110 -421.518 -82.540 -0.039 0.000 0.083 0.996
26.090 -421.401 -82.550 -0.040 0.000 0.085 0.996
26.071 -421.293 -82.558 -0.040 0.000 0.087 0.995
26.054 -421.195 -82.566 -0.040 0.000 0.089 0.995
26.039 -421.114 -82.573 -0.041 0.000 0.090 0.995
26.029 -421.056 -82.578 -0.042 0.000 0.091 0.995
26.013 -420.972 -82.585 -0.042 0.000 0.092 0.995
25.996 -420.883 -82.593 -0.043 0.000 0.094 0.995
25.982 -420.811 -82.599 -0.043 0.000 0.095 0.995
25.961 -420.702 -82.609 -0.044 0.000 0.097 0.994
25.934 -420.566 -82.622 -0.046 0.000 0.099 0.994
25.910 -420.451 -82.632 -0.047 0.000 0.101 0.994
25.893 -420.364 -82.641 -0.048 0.000 0.103 0.994
25.875 -420.279 -82.649 -0.048 0.000 0.104 0.993
25.852 -420.174 -82.659 -0.049 0.000 0.106 0.993
25.828 -420.064 -82.670 -0.050 0.000 0.107 0.993
25.807 -419.967 -82.680 -0.050 0.000 0.109 0.993
25.777 -419.834 -82.694 -0.051 0.000 0.112 0.992
25.765 -419.783 -82.700 -0.051 0.000 0.113 0.992
25.737 -419.664 -82.712 -0.052 0.000 0.114 0.992
25.715 -419.569 -82.722 -0.053 0.000 0.116 0.992
25.703 -419.518 -82.728 -0.053 0.000 0.117 0.992
25.679 -419.420 -82.738 -0.054 0.000 0.118 0.992
25.655 -419.323 -82.749 -0.054 0.000 0.120 0.991
25.632 -419.228 -82.760 -0.055 0.000 0.122 0.991
25.608 -419.134 -82.771 -0.056 0.000 0.123 0.991
25.584 -419.038 -82.782 -0.057 0.000 0.125 0.991
25.565 -418.967 -82.790 -0.058 0.000 0.126 0.990
25.535 -418.853 -82.804 -0.059 0.000 0.128 0.990
25.501 -418.724 -82.819 -0.060 0.000 0.131 0.990
25.471 -418.616 -82.833 -0.060 0.000 0.133 0.989
25.435 -418.485 -82.849 -0.061 0.000 0.135 0.989
25.408 -418.390 -82.861 -0.062 0.000 0.137 0.989
25.389 -418.325 -82.870 -0.063 0.000 0.138 0.988
25.368 -418.250 -82.880 -0.063 0.000 0.140 0.988
25.330 -418.121 -82.896 -0.064 0.000 0.143 0.988
25.299 -418.018 -82.910 -0.065 0.000 0.144 0.987
25.274 -417.934 -82.922 -0.065 0.000 0.146 0.987
25.257 -417.879 -82.929 -0.066 0.000 0.147 0.987
25.224 -417.770 -82.944 -0.067 0.000 0.149 0.987
25.201 -417.697 -82.954 -0.067 0.000 0.150 0.986
25.164 -417.580 -82.971 -0.068 0.000 0.152 0.986
25.148 -417.531 -82.978 -0.068 0.000 0.153 0.986
25.116 -417.430 -82.992 -0.069 0.000 0.154 0.986
25.078 -417.312 -83.009 -0.070 0.000 0.156 0.985
25.050 -417.227 -83.022 -0.071 0.000 0.158 0.985
25.011 -417.110 -83.039 -0.072 0.000 0.160 0.985
24.980 -417.019 -83.053 -0.072 0.000 0.162 0.984
24.943 -416.911 -83.069 -0.073 0.000 0.164 0.984
24.916 -416.830 -83.082 -0.074 0.000 0.165 0.984
24.882 -416.733 -83.097 -0.074 0.000 0.166 0.983
24.854 -416.655 -83.109 -0.075 0.000 0.168 0.983
24.826 -416.577 -83.122 -0.075 0.000 0.169 0.983
24.792 -416.480 -83.137 -0.076 0.001 0.171 0.982
24.756 -416.383 -83.152 -0.076 0.001 0.172 0.982
24.715 -416.269 -83.171 -0.077 0.001 0.174 0.982
24.668 -416.143 -83.192 -0.078 0.000 0.176 0.981
24.630 -416.042 -83.209 -0.079 0.000 0.178 0.981
24.603 -415.972 -83.221 -0.080 0.000 0.179 0.981
24.571 -415.887 -83.235 -0.081 0.000 0.180 0.980
24.541 -415.811 -83.248 -0.081 0.000 0.182 0.980
24.474 -415.639 -83.278 -0.083 0.000 0.185 0.979
24.439 -415.550 -83.294 -0.083 0.000 0.186 0.979
24.387 -415.420 -83.317 -0.084 0.000 0.188 0.979
24.347 -415.323 -83.335 -0.085 0.000 0.190 0.978
24.309 -415.229 -83.352 -0.086 0.000 0.192 0.978
24.275 -415.147 -83.367 -0.086 0.000 0.193 0.977
24.251 -415.090 -83.377 -0.087 0.000 0.194 0.977
24.216 -415.006 -83.393 -0.087 0.000 0.196 0.977
24.184 -414.931 -83.407 -0.088 0.000 0.197 0.976
24.121 -414.784 -83.435 -0.089 0.000 0.200 0.976
24.073 -414.672 -83.457 -0.090 0.000 0.202 0.975
24.025 -414.565 -83.478 -0.091 0.000 0.204 0.975
23.974 -414.450 -83.501 -0.091 0.001 0.206 0.974
23.922 -414.333 -83.524 -0.092 0.001 0.208 0.974
23.890 -414.265 -83.538 -0.092 0.001 0.210 0.973
23.872 -414.224 -83.546 -0.093 0.001 0.210 0.973
23.848 -414.171 -83.557 -0.093 0.001 0.211 0.973
23.786 -414.039 -83.584 -0.094 0.001 0.214 0.972
23.746 -413.953 -83.601 -0.094 0.001 0.216 0.972
23.704 -413.864 -83.620 -0.095 0.001 0.217 0.971
23.665 -413.784 -83.636 -0.096 0.001 0.219 0.971
23.621 -413.691 -83.656 -0.097 0.001 0.221 0.971
23.586 -413.621 -83.671 -0.097 0.001 0.222 0.970
23.540 -413.528 -83.691 -0.097 0.001 0.224 0.970
23.508 -413.462 -83.705 -0.098 0.001 0.225 0.969
23.471 -413.388 -83.721 -0.099 0.001 0.227 0.969
23.421 -413.289 -83.743 -0.099 0.001 0.229 0.968
23.374 -413.197 -83.763 -0.100 0.001 0.230 0.968
23.349 -413.148 -83.774 -0.100 0.001 0.231 0.968
23.294 -413.041 -83.798 -0.101 0.001 0.234 0.967
23.252 -412.960 -83.816 -0.102 0.001 0.235 0.967
23.206 -412.873 -83.836 -0.102 0.001 0.237 0.966
23.165 -412.796 -83.853 -0.103 0.001 0.239 0.966
23.119 -412.710 -83.873 -0.104 0.001 0.240 0.965
23.065 -412.610 -83.896 -0.105 0.001 0.242 0.965
23.024 -412.534 -83.914 -0.106 0.001 0.243 0.964
22.972 -412.441 -83.936 -0.106 0.001 0.245 0.964
22.921 -412.348 -83.959 -0.107 0.001 0.247 0.963
22.863 -412.244 -83.984 -0.108 0.001 0.249 0.962
22.817 -412.164 -84.003 -0.108 0.001 0.251 0.962
22.777 -412.094 -84.021 -0.109 0.001 0.252 0.962
22.718 -411.991 -84.046 -0.110 0.001 0.254 0.961
22.685 -411.933 -84.061 -0.111 0.001 0.256 0.960
22.633 -411.845 -84.083 -0.112 0.001 0.257 0.960
22.580 -411.754 -84.106 -0.113 0.001 0.259 0.959
22.558 -411.717 -84.116 -0.113 0.001 0.260 0.959
22.526 -411.663 -84.130 -0.113 0.001 0.261 0.959
22.460 -411.554 -84.158 -0.114 0.001 0.264 0.958
22.405 -411.464 -84.181 -0.115 0.001 0.265 0.957
22.341 -411.358 -84.209 -0.115 0.001 0.267 0.957
22.303 -411.296 -84.226 -0.116 0.001 0.269 0.956
22.259 -411.226 -84.244 -0.116 0.001 0.270 0.956
22.208 -411.144 -84.266 -0.117 0.001 0.272 0.955
22.128 -411.018 -84.301 -0.119 0.001 0.274 0.954
22.066 -410.922 -84.327 -0.119 0.001 0.276 0.954
22.010 -410.836 -84.351 -0.120 0.001 0.278 0.953
21.951 -410.745 -84.377 -0.121 0.001 0.280 0.952
21.892 -410.655 -84.402 -0.122 0.001 0.282 0.952
21.836 -410.571 -84.426 -0.122 0.001 0.284 0.951
21.761 -410.459 -84.458 -0.123 0.001 0.286 0.950
21.703 -410.374 -84.483 -0.124 0.001 0.288 0.950
21.670 -410.325 -84.497 -0.124 0.001 0.289 0.949
21.594 -410.214 -84.530 -0.125 0.001 0.291 0.948
21.545 -410.145 -84.551 -0.126 0.001 0.293 0.948
21.484 -410.057 -84.577 -0.127 0.001 0.295 0.947
21.420 -409.967 -84.604 -0.127 0.001 0.297 0.946
21.379 -409.909 -84.622 -0.127 0.002 0.298 0.946
21.326 -409.836 -84.644 -0.128 0.002 0.300 0.945
21.248 -409.728 -84.677 -0.129 0.001 0.302 0.945
21.172 -409.624 -84.710 -0.130 0.001 0.304 0.944
21.135 -409.574 -84.726 -0.131 0.001 0.305 0.943
21.087 -409.509 -84.746 -0.132 0.001 0.306 0.943
21.029 -409.431 -84.771 -0.132 0.001 0.308 0.942
20.948 -409.324 -84.805 -0.133 0.002 0.311 0.941
20.906 -409.268 -84.823 -0.133 0.002 0.312 0.941
20.841 -409.184 -84.851 -0.134 0.002 0.314 0.940
20.764 -409.085 -84.884 -0.135 0.002 0.316 0.939
20.699 -409.001 -84.911 -0.136 0.002 0.318 0.938
20.644 -408.931 -84.935 -0.136 0.002 0.320 0.938
20.557 -408.823 -84.971 -0.137 0.002 0.322 0.937
20.490 -408.739 -85.000 -0.138 0.002 0.324 0.936
20.439 -408.676 -85.022 -0.139 0.002 0.326 0.935
20.364 -408.585 -85.053 -0.140 0.002 0.328 0.934
20.310 -408.519 -85.076 -0.140 0.002 0.329 0.934
20.227 -408.420 -85.112 -0.142 0.002 0.332 0.933
20.171 -408.353 -85.135 -0.142 0.002 0.333 0.932
20.077 -408.243 -85.175 -0.143 0.002 0.336 0.931
19.972 -408.120 -85.220 -0.144 0.002 0.339 0.930
19.912 -408.050 -85.245 -0.145 0.002 0.340 0.929
19.845 -407.973 -85.274 -0.146 0.002 0.342 0.928
19.750 -407.867 -85.314 -0.147 0.002 0.345 0.927
19.688 -407.797 -85.340 -0.148 0.002 0.346 0.926
19.594 -407.694 -85.380 -0.150 0.001 0.348 0.925
19.538 -407.631 -85.404 -0.150 0.001 0.350 0.925
19.477 -407.565 -85.430 -0.151 0.001 0.352 0.924
19.415 -407.498 -85.457 -0.152 0.001 0.353 0.923
19.359 -407.438 -85.481 -0.153 0.001 0.355 0.922
19.281 -407.355 -85.514 -0.154 0.001 0.357 0.921
19.205 -407.274 -85.547 -0.155 0.001 0.359 0.920
19.145 -407.211 -85.573 -0.156 0.001 0.360 0.920
19.068 -407.132 -85.606 -0.157 0.001 0.362 0.919
19.000 -407.062 -85.635 -0.158 0.001 0.364 0.918
18.935 -406.996 -85.664 -0.158 0.001 0.366 0.917
18.844 -406.904 -85.703 -0.159 0.001 0.368 0.916
18.764 -406.824 -85.737 -0.160 0.001 0.370 0.915
18.723 -406.783 -85.755 -0.160 0.001 0.371 0.915
18.628 -406.689 -85.796 -0.161 0.001 0.373 0.914
18.571 -406.633 -85.820 -0.161 0.001 0.375 0.913
18.513 -406.577 -85.845 -0.162 0.001 0.376 0.912
18.446 -406.513 -85.874 -0.163 0.001 0.378 0.911
18.369 -406.439 -85.907 -0.164 0.001 0.380 0.910
18.289 -406.363 -85.941 -0.165 0.001 0.382 0.909
18.228 -406.305 -85.968 -0.166 0.001 0.383 0.909
18.166 -406.248 -85.994 -0.166 0.001 0.385 0.908
18.097 -406.184 -86.024 -0.167 0.001 0.386 0.907
18.032 -406.125 -86.052 -0.168 0.001 0.388 0.906
17.970 -406.068 -86.079 -0.169 0.001 0.389 0.906
17.887 -405.993 -86.115 -0.170 0.000 0.391 0.905
17.816 -405.929 -86.145 -0.170 0.001 0.392 0.904
17.775 -405.893 -86.163 -0.171 0.001 0.393 0.903
17.719 -405.843 -86.187 -0.171 0.001 0.395 0.903
17.623 -405.759 -86.229 -0.172 0.001 0.397 0.902
17.546 -405.691 -86.262 -0.173 0.001 0.399 0.901
17.466 -405.623 -86.297 -0.174 0.001 0.400 0.900
17.387 -405.555 -86.332 -0.175 0.000 0.402 0.899
17.313 -405.493 -86.363 -0.175 0.000 0.404 0.898
17.257 -405.446 -86.388 -0.176 0.000 0.405 0.897
17.192 -405.391 -86.416 -0.177 0.000 0.407 0.896
17.132 -405.341 -86.442 -0.178 0.000 0.408 0.895
17.058 -405.280 -86.474 -0.178 0.000 0.410 0.895
17.003 -405.236 -86.498 -0.179 0.000 0.411 0.894
16.904 -405.156 -86.541 -0.180 0.000 0.413 0.893
16.833 -405.099 -86.572 -0.180 0.001 0.415 0.892
16.759 -405.039 -86.604 -0.181 0.001 0.417 0.891
16.657 -404.960 -86.648 -0.181 0.001 0.419 0.890
16.587 -404.905 -86.678 -0.182 0.001 0.421 0.889
16.498 -404.836 -86.717 -0.183 0.001 0.422 0.888
16.449 -404.799 -86.737 -0.183 0.001 0.423 0.887
16.399 -404.760 -86.759 -0.184 0.001 0.425 0.887
16.338 -404.714 -86.785 -0.184 0.001 0.426 0.886
16.234 -404.636 -86.830 -0.185 0.001 0.428 0.885
16.182 -404.597 -86.853 -0.186 0.001 0.429 0.884
16.074 -404.518 -86.900 -0.187 0.001 0.431 0.883
15.924 -404.409 -86.964 -0.188 0.001 0.434 0.881
15.828 -404.340 -87.006 -0.189 0.000 0.436 0.880
15.764 -404.294 -87.034 -0.190 0.001 0.437 0.879
15.615 -404.189 -87.098 -0.191 0.001 0.440 0.877
15.551 -404.145 -87.126 -0.191 0.001 0.442 0.877
15.488 -404.101 -87.153 -0.192 0.001 0.443 0.876
15.418 -404.053 -87.183 -0.192 0.001 0.445 0.875
15.336 -403.997 -87.218 -0.193 0.001 0.446 0.874
15.267 -403.951 -87.248 -0.193 0.001 0.448 0.873
15.175 -403.890 -87.287 -0.194 0.001 0.449 0.872
15.131 -403.861 -87.306 -0.194 0.001 0.450 0.871
15.062 -403.815 -87.336 -0.195 0.001 0.452 0.871
14.991 -403.769 -87.367 -0.195 0.001 0.453 0.870
14.950 -403.742 -87.384 -0.196 0.001 0.454 0.869
14.868 -403.690 -87.419 -0.196 0.001 0.456 0.868
14.778 -403.632 -87.458 -0.197 0.001 0.457 0.867
14.710 -403.589 -87.487 -0.198 0.001 0.459 0.866
14.619 -403.532 -87.526 -0.198 0.001 0.460 0.865
14.564 -403.498 -87.550 -0.199 0.001 0.461 0.865
14.477 -403.444 -87.587 -0.200 0.001 0.463 0.864
14.396 -403.395 -87.622 -0.200 0.001 0.465 0.863
14.283 -403.326 -87.671 -0.201 0.001 0.467 0.861
14.193 -403.272 -87.709 -0.202 0.001 0.468 0.861
14.099 -403.217 -87.750 -0.202 0.001 0.470 0.859
14.019 -403.169 -87.784 -0.203 0.001 0.471 0.858
13.916 -403.109 -87.829 -0.204 0.001 0.473 0.857
13.831 -403.060 -87.865 -0.204 0.001 0.474 0.856
13.777 -403.029 -87.888 -0.205 0.001 0.475 0.856
13.707 -402.990 -87.918 -0.205 0.001 0.476 0.855
13.622 -402.941 -87.955 -0.206 0.001 0.478 0.854
13.529 -402.889 -87.995 -0.206 0.001 0.479 0.853
13.457 -402.850 -88.026 -0.207 0.001 0.480 0.852
13.386 -402.811 -88.056 -0.208 0.001 0.481 0.852
13.261 -402.742 -88.110 -0.208 0.001 0.483 0.850
13.157 -402.687 -88.154 -0.209 0.001 0.485 0.849
13.091 -402.651 -88.183 -0.209 0.001 0.486 0.848
12.994 -402.600 -88.224 -0.210 0.001 0.488 0.847
12.902 -402.551 -88.264 -0.210 0.001 0.490 0.846
12.845 -402.521 -88.288 -0.211 0.002 0.491 0.845
12.786 -402.491 -88.313 -0.211 0.002 0.492 0.845
12.683 -402.438 -88.357 -0.212 0.001 0.493 0.844
12.588 -402.391 -88.398 -0.213 0.001 0.495 0.842
12.485 -402.339 -88.442 -0.213 0.002 0.497 0.841
12.379 -402.287 -88.487 -0.214 0.001 0.499 0.840
12.308 -402.253 -88.517 -0.215 0.001 0.500 0.839
12.257 -402.228 -88.539 -0.215 0.001 0.501 0.838
12.172 -402.187 -88.575 -0.216 0.001 0.502 0.837
12.114 -402.159 -88.600 -0.216 0.002 0.503 0.837
12.020 -402.115 -88.641 -0.217 0.001 0.505 0.835
11.908 -402.063 -88.689 -0.218 0.001 0.507 0.834
11.781 -402.005 -88.743 -0.219 0.002 0.509 0.832
11.683 -401.960 -88.785 -0.219 0.002 0.511 0.831
11.575 -401.912 -88.831 -0.220 0.001 0.513 0.830
11.482 -401.871 -88.871 -0.221 0.002 0.514 0.829
11.409 -401.840 -88.902 -0.221 0.002 0.515 0.828
11.344 -401.811 -88.930 -0.222 0.002 0.516 0.827
11.221 -401.758 -88.982 -0.222 0.002 0.518 0.826
11.140 -401.724 -89.017 -0.223 0.002 0.519 0.825
11.059 -401.690 -89.051 -0.224 0.001 0.520 0.824
10.975 -401.655 -89.087 -0.224 0.002 0.522 0.823
10.915 -401.630 -89.113 -0.224 0.002 0.523 0.822
10.831 -401.596 -89.149 -0.225 0.002 0.524 0.821
10.706 -401.546 -89.202 -0.226 0.002 0.526 0.820
10.582 -401.497 -89.255 -0.226 0.002 0.528 0.819
10.504 -401.466 -89.288 -0.227 0.002 0.529 0.818
10.380 -401.418 -89.341 -0.227 0.002 0.531 0.816
10.259 -401.372 -89.393 -0.228 0.002 0.533 0.815
10.130 -401.324 -89.448 -0.229 0.002 0.535 0.813
10.072 -401.303 -89.472 -0.229 0.002 0.535 0.813
9.985 -401.271 -89.509 -0.230 0.002 0.537 0.812
9.920 -401.247 -89.537 -0.230 0.002 0.538 0.811
9.826 -401.213 -89.577 -0.231 0.002 0.539 0.810
9.724 -401.177 -89.620 -0.231 0.002 0.540 0.809
