26.393 -423.632 -82.403 -0.025 0.000 0.049 0.998
26.381 -423.511 -82.410 -0.026 0.000 0.051 0.998
26.374 -423.441 -82.413 -0.027 0.000 0.053 0.998
26.362 -423.330 -82.420 -0.027 0.000 0.054 0.998
26.353 -423.251 -82.424 -0.028 0.000 0.056 0.998
26.342 -423.151 -82.430 -0.029 0.000 0.057 0.998
26.331 -423.063 -82.435 -0.029 0.000 0.059 0.998
26.319 -422.961 -82.441 -0.030 0.000 0.061 0.998
26.308 -422.869 -82.447 -0.031 0.000 0.062 0.998
26.296 -422.778 -82.452 -0.032 0.000 0.063 0.997
26.283 -422.676 -82.459 -0.032 0.000 0.065 0.997
26.272 -422.594 -82.464 -0.032 0.000 0.067 0.997
26.259 -422.493 -82.471 -0.033 0.000 0.068 0.997
26.240 -422.361 -82.479 -0.033 0.000 0.070 0.997
26.227 -422.269 -82.485 -0.034 0.000 0.071 0.997
26.213 -422.173 -82.492 -0.034 0.000 0.073 0.997
26.194 -422.043 -82.501 -0.035 0.000 0.075 0.997
26.177 -421.935 -82.509 -0.036 0.000 0.077 0.996
26.167 -421.870 -82.514 -0.036 0.000 0.078 0.996
26.151 -421.770 -82.521 -0.037 0.000 0.079 0.996
26.138 -421.689 -82.527 -0.037 0.000 0.081 0.996
26.124 -421.605 -82.534 -0.038 0.000 0.082 0.996
26.103 -421.483 -82.543 -0.039 0.000 0.084 0.996
26.085 -421.378 -82.551 -0.040 0.000 0.086 0.996
26.062 -421.246 -82.562 -0.041 0.000 0.088 0.995
26.042 -421.135 -82.572 -0.041 0.000 0.090 0.995
26.022 -421.031 -82.580 -0.042 0.000 0.092 0.995
25.999 -420.905 -82.591 -0.043 0.000 0.094 0.995
25.981 -420.815 -82.599 -0.043 0.000 0.096 0.994
25.961 -420.710 -82.608 -0.044 0.000 0.097 0.994
25.945 -420.633 -82.615 -0.045 0.000 0.099 0.994
25.926 -420.536 -82.624 -0.046 0.000 0.100 0.994
25.901 -420.419 -82.635 -0.047 0.000 0.102 0.994
25.881 -420.323 -82.645 -0.047 0.000 0.104 0.993
25.869 -420.264 -82.650 -0.048 0.000 0.105 0.993
25.839 -420.127 -82.664 -0.049 0.000 0.108 0.993
25.816 -420.026 -82.674 -0.050 0.000 0.109 0.993
25.787 -419.895 -82.688 -0.050 0.000 0.111 0.992
25.762 -419.787 -82.699 -0.051 0.000 0.113 0.992
25.737 -419.682 -82.710 -0.051 0.000 0.115 0.992
25.715 -419.586 -82.720 -0.053 0.000 0.117 0.992
25.696 -419.509 -82.728 -0.053 0.000 0.119 0.992
25.671 -419.408 -82.739 -0.054 0.000 0.120 0.991
25.647 -419.311 -82.750 -0.054 0.000 0.122 0.991
25.624 -419.221 -82.760 -0.055 0.000 0.123 0.991
25.596 -419.110 -82.773 -0.055 0.000 0.125 0.991
25.570 -419.009 -82.784 -0.056 0.000 0.127 0.990
25.553 -418.944 -82.792 -0.057 0.000 0.128 0.990
25.538 -418.887 -82.798 -0.057 0.000 0.129 0.990
25.523 -418.831 -82.805 -0.057 0.000 0.130 0.990
25.498 -418.742 -82.816 -0.059 0.000 0.132 0.990
25.471 -418.643 -82.828 -0.059 0.000 0.134 0.989
25.442 -418.538 -82.841 -0.060 0.000 0.136 0.989
25.414 -418.440 -82.853 -0.061 0.000 0.138 0.989
25.382 -418.330 -82.867 -0.062 0.000 0.140 0.988
25.347 -418.209 -82.883 -0.063 0.000 0.142 0.988
25.311 -418.088 -82.899 -0.064 0.000 0.144 0.988
25.272 -417.958 -82.916 -0.065 0.000 0.146 0.987
25.238 -417.846 -82.931 -0.066 0.000 0.148 0.987
25.204 -417.738 -82.946 -0.066 0.000 0.150 0.986
25.187 -417.683 -82.954 -0.067 0.000 0.151 0.986
25.162 -417.603 -82.965 -0.067 0.000 0.152 0.986
25.138 -417.531 -82.975 -0.068 0.000 0.154 0.986
25.102 -417.417 -82.992 -0.069 0.000 0.155 0.985
25.065 -417.305 -83.008 -0.070 0.000 0.158 0.985
25.046 -417.248 -83.016 -0.070 0.000 0.158 0.985
25.022 -417.175 -83.027 -0.071 0.000 0.160 0.985
24.982 -417.056 -83.044 -0.071 0.000 0.162 0.984
24.946 -416.952 -83.060 -0.072 0.000 0.163 0.984
24.917 -416.867 -83.073 -0.073 0.000 0.164 0.984
24.881 -416.763 -83.089 -0.073 0.000 0.166 0.983
24.860 -416.704 -83.098 -0.073 0.001 0.167 0.983
24.824 -416.602 -83.114 -0.074 0.001 0.169 0.983
24.796 -416.523 -83.126 -0.075 0.001 0.170 0.983
24.754 -416.409 -83.144 -0.076 0.000 0.172 0.982
24.714 -416.299 -83.162 -0.077 0.000 0.174 0.982
24.686 -416.222 -83.174 -0.077 0.000 0.175 0.981
24.667 -416.171 -83.183 -0.078 0.000 0.176 0.981
24.621 -416.050 -83.203 -0.079 0.000 0.179 0.981
24.582 -415.947 -83.220 -0.080 0.000 0.180 0.980
24.558 -415.885 -83.231 -0.080 0.000 0.182 0.980
24.519 -415.784 -83.248 -0.081 0.001 0.184 0.980
24.489 -415.708 -83.261 -0.081 0.001 0.185 0.979
24.450 -415.610 -83.278 -0.081 0.001 0.187 0.979
24.410 -415.510 -83.295 -0.082 0.001 0.189 0.979
24.380 -415.437 -83.308 -0.083 0.001 0.190 0.978
24.333 -415.321 -83.329 -0.083 0.001 0.192 0.978
24.281 -415.197 -83.351 -0.084 0.001 0.194 0.977
24.235 -415.086 -83.371 -0.085 0.001 0.196 0.977
24.197 -414.996 -83.388 -0.086 0.001 0.198 0.976
24.157 -414.903 -83.405 -0.086 0.001 0.200 0.976
24.119 -414.816 -83.421 -0.087 0.001 0.201 0.976
24.078 -414.722 -83.439 -0.088 0.001 0.203 0.975
24.048 -414.655 -83.452 -0.089 0.001 0.204 0.975
23.998 -414.542 -83.474 -0.090 0.001 0.207 0.974
23.966 -414.470 -83.488 -0.090 0.001 0.208 0.974
23.923 -414.376 -83.506 -0.091 0.001 0.210 0.974
23.878 -414.277 -83.526 -0.092 0.001 0.212 0.973
23.847 -414.210 -83.539 -0.092 0.001 0.213 0.973
23.803 -414.115 -83.558 -0.093 0.001 0.215 0.972
23.765 -414.035 -83.575 -0.094 0.001 0.216 0.972
23.717 -413.934 -83.595 -0.094 0.001 0.219 0.971
23.653 -413.802 -83.623 -0.095 0.001 0.221 0.971
23.615 -413.723 -83.639 -0.096 0.001 0.223 0.970
23.561 -413.614 -83.662 -0.097 0.001 0.225 0.970
23.502 -413.496 -83.688 -0.098 0.001 0.227 0.969
23.444 -413.380 -83.713 -0.099 0.001 0.229 0.968
23.406 -413.306 -83.729 -0.100 0.001 0.231 0.968
23.343 -413.184 -83.756 -0.101 0.001 0.233 0.967
23.297 -413.095 -83.776 -0.101 0.001 0.235 0.967
23.241 -412.988 -83.800 -0.102 0.001 0.237 0.966
23.192 -412.897 -83.821 -0.103 0.001 0.239 0.966
23.143 -412.806 -83.842 -0.104 0.001 0.241 0.965
23.107 -412.738 -83.858 -0.105 0.001 0.242 0.965
23.039 -412.615 -83.887 -0.105 0.001 0.244 0.964
23.012 -412.566 -83.899 -0.106 0.001 0.245 0.964
22.978 -412.504 -83.913 -0.106 0.001 0.247 0.963
22.911 -412.383 -83.942 -0.108 0.001 0.249 0.962
22.875 -412.320 -83.958 -0.108 0.001 0.251 0.962
22.833 -412.247 -83.975 -0.108 0.001 0.252 0.962
22.786 -412.165 -83.996 -0.109 0.001 0.254 0.961
22.744 -412.092 -84.014 -0.110 0.001 0.255 0.961
22.696 -412.010 -84.034 -0.111 0.001 0.257 0.960
22.650 -411.930 -84.054 -0.112 0.001 0.258 0.960
22.572 -411.799 -84.088 -0.113 0.001 0.261 0.959
22.524 -411.720 -84.108 -0.113 0.001 0.262 0.958
22.458 -411.610 -84.137 -0.114 0.001 0.265 0.957
22.399 -411.513 -84.163 -0.115 0.001 0.267 0.957
22.350 -411.434 -84.184 -0.116 0.001 0.269 0.956
22.306 -411.364 -84.202 -0.117 0.001 0.270 0.956
22.239 -411.256 -84.232 -0.118 0.001 0.272 0.955
22.188 -411.176 -84.253 -0.118 0.001 0.274 0.954
22.140 -411.101 -84.274 -0.119 0.001 0.275 0.954
22.091 -411.025 -84.295 -0.119 0.001 0.277 0.953
22.015 -410.908 -84.328 -0.121 0.001 0.280 0.952
21.953 -410.815 -84.354 -0.121 0.001 0.282 0.952
21.902 -410.737 -84.376 -0.122 0.001 0.283 0.951
21.851 -410.661 -84.398 -0.123 0.001 0.285 0.951
21.784 -410.563 -84.427 -0.124 0.001 0.287 0.950
21.723 -410.473 -84.453 -0.124 0.001 0.289 0.949
21.656 -410.375 -84.482 -0.125 0.001 0.291 0.948
21.611 -410.311 -84.501 -0.126 0.001 0.293 0.948
21.557 -410.234 -84.525 -0.127 0.001 0.294 0.947
21.502 -410.156 -84.548 -0.127 0.001 0.296 0.947
21.440 -410.067 -84.575 -0.128 0.001 0.298 0.946
21.356 -409.951 -84.611 -0.129 0.001 0.300 0.945
21.303 -409.878 -84.634 -0.130 0.001 0.302 0.944
21.226 -409.773 -84.667 -0.131 0.001 0.304 0.943
21.160 -409.684 -84.695 -0.132 0.001 0.306 0.943
21.084 -409.583 -84.728 -0.133 0.001 0.309 0.942
21.026 -409.506 -84.753 -0.134 0.001 0.310 0.941
20.982 -409.448 -84.772 -0.134 0.001 0.312 0.941
20.903 -409.344 -84.806 -0.135 0.001 0.314 0.940
20.841 -409.264 -84.833 -0.136 0.001 0.316 0.939
20.749 -409.146 -84.872 -0.137 0.001 0.318 0.938
20.708 -409.094 -84.889 -0.137 0.001 0.319 0.938
20.621 -408.985 -84.927 -0.138 0.001 0.322 0.937
20.551 -408.897 -84.957 -0.139 0.001 0.324 0.936
20.499 -408.833 -84.979 -0.140 0.001 0.325 0.935
20.404 -408.717 -85.020 -0.141 0.001 0.328 0.934
20.347 -408.648 -85.045 -0.142 0.001 0.329 0.933
20.259 -408.543 -85.082 -0.143 0.001 0.332 0.932
20.193 -408.464 -85.111 -0.144 0.001 0.334 0.932
20.144 -408.406 -85.132 -0.145 0.001 0.335 0.931
20.081 -408.333 -85.159 -0.145 0.001 0.337 0.930
19.995 -408.233 -85.196 -0.147 0.001 0.339 0.929
19.912 -408.137 -85.232 -0.147 0.001 0.341 0.928
19.856 -408.074 -85.256 -0.148 0.001 0.343 0.928
19.759 -407.965 -85.298 -0.149 0.001 0.345 0.927
19.685 -407.882 -85.330 -0.150 0.001 0.347 0.926
19.597 -407.785 -85.368 -0.151 0.001 0.350 0.925
19.496 -407.675 -85.411 -0.152 0.001 0.352 0.923
19.409 -407.581 -85.449 -0.154 0.001 0.355 0.922
19.339 -407.506 -85.479 -0.154 0.001 0.356 0.922
19.263 -407.426 -85.512 -0.155 0.001 0.358 0.921
19.167 -407.326 -85.553 -0.156 0.001 0.361 0.919
19.087 -407.243 -85.588 -0.157 0.001 0.363 0.918
19.007 -407.160 -85.623 -0.158 0.001 0.365 0.917
18.945 -407.097 -85.650 -0.159 0.001 0.367 0.917
18.864 -407.016 -85.684 -0.160 0.000 0.369 0.916
18.796 -406.948 -85.714 -0.161 0.000 0.370 0.915
18.726 -406.879 -85.744 -0.161 0.001 0.372 0.914
18.638 -406.792 -85.782 -0.162 0.001 0.374 0.913
18.537 -406.693 -85.826 -0.163 0.001 0.377 0.912
18.444 -406.605 -85.866 -0.164 0.001 0.379 0.911
18.367 -406.532 -85.899 -0.165 0.001 0.381 0.910
18.283 -406.452 -85.935 -0.165 0.001 0.383 0.909
18.195 -406.371 -85.973 -0.166 0.001 0.385 0.908
18.099 -406.282 -86.015 -0.167 0.001 0.388 0.907
18.026 -406.216 -86.046 -0.168 0.001 0.389 0.906
17.932 -406.131 -86.086 -0.169 0.001 0.391 0.905
17.839 -406.047 -86.126 -0.169 0.001 0.394 0.903
17.740 -405.960 -86.169 -0.170 0.001 0.396 0.902
17.665 -405.894 -86.201 -0.171 0.001 0.398 0.901
17.579 -405.820 -86.237 -0.172 0.001 0.400 0.900
17.490 -405.744 -86.275 -0.172 0.001 0.402 0.899
17.385 -405.655 -86.320 -0.173 0.001 0.404 0.898
17.313 -405.595 -86.351 -0.174 0.001 0.406 0.897
17.242 -405.535 -86.381 -0.174 0.001 0.407 0.896
17.158 -405.466 -86.417 -0.175 0.001 0.409 0.896
17.078 -405.400 -86.451 -0.176 0.001 0.411 0.895
16.991 -405.330 -86.488 -0.176 0.002 0.413 0.894
16.939 -405.288 -86.510 -0.176 0.002 0.414 0.893
16.882 -405.242 -86.535 -0.177 0.002 0.415 0.892
16.801 -405.177 -86.569 -0.178 0.002 0.417 0.891
16.720 -405.113 -86.604 -0.178 0.002 0.419 0.890
16.644 -405.054 -86.636 -0.179 0.002 0.421 0.889
16.582 -405.006 -86.662 -0.180 0.002 0.422 0.889
16.505 -404.947 -86.695 -0.180 0.002 0.423 0.888
16.416 -404.879 -86.732 -0.181 0.002 0.425 0.887
16.357 -404.835 -86.757 -0.182 0.002 0.426 0.886
16.290 -404.785 -86.786 -0.182 0.002 0.428 0.885
16.211 -404.726 -86.819 -0.183 0.002 0.430 0.884
16.120 -404.658 -86.858 -0.184 0.002 0.431 0.883
16.047 -404.605 -86.889 -0.185 0.002 0.433 0.882
15.971 -404.550 -86.921 -0.185 0.002 0.435 0.881
15.884 -404.488 -86.958 -0.186 0.002 0.436 0.880
15.813 -404.437 -86.988 -0.187 0.002 0.438 0.879
15.733 -404.380 -87.022 -0.187 0.002 0.439 0.879
15.584 -404.277 -87.085 -0.188 0.002 0.442 0.877
15.479 -404.204 -87.130 -0.189 0.002 0.445 0.876
15.421 -404.165 -87.154 -0.190 0.002 0.446 0.875
15.309 -404.089 -87.201 -0.191 0.002 0.448 0.873
15.248 -404.048 -87.228 -0.191 0.002 0.449 0.873
15.195 -404.014 -87.250 -0.192 0.002 0.450 0.872
15.105 -403.954 -87.288 -0.192 0.002 0.452 0.871
15.035 -403.908 -87.318 -0.193 0.002 0.453 0.870
14.915 -403.830 -87.368 -0.194 0.002 0.456 0.869
14.840 -403.782 -87.400 -0.194 0.002 0.457 0.868
14.730 -403.712 -87.446 -0.195 0.002 0.459 0.867
14.644 -403.659 -87.483 -0.196 0.002 0.461 0.866
14.588 -403.624 -87.506 -0.197 0.002 0.462 0.865
14.514 -403.578 -87.538 -0.197 0.002 0.463 0.864
14.399 -403.508 -87.586 -0.198 0.002 0.465 0.863
14.305 -403.450 -87.626 -0.199 0.002 0.467 0.862
14.195 -403.385 -87.673 -0.200 0.002 0.469 0.860
14.091 -403.323 -87.717 -0.201 0.002 0.470 0.859
13.999 -403.270 -87.756 -0.201 0.002 0.472 0.858
13.931 -403.230 -87.785 -0.202 0.002 0.473 0.857
13.852 -403.184 -87.819 -0.202 0.002 0.475 0.857
13.763 -403.133 -87.856 -0.203 0.002 0.476 0.856
13.709 -403.102 -87.879 -0.203 0.002 0.477 0.855
13.613 -403.048 -87.920 -0.204 0.002 0.478 0.854
13.536 -403.005 -87.952 -0.204 0.002 0.480 0.853
13.453 -402.959 -87.987 -0.205 0.002 0.481 0.852
13.359 -402.907 -88.027 -0.205 0.002 0.483 0.852
13.270 -402.858 -88.065 -0.206 0.002 0.484 0.851
13.177 -402.808 -88.104 -0.206 0.002 0.485 0.850
13.071 -402.751 -88.149 -0.207 0.002 0.487 0.848
12.958 -402.692 -88.196 -0.208 0.002 0.489 0.847
12.881 -402.652 -88.229 -0.208 0.002 0.491 0.846
12.785 -402.602 -88.269 -0.209 0.002 0.493 0.845
12.694 -402.555 -88.308 -0.210 0.002 0.494 0.844
12.603 -402.509 -88.346 -0.210 0.002 0.496 0.842
12.487 -402.452 -88.395 -0.211 0.002 0.498 0.841
12.412 -402.415 -88.427 -0.212 0.002 0.499 0.840
12.345 -402.382 -88.455 -0.213 0.002 0.500 0.840
12.284 -402.353 -88.481 -0.213 0.002 0.501 0.839
12.188 -402.306 -88.521 -0.214 0.002 0.503 0.837
12.122 -402.274 -88.549 -0.214 0.002 0.504 0.837
12.013 -402.223 -88.595 -0.215 0.002 0.506 0.835
11.920 -402.180 -88.635 -0.216 0.002 0.507 0.834
11.839 -402.143 -88.669 -0.216 0.002 0.508 0.833
11.731 -402.093 -88.715 -0.217 0.002 0.510 0.832
11.653 -402.058 -88.748 -0.218 0.002 0.511 0.831
11.572 -402.022 -88.782 -0.218 0.002 0.513 0.830
11.466 -401.975 -88.827 -0.218 0.002 0.514 0.829
11.377 -401.936 -88.864 -0.219 0.002 0.516 0.828
11.298 -401.902 -88.897 -0.220 0.002 0.517 0.827
11.224 -401.870 -88.929 -0.220 0.002 0.518 0.826
11.136 -401.833 -88.966 -0.221 0.002 0.520 0.825
11.055 -401.799 -89.000 -0.222 0.002 0.521 0.824
10.972 -401.765 -89.035 -0.222 0.002 0.522 0.823
10.863 -401.720 -89.082 -0.223 0.002 0.524 0.822
10.806 -401.697 -89.105 -0.223 0.002 0.525 0.822
10.727 -401.665 -89.139 -0.224 0.002 0.526 0.821
10.607 -401.617 -89.190 -0.225 0.002 0.528 0.819
10.494 -401.573 -89.238 -0.226 0.002 0.530 0.818
10.408 -401.539 -89.274 -0.226 0.002 0.531 0.817
10.312 -401.503 -89.315 -0.227 0.002 0.532 0.816
10.216 -401.467 -89.356 -0.227 0.002 0.534 0.814
10.158 -401.445 -89.380 -0.228 0.002 0.535 0.814
10.071 -401.413 -89.417 -0.228 0.002 0.536 0.813
10.003 -401.388 -89.446 -0.228 0.002 0.537 0.812
9.894 -401.348 -89.492 -0.229 0.002 0.539 0.811
9.827 -401.324 -89.520 -0.229 0.002 0.539 0.810
