26.389 -423.592 -82.405 -0.025 0.000 0.049 0.998
26.380 -423.500 -82.410 -0.026 0.000 0.051 0.998
26.367 -423.379 -82.417 -0.027 0.000 0.053 0.998
26.359 -423.304 -82.421 -0.028 0.000 0.054 0.998
26.351 -423.227 -82.425 -0.028 0.000 0.056 0.998
26.342 -423.150 -82.429 -0.029 0.000 0.057 0.998
26.333 -423.068 -82.434 -0.030 0.000 0.058 0.998
26.322 -422.982 -82.439 -0.030 0.000 0.060 0.998
26.313 -422.908 -82.444 -0.030 0.000 0.061 0.998
26.304 -422.829 -82.449 -0.031 0.000 0.062 0.998
26.291 -422.731 -82.455 -0.032 0.000 0.063 0.997
26.280 -422.646 -82.461 -0.033 0.000 0.065 0.997
26.269 -422.564 -82.466 -0.034 0.000 0.066 0.997
26.260 -422.493 -82.471 -0.034 0.000 0.067 0.997
26.248 -422.405 -82.477 -0.035 0.000 0.069 0.997
26.236 -422.318 -82.483 -0.035 0.000 0.070 0.997
26.216 -422.183 -82.493 -0.036 0.000 0.072 0.997
26.205 -422.108 -82.498 -0.036 0.000 0.073 0.997
26.191 -422.010 -82.506 -0.037 0.000 0.075 0.997
26.170 -421.872 -82.516 -0.038 0.000 0.077 0.996
26.149 -421.740 -82.526 -0.039 0.000 0.079 0.996
26.132 -421.639 -82.534 -0.040 0.000 0.080 0.996
26.121 -421.569 -82.540 -0.040 0.000 0.082 0.996
26.107 -421.486 -82.547 -0.041 0.000 0.083 0.996
26.095 -421.415 -82.553 -0.041 0.000 0.084 0.996
26.080 -421.327 -82.560 -0.042 0.000 0.086 0.995
26.063 -421.228 -82.569 -0.042 0.000 0.087 0.995
26.045 -421.131 -82.577 -0.042 0.000 0.089 0.995
26.025 -421.018 -82.587 -0.043 0.000 0.091 0.995
25.998 -420.873 -82.600 -0.044 0.000 0.093 0.995
25.982 -420.789 -82.607 -0.045 0.000 0.094 0.995
25.970 -420.728 -82.613 -0.045 0.000 0.095 0.994
25.943 -420.593 -82.625 -0.046 0.000 0.098 0.994
25.922 -420.485 -82.635 -0.047 0.000 0.100 0.994
25.901 -420.383 -82.645 -0.047 0.000 0.101 0.994
25.879 -420.281 -82.655 -0.048 0.000 0.103 0.993
25.858 -420.180 -82.665 -0.049 0.000 0.105 0.993
25.845 -420.120 -82.671 -0.050 0.000 0.106 0.993
25.823 -420.019 -82.681 -0.051 0.000 0.108 0.993
25.793 -419.884 -82.696 -0.052 0.000 0.110 0.993
25.772 -419.791 -82.706 -0.052 0.000 0.112 0.992
25.754 -419.714 -82.714 -0.053 0.000 0.113 0.992
25.722 -419.580 -82.729 -0.054 0.000 0.116 0.992
25.712 -419.535 -82.733 -0.054 0.000 0.116 0.992
25.686 -419.429 -82.745 -0.055 0.000 0.118 0.991
25.661 -419.327 -82.757 -0.056 0.000 0.120 0.991
25.635 -419.220 -82.769 -0.057 0.000 0.122 0.991
25.600 -419.081 -82.786 -0.058 0.000 0.124 0.991
25.572 -418.973 -82.799 -0.059 0.000 0.126 0.990
25.534 -418.829 -82.817 -0.060 0.000 0.128 0.990
25.517 -418.765 -82.825 -0.061 0.000 0.130 0.990
25.486 -418.650 -82.839 -0.062 0.000 0.132 0.989
25.449 -418.517 -82.856 -0.063 0.000 0.135 0.989
25.428 -418.442 -82.866 -0.064 0.000 0.136 0.989
25.399 -418.339 -82.880 -0.064 0.000 0.138 0.988
25.366 -418.224 -82.895 -0.065 0.000 0.140 0.988
25.338 -418.131 -82.908 -0.066 0.000 0.142 0.988
25.316 -418.058 -82.918 -0.067 0.000 0.143 0.987
25.299 -418.000 -82.926 -0.067 0.000 0.144 0.987
25.261 -417.873 -82.944 -0.068 0.000 0.147 0.987
25.237 -417.798 -82.955 -0.069 0.000 0.148 0.987
25.209 -417.704 -82.968 -0.070 0.000 0.149 0.986
25.179 -417.609 -82.982 -0.070 0.000 0.151 0.986
25.152 -417.524 -82.994 -0.071 0.000 0.152 0.986
25.126 -417.442 -83.007 -0.071 0.000 0.154 0.986
25.089 -417.328 -83.024 -0.072 0.000 0.155 0.985
25.060 -417.241 -83.037 -0.073 0.000 0.157 0.985
25.034 -417.160 -83.049 -0.073 0.000 0.158 0.985
25.003 -417.069 -83.063 -0.074 0.000 0.160 0.984
24.982 -417.006 -83.073 -0.074 0.000 0.161 0.984
24.964 -416.952 -83.081 -0.074 0.000 0.162 0.984
24.931 -416.858 -83.096 -0.075 0.000 0.164 0.984
24.907 -416.788 -83.107 -0.076 0.000 0.165 0.983
24.881 -416.713 -83.119 -0.077 0.000 0.166 0.983
24.841 -416.600 -83.138 -0.078 0.000 0.168 0.983
24.813 -416.520 -83.151 -0.078 0.000 0.169 0.982
24.772 -416.405 -83.170 -0.079 0.000 0.171 0.982
24.733 -416.299 -83.188 -0.080 0.000 0.173 0.982
24.703 -416.217 -83.201 -0.081 0.000 0.174 0.981
24.659 -416.099 -83.222 -0.082 0.000 0.176 0.981
24.638 -416.044 -83.231 -0.082 0.000 0.177 0.981
24.612 -415.975 -83.244 -0.082 0.000 0.179 0.980
24.586 -415.908 -83.255 -0.083 0.000 0.180 0.980
24.553 -415.822 -83.270 -0.083 0.000 0.181 0.980
24.503 -415.692 -83.294 -0.085 0.000 0.183 0.979
24.458 -415.577 -83.314 -0.086 0.000 0.185 0.979
24.428 -415.501 -83.328 -0.086 0.000 0.186 0.979
24.403 -415.439 -83.340 -0.086 0.000 0.187 0.979
24.370 -415.359 -83.355 -0.087 0.000 0.188 0.978
24.332 -415.265 -83.372 -0.087 0.001 0.190 0.978
24.302 -415.190 -83.386 -0.088 0.001 0.192 0.978
24.252 -415.071 -83.409 -0.089 0.000 0.194 0.977
24.226 -415.008 -83.421 -0.089 0.001 0.195 0.977
24.179 -414.897 -83.442 -0.090 0.001 0.196 0.976
24.133 -414.789 -83.463 -0.091 0.001 0.198 0.976
24.092 -414.693 -83.482 -0.091 0.001 0.200 0.975
24.055 -414.607 -83.499 -0.092 0.001 0.202 0.975
24.023 -414.535 -83.514 -0.093 0.001 0.203 0.975
23.977 -414.431 -83.535 -0.094 0.001 0.205 0.974
23.936 -414.340 -83.553 -0.094 0.001 0.207 0.974
23.897 -414.253 -83.571 -0.095 0.001 0.209 0.973
23.834 -414.115 -83.600 -0.096 0.001 0.211 0.973
23.782 -414.003 -83.623 -0.097 0.001 0.213 0.972
23.722 -413.874 -83.651 -0.098 0.001 0.215 0.972
23.691 -413.809 -83.665 -0.098 0.001 0.217 0.971
23.656 -413.736 -83.680 -0.099 0.001 0.218 0.971
23.622 -413.666 -83.695 -0.100 0.001 0.219 0.971
23.555 -413.528 -83.726 -0.100 0.001 0.222 0.970
23.500 -413.416 -83.751 -0.101 0.001 0.224 0.969
23.463 -413.341 -83.767 -0.102 0.001 0.226 0.969
23.411 -413.238 -83.791 -0.103 0.001 0.228 0.968
23.367 -413.152 -83.810 -0.104 0.001 0.230 0.968
23.313 -413.045 -83.835 -0.105 0.001 0.232 0.967
23.235 -412.896 -83.870 -0.105 0.001 0.235 0.966
23.196 -412.821 -83.887 -0.106 0.001 0.236 0.966
23.149 -412.733 -83.908 -0.106 0.001 0.238 0.965
23.088 -412.620 -83.935 -0.107 0.001 0.241 0.965
23.047 -412.544 -83.953 -0.108 0.001 0.242 0.964
23.009 -412.474 -83.970 -0.109 0.001 0.244 0.964
22.955 -412.376 -83.994 -0.110 0.001 0.245 0.963
22.917 -412.308 -84.011 -0.110 0.001 0.247 0.963
22.863 -412.210 -84.035 -0.111 0.001 0.248 0.962
22.801 -412.100 -84.063 -0.112 0.001 0.251 0.961
22.737 -411.989 -84.092 -0.114 0.001 0.253 0.961
22.674 -411.879 -84.120 -0.114 0.001 0.255 0.960
22.631 -411.807 -84.139 -0.115 0.001 0.257 0.960
22.577 -411.715 -84.163 -0.116 0.001 0.259 0.959
22.527 -411.630 -84.186 -0.116 0.001 0.261 0.958
22.457 -411.515 -84.216 -0.117 0.001 0.263 0.958
22.404 -411.426 -84.240 -0.118 0.001 0.265 0.957
22.354 -411.345 -84.262 -0.119 0.001 0.266 0.956
22.296 -411.250 -84.288 -0.120 0.001 0.268 0.956
22.249 -411.176 -84.309 -0.121 0.001 0.270 0.955
22.167 -411.045 -84.346 -0.122 0.001 0.273 0.954
22.103 -410.944 -84.375 -0.123 0.001 0.275 0.954
22.034 -410.836 -84.406 -0.124 0.001 0.277 0.953
21.963 -410.727 -84.437 -0.125 0.001 0.279 0.952
21.904 -410.638 -84.464 -0.126 0.001 0.281 0.951
21.839 -410.540 -84.493 -0.127 0.001 0.283 0.951
21.784 -410.458 -84.517 -0.128 0.001 0.285 0.950
21.725 -410.370 -84.544 -0.128 0.001 0.286 0.949
21.673 -410.293 -84.567 -0.129 0.001 0.288 0.949
21.608 -410.199 -84.596 -0.130 0.001 0.290 0.948
21.562 -410.133 -84.617 -0.130 0.001 0.291 0.948
21.493 -410.034 -84.647 -0.131 0.001 0.294 0.947
21.441 -409.961 -84.670 -0.132 0.001 0.295 0.946
21.373 -409.865 -84.701 -0.133 0.001 0.297 0.945
21.324 -409.797 -84.722 -0.134 0.001 0.299 0.945
21.289 -409.748 -84.738 -0.134 0.001 0.300 0.945
21.247 -409.690 -84.757 -0.135 0.001 0.301 0.944
21.185 -409.604 -84.785 -0.135 0.001 0.303 0.943
21.108 -409.500 -84.819 -0.137 0.001 0.305 0.943
21.032 -409.398 -84.853 -0.137 0.001 0.307 0.942
20.971 -409.317 -84.880 -0.138 0.001 0.309 0.941
20.890 -409.210 -84.916 -0.139 0.001 0.311 0.940
20.863 -409.174 -84.929 -0.140 0.001 0.312 0.940
20.813 -409.109 -84.951 -0.140 0.001 0.313 0.939
20.750 -409.028 -84.979 -0.141 0.001 0.315 0.938
20.680 -408.939 -85.010 -0.142 0.001 0.317 0.938
20.625 -408.869 -85.035 -0.143 0.001 0.319 0.937
20.550 -408.774 -85.068 -0.143 0.001 0.321 0.936
20.482 -408.690 -85.098 -0.144 0.001 0.323 0.935
20.421 -408.615 -85.125 -0.145 0.001 0.325 0.935
20.366 -408.546 -85.150 -0.145 0.001 0.326 0.934
20.309 -408.478 -85.175 -0.146 0.001 0.328 0.933
20.254 -408.411 -85.199 -0.147 0.001 0.329 0.933
20.193 -408.337 -85.227 -0.147 0.001 0.331 0.932
20.127 -408.258 -85.256 -0.148 0.001 0.333 0.931
20.047 -408.164 -85.292 -0.149 0.001 0.335 0.930
19.976 -408.081 -85.323 -0.150 0.001 0.337 0.930
19.906 -408.000 -85.354 -0.151 0.001 0.339 0.929
19.845 -407.930 -85.381 -0.152 0.001 0.340 0.928
19.780 -407.856 -85.410 -0.153 0.001 0.342 0.927
19.724 -407.793 -85.435 -0.153 0.001 0.344 0.927
19.664 -407.726 -85.462 -0.154 0.001 0.345 0.926
19.605 -407.661 -85.488 -0.155 0.001 0.347 0.925
19.523 -407.570 -85.524 -0.155 0.001 0.349 0.924
19.460 -407.501 -85.552 -0.156 0.001 0.351 0.923
19.396 -407.431 -85.581 -0.157 0.001 0.352 0.923
19.342 -407.373 -85.605 -0.157 0.001 0.354 0.922
19.282 -407.309 -85.631 -0.158 0.001 0.355 0.921
19.215 -407.238 -85.661 -0.159 0.001 0.357 0.920
19.166 -407.186 -85.683 -0.160 0.001 0.358 0.920
19.098 -407.115 -85.713 -0.160 0.001 0.360 0.919
19.016 -407.030 -85.749 -0.161 0.001 0.362 0.918
18.924 -406.937 -85.790 -0.162 0.001 0.365 0.917
18.865 -406.877 -85.816 -0.163 0.001 0.366 0.916
18.793 -406.804 -85.848 -0.164 0.001 0.368 0.915
18.716 -406.727 -85.882 -0.164 0.001 0.370 0.915
18.643 -406.655 -85.914 -0.165 0.001 0.371 0.914
18.555 -406.568 -85.953 -0.166 0.001 0.374 0.913
18.494 -406.509 -85.980 -0.167 0.001 0.375 0.912
18.404 -406.423 -86.020 -0.168 0.001 0.377 0.911
18.338 -406.359 -86.050 -0.169 0.001 0.379 0.910
18.264 -406.290 -86.083 -0.170 0.001 0.381 0.909
18.187 -406.217 -86.117 -0.170 0.001 0.383 0.908
18.125 -406.159 -86.144 -0.171 0.001 0.384 0.907
18.088 -406.125 -86.161 -0.171 0.001 0.385 0.907
17.987 -406.033 -86.205 -0.172 0.001 0.388 0.906
17.899 -405.953 -86.244 -0.173 0.002 0.390 0.905
17.842 -405.901 -86.269 -0.173 0.002 0.391 0.904
17.805 -405.869 -86.286 -0.174 0.002 0.392 0.904
17.744 -405.815 -86.312 -0.175 0.001 0.393 0.903
17.645 -405.727 -86.356 -0.176 0.001 0.396 0.901
17.577 -405.668 -86.387 -0.176 0.001 0.397 0.901
17.502 -405.603 -86.419 -0.177 0.001 0.399 0.900
17.452 -405.561 -86.441 -0.177 0.001 0.400 0.899
17.380 -405.498 -86.474 -0.178 0.001 0.402 0.898
17.258 -405.395 -86.527 -0.179 0.001 0.404 0.897
17.149 -405.305 -86.576 -0.180 0.002 0.407 0.896
17.080 -405.248 -86.606 -0.181 0.002 0.408 0.895
17.008 -405.189 -86.638 -0.182 0.002 0.410 0.894
16.911 -405.110 -86.681 -0.182 0.002 0.412 0.893
16.837 -405.050 -86.713 -0.183 0.002 0.413 0.892
16.772 -404.999 -86.742 -0.184 0.002 0.415 0.891
16.711 -404.951 -86.769 -0.184 0.002 0.416 0.890
16.616 -404.877 -86.810 -0.185 0.002 0.418 0.889
16.548 -404.823 -86.840 -0.186 0.002 0.420 0.888
16.456 -404.753 -86.881 -0.187 0.002 0.422 0.887
16.377 -404.692 -86.916 -0.188 0.002 0.424 0.886
16.304 -404.637 -86.948 -0.188 0.002 0.425 0.885
16.230 -404.582 -86.980 -0.189 0.002 0.427 0.884
16.145 -404.518 -87.018 -0.189 0.002 0.428 0.884
16.080 -404.470 -87.046 -0.190 0.002 0.430 0.883
16.021 -404.427 -87.072 -0.191 0.002 0.431 0.882
15.944 -404.371 -87.106 -0.191 0.002 0.432 0.881
15.828 -404.287 -87.157 -0.192 0.002 0.434 0.880
15.732 -404.219 -87.200 -0.193 0.002 0.436 0.879
15.671 -404.176 -87.227 -0.193 0.002 0.438 0.878
15.594 -404.122 -87.260 -0.194 0.002 0.439 0.877
15.500 -404.056 -87.302 -0.195 0.002 0.441 0.876
15.385 -403.977 -87.352 -0.197 0.001 0.443 0.875
15.283 -403.908 -87.397 -0.197 0.002 0.445 0.873
15.230 -403.872 -87.421 -0.198 0.002 0.446 0.873
15.160 -403.826 -87.451 -0.198 0.002 0.448 0.872
15.079 -403.772 -87.487 -0.199 0.002 0.450 0.871
15.005 -403.723 -87.520 -0.200 0.002 0.451 0.870
14.940 -403.681 -87.548 -0.200 0.002 0.453 0.869
14.836 -403.614 -87.594 -0.201 0.002 0.455 0.868
14.739 -403.553 -87.637 -0.202 0.001 0.456 0.866
14.642 -403.491 -87.680 -0.203 0.001 0.458 0.865
14.572 -403.447 -87.711 -0.204 0.001 0.460 0.864
14.480 -403.391 -87.751 -0.204 0.001 0.461 0.863
14.396 -403.339 -87.788 -0.205 0.002 0.463 0.862
14.292 -403.276 -87.834 -0.206 0.002 0.465 0.861
14.220 -403.233 -87.866 -0.207 0.001 0.466 0.860
14.108 -403.167 -87.915 -0.208 0.001 0.468 0.859
14.026 -403.118 -87.951 -0.208 0.001 0.470 0.858
13.940 -403.068 -87.989 -0.209 0.001 0.471 0.857
13.845 -403.013 -88.032 -0.210 0.001 0.473 0.856
13.802 -402.988 -88.051 -0.210 0.001 0.473 0.855
13.687 -402.923 -88.101 -0.211 0.001 0.475 0.854
13.584 -402.865 -88.147 -0.212 0.001 0.477 0.853
13.518 -402.829 -88.176 -0.212 0.001 0.478 0.852
13.441 -402.786 -88.210 -0.212 0.002 0.480 0.851
13.363 -402.743 -88.244 -0.213 0.002 0.481 0.850
13.296 -402.707 -88.274 -0.213 0.002 0.482 0.850
13.218 -402.665 -88.308 -0.214 0.002 0.483 0.849
13.141 -402.624 -88.342 -0.214 0.002 0.485 0.848
13.063 -402.582 -88.376 -0.215 0.002 0.486 0.847
12.969 -402.533 -88.417 -0.216 0.002 0.488 0.846
12.857 -402.475 -88.467 -0.216 0.002 0.489 0.845
12.740 -402.415 -88.518 -0.217 0.002 0.492 0.843
12.648 -402.369 -88.558 -0.218 0.002 0.493 0.842
12.556 -402.322 -88.599 -0.218 0.002 0.495 0.841
12.462 -402.275 -88.640 -0.219 0.002 0.496 0.840
12.372 -402.231 -88.679 -0.219 0.002 0.498 0.839
12.243 -402.169 -88.736 -0.220 0.002 0.500 0.838
12.163 -402.130 -88.771 -0.220 0.002 0.501 0.837
12.081 -402.091 -88.807 -0.221 0.002 0.502 0.836
11.989 -402.049 -88.846 -0.221 0.003 0.504 0.835
11.863 -401.990 -88.902 -0.223 0.002 0.506 0.833
11.769 -401.947 -88.942 -0.223 0.002 0.508 0.832
11.667 -401.901 -88.987 -0.224 0.003 0.510 0.831
11.575 -401.860 -89.027 -0.224 0.003 0.511 0.830
11.469 -401.814 -89.073 -0.225 0.002 0.512 0.829
11.386 -401.778 -89.109 -0.226 0.002 0.514 0.828
11.307 -401.743 -89.144 -0.227 0.002 0.515 0.827
11.208 -401.701 -89.187 -0.227 0.002 0.517 0.825
11.109 -401.659 -89.230 -0.228 0.002 0.518 0.824
11.012 -401.619 -89.273 -0.229 0.002 0.520 0.823
10.945 -401.591 -89.302 -0.229 0.002 0.521 0.822
10.864 -401.558 -89.337 -0.229 0.002 0.522 0.822
10.785 -401.526 -89.372 -0.230 0.003 0.523 0.821
10.672 -401.481 -89.421 -0.230 0.003 0.525 0.820
10.558 -401.436 -89.471 -0.231 0.003 0.527 0.818
10.415 -401.380 -89.533 -0.232 0.003 0.529 0.816
10.328 -401.347 -89.570 -0.232 0.003 0.531 0.815
10.227 -401.309 -89.614 -0.233 0.003 0.532 0.814
10.129 -401.272 -89.656 -0.233 0.003 0.534 0.813
10.079 -401.253 -89.678 -0.233 0.003 0.534 0.812
10.009 -401.228 -89.708 -0.234 0.003 0.535 0.812
9.932 -401.200 -89.742 -0.234 0.003 0.536 0.811
9.829 -401.163 -89.786 -0.235 0.003 0.538 0.809
9.731 -401.128 -89.829 -0.236 0.003 0.540 0.808
9.662 -401.104 -89.858 -0.236 0.003 0.540 0.808
9.562 -401.069 -89.902 -0.237 0.003 0.542 0.807
9.476 -401.040 -89.939 -0.237 0.003 0.543 0.806
9.363 -401.002 -89.987 -0.238 0.003 0.545 0.804
9.306 -400.983 -90.012 -0.238 0.003 0.545 0.804
