26.392 -423.613 -82.404 -0.025 0.000 0.049 0.998
26.377 -423.476 -82.411 -0.026 0.000 0.052 0.998
26.368 -423.389 -82.416 -0.027 0.000 0.053 0.998
26.357 -423.287 -82.422 -0.028 0.000 0.055 0.998
26.350 -423.223 -82.425 -0.028 0.000 0.056 0.998
26.332 -423.064 -82.434 -0.029 0.000 0.058 0.998
26.319 -422.955 -82.441 -0.030 0.000 0.060 0.998
26.302 -422.816 -82.449 -0.030 0.000 0.062 0.998
26.283 -422.667 -82.458 -0.031 0.000 0.064 0.997
26.270 -422.568 -82.465 -0.032 0.000 0.066 0.997
26.253 -422.443 -82.473 -0.033 0.000 0.069 0.997
26.243 -422.370 -82.477 -0.033 0.000 0.070 0.997
26.227 -422.264 -82.485 -0.034 0.000 0.071 0.997
26.215 -422.179 -82.490 -0.034 0.000 0.073 0.997
26.199 -422.072 -82.498 -0.035 0.000 0.075 0.997
26.186 -421.987 -82.504 -0.035 0.000 0.076 0.996
26.171 -421.887 -82.511 -0.036 0.000 0.078 0.996
26.155 -421.788 -82.518 -0.037 0.000 0.079 0.996
26.138 -421.685 -82.526 -0.038 0.000 0.081 0.996
26.121 -421.579 -82.534 -0.038 0.000 0.083 0.996
26.095 -421.430 -82.546 -0.039 0.000 0.085 0.996
26.075 -421.314 -82.556 -0.040 0.000 0.087 0.995
26.056 -421.207 -82.564 -0.041 0.000 0.089 0.995
26.035 -421.091 -82.574 -0.042 0.000 0.090 0.995
26.017 -420.995 -82.582 -0.042 0.000 0.092 0.995
25.994 -420.875 -82.593 -0.043 0.000 0.094 0.995
25.978 -420.793 -82.600 -0.043 0.000 0.095 0.995
25.954 -420.669 -82.611 -0.045 0.000 0.097 0.994
25.934 -420.571 -82.620 -0.045 0.000 0.099 0.994
25.919 -420.495 -82.627 -0.046 0.000 0.100 0.994
25.897 -420.386 -82.637 -0.047 0.000 0.102 0.994
25.870 -420.261 -82.649 -0.048 0.000 0.104 0.993
25.845 -420.142 -82.661 -0.048 0.000 0.106 0.993
25.820 -420.028 -82.672 -0.049 0.000 0.108 0.993
25.797 -419.926 -82.682 -0.050 0.000 0.110 0.993
25.778 -419.841 -82.691 -0.050 0.000 0.111 0.993
25.759 -419.756 -82.700 -0.051 0.000 0.113 0.992
25.741 -419.679 -82.708 -0.052 0.000 0.114 0.992
25.720 -419.590 -82.717 -0.052 0.000 0.116 0.992
25.691 -419.471 -82.730 -0.053 0.000 0.118 0.992
25.675 -419.404 -82.738 -0.053 0.000 0.119 0.991
25.646 -419.286 -82.751 -0.054 0.000 0.121 0.991
25.624 -419.198 -82.760 -0.055 0.000 0.122 0.991
25.598 -419.098 -82.772 -0.056 0.000 0.124 0.991
25.571 -418.994 -82.784 -0.057 0.000 0.126 0.990
25.545 -418.895 -82.795 -0.057 0.000 0.128 0.990
25.508 -418.754 -82.812 -0.059 0.000 0.130 0.990
25.485 -418.668 -82.823 -0.060 0.000 0.132 0.990
25.456 -418.561 -82.836 -0.061 0.000 0.133 0.989
25.418 -418.427 -82.853 -0.062 0.000 0.136 0.989
25.396 -418.348 -82.863 -0.062 0.000 0.137 0.989
25.359 -418.221 -82.880 -0.063 0.000 0.140 0.988
25.344 -418.168 -82.887 -0.064 0.000 0.141 0.988
25.313 -418.063 -82.901 -0.064 0.000 0.143 0.988
25.283 -417.963 -82.914 -0.065 0.000 0.144 0.987
25.259 -417.883 -82.925 -0.065 0.000 0.146 0.987
25.232 -417.793 -82.937 -0.066 0.000 0.147 0.987
25.211 -417.726 -82.947 -0.067 0.000 0.149 0.987
25.164 -417.577 -82.968 -0.068 0.000 0.151 0.986
25.135 -417.484 -82.981 -0.069 0.000 0.153 0.986
25.096 -417.365 -82.998 -0.069 0.000 0.155 0.986
25.058 -417.247 -83.015 -0.070 0.000 0.157 0.985
25.030 -417.161 -83.028 -0.071 0.000 0.158 0.985
24.989 -417.039 -83.046 -0.072 0.000 0.161 0.984
24.960 -416.953 -83.059 -0.072 0.000 0.162 0.984
24.931 -416.870 -83.072 -0.073 0.000 0.163 0.984
24.883 -416.731 -83.093 -0.074 0.000 0.166 0.983
24.854 -416.647 -83.107 -0.075 0.000 0.167 0.983
24.814 -416.534 -83.124 -0.076 0.000 0.169 0.983
24.766 -416.402 -83.146 -0.076 0.000 0.171 0.982
24.741 -416.331 -83.157 -0.077 0.000 0.172 0.982
24.711 -416.250 -83.170 -0.077 0.000 0.174 0.982
24.663 -416.121 -83.191 -0.078 0.001 0.176 0.981
24.610 -415.979 -83.215 -0.079 0.000 0.179 0.981
24.587 -415.919 -83.225 -0.080 0.000 0.180 0.980
24.557 -415.841 -83.238 -0.081 0.000 0.181 0.980
24.527 -415.763 -83.252 -0.081 0.000 0.183 0.980
24.502 -415.699 -83.263 -0.082 0.000 0.184 0.980
24.477 -415.637 -83.274 -0.082 0.001 0.185 0.979
24.427 -415.511 -83.296 -0.083 0.001 0.187 0.979
24.397 -415.436 -83.309 -0.083 0.001 0.188 0.979
24.353 -415.328 -83.329 -0.084 0.001 0.190 0.978
24.313 -415.230 -83.346 -0.085 0.001 0.192 0.978
24.279 -415.148 -83.361 -0.086 0.000 0.193 0.977
24.245 -415.065 -83.377 -0.086 0.000 0.194 0.977
24.212 -414.986 -83.391 -0.087 0.000 0.196 0.977
24.172 -414.891 -83.409 -0.088 0.000 0.198 0.976
24.125 -414.782 -83.430 -0.089 0.000 0.200 0.976
24.088 -414.696 -83.446 -0.090 0.000 0.201 0.975
24.057 -414.625 -83.460 -0.090 0.000 0.202 0.975
24.010 -414.519 -83.481 -0.091 0.000 0.204 0.975
23.975 -414.441 -83.497 -0.092 0.000 0.206 0.974
23.946 -414.377 -83.509 -0.092 0.000 0.207 0.974
23.902 -414.279 -83.529 -0.093 0.000 0.209 0.974
23.858 -414.184 -83.548 -0.094 0.000 0.211 0.973
23.803 -414.063 -83.573 -0.095 0.000 0.213 0.972
23.760 -413.971 -83.593 -0.096 0.000 0.215 0.972
23.728 -413.904 -83.607 -0.097 0.000 0.216 0.972
23.693 -413.830 -83.622 -0.098 0.000 0.218 0.971
23.651 -413.741 -83.641 -0.099 0.000 0.219 0.971
23.618 -413.673 -83.656 -0.099 0.000 0.221 0.970
23.581 -413.597 -83.673 -0.100 0.000 0.222 0.970
23.543 -413.520 -83.690 -0.100 0.000 0.224 0.969
23.501 -413.435 -83.709 -0.101 0.000 0.225 0.969
23.475 -413.383 -83.720 -0.102 0.000 0.226 0.969
23.419 -413.273 -83.745 -0.102 0.000 0.229 0.968
23.385 -413.205 -83.761 -0.103 0.000 0.230 0.968
23.346 -413.129 -83.778 -0.104 0.000 0.231 0.967
23.287 -413.016 -83.804 -0.105 0.000 0.234 0.967
23.249 -412.942 -83.822 -0.106 0.000 0.235 0.966
23.189 -412.829 -83.849 -0.106 0.000 0.237 0.966
23.152 -412.760 -83.865 -0.107 0.000 0.239 0.965
23.115 -412.690 -83.882 -0.107 0.000 0.240 0.965
23.062 -412.593 -83.905 -0.108 0.000 0.242 0.964
23.000 -412.479 -83.933 -0.109 0.000 0.244 0.964
22.937 -412.365 -83.961 -0.110 0.000 0.247 0.963
22.903 -412.304 -83.976 -0.110 0.001 0.248 0.962
22.846 -412.202 -84.002 -0.111 0.000 0.250 0.962
22.810 -412.139 -84.018 -0.112 0.000 0.251 0.961
22.743 -412.022 -84.047 -0.113 0.000 0.254 0.961
22.686 -411.923 -84.073 -0.114 0.000 0.255 0.960
22.620 -411.811 -84.102 -0.115 0.000 0.258 0.959
22.538 -411.672 -84.139 -0.116 0.001 0.261 0.958
22.481 -411.578 -84.164 -0.117 0.000 0.262 0.958
22.452 -411.529 -84.177 -0.117 0.001 0.263 0.958
22.408 -411.457 -84.196 -0.118 0.000 0.265 0.957
22.356 -411.372 -84.220 -0.119 0.000 0.267 0.956
22.309 -411.296 -84.240 -0.119 0.001 0.268 0.956
22.248 -411.198 -84.268 -0.120 0.001 0.270 0.955
22.188 -411.103 -84.294 -0.121 0.001 0.272 0.955
22.163 -411.063 -84.305 -0.121 0.001 0.273 0.954
22.087 -410.944 -84.339 -0.123 0.000 0.276 0.953
22.010 -410.825 -84.373 -0.124 0.000 0.278 0.953
21.972 -410.767 -84.390 -0.125 0.000 0.279 0.952
21.910 -410.673 -84.418 -0.125 0.001 0.281 0.951
21.848 -410.579 -84.445 -0.126 0.001 0.283 0.951
21.797 -410.503 -84.468 -0.126 0.001 0.285 0.950
21.741 -410.420 -84.493 -0.127 0.001 0.287 0.950
21.667 -410.311 -84.525 -0.128 0.001 0.289 0.949
21.616 -410.237 -84.548 -0.129 0.001 0.291 0.948
21.546 -410.137 -84.579 -0.129 0.001 0.293 0.947
21.490 -410.056 -84.604 -0.130 0.001 0.294 0.947
21.437 -409.981 -84.627 -0.131 0.001 0.296 0.946
21.369 -409.886 -84.657 -0.132 0.001 0.298 0.945
21.286 -409.770 -84.693 -0.133 0.001 0.300 0.945
21.230 -409.694 -84.718 -0.133 0.001 0.302 0.944
21.173 -409.615 -84.743 -0.134 0.001 0.304 0.943
21.100 -409.517 -84.775 -0.136 0.001 0.306 0.942
21.024 -409.414 -84.809 -0.137 0.001 0.308 0.941
20.963 -409.334 -84.836 -0.138 0.000 0.310 0.941
20.900 -409.250 -84.864 -0.139 0.000 0.311 0.940
20.838 -409.170 -84.892 -0.139 0.001 0.313 0.939
20.783 -409.099 -84.916 -0.140 0.001 0.315 0.939
20.730 -409.031 -84.939 -0.141 0.000 0.316 0.938
20.637 -408.913 -84.981 -0.142 0.000 0.319 0.937
20.591 -408.854 -85.002 -0.143 0.000 0.320 0.936
20.542 -408.793 -85.023 -0.143 0.000 0.322 0.936
20.491 -408.729 -85.046 -0.144 0.000 0.323 0.935
20.397 -408.614 -85.088 -0.144 0.001 0.326 0.934
20.311 -408.510 -85.126 -0.145 0.001 0.328 0.933
20.251 -408.437 -85.152 -0.146 0.001 0.330 0.933
20.189 -408.362 -85.180 -0.147 0.001 0.332 0.932
20.155 -408.323 -85.195 -0.147 0.001 0.332 0.932
20.110 -408.269 -85.215 -0.148 0.001 0.334 0.931
20.055 -408.205 -85.239 -0.149 0.001 0.335 0.930
19.979 -408.117 -85.272 -0.149 0.001 0.338 0.929
19.895 -408.019 -85.310 -0.150 0.001 0.340 0.928
19.797 -407.908 -85.353 -0.152 0.001 0.343 0.927
19.733 -407.836 -85.381 -0.153 0.001 0.344 0.926
19.670 -407.765 -85.409 -0.153 0.001 0.346 0.926
19.586 -407.672 -85.446 -0.154 0.001 0.348 0.925
19.522 -407.602 -85.474 -0.155 0.001 0.350 0.924
19.461 -407.536 -85.501 -0.156 0.001 0.352 0.923
19.364 -407.431 -85.544 -0.157 0.001 0.354 0.922
19.303 -407.366 -85.571 -0.158 0.001 0.356 0.921
19.232 -407.291 -85.603 -0.159 0.001 0.358 0.920
19.181 -407.237 -85.625 -0.159 0.001 0.359 0.920
19.109 -407.161 -85.657 -0.160 0.001 0.361 0.919
19.019 -407.069 -85.697 -0.161 0.001 0.364 0.918
18.944 -406.992 -85.730 -0.161 0.001 0.366 0.917
18.866 -406.914 -85.764 -0.162 0.001 0.367 0.916
18.781 -406.828 -85.802 -0.164 0.001 0.369 0.915
18.734 -406.782 -85.822 -0.164 0.001 0.370 0.914
18.669 -406.717 -85.851 -0.165 0.001 0.372 0.914
18.601 -406.651 -85.881 -0.166 0.000 0.373 0.913
18.545 -406.596 -85.906 -0.167 0.000 0.375 0.912
18.466 -406.520 -85.941 -0.168 0.000 0.377 0.911
18.345 -406.405 -85.995 -0.169 0.000 0.380 0.910
18.285 -406.349 -86.022 -0.170 0.000 0.381 0.909
18.229 -406.296 -86.047 -0.171 0.000 0.382 0.908
18.178 -406.249 -86.069 -0.171 0.000 0.384 0.907
18.121 -406.195 -86.095 -0.172 0.000 0.385 0.907
18.048 -406.129 -86.127 -0.173 0.000 0.387 0.906
17.975 -406.062 -86.160 -0.173 0.000 0.389 0.905
17.909 -406.003 -86.189 -0.174 0.000 0.390 0.904
17.808 -405.912 -86.234 -0.175 0.000 0.392 0.903
17.706 -405.822 -86.280 -0.176 0.000 0.394 0.902
17.641 -405.765 -86.309 -0.176 0.000 0.396 0.901
17.585 -405.716 -86.334 -0.177 0.000 0.397 0.900
17.473 -405.620 -86.384 -0.178 0.000 0.400 0.899
17.417 -405.572 -86.409 -0.179 0.000 0.401 0.898
17.344 -405.510 -86.441 -0.180 0.000 0.403 0.897
17.265 -405.443 -86.477 -0.181 0.000 0.404 0.897
17.204 -405.393 -86.504 -0.181 0.000 0.406 0.896
17.115 -405.319 -86.543 -0.182 0.000 0.408 0.895
17.022 -405.243 -86.585 -0.183 0.000 0.410 0.894
16.968 -405.199 -86.609 -0.183 0.000 0.411 0.893
16.920 -405.159 -86.631 -0.184 0.000 0.412 0.892
16.856 -405.108 -86.659 -0.184 0.000 0.414 0.892
16.770 -405.039 -86.698 -0.185 0.000 0.415 0.891
16.671 -404.962 -86.741 -0.186 0.000 0.417 0.889
16.577 -404.889 -86.783 -0.187 0.000 0.419 0.888
16.508 -404.835 -86.814 -0.188 0.000 0.421 0.887
16.443 -404.785 -86.843 -0.188 0.000 0.422 0.887
16.359 -404.722 -86.881 -0.189 0.000 0.424 0.886
16.313 -404.687 -86.901 -0.189 0.001 0.425 0.885
16.224 -404.621 -86.940 -0.190 0.001 0.427 0.884
16.166 -404.578 -86.966 -0.190 0.001 0.428 0.883
16.093 -404.524 -86.998 -0.191 0.001 0.430 0.883
16.033 -404.480 -87.025 -0.191 0.001 0.431 0.882
15.938 -404.411 -87.067 -0.192 0.001 0.433 0.880
15.868 -404.361 -87.098 -0.193 0.001 0.435 0.880
15.752 -404.278 -87.149 -0.194 0.001 0.437 0.878
15.648 -404.206 -87.195 -0.194 0.001 0.440 0.877
15.581 -404.159 -87.225 -0.195 0.001 0.441 0.876
15.498 -404.102 -87.261 -0.196 0.001 0.443 0.875
15.393 -404.031 -87.307 -0.197 0.001 0.445 0.874
15.320 -403.981 -87.340 -0.197 0.001 0.446 0.873
15.234 -403.923 -87.378 -0.198 0.001 0.448 0.872
15.147 -403.865 -87.416 -0.199 0.001 0.449 0.871
15.075 -403.819 -87.448 -0.199 0.001 0.451 0.870
14.986 -403.760 -87.487 -0.200 0.001 0.453 0.869
14.929 -403.724 -87.512 -0.201 0.001 0.453 0.868
14.851 -403.673 -87.546 -0.201 0.001 0.455 0.868
14.784 -403.630 -87.576 -0.202 0.001 0.456 0.867
14.680 -403.564 -87.622 -0.203 0.001 0.458 0.865
14.612 -403.522 -87.652 -0.203 0.001 0.459 0.865
14.497 -403.451 -87.703 -0.205 0.001 0.461 0.863
14.417 -403.402 -87.738 -0.206 0.001 0.463 0.862
14.334 -403.352 -87.775 -0.206 0.001 0.465 0.861
14.280 -403.320 -87.799 -0.207 0.001 0.465 0.861
14.219 -403.283 -87.826 -0.207 0.000 0.466 0.860
14.137 -403.234 -87.863 -0.208 0.001 0.468 0.859
14.062 -403.190 -87.896 -0.208 0.001 0.469 0.858
13.970 -403.136 -87.936 -0.209 0.000 0.471 0.857
13.910 -403.101 -87.963 -0.210 0.000 0.471 0.857
13.807 -403.042 -88.009 -0.211 0.000 0.473 0.855
13.733 -403.000 -88.042 -0.211 0.000 0.475 0.855
13.672 -402.965 -88.070 -0.212 0.000 0.476 0.854
13.594 -402.921 -88.104 -0.212 0.000 0.477 0.853
13.460 -402.847 -88.163 -0.213 0.000 0.479 0.851
13.385 -402.806 -88.197 -0.214 0.000 0.481 0.850
13.321 -402.771 -88.225 -0.214 0.000 0.482 0.850
13.222 -402.718 -88.269 -0.215 0.000 0.483 0.849
13.127 -402.667 -88.311 -0.216 0.000 0.485 0.848
13.019 -402.610 -88.360 -0.217 0.000 0.486 0.846
12.945 -402.571 -88.392 -0.217 0.000 0.488 0.845
12.859 -402.526 -88.431 -0.218 0.000 0.489 0.844
12.805 -402.499 -88.455 -0.218 0.000 0.490 0.844
12.738 -402.464 -88.484 -0.219 0.000 0.491 0.843
12.631 -402.410 -88.532 -0.219 0.000 0.493 0.842
12.551 -402.370 -88.568 -0.220 0.000 0.495 0.841
12.464 -402.327 -88.606 -0.221 0.000 0.496 0.840
12.377 -402.284 -88.645 -0.221 0.000 0.498 0.839
12.312 -402.253 -88.674 -0.222 0.000 0.499 0.838
12.210 -402.204 -88.719 -0.223 0.000 0.501 0.837
12.148 -402.175 -88.747 -0.223 0.000 0.502 0.836
12.087 -402.146 -88.774 -0.224 0.000 0.503 0.835
12.004 -402.107 -88.811 -0.225 0.000 0.504 0.834
11.931 -402.074 -88.843 -0.225 0.000 0.506 0.833
11.846 -402.035 -88.881 -0.225 0.000 0.507 0.832
11.779 -402.004 -88.911 -0.226 0.000 0.508 0.831
11.712 -401.974 -88.941 -0.227 0.000 0.509 0.830
11.638 -401.941 -88.974 -0.227 0.000 0.510 0.830
11.524 -401.890 -89.024 -0.228 0.000 0.512 0.828
11.445 -401.856 -89.059 -0.229 0.000 0.513 0.827
11.358 -401.818 -89.098 -0.229 0.000 0.515 0.826
11.270 -401.781 -89.138 -0.230 0.000 0.516 0.825
11.160 -401.734 -89.187 -0.231 0.000 0.518 0.824
11.054 -401.690 -89.234 -0.231 0.000 0.520 0.822
10.948 -401.647 -89.281 -0.232 0.000 0.521 0.821
10.895 -401.625 -89.304 -0.232 0.000 0.522 0.821
10.759 -401.571 -89.365 -0.232 0.001 0.524 0.819
10.674 -401.537 -89.403 -0.233 0.001 0.525 0.818
10.580 -401.500 -89.444 -0.234 0.001 0.527 0.817
10.494 -401.467 -89.482 -0.234 0.001 0.528 0.816
10.431 -401.443 -89.510 -0.235 0.001 0.529 0.815
10.348 -401.411 -89.547 -0.235 0.001 0.531 0.814
10.271 -401.383 -89.581 -0.236 0.001 0.532 0.813
10.190 -401.353 -89.617 -0.237 0.001 0.533 0.812
10.092 -401.317 -89.660 -0.237 0.001 0.535 0.811
9.998 -401.283 -89.702 -0.238 0.001 0.536 0.810
9.911 -401.252 -89.740 -0.239 0.000 0.537 0.809
9.828 -401.223 -89.777 -0.239 0.000 0.538 0.808
9.742 -401.193 -89.815 -0.240 0.000 0.540 0.807
9.640 -401.158 -89.860 -0.240 0.001 0.541 0.806
9.554 -401.129 -89.898 -0.241 0.001 0.542 0.805
9.437 -401.090 -89.950 -0.241 0.001 0.544 0.804
9.358 -401.063 -89.985 -0.241 0.001 0.545 0.803
