24.700 -458.416 -70.112 -0.001 0.000 0.001 1.000
24.699 -458.289 -70.112 -0.001 0.000 0.004 1.000
24.698 -458.176 -70.112 -0.002 0.000 0.006 1.000
24.697 -458.119 -70.113 -0.003 0.000 0.007 1.000
24.695 -457.976 -70.114 -0.004 0.000 0.009 1.000
24.692 -457.842 -70.115 -0.005 0.000 0.011 1.000
24.689 -457.693 -70.116 -0.006 0.000 0.014 1.000
24.685 -457.568 -70.118 -0.007 0.000 0.016 1.000
24.680 -457.422 -70.120 -0.008 0.000 0.019 1.000
24.676 -457.330 -70.122 -0.009 0.000 0.021 1.000
24.671 -457.220 -70.124 -0.010 0.000 0.023 1.000
24.664 -457.075 -70.127 -0.011 0.000 0.025 1.000
24.658 -456.958 -70.129 -0.011 0.000 0.028 1.000
24.649 -456.802 -70.133 -0.012 0.000 0.031 0.999
24.641 -456.677 -70.136 -0.013 0.000 0.033 0.999
24.634 -456.575 -70.139 -0.014 0.000 0.035 0.999
24.623 -456.428 -70.143 -0.014 0.000 0.038 0.999
24.614 -456.309 -70.147 -0.015 0.000 0.040 0.999
24.607 -456.224 -70.149 -0.016 0.000 0.041 0.999
24.599 -456.124 -70.153 -0.017 0.000 0.043 0.999
24.590 -456.029 -70.156 -0.018 0.000 0.044 0.999
24.581 -455.926 -70.160 -0.019 0.000 0.046 0.999
24.573 -455.844 -70.163 -0.020 0.000 0.048 0.999
24.562 -455.732 -70.168 -0.020 0.000 0.050 0.999
24.550 -455.609 -70.173 -0.021 0.000 0.052 0.998
24.541 -455.531 -70.176 -0.022 0.000 0.053 0.998
24.531 -455.434 -70.180 -0.023 0.000 0.055 0.998
24.517 -455.310 -70.186 -0.024 0.000 0.057 0.998
24.502 -455.186 -70.192 -0.025 0.000 0.060 0.998
24.490 -455.088 -70.197 -0.026 0.000 0.061 0.998
24.481 -455.015 -70.201 -0.026 0.000 0.063 0.998
24.463 -454.876 -70.209 -0.027 0.000 0.065 0.997
24.441 -454.712 -70.218 -0.028 0.000 0.068 0.997
24.427 -454.609 -70.224 -0.029 0.000 0.070 0.997
24.415 -454.525 -70.229 -0.029 0.000 0.072 0.997
24.397 -454.408 -70.236 -0.030 0.000 0.074 0.997
24.387 -454.341 -70.240 -0.031 0.000 0.076 0.997
24.366 -454.207 -70.248 -0.032 0.000 0.078 0.996
24.347 -454.090 -70.256 -0.033 0.000 0.080 0.996
24.335 -454.017 -70.261 -0.033 0.000 0.082 0.996
24.318 -453.911 -70.268 -0.034 0.000 0.084 0.996
24.302 -453.817 -70.275 -0.035 0.000 0.085 0.996
24.279 -453.686 -70.284 -0.035 0.000 0.088 0.995
24.258 -453.573 -70.292 -0.036 0.000 0.090 0.995
24.237 -453.457 -70.301 -0.037 0.000 0.092 0.995
24.223 -453.382 -70.307 -0.037 0.000 0.094 0.995
24.209 -453.310 -70.312 -0.038 0.000 0.095 0.995
24.192 -453.222 -70.319 -0.038 0.000 0.097 0.995
24.163 -453.079 -70.330 -0.039 0.000 0.099 0.994
24.145 -452.991 -70.337 -0.040 0.000 0.101 0.994
24.120 -452.870 -70.347 -0.040 0.000 0.103 0.994
24.101 -452.779 -70.355 -0.041 0.000 0.104 0.994
24.076 -452.664 -70.365 -0.042 0.000 0.106 0.993
24.056 -452.570 -70.373 -0.043 0.000 0.108 0.993
24.035 -452.475 -70.381 -0.043 0.000 0.110 0.993
24.009 -452.363 -70.391 -0.044 0.000 0.112 0.993
23.994 -452.298 -70.397 -0.045 0.000 0.113 0.993
23.970 -452.192 -70.407 -0.046 0.000 0.115 0.992
23.959 -452.146 -70.411 -0.046 0.000 0.116 0.992
23.933 -452.038 -70.421 -0.047 0.000 0.118 0.992
23.911 -451.949 -70.430 -0.048 0.000 0.119 0.992
23.885 -451.842 -70.441 -0.049 0.000 0.121 0.991
23.867 -451.774 -70.448 -0.049 0.000 0.122 0.991
23.846 -451.689 -70.456 -0.050 0.000 0.124 0.991
23.832 -451.634 -70.462 -0.050 0.000 0.125 0.991
23.806 -451.535 -70.472 -0.051 0.000 0.127 0.991
23.776 -451.419 -70.484 -0.052 0.000 0.129 0.990
23.757 -451.350 -70.492 -0.052 0.000 0.130 0.990
23.730 -451.248 -70.503 -0.053 0.000 0.132 0.990
23.710 -451.175 -70.511 -0.054 0.000 0.133 0.990
23.685 -451.084 -70.521 -0.055 0.000 0.135 0.989
23.652 -450.968 -70.534 -0.055 0.000 0.137 0.989
23.616 -450.842 -70.549 -0.056 0.000 0.139 0.989
23.578 -450.712 -70.564 -0.057 0.000 0.141 0.988
23.559 -450.648 -70.572 -0.058 0.000 0.143 0.988
23.528 -450.543 -70.584 -0.059 0.000 0.145 0.988
23.505 -450.465 -70.594 -0.059 0.000 0.146 0.988
23.478 -450.379 -70.605 -0.060 0.000 0.148 0.987
23.455 -450.304 -70.614 -0.061 0.000 0.149 0.987
23.417 -450.182 -70.630 -0.062 0.000 0.151 0.987
23.382 -450.070 -70.644 -0.063 0.000 0.153 0.986
23.347 -449.961 -70.659 -0.064 0.000 0.155 0.986
23.313 -449.859 -70.673 -0.065 0.000 0.157 0.986
23.285 -449.773 -70.684 -0.066 0.000 0.158 0.985
23.266 -449.714 -70.692 -0.066 0.000 0.159 0.985
23.225 -449.593 -70.709 -0.067 0.000 0.161 0.985
23.180 -449.462 -70.728 -0.068 0.000 0.163 0.984
23.154 -449.384 -70.739 -0.068 0.000 0.165 0.984
23.124 -449.298 -70.751 -0.069 0.000 0.166 0.984
23.096 -449.219 -70.763 -0.070 0.000 0.168 0.983
23.052 -449.095 -70.781 -0.071 0.000 0.170 0.983
23.009 -448.977 -70.799 -0.072 0.000 0.172 0.982
22.977 -448.889 -70.812 -0.072 0.000 0.174 0.982
22.942 -448.793 -70.827 -0.073 0.000 0.175 0.982
22.899 -448.679 -70.845 -0.074 0.000 0.178 0.981
22.859 -448.573 -70.862 -0.075 0.000 0.180 0.981
22.804 -448.431 -70.885 -0.076 0.000 0.182 0.980
22.757 -448.308 -70.905 -0.077 0.000 0.185 0.980
22.726 -448.230 -70.918 -0.078 0.000 0.186 0.979
22.685 -448.129 -70.935 -0.079 0.000 0.188 0.979
22.646 -448.031 -70.951 -0.080 0.000 0.189 0.979
22.598 -447.912 -70.972 -0.081 0.000 0.191 0.978
22.569 -447.843 -70.984 -0.081 0.000 0.192 0.978
22.536 -447.762 -70.998 -0.082 0.000 0.193 0.978
22.503 -447.682 -71.012 -0.082 0.000 0.195 0.977
22.470 -447.605 -71.026 -0.083 0.000 0.196 0.977
22.440 -447.533 -71.039 -0.083 0.000 0.197 0.977
22.392 -447.421 -71.059 -0.084 0.000 0.199 0.976
22.352 -447.329 -71.075 -0.085 -0.001 0.200 0.976
22.309 -447.229 -71.094 -0.085 -0.001 0.202 0.976
22.277 -447.155 -71.107 -0.086 0.000 0.203 0.975
22.228 -447.045 -71.128 -0.086 0.000 0.205 0.975
22.191 -446.961 -71.144 -0.087 0.000 0.207 0.975
22.134 -446.834 -71.168 -0.088 0.000 0.209 0.974
22.073 -446.701 -71.193 -0.089 0.000 0.211 0.973
22.020 -446.586 -71.216 -0.090 0.000 0.213 0.973
21.994 -446.529 -71.227 -0.090 0.000 0.214 0.973
21.948 -446.432 -71.246 -0.091 0.000 0.216 0.972
21.905 -446.343 -71.264 -0.092 0.000 0.218 0.972
21.878 -446.286 -71.275 -0.092 0.000 0.219 0.971
21.834 -446.194 -71.294 -0.092 0.000 0.220 0.971
21.772 -446.066 -71.320 -0.094 0.000 0.222 0.970
21.726 -445.972 -71.339 -0.094 0.000 0.224 0.970
21.681 -445.882 -71.358 -0.095 0.000 0.226 0.970
21.642 -445.804 -71.374 -0.095 0.000 0.227 0.969
21.596 -445.713 -71.394 -0.096 0.000 0.229 0.969
21.570 -445.660 -71.405 -0.096 0.000 0.230 0.968
21.537 -445.598 -71.418 -0.097 0.000 0.232 0.968
21.487 -445.500 -71.439 -0.098 0.000 0.233 0.967
21.442 -445.413 -71.458 -0.098 0.000 0.235 0.967
21.381 -445.297 -71.484 -0.098 0.000 0.237 0.966
21.352 -445.243 -71.496 -0.099 0.000 0.238 0.966
21.321 -445.184 -71.509 -0.099 0.000 0.239 0.966
21.254 -445.059 -71.536 -0.100 0.000 0.241 0.965
21.219 -444.995 -71.551 -0.100 0.000 0.242 0.965
21.178 -444.920 -71.568 -0.101 0.000 0.244 0.965
21.133 -444.837 -71.586 -0.101 0.000 0.245 0.964
21.099 -444.775 -71.600 -0.102 0.000 0.246 0.964
21.061 -444.707 -71.616 -0.102 0.000 0.247 0.964
21.000 -444.598 -71.641 -0.103 0.000 0.249 0.963
20.955 -444.518 -71.660 -0.103 0.000 0.250 0.963
20.894 -444.410 -71.685 -0.104 0.000 0.251 0.962
20.851 -444.334 -71.703 -0.104 0.000 0.253 0.962
20.809 -444.261 -71.720 -0.105 0.000 0.254 0.962
20.761 -444.179 -71.740 -0.105 0.000 0.255 0.961
20.712 -444.092 -71.760 -0.106 0.000 0.256 0.961
20.631 -443.954 -71.794 -0.107 0.000 0.258 0.960
20.574 -443.857 -71.817 -0.107 0.000 0.259 0.960
20.514 -443.756 -71.842 -0.108 0.000 0.260 0.960
20.455 -443.657 -71.866 -0.108 0.000 0.262 0.959
20.399 -443.564 -71.889 -0.108 0.000 0.262 0.959
20.363 -443.504 -71.904 -0.108 0.000 0.263 0.959
20.295 -443.392 -71.932 -0.109 0.000 0.265 0.958
20.257 -443.328 -71.948 -0.109 0.000 0.266 0.958
20.216 -443.262 -71.964 -0.109 0.000 0.267 0.958
20.146 -443.147 -71.993 -0.111 0.000 0.269 0.957
20.111 -443.091 -72.008 -0.111 0.000 0.269 0.957
20.058 -443.006 -72.029 -0.112 0.000 0.270 0.956
20.030 -442.961 -72.041 -0.112 0.000 0.271 0.956
19.989 -442.896 -72.058 -0.112 0.000 0.272 0.956
19.953 -442.838 -72.072 -0.112 0.000 0.272 0.956
19.905 -442.763 -72.092 -0.112 0.000 0.274 0.955
19.849 -442.674 -72.115 -0.113 0.000 0.275 0.955
19.772 -442.554 -72.147 -0.113 0.000 0.276 0.954
19.702 -442.445 -72.176 -0.114 0.000 0.277 0.954
19.645 -442.357 -72.199 -0.114 0.000 0.278 0.954
19.584 -442.262 -72.224 -0.115 0.000 0.279 0.953
19.528 -442.176 -72.247 -0.115 0.000 0.280 0.953
19.467 -442.083 -72.272 -0.115 0.000 0.281 0.953
19.424 -442.018 -72.290 -0.116 0.000 0.282 0.952
19.360 -441.921 -72.316 -0.116 0.000 0.283 0.952
19.293 -441.821 -72.343 -0.116 0.000 0.284 0.952
19.230 -441.727 -72.369 -0.117 0.000 0.286 0.951
19.160 -441.623 -72.398 -0.117 0.000 0.287 0.951
19.095 -441.527 -72.424 -0.118 0.000 0.289 0.950
19.061 -441.477 -72.438 -0.118 0.001 0.290 0.950
19.022 -441.420 -72.454 -0.118 0.001 0.290 0.950
18.975 -441.351 -72.473 -0.118 0.001 0.291 0.949
18.926 -441.280 -72.493 -0.119 0.001 0.292 0.949
18.869 -441.199 -72.516 -0.119 0.001 0.293 0.949
18.816 -441.123 -72.537 -0.119 0.001 0.294 0.948
18.737 -441.011 -72.569 -0.120 0.001 0.296 0.948
18.698 -440.955 -72.585 -0.120 0.001 0.297 0.947
18.634 -440.864 -72.611 -0.121 0.001 0.298 0.947
18.599 -440.816 -72.625 -0.121 0.001 0.298 0.947
18.551 -440.749 -72.644 -0.121 0.001 0.300 0.946
18.497 -440.674 -72.666 -0.122 0.001 0.301 0.946
18.430 -440.581 -72.693 -0.122 0.001 0.302 0.946
18.368 -440.496 -72.718 -0.123 0.001 0.303 0.945
18.311 -440.416 -72.741 -0.123 0.001 0.304 0.945
18.248 -440.331 -72.767 -0.124 0.001 0.305 0.944
18.188 -440.250 -72.791 -0.124 0.001 0.305 0.944
18.153 -440.203 -72.805 -0.124 0.001 0.306 0.944
18.075 -440.097 -72.837 -0.125 0.001 0.307 0.943
18.034 -440.042 -72.854 -0.125 0.001 0.308 0.943
17.962 -439.947 -72.883 -0.126 0.001 0.310 0.942
17.897 -439.860 -72.909 -0.126 0.001 0.311 0.942
17.818 -439.755 -72.941 -0.127 0.000 0.313 0.941
17.740 -439.654 -72.973 -0.127 0.001 0.314 0.941
17.678 -439.573 -72.998 -0.127 0.001 0.315 0.940
17.617 -439.495 -73.022 -0.128 0.001 0.316 0.940
17.523 -439.374 -73.060 -0.129 0.001 0.318 0.939
17.456 -439.289 -73.087 -0.129 0.001 0.319 0.939
17.381 -439.192 -73.118 -0.129 0.001 0.320 0.939
17.332 -439.130 -73.138 -0.129 0.001 0.320 0.939
17.294 -439.083 -73.153 -0.129 0.001 0.321 0.938
17.232 -439.004 -73.178 -0.130 0.001 0.321 0.938
17.150 -438.901 -73.211 -0.130 0.001 0.323 0.938
17.084 -438.818 -73.237 -0.130 0.001 0.323 0.937
17.033 -438.756 -73.257 -0.130 0.001 0.324 0.937
16.996 -438.709 -73.273 -0.131 0.001 0.324 0.937
16.936 -438.634 -73.297 -0.131 0.001 0.325 0.937
16.868 -438.550 -73.324 -0.131 0.001 0.326 0.936
16.794 -438.459 -73.353 -0.131 0.001 0.327 0.936
16.721 -438.369 -73.382 -0.131 0.001 0.328 0.936
16.659 -438.294 -73.407 -0.131 0.002 0.329 0.935
16.583 -438.202 -73.437 -0.131 0.001 0.330 0.935
16.491 -438.090 -73.473 -0.131 0.002 0.331 0.935
16.426 -438.012 -73.499 -0.131 0.002 0.331 0.934
16.386 -437.964 -73.515 -0.131 0.002 0.331 0.934
16.346 -437.916 -73.531 -0.132 0.002 0.332 0.934
16.293 -437.852 -73.551 -0.131 0.002 0.332 0.934
16.220 -437.765 -73.580 -0.131 0.002 0.333 0.934
16.170 -437.705 -73.600 -0.132 0.002 0.334 0.933
16.108 -437.632 -73.624 -0.132 0.002 0.334 0.933
16.060 -437.574 -73.643 -0.132 0.002 0.335 0.933
15.982 -437.482 -73.673 -0.132 0.002 0.335 0.933
15.929 -437.420 -73.694 -0.132 0.002 0.336 0.933
15.859 -437.337 -73.722 -0.133 0.002 0.337 0.932
15.820 -437.291 -73.737 -0.133 0.002 0.337 0.932
15.765 -437.227 -73.758 -0.133 0.002 0.338 0.932
15.730 -437.186 -73.772 -0.133 0.002 0.338 0.932
15.678 -437.125 -73.792 -0.133 0.002 0.338 0.932
15.624 -437.062 -73.814 -0.133 0.002 0.339 0.932
15.553 -436.981 -73.841 -0.133 0.002 0.339 0.931
15.482 -436.897 -73.869 -0.133 0.002 0.340 0.931
15.418 -436.824 -73.894 -0.133 0.002 0.340 0.931
15.335 -436.728 -73.926 -0.133 0.002 0.341 0.931
15.274 -436.657 -73.949 -0.133 0.002 0.341 0.930
15.192 -436.564 -73.981 -0.133 0.003 0.342 0.930
15.131 -436.494 -74.004 -0.133 0.003 0.343 0.930
15.086 -436.443 -74.021 -0.133 0.003 0.343 0.930
15.005 -436.350 -74.053 -0.133 0.003 0.344 0.929
14.929 -436.264 -74.082 -0.133 0.003 0.345 0.929
14.865 -436.192 -74.106 -0.133 0.003 0.345 0.929
14.794 -436.112 -74.133 -0.133 0.003 0.346 0.929
14.731 -436.041 -74.157 -0.133 0.003 0.346 0.929
14.661 -435.963 -74.184 -0.134 0.003 0.347 0.928
14.581 -435.873 -74.215 -0.133 0.003 0.348 0.928
