26.390 -423.600 -82.405 -0.025 0.000 0.050 0.998
26.379 -423.485 -82.411 -0.026 0.000 0.051 0.998
26.371 -423.412 -82.415 -0.027 0.000 0.053 0.998
26.361 -423.325 -82.420 -0.027 0.000 0.054 0.998
26.353 -423.244 -82.424 -0.028 0.000 0.056 0.998
26.343 -423.162 -82.429 -0.028 0.000 0.057 0.998
26.333 -423.070 -82.434 -0.029 0.000 0.058 0.998
26.318 -422.944 -82.441 -0.030 0.000 0.060 0.998
26.313 -422.905 -82.444 -0.030 0.000 0.060 0.998
26.296 -422.772 -82.452 -0.031 0.000 0.063 0.998
26.279 -422.639 -82.460 -0.031 0.000 0.065 0.997
26.266 -422.536 -82.466 -0.032 0.000 0.066 0.997
26.252 -422.433 -82.473 -0.033 0.000 0.068 0.997
26.236 -422.323 -82.481 -0.034 0.000 0.070 0.997
26.220 -422.205 -82.489 -0.035 0.000 0.072 0.997
26.203 -422.089 -82.497 -0.035 0.000 0.074 0.997
26.189 -421.996 -82.504 -0.036 0.000 0.075 0.997
26.176 -421.913 -82.510 -0.037 0.000 0.076 0.996
26.148 -421.738 -82.523 -0.038 0.000 0.079 0.996
26.134 -421.650 -82.530 -0.038 0.000 0.080 0.996
26.117 -421.544 -82.538 -0.039 0.000 0.082 0.996
26.096 -421.421 -82.548 -0.039 0.000 0.084 0.996
26.080 -421.328 -82.556 -0.040 0.000 0.085 0.996
26.068 -421.262 -82.561 -0.041 0.000 0.087 0.995
26.053 -421.172 -82.568 -0.041 0.000 0.088 0.995
26.037 -421.087 -82.576 -0.042 0.000 0.089 0.995
26.019 -420.988 -82.584 -0.043 0.000 0.091 0.995
25.991 -420.836 -82.598 -0.044 0.000 0.093 0.995
25.969 -420.723 -82.608 -0.044 0.000 0.095 0.995
25.950 -420.624 -82.617 -0.045 0.000 0.096 0.994
25.923 -420.487 -82.629 -0.046 0.000 0.099 0.994
25.895 -420.350 -82.642 -0.047 0.000 0.102 0.994
25.872 -420.242 -82.653 -0.048 0.000 0.104 0.993
25.856 -420.167 -82.660 -0.048 0.000 0.105 0.993
25.843 -420.105 -82.666 -0.049 0.000 0.106 0.993
25.824 -420.021 -82.675 -0.049 0.000 0.108 0.993
25.804 -419.931 -82.684 -0.050 0.000 0.109 0.993
25.783 -419.835 -82.694 -0.051 0.000 0.111 0.993
25.763 -419.749 -82.703 -0.052 0.000 0.112 0.992
25.746 -419.676 -82.710 -0.052 0.000 0.114 0.992
25.725 -419.586 -82.720 -0.053 0.000 0.115 0.992
25.694 -419.457 -82.734 -0.054 0.000 0.118 0.992
25.668 -419.348 -82.747 -0.055 0.000 0.119 0.991
25.647 -419.265 -82.756 -0.055 0.000 0.120 0.991
25.615 -419.137 -82.771 -0.056 0.000 0.123 0.991
25.588 -419.031 -82.783 -0.057 0.000 0.125 0.991
25.566 -418.946 -82.793 -0.058 0.000 0.126 0.990
25.540 -418.845 -82.805 -0.058 0.000 0.128 0.990
25.507 -418.721 -82.820 -0.060 0.000 0.130 0.990
25.473 -418.598 -82.836 -0.061 0.000 0.133 0.989
25.454 -418.530 -82.844 -0.061 0.000 0.134 0.989
25.428 -418.436 -82.856 -0.062 0.000 0.136 0.989
25.395 -418.319 -82.871 -0.062 0.000 0.138 0.988
25.365 -418.215 -82.885 -0.063 0.000 0.140 0.988
25.349 -418.158 -82.892 -0.063 0.000 0.141 0.988
25.321 -418.063 -82.904 -0.064 0.000 0.143 0.988
25.296 -417.979 -82.916 -0.064 0.000 0.144 0.987
25.274 -417.906 -82.926 -0.065 0.000 0.145 0.987
25.241 -417.798 -82.940 -0.066 0.000 0.147 0.987
25.213 -417.706 -82.953 -0.066 0.000 0.148 0.987
25.186 -417.621 -82.965 -0.067 0.000 0.150 0.986
25.155 -417.523 -82.979 -0.068 0.000 0.152 0.986
25.119 -417.409 -82.995 -0.069 0.001 0.154 0.986
25.088 -417.314 -83.008 -0.069 0.001 0.155 0.985
25.062 -417.235 -83.020 -0.070 0.001 0.157 0.985
25.045 -417.182 -83.028 -0.070 0.001 0.158 0.985
25.013 -417.085 -83.042 -0.071 0.001 0.159 0.985
24.979 -416.986 -83.057 -0.072 0.001 0.161 0.984
24.953 -416.907 -83.068 -0.072 0.001 0.162 0.984
24.913 -416.791 -83.086 -0.073 0.001 0.164 0.984
24.874 -416.679 -83.103 -0.074 0.001 0.166 0.983
24.840 -416.580 -83.119 -0.074 0.001 0.168 0.983
24.814 -416.510 -83.130 -0.075 0.001 0.169 0.983
24.777 -416.405 -83.146 -0.076 0.001 0.170 0.982
24.734 -416.286 -83.166 -0.077 0.001 0.172 0.982
24.685 -416.151 -83.187 -0.078 0.000 0.174 0.982
24.638 -416.026 -83.208 -0.079 0.000 0.177 0.981
24.607 -415.945 -83.222 -0.080 0.000 0.178 0.981
24.566 -415.836 -83.240 -0.080 0.000 0.180 0.980
24.513 -415.698 -83.264 -0.081 0.001 0.183 0.980
24.476 -415.604 -83.280 -0.082 0.001 0.184 0.979
24.442 -415.517 -83.296 -0.083 0.001 0.186 0.979
24.408 -415.433 -83.310 -0.083 0.001 0.188 0.979
24.353 -415.295 -83.335 -0.084 0.001 0.190 0.978
24.311 -415.192 -83.354 -0.085 0.001 0.191 0.978
24.257 -415.063 -83.377 -0.086 0.001 0.193 0.977
24.218 -414.969 -83.395 -0.087 0.001 0.195 0.977
24.175 -414.866 -83.414 -0.087 0.001 0.197 0.977
24.139 -414.783 -83.429 -0.088 0.001 0.199 0.976
24.093 -414.676 -83.450 -0.089 0.001 0.201 0.976
24.067 -414.615 -83.462 -0.089 0.001 0.202 0.975
24.030 -414.531 -83.478 -0.090 0.001 0.204 0.975
23.980 -414.419 -83.500 -0.091 0.001 0.206 0.974
23.945 -414.341 -83.515 -0.092 0.001 0.207 0.974
23.893 -414.228 -83.538 -0.093 0.001 0.210 0.973
23.843 -414.118 -83.560 -0.094 0.001 0.212 0.973
23.779 -413.980 -83.588 -0.095 0.001 0.214 0.972
23.728 -413.872 -83.611 -0.096 0.001 0.216 0.972
23.696 -413.804 -83.625 -0.096 0.001 0.218 0.971
23.644 -413.696 -83.648 -0.097 0.001 0.220 0.971
23.601 -413.609 -83.667 -0.098 0.001 0.222 0.970
23.549 -413.501 -83.690 -0.099 0.001 0.224 0.970
23.508 -413.419 -83.708 -0.100 0.001 0.225 0.969
23.453 -413.309 -83.732 -0.101 0.001 0.228 0.968
23.403 -413.210 -83.754 -0.102 0.001 0.230 0.968
23.372 -413.150 -83.768 -0.102 0.001 0.231 0.968
23.341 -413.089 -83.782 -0.103 0.001 0.232 0.967
23.301 -413.012 -83.800 -0.104 0.001 0.234 0.967
23.260 -412.934 -83.818 -0.104 0.001 0.235 0.966
23.211 -412.841 -83.839 -0.105 0.001 0.237 0.966
23.168 -412.760 -83.858 -0.105 0.001 0.239 0.965
23.133 -412.694 -83.874 -0.106 0.001 0.240 0.965
23.091 -412.617 -83.892 -0.107 0.001 0.242 0.964
23.052 -412.544 -83.909 -0.107 0.001 0.243 0.964
23.011 -412.469 -83.928 -0.108 0.001 0.245 0.964
22.969 -412.393 -83.946 -0.109 0.001 0.246 0.963
22.916 -412.299 -83.969 -0.110 0.001 0.248 0.962
22.833 -412.152 -84.006 -0.111 0.001 0.251 0.961
22.777 -412.054 -84.031 -0.112 0.001 0.254 0.961
22.734 -411.980 -84.050 -0.113 0.001 0.255 0.960
22.677 -411.882 -84.075 -0.114 0.001 0.257 0.960
22.644 -411.826 -84.090 -0.115 0.001 0.258 0.959
22.599 -411.749 -84.110 -0.116 0.000 0.260 0.959
22.562 -411.688 -84.126 -0.116 0.000 0.261 0.958
22.530 -411.635 -84.140 -0.117 0.000 0.262 0.958
22.471 -411.538 -84.166 -0.118 0.000 0.264 0.957
22.435 -411.478 -84.182 -0.118 0.000 0.265 0.957
22.370 -411.372 -84.211 -0.119 0.000 0.267 0.956
22.289 -411.242 -84.247 -0.120 0.000 0.270 0.955
22.248 -411.177 -84.265 -0.121 0.000 0.271 0.955
22.192 -411.087 -84.291 -0.122 0.000 0.273 0.954
22.134 -410.996 -84.317 -0.123 0.000 0.275 0.954
22.077 -410.908 -84.342 -0.123 0.000 0.277 0.953
22.032 -410.839 -84.362 -0.124 0.000 0.279 0.952
21.962 -410.732 -84.393 -0.125 0.000 0.281 0.952
21.910 -410.653 -84.416 -0.126 0.000 0.283 0.951
21.870 -410.593 -84.434 -0.126 0.000 0.284 0.950
21.800 -410.488 -84.465 -0.128 0.000 0.286 0.950
21.730 -410.386 -84.496 -0.128 0.000 0.288 0.949
21.672 -410.301 -84.522 -0.129 0.001 0.290 0.948
21.633 -410.245 -84.539 -0.129 0.001 0.292 0.948
21.589 -410.181 -84.559 -0.130 0.001 0.293 0.947
21.545 -410.120 -84.578 -0.130 0.001 0.294 0.947
21.485 -410.034 -84.605 -0.131 0.001 0.296 0.946
21.434 -409.962 -84.627 -0.132 0.000 0.297 0.946
21.348 -409.843 -84.665 -0.133 0.000 0.300 0.945
21.294 -409.768 -84.689 -0.134 0.000 0.301 0.944
21.250 -409.707 -84.709 -0.135 0.000 0.303 0.944
21.201 -409.640 -84.731 -0.135 0.000 0.304 0.943
21.144 -409.564 -84.756 -0.136 0.000 0.306 0.942
21.077 -409.474 -84.786 -0.137 0.000 0.308 0.942
21.028 -409.409 -84.807 -0.137 0.000 0.309 0.941
20.965 -409.326 -84.835 -0.138 0.001 0.311 0.940
20.893 -409.233 -84.867 -0.139 0.001 0.313 0.940
20.834 -409.156 -84.893 -0.140 0.000 0.315 0.939
20.771 -409.074 -84.922 -0.141 0.000 0.316 0.938
20.714 -409.001 -84.947 -0.141 0.001 0.318 0.938
20.649 -408.919 -84.976 -0.142 0.001 0.320 0.937
20.597 -408.853 -84.999 -0.142 0.001 0.321 0.936
20.552 -408.797 -85.018 -0.143 0.001 0.323 0.936
20.483 -408.713 -85.049 -0.144 0.001 0.325 0.935
20.434 -408.652 -85.070 -0.144 0.001 0.326 0.934
20.370 -408.575 -85.098 -0.145 0.001 0.328 0.933
20.322 -408.515 -85.120 -0.146 0.001 0.330 0.933
20.256 -408.437 -85.149 -0.147 0.001 0.331 0.932
20.191 -408.360 -85.178 -0.147 0.001 0.333 0.931
20.144 -408.304 -85.199 -0.148 0.001 0.334 0.931
20.082 -408.232 -85.226 -0.148 0.001 0.336 0.930
19.996 -408.132 -85.264 -0.149 0.001 0.338 0.929
19.931 -408.057 -85.292 -0.150 0.001 0.340 0.928
19.858 -407.974 -85.324 -0.151 0.001 0.341 0.928
19.784 -407.890 -85.357 -0.152 0.001 0.344 0.927
19.669 -407.762 -85.408 -0.153 0.001 0.346 0.926
19.584 -407.668 -85.445 -0.154 0.001 0.348 0.925
19.524 -407.602 -85.472 -0.155 0.001 0.350 0.924
19.459 -407.531 -85.501 -0.156 0.000 0.351 0.923
19.385 -407.451 -85.534 -0.157 0.001 0.353 0.922
19.314 -407.375 -85.565 -0.158 0.001 0.355 0.921
19.225 -407.280 -85.605 -0.158 0.001 0.358 0.920
19.162 -407.215 -85.632 -0.159 0.001 0.359 0.920
19.102 -407.152 -85.659 -0.160 0.001 0.361 0.919
19.054 -407.103 -85.680 -0.160 0.001 0.362 0.918
18.977 -407.024 -85.714 -0.161 0.001 0.364 0.917
18.945 -406.991 -85.728 -0.161 0.001 0.365 0.917
18.896 -406.941 -85.750 -0.162 0.001 0.366 0.916
18.821 -406.866 -85.783 -0.163 0.001 0.368 0.915
18.775 -406.820 -85.803 -0.163 0.001 0.369 0.915
18.718 -406.763 -85.828 -0.164 0.001 0.371 0.914
18.657 -406.703 -85.855 -0.164 0.001 0.372 0.913
18.583 -406.631 -85.887 -0.165 0.001 0.374 0.912
18.516 -406.566 -85.917 -0.166 0.001 0.376 0.912
18.446 -406.499 -85.948 -0.167 0.001 0.378 0.911
18.349 -406.406 -85.991 -0.168 0.001 0.380 0.910
18.275 -406.337 -86.023 -0.169 0.001 0.381 0.909
18.206 -406.272 -86.054 -0.169 0.001 0.383 0.908
18.128 -406.200 -86.088 -0.170 0.001 0.385 0.907
18.046 -406.124 -86.124 -0.171 0.001 0.387 0.906
17.954 -406.041 -86.165 -0.172 0.001 0.390 0.905
17.871 -405.966 -86.201 -0.173 0.001 0.392 0.904
17.762 -405.869 -86.249 -0.174 0.001 0.394 0.902
17.702 -405.816 -86.276 -0.175 0.001 0.396 0.902
17.623 -405.747 -86.311 -0.176 0.001 0.397 0.901
17.564 -405.696 -86.336 -0.176 0.001 0.399 0.900
17.497 -405.638 -86.366 -0.177 0.001 0.401 0.899
17.432 -405.583 -86.395 -0.178 0.001 0.402 0.898
17.368 -405.529 -86.422 -0.178 0.001 0.403 0.898
17.276 -405.451 -86.463 -0.179 0.001 0.406 0.896
17.178 -405.371 -86.506 -0.179 0.001 0.408 0.895
17.102 -405.308 -86.539 -0.180 0.001 0.409 0.894
17.033 -405.251 -86.570 -0.181 0.001 0.411 0.893
16.965 -405.196 -86.600 -0.181 0.001 0.413 0.893
16.866 -405.117 -86.643 -0.182 0.001 0.414 0.892
16.776 -405.046 -86.682 -0.183 0.001 0.416 0.891
16.666 -404.959 -86.730 -0.184 0.001 0.419 0.889
16.579 -404.891 -86.769 -0.185 0.001 0.421 0.888
16.470 -404.808 -86.816 -0.186 0.001 0.423 0.887
16.428 -404.776 -86.835 -0.186 0.001 0.424 0.886
16.337 -404.707 -86.875 -0.188 0.001 0.426 0.885
16.240 -404.635 -86.917 -0.188 0.001 0.428 0.884
16.153 -404.570 -86.955 -0.189 0.001 0.430 0.883
16.075 -404.514 -86.989 -0.190 0.001 0.432 0.882
16.006 -404.464 -87.019 -0.190 0.001 0.433 0.881
15.931 -404.410 -87.053 -0.191 0.001 0.435 0.880
15.815 -404.327 -87.103 -0.192 0.001 0.437 0.879
15.747 -404.279 -87.133 -0.192 0.002 0.438 0.878
15.634 -404.200 -87.182 -0.193 0.002 0.441 0.877
15.553 -404.144 -87.217 -0.193 0.002 0.442 0.876
15.447 -404.071 -87.263 -0.194 0.002 0.444 0.874
15.366 -404.016 -87.298 -0.195 0.002 0.446 0.874
15.311 -403.979 -87.322 -0.195 0.002 0.447 0.873
15.216 -403.916 -87.364 -0.196 0.002 0.449 0.872
15.137 -403.864 -87.398 -0.196 0.002 0.451 0.871
15.083 -403.828 -87.421 -0.197 0.002 0.452 0.870
15.004 -403.777 -87.455 -0.198 0.002 0.453 0.869
14.910 -403.716 -87.496 -0.198 0.002 0.455 0.868
14.844 -403.675 -87.525 -0.199 0.002 0.457 0.867
14.760 -403.622 -87.561 -0.200 0.002 0.458 0.866
14.662 -403.560 -87.603 -0.200 0.002 0.460 0.865
14.580 -403.509 -87.639 -0.200 0.002 0.462 0.864
14.508 -403.465 -87.670 -0.201 0.003 0.463 0.863
14.403 -403.401 -87.715 -0.201 0.003 0.466 0.862
14.314 -403.348 -87.753 -0.202 0.003 0.467 0.861
14.215 -403.289 -87.795 -0.203 0.003 0.469 0.859
14.133 -403.241 -87.830 -0.204 0.003 0.470 0.859
14.035 -403.184 -87.873 -0.204 0.003 0.472 0.858
13.960 -403.140 -87.905 -0.205 0.003 0.473 0.857
13.882 -403.095 -87.938 -0.206 0.002 0.474 0.856
13.812 -403.055 -87.969 -0.206 0.002 0.475 0.855
13.722 -403.004 -88.007 -0.207 0.003 0.477 0.854
13.636 -402.957 -88.044 -0.207 0.003 0.479 0.853
13.553 -402.910 -88.080 -0.208 0.003 0.480 0.852
13.499 -402.881 -88.103 -0.208 0.003 0.481 0.852
13.412 -402.833 -88.140 -0.209 0.003 0.482 0.851
13.357 -402.803 -88.164 -0.209 0.003 0.483 0.850
13.273 -402.758 -88.200 -0.210 0.003 0.484 0.849
13.165 -402.700 -88.246 -0.210 0.003 0.486 0.848
13.102 -402.667 -88.273 -0.211 0.003 0.488 0.847
13.009 -402.618 -88.313 -0.212 0.003 0.489 0.846
12.892 -402.557 -88.363 -0.212 0.003 0.491 0.845
12.770 -402.495 -88.416 -0.213 0.003 0.493 0.843
12.694 -402.457 -88.448 -0.214 0.003 0.495 0.842
12.589 -402.405 -88.493 -0.215 0.003 0.497 0.841
12.491 -402.356 -88.535 -0.215 0.003 0.498 0.840
12.399 -402.312 -88.574 -0.215 0.003 0.500 0.839
12.259 -402.244 -88.634 -0.216 0.003 0.502 0.837
12.193 -402.213 -88.662 -0.217 0.003 0.504 0.836
12.123 -402.179 -88.692 -0.217 0.003 0.505 0.836
11.997 -402.121 -88.745 -0.218 0.003 0.507 0.834
11.923 -402.087 -88.777 -0.219 0.003 0.508 0.833
11.883 -402.068 -88.794 -0.219 0.003 0.509 0.833
11.798 -402.030 -88.830 -0.220 0.003 0.510 0.832
11.731 -402.000 -88.859 -0.220 0.003 0.511 0.831
11.601 -401.942 -88.914 -0.221 0.003 0.513 0.829
11.525 -401.909 -88.947 -0.221 0.003 0.515 0.828
11.444 -401.874 -88.981 -0.222 0.003 0.516 0.827
11.357 -401.836 -89.018 -0.223 0.003 0.517 0.826
11.249 -401.790 -89.064 -0.223 0.003 0.519 0.825
11.149 -401.748 -89.107 -0.224 0.003 0.521 0.824
11.050 -401.708 -89.149 -0.225 0.003 0.522 0.823
10.962 -401.672 -89.186 -0.225 0.003 0.524 0.822
10.870 -401.635 -89.225 -0.226 0.003 0.525 0.820
10.774 -401.597 -89.266 -0.227 0.003 0.527 0.819
10.704 -401.569 -89.296 -0.227 0.003 0.528 0.818
10.603 -401.530 -89.339 -0.228 0.003 0.529 0.817
10.513 -401.495 -89.377 -0.228 0.003 0.531 0.816
10.418 -401.459 -89.417 -0.228 0.004 0.533 0.815
10.303 -401.415 -89.466 -0.229 0.004 0.534 0.814
10.215 -401.383 -89.503 -0.230 0.004 0.536 0.813
10.087 -401.336 -89.557 -0.231 0.004 0.538 0.811
10.007 -401.308 -89.591 -0.231 0.004 0.539 0.810
9.941 -401.284 -89.619 -0.231 0.004 0.540 0.809
9.838 -401.248 -89.663 -0.232 0.004 0.541 0.808
9.756 -401.219 -89.698 -0.233 0.004 0.542 0.807
9.666 -401.189 -89.736 -0.233 0.004 0.544 0.806
9.566 -401.155 -89.778 -0.234 0.004 0.546 0.805
