24.700 -458.402 -70.112 
24.699 -458.295 -70.112 
24.698 -458.169 -70.112 
24.697 -458.073 -70.113 
24.695 -457.984 -70.113 
24.693 -457.859 -70.114 
24.690 -457.756 -70.115 
24.686 -457.601 -70.117 
24.683 -457.509 -70.118 
24.680 -457.428 -70.120 
24.677 -457.350 -70.121 
24.672 -457.223 -70.123 
24.667 -457.123 -70.125 
24.661 -457.010 -70.127 
24.656 -456.912 -70.129 
24.649 -456.780 -70.132 
24.642 -456.681 -70.134 
24.633 -456.541 -70.138 
24.625 -456.430 -70.141 
24.616 -456.299 -70.145 
24.607 -456.188 -70.149 
24.599 -456.092 -70.152 
24.590 -455.982 -70.156 
24.580 -455.875 -70.160 
24.573 -455.798 -70.163 
24.563 -455.700 -70.167 
24.554 -455.614 -70.170 
24.541 -455.488 -70.175 
24.526 -455.346 -70.181 
24.509 -455.199 -70.188 
24.496 -455.087 -70.194 
24.486 -455.001 -70.198 
24.471 -454.889 -70.204 
24.455 -454.760 -70.211 
24.436 -454.619 -70.218 
24.427 -454.555 -70.222 
24.408 -454.424 -70.230 
24.392 -454.312 -70.236 
24.374 -454.194 -70.244 
24.358 -454.088 -70.250 
24.339 -453.972 -70.258 
24.320 -453.852 -70.266 
24.299 -453.729 -70.275 
24.277 -453.603 -70.284 
24.255 -453.478 -70.293 
24.238 -453.385 -70.300 
24.224 -453.305 -70.306 
24.201 -453.186 -70.315 
24.172 -453.032 -70.327 
24.152 -452.936 -70.335 
24.129 -452.823 -70.344 
24.112 -452.738 -70.351 
24.097 -452.665 -70.357 
24.084 -452.606 -70.362 
24.068 -452.532 -70.369 
24.044 -452.422 -70.379 
24.022 -452.324 -70.388 
24.003 -452.240 -70.395 
23.984 -452.154 -70.403 
23.961 -452.057 -70.413 
23.950 -452.009 -70.417 
23.923 -451.897 -70.428 
23.905 -451.822 -70.436 
23.886 -451.747 -70.443 
23.861 -451.645 -70.453 
23.843 -451.571 -70.461 
23.816 -451.469 -70.472 
23.795 -451.386 -70.480 
23.769 -451.286 -70.491 
23.747 -451.205 -70.500 
23.722 -451.110 -70.510 
23.691 -450.997 -70.523 
23.648 -450.842 -70.541 
23.621 -450.747 -70.552 
23.570 -450.573 -70.572 
23.533 -450.447 -70.588 
23.511 -450.374 -70.597 
23.479 -450.267 -70.610 
23.455 -450.189 -70.620 
23.419 -450.074 -70.635 
23.383 -449.961 -70.650 
23.360 -449.888 -70.659 
23.325 -449.780 -70.674 
23.287 -449.666 -70.689 
23.260 -449.582 -70.701 
23.216 -449.452 -70.719 
23.192 -449.380 -70.729 
23.167 -449.307 -70.739 
23.138 -449.225 -70.751 
23.103 -449.125 -70.765 
23.071 -449.033 -70.779 
23.037 -448.940 -70.793 
23.001 -448.839 -70.807 
22.960 -448.729 -70.824 
22.923 -448.629 -70.839 
22.888 -448.535 -70.854 
22.824 -448.366 -70.881 
22.775 -448.243 -70.901 
22.734 -448.138 -70.918 
22.694 -448.036 -70.934 
22.662 -447.957 -70.948 
22.624 -447.863 -70.963 
22.580 -447.756 -70.981 
22.549 -447.680 -70.994 
22.506 -447.577 -71.012 
22.468 -447.486 -71.027 
22.424 -447.383 -71.045 
22.375 -447.269 -71.065 
22.331 -447.168 -71.083 
22.302 -447.101 -71.095 
22.267 -447.021 -71.110 
22.228 -446.934 -71.125 
22.183 -446.831 -71.144 
22.148 -446.754 -71.158 
22.099 -446.647 -71.178 
22.060 -446.561 -71.194 
22.018 -446.470 -71.211 
21.983 -446.395 -71.226 
21.934 -446.291 -71.246 
21.882 -446.182 -71.267 
21.840 -446.095 -71.284 
21.791 -445.994 -71.304 
21.723 -445.854 -71.332 
21.681 -445.769 -71.350 
21.626 -445.659 -71.373 
21.589 -445.587 -71.388 
21.551 -445.512 -71.404 
21.506 -445.424 -71.422 
21.450 -445.314 -71.446 
21.402 -445.222 -71.466 
21.354 -445.132 -71.486 
21.306 -445.041 -71.506 
21.239 -444.916 -71.534 
21.193 -444.830 -71.553 
21.151 -444.752 -71.571 
21.126 -444.706 -71.582 
21.072 -444.608 -71.604 
21.002 -444.482 -71.633 
20.968 -444.421 -71.647 
20.921 -444.336 -71.667 
20.851 -444.212 -71.696 
20.791 -444.107 -71.720 
20.735 -444.010 -71.743 
20.694 -443.938 -71.760 
20.648 -443.859 -71.779 
20.573 -443.729 -71.810 
20.513 -443.627 -71.835 
20.459 -443.535 -71.857 
20.417 -443.463 -71.875 
20.350 -443.351 -71.902 
20.307 -443.278 -71.920 
20.273 -443.221 -71.934 
20.208 -443.113 -71.961 
20.161 -443.035 -71.980 
20.113 -442.956 -72.000 
20.068 -442.883 -72.019 
20.023 -442.809 -72.037 
19.965 -442.715 -72.061 
19.911 -442.627 -72.083 
19.849 -442.527 -72.109 
19.791 -442.434 -72.133 
19.743 -442.358 -72.153 
19.695 -442.282 -72.172 
19.610 -442.148 -72.207 
19.562 -442.074 -72.227 
19.502 -441.981 -72.252 
19.454 -441.906 -72.271 
19.406 -441.833 -72.291 
19.367 -441.773 -72.307 
19.319 -441.698 -72.327 
19.250 -441.594 -72.355 
19.206 -441.527 -72.373 
19.119 -441.398 -72.408 
19.076 -441.333 -72.426 
19.004 -441.227 -72.455 
18.956 -441.155 -72.475 
18.893 -441.064 -72.500 
18.815 -440.950 -72.532 
18.768 -440.882 -72.551 
18.703 -440.789 -72.577 
18.663 -440.731 -72.594 
18.598 -440.638 -72.620 
18.534 -440.548 -72.646 
18.452 -440.432 -72.679 
18.409 -440.372 -72.697 
18.339 -440.274 -72.725 
18.294 -440.212 -72.743 
18.222 -440.113 -72.772 
18.136 -439.995 -72.807 
18.085 -439.926 -72.828 
18.032 -439.854 -72.849 
17.964 -439.762 -72.877 
17.877 -439.647 -72.912 
17.806 -439.553 -72.940 
17.755 -439.484 -72.961 
17.722 -439.442 -72.974 
17.671 -439.374 -72.995 
17.610 -439.294 -73.019 
17.576 -439.250 -73.033 
17.515 -439.170 -73.058 
17.433 -439.065 -73.090 
17.372 -438.985 -73.115 
17.299 -438.892 -73.145 
17.233 -438.808 -73.171 
17.167 -438.724 -73.197 
17.103 -438.643 -73.223 
17.020 -438.537 -73.256 
16.938 -438.433 -73.289 
16.880 -438.361 -73.312 
16.808 -438.271 -73.341 
16.749 -438.198 -73.364 
16.653 -438.078 -73.403 
16.607 -438.021 -73.421 
16.565 -437.970 -73.437 
16.513 -437.906 -73.458 
16.447 -437.825 -73.484 
16.392 -437.758 -73.505 
16.320 -437.671 -73.533 
16.260 -437.599 -73.557 
16.198 -437.524 -73.581 
16.122 -437.432 -73.611 
16.073 -437.373 -73.630 
16.017 -437.306 -73.651 
15.968 -437.248 -73.670 
15.922 -437.193 -73.688 
15.859 -437.117 -73.712 
15.795 -437.041 -73.737 
15.733 -436.967 -73.760 
15.684 -436.909 -73.779 
15.642 -436.860 -73.795 
15.573 -436.779 -73.821 
15.526 -436.724 -73.839 
15.484 -436.674 -73.855 
15.433 -436.615 -73.874 
15.359 -436.528 -73.902 
15.320 -436.483 -73.917 
15.244 -436.395 -73.946 
15.170 -436.310 -73.974 
15.096 -436.224 -74.001 
15.022 -436.139 -74.029 
14.972 -436.081 -74.048 
14.893 -435.990 -74.077 
14.836 -435.925 -74.098 
14.768 -435.847 -74.124 
14.680 -435.747 -74.156 
14.601 -435.658 -74.185 
