24.700 -458.399 -70.112 
24.699 -458.312 -70.112 
24.698 -458.192 -70.113 
24.697 -458.081 -70.113 
24.695 -457.997 -70.114 
24.693 -457.881 -70.115 
24.690 -457.774 -70.116 
24.687 -457.673 -70.117 
24.683 -457.548 -70.118 
24.680 -457.456 -70.120 
24.674 -457.316 -70.122 
24.672 -457.264 -70.123 
24.664 -457.113 -70.126 
24.658 -456.996 -70.129 
24.653 -456.899 -70.131 
24.648 -456.824 -70.133 
24.643 -456.736 -70.135 
24.632 -456.581 -70.139 
24.622 -456.445 -70.142 
24.614 -456.344 -70.145 
24.603 -456.213 -70.149 
24.596 -456.130 -70.152 
24.588 -456.034 -70.155 
24.573 -455.876 -70.161 
24.559 -455.737 -70.166 
24.550 -455.646 -70.170 
24.538 -455.535 -70.175 
24.526 -455.419 -70.180 
24.511 -455.288 -70.186 
24.493 -455.141 -70.192 
24.480 -455.041 -70.197 
24.463 -454.907 -70.204 
24.446 -454.779 -70.210 
24.432 -454.676 -70.216 
24.418 -454.577 -70.221 
24.398 -454.441 -70.228 
24.385 -454.358 -70.233 
24.366 -454.234 -70.241 
24.352 -454.143 -70.246 
24.333 -454.028 -70.254 
24.315 -453.923 -70.261 
24.292 -453.788 -70.270 
24.275 -453.688 -70.276 
24.248 -453.537 -70.287 
24.229 -453.435 -70.294 
24.206 -453.314 -70.303 
24.188 -453.223 -70.310 
24.173 -453.146 -70.316 
24.159 -453.076 -70.322 
24.138 -452.970 -70.331 
24.119 -452.877 -70.338 
24.092 -452.747 -70.349 
24.075 -452.668 -70.356 
24.046 -452.535 -70.367 
24.021 -452.424 -70.377 
23.995 -452.307 -70.388 
23.968 -452.193 -70.398 
23.945 -452.095 -70.408 
23.921 -451.993 -70.418 
23.892 -451.875 -70.429 
23.874 -451.801 -70.437 
23.845 -451.687 -70.448 
23.824 -451.603 -70.457 
23.802 -451.516 -70.466 
23.782 -451.441 -70.474 
23.746 -451.303 -70.489 
23.726 -451.232 -70.496 
23.695 -451.118 -70.509 
23.676 -451.049 -70.517 
23.655 -450.971 -70.525 
23.629 -450.881 -70.536 
23.571 -450.679 -70.559 
23.544 -450.587 -70.570 
23.503 -450.450 -70.586 
23.478 -450.367 -70.597 
23.434 -450.223 -70.614 
23.408 -450.140 -70.625 
23.366 -450.007 -70.642 
23.339 -449.921 -70.653 
23.310 -449.832 -70.665 
23.285 -449.754 -70.675 
23.254 -449.662 -70.688 
23.229 -449.586 -70.698 
23.195 -449.485 -70.712 
23.174 -449.424 -70.720 
23.130 -449.297 -70.738 
23.093 -449.192 -70.753 
23.056 -449.085 -70.769 
23.019 -448.983 -70.784 
22.975 -448.863 -70.802 
22.940 -448.768 -70.816 
22.919 -448.712 -70.825 
22.889 -448.630 -70.837 
22.842 -448.508 -70.856 
22.803 -448.405 -70.872 
22.748 -448.264 -70.894 
22.699 -448.139 -70.914 
22.668 -448.061 -70.927 
22.637 -447.986 -70.940 
22.596 -447.885 -70.956 
22.568 -447.815 -70.968 
22.542 -447.752 -70.978 
22.516 -447.689 -70.989 
22.480 -447.604 -71.003 
22.449 -447.529 -71.016 
22.413 -447.443 -71.031 
22.377 -447.359 -71.046 
22.325 -447.240 -71.066 
22.282 -447.139 -71.084 
22.232 -447.027 -71.104 
22.199 -446.952 -71.118 
22.141 -446.822 -71.141 
22.092 -446.714 -71.161 
22.052 -446.625 -71.177 
22.022 -446.561 -71.189 
21.978 -446.466 -71.206 
21.916 -446.335 -71.231 
21.861 -446.218 -71.253 
21.808 -446.108 -71.275 
21.768 -446.025 -71.291 
21.713 -445.912 -71.313 
21.662 -445.810 -71.333 
21.606 -445.698 -71.356 
21.559 -445.605 -71.375 
21.500 -445.490 -71.399 
21.466 -445.423 -71.413 
21.400 -445.296 -71.439 
21.356 -445.212 -71.457 
21.320 -445.143 -71.472 
21.288 -445.083 -71.485 
21.255 -445.022 -71.498 
21.214 -444.946 -71.515 
21.168 -444.859 -71.534 
21.106 -444.745 -71.559 
21.068 -444.675 -71.575 
21.038 -444.622 -71.587 
20.999 -444.552 -71.602 
20.955 -444.473 -71.620 
20.898 -444.370 -71.643 
20.843 -444.272 -71.666 
20.797 -444.192 -71.684 
20.745 -444.101 -71.705 
20.679 -443.985 -71.732 
20.634 -443.908 -71.750 
20.579 -443.813 -71.772 
20.554 -443.771 -71.782 
20.509 -443.693 -71.800 
20.470 -443.628 -71.816 
20.414 -443.533 -71.838 
20.377 -443.470 -71.853 
20.328 -443.387 -71.873 
20.274 -443.299 -71.894 
20.217 -443.203 -71.917 
20.157 -443.104 -71.941 
20.081 -442.981 -71.971 
20.020 -442.883 -71.995 
19.947 -442.765 -72.024 
19.890 -442.675 -72.047 
19.829 -442.577 -72.071 
19.760 -442.468 -72.098 
19.698 -442.372 -72.123 
19.636 -442.275 -72.148 
19.580 -442.188 -72.170 
19.523 -442.100 -72.192 
19.491 -442.052 -72.205 
19.427 -441.954 -72.230 
19.358 -441.850 -72.257 
19.300 -441.762 -72.280 
19.255 -441.695 -72.298 
19.195 -441.606 -72.321 
19.146 -441.533 -72.341 
19.097 -441.462 -72.360 
19.041 -441.379 -72.382 
18.970 -441.275 -72.410 
18.886 -441.154 -72.442 
18.841 -441.089 -72.460 
18.787 -441.010 -72.481 
18.731 -440.931 -72.503 
18.674 -440.849 -72.525 
18.631 -440.789 -72.542 
18.582 -440.719 -72.561 
18.535 -440.653 -72.579 
18.461 -440.550 -72.608 
18.401 -440.467 -72.631 
18.344 -440.388 -72.653 
18.275 -440.293 -72.680 
18.233 -440.236 -72.696 
18.156 -440.132 -72.726 
18.077 -440.024 -72.756 
18.020 -439.948 -72.778 
17.959 -439.867 -72.802 
17.873 -439.752 -72.835 
17.789 -439.640 -72.867 
17.735 -439.569 -72.888 
17.661 -439.473 -72.916 
17.610 -439.406 -72.936 
17.533 -439.306 -72.965 
17.468 -439.222 -72.990 
17.402 -439.138 -73.016 
17.315 -439.026 -73.049 
17.264 -438.961 -73.068 
17.187 -438.864 -73.097 
17.124 -438.783 -73.122 
17.079 -438.727 -73.138 
16.977 -438.600 -73.177 
16.898 -438.500 -73.207 
16.842 -438.431 -73.228 
16.777 -438.351 -73.252 
16.715 -438.274 -73.276 
16.642 -438.185 -73.303 
16.574 -438.102 -73.328 
16.505 -438.017 -73.354 
16.460 -437.963 -73.371 
16.391 -437.879 -73.397 
16.336 -437.812 -73.417 
16.288 -437.754 -73.435 
16.214 -437.666 -73.462 
16.152 -437.591 -73.485 
16.110 -437.541 -73.501 
16.047 -437.466 -73.524 
15.967 -437.371 -73.553 
15.919 -437.314 -73.571 
15.838 -437.218 -73.600 
15.777 -437.146 -73.623 
15.721 -437.080 -73.643 
15.636 -436.981 -73.673 
15.565 -436.898 -73.699 
15.508 -436.832 -73.720 
15.442 -436.755 -73.743 
15.406 -436.713 -73.756 
15.339 -436.636 -73.780 
15.285 -436.574 -73.799 
15.254 -436.539 -73.810 
15.177 -436.450 -73.837 
15.093 -436.353 -73.867 
15.021 -436.272 -73.893 
14.957 -436.198 -73.916 
14.889 -436.121 -73.939 
14.843 -436.069 -73.955 
14.775 -435.992 -73.980 
14.717 -435.927 -74.000 
14.643 -435.843 -74.026 
