24.700 -458.383 -70.112 
24.698 -458.206 -70.112 
24.697 -458.118 -70.113 
24.695 -458.011 -70.113 
24.694 -457.942 -70.114 
24.691 -457.819 -70.115 
24.689 -457.736 -70.116 
24.686 -457.624 -70.117 
24.683 -457.546 -70.118 
24.679 -457.424 -70.119 
24.675 -457.334 -70.121 
24.671 -457.239 -70.122 
24.662 -457.047 -70.126 
24.656 -456.949 -70.128 
24.650 -456.837 -70.130 
24.646 -456.765 -70.132 
24.637 -456.632 -70.135 
24.632 -456.556 -70.137 
24.626 -456.467 -70.140 
24.619 -456.377 -70.142 
24.611 -456.269 -70.146 
24.602 -456.156 -70.149 
24.589 -456.013 -70.154 
24.579 -455.895 -70.159 
24.572 -455.824 -70.161 
24.563 -455.732 -70.165 
24.547 -455.568 -70.172 
24.536 -455.469 -70.176 
24.524 -455.355 -70.181 
24.512 -455.246 -70.186 
24.499 -455.140 -70.191 
24.489 -455.060 -70.195 
24.479 -454.976 -70.199 
24.462 -454.842 -70.207 
24.455 -454.787 -70.210 
24.438 -454.666 -70.216 
24.425 -454.572 -70.222 
24.408 -454.448 -70.230 
24.392 -454.343 -70.236 
24.377 -454.243 -70.242 
24.360 -454.133 -70.250 
24.343 -454.027 -70.257 
24.331 -453.953 -70.262 
24.315 -453.851 -70.269 
24.297 -453.743 -70.276 
24.282 -453.657 -70.283 
24.265 -453.564 -70.289 
24.254 -453.502 -70.294 
24.241 -453.425 -70.300 
24.219 -453.307 -70.309 
24.200 -453.205 -70.317 
24.179 -453.095 -70.326 
24.158 -452.988 -70.335 
24.140 -452.900 -70.343 
24.113 -452.771 -70.354 
24.098 -452.697 -70.361 
24.084 -452.630 -70.367 
24.060 -452.518 -70.377 
24.037 -452.416 -70.387 
24.020 -452.336 -70.394 
23.998 -452.238 -70.404 
23.982 -452.168 -70.410 
23.957 -452.064 -70.421 
23.925 -451.926 -70.435 
23.892 -451.790 -70.449 
23.868 -451.696 -70.459 
23.849 -451.618 -70.468 
23.815 -451.484 -70.482 
23.785 -451.371 -70.495 
23.751 -451.241 -70.510 
23.721 -451.133 -70.522 
23.690 -451.017 -70.536 
23.659 -450.905 -70.549 
23.623 -450.779 -70.565 
23.588 -450.659 -70.580 
23.555 -450.544 -70.594 
23.520 -450.427 -70.609 
23.484 -450.307 -70.625 
23.447 -450.186 -70.641 
23.405 -450.053 -70.659 
23.367 -449.930 -70.676 
23.345 -449.861 -70.685 
23.310 -449.754 -70.701 
23.280 -449.662 -70.714 
23.256 -449.587 -70.724 
23.220 -449.479 -70.740 
23.182 -449.367 -70.757 
23.142 -449.250 -70.774 
23.085 -449.088 -70.799 
23.062 -449.022 -70.809 
23.027 -448.924 -70.824 
22.984 -448.805 -70.843 
22.938 -448.680 -70.863 
22.911 -448.605 -70.875 
22.887 -448.540 -70.885 
22.849 -448.440 -70.902 
22.804 -448.324 -70.921 
22.778 -448.257 -70.932 
22.740 -448.159 -70.949 
22.706 -448.072 -70.964 
22.667 -447.975 -70.981 
22.618 -447.853 -71.002 
22.570 -447.735 -71.023 
22.551 -447.688 -71.031 
22.509 -447.586 -71.050 
22.472 -447.498 -71.066 
22.441 -447.425 -71.079 
22.412 -447.357 -71.092 
22.384 -447.290 -71.104 
22.362 -447.239 -71.114 
22.331 -447.168 -71.127 
22.298 -447.093 -71.141 
22.254 -446.991 -71.160 
22.219 -446.913 -71.175 
22.178 -446.821 -71.193 
22.124 -446.703 -71.216 
22.090 -446.627 -71.231 
22.058 -446.557 -71.245 
22.023 -446.482 -71.261 
21.987 -446.405 -71.276 
21.937 -446.300 -71.298 
21.890 -446.200 -71.318 
21.836 -446.086 -71.342 
21.791 -445.993 -71.362 
21.748 -445.906 -71.381 
21.705 -445.818 -71.400 
21.668 -445.742 -71.416 
21.631 -445.669 -71.432 
21.587 -445.581 -71.451 
21.556 -445.521 -71.465 
21.508 -445.426 -71.486 
21.465 -445.344 -71.505 
21.428 -445.271 -71.521 
21.391 -445.200 -71.537 
21.337 -445.099 -71.561 
21.288 -445.006 -71.582 
21.246 -444.928 -71.601 
21.189 -444.822 -71.626 
21.128 -444.710 -71.652 
21.089 -444.639 -71.669 
21.052 -444.573 -71.685 
21.014 -444.504 -71.702 
20.961 -444.408 -71.725 
20.921 -444.338 -71.743 
20.894 -444.290 -71.754 
20.838 -444.192 -71.779 
20.797 -444.120 -71.797 
20.746 -444.031 -71.819 
20.698 -443.949 -71.840 
20.649 -443.863 -71.861 
20.605 -443.790 -71.880 
20.550 -443.696 -71.904 
20.500 -443.610 -71.926 
20.437 -443.504 -71.953 
20.391 -443.426 -71.973 
20.318 -443.305 -72.005 
20.254 -443.198 -72.032 
20.210 -443.125 -72.051 
20.155 -443.036 -72.075 
20.111 -442.964 -72.094 
20.047 -442.859 -72.121 
19.995 -442.775 -72.143 
19.949 -442.703 -72.163 
19.894 -442.615 -72.186 
19.847 -442.540 -72.206 
19.787 -442.445 -72.232 
19.728 -442.351 -72.257 
19.670 -442.261 -72.281 
19.627 -442.194 -72.300 
19.583 -442.125 -72.318 
19.539 -442.058 -72.337 
19.468 -441.948 -72.367 
19.401 -441.846 -72.395 
19.337 -441.748 -72.422 
19.286 -441.672 -72.443 
19.223 -441.577 -72.470 
19.140 -441.453 -72.505 
19.067 -441.346 -72.535 
19.007 -441.258 -72.560 
18.957 -441.185 -72.582 
18.889 -441.085 -72.610 
18.826 -440.994 -72.637 
18.758 -440.896 -72.666 
18.717 -440.838 -72.683 
18.664 -440.762 -72.705 
18.614 -440.692 -72.726 
18.570 -440.630 -72.745 
18.514 -440.551 -72.768 
18.422 -440.423 -72.807 
18.369 -440.350 -72.829 
18.321 -440.283 -72.850 
18.246 -440.181 -72.881 
18.188 -440.102 -72.905 
18.119 -440.008 -72.934 
18.054 -439.921 -72.961 
18.009 -439.860 -72.981 
17.950 -439.782 -73.005 
17.886 -439.697 -73.032 
17.831 -439.624 -73.055 
17.747 -439.514 -73.090 
17.688 -439.437 -73.114 
17.612 -439.339 -73.146 
17.564 -439.278 -73.165 
17.499 -439.194 -73.192 
17.436 -439.113 -73.218 
17.372 -439.032 -73.245 
17.330 -438.978 -73.262 
17.255 -438.883 -73.293 
17.187 -438.797 -73.321 
17.150 -438.751 -73.336 
17.097 -438.684 -73.358 
17.037 -438.609 -73.382 
16.950 -438.501 -73.418 
16.884 -438.419 -73.444 
16.822 -438.343 -73.469 
16.778 -438.289 -73.487 
16.729 -438.228 -73.507 
16.659 -438.143 -73.535 
16.596 -438.066 -73.560 
16.539 -437.997 -73.583 
16.454 -437.893 -73.617 
16.404 -437.832 -73.637 
16.335 -437.749 -73.665 
16.260 -437.659 -73.695 
16.199 -437.586 -73.719 
16.145 -437.520 -73.741 
16.104 -437.471 -73.757 
16.065 -437.425 -73.773 
15.990 -437.335 -73.802 
15.928 -437.262 -73.827 
15.880 -437.205 -73.846 
15.828 -437.143 -73.866 
15.741 -437.041 -73.901 
15.665 -436.951 -73.931 
15.591 -436.865 -73.960 
15.517 -436.778 -73.990 
15.472 -436.725 -74.008 
15.403 -436.646 -74.035 
15.359 -436.594 -74.052 
15.278 -436.500 -74.084 
15.211 -436.422 -74.110 
15.161 -436.364 -74.130 
15.065 -436.254 -74.167 
14.999 -436.178 -74.193 
14.922 -436.090 -74.223 
14.859 -436.019 -74.247 
14.796 -435.948 -74.272 
14.735 -435.879 -74.295 
14.637 -435.768 -74.333 
14.590 -435.714 -74.351 
14.515 -435.631 -74.380 
