24.700 -458.367 -70.112 
24.699 -458.296 -70.112 
24.699 -458.213 -70.113 
24.697 -458.058 -70.114 
24.694 -457.917 -70.115 
24.692 -457.817 -70.116 
24.688 -457.677 -70.118 
24.685 -457.557 -70.120 
24.681 -457.435 -70.122 
24.677 -457.339 -70.124 
24.672 -457.216 -70.126 
24.668 -457.129 -70.128 
24.662 -457.028 -70.130 
24.656 -456.916 -70.133 
24.650 -456.806 -70.136 
24.643 -456.691 -70.139 
24.635 -456.573 -70.142 
24.624 -456.414 -70.147 
24.615 -456.302 -70.150 
24.607 -456.198 -70.154 
24.600 -456.115 -70.157 
24.592 -456.019 -70.160 
24.582 -455.903 -70.164 
24.570 -455.784 -70.169 
24.559 -455.670 -70.174 
24.548 -455.561 -70.178 
24.531 -455.399 -70.186 
24.521 -455.314 -70.190 
24.510 -455.217 -70.194 
24.493 -455.072 -70.202 
24.481 -454.979 -70.206 
24.469 -454.884 -70.212 
24.453 -454.759 -70.218 
24.441 -454.667 -70.224 
24.430 -454.590 -70.228 
24.418 -454.506 -70.233 
24.401 -454.390 -70.241 
24.383 -454.270 -70.248 
24.370 -454.185 -70.254 
24.361 -454.124 -70.258 
24.342 -454.006 -70.266 
24.331 -453.938 -70.271 
24.316 -453.846 -70.278 
24.299 -453.746 -70.285 
24.281 -453.642 -70.293 
24.260 -453.521 -70.302 
24.245 -453.438 -70.308 
24.227 -453.342 -70.316 
24.205 -453.225 -70.325 
24.188 -453.135 -70.333 
24.170 -453.041 -70.341 
24.155 -452.965 -70.347 
24.138 -452.882 -70.354 
24.129 -452.838 -70.358 
24.116 -452.776 -70.364 
24.090 -452.651 -70.375 
24.072 -452.567 -70.383 
24.047 -452.451 -70.394 
24.022 -452.338 -70.405 
23.998 -452.232 -70.415 
23.973 -452.123 -70.426 
23.958 -452.060 -70.433 
23.935 -451.962 -70.443 
23.920 -451.901 -70.449 
23.900 -451.816 -70.458 
23.880 -451.733 -70.467 
23.852 -451.621 -70.479 
23.828 -451.526 -70.489 
23.806 -451.440 -70.498 
23.781 -451.347 -70.509 
23.750 -451.227 -70.522 
23.722 -451.123 -70.534 
23.702 -451.050 -70.543 
23.674 -450.947 -70.555 
23.648 -450.854 -70.565 
23.617 -450.747 -70.578 
23.584 -450.630 -70.592 
23.554 -450.528 -70.605 
23.523 -450.423 -70.618 
23.493 -450.326 -70.630 
23.468 -450.243 -70.641 
23.429 -450.117 -70.657 
23.408 -450.050 -70.666 
23.378 -449.955 -70.679 
23.334 -449.818 -70.697 
23.303 -449.721 -70.710 
23.281 -449.654 -70.720 
23.246 -449.551 -70.734 
23.204 -449.425 -70.752 
23.166 -449.314 -70.768 
23.126 -449.200 -70.784 
23.097 -449.115 -70.797 
23.064 -449.022 -70.811 
23.030 -448.929 -70.825 
22.998 -448.841 -70.838 
22.969 -448.761 -70.850 
22.935 -448.670 -70.864 
22.903 -448.583 -70.878 
22.868 -448.490 -70.892 
22.831 -448.395 -70.907 
22.806 -448.329 -70.918 
22.769 -448.234 -70.933 
22.722 -448.115 -70.953 
22.678 -448.003 -70.972 
22.639 -447.908 -70.987 
22.605 -447.824 -71.002 
22.579 -447.759 -71.013 
22.538 -447.662 -71.030 
22.505 -447.583 -71.043 
22.459 -447.473 -71.063 
22.411 -447.359 -71.083 
22.363 -447.247 -71.103 
22.310 -447.127 -71.124 
22.269 -447.031 -71.142 
22.228 -446.939 -71.159 
22.185 -446.843 -71.176 
22.139 -446.742 -71.195 
22.100 -446.655 -71.212 
22.060 -446.569 -71.228 
22.015 -446.472 -71.246 
21.960 -446.355 -71.269 
21.921 -446.271 -71.285 
21.874 -446.172 -71.304 
21.845 -446.113 -71.316 
21.797 -446.014 -71.336 
21.732 -445.881 -71.362 
21.686 -445.788 -71.381 
21.643 -445.703 -71.398 
21.594 -445.605 -71.418 
21.544 -445.507 -71.439 
21.506 -445.433 -71.454 
21.451 -445.326 -71.477 
21.398 -445.226 -71.498 
21.340 -445.116 -71.522 
21.306 -445.051 -71.536 
21.257 -444.960 -71.556 
21.191 -444.838 -71.583 
21.137 -444.739 -71.605 
21.112 -444.694 -71.615 
21.076 -444.628 -71.630 
21.014 -444.517 -71.655 
20.966 -444.431 -71.675 
20.891 -444.299 -71.705 
20.855 -444.236 -71.720 
20.810 -444.157 -71.738 
20.764 -444.076 -71.757 
20.699 -443.964 -71.784 
20.640 -443.863 -71.808 
20.594 -443.784 -71.827 
20.541 -443.694 -71.848 
20.494 -443.615 -71.867 
20.449 -443.538 -71.886 
20.406 -443.467 -71.903 
20.356 -443.384 -71.923 
20.299 -443.290 -71.946 
20.248 -443.206 -71.967 
20.198 -443.124 -71.987 
20.143 -443.035 -72.009 
20.086 -442.943 -72.032 
20.015 -442.828 -72.061 
19.975 -442.764 -72.077 
19.936 -442.703 -72.092 
19.896 -442.639 -72.108 
19.825 -442.526 -72.137 
19.770 -442.440 -72.159 
19.719 -442.362 -72.179 
19.680 -442.301 -72.194 
19.643 -442.244 -72.209 
19.605 -442.185 -72.224 
19.549 -442.099 -72.246 
19.514 -442.046 -72.260 
19.468 -441.977 -72.278 
19.414 -441.894 -72.299 
19.370 -441.828 -72.317 
19.289 -441.707 -72.349 
19.259 -441.663 -72.360 
19.206 -441.585 -72.381 
19.132 -441.476 -72.410 
19.095 -441.421 -72.425 
19.019 -441.311 -72.454 
18.946 -441.206 -72.482 
18.860 -441.081 -72.516 
18.812 -441.014 -72.534 
18.740 -440.911 -72.562 
18.692 -440.843 -72.581 
18.633 -440.761 -72.603 
18.591 -440.702 -72.620 
18.527 -440.613 -72.645 
18.447 -440.503 -72.676 
18.385 -440.419 -72.699 
18.329 -440.342 -72.721 
18.250 -440.235 -72.752 
18.188 -440.152 -72.775 
18.123 -440.064 -72.801 
18.079 -440.006 -72.817 
18.033 -439.945 -72.835 
17.988 -439.886 -72.852 
17.919 -439.795 -72.878 
17.861 -439.720 -72.900 
17.812 -439.657 -72.919 
17.748 -439.573 -72.943 
17.707 -439.522 -72.959 
17.640 -439.435 -72.985 
17.588 -439.369 -73.004 
17.532 -439.298 -73.026 
17.468 -439.217 -73.050 
17.366 -439.089 -73.089 
17.286 -438.990 -73.119 
17.234 -438.925 -73.139 
17.166 -438.839 -73.165 
17.111 -438.771 -73.185 
17.060 -438.708 -73.205 
17.008 -438.645 -73.224 
16.961 -438.587 -73.242 
16.925 -438.543 -73.255 
16.849 -438.450 -73.284 
16.801 -438.392 -73.302 
16.736 -438.313 -73.326 
16.682 -438.248 -73.346 
16.616 -438.169 -73.371 
16.517 -438.051 -73.407 
16.456 -437.977 -73.430 
16.414 -437.928 -73.445 
16.347 -437.848 -73.470 
16.274 -437.762 -73.497 
16.220 -437.698 -73.516 
16.160 -437.628 -73.538 
16.113 -437.572 -73.556 
16.052 -437.501 -73.578 
16.003 -437.444 -73.596 
15.926 -437.354 -73.624 
15.851 -437.266 -73.651 
15.782 -437.187 -73.676 
15.696 -437.088 -73.707 
15.617 -436.997 -73.736 
15.557 -436.928 -73.758 
15.505 -436.868 -73.776 
15.440 -436.795 -73.800 
15.366 -436.711 -73.826 
15.309 -436.646 -73.847 
15.264 -436.595 -73.863 
15.203 -436.528 -73.885 
15.130 -436.445 -73.912 
15.083 -436.394 -73.928 
15.012 -436.314 -73.954 
14.962 -436.258 -73.972 
14.908 -436.198 -73.991 
14.807 -436.086 -74.027 
14.759 -436.033 -74.044 
14.666 -435.930 -74.077 
14.587 -435.843 -74.105 
