24.700 -458.377 -70.112 
24.699 -458.245 -70.112 
24.698 -458.158 -70.113 
24.696 -458.046 -70.113 
24.695 -457.978 -70.114 
24.693 -457.856 -70.115 
24.690 -457.724 -70.116 
24.686 -457.613 -70.118 
24.682 -457.484 -70.120 
24.679 -457.403 -70.121 
24.675 -457.311 -70.123 
24.669 -457.168 -70.126 
24.663 -457.039 -70.129 
24.657 -456.926 -70.131 
24.650 -456.805 -70.134 
24.646 -456.740 -70.136 
24.640 -456.646 -70.139 
24.631 -456.526 -70.142 
24.625 -456.432 -70.145 
24.617 -456.336 -70.148 
24.610 -456.247 -70.151 
24.599 -456.105 -70.156 
24.591 -456.022 -70.160 
24.579 -455.890 -70.165 
24.570 -455.794 -70.169 
24.561 -455.700 -70.173 
24.553 -455.616 -70.176 
24.534 -455.441 -70.185 
24.522 -455.330 -70.190 
24.511 -455.234 -70.195 
24.498 -455.126 -70.201 
24.485 -455.015 -70.207 
24.470 -454.894 -70.214 
24.457 -454.793 -70.220 
24.448 -454.729 -70.224 
24.432 -454.609 -70.231 
24.420 -454.520 -70.237 
24.408 -454.438 -70.242 
24.398 -454.365 -70.247 
24.380 -454.246 -70.255 
24.369 -454.176 -70.259 
24.348 -454.043 -70.269 
24.336 -453.964 -70.274 
24.319 -453.864 -70.281 
24.298 -453.738 -70.291 
24.281 -453.635 -70.299 
24.266 -453.553 -70.305 
24.251 -453.469 -70.312 
24.225 -453.321 -70.324 
24.207 -453.226 -70.332 
24.184 -453.107 -70.342 
24.165 -453.006 -70.350 
24.147 -452.920 -70.358 
24.122 -452.793 -70.369 
24.104 -452.707 -70.377 
24.084 -452.612 -70.386 
24.059 -452.496 -70.397 
24.029 -452.355 -70.411 
24.005 -452.251 -70.421 
23.981 -452.144 -70.432 
23.954 -452.029 -70.444 
23.928 -451.918 -70.456 
23.907 -451.832 -70.465 
23.883 -451.733 -70.476 
23.857 -451.630 -70.487 
23.834 -451.539 -70.498 
23.810 -451.444 -70.508 
23.786 -451.352 -70.519 
23.759 -451.247 -70.531 
23.733 -451.149 -70.543 
23.714 -451.079 -70.551 
23.696 -451.015 -70.559 
23.663 -450.894 -70.574 
23.625 -450.760 -70.591 
23.600 -450.671 -70.602 
23.569 -450.564 -70.616 
23.549 -450.495 -70.625 
23.513 -450.374 -70.641 
23.486 -450.284 -70.653 
23.465 -450.214 -70.662 
23.426 -450.087 -70.679 
23.394 -449.986 -70.693 
23.369 -449.905 -70.704 
23.350 -449.847 -70.712 
23.312 -449.726 -70.729 
23.288 -449.653 -70.740 
23.257 -449.560 -70.753 
23.239 -449.505 -70.762 
23.174 -449.312 -70.790 
23.155 -449.257 -70.798 
23.128 -449.180 -70.809 
23.098 -449.093 -70.822 
23.051 -448.961 -70.843 
23.001 -448.821 -70.864 
22.963 -448.718 -70.881 
22.913 -448.582 -70.902 
22.884 -448.501 -70.915 
22.851 -448.415 -70.930 
22.813 -448.315 -70.946 
22.776 -448.218 -70.962 
22.756 -448.167 -70.971 
22.703 -448.032 -70.994 
22.664 -447.935 -71.011 
22.638 -447.867 -71.022 
22.613 -447.808 -71.033 
22.556 -447.666 -71.057 
22.501 -447.532 -71.081 
22.465 -447.446 -71.096 
22.427 -447.356 -71.113 
22.387 -447.262 -71.130 
22.350 -447.175 -71.146 
22.296 -447.050 -71.169 
22.259 -446.966 -71.185 
22.219 -446.875 -71.202 
22.167 -446.758 -71.225 
22.131 -446.679 -71.240 
22.089 -446.588 -71.258 
22.027 -446.451 -71.285 
21.987 -446.366 -71.302 
21.940 -446.266 -71.322 
21.899 -446.178 -71.340 
21.849 -446.073 -71.361 
21.807 -445.987 -71.379 
21.755 -445.879 -71.402 
21.714 -445.797 -71.419 
21.665 -445.697 -71.440 
21.632 -445.631 -71.455 
21.591 -445.549 -71.472 
21.548 -445.464 -71.491 
21.492 -445.354 -71.515 
21.444 -445.260 -71.536 
21.399 -445.175 -71.555 
21.361 -445.103 -71.571 
21.339 -445.060 -71.581 
21.303 -444.993 -71.596 
21.255 -444.903 -71.617 
21.225 -444.846 -71.630 
21.176 -444.756 -71.650 
21.140 -444.689 -71.666 
21.097 -444.610 -71.684 
21.042 -444.510 -71.708 
21.004 -444.441 -71.724 
20.941 -444.328 -71.751 
20.899 -444.254 -71.768 
20.849 -444.164 -71.790 
20.780 -444.043 -71.818 
20.708 -443.917 -71.849 
20.638 -443.794 -71.879 
20.554 -443.649 -71.914 
20.515 -443.583 -71.930 
20.456 -443.482 -71.955 
20.399 -443.385 -71.979 
20.332 -443.272 -72.007 
20.278 -443.182 -72.029 
20.216 -443.080 -72.055 
20.141 -442.957 -72.086 
20.084 -442.864 -72.109 
20.039 -442.790 -72.128 
19.989 -442.709 -72.149 
19.964 -442.669 -72.159 
19.920 -442.599 -72.177 
19.865 -442.511 -72.199 
19.821 -442.440 -72.218 
19.779 -442.375 -72.235 
19.726 -442.290 -72.256 
19.649 -442.170 -72.288 
19.598 -442.092 -72.308 
19.535 -441.994 -72.334 
19.494 -441.930 -72.351 
19.414 -441.808 -72.384 
19.374 -441.747 -72.400 
19.306 -441.645 -72.427 
19.224 -441.522 -72.460 
19.169 -441.440 -72.483 
19.141 -441.397 -72.494 
19.089 -441.321 -72.515 
19.052 -441.266 -72.530 
19.014 -441.210 -72.545 
18.979 -441.160 -72.559 
18.942 -441.104 -72.575 
18.893 -441.033 -72.594 
18.835 -440.950 -72.617 
18.783 -440.875 -72.638 
18.717 -440.780 -72.665 
18.656 -440.694 -72.689 
18.608 -440.627 -72.708 
18.548 -440.542 -72.732 
18.478 -440.443 -72.760 
18.443 -440.395 -72.773 
18.400 -440.335 -72.790 
18.326 -440.233 -72.820 
18.267 -440.153 -72.843 
18.196 -440.057 -72.871 
18.131 -439.969 -72.896 
18.049 -439.858 -72.929 
17.967 -439.748 -72.961 
17.893 -439.652 -72.990 
17.829 -439.567 -73.015 
17.760 -439.477 -73.042 
17.716 -439.420 -73.059 
17.666 -439.354 -73.078 
17.623 -439.298 -73.095 
17.562 -439.220 -73.118 
17.476 -439.109 -73.151 
17.400 -439.013 -73.180 
17.331 -438.925 -73.207 
17.299 -438.883 -73.219 
17.236 -438.805 -73.243 
17.170 -438.721 -73.269 
17.118 -438.656 -73.288 
17.032 -438.549 -73.321 
16.956 -438.454 -73.350 
16.882 -438.361 -73.379 
16.815 -438.278 -73.404 
16.751 -438.199 -73.429 
16.673 -438.104 -73.458 
16.568 -437.976 -73.498 
16.517 -437.914 -73.517 
16.450 -437.833 -73.543 
16.355 -437.719 -73.578 
16.304 -437.656 -73.598 
16.249 -437.591 -73.618 
16.166 -437.492 -73.649 
16.076 -437.385 -73.683 
16.022 -437.321 -73.703 
15.957 -437.245 -73.727 
15.883 -437.157 -73.755 
15.823 -437.086 -73.777 
15.728 -436.976 -73.812 
15.665 -436.902 -73.835 
15.603 -436.830 -73.858 
15.530 -436.746 -73.885 
15.460 -436.665 -73.911 
15.398 -436.593 -73.934 
15.338 -436.525 -73.955 
15.278 -436.456 -73.977 
15.212 -436.381 -74.001 
15.165 -436.327 -74.019 
15.088 -436.239 -74.047 
15.045 -436.190 -74.062 
14.951 -436.084 -74.097 
14.879 -436.001 -74.123 
14.814 -435.928 -74.147 
14.754 -435.860 -74.169 
14.660 -435.755 -74.203 
14.572 -435.658 -74.234 
