26.388 -423.581 -82.406 
26.380 -423.496 -82.410 
26.371 -423.409 -82.415 
26.361 -423.324 -82.419 
26.351 -423.229 -82.425 
26.339 -423.127 -82.430 
26.330 -423.047 -82.435 
26.319 -422.957 -82.440 
26.305 -422.843 -82.447 
26.289 -422.716 -82.454 
26.275 -422.611 -82.461 
26.256 -422.466 -82.470 
26.240 -422.348 -82.478 
26.225 -422.243 -82.485 
26.200 -422.074 -82.497 
26.185 -421.978 -82.503 
26.169 -421.871 -82.511 
26.148 -421.737 -82.521 
26.128 -421.616 -82.530 
26.103 -421.468 -82.541 
26.090 -421.393 -82.547 
26.070 -421.277 -82.556 
26.055 -421.195 -82.563 
26.029 -421.049 -82.575 
26.006 -420.926 -82.585 
25.984 -420.812 -82.594 
25.968 -420.729 -82.601 
25.954 -420.659 -82.608 
25.930 -420.539 -82.618 
25.912 -420.448 -82.626 
25.882 -420.304 -82.640 
25.869 -420.245 -82.645 
25.842 -420.120 -82.657 
25.821 -420.021 -82.667 
25.794 -419.901 -82.679 
25.765 -419.776 -82.691 
25.740 -419.666 -82.702 
25.720 -419.585 -82.711 
25.695 -419.480 -82.722 
25.671 -419.381 -82.733 
25.648 -419.287 -82.743 
25.624 -419.190 -82.753 
25.599 -419.093 -82.764 
25.572 -418.987 -82.776 
25.551 -418.907 -82.785 
25.521 -418.793 -82.798 
25.487 -418.670 -82.813 
25.456 -418.557 -82.826 
25.429 -418.459 -82.839 
25.394 -418.338 -82.854 
25.365 -418.235 -82.867 
25.336 -418.138 -82.879 
25.309 -418.045 -82.891 
25.284 -417.964 -82.902 
25.269 -417.914 -82.908 
25.232 -417.794 -82.924 
25.206 -417.711 -82.936 
25.163 -417.574 -82.954 
25.141 -417.504 -82.964 
25.112 -417.414 -82.977 
25.071 -417.290 -82.994 
25.055 -417.240 -83.001 
25.025 -417.151 -83.014 
24.990 -417.049 -83.029 
24.947 -416.921 -83.048 
24.915 -416.830 -83.062 
24.878 -416.723 -83.078 
24.845 -416.629 -83.092 
24.812 -416.536 -83.106 
24.791 -416.478 -83.115 
24.753 -416.374 -83.132 
24.710 -416.258 -83.150 
24.693 -416.213 -83.157 
24.668 -416.144 -83.168 
24.635 -416.058 -83.182 
24.603 -415.974 -83.196 
24.569 -415.884 -83.211 
24.510 -415.732 -83.236 
24.463 -415.614 -83.256 
24.439 -415.554 -83.266 
24.400 -415.458 -83.283 
24.358 -415.354 -83.301 
24.318 -415.257 -83.318 
24.279 -415.162 -83.334 
24.246 -415.083 -83.348 
24.192 -414.956 -83.371 
24.152 -414.861 -83.389 
24.114 -414.774 -83.404 
24.081 -414.698 -83.419 
24.000 -414.515 -83.453 
23.963 -414.433 -83.468 
23.939 -414.379 -83.479 
23.894 -414.281 -83.497 
23.855 -414.197 -83.514 
23.826 -414.133 -83.526 
23.786 -414.049 -83.543 
23.703 -413.874 -83.577 
23.649 -413.761 -83.600 
23.606 -413.674 -83.618 
23.554 -413.568 -83.640 
23.496 -413.452 -83.664 
23.463 -413.385 -83.678 
23.400 -413.262 -83.705 
23.352 -413.168 -83.725 
23.295 -413.060 -83.748 
23.244 -412.963 -83.770 
23.203 -412.885 -83.787 
23.154 -412.793 -83.808 
23.104 -412.700 -83.828 
23.047 -412.596 -83.852 
22.976 -412.467 -83.882 
22.914 -412.356 -83.907 
22.849 -412.241 -83.934 
22.810 -412.172 -83.951 
22.762 -412.089 -83.971 
22.715 -412.009 -83.990 
22.669 -411.930 -84.009 
22.607 -411.824 -84.036 
22.584 -411.786 -84.045 
22.543 -411.718 -84.062 
22.490 -411.629 -84.085 
22.439 -411.546 -84.106 
22.393 -411.472 -84.125 
22.356 -411.412 -84.141 
22.299 -411.320 -84.165 
22.252 -411.245 -84.184 
22.194 -411.153 -84.209 
22.124 -411.044 -84.238 
22.066 -410.954 -84.262 
21.993 -410.843 -84.293 
21.948 -410.775 -84.311 
21.891 -410.689 -84.335 
21.838 -410.610 -84.357 
21.765 -410.501 -84.388 
21.661 -410.350 -84.432 
21.587 -410.244 -84.463 
21.522 -410.151 -84.490 
21.465 -410.070 -84.514 
21.411 -409.994 -84.536 
21.326 -409.876 -84.572 
21.262 -409.790 -84.598 
21.218 -409.729 -84.617 
21.152 -409.641 -84.644 
21.098 -409.569 -84.667 
21.053 -409.509 -84.685 
21.001 -409.440 -84.707 
20.919 -409.334 -84.741 
20.875 -409.277 -84.759 
20.815 -409.200 -84.784 
20.766 -409.136 -84.805 
20.683 -409.031 -84.839 
20.619 -408.951 -84.866 
20.531 -408.841 -84.903 
20.464 -408.759 -84.931 
20.401 -408.683 -84.958 
20.312 -408.575 -84.995 
20.227 -408.474 -85.031 
20.186 -408.425 -85.048 
20.124 -408.353 -85.074 
20.062 -408.281 -85.100 
19.994 -408.201 -85.129 
19.919 -408.116 -85.160 
19.871 -408.061 -85.181 
19.796 -407.975 -85.213 
19.729 -407.901 -85.241 
19.664 -407.828 -85.269 
19.597 -407.755 -85.297 
19.498 -407.646 -85.339 
19.443 -407.587 -85.363 
19.393 -407.533 -85.384 
19.361 -407.499 -85.398 
19.296 -407.430 -85.425 
19.229 -407.360 -85.454 
19.177 -407.305 -85.476 
19.112 -407.238 -85.504 
19.057 -407.182 -85.527 
18.981 -407.104 -85.559 
18.886 -407.008 -85.600 
18.819 -406.941 -85.628 
18.754 -406.877 -85.656 
18.687 -406.810 -85.685 
18.593 -406.719 -85.724 
18.510 -406.639 -85.760 
18.440 -406.571 -85.790 
18.360 -406.495 -85.824 
18.297 -406.437 -85.850 
18.242 -406.384 -85.874 
18.146 -406.296 -85.915 
18.092 -406.246 -85.938 
17.961 -406.127 -85.994 
17.877 -406.052 -86.030 
17.781 -405.967 -86.071 
17.672 -405.871 -86.117 
17.599 -405.807 -86.149 
17.534 -405.751 -86.177 
17.478 -405.704 -86.201 
17.375 -405.616 -86.245 
17.295 -405.549 -86.279 
17.218 -405.485 -86.312 
17.153 -405.432 -86.340 
17.090 -405.380 -86.367 
16.994 -405.302 -86.408 
16.925 -405.247 -86.438 
16.851 -405.188 -86.470 
16.741 -405.101 -86.517 
16.680 -405.053 -86.543 
16.604 -404.994 -86.576 
16.523 -404.932 -86.611 
16.451 -404.877 -86.642 
16.365 -404.813 -86.678 
16.290 -404.756 -86.711 
16.200 -404.689 -86.749 
16.112 -404.625 -86.787 
16.026 -404.562 -86.824 
15.920 -404.486 -86.870 
15.837 -404.427 -86.905 
15.690 -404.324 -86.968 
15.610 -404.268 -87.003 
15.533 -404.215 -87.036 
15.469 -404.171 -87.064 
15.365 -404.100 -87.109 
15.242 -404.017 -87.162 
15.142 -403.951 -87.205 
15.071 -403.905 -87.235 
14.990 -403.853 -87.270 
14.913 -403.803 -87.303 
14.820 -403.744 -87.343 
14.765 -403.710 -87.366 
14.682 -403.658 -87.401 
14.597 -403.605 -87.438 
14.547 -403.574 -87.459 
14.448 -403.514 -87.502 
14.330 -403.443 -87.552 
14.224 -403.380 -87.598 
14.176 -403.352 -87.618 
14.107 -403.311 -87.648 
14.025 -403.264 -87.683 
13.925 -403.206 -87.726 
13.813 -403.142 -87.774 
13.745 -403.104 -87.803 
13.630 -403.039 -87.853 
13.539 -402.988 -87.892 
13.459 -402.944 -87.926 
13.338 -402.878 -87.978 
13.242 -402.827 -88.020 
13.155 -402.780 -88.057 
13.112 -402.757 -88.076 
13.023 -402.711 -88.114 
12.895 -402.644 -88.169 
12.814 -402.603 -88.204 
12.722 -402.556 -88.243 
12.639 -402.515 -88.279 
12.529 -402.461 -88.326 
12.427 -402.411 -88.370 
12.354 -402.376 -88.401 
12.274 -402.337 -88.435 
12.190 -402.297 -88.471 
12.125 -402.267 -88.498 
12.015 -402.215 -88.546 
11.922 -402.173 -88.585 
11.871 -402.150 -88.607 
11.794 -402.115 -88.640 
11.699 -402.072 -88.680 
11.643 -402.048 -88.704 
11.543 -402.004 -88.746 
11.464 -401.970 -88.780 
11.343 -401.918 -88.832 
11.271 -401.888 -88.862 
11.202 -401.858 -88.891 
11.126 -401.827 -88.924 
11.033 -401.789 -88.963 
10.939 -401.750 -89.003 
10.886 -401.729 -89.026 
10.741 -401.671 -89.087 
10.661 -401.639 -89.121 
10.545 -401.594 -89.171 
10.450 -401.558 -89.211 
10.357 -401.523 -89.250 
10.284 -401.495 -89.281 
10.187 -401.459 -89.323 
10.092 -401.425 -89.363 
10.002 -401.392 -89.401 
