21.500 -475.916 -70.112 
21.499 -475.828 -70.112 
21.499 -475.727 -70.112 
21.498 -475.639 -70.113 
21.496 -475.534 -70.113 
21.494 -475.444 -70.114 
21.492 -475.326 -70.115 
21.490 -475.231 -70.116 
21.487 -475.129 -70.117 
21.484 -475.043 -70.118 
21.482 -474.975 -70.119 
21.478 -474.869 -70.121 
21.473 -474.755 -70.122 
21.466 -474.615 -70.125 
21.462 -474.521 -70.127 
21.457 -474.435 -70.129 
21.449 -474.297 -70.132 
21.442 -474.176 -70.135 
21.434 -474.053 -70.139 
21.429 -473.978 -70.141 
21.420 -473.866 -70.144 
21.414 -473.775 -70.147 
21.405 -473.663 -70.150 
21.395 -473.545 -70.154 
21.387 -473.456 -70.158 
21.376 -473.332 -70.162 
21.368 -473.242 -70.166 
21.356 -473.124 -70.171 
21.346 -473.025 -70.175 
21.334 -472.911 -70.180 
21.324 -472.820 -70.184 
21.313 -472.719 -70.188 
21.301 -472.611 -70.193 
21.289 -472.512 -70.198 
21.279 -472.422 -70.202 
21.261 -472.279 -70.210 
21.251 -472.199 -70.214 
21.239 -472.112 -70.218 
21.226 -472.010 -70.224 
21.212 -471.910 -70.230 
21.200 -471.827 -70.234 
21.187 -471.730 -70.240 
21.175 -471.653 -70.245 
21.163 -471.566 -70.250 
21.144 -471.444 -70.258 
21.128 -471.336 -70.265 
21.108 -471.211 -70.273 
21.088 -471.090 -70.281 
21.078 -471.025 -70.286 
21.065 -470.950 -70.291 
21.048 -470.848 -70.298 
21.034 -470.764 -70.304 
21.014 -470.654 -70.312 
21.000 -470.572 -70.318 
20.974 -470.432 -70.329 
20.959 -470.351 -70.335 
20.942 -470.262 -70.342 
20.918 -470.137 -70.352 
20.899 -470.036 -70.360 
20.884 -469.961 -70.366 
20.860 -469.840 -70.376 
20.847 -469.777 -70.382 
20.826 -469.677 -70.390 
20.807 -469.584 -70.398 
20.788 -469.495 -70.406 
20.771 -469.415 -70.413 
20.753 -469.335 -70.420 
20.727 -469.217 -70.430 
20.710 -469.137 -70.437 
20.685 -469.029 -70.447 
20.666 -468.944 -70.455 
20.637 -468.819 -70.467 
20.623 -468.761 -70.472 
20.598 -468.655 -70.483 
20.569 -468.535 -70.494 
20.555 -468.477 -70.500 
20.544 -468.433 -70.504 
20.520 -468.337 -70.514 
20.495 -468.237 -70.524 
20.471 -468.143 -70.534 
20.442 -468.027 -70.546 
20.408 -467.899 -70.559 
20.373 -467.769 -70.573 
20.346 -467.665 -70.584 
20.317 -467.560 -70.596 
20.292 -467.467 -70.606 
20.274 -467.403 -70.613 
20.241 -467.284 -70.626 
20.211 -467.179 -70.638 
20.174 -467.050 -70.653 
20.152 -466.975 -70.662 
20.127 -466.889 -70.672 
20.088 -466.756 -70.688 
20.051 -466.630 -70.703 
20.022 -466.533 -70.714 
19.994 -466.443 -70.725 
19.971 -466.366 -70.735 
19.943 -466.277 -70.746 
19.917 -466.190 -70.757 
19.887 -466.095 -70.768 
19.858 -466.004 -70.780 
19.835 -465.928 -70.789 
19.799 -465.816 -70.804 
19.775 -465.740 -70.813 
19.744 -465.645 -70.826 
19.715 -465.556 -70.837 
19.694 -465.490 -70.846 
19.670 -465.418 -70.855 
19.632 -465.301 -70.871 
19.602 -465.213 -70.882 
19.579 -465.142 -70.892 
19.557 -465.078 -70.900 
19.525 -464.983 -70.913 
19.492 -464.885 -70.926 
19.453 -464.770 -70.941 
19.421 -464.676 -70.953 
19.391 -464.588 -70.965 
19.358 -464.493 -70.978 
19.317 -464.376 -70.994 
19.287 -464.289 -71.005 
19.257 -464.202 -71.017 
19.211 -464.072 -71.035 
19.190 -464.016 -71.042 
19.145 -463.887 -71.060 
19.103 -463.772 -71.075 
19.084 -463.719 -71.082 
19.055 -463.637 -71.093 
19.018 -463.537 -71.107 
18.976 -463.421 -71.122 
18.939 -463.320 -71.136 
18.909 -463.238 -71.147 
18.858 -463.101 -71.166 
18.832 -463.032 -71.176 
18.792 -462.924 -71.190 
18.750 -462.810 -71.206 
18.708 -462.699 -71.221 
18.655 -462.561 -71.240 
18.622 -462.473 -71.252 
18.603 -462.424 -71.259 
18.559 -462.309 -71.275 
18.528 -462.228 -71.287 
18.497 -462.149 -71.298 
18.452 -462.031 -71.314 
18.413 -461.931 -71.328 
18.384 -461.857 -71.338 
18.345 -461.756 -71.352 
18.302 -461.647 -71.367 
18.263 -461.549 -71.381 
18.208 -461.410 -71.400 
18.171 -461.316 -71.413 
18.139 -461.235 -71.424 
18.096 -461.128 -71.439 
18.074 -461.073 -71.447 
18.052 -461.019 -71.454 
18.013 -460.922 -71.468 
17.963 -460.800 -71.485 
17.915 -460.681 -71.501 
17.876 -460.585 -71.514 
17.833 -460.482 -71.529 
17.788 -460.372 -71.544 
17.752 -460.286 -71.556 
17.712 -460.190 -71.569 
17.679 -460.110 -71.581 
17.620 -459.969 -71.600 
17.594 -459.909 -71.608 
17.549 -459.802 -71.623 
17.514 -459.719 -71.635 
17.463 -459.600 -71.651 
17.416 -459.490 -71.666 
17.368 -459.377 -71.682 
17.322 -459.270 -71.696 
17.274 -459.160 -71.711 
17.237 -459.073 -71.723 
17.182 -458.946 -71.740 
17.141 -458.853 -71.753 
17.104 -458.768 -71.765 
17.055 -458.656 -71.780 
16.999 -458.530 -71.797 
16.961 -458.444 -71.808 
16.928 -458.370 -71.819 
16.887 -458.277 -71.831 
16.863 -458.222 -71.839 
16.829 -458.147 -71.849 
16.776 -458.027 -71.865 
16.737 -457.941 -71.877 
16.690 -457.839 -71.891 
16.653 -457.755 -71.902 
16.606 -457.652 -71.916 
16.545 -457.517 -71.934 
16.500 -457.419 -71.947 
16.452 -457.314 -71.962 
16.406 -457.214 -71.975 
16.382 -457.163 -71.982 
16.327 -457.044 -71.998 
16.303 -456.992 -72.005 
16.265 -456.911 -72.016 
16.230 -456.836 -72.026 
16.189 -456.748 -72.038 
16.142 -456.647 -72.051 
16.111 -456.582 -72.060 
16.075 -456.505 -72.071 
16.023 -456.395 -72.085 
15.974 -456.293 -72.099 
15.923 -456.185 -72.113 
15.875 -456.084 -72.127 
15.829 -455.990 -72.139 
15.776 -455.879 -72.154 
15.723 -455.768 -72.169 
15.676 -455.670 -72.182 
15.643 -455.602 -72.191 
15.609 -455.533 -72.200 
15.559 -455.428 -72.214 
15.499 -455.307 -72.230 
15.445 -455.195 -72.245 
15.392 -455.087 -72.259 
15.350 -455.003 -72.270 
15.308 -454.918 -72.282 
15.277 -454.856 -72.290 
15.211 -454.722 -72.308 
15.148 -454.597 -72.325 
15.101 -454.502 -72.337 
15.058 -454.416 -72.349 
15.018 -454.338 -72.359 
14.975 -454.252 -72.371 
14.931 -454.165 -72.382 
14.897 -454.098 -72.391 
14.868 -454.040 -72.398 
14.831 -453.969 -72.408 
14.792 -453.893 -72.418 
14.749 -453.809 -72.429 
14.695 -453.702 -72.443 
14.649 -453.612 -72.454 
14.596 -453.509 -72.468 
14.556 -453.432 -72.478 
14.500 -453.323 -72.492 
14.440 -453.208 -72.507 
14.407 -453.144 -72.515 
14.356 -453.045 -72.528 
14.294 -452.928 -72.544 
