24.700 -458.387 -70.112 
24.699 -458.286 -70.112 
24.699 -458.222 -70.113 
24.697 -458.084 -70.113 
24.696 -458.020 -70.114 
24.694 -457.930 -70.114 
24.693 -457.872 -70.115 
24.690 -457.727 -70.116 
24.686 -457.615 -70.118 
24.683 -457.498 -70.119 
24.677 -457.350 -70.121 
24.671 -457.208 -70.124 
24.665 -457.083 -70.126 
24.662 -457.016 -70.128 
24.655 -456.899 -70.130 
24.647 -456.749 -70.134 
24.640 -456.640 -70.137 
24.632 -456.521 -70.140 
24.622 -456.390 -70.144 
24.614 -456.286 -70.147 
24.604 -456.161 -70.152 
24.592 -456.017 -70.157 
24.581 -455.897 -70.162 
24.567 -455.750 -70.168 
24.557 -455.647 -70.172 
24.544 -455.527 -70.177 
24.538 -455.468 -70.180 
24.526 -455.356 -70.185 
24.513 -455.249 -70.191 
24.503 -455.156 -70.195 
24.486 -455.020 -70.203 
24.475 -454.930 -70.208 
24.464 -454.850 -70.212 
24.453 -454.764 -70.217 
24.434 -454.627 -70.225 
24.418 -454.512 -70.232 
24.404 -454.412 -70.239 
24.389 -454.310 -70.245 
24.374 -454.210 -70.252 
24.358 -454.107 -70.259 
24.341 -454.006 -70.266 
24.323 -453.891 -70.274 
24.308 -453.806 -70.280 
24.291 -453.707 -70.288 
24.278 -453.628 -70.294 
24.262 -453.539 -70.301 
24.244 -453.440 -70.308 
24.215 -453.285 -70.321 
24.194 -453.173 -70.330 
24.171 -453.056 -70.340 
24.155 -452.974 -70.347 
24.141 -452.909 -70.353 
24.117 -452.790 -70.364 
24.098 -452.699 -70.372 
24.080 -452.616 -70.380 
24.060 -452.523 -70.388 
24.032 -452.397 -70.401 
24.005 -452.277 -70.412 
23.981 -452.174 -70.423 
23.954 -452.058 -70.435 
23.936 -451.980 -70.443 
23.913 -451.888 -70.452 
23.882 -451.761 -70.466 
23.854 -451.646 -70.479 
23.820 -451.513 -70.493 
23.795 -451.416 -70.505 
23.758 -451.274 -70.521 
23.716 -451.120 -70.539 
23.682 -450.994 -70.554 
23.648 -450.872 -70.569 
23.610 -450.737 -70.586 
23.585 -450.649 -70.597 
23.561 -450.567 -70.608 
23.542 -450.502 -70.616 
23.518 -450.424 -70.626 
23.486 -450.317 -70.641 
23.454 -450.210 -70.655 
23.431 -450.137 -70.665 
23.400 -450.038 -70.678 
23.359 -449.907 -70.696 
23.341 -449.852 -70.704 
23.310 -449.755 -70.718 
23.281 -449.669 -70.730 
23.237 -449.537 -70.750 
23.203 -449.436 -70.764 
23.168 -449.332 -70.780 
23.141 -449.254 -70.792 
23.089 -449.104 -70.815 
23.036 -448.957 -70.838 
23.012 -448.890 -70.848 
22.983 -448.811 -70.861 
22.948 -448.714 -70.877 
22.916 -448.626 -70.891 
22.888 -448.553 -70.903 
22.831 -448.400 -70.928 
22.791 -448.297 -70.945 
22.756 -448.205 -70.961 
22.727 -448.130 -70.974 
22.684 -448.023 -70.993 
22.638 -447.907 -71.013 
22.607 -447.831 -71.026 
22.571 -447.743 -71.042 
22.530 -447.642 -71.060 
22.473 -447.505 -71.085 
22.427 -447.396 -71.106 
22.386 -447.300 -71.124 
22.341 -447.194 -71.144 
22.282 -447.060 -71.169 
22.256 -447.001 -71.181 
22.197 -446.867 -71.207 
22.166 -446.798 -71.220 
22.135 -446.730 -71.233 
22.106 -446.665 -71.246 
22.065 -446.577 -71.264 
22.014 -446.467 -71.286 
21.972 -446.376 -71.305 
21.909 -446.244 -71.332 
21.863 -446.148 -71.352 
21.820 -446.057 -71.371 
21.774 -445.962 -71.391 
21.739 -445.891 -71.406 
21.667 -445.746 -71.437 
21.625 -445.663 -71.455 
21.595 -445.603 -71.468 
21.541 -445.499 -71.491 
21.495 -445.408 -71.511 
21.446 -445.314 -71.532 
21.409 -445.243 -71.548 
21.357 -445.145 -71.570 
21.303 -445.042 -71.593 
21.260 -444.962 -71.612 
21.182 -444.818 -71.645 
21.140 -444.741 -71.663 
21.071 -444.617 -71.692 
21.008 -444.503 -71.719 
20.983 -444.458 -71.730 
20.946 -444.392 -71.746 
20.894 -444.300 -71.768 
20.859 -444.239 -71.783 
20.794 -444.125 -71.810 
20.737 -444.025 -71.835 
20.705 -443.970 -71.848 
20.647 -443.872 -71.872 
20.583 -443.762 -71.900 
20.527 -443.668 -71.923 
20.484 -443.595 -71.941 
20.426 -443.497 -71.966 
20.398 -443.451 -71.978 
20.361 -443.390 -71.993 
20.309 -443.304 -72.015 
20.253 -443.212 -72.038 
20.171 -443.077 -72.073 
20.106 -442.973 -72.100 
20.050 -442.882 -72.123 
20.010 -442.819 -72.140 
19.965 -442.748 -72.159 
19.887 -442.626 -72.191 
19.839 -442.549 -72.212 
19.777 -442.452 -72.237 
19.720 -442.364 -72.261 
19.642 -442.244 -72.294 
19.596 -442.173 -72.313 
19.559 -442.117 -72.328 
19.496 -442.022 -72.354 
19.428 -441.919 -72.383 
19.372 -441.835 -72.406 
19.334 -441.778 -72.422 
19.282 -441.701 -72.443 
19.222 -441.612 -72.468 
19.171 -441.537 -72.489 
19.108 -441.446 -72.515 
19.048 -441.358 -72.541 
19.002 -441.292 -72.559 
18.949 -441.216 -72.581 
18.905 -441.153 -72.599 
18.858 -441.086 -72.619 
18.795 -440.997 -72.645 
18.748 -440.930 -72.665 
18.688 -440.846 -72.689 
18.640 -440.781 -72.709 
18.582 -440.700 -72.733 
18.532 -440.631 -72.754 
18.449 -440.517 -72.788 
18.395 -440.442 -72.811 
18.349 -440.381 -72.829 
18.286 -440.297 -72.855 
18.224 -440.213 -72.881 
18.155 -440.121 -72.910 
18.095 -440.042 -72.934 
18.038 -439.966 -72.958 
17.982 -439.892 -72.982 
17.911 -439.799 -73.011 
17.868 -439.743 -73.029 
17.769 -439.616 -73.069 
17.710 -439.540 -73.094 
17.623 -439.428 -73.130 
17.586 -439.382 -73.145 
17.510 -439.286 -73.177 
17.420 -439.172 -73.214 
17.353 -439.088 -73.241 
17.306 -439.029 -73.260 
17.208 -438.908 -73.300 
17.150 -438.835 -73.324 
17.093 -438.766 -73.347 
17.046 -438.708 -73.366 
16.998 -438.648 -73.386 
16.929 -438.564 -73.413 
16.871 -438.494 -73.437 
16.816 -438.427 -73.459 
16.756 -438.355 -73.482 
16.709 -438.297 -73.501 
16.665 -438.244 -73.519 
16.628 -438.200 -73.534 
16.566 -438.126 -73.558 
16.502 -438.050 -73.584 
16.451 -437.989 -73.604 
16.394 -437.921 -73.627 
16.313 -437.826 -73.658 
16.254 -437.756 -73.682 
16.191 -437.682 -73.707 
16.128 -437.608 -73.732 
16.059 -437.528 -73.758 
15.997 -437.456 -73.783 
15.922 -437.369 -73.812 
15.854 -437.289 -73.839 
15.794 -437.220 -73.862 
15.687 -437.098 -73.904 
15.614 -437.014 -73.932 
15.555 -436.946 -73.955 
15.460 -436.839 -73.991 
15.392 -436.762 -74.017 
15.345 -436.709 -74.036 
15.292 -436.649 -74.056 
15.218 -436.566 -74.084 
15.111 -436.447 -74.125 
15.042 -436.369 -74.151 
14.992 -436.313 -74.171 
14.913 -436.226 -74.201 
14.871 -436.178 -74.217 
14.817 -436.119 -74.237 
14.748 -436.043 -74.263 
14.700 -435.989 -74.282 
14.596 -435.875 -74.321 
14.547 -435.822 -74.340 
14.483 -435.752 -74.364 
