9.100 -496.269 -127.000 
9.100 -496.269 -127.000 
9.100 -496.269 -127.000 
9.100 -496.269 -127.000 
9.100 -496.269 -127.000 
9.100 -496.269 -127.000 
9.100 -496.269 -127.000 
9.100 -496.269 -127.000 
9.100 -496.269 -127.000 
9.100 -496.269 -127.000 
9.100 -496.269 -127.000 
9.100 -496.269 -127.000 
9.100 -496.269 -127.000 
9.100 -496.269 -127.000 
9.100 -496.269 -127.000 
9.100 -496.269 -127.000 
9.100 -496.269 -127.000 
9.100 -496.269 -127.000 
9.100 -496.269 -127.000 
9.100 -496.269 -127.000 
9.100 -496.269 -127.000 
9.100 -496.269 -127.000 
9.100 -496.269 -127.000 
9.100 -496.269 -127.000 
9.100 -496.269 -127.000 
9.100 -496.269 -127.000 
9.100 -496.269 -127.000 
9.100 -496.269 -127.000 
9.100 -496.269 -127.000 
9.100 -496.269 -127.000 
9.100 -496.269 -127.000 
9.100 -496.269 -127.000 
9.100 -496.269 -127.000 
9.100 -496.269 -127.000 
9.100 -496.269 -127.000 
9.100 -496.269 -127.000 
9.100 -496.269 -127.000 
9.100 -496.269 -127.000 
9.100 -496.269 -127.000 
9.100 -496.269 -127.000 
9.100 -496.269 -127.000 
9.100 -496.269 -127.000 
9.100 -496.269 -127.000 
9.100 -496.269 -127.000 
9.100 -496.269 -127.000 
9.100 -496.269 -127.000 
9.100 -496.269 -127.000 
9.100 -496.269 -127.000 
9.100 -496.269 -127.000 
9.100 -496.269 -127.000 
9.100 -496.269 -127.000 
9.100 -496.269 -127.000 
9.100 -496.269 -127.000 
9.100 -496.269 -127.000 
9.100 -496.269 -127.000 
9.100 -496.269 -127.000 
9.100 -496.269 -127.000 
9.100 -496.269 -127.000 
9.100 -496.269 -127.000 
9.100 -496.269 -127.000 
9.100 -496.269 -127.000 
9.100 -496.269 -127.000 
9.100 -496.269 -127.000 
9.100 -496.269 -127.000 
9.100 -496.269 -127.000 
9.100 -496.269 -127.000 
9.100 -496.269 -127.000 
9.100 -496.269 -127.000 
9.100 -496.269 -127.000 
9.100 -496.269 -127.000 
9.100 -496.269 -127.000 
9.100 -496.269 -127.000 
9.100 -496.269 -127.000 
9.100 -496.269 -127.000 
9.100 -496.269 -127.000 
9.100 -496.269 -127.000 
9.100 -496.269 -127.000 
9.100 -496.269 -127.000 
9.100 -496.269 -127.