24.700 -458.391 -70.112 
24.699 -458.301 -70.112 
24.698 -458.166 -70.113 
24.697 -458.073 -70.113 
24.695 -457.973 -70.114 
24.693 -457.911 -70.114 
24.691 -457.816 -70.115 
24.688 -457.699 -70.117 
24.684 -457.593 -70.118 
24.682 -457.530 -70.119 
24.678 -457.426 -70.121 
24.673 -457.300 -70.123 
24.669 -457.204 -70.124 
24.665 -457.126 -70.126 
24.660 -457.027 -70.128 
24.654 -456.920 -70.131 
24.649 -456.829 -70.133 
24.643 -456.739 -70.135 
24.634 -456.602 -70.139 
24.625 -456.471 -70.143 
24.617 -456.366 -70.146 
24.610 -456.274 -70.149 
24.599 -456.146 -70.154 
24.592 -456.065 -70.157 
24.584 -455.974 -70.160 
24.574 -455.857 -70.165 
24.564 -455.751 -70.170 
24.551 -455.625 -70.175 
24.545 -455.565 -70.178 
24.536 -455.480 -70.182 
24.523 -455.368 -70.187 
24.512 -455.266 -70.192 
24.501 -455.174 -70.197 
24.492 -455.094 -70.201 
24.474 -454.954 -70.209 
24.463 -454.861 -70.214 
24.452 -454.781 -70.219 
24.440 -454.691 -70.224 
24.424 -454.571 -70.231 
24.414 -454.504 -70.235 
24.399 -454.401 -70.241 
24.386 -454.312 -70.247 
24.370 -454.202 -70.254 
24.352 -454.087 -70.262 
24.331 -453.959 -70.271 
24.311 -453.835 -70.280 
24.297 -453.750 -70.286 
24.277 -453.635 -70.294 
24.259 -453.532 -70.302 
24.237 -453.410 -70.311 
24.221 -453.325 -70.318 
24.208 -453.251 -70.324 
24.175 -453.082 -70.338 
24.147 -452.939 -70.350 
24.123 -452.821 -70.360 
24.102 -452.720 -70.369 
24.084 -452.635 -70.377 
24.057 -452.508 -70.389 
24.036 -452.408 -70.398 
24.017 -452.325 -70.406 
23.975 -452.137 -70.424 
23.944 -452.005 -70.437 
23.914 -451.877 -70.450 
23.874 -451.715 -70.467 
23.846 -451.599 -70.479 
23.825 -451.517 -70.488 
23.808 -451.450 -70.496 
23.780 -451.343 -70.507 
23.746 -451.212 -70.522 
23.702 -451.049 -70.541 
23.675 -450.949 -70.553 
23.652 -450.867 -70.563 
23.616 -450.740 -70.578 
23.595 -450.665 -70.587 
23.565 -450.561 -70.600 
23.536 -450.463 -70.612 
23.505 -450.359 -70.625 
23.475 -450.260 -70.638 
23.447 -450.166 -70.650 
23.421 -450.081 -70.661 
23.379 -449.947 -70.679 
23.343 -449.835 -70.694 
23.314 -449.746 -70.707 
23.290 -449.672 -70.717 
23.253 -449.561 -70.733 
23.213 -449.439 -70.750 
23.159 -449.282 -70.773 
23.116 -449.158 -70.792 
23.067 -449.021 -70.812 
23.028 -448.912 -70.829 
22.990 -448.807 -70.845 
22.950 -448.697 -70.862 
22.918 -448.612 -70.876 
22.879 -448.508 -70.892 
22.846 -448.422 -70.906 
22.809 -448.325 -70.922 
22.776 -448.239 -70.936 
22.744 -448.157 -70.950 
22.709 -448.068 -70.965 
22.663 -447.954 -70.984 
22.632 -447.878 -70.997 
22.603 -447.805 -71.009 
22.545 -447.664 -71.034 
22.508 -447.575 -71.050 
22.454 -447.446 -71.072 
22.405 -447.330 -71.093 
22.365 -447.239 -71.109 
22.339 -447.178 -71.120 
22.302 -447.094 -71.135 
22.258 -446.994 -71.154 
22.231 -446.931 -71.165 
22.189 -446.838 -71.183 
22.150 -446.751 -71.199 
22.110 -446.663 -71.216 
22.073 -446.580 -71.231 
22.048 -446.526 -71.242 
21.996 -446.415 -71.263 
21.951 -446.318 -71.283 
21.855 -446.117 -71.323 
21.806 -446.013 -71.344 
21.761 -445.923 -71.363 
21.709 -445.816 -71.385 
21.654 -445.704 -71.408 
21.595 -445.588 -71.433 
21.546 -445.490 -71.454 
21.487 -445.376 -71.479 
21.426 -445.257 -71.505 
21.388 -445.186 -71.521 
21.323 -445.061 -71.549 
21.279 -444.979 -71.567 
21.208 -444.846 -71.597 
21.168 -444.772 -71.614 
21.115 -444.675 -71.636 
21.067 -444.587 -71.657 
21.031 -444.523 -71.671 
21.001 -444.469 -71.684 
20.969 -444.412 -71.698 
20.898 -444.285 -71.727 
20.836 -444.175 -71.753 
20.790 -444.095 -71.772 
20.735 -443.997 -71.796 
20.694 -443.926 -71.813 
20.640 -443.833 -71.835 
20.603 -443.770 -71.851 
20.567 -443.708 -71.866 
20.531 -443.646 -71.881 
20.490 -443.576 -71.898 
20.443 -443.496 -71.917 
20.394 -443.413 -71.938 
20.323 -443.294 -71.967 
20.257 -443.185 -71.994 
20.219 -443.121 -72.010 
20.185 -443.066 -72.024 
20.136 -442.986 -72.044 
20.081 -442.896 -72.066 
20.035 -442.822 -72.085 
19.963 -442.706 -72.114 
19.903 -442.609 -72.138 
19.850 -442.526 -72.159 
19.823 -442.484 -72.170 
19.760 -442.383 -72.196 
19.727 -442.332 -72.209 
19.676 -442.253 -72.229 
19.604 -442.140 -72.258 
19.541 -442.043 -72.283 
19.482 -441.953 -72.307 
19.418 -441.855 -72.332 
19.362 -441.770 -72.355 
19.306 -441.687 -72.377 
19.243 -441.593 -72.402 
19.166 -441.478 -72.433 
19.096 -441.376 -72.460 
19.046 -441.303 -72.479 
18.987 -441.216 -72.503 
18.921 -441.121 -72.529 
18.881 -441.063 -72.544 
18.820 -440.976 -72.568 
18.752 -440.880 -72.595 
18.694 -440.798 -72.617 
18.641 -440.722 -72.638 
18.576 -440.632 -72.663 
18.509 -440.538 -72.690 
18.427 -440.425 -72.722 
18.351 -440.321 -72.752 
18.268 -440.209 -72.784 
18.195 -440.110 -72.813 
18.149 -440.048 -72.830 
18.087 -439.964 -72.855 
18.005 -439.856 -72.887 
17.943 -439.773 -72.911 
17.895 -439.710 -72.929 
17.828 -439.622 -72.955 
17.767 -439.543 -72.979 
17.677 -439.427 -73.013 
17.612 -439.344 -73.038 
17.538 -439.250 -73.066 
17.472 -439.166 -73.091 
17.395 -439.068 -73.121 
17.351 -439.012 -73.138 
17.298 -438.945 -73.158 
17.252 -438.888 -73.175 
17.192 -438.813 -73.198 
17.108 -438.709 -73.229 
17.048 -438.634 -73.252 
16.988 -438.561 -73.274 
16.945 -438.508 -73.291 
16.899 -438.450 -73.308 
16.842 -438.381 -73.329 
16.734 -438.250 -73.370 
16.669 -438.171 -73.394 
16.610 -438.099 -73.416 
16.534 -438.007 -73.444 
16.466 -437.926 -73.469 
16.430 -437.883 -73.482 
16.373 -437.815 -73.503 
16.334 -437.769 -73.517 
16.251 -437.670 -73.547 
16.192 -437.600 -73.569 
16.129 -437.526 -73.592 
16.068 -437.454 -73.614 
16.012 -437.388 -73.634 
15.938 -437.301 -73.661 
15.879 -437.233 -73.682 
15.809 -437.152 -73.708 
15.765 -437.100 -73.724 
15.712 -437.039 -73.743 
15.655 -436.972 -73.763 
15.610 -436.920 -73.780 
15.543 -436.843 -73.804 
15.472 -436.762 -73.829 
15.389 -436.667 -73.859 
15.345 -436.616 -73.875 
15.292 -436.556 -73.894 
15.235 -436.491 -73.914 
15.147 -436.391 -73.945 
15.087 -436.324 -73.967 
15.028 -436.258 -73.988 
14.988 -436.212 -74.002 
14.935 -436.153 -74.021 
14.872 -436.082 -74.043 
14.815 -436.018 -74.064 
14.741 -435.935 -74.090 
14.684 -435.872 -74.110 
14.624 -435.805 -74.131 
