26.388 -423.577 -82.406 
26.381 -423.513 -82.409 
26.370 -423.405 -82.415 
26.358 -423.291 -82.421 
26.349 -423.214 -82.425 
26.336 -423.102 -82.431 
26.327 -423.019 -82.436 
26.316 -422.936 -82.441 
26.301 -422.812 -82.448 
26.284 -422.677 -82.456 
26.268 -422.558 -82.464 
26.254 -422.454 -82.470 
26.242 -422.368 -82.476 
26.221 -422.215 -82.486 
26.210 -422.143 -82.491 
26.194 -422.035 -82.499 
26.180 -421.938 -82.506 
26.161 -421.818 -82.514 
26.149 -421.739 -82.520 
26.133 -421.640 -82.528 
26.113 -421.519 -82.537 
26.098 -421.432 -82.544 
26.082 -421.339 -82.551 
26.062 -421.220 -82.561 
26.049 -421.145 -82.567 
26.036 -421.074 -82.572 
26.009 -420.929 -82.585 
25.993 -420.844 -82.592 
25.971 -420.725 -82.602 
25.954 -420.638 -82.610 
25.921 -420.472 -82.625 
25.902 -420.381 -82.633 
25.886 -420.303 -82.640 
25.865 -420.202 -82.650 
25.846 -420.111 -82.659 
25.827 -420.025 -82.667 
25.807 -419.933 -82.676 
25.785 -419.834 -82.686 
25.762 -419.732 -82.696 
25.735 -419.616 -82.708 
25.718 -419.543 -82.716 
25.692 -419.434 -82.727 
25.671 -419.350 -82.736 
25.650 -419.264 -82.746 
25.629 -419.181 -82.755 
25.607 -419.091 -82.765 
25.582 -418.995 -82.776 
25.549 -418.867 -82.791 
25.523 -418.772 -82.803 
25.504 -418.700 -82.812 
25.468 -418.568 -82.828 
25.447 -418.490 -82.838 
25.414 -418.374 -82.853 
25.389 -418.287 -82.864 
25.359 -418.184 -82.878 
25.332 -418.091 -82.890 
25.304 -417.997 -82.903 
25.282 -417.924 -82.913 
25.260 -417.851 -82.923 
25.230 -417.753 -82.936 
25.202 -417.662 -82.949 
25.180 -417.592 -82.959 
25.152 -417.502 -82.972 
25.129 -417.432 -82.982 
25.084 -417.293 -83.002 
25.047 -417.180 -83.019 
25.015 -417.083 -83.033 
24.995 -417.024 -83.042 
24.952 -416.898 -83.061 
24.913 -416.785 -83.079 
24.876 -416.679 -83.095 
24.850 -416.605 -83.107 
24.812 -416.499 -83.123 
24.782 -416.413 -83.137 
24.751 -416.327 -83.151 
24.733 -416.279 -83.159 
24.697 -416.183 -83.175 
24.664 -416.093 -83.190 
24.621 -415.979 -83.209 
24.586 -415.888 -83.224 
24.556 -415.808 -83.238 
24.539 -415.765 -83.245 
24.499 -415.663 -83.263 
24.457 -415.556 -83.282 
24.421 -415.465 -83.298 
24.369 -415.337 -83.321 
24.345 -415.278 -83.332 
24.308 -415.187 -83.349 
24.278 -415.116 -83.362 
24.253 -415.054 -83.373 
24.215 -414.964 -83.390 
24.165 -414.848 -83.412 
24.120 -414.742 -83.432 
24.059 -414.602 -83.460 
24.021 -414.516 -83.477 
23.973 -414.410 -83.498 
23.919 -414.290 -83.523 
23.878 -414.201 -83.541 
23.839 -414.116 -83.559 
23.790 -414.011 -83.581 
23.747 -413.919 -83.600 
23.695 -413.810 -83.623 
23.652 -413.722 -83.643 
23.624 -413.663 -83.655 
23.574 -413.561 -83.678 
23.528 -413.468 -83.698 
23.461 -413.334 -83.728 
23.388 -413.190 -83.761 
23.320 -413.060 -83.791 
23.271 -412.966 -83.813 
23.233 -412.892 -83.830 
23.194 -412.820 -83.847 
23.128 -412.696 -83.876 
23.090 -412.626 -83.893 
23.041 -412.537 -83.915 
23.003 -412.468 -83.932 
22.936 -412.347 -83.962 
22.883 -412.253 -83.985 
22.830 -412.159 -84.009 
22.795 -412.098 -84.025 
22.770 -412.055 -84.036 
22.705 -411.942 -84.065 
22.647 -411.843 -84.090 
22.591 -411.749 -84.115 
22.553 -411.686 -84.132 
22.475 -411.556 -84.167 
22.418 -411.464 -84.192 
22.371 -411.387 -84.212 
22.309 -411.288 -84.240 
22.260 -411.211 -84.261 
22.187 -411.096 -84.293 
22.139 -411.020 -84.314 
22.090 -410.945 -84.336 
22.051 -410.884 -84.353 
21.986 -410.785 -84.381 
21.941 -410.717 -84.401 
21.892 -410.644 -84.422 
21.846 -410.575 -84.442 
21.799 -410.505 -84.463 
21.740 -410.418 -84.489 
21.666 -410.310 -84.521 
21.605 -410.223 -84.548 
21.547 -410.140 -84.573 
21.480 -410.045 -84.603 
21.432 -409.977 -84.624 
21.371 -409.892 -84.651 
21.325 -409.829 -84.671 
21.272 -409.756 -84.694 
21.201 -409.659 -84.726 
21.163 -409.608 -84.742 
21.099 -409.522 -84.771 
21.054 -409.462 -84.790 
21.005 -409.398 -84.812 
20.953 -409.329 -84.835 
20.892 -409.251 -84.861 
20.819 -409.156 -84.894 
20.741 -409.057 -84.928 
20.684 -408.984 -84.954 
20.612 -408.894 -84.985 
20.537 -408.801 -85.018 
20.474 -408.723 -85.046 
20.425 -408.664 -85.068 
20.391 -408.621 -85.083 
20.334 -408.553 -85.108 
20.296 -408.507 -85.125 
20.253 -408.455 -85.144 
20.179 -408.368 -85.176 
20.119 -408.298 -85.203 
20.033 -408.197 -85.241 
19.972 -408.127 -85.267 
19.877 -408.018 -85.309 
19.791 -407.921 -85.347 
19.718 -407.839 -85.379 
19.651 -407.765 -85.409 
19.560 -407.665 -85.449 
19.496 -407.595 -85.477 
19.416 -407.510 -85.512 
19.371 -407.462 -85.532 
19.302 -407.389 -85.562 
19.233 -407.316 -85.593 
19.148 -407.228 -85.630 
19.059 -407.135 -85.669 
19.004 -407.079 -85.693 
18.957 -407.031 -85.714 
18.893 -406.967 -85.742 
18.812 -406.887 -85.777 
18.730 -406.805 -85.813 
18.685 -406.761 -85.833 
18.607 -406.685 -85.867 
18.531 -406.612 -85.900 
18.502 -406.583 -85.913 
18.444 -406.528 -85.939 
18.390 -406.477 -85.962 
18.301 -406.394 -86.001 
18.233 -406.330 -86.031 
18.169 -406.270 -86.059 
18.067 -406.177 -86.104 
17.995 -406.112 -86.136 
17.910 -406.035 -86.173 
17.823 -405.957 -86.211 
17.726 -405.872 -86.254 
17.675 -405.828 -86.277 
17.612 -405.773 -86.304 
17.536 -405.707 -86.338 
17.456 -405.639 -86.373 
17.397 -405.590 -86.399 
17.342 -405.543 -86.423 
17.239 -405.457 -86.469 
17.171 -405.402 -86.498 
17.098 -405.342 -86.531 
17.054 -405.306 -86.550 
16.982 -405.248 -86.581 
16.915 -405.195 -86.611 
16.808 -405.109 -86.658 
16.730 -405.048 -86.692 
16.657 -404.992 -86.724 
16.564 -404.919 -86.765 
16.515 -404.882 -86.786 
16.410 -404.801 -86.832 
16.317 -404.731 -86.872 
16.278 -404.702 -86.889 
16.207 -404.650 -86.920 
16.111 -404.579 -86.962 
16.043 -404.529 -86.992 
15.973 -404.479 -87.022 
15.890 -404.419 -87.058 
15.792 -404.350 -87.100 
15.701 -404.286 -87.139 
15.632 -404.238 -87.169 
15.563 -404.190 -87.198 
15.518 -404.160 -87.218 
15.467 -404.125 -87.240 
15.393 -404.074 -87.272 
15.306 -404.015 -87.309 
15.189 -403.938 -87.359 
15.114 -403.888 -87.392 
15.016 -403.825 -87.433 
14.905 -403.753 -87.481 
14.845 -403.715 -87.507 
14.767 -403.665 -87.540 
14.674 -403.607 -87.580 
14.592 -403.556 -87.616 
14.511 -403.506 -87.650 
14.454 -403.472 -87.675 
14.364 -403.417 -87.713 
14.252 -403.350 -87.761 
14.177 -403.306 -87.793 
14.107 -403.265 -87.823 
14.000 -403.202 -87.869 
13.902 -403.146 -87.911 
13.827 -403.103 -87.942 
13.749 -403.059 -87.976 
13.678 -403.019 -88.006 
13.593 -402.972 -88.042 
13.510 -402.926 -88.077 
13.347 -402.838 -88.147 
13.243 -402.782 -88.191 
13.130 -402.722 -88.239 
13.040 -402.675 -88.278 
12.966 -402.637 -88.309 
12.875 -402.590 -88.348 
12.807 -402.556 -88.377 
12.754 -402.529 -88.399 
12.665 -402.485 -88.437 
12.580 -402.443 -88.474 
12.502 -402.405 -88.507 
12.397 -402.354 -88.551 
12.324 -402.319 -88.582 
12.239 -402.280 -88.618 
12.184 -402.254 -88.642 
12.082 -402.206 -88.685 
11.969 -402.155 -88.733 
11.893 -402.120 -88.766 
11.777 -402.068 -88.815 
11.710 -402.039 -88.844 
11.627 -402.002 -88.879 
11.564 -401.975 -88.905 
11.458 -401.929 -88.951 
11.391 -401.900 -88.980 
11.333 -401.876 -89.004 
11.240 -401.837 -89.044 
11.155 -401.802 -89.081 
11.077 -401.769 -89.114 
11.001 -401.739 -89.146 
10.912 -401.703 -89.184 
10.803 -401.659 -89.231 
10.705 -401.621 -89.273 
10.591 -401.577 -89.322 
10.480 -401.535 -89.369 
10.355 -401.487 -89.422 
10.266 -401.455 -89.460 
10.166 -401.418 -89.503 
10.042 -401.373 -89.556 
9.942 -401.338 -89.599 
9.860 -401.309 -89.634 
9.720 -401.261 -89.694 
9.645 -401.235 -89.725 
