26.395 -423.644 -82.403 
26.383 -423.530 -82.409 
26.369 -423.397 -82.416 
26.355 -423.267 -82.423 
26.347 -423.197 -82.427 
26.336 -423.101 -82.432 
26.325 -423.008 -82.438 
26.315 -422.922 -82.443 
26.302 -422.820 -82.449 
26.292 -422.740 -82.454 
26.269 -422.570 -82.465 
26.254 -422.457 -82.473 
26.237 -422.341 -82.481 
26.224 -422.250 -82.487 
26.215 -422.185 -82.492 
26.202 -422.098 -82.498 
26.181 -421.964 -82.508 
26.167 -421.875 -82.514 
26.148 -421.750 -82.524 
26.130 -421.642 -82.532 
26.115 -421.554 -82.539 
26.098 -421.453 -82.547 
26.082 -421.359 -82.555 
26.059 -421.229 -82.565 
26.036 -421.103 -82.576 
26.021 -421.021 -82.583 
26.006 -420.944 -82.589 
25.990 -420.860 -82.597 
25.972 -420.765 -82.605 
25.951 -420.660 -82.615 
25.934 -420.575 -82.622 
25.912 -420.464 -82.633 
25.886 -420.340 -82.644 
25.860 -420.217 -82.656 
25.836 -420.105 -82.667 
25.808 -419.979 -82.680 
25.790 -419.899 -82.688 
25.765 -419.790 -82.700 
25.741 -419.687 -82.710 
25.717 -419.583 -82.722 
25.685 -419.450 -82.736 
25.661 -419.352 -82.747 
25.633 -419.238 -82.760 
25.607 -419.138 -82.771 
25.581 -419.037 -82.783 
25.555 -418.934 -82.795 
25.507 -418.756 -82.816 
25.477 -418.646 -82.830 
25.442 -418.522 -82.845 
25.415 -418.426 -82.857 
25.386 -418.324 -82.870 
25.353 -418.212 -82.885 
25.323 -418.111 -82.898 
25.292 -418.007 -82.912 
25.244 -417.852 -82.933 
25.206 -417.729 -82.950 
25.175 -417.631 -82.963 
25.143 -417.530 -82.977 
25.112 -417.434 -82.991 
25.078 -417.329 -83.006 
25.048 -417.238 -83.019 
25.015 -417.141 -83.033 
24.993 -417.075 -83.043 
24.961 -416.981 -83.057 
24.923 -416.870 -83.073 
24.887 -416.767 -83.089 
24.857 -416.681 -83.102 
24.806 -416.541 -83.123 
24.761 -416.415 -83.143 
24.725 -416.318 -83.158 
24.690 -416.226 -83.173 
24.659 -416.142 -83.186 
24.623 -416.048 -83.201 
24.589 -415.958 -83.216 
24.542 -415.839 -83.236 
24.488 -415.702 -83.259 
24.462 -415.636 -83.270 
24.416 -415.522 -83.290 
24.379 -415.431 -83.306 
24.328 -415.306 -83.328 
24.289 -415.211 -83.345 
24.255 -415.130 -83.360 
24.213 -415.031 -83.378 
24.178 -414.949 -83.393 
24.134 -414.848 -83.412 
24.100 -414.769 -83.426 
24.054 -414.665 -83.446 
24.008 -414.561 -83.466 
23.966 -414.468 -83.484 
23.930 -414.389 -83.499 
23.892 -414.306 -83.515 
23.838 -414.188 -83.538 
23.783 -414.071 -83.562 
23.737 -413.974 -83.581 
23.715 -413.928 -83.591 
23.683 -413.861 -83.604 
23.627 -413.744 -83.628 
23.601 -413.692 -83.639 
23.550 -413.589 -83.661 
23.514 -413.517 -83.676 
23.466 -413.423 -83.696 
23.430 -413.352 -83.711 
23.380 -413.254 -83.732 
23.338 -413.173 -83.750 
23.275 -413.053 -83.777 
23.227 -412.962 -83.797 
23.173 -412.860 -83.820 
23.118 -412.758 -83.843 
23.069 -412.668 -83.863 
23.034 -412.603 -83.878 
23.002 -412.546 -83.892 
22.953 -412.458 -83.913 
22.903 -412.367 -83.934 
22.851 -412.275 -83.956 
22.804 -412.193 -83.976 
22.733 -412.069 -84.006 
22.678 -411.975 -84.030 
22.618 -411.872 -84.055 
22.582 -411.812 -84.071 
22.526 -411.718 -84.095 
22.468 -411.620 -84.120 
22.412 -411.529 -84.144 
22.375 -411.468 -84.160 
22.344 -411.418 -84.173 
22.295 -411.339 -84.194 
22.243 -411.254 -84.216 
22.199 -411.185 -84.235 
22.148 -411.104 -84.257 
22.086 -411.008 -84.283 
22.023 -410.909 -84.310 
21.952 -410.800 -84.340 
21.905 -410.730 -84.360 
21.844 -410.638 -84.386 
21.780 -410.542 -84.413 
21.724 -410.459 -84.437 
21.656 -410.359 -84.466 
21.603 -410.283 -84.489 
21.524 -410.169 -84.523 
21.485 -410.113 -84.539 
21.429 -410.034 -84.563 
21.339 -409.908 -84.601 
21.276 -409.821 -84.628 
21.215 -409.738 -84.654 
21.163 -409.667 -84.676 
21.095 -409.576 -84.704 
21.048 -409.513 -84.724 
20.996 -409.444 -84.746 
20.943 -409.374 -84.769 
20.880 -409.290 -84.796 
20.808 -409.197 -84.826 
20.748 -409.120 -84.851 
20.704 -409.063 -84.870 
20.630 -408.969 -84.901 
20.565 -408.887 -84.929 
20.514 -408.823 -84.951 
20.437 -408.727 -84.983 
20.380 -408.657 -85.007 
20.343 -408.612 -85.023 
20.259 -408.510 -85.059 
20.203 -408.443 -85.082 
20.111 -408.333 -85.121 
20.035 -408.243 -85.153 
19.988 -408.188 -85.173 
19.949 -408.142 -85.190 
19.873 -408.054 -85.222 
19.819 -407.992 -85.245 
19.742 -407.906 -85.277 
19.681 -407.836 -85.303 
19.621 -407.769 -85.328 
19.559 -407.701 -85.354 
19.496 -407.631 -85.381 
19.450 -407.580 -85.401 
19.406 -407.533 -85.419 
19.343 -407.465 -85.446 
19.301 -407.419 -85.464 
19.223 -407.336 -85.497 
19.158 -407.268 -85.524 
19.083 -407.189 -85.556 
18.993 -407.096 -85.594 
18.910 -407.011 -85.629 
18.837 -406.937 -85.660 
18.758 -406.857 -85.693 
18.703 -406.802 -85.716 
18.626 -406.726 -85.749 
18.580 -406.680 -85.769 
18.519 -406.621 -85.794 
18.475 -406.578 -85.813 
18.384 -406.490 -85.851 
18.344 -406.452 -85.868 
18.285 -406.395 -85.893 
18.189 -406.305 -85.934 
18.114 -406.235 -85.965 
18.014 -406.143 -86.007 
17.952 -406.087 -86.033 
17.903 -406.042 -86.054 
17.859 -406.002 -86.072 
17.808 -405.957 -86.094 
17.718 -405.876 -86.132 
17.642 -405.809 -86.163 
17.559 -405.736 -86.198 
17.476 -405.664 -86.233 
17.387 -405.587 -86.271 
17.325 -405.534 -86.297 
17.266 -405.484 -86.322 
17.202 -405.430 -86.349 
17.119 -405.361 -86.384 
17.049 -405.303 -86.413 
16.970 -405.238 -86.447 
16.926 -405.202 -86.465 
16.832 -405.126 -86.505 
16.768 -405.075 -86.532 
16.679 -405.004 -86.569 
16.542 -404.896 -86.627 
16.471 -404.842 -86.657 
16.380 -404.771 -86.695 
16.296 -404.707 -86.731 
16.194 -404.631 -86.773 
16.111 -404.569 -86.808 
16.018 -404.501 -86.847 
15.920 -404.429 -86.888 
15.861 -404.387 -86.913 
15.786 -404.333 -86.944 
15.715 -404.282 -86.974 
15.588 -404.192 -87.027 
15.506 -404.135 -87.062 
15.404 -404.064 -87.105 
15.343 -404.022 -87.130 
15.274 -403.975 -87.160 
15.218 -403.937 -87.183 
15.100 -403.858 -87.233 
15.005 -403.795 -87.273 
14.901 -403.727 -87.316 
14.851 -403.694 -87.338 
14.765 -403.639 -87.374 
14.685 -403.589 -87.407 
14.602 -403.535 -87.443 
14.476 -403.457 -87.495 
14.416 -403.419 -87.521 
14.312 -403.355 -87.564 
14.249 -403.317 -87.591 
14.162 -403.264 -87.628 
14.088 -403.220 -87.658 
14.001 -403.168 -87.695 
13.932 -403.128 -87.724 
13.830 -403.068 -87.767 
13.742 -403.017 -87.804 
13.650 -402.964 -87.842 
13.565 -402.916 -87.878 
13.488 -402.873 -87.910 
13.422 -402.836 -87.938 
13.343 -402.793 -87.971 
13.272 -402.753 -88.001 
13.213 -402.721 -88.025 
13.158 -402.692 -88.048 
13.101 -402.661 -88.072 
13.014 -402.614 -88.109 
12.875 -402.541 -88.167 
12.777 -402.490 -88.208 
12.662 -402.431 -88.256 
12.566 -402.383 -88.296 
12.459 -402.329 -88.341 
12.345 -402.273 -88.388 
12.284 -402.243 -88.414 
12.198 -402.202 -88.450 
12.092 -402.151 -88.494 
12.014 -402.114 -88.526 
11.922 -402.071 -88.565 
11.821 -402.024 -88.607 
11.739 -401.986 -88.641 
11.608 -401.927 -88.696 
11.509 -401.883 -88.737 
11.413 -401.840 -88.777 
11.303 -401.792 -88.823 
11.240 -401.765 -88.849 
11.144 -401.724 -88.889 
11.034 -401.677 -88.935 
10.966 -401.648 -88.964 
10.836 -401.595 -89.018 
10.745 -401.558 -89.056 
10.597 -401.498 -89.118 
10.507 -401.462 -89.155 
10.433 -401.433 -89.186 
10.345 -401.399 -89.223 
10.240 -401.359 -89.267 
10.151 -401.325 -89.304 
10.083 -401.300 -89.332 
