26.393 -423.624 -82.404 
26.385 -423.553 -82.407 
26.374 -423.438 -82.413 
26.360 -423.310 -82.420 
26.349 -423.214 -82.426 
26.340 -423.134 -82.430 
26.329 -423.039 -82.436 
26.319 -422.949 -82.441 
26.307 -422.856 -82.447 
26.299 -422.793 -82.450 
26.278 -422.628 -82.461 
26.266 -422.539 -82.467 
26.249 -422.411 -82.475 
26.237 -422.331 -82.481 
26.224 -422.235 -82.487 
26.213 -422.160 -82.492 
26.198 -422.064 -82.499 
26.179 -421.937 -82.509 
26.158 -421.805 -82.518 
26.141 -421.697 -82.527 
26.128 -421.618 -82.533 
26.114 -421.537 -82.540 
26.095 -421.421 -82.549 
26.082 -421.349 -82.555 
26.064 -421.246 -82.564 
26.044 -421.134 -82.573 
26.027 -421.041 -82.581 
26.007 -420.931 -82.591 
25.983 -420.805 -82.603 
25.967 -420.720 -82.610 
25.936 -420.565 -82.625 
25.915 -420.461 -82.635 
25.896 -420.370 -82.644 
25.881 -420.298 -82.651 
25.864 -420.214 -82.660 
25.847 -420.134 -82.668 
25.828 -420.048 -82.677 
25.809 -419.962 -82.686 
25.788 -419.869 -82.696 
25.762 -419.756 -82.709 
25.736 -419.644 -82.721 
25.703 -419.503 -82.737 
25.687 -419.437 -82.745 
25.668 -419.358 -82.754 
25.641 -419.251 -82.767 
25.621 -419.170 -82.777 
25.599 -419.084 -82.787 
25.571 -418.975 -82.800 
25.559 -418.930 -82.806 
25.531 -418.820 -82.820 
25.491 -418.671 -82.839 
25.466 -418.583 -82.850 
25.435 -418.472 -82.865 
25.402 -418.353 -82.880 
25.370 -418.243 -82.895 
25.345 -418.156 -82.907 
25.319 -418.069 -82.919 
25.287 -417.965 -82.933 
25.250 -417.843 -82.950 
25.226 -417.765 -82.961 
25.193 -417.658 -82.977 
25.162 -417.561 -82.991 
25.140 -417.494 -83.000 
25.100 -417.371 -83.019 
25.066 -417.265 -83.034 
25.037 -417.178 -83.047 
25.003 -417.076 -83.063 
24.976 -416.998 -83.075 
24.943 -416.900 -83.090 
24.907 -416.795 -83.107 
24.875 -416.706 -83.121 
24.828 -416.573 -83.143 
24.801 -416.497 -83.155 
24.764 -416.393 -83.172 
24.707 -416.238 -83.198 
24.668 -416.134 -83.215 
24.624 -416.017 -83.235 
24.585 -415.913 -83.253 
24.552 -415.828 -83.267 
24.501 -415.698 -83.290 
24.465 -415.605 -83.306 
24.428 -415.512 -83.323 
24.392 -415.422 -83.339 
24.347 -415.311 -83.359 
24.304 -415.205 -83.379 
24.249 -415.073 -83.403 
24.203 -414.964 -83.424 
24.161 -414.866 -83.442 
24.108 -414.742 -83.466 
24.051 -414.612 -83.491 
24.007 -414.513 -83.511 
23.984 -414.461 -83.521 
23.931 -414.343 -83.545 
23.879 -414.227 -83.568 
23.838 -414.140 -83.586 
23.802 -414.063 -83.602 
23.748 -413.948 -83.626 
23.713 -413.875 -83.641 
23.665 -413.775 -83.663 
23.621 -413.682 -83.683 
23.574 -413.587 -83.703 
23.524 -413.486 -83.725 
23.469 -413.376 -83.750 
23.439 -413.317 -83.763 
23.391 -413.221 -83.785 
23.351 -413.143 -83.802 
23.297 -413.040 -83.826 
23.249 -412.948 -83.848 
23.200 -412.854 -83.870 
23.169 -412.796 -83.884 
23.120 -412.705 -83.905 
23.097 -412.662 -83.915 
23.033 -412.544 -83.944 
22.990 -412.465 -83.963 
22.943 -412.381 -83.984 
22.901 -412.305 -84.003 
22.859 -412.230 -84.022 
22.813 -412.150 -84.042 
22.776 -412.085 -84.059 
22.736 -412.016 -84.076 
22.681 -411.920 -84.101 
22.640 -411.850 -84.119 
22.588 -411.761 -84.142 
22.529 -411.663 -84.168 
22.460 -411.548 -84.199 
22.400 -411.450 -84.225 
22.338 -411.348 -84.253 
22.294 -411.278 -84.272 
22.224 -411.165 -84.304 
22.148 -411.045 -84.337 
22.121 -411.002 -84.349 
22.077 -410.934 -84.369 
22.003 -410.820 -84.402 
21.942 -410.726 -84.429 
21.893 -410.650 -84.451 
21.835 -410.564 -84.477 
21.770 -410.466 -84.506 
21.718 -410.389 -84.529 
21.666 -410.314 -84.551 
21.617 -410.241 -84.574 
21.565 -410.167 -84.596 
21.523 -410.106 -84.615 
21.462 -410.020 -84.642 
21.398 -409.930 -84.671 
21.309 -409.806 -84.710 
21.254 -409.730 -84.735 
21.181 -409.630 -84.767 
21.123 -409.552 -84.792 
21.046 -409.449 -84.826 
20.984 -409.366 -84.854 
20.935 -409.302 -84.875 
20.887 -409.239 -84.896 
20.832 -409.167 -84.920 
20.793 -409.117 -84.938 
20.729 -409.034 -84.966 
20.664 -408.952 -84.994 
20.598 -408.868 -85.023 
20.540 -408.796 -85.049 
20.448 -408.682 -85.089 
20.375 -408.592 -85.121 
20.310 -408.513 -85.150 
20.258 -408.451 -85.173 
20.196 -408.377 -85.200 
20.125 -408.293 -85.232 
20.050 -408.204 -85.265 
20.004 -408.151 -85.285 
19.919 -408.052 -85.322 
19.851 -407.974 -85.353 
19.782 -407.896 -85.383 
19.728 -407.835 -85.407 
19.657 -407.756 -85.438 
19.608 -407.701 -85.460 
19.548 -407.635 -85.486 
19.475 -407.556 -85.518 
19.413 -407.489 -85.545 
19.324 -407.393 -85.584 
19.256 -407.321 -85.614 
19.183 -407.244 -85.646 
19.139 -407.198 -85.665 
19.052 -407.108 -85.704 
19.000 -407.055 -85.726 
18.944 -406.998 -85.751 
18.884 -406.938 -85.777 
18.794 -406.848 -85.816 
18.696 -406.751 -85.859 
18.641 -406.696 -85.883 
18.601 -406.657 -85.900 
18.527 -406.586 -85.932 
18.447 -406.509 -85.967 
18.368 -406.434 -86.001 
18.270 -406.341 -86.044 
18.195 -406.271 -86.076 
18.134 -406.215 -86.103 
18.054 -406.142 -86.137 
17.976 -406.071 -86.171 
17.932 -406.031 -86.190 
17.870 -405.976 -86.217 
17.763 -405.881 -86.263 
17.662 -405.792 -86.307 
17.603 -405.741 -86.333 
17.548 -405.693 -86.356 
17.480 -405.635 -86.386 
17.373 -405.544 -86.432 
17.281 -405.466 -86.472 
17.198 -405.397 -86.507 
17.131 -405.342 -86.536 
17.076 -405.297 -86.560 
16.967 -405.209 -86.607 
16.883 -405.140 -86.643 
16.773 -405.053 -86.691 
16.662 -404.966 -86.738 
16.579 -404.901 -86.774 
16.488 -404.831 -86.813 
16.363 -404.736 -86.867 
16.263 -404.661 -86.910 
16.171 -404.592 -86.950 
16.125 -404.558 -86.970 
16.010 -404.474 -87.019 
15.938 -404.422 -87.050 
15.869 -404.373 -87.080 
15.802 -404.325 -87.108 
15.740 -404.281 -87.135 
15.666 -404.228 -87.167 
15.593 -404.177 -87.198 
15.469 -404.091 -87.252 
15.391 -404.038 -87.286 
15.297 -403.975 -87.326 
15.178 -403.896 -87.377 
15.092 -403.839 -87.414 
15.026 -403.795 -87.443 
14.942 -403.742 -87.478 
14.864 -403.692 -87.512 
14.793 -403.646 -87.543 
14.692 -403.582 -87.586 
14.556 -403.497 -87.644 
14.447 -403.430 -87.691 
14.379 -403.389 -87.720 
14.291 -403.335 -87.758 
14.219 -403.293 -87.789 
14.116 -403.232 -87.834 
14.036 -403.184 -87.868 
13.954 -403.137 -87.904 
13.864 -403.084 -87.943 
13.801 -403.049 -87.970 
13.688 -402.984 -88.019 
13.584 -402.926 -88.064 
13.523 -402.892 -88.090 
13.378 -402.811 -88.153 
13.304 -402.771 -88.185 
13.188 -402.708 -88.235 
13.070 -402.645 -88.286 
13.002 -402.609 -88.315 
12.954 -402.584 -88.336 
12.867 -402.539 -88.373 
12.758 -402.483 -88.420 
12.667 -402.437 -88.460 
12.515 -402.360 -88.525 
12.446 -402.326 -88.555 
12.374 -402.291 -88.586 
12.306 -402.257 -88.616 
12.227 -402.220 -88.650 
12.100 -402.159 -88.705 
12.022 -402.122 -88.739 
11.931 -402.080 -88.778 
11.832 -402.034 -88.820 
11.770 -402.006 -88.847 
11.675 -401.963 -88.889 
11.567 -401.915 -88.935 
11.499 -401.885 -88.964 
11.407 -401.845 -89.004 
11.325 -401.809 -89.040 
11.235 -401.770 -89.079 
11.134 -401.728 -89.122 
11.014 -401.677 -89.174 
10.935 -401.645 -89.208 
10.856 -401.613 -89.243 
10.793 -401.588 -89.270 
10.717 -401.558 -89.303 
10.672 -401.539 -89.322 
10.586 -401.505 -89.360 
10.517 -401.478 -89.390 
10.463 -401.458 -89.413 
10.360 -401.418 -89.457 
10.277 -401.387 -89.493 
10.201 -401.359 -89.526 
10.108 -401.324 -89.566 
10.001 -401.286 -89.612 
9.924 -401.258 -89.646 
9.832 -401.225 -89.685 
9.763 -401.201 -89.715 
9.626 -401.153 -89.774 
9.524 -401.118 -89.817 
