26.392 -423.613 -82.404 
26.377 -423.476 -82.411 
26.368 -423.389 -82.416 
26.357 -423.287 -82.422 
26.350 -423.223 -82.425 
26.332 -423.064 -82.434 
26.319 -422.955 -82.441 
26.302 -422.816 -82.449 
26.283 -422.667 -82.458 
26.270 -422.568 -82.465 
26.253 -422.443 -82.473 
26.243 -422.370 -82.477 
26.227 -422.264 -82.485 
26.215 -422.179 -82.490 
26.199 -422.072 -82.498 
26.186 -421.987 -82.504 
26.171 -421.887 -82.511 
26.155 -421.788 -82.518 
26.138 -421.685 -82.526 
26.121 -421.579 -82.534 
26.095 -421.430 -82.546 
26.075 -421.314 -82.556 
26.056 -421.207 -82.564 
26.035 -421.091 -82.574 
26.017 -420.995 -82.582 
25.994 -420.875 -82.593 
25.978 -420.793 -82.600 
25.954 -420.669 -82.611 
25.934 -420.571 -82.620 
25.919 -420.495 -82.627 
25.897 -420.386 -82.637 
25.870 -420.261 -82.649 
25.845 -420.142 -82.661 
25.820 -420.028 -82.672 
25.797 -419.926 -82.682 
25.778 -419.841 -82.691 
25.759 -419.756 -82.700 
25.741 -419.679 -82.708 
25.720 -419.590 -82.717 
25.691 -419.471 -82.730 
25.675 -419.404 -82.738 
25.646 -419.286 -82.751 
25.624 -419.198 -82.760 
25.598 -419.098 -82.772 
25.571 -418.994 -82.784 
25.545 -418.895 -82.795 
25.508 -418.754 -82.812 
25.485 -418.668 -82.823 
25.456 -418.561 -82.836 
25.418 -418.427 -82.853 
25.396 -418.348 -82.863 
25.359 -418.221 -82.880 
25.344 -418.168 -82.887 
25.313 -418.063 -82.901 
25.283 -417.963 -82.914 
25.259 -417.883 -82.925 
25.232 -417.793 -82.937 
25.211 -417.726 -82.947 
25.164 -417.577 -82.968 
25.135 -417.484 -82.981 
25.096 -417.365 -82.998 
25.058 -417.247 -83.015 
25.030 -417.161 -83.028 
24.989 -417.039 -83.046 
24.960 -416.953 -83.059 
24.931 -416.870 -83.072 
24.883 -416.731 -83.093 
24.854 -416.647 -83.107 
24.814 -416.534 -83.124 
24.766 -416.402 -83.146 
24.741 -416.331 -83.157 
24.711 -416.250 -83.170 
24.663 -416.121 -83.191 
24.610 -415.979 -83.215 
24.587 -415.919 -83.225 
24.557 -415.841 -83.238 
24.527 -415.763 -83.252 
24.502 -415.699 -83.263 
24.477 -415.637 -83.274 
24.427 -415.511 -83.296 
24.397 -415.436 -83.309 
24.353 -415.328 -83.329 
24.313 -415.230 -83.346 
24.279 -415.148 -83.361 
24.245 -415.065 -83.377 
24.212 -414.986 -83.391 
24.172 -414.891 -83.409 
24.125 -414.782 -83.430 
24.088 -414.696 -83.446 
24.057 -414.625 -83.460 
24.010 -414.519 -83.481 
23.975 -414.441 -83.497 
23.946 -414.377 -83.509 
23.902 -414.279 -83.529 
23.858 -414.184 -83.548 
23.803 -414.063 -83.573 
23.760 -413.971 -83.593 
23.728 -413.904 -83.607 
23.693 -413.830 -83.622 
23.651 -413.741 -83.641 
23.618 -413.673 -83.656 
23.581 -413.597 -83.673 
23.543 -413.520 -83.690 
23.501 -413.435 -83.709 
23.475 -413.383 -83.720 
23.419 -413.273 -83.745 
23.385 -413.205 -83.761 
23.346 -413.129 -83.778 
23.287 -413.016 -83.804 
23.249 -412.942 -83.822 
23.189 -412.829 -83.849 
23.152 -412.760 -83.865 
23.115 -412.690 -83.882 
23.062 -412.593 -83.905 
23.000 -412.479 -83.933 
22.937 -412.365 -83.961 
22.903 -412.304 -83.976 
22.846 -412.202 -84.002 
22.810 -412.139 -84.018 
22.743 -412.022 -84.047 
22.686 -411.923 -84.073 
22.620 -411.811 -84.102 
22.538 -411.672 -84.139 
22.481 -411.578 -84.164 
22.452 -411.529 -84.177 
22.408 -411.457 -84.196 
22.356 -411.372 -84.220 
22.309 -411.296 -84.240 
22.248 -411.198 -84.268 
22.188 -411.103 -84.294 
22.163 -411.063 -84.305 
22.087 -410.944 -84.339 
22.010 -410.825 -84.373 
21.972 -410.767 -84.390 
21.910 -410.673 -84.418 
21.848 -410.579 -84.445 
21.797 -410.503 -84.468 
21.741 -410.420 -84.493 
21.667 -410.311 -84.525 
21.616 -410.237 -84.548 
21.546 -410.137 -84.579 
21.490 -410.056 -84.604 
21.437 -409.981 -84.627 
21.369 -409.886 -84.657 
21.286 -409.770 -84.693 
21.230 -409.694 -84.718 
21.173 -409.615 -84.743 
21.100 -409.517 -84.775 
21.024 -409.414 -84.809 
20.963 -409.334 -84.836 
20.900 -409.250 -84.864 
20.838 -409.170 -84.892 
20.783 -409.099 -84.916 
20.730 -409.031 -84.939 
20.637 -408.913 -84.981 
20.591 -408.854 -85.002 
20.542 -408.793 -85.023 
20.491 -408.729 -85.046 
20.397 -408.614 -85.088 
20.311 -408.510 -85.126 
20.251 -408.437 -85.152 
20.189 -408.362 -85.180 
20.155 -408.323 -85.195 
20.110 -408.269 -85.215 
20.055 -408.205 -85.239 
19.979 -408.117 -85.272 
19.895 -408.019 -85.310 
19.797 -407.908 -85.353 
19.733 -407.836 -85.381 
19.670 -407.765 -85.409 
19.586 -407.672 -85.446 
19.522 -407.602 -85.474 
19.461 -407.536 -85.501 
19.364 -407.431 -85.544 
19.303 -407.366 -85.571 
19.232 -407.291 -85.603 
19.181 -407.237 -85.625 
19.109 -407.161 -85.657 
19.019 -407.069 -85.697 
18.944 -406.992 -85.730 
18.866 -406.914 -85.764 
18.781 -406.828 -85.802 
18.734 -406.782 -85.822 
18.669 -406.717 -85.851 
18.601 -406.651 -85.881 
18.545 -406.596 -85.906 
18.466 -406.520 -85.941 
18.345 -406.405 -85.995 
18.285 -406.349 -86.022 
18.229 -406.296 -86.047 
18.178 -406.249 -86.069 
18.121 -406.195 -86.095 
18.048 -406.129 -86.127 
17.975 -406.062 -86.160 
17.909 -406.003 -86.189 
17.808 -405.912 -86.234 
17.706 -405.822 -86.280 
17.641 -405.765 -86.309 
17.585 -405.716 -86.334 
17.473 -405.620 -86.384 
17.417 -405.572 -86.409 
17.344 -405.510 -86.441 
17.265 -405.443 -86.477 
17.204 -405.393 -86.504 
17.115 -405.319 -86.543 
17.022 -405.243 -86.585 
16.968 -405.199 -86.609 
16.920 -405.159 -86.631 
16.856 -405.108 -86.659 
16.770 -405.039 -86.698 
16.671 -404.962 -86.741 
16.577 -404.889 -86.783 
16.508 -404.835 -86.814 
16.443 -404.785 -86.843 
16.359 -404.722 -86.881 
16.313 -404.687 -86.901 
16.224 -404.621 -86.940 
16.166 -404.578 -86.966 
16.093 -404.524 -86.998 
16.033 -404.480 -87.025 
15.938 -404.411 -87.067 
15.868 -404.361 -87.098 
15.752 -404.278 -87.149 
15.648 -404.206 -87.195 
15.581 -404.159 -87.225 
15.498 -404.102 -87.261 
15.393 -404.031 -87.307 
15.320 -403.981 -87.340 
15.234 -403.923 -87.378 
15.147 -403.865 -87.416 
15.075 -403.819 -87.448 
14.986 -403.760 -87.487 
14.929 -403.724 -87.512 
14.851 -403.673 -87.546 
14.784 -403.630 -87.576 
14.680 -403.564 -87.622 
14.612 -403.522 -87.652 
14.497 -403.451 -87.703 
14.417 -403.402 -87.738 
14.334 -403.352 -87.775 
14.280 -403.320 -87.799 
14.219 -403.283 -87.826 
14.137 -403.234 -87.863 
14.062 -403.190 -87.896 
13.970 -403.136 -87.936 
13.910 -403.101 -87.963 
13.807 -403.042 -88.009 
13.733 -403.000 -88.042 
13.672 -402.965 -88.070 
13.594 -402.921 -88.104 
13.460 -402.847 -88.163 
13.385 -402.806 -88.197 
13.321 -402.771 -88.225 
13.222 -402.718 -88.269 
13.127 -402.667 -88.311 
13.019 -402.610 -88.360 
12.945 -402.571 -88.392 
12.859 -402.526 -88.431 
12.805 -402.499 -88.455 
12.738 -402.464 -88.484 
12.631 -402.410 -88.532 
12.551 -402.370 -88.568 
12.464 -402.327 -88.606 
12.377 -402.284 -88.645 
12.312 -402.253 -88.674 
12.210 -402.204 -88.719 
12.148 -402.175 -88.747 
12.087 -402.146 -88.774 
12.004 -402.107 -88.811 
11.931 -402.074 -88.843 
11.846 -402.035 -88.881 
11.779 -402.004 -88.911 
11.712 -401.974 -88.941 
11.638 -401.941 -88.974 
11.524 -401.890 -89.024 
11.445 -401.856 -89.059 
11.358 -401.818 -89.098 
11.270 -401.781 -89.138 
11.160 -401.734 -89.187 
11.054 -401.690 -89.234 
10.948 -401.647 -89.281 
10.895 -401.625 -89.304 
10.759 -401.571 -89.365 
10.674 -401.537 -89.403 
10.580 -401.500 -89.444 
10.494 -401.467 -89.482 
10.431 -401.443 -89.510 
10.348 -401.411 -89.547 
10.271 -401.383 -89.581 
10.190 -401.353 -89.617 
10.092 -401.317 -89.660 
9.998 -401.283 -89.702 
9.911 -401.252 -89.740 
9.828 -401.223 -89.777 
9.742 -401.193 -89.815 
9.640 -401.158 -89.860 
9.554 -401.129 -89.898 
9.437 -401.090 -89.950 
9.358 -401.063 -89.985 
