24.700 -458.372 -70.112 
24.699 -458.278 -70.112 
24.698 -458.168 -70.113 
24.696 -458.055 -70.113 
24.694 -457.937 -70.114 
24.692 -457.852 -70.115 
24.690 -457.746 -70.116 
24.687 -457.651 -70.117 
24.683 -457.523 -70.119 
24.678 -457.409 -70.120 
24.675 -457.329 -70.122 
24.670 -457.220 -70.123 
24.663 -457.075 -70.126 
24.657 -456.968 -70.128 
24.651 -456.848 -70.131 
24.641 -456.700 -70.135 
24.635 -456.605 -70.137 
24.625 -456.463 -70.141 
24.614 -456.316 -70.145 
24.602 -456.174 -70.150 
24.591 -456.049 -70.154 
24.577 -455.893 -70.159 
24.565 -455.766 -70.164 
24.552 -455.639 -70.169 
24.535 -455.478 -70.175 
24.524 -455.378 -70.179 
24.512 -455.272 -70.184 
24.498 -455.150 -70.189 
24.479 -454.998 -70.197 
24.472 -454.942 -70.199 
24.464 -454.884 -70.202 
24.452 -454.790 -70.207 
24.434 -454.656 -70.214 
24.415 -454.522 -70.222 
24.401 -454.428 -70.227 
24.389 -454.344 -70.232 
24.372 -454.237 -70.238 
24.358 -454.146 -70.244 
24.338 -454.020 -70.252 
24.329 -453.967 -70.256 
24.314 -453.872 -70.262 
24.292 -453.748 -70.270 
24.269 -453.612 -70.280 
24.247 -453.491 -70.288 
24.225 -453.375 -70.297 
24.208 -453.282 -70.304 
24.193 -453.206 -70.310 
24.178 -453.127 -70.316 
24.154 -453.008 -70.325 
24.135 -452.915 -70.333 
24.118 -452.831 -70.340 
24.098 -452.734 -70.348 
24.078 -452.639 -70.356 
24.058 -452.549 -70.363 
24.030 -452.423 -70.374 
24.006 -452.313 -70.384 
23.976 -452.182 -70.396 
23.954 -452.090 -70.404 
23.932 -451.996 -70.413 
23.907 -451.890 -70.423 
23.884 -451.795 -70.432 
23.856 -451.686 -70.443 
23.831 -451.587 -70.452 
23.805 -451.486 -70.463 
23.774 -451.364 -70.475 
23.746 -451.259 -70.486 
23.729 -451.195 -70.493 
23.701 -451.091 -70.504 
23.671 -450.985 -70.515 
23.653 -450.919 -70.522 
23.627 -450.828 -70.532 
23.607 -450.756 -70.540 
23.576 -450.649 -70.552 
23.537 -450.518 -70.567 
23.511 -450.429 -70.577 
23.479 -450.324 -70.590 
23.447 -450.221 -70.602 
23.414 -450.113 -70.615 
23.381 -450.010 -70.628 
23.347 -449.905 -70.642 
23.317 -449.811 -70.654 
23.279 -449.694 -70.669 
23.246 -449.595 -70.682 
23.211 -449.493 -70.696 
23.175 -449.387 -70.710 
23.143 -449.292 -70.723 
23.105 -449.185 -70.738 
23.071 -449.089 -70.751 
23.038 -448.995 -70.764 
23.012 -448.924 -70.775 
22.973 -448.815 -70.790 
22.934 -448.711 -70.806 
22.910 -448.647 -70.815 
22.879 -448.563 -70.827 
22.845 -448.473 -70.841 
22.798 -448.349 -70.860 
22.770 -448.278 -70.871 
22.731 -448.177 -70.887 
22.687 -448.066 -70.904 
22.650 -447.973 -70.919 
22.608 -447.869 -70.936 
22.575 -447.787 -70.949 
22.519 -447.650 -70.971 
22.486 -447.573 -70.984 
22.448 -447.482 -70.999 
22.392 -447.347 -71.022 
22.358 -447.269 -71.035 
22.320 -447.179 -71.051 
22.289 -447.109 -71.063 
22.238 -446.990 -71.083 
22.195 -446.894 -71.100 
22.154 -446.800 -71.117 
22.097 -446.673 -71.140 
22.054 -446.577 -71.157 
22.003 -446.465 -71.177 
21.975 -446.404 -71.189 
21.926 -446.299 -71.208 
21.875 -446.189 -71.229 
21.816 -446.066 -71.252 
21.778 -445.985 -71.267 
21.725 -445.876 -71.288 
21.687 -445.797 -71.304 
21.633 -445.688 -71.325 
21.590 -445.601 -71.342 
21.539 -445.498 -71.363 
21.494 -445.409 -71.380 
21.446 -445.315 -71.400 
21.392 -445.209 -71.421 
21.349 -445.127 -71.438 
21.315 -445.062 -71.452 
21.282 -444.998 -71.465 
21.246 -444.930 -71.479 
21.188 -444.820 -71.502 
21.136 -444.724 -71.523 
21.080 -444.622 -71.545 
21.030 -444.529 -71.565 
20.978 -444.436 -71.586 
20.937 -444.362 -71.602 
20.897 -444.290 -71.618 
20.849 -444.205 -71.637 
20.809 -444.132 -71.653 
20.765 -444.054 -71.671 
20.723 -443.982 -71.687 
20.655 -443.863 -71.714 
20.608 -443.781 -71.733 
20.556 -443.692 -71.754 
20.486 -443.570 -71.782 
20.436 -443.485 -71.802 
20.387 -443.403 -71.821 
20.338 -443.319 -71.840 
20.294 -443.245 -71.858 
20.246 -443.165 -71.877 
20.179 -443.054 -71.903 
20.150 -443.006 -71.914 
20.067 -442.869 -71.947 
20.016 -442.785 -71.967 
19.965 -442.704 -71.987 
19.923 -442.635 -72.003 
19.892 -442.585 -72.016 
19.817 -442.464 -72.045 
19.751 -442.359 -72.071 
19.717 -442.305 -72.084 
19.661 -442.216 -72.106 
19.584 -442.095 -72.136 
19.520 -441.996 -72.160 
19.453 -441.891 -72.187 
19.396 -441.804 -72.209 
19.350 -441.733 -72.227 
19.311 -441.673 -72.242 
19.248 -441.577 -72.266 
19.179 -441.473 -72.293 
19.141 -441.416 -72.308 
19.055 -441.288 -72.341 
19.014 -441.228 -72.356 
18.961 -441.150 -72.376 
18.887 -441.041 -72.405 
18.828 -440.956 -72.427 
18.752 -440.846 -72.456 
18.694 -440.762 -72.478 
18.621 -440.657 -72.506 
18.553 -440.561 -72.532 
18.489 -440.471 -72.556 
18.431 -440.389 -72.578 
18.343 -440.266 -72.612 
18.276 -440.173 -72.637 
18.188 -440.051 -72.670 
18.119 -439.958 -72.696 
18.043 -439.854 -72.725 
17.985 -439.776 -72.746 
17.922 -439.691 -72.770 
17.879 -439.634 -72.786 
17.843 -439.586 -72.800 
17.784 -439.507 -72.822 
17.731 -439.437 -72.842 
17.656 -439.338 -72.870 
17.600 -439.265 -72.891 
17.561 -439.215 -72.905 
17.488 -439.120 -72.932 
17.442 -439.060 -72.950 
17.371 -438.969 -72.976 
17.308 -438.888 -73.000 
17.247 -438.810 -73.023 
17.164 -438.705 -73.054 
17.111 -438.638 -73.074 
17.051 -438.563 -73.096 
16.999 -438.497 -73.115 
16.940 -438.425 -73.137 
16.892 -438.365 -73.155 
16.824 -438.279 -73.180 
16.771 -438.214 -73.200 
16.692 -438.117 -73.229 
16.637 -438.050 -73.249 
16.582 -437.982 -73.270 
16.511 -437.895 -73.296 
16.401 -437.762 -73.337 
16.342 -437.690 -73.359 
16.283 -437.618 -73.380 
16.233 -437.558 -73.398 
16.133 -437.439 -73.435 
16.026 -437.310 -73.474 
15.954 -437.225 -73.500 
15.889 -437.147 -73.524 
15.817 -437.062 -73.550 
15.727 -436.955 -73.583 
15.659 -436.875 -73.608 
15.583 -436.786 -73.636 
15.506 -436.696 -73.663 
15.429 -436.607 -73.691 
15.356 -436.523 -73.718 
15.284 -436.439 -73.744 
15.201 -436.345 -73.773 
15.146 -436.280 -73.794 
15.062 -436.185 -73.824 
15.018 -436.134 -73.840 
14.951 -436.059 -73.864 
14.853 -435.947 -73.899 
14.757 -435.839 -73.933 
14.681 -435.754 -73.960 
