24.700 -458.430 -70.112 
24.699 -458.288 -70.112 
24.698 -458.147 -70.113 
24.696 -458.050 -70.113 
24.695 -457.974 -70.114 
24.691 -457.799 -70.116 
24.689 -457.733 -70.116 
24.687 -457.659 -70.118 
24.683 -457.543 -70.119 
24.681 -457.479 -70.121 
24.677 -457.378 -70.122 
24.671 -457.236 -70.126 
24.667 -457.147 -70.128 
24.662 -457.054 -70.130 
24.655 -456.920 -70.133 
24.650 -456.843 -70.135 
24.643 -456.730 -70.139 
24.637 -456.628 -70.142 
24.631 -456.543 -70.145 
24.620 -456.393 -70.150 
24.610 -456.269 -70.154 
24.604 -456.201 -70.157 
24.598 -456.128 -70.160 
24.588 -456.013 -70.164 
24.579 -455.915 -70.168 
24.573 -455.848 -70.171 
24.561 -455.726 -70.177 
24.546 -455.576 -70.184 
24.531 -455.434 -70.191 
24.522 -455.361 -70.195 
24.509 -455.240 -70.201 
24.492 -455.099 -70.209 
24.479 -454.998 -70.215 
24.468 -454.909 -70.220 
24.453 -454.792 -70.227 
24.433 -454.644 -70.236 
24.421 -454.558 -70.242 
24.403 -454.431 -70.250 
24.391 -454.351 -70.255 
24.376 -454.250 -70.262 
24.360 -454.150 -70.269 
24.342 -454.031 -70.278 
24.330 -453.961 -70.283 
24.312 -453.849 -70.292 
24.295 -453.754 -70.299 
24.282 -453.674 -70.305 
24.268 -453.597 -70.312 
24.254 -453.520 -70.318 
24.233 -453.402 -70.327 
24.211 -453.285 -70.337 
24.196 -453.207 -70.344 
24.181 -453.134 -70.350 
24.156 -453.007 -70.361 
24.138 -452.915 -70.370 
24.115 -452.805 -70.380 
24.093 -452.698 -70.390 
24.077 -452.625 -70.396 
24.060 -452.547 -70.404 
24.030 -452.414 -70.417 
23.998 -452.271 -70.431 
23.973 -452.164 -70.442 
23.937 -452.012 -70.458 
23.901 -451.862 -70.474 
23.879 -451.773 -70.483 
23.852 -451.663 -70.495 
23.827 -451.564 -70.506 
23.806 -451.485 -70.515 
23.782 -451.391 -70.525 
23.760 -451.310 -70.535 
23.731 -451.202 -70.547 
23.706 -451.111 -70.558 
23.679 -451.011 -70.570 
23.653 -450.921 -70.581 
23.616 -450.788 -70.597 
23.597 -450.723 -70.605 
23.561 -450.600 -70.621 
23.532 -450.502 -70.633 
23.496 -450.380 -70.649 
23.469 -450.293 -70.660 
23.436 -450.185 -70.674 
23.412 -450.108 -70.685 
23.384 -450.022 -70.696 
23.351 -449.920 -70.710 
23.327 -449.843 -70.721 
23.304 -449.773 -70.731 
23.271 -449.673 -70.745 
23.241 -449.583 -70.758 
23.209 -449.490 -70.771 
23.168 -449.369 -70.788 
23.131 -449.262 -70.804 
23.107 -449.195 -70.814 
23.062 -449.067 -70.833 
23.034 -448.989 -70.845 
23.017 -448.943 -70.852 
22.974 -448.825 -70.870 
22.939 -448.729 -70.885 
22.898 -448.620 -70.902 
22.853 -448.502 -70.921 
22.807 -448.382 -70.940 
22.780 -448.311 -70.951 
22.752 -448.239 -70.963 
22.709 -448.130 -70.981 
22.648 -447.976 -71.007 
22.609 -447.880 -71.023 
22.578 -447.803 -71.036 
22.540 -447.711 -71.051 
22.502 -447.620 -71.067 
22.476 -447.557 -71.078 
22.454 -447.505 -71.087 
22.410 -447.400 -71.105 
22.371 -447.308 -71.121 
22.339 -447.233 -71.134 
22.291 -447.122 -71.154 
22.242 -447.010 -71.174 
22.215 -446.951 -71.185 
22.183 -446.877 -71.199 
22.133 -446.766 -71.219 
22.101 -446.695 -71.232 
22.050 -446.583 -71.253 
21.996 -446.467 -71.275 
21.950 -446.369 -71.294 
21.914 -446.292 -71.309 
21.884 -446.228 -71.322 
21.830 -446.117 -71.343 
21.793 -446.040 -71.359 
21.747 -445.946 -71.378 
21.708 -445.865 -71.394 
21.675 -445.798 -71.407 
21.621 -445.690 -71.430 
21.554 -445.558 -71.457 
21.505 -445.463 -71.477 
21.459 -445.373 -71.496 
21.409 -445.277 -71.516 
21.365 -445.193 -71.535 
21.293 -445.056 -71.565 
21.220 -444.920 -71.595 
21.185 -444.855 -71.609 
21.132 -444.758 -71.631 
21.080 -444.664 -71.652 
21.039 -444.589 -71.669 
20.986 -444.493 -71.691 
20.940 -444.411 -71.710 
20.884 -444.312 -71.732 
20.828 -444.214 -71.755 
20.774 -444.120 -71.777 
20.727 -444.037 -71.796 
20.677 -443.951 -71.816 
20.631 -443.872 -71.835 
20.581 -443.786 -71.856 
20.542 -443.719 -71.871 
20.495 -443.639 -71.890 
20.454 -443.570 -71.907 
20.407 -443.492 -71.926 
20.371 -443.431 -71.941 
20.339 -443.378 -71.954 
20.295 -443.304 -71.972 
20.252 -443.234 -71.989 
20.186 -443.126 -72.015 
20.116 -443.011 -72.044 
20.078 -442.949 -72.059 
20.031 -442.874 -72.078 
19.980 -442.791 -72.099 
19.912 -442.682 -72.126 
19.852 -442.588 -72.150 
19.795 -442.498 -72.173 
19.742 -442.415 -72.194 
19.677 -442.314 -72.220 
19.641 -442.257 -72.235 
19.607 -442.205 -72.248 
19.552 -442.120 -72.270 
19.496 -442.035 -72.292 
19.435 -441.942 -72.316 
19.394 -441.880 -72.333 
19.338 -441.796 -72.355 
19.287 -441.719 -72.376 
19.244 -441.655 -72.393 
19.184 -441.566 -72.417 
19.119 -441.470 -72.443 
19.045 -441.361 -72.472 
18.989 -441.278 -72.495 
18.925 -441.186 -72.520 
18.875 -441.112 -72.540 
18.808 -441.015 -72.567 
18.741 -440.919 -72.594 
18.683 -440.837 -72.617 
18.623 -440.752 -72.641 
18.579 -440.690 -72.658 
18.502 -440.581 -72.689 
18.433 -440.486 -72.716 
18.363 -440.389 -72.744 
18.305 -440.310 -72.767 
18.232 -440.209 -72.796 
18.166 -440.120 -72.822 
18.123 -440.062 -72.839 
18.074 -439.995 -72.859 
17.996 -439.891 -72.890 
17.940 -439.818 -72.912 
17.869 -439.724 -72.940 
17.820 -439.659 -72.959 
17.780 -439.606 -72.975 
17.714 -439.520 -73.001 
17.665 -439.457 -73.020 
17.602 -439.375 -73.045 
17.543 -439.299 -73.068 
17.478 -439.215 -73.094 
17.414 -439.134 -73.119 
17.348 -439.050 -73.145 
17.296 -438.984 -73.165 
17.229 -438.899 -73.191 
17.178 -438.834 -73.211 
17.110 -438.749 -73.238 
17.047 -438.671 -73.262 
17.001 -438.613 -73.280 
16.960 -438.562 -73.296 
16.904 -438.494 -73.318 
16.834 -438.408 -73.345 
16.784 -438.347 -73.364 
16.721 -438.269 -73.388 
16.645 -438.177 -73.418 
16.557 -438.070 -73.451 
16.501 -438.002 -73.473 
16.432 -437.919 -73.499 
16.343 -437.812 -73.533 
16.284 -437.741 -73.555 
16.196 -437.635 -73.589 
16.130 -437.556 -73.614 
16.080 -437.498 -73.633 
16.025 -437.433 -73.654 
15.950 -437.344 -73.682 
15.896 -437.280 -73.703 
15.791 -437.157 -73.742 
15.742 -437.099 -73.761 
15.667 -437.012 -73.789 
15.567 -436.894 -73.827 
15.502 -436.819 -73.852 
15.438 -436.746 -73.876 
15.377 -436.676 -73.898 
15.304 -436.591 -73.926 
15.238 -436.515 -73.951 
15.168 -436.436 -73.977 
15.130 -436.393 -73.991 
15.091 -436.349 -74.006 
15.027 -436.276 -74.030 
14.975 -436.218 -74.049 
14.878 -436.107 -74.085 
14.825 -436.048 -74.105 
14.748 -435.962 -74.134 
14.703 -435.911 -74.150 
14.641 -435.842 -74.173 
14.590 -435.785 -74.192 
