21.500 -475.933 -70.112 
21.500 -475.850 -70.112 
21.499 -475.713 -70.112 
21.497 -475.591 -70.113 
21.495 -475.481 -70.114 
21.493 -475.365 -70.115 
21.490 -475.238 -70.116 
21.485 -475.078 -70.118 
21.482 -474.989 -70.120 
21.478 -474.888 -70.121 
21.474 -474.780 -70.123 
21.469 -474.679 -70.125 
21.465 -474.580 -70.128 
21.461 -474.511 -70.129 
21.457 -474.440 -70.131 
21.453 -474.365 -70.133 
21.445 -474.224 -70.137 
21.437 -474.102 -70.140 
21.427 -473.958 -70.145 
21.417 -473.825 -70.149 
21.407 -473.699 -70.154 
21.400 -473.604 -70.157 
21.391 -473.501 -70.161 
21.383 -473.403 -70.165 
21.376 -473.336 -70.168 
21.366 -473.220 -70.173 
21.355 -473.106 -70.178 
21.346 -473.018 -70.182 
21.337 -472.926 -70.186 
21.320 -472.774 -70.193 
21.307 -472.657 -70.199 
21.300 -472.597 -70.202 
21.291 -472.519 -70.206 
21.275 -472.380 -70.214 
21.266 -472.312 -70.218 
21.257 -472.234 -70.222 
21.246 -472.154 -70.227 
21.232 -472.047 -70.233 
21.219 -471.949 -70.239 
21.205 -471.842 -70.245 
21.194 -471.763 -70.250 
21.178 -471.655 -70.257 
21.165 -471.561 -70.263 
21.149 -471.456 -70.270 
21.135 -471.362 -70.276 
21.124 -471.293 -70.281 
21.108 -471.193 -70.288 
21.092 -471.089 -70.295 
21.076 -470.995 -70.302 
21.060 -470.898 -70.309 
21.046 -470.814 -70.315 
21.031 -470.723 -70.322 
21.011 -470.613 -70.331 
20.992 -470.504 -70.340 
20.974 -470.406 -70.347 
20.954 -470.296 -70.357 
20.943 -470.235 -70.362 
20.935 -470.194 -70.365 
20.917 -470.098 -70.373 
20.892 -469.973 -70.384 
20.871 -469.865 -70.394 
20.848 -469.752 -70.404 
20.828 -469.652 -70.413 
20.816 -469.593 -70.418 
20.798 -469.509 -70.426 
20.784 -469.442 -70.432 
20.761 -469.331 -70.443 
20.744 -469.254 -70.451 
20.714 -469.116 -70.464 
20.687 -468.998 -70.476 
20.660 -468.880 -70.488 
20.642 -468.801 -70.496 
20.620 -468.704 -70.506 
20.587 -468.566 -70.520 
20.568 -468.488 -70.529 
20.553 -468.427 -70.535 
20.526 -468.317 -70.547 
20.512 -468.260 -70.553 
20.464 -468.069 -70.574 
20.436 -467.960 -70.586 
20.406 -467.844 -70.599 
20.378 -467.739 -70.610 
20.355 -467.653 -70.620 
20.322 -467.533 -70.634 
20.293 -467.427 -70.646 
20.268 -467.335 -70.657 
20.219 -467.162 -70.678 
20.175 -467.007 -70.696 
20.149 -466.918 -70.707 
20.124 -466.829 -70.718 
20.089 -466.713 -70.733 
20.065 -466.632 -70.743 
20.035 -466.532 -70.756 
20.015 -466.466 -70.764 
19.988 -466.375 -70.776 
19.963 -466.295 -70.786 
19.924 -466.168 -70.803 
19.904 -466.104 -70.811 
19.872 -466.003 -70.825 
19.849 -465.929 -70.835 
19.823 -465.847 -70.846 
19.782 -465.720 -70.863 
19.755 -465.636 -70.874 
19.715 -465.510 -70.891 
19.684 -465.415 -70.904 
19.664 -465.355 -70.913 
19.626 -465.242 -70.928 
19.591 -465.135 -70.943 
19.566 -465.060 -70.954 
19.543 -464.993 -70.963 
19.511 -464.898 -70.977 
19.487 -464.828 -70.987 
19.457 -464.739 -70.999 
19.436 -464.677 -71.008 
19.413 -464.609 -71.018 
19.391 -464.548 -71.027 
19.331 -464.374 -71.052 
19.298 -464.280 -71.065 
19.261 -464.174 -71.081 
19.239 -464.111 -71.090 
19.211 -464.033 -71.101 
19.189 -463.969 -71.111 
19.149 -463.859 -71.128 
19.106 -463.739 -71.145 
19.063 -463.618 -71.163 
19.029 -463.525 -71.177 
18.998 -463.437 -71.191 
18.970 -463.359 -71.202 
18.939 -463.274 -71.215 
18.905 -463.183 -71.229 
18.879 -463.112 -71.240 
18.848 -463.028 -71.252 
18.820 -462.952 -71.264 
18.774 -462.828 -71.283 
18.741 -462.739 -71.296 
18.709 -462.654 -71.309 
18.671 -462.554 -71.324 
18.646 -462.489 -71.334 
18.609 -462.390 -71.349 
18.573 -462.295 -71.363 
18.536 -462.201 -71.378 
18.508 -462.126 -71.389 
18.452 -461.982 -71.411 
18.426 -461.915 -71.421 
18.395 -461.837 -71.433 
18.355 -461.734 -71.449 
18.322 -461.650 -71.462 
18.266 -461.510 -71.484 
18.236 -461.434 -71.495 
18.211 -461.372 -71.505 
18.157 -461.235 -71.526 
18.140 -461.194 -71.533 
18.097 -461.086 -71.550 
18.064 -461.007 -71.562 
18.018 -460.892 -71.580 
17.970 -460.774 -71.598 
17.928 -460.672 -71.614 
17.898 -460.600 -71.625 
17.863 -460.514 -71.638 
17.807 -460.379 -71.659 
17.783 -460.321 -71.668 
17.762 -460.270 -71.676 
17.730 -460.194 -71.687 
17.674 -460.061 -71.708 
17.642 -459.984 -71.720 
17.604 -459.895 -71.733 
17.553 -459.776 -71.752 
17.520 -459.697 -71.763 
17.477 -459.595 -71.779 
17.433 -459.494 -71.794 
17.386 -459.384 -71.811 
17.346 -459.291 -71.825 
17.302 -459.189 -71.841 
17.256 -459.084 -71.857 
17.215 -458.990 -71.871 
17.178 -458.905 -71.884 
17.133 -458.802 -71.899 
17.100 -458.728 -71.910 
17.052 -458.618 -71.927 
17.005 -458.513 -71.943 
16.964 -458.421 -71.957 
16.924 -458.331 -71.971 
16.867 -458.203 -71.990 
16.838 -458.139 -72.000 
16.807 -458.071 -72.010 
16.756 -457.957 -72.027 
16.714 -457.864 -72.041 
16.661 -457.747 -72.059 
16.633 -457.685 -72.068 
16.603 -457.621 -72.078 
16.553 -457.510 -72.095 
16.481 -457.354 -72.118 
16.445 -457.276 -72.130 
16.408 -457.196 -72.142 
16.363 -457.100 -72.156 
16.304 -456.973 -72.175 
16.267 -456.895 -72.187 
16.222 -456.798 -72.201 
16.168 -456.685 -72.218 
16.106 -456.554 -72.238 
16.064 -456.466 -72.251 
16.025 -456.384 -72.264 
15.987 -456.304 -72.275 
15.947 -456.222 -72.288 
15.907 -456.138 -72.300 
15.863 -456.049 -72.313 
15.809 -455.936 -72.330 
15.757 -455.829 -72.346 
15.708 -455.729 -72.361 
15.674 -455.658 -72.372 
15.621 -455.550 -72.388 
15.569 -455.444 -72.404 
15.517 -455.339 -72.419 
15.484 -455.272 -72.429 
15.434 -455.171 -72.444 
15.396 -455.094 -72.455 
15.351 -455.003 -72.468 
15.293 -454.886 -72.485 
15.261 -454.823 -72.495 
15.208 -454.717 -72.510 
15.161 -454.623 -72.524 
15.124 -454.548 -72.534 
15.083 -454.467 -72.546 
15.026 -454.354 -72.563 
14.964 -454.232 -72.580 
14.921 -454.147 -72.593 
14.882 -454.070 -72.604 
14.819 -453.947 -72.621 
14.746 -453.807 -72.641 
14.708 -453.733 -72.652 
14.673 -453.665 -72.661 
14.615 -453.552 -72.677 
14.560 -453.448 -72.692 
14.521 -453.373 -72.703 
14.494 -453.320 -72.711 
14.451 -453.238 -72.722 
14.405 -453.150 -72.735 
14.366 -453.075 -72.745 
14.334 -453.016 -72.754 
14.300 -452.950 -72.763 
14.253 -452.863 -72.776 
