24.700 -458.378 -70.112 
24.699 -458.226 -70.112 
24.698 -458.142 -70.113 
24.696 -457.996 -70.114 
24.694 -457.913 -70.114 
24.692 -457.825 -70.115 
24.689 -457.725 -70.116 
24.688 -457.662 -70.117 
24.685 -457.565 -70.118 
24.681 -457.445 -70.120 
24.678 -457.385 -70.121 
24.673 -457.261 -70.123 
24.669 -457.153 -70.125 
24.665 -457.077 -70.127 
24.658 -456.935 -70.130 
24.653 -456.846 -70.132 
24.646 -456.735 -70.135 
24.641 -456.661 -70.137 
24.633 -456.534 -70.141 
24.626 -456.440 -70.144 
24.618 -456.338 -70.147 
24.609 -456.222 -70.151 
24.600 -456.109 -70.155 
24.590 -455.991 -70.160 
24.575 -455.830 -70.166 
24.568 -455.757 -70.169 
24.560 -455.677 -70.172 
24.546 -455.544 -70.178 
24.532 -455.411 -70.184 
24.521 -455.313 -70.189 
24.501 -455.142 -70.197 
24.489 -455.040 -70.202 
24.479 -454.962 -70.207 
24.466 -454.861 -70.212 
24.451 -454.748 -70.218 
24.434 -454.626 -70.225 
24.421 -454.534 -70.231 
24.409 -454.450 -70.236 
24.385 -454.287 -70.246 
24.373 -454.210 -70.251 
24.357 -454.109 -70.258 
24.340 -454.000 -70.266 
24.324 -453.903 -70.272 
24.303 -453.777 -70.281 
24.289 -453.696 -70.287 
24.270 -453.590 -70.295 
24.252 -453.486 -70.303 
24.222 -453.323 -70.316 
24.203 -453.223 -70.324 
24.184 -453.123 -70.333 
24.162 -453.013 -70.342 
24.136 -452.881 -70.354 
24.116 -452.786 -70.362 
24.097 -452.695 -70.370 
24.077 -452.600 -70.379 
24.047 -452.463 -70.391 
24.022 -452.350 -70.402 
23.998 -452.242 -70.413 
23.976 -452.145 -70.422 
23.950 -452.036 -70.433 
23.920 -451.911 -70.446 
23.900 -451.827 -70.454 
23.885 -451.766 -70.461 
23.863 -451.677 -70.470 
23.829 -451.543 -70.485 
23.815 -451.489 -70.491 
23.785 -451.371 -70.504 
23.756 -451.264 -70.516 
23.727 -451.153 -70.529 
23.708 -451.086 -70.537 
23.678 -450.976 -70.550 
23.649 -450.873 -70.562 
23.630 -450.805 -70.570 
23.604 -450.714 -70.581 
23.582 -450.637 -70.591 
23.542 -450.502 -70.608 
23.512 -450.402 -70.621 
23.482 -450.303 -70.634 
23.447 -450.189 -70.648 
23.420 -450.102 -70.660 
23.387 -449.997 -70.674 
23.367 -449.936 -70.682 
23.328 -449.813 -70.699 
23.301 -449.730 -70.711 
23.271 -449.639 -70.723 
23.219 -449.486 -70.745 
23.193 -449.410 -70.756 
23.170 -449.342 -70.766 
23.134 -449.237 -70.781 
23.091 -449.113 -70.799 
23.047 -448.992 -70.818 
23.011 -448.891 -70.833 
22.977 -448.798 -70.847 
22.940 -448.698 -70.863 
22.903 -448.597 -70.879 
22.859 -448.481 -70.897 
22.819 -448.375 -70.915 
22.775 -448.263 -70.933 
22.732 -448.155 -70.951 
22.704 -448.083 -70.964 
22.668 -447.994 -70.979 
22.637 -447.916 -70.992 
22.578 -447.773 -71.017 
22.532 -447.660 -71.037 
22.499 -447.583 -71.051 
22.438 -447.436 -71.077 
22.395 -447.337 -71.095 
22.364 -447.265 -71.108 
22.324 -447.173 -71.125 
22.297 -447.111 -71.137 
22.267 -447.043 -71.149 
22.223 -446.943 -71.168 
22.188 -446.864 -71.183 
22.162 -446.806 -71.194 
22.136 -446.749 -71.205 
22.084 -446.636 -71.227 
22.034 -446.526 -71.248 
21.982 -446.416 -71.270 
21.948 -446.344 -71.285 
21.884 -446.209 -71.312 
21.852 -446.141 -71.326 
21.800 -446.034 -71.348 
21.759 -445.951 -71.366 
21.723 -445.878 -71.381 
21.648 -445.726 -71.413 
21.602 -445.636 -71.433 
21.550 -445.533 -71.455 
21.501 -445.437 -71.476 
21.452 -445.342 -71.497 
21.409 -445.259 -71.516 
21.368 -445.181 -71.534 
21.334 -445.116 -71.548 
21.288 -445.030 -71.568 
21.263 -444.983 -71.579 
21.218 -444.899 -71.598 
21.151 -444.777 -71.627 
21.108 -444.699 -71.645 
21.069 -444.628 -71.662 
21.019 -444.538 -71.683 
20.963 -444.438 -71.707 
20.915 -444.352 -71.728 
20.849 -444.237 -71.756 
20.804 -444.157 -71.776 
20.763 -444.085 -71.793 
20.731 -444.031 -71.807 
20.680 -443.943 -71.828 
20.628 -443.853 -71.851 
20.565 -443.746 -71.877 
20.530 -443.686 -71.892 
20.480 -443.601 -71.914 
20.422 -443.505 -71.938 
20.376 -443.427 -71.958 
20.348 -443.382 -71.969 
20.303 -443.307 -71.989 
20.250 -443.219 -72.011 
20.205 -443.145 -72.030 
20.144 -443.046 -72.056 
20.081 -442.943 -72.083 
20.003 -442.818 -72.115 
19.948 -442.730 -72.138 
19.899 -442.652 -72.159 
19.850 -442.574 -72.180 
19.810 -442.511 -72.197 
19.764 -442.440 -72.216 
19.714 -442.361 -72.237 
19.669 -442.290 -72.256 
19.609 -442.198 -72.281 
19.552 -442.111 -72.305 
19.510 -442.046 -72.322 
19.475 -441.993 -72.337 
19.438 -441.937 -72.352 
19.375 -441.841 -72.378 
19.312 -441.746 -72.404 
19.237 -441.634 -72.435 
19.182 -441.553 -72.457 
19.124 -441.467 -72.481 
19.052 -441.361 -72.511 
19.020 -441.315 -72.524 
18.981 -441.258 -72.540 
18.929 -441.182 -72.562 
18.870 -441.097 -72.586 
18.795 -440.991 -72.617 
18.741 -440.913 -72.639 
18.692 -440.845 -72.659 
18.650 -440.786 -72.676 
18.589 -440.701 -72.701 
18.509 -440.588 -72.734 
18.414 -440.458 -72.772 
18.368 -440.395 -72.791 
18.315 -440.323 -72.812 
18.251 -440.236 -72.838 
18.174 -440.132 -72.869 
18.109 -440.046 -72.895 
18.052 -439.969 -72.919 
18.004 -439.906 -72.938 
17.939 -439.820 -72.964 
17.887 -439.752 -72.985 
17.840 -439.691 -73.004 
17.776 -439.609 -73.030 
17.694 -439.503 -73.063 
17.635 -439.427 -73.086 
17.581 -439.359 -73.108 
17.544 -439.312 -73.122 
17.495 -439.249 -73.142 
17.423 -439.159 -73.170 
17.363 -439.084 -73.194 
17.323 -439.033 -73.210 
17.275 -438.973 -73.229 
17.229 -438.916 -73.247 
17.186 -438.862 -73.264 
17.122 -438.783 -73.290 
17.051 -438.695 -73.318 
16.971 -438.598 -73.349 
16.924 -438.541 -73.367 
16.853 -438.454 -73.395 
16.751 -438.331 -73.435 
16.695 -438.264 -73.457 
16.615 -438.167 -73.488 
16.539 -438.077 -73.518 
16.485 -438.012 -73.539 
16.390 -437.900 -73.576 
16.315 -437.810 -73.605 
16.249 -437.733 -73.631 
16.170 -437.640 -73.662 
16.111 -437.571 -73.685 
16.066 -437.518 -73.702 
16.002 -437.444 -73.726 
15.927 -437.357 -73.755 
15.863 -437.282 -73.780 
15.810 -437.222 -73.800 
15.763 -437.167 -73.818 
15.707 -437.104 -73.839 
15.668 -437.058 -73.854 
15.617 -437.001 -73.873 
15.563 -436.939 -73.894 
15.508 -436.877 -73.915 
15.422 -436.780 -73.947 
15.370 -436.720 -73.967 
15.296 -436.637 -73.995 
15.227 -436.559 -74.021 
15.164 -436.489 -74.044 
15.101 -436.418 -74.068 
15.028 -436.337 -74.094 
14.971 -436.274 -74.116 
14.907 -436.202 -74.139 
14.849 -436.138 -74.161 
14.779 -436.061 -74.187 
14.706 -435.980 -74.214 
14.626 -435.893 -74.243 
14.557 -435.817 -74.268 
14.514 -435.771 -74.284 
