24.700 -458.392 -70.112 
24.699 -458.281 -70.112 
24.698 -458.141 -70.113 
24.696 -458.032 -70.113 
24.695 -457.941 -70.114 
24.693 -457.863 -70.114 
24.691 -457.794 -70.115 
24.687 -457.659 -70.116 
24.684 -457.554 -70.118 
24.680 -457.450 -70.119 
24.676 -457.336 -70.121 
24.671 -457.228 -70.122 
24.667 -457.133 -70.124 
24.661 -457.017 -70.126 
24.656 -456.924 -70.128 
24.648 -456.788 -70.131 
24.641 -456.682 -70.134 
24.635 -456.599 -70.136 
24.625 -456.451 -70.140 
24.616 -456.327 -70.143 
24.604 -456.179 -70.148 
24.597 -456.104 -70.150 
24.590 -456.027 -70.153 
24.581 -455.921 -70.157 
24.572 -455.825 -70.160 
24.562 -455.725 -70.164 
24.555 -455.657 -70.167 
24.544 -455.554 -70.171 
24.532 -455.444 -70.176 
24.522 -455.353 -70.180 
24.511 -455.256 -70.185 
24.499 -455.157 -70.190 
24.489 -455.076 -70.194 
24.477 -454.979 -70.199 
24.468 -454.910 -70.202 
24.453 -454.796 -70.208 
24.440 -454.699 -70.214 
24.425 -454.596 -70.219 
24.401 -454.428 -70.229 
24.384 -454.317 -70.236 
24.366 -454.199 -70.243 
24.352 -454.111 -70.249 
24.336 -454.009 -70.255 
24.319 -453.910 -70.262 
24.301 -453.801 -70.269 
24.280 -453.681 -70.278 
24.255 -453.541 -70.288 
24.230 -453.407 -70.298 
24.209 -453.298 -70.306 
24.187 -453.185 -70.315 
24.163 -453.062 -70.325 
24.134 -452.920 -70.337 
24.114 -452.820 -70.345 
24.086 -452.690 -70.356 
24.060 -452.570 -70.366 
24.033 -452.450 -70.377 
24.009 -452.343 -70.387 
23.993 -452.274 -70.393 
23.967 -452.163 -70.403 
23.941 -452.055 -70.413 
23.918 -451.959 -70.423 
23.902 -451.891 -70.429 
23.878 -451.796 -70.439 
23.857 -451.711 -70.447 
23.837 -451.632 -70.455 
23.814 -451.543 -70.464 
23.785 -451.433 -70.476 
23.758 -451.329 -70.487 
23.722 -451.195 -70.502 
23.702 -451.123 -70.510 
23.679 -451.041 -70.519 
23.652 -450.942 -70.530 
23.629 -450.863 -70.539 
23.609 -450.794 -70.547 
23.586 -450.714 -70.557 
23.554 -450.605 -70.570 
23.517 -450.479 -70.585 
23.484 -450.370 -70.599 
23.448 -450.254 -70.614 
23.415 -450.149 -70.627 
23.384 -450.049 -70.640 
23.358 -449.971 -70.651 
23.328 -449.876 -70.663 
23.301 -449.794 -70.674 
23.267 -449.691 -70.688 
23.233 -449.589 -70.702 
23.199 -449.487 -70.716 
23.160 -449.373 -70.732 
23.132 -449.293 -70.744 
23.094 -449.184 -70.760 
23.059 -449.087 -70.774 
23.026 -448.994 -70.787 
22.991 -448.896 -70.802 
22.944 -448.769 -70.821 
22.909 -448.674 -70.836 
22.873 -448.578 -70.850 
22.828 -448.459 -70.869 
22.798 -448.381 -70.882 
22.763 -448.292 -70.896 
22.749 -448.256 -70.902 
22.709 -448.153 -70.919 
22.683 -448.088 -70.929 
22.631 -447.960 -70.951 
22.588 -447.854 -70.968 
22.550 -447.761 -70.984 
22.524 -447.698 -70.995 
22.485 -447.603 -71.012 
22.449 -447.519 -71.026 
22.426 -447.465 -71.036 
22.400 -447.403 -71.047 
22.377 -447.349 -71.057 
22.337 -447.257 -71.073 
22.298 -447.166 -71.089 
22.271 -447.105 -71.100 
22.226 -447.003 -71.119 
22.185 -446.911 -71.136 
22.152 -446.835 -71.150 
22.114 -446.751 -71.166 
22.067 -446.648 -71.185 
22.020 -446.546 -71.205 
21.984 -446.468 -71.220 
21.934 -446.361 -71.241 
21.879 -446.245 -71.264 
21.843 -446.169 -71.279 
21.807 -446.093 -71.294 
21.765 -446.008 -71.311 
21.722 -445.919 -71.329 
21.673 -445.821 -71.350 
21.627 -445.728 -71.368 
21.593 -445.660 -71.383 
21.532 -445.539 -71.408 
21.503 -445.483 -71.420 
21.439 -445.360 -71.446 
21.388 -445.260 -71.468 
21.335 -445.161 -71.490 
21.281 -445.059 -71.512 
21.246 -444.994 -71.527 
21.209 -444.925 -71.542 
21.161 -444.838 -71.562 
21.093 -444.713 -71.590 
21.043 -444.622 -71.611 
21.007 -444.557 -71.625 
20.960 -444.472 -71.645 
20.903 -444.371 -71.669 
20.849 -444.275 -71.691 
20.784 -444.161 -71.718 
20.740 -444.085 -71.736 
20.698 -444.013 -71.753 
20.624 -443.885 -71.784 
20.543 -443.747 -71.817 
20.481 -443.641 -71.843 
20.442 -443.575 -71.859 
20.361 -443.440 -71.893 
20.326 -443.380 -71.907 
20.258 -443.268 -71.935 
20.203 -443.177 -71.958 
20.147 -443.086 -71.981 
20.102 -443.013 -72.000 
20.031 -442.898 -72.029 
19.994 -442.839 -72.044 
19.944 -442.759 -72.065 
19.873 -442.646 -72.094 
19.817 -442.558 -72.117 
19.756 -442.462 -72.142 
19.711 -442.391 -72.160 
19.674 -442.334 -72.175 
19.611 -442.236 -72.201 
19.568 -442.170 -72.219 
19.490 -442.051 -72.250 
19.447 -441.986 -72.267 
19.397 -441.909 -72.288 
19.355 -441.846 -72.305 
19.305 -441.771 -72.325 
19.240 -441.672 -72.351 
19.205 -441.621 -72.365 
19.163 -441.558 -72.383 
19.096 -441.460 -72.409 
19.049 -441.390 -72.428 
18.992 -441.307 -72.451 
18.948 -441.244 -72.468 
18.893 -441.164 -72.491 
18.834 -441.079 -72.514 
18.797 -441.026 -72.529 
18.724 -440.922 -72.558 
18.648 -440.815 -72.588 
18.580 -440.719 -72.615 
18.498 -440.604 -72.647 
18.431 -440.512 -72.674 
18.376 -440.436 -72.695 
18.293 -440.323 -72.728 
18.231 -440.239 -72.753 
18.177 -440.167 -72.774 
18.097 -440.059 -72.805 
18.023 -439.960 -72.834 
17.944 -439.855 -72.866 
17.876 -439.766 -72.893 
17.805 -439.672 -72.921 
17.740 -439.589 -72.946 
17.667 -439.494 -72.975 
17.616 -439.429 -72.995 
17.560 -439.357 -73.017 
17.497 -439.276 -73.042 
17.434 -439.196 -73.067 
17.353 -439.092 -73.099 
17.297 -439.022 -73.121 
17.242 -438.954 -73.142 
17.150 -438.839 -73.179 
17.099 -438.775 -73.199 
17.025 -438.684 -73.227 
16.977 -438.624 -73.246 
16.905 -438.535 -73.275 
16.817 -438.428 -73.308 
16.752 -438.348 -73.334 
16.660 -438.236 -73.369 
16.606 -438.170 -73.390 
16.552 -438.105 -73.411 
16.489 -438.029 -73.435 
16.434 -437.962 -73.456 
16.371 -437.887 -73.480 
16.333 -437.841 -73.494 
16.290 -437.790 -73.511 
16.217 -437.704 -73.538 
16.122 -437.590 -73.574 
16.031 -437.483 -73.609 
15.982 -437.425 -73.627 
15.901 -437.330 -73.658 
15.853 -437.274 -73.676 
15.775 -437.182 -73.705 
15.715 -437.113 -73.727 
15.659 -437.048 -73.748 
15.601 -436.980 -73.770 
15.538 -436.907 -73.793 
15.462 -436.820 -73.821 
15.413 -436.763 -73.839 
15.322 -436.658 -73.873 
15.279 -436.609 -73.888 
15.209 -436.528 -73.914 
15.123 -436.430 -73.946 
15.055 -436.353 -73.971 
14.981 -436.269 -73.998 
14.904 -436.182 -74.026 
14.823 -436.090 -74.056 
14.724 -435.979 -74.092 
14.674 -435.923 -74.110 
14.594 -435.834 -74.139 
