24.700 -458.392 -70.112 
24.699 -458.309 -70.112 
24.698 -458.165 -70.113 
24.696 -458.064 -70.114 
24.695 -457.980 -70.114 
24.691 -457.824 -70.116 
24.688 -457.697 -70.117 
24.685 -457.593 -70.118 
24.681 -457.471 -70.120 
24.676 -457.365 -70.122 
24.673 -457.283 -70.123 
24.668 -457.188 -70.125 
24.661 -457.045 -70.128 
24.653 -456.889 -70.131 
24.644 -456.750 -70.135 
24.638 -456.647 -70.137 
24.630 -456.533 -70.141 
24.621 -456.406 -70.144 
24.614 -456.317 -70.147 
24.606 -456.221 -70.150 
24.599 -456.143 -70.153 
24.588 -456.009 -70.157 
24.580 -455.926 -70.160 
24.567 -455.784 -70.165 
24.559 -455.704 -70.168 
24.549 -455.609 -70.172 
24.534 -455.468 -70.178 
24.523 -455.367 -70.182 
24.511 -455.255 -70.187 
24.495 -455.125 -70.192 
24.482 -455.019 -70.197 
24.467 -454.896 -70.203 
24.451 -454.769 -70.209 
24.435 -454.649 -70.216 
24.419 -454.539 -70.221 
24.405 -454.440 -70.227 
24.386 -454.305 -70.234 
24.369 -454.196 -70.241 
24.347 -454.051 -70.249 
24.336 -453.982 -70.253 
24.317 -453.866 -70.261 
24.302 -453.777 -70.266 
24.283 -453.665 -70.274 
24.272 -453.600 -70.278 
24.254 -453.502 -70.285 
24.233 -453.383 -70.293 
24.211 -453.266 -70.302 
24.194 -453.174 -70.309 
24.182 -453.110 -70.313 
24.166 -453.029 -70.320 
24.146 -452.926 -70.328 
24.128 -452.837 -70.335 
24.111 -452.758 -70.341 
24.093 -452.670 -70.348 
24.078 -452.600 -70.354 
24.052 -452.478 -70.364 
24.029 -452.371 -70.373 
24.003 -452.254 -70.384 
23.967 -452.095 -70.398 
23.941 -451.982 -70.408 
23.915 -451.874 -70.419 
23.897 -451.802 -70.426 
23.870 -451.689 -70.437 
23.848 -451.600 -70.445 
23.820 -451.492 -70.456 
23.803 -451.422 -70.463 
23.762 -451.266 -70.480 
23.740 -451.183 -70.489 
23.707 -451.060 -70.502 
23.682 -450.968 -70.512 
23.653 -450.865 -70.524 
23.620 -450.749 -70.537 
23.596 -450.663 -70.547 
23.570 -450.575 -70.557 
23.541 -450.477 -70.569 
23.508 -450.366 -70.582 
23.479 -450.270 -70.594 
23.440 -450.141 -70.610 
23.394 -449.996 -70.629 
23.366 -449.906 -70.641 
23.349 -449.853 -70.648 
23.316 -449.752 -70.661 
23.276 -449.631 -70.678 
23.244 -449.533 -70.691 
23.216 -449.451 -70.702 
23.183 -449.353 -70.716 
23.146 -449.246 -70.731 
23.115 -449.158 -70.744 
23.081 -449.060 -70.758 
23.040 -448.946 -70.775 
23.005 -448.849 -70.790 
22.977 -448.772 -70.801 
22.945 -448.687 -70.814 
22.907 -448.584 -70.830 
22.870 -448.487 -70.845 
22.828 -448.377 -70.863 
22.789 -448.274 -70.879 
22.760 -448.201 -70.891 
22.705 -448.063 -70.914 
22.659 -447.947 -70.933 
22.623 -447.859 -70.948 
22.582 -447.758 -70.965 
22.537 -447.648 -70.984 
22.508 -447.579 -70.996 
22.480 -447.512 -71.007 
22.438 -447.413 -71.025 
22.394 -447.309 -71.043 
22.368 -447.250 -71.053 
22.329 -447.158 -71.069 
22.284 -447.054 -71.088 
22.238 -446.950 -71.106 
22.199 -446.862 -71.122 
22.157 -446.768 -71.139 
22.110 -446.663 -71.159 
22.081 -446.599 -71.170 
22.038 -446.506 -71.188 
21.977 -446.373 -71.213 
21.942 -446.299 -71.227 
21.918 -446.247 -71.237 
21.876 -446.159 -71.254 
21.817 -446.035 -71.277 
21.755 -445.908 -71.302 
21.710 -445.816 -71.321 
21.659 -445.713 -71.341 
21.589 -445.574 -71.369 
21.563 -445.522 -71.380 
21.503 -445.404 -71.404 
21.455 -445.310 -71.424 
21.415 -445.235 -71.440 
21.380 -445.166 -71.454 
21.341 -445.092 -71.470 
21.302 -445.019 -71.486 
21.262 -444.944 -71.502 
21.217 -444.859 -71.521 
21.165 -444.762 -71.542 
21.095 -444.634 -71.570 
21.056 -444.563 -71.586 
21.016 -444.491 -71.602 
20.957 -444.385 -71.626 
20.893 -444.270 -71.652 
20.844 -444.182 -71.672 
20.805 -444.114 -71.687 
20.771 -444.055 -71.701 
20.704 -443.937 -71.728 
20.657 -443.855 -71.747 
20.623 -443.798 -71.761 
20.577 -443.719 -71.779 
20.523 -443.626 -71.801 
20.474 -443.542 -71.821 
20.415 -443.443 -71.845 
20.367 -443.362 -71.864 
20.316 -443.275 -71.885 
20.256 -443.176 -71.909 
20.211 -443.101 -71.927 
20.164 -443.025 -71.945 
20.116 -442.946 -71.965 
20.045 -442.830 -71.993 
19.999 -442.756 -72.011 
19.951 -442.678 -72.030 
19.906 -442.607 -72.048 
19.853 -442.522 -72.069 
19.803 -442.442 -72.088 
19.733 -442.332 -72.116 
19.704 -442.287 -72.127 
19.669 -442.232 -72.141 
19.615 -442.147 -72.162 
19.555 -442.054 -72.186 
19.493 -441.960 -72.210 
19.445 -441.886 -72.229 
19.387 -441.797 -72.252 
19.339 -441.725 -72.270 
19.269 -441.619 -72.298 
19.202 -441.518 -72.324 
19.151 -441.442 -72.344 
19.095 -441.360 -72.365 
19.039 -441.277 -72.387 
18.964 -441.166 -72.416 
18.901 -441.074 -72.441 
18.832 -440.973 -72.469 
18.773 -440.888 -72.492 
18.733 -440.832 -72.507 
18.680 -440.756 -72.528 
18.619 -440.668 -72.552 
18.556 -440.579 -72.576 
18.498 -440.498 -72.599 
18.434 -440.408 -72.624 
18.376 -440.327 -72.647 
18.345 -440.284 -72.659 
18.260 -440.167 -72.692 
18.203 -440.089 -72.714 
18.150 -440.017 -72.735 
18.092 -439.938 -72.757 
18.038 -439.865 -72.778 
17.989 -439.799 -72.797 
17.941 -439.736 -72.816 
17.882 -439.658 -72.839 
17.824 -439.581 -72.861 
17.759 -439.496 -72.886 
17.703 -439.422 -72.908 
17.648 -439.350 -72.929 
17.603 -439.292 -72.947 
17.541 -439.212 -72.971 
17.473 -439.125 -72.997 
17.405 -439.037 -73.023 
17.330 -438.942 -73.052 
17.263 -438.856 -73.078 
17.228 -438.812 -73.091 
17.152 -438.716 -73.120 
17.096 -438.645 -73.142 
17.041 -438.577 -73.163 
16.940 -438.451 -73.202 
16.897 -438.398 -73.218 
16.819 -438.302 -73.248 
16.761 -438.231 -73.271 
16.702 -438.159 -73.293 
16.628 -438.069 -73.322 
16.563 -437.991 -73.346 
16.501 -437.916 -73.370 
16.421 -437.820 -73.401 
16.368 -437.756 -73.421 
16.323 -437.702 -73.438 
16.267 -437.635 -73.460 
16.200 -437.557 -73.485 
16.136 -437.480 -73.510 
16.057 -437.387 -73.540 
16.003 -437.324 -73.560 
15.958 -437.271 -73.577 
15.885 -437.186 -73.604 
15.821 -437.112 -73.629 
15.748 -437.027 -73.656 
15.690 -436.960 -73.678 
15.620 -436.880 -73.704 
15.561 -436.812 -73.726 
15.506 -436.749 -73.747 
15.426 -436.657 -73.776 
15.349 -436.569 -73.805 
15.265 -436.474 -73.836 
15.181 -436.378 -73.867 
15.118 -436.307 -73.890 
15.044 -436.223 -73.918 
14.963 -436.133 -73.947 
14.863 -436.022 -73.984 
14.794 -435.945 -74.010 
14.721 -435.864 -74.036 
14.657 -435.793 -74.060 
