24.699 -458.335 -70.112 
24.699 -458.241 -70.112 
24.697 -458.138 -70.113 
24.696 -458.035 -70.114 
24.694 -457.935 -70.114 
24.691 -457.818 -70.115 
24.687 -457.665 -70.117 
24.684 -457.579 -70.118 
24.680 -457.468 -70.120 
24.675 -457.340 -70.122 
24.666 -457.155 -70.126 
24.662 -457.056 -70.128 
24.656 -456.953 -70.131 
24.649 -456.832 -70.134 
24.644 -456.750 -70.136 
24.635 -456.608 -70.140 
24.628 -456.516 -70.143 
24.622 -456.433 -70.145 
24.611 -456.286 -70.150 
24.602 -456.181 -70.154 
24.595 -456.095 -70.157 
24.587 -456.009 -70.160 
24.578 -455.909 -70.164 
24.564 -455.767 -70.170 
24.549 -455.612 -70.177 
24.539 -455.516 -70.181 
24.521 -455.353 -70.189 
24.506 -455.226 -70.196 
24.492 -455.106 -70.202 
24.476 -454.974 -70.209 
24.464 -454.881 -70.215 
24.447 -454.752 -70.222 
24.435 -454.664 -70.227 
24.419 -454.551 -70.234 
24.398 -454.402 -70.244 
24.380 -454.284 -70.251 
24.367 -454.195 -70.257 
24.351 -454.095 -70.264 
24.339 -454.018 -70.269 
24.322 -453.912 -70.277 
24.304 -453.807 -70.284 
24.284 -453.688 -70.293 
24.269 -453.604 -70.300 
24.251 -453.499 -70.308 
24.229 -453.381 -70.317 
24.204 -453.248 -70.328 
24.190 -453.174 -70.334 
24.179 -453.115 -70.339 
24.163 -453.036 -70.346 
24.144 -452.941 -70.355 
24.110 -452.776 -70.370 
24.091 -452.687 -70.378 
24.077 -452.620 -70.384 
24.052 -452.505 -70.395 
24.033 -452.416 -70.404 
24.017 -452.346 -70.411 
23.998 -452.258 -70.419 
23.975 -452.162 -70.429 
23.956 -452.079 -70.437 
23.920 -451.925 -70.453 
23.894 -451.819 -70.464 
23.868 -451.713 -70.476 
23.851 -451.642 -70.483 
23.828 -451.554 -70.493 
23.801 -451.447 -70.505 
23.784 -451.382 -70.512 
23.748 -451.244 -70.528 
23.720 -451.142 -70.540 
23.692 -451.037 -70.552 
23.666 -450.942 -70.563 
23.644 -450.863 -70.573 
23.608 -450.736 -70.588 
23.566 -450.593 -70.606 
23.532 -450.475 -70.621 
23.512 -450.408 -70.630 
23.474 -450.283 -70.646 
23.440 -450.171 -70.661 
23.414 -450.090 -70.672 
23.378 -449.973 -70.688 
23.356 -449.906 -70.697 
23.333 -449.835 -70.707 
23.307 -449.753 -70.719 
23.279 -449.669 -70.731 
23.252 -449.585 -70.743 
23.205 -449.445 -70.764 
23.188 -449.396 -70.771 
23.168 -449.337 -70.780 
23.143 -449.263 -70.791 
23.126 -449.214 -70.798 
23.104 -449.152 -70.807 
23.074 -449.067 -70.820 
23.030 -448.943 -70.840 
23.001 -448.863 -70.852 
22.974 -448.788 -70.864 
22.953 -448.733 -70.873 
22.907 -448.609 -70.893 
22.871 -448.511 -70.909 
22.841 -448.433 -70.922 
22.804 -448.337 -70.937 
22.769 -448.246 -70.953 
22.753 -448.206 -70.959 
22.713 -448.105 -70.977 
22.655 -447.961 -71.002 
22.623 -447.882 -71.015 
22.585 -447.788 -71.032 
22.540 -447.680 -71.051 
22.500 -447.583 -71.068 
22.453 -447.473 -71.088 
22.411 -447.374 -71.106 
22.365 -447.268 -71.126 
22.333 -447.193 -71.140 
22.298 -447.113 -71.155 
22.262 -447.032 -71.170 
22.228 -446.956 -71.185 
22.197 -446.888 -71.198 
22.134 -446.748 -71.225 
22.090 -446.652 -71.244 
22.045 -446.556 -71.263 
22.002 -446.465 -71.281 
21.947 -446.348 -71.305 
21.914 -446.279 -71.319 
21.855 -446.156 -71.344 
21.806 -446.056 -71.365 
21.764 -445.972 -71.382 
21.734 -445.910 -71.395 
21.686 -445.816 -71.415 
21.649 -445.741 -71.431 
21.603 -445.650 -71.451 
21.586 -445.618 -71.458 
21.545 -445.537 -71.475 
21.491 -445.433 -71.498 
21.460 -445.373 -71.512 
21.410 -445.278 -71.533 
21.351 -445.167 -71.558 
21.294 -445.061 -71.582 
21.255 -444.989 -71.599 
21.216 -444.917 -71.615 
21.157 -444.809 -71.640 
21.103 -444.709 -71.664 
21.048 -444.612 -71.687 
20.998 -444.522 -71.708 
20.936 -444.413 -71.734 
20.892 -444.334 -71.753 
20.837 -444.239 -71.777 
20.779 -444.138 -71.801 
20.744 -444.077 -71.816 
20.684 -443.974 -71.842 
20.652 -443.919 -71.855 
20.584 -443.803 -71.884 
20.514 -443.687 -71.913 
20.455 -443.589 -71.938 
20.423 -443.534 -71.951 
20.369 -443.446 -71.974 
20.321 -443.368 -71.994 
20.260 -443.269 -72.019 
20.204 -443.177 -72.042 
20.154 -443.096 -72.063 
20.103 -443.015 -72.084 
20.063 -442.951 -72.100 
20.018 -442.880 -72.118 
19.952 -442.776 -72.146 
19.885 -442.671 -72.173 
19.816 -442.563 -72.202 
19.770 -442.493 -72.221 
19.718 -442.412 -72.243 
19.650 -442.309 -72.270 
19.571 -442.188 -72.303 
19.502 -442.083 -72.331 
19.460 -442.019 -72.349 
19.412 -441.948 -72.368 
19.348 -441.852 -72.394 
19.299 -441.779 -72.415 
19.265 -441.728 -72.428 
19.207 -441.642 -72.452 
19.155 -441.567 -72.473 
19.078 -441.454 -72.505 
19.015 -441.362 -72.531 
18.963 -441.288 -72.551 
18.913 -441.216 -72.572 
18.869 -441.154 -72.589 
18.813 -441.075 -72.612 
18.771 -441.015 -72.629 
18.720 -440.943 -72.650 
18.670 -440.874 -72.670 
18.619 -440.803 -72.690 
18.592 -440.766 -72.701 
18.515 -440.659 -72.732 
18.465 -440.591 -72.752 
18.399 -440.501 -72.779 
18.328 -440.404 -72.808 
18.267 -440.322 -72.832 
18.217 -440.255 -72.852 
18.141 -440.153 -72.882 
18.095 -440.092 -72.901 
18.040 -440.019 -72.923 
17.973 -439.931 -72.949 
17.930 -439.875 -72.966 
17.861 -439.786 -72.993 
17.799 -439.705 -73.018 
17.734 -439.621 -73.044 
17.671 -439.541 -73.069 
17.599 -439.449 -73.098 
17.508 -439.334 -73.134 
17.451 -439.261 -73.156 
17.402 -439.200 -73.176 
17.353 -439.138 -73.195 
17.296 -439.066 -73.217 
17.240 -438.997 -73.239 
17.186 -438.930 -73.261 
17.143 -438.876 -73.278 
17.086 -438.807 -73.300 
17.044 -438.754 -73.317 
16.995 -438.694 -73.336 
16.926 -438.610 -73.363 
16.863 -438.533 -73.388 
16.765 -438.415 -73.426 
16.682 -438.315 -73.459 
16.616 -438.235 -73.484 
16.553 -438.160 -73.509 
16.474 -438.064 -73.540 
16.413 -437.992 -73.564 
16.366 -437.936 -73.582 
16.335 -437.900 -73.594 
16.261 -437.812 -73.622 
16.228 -437.772 -73.635 
16.176 -437.712 -73.655 
16.126 -437.653 -73.675 
16.054 -437.569 -73.703 
16.004 -437.511 -73.722 
15.971 -437.473 -73.734 
15.888 -437.376 -73.766 
15.820 -437.297 -73.792 
15.756 -437.223 -73.817 
15.697 -437.156 -73.839 
15.634 -437.084 -73.863 
15.552 -436.990 -73.894 
15.480 -436.907 -73.922 
15.421 -436.840 -73.944 
15.355 -436.765 -73.970 
15.311 -436.715 -73.986 
15.255 -436.651 -74.008 
15.175 -436.561 -74.038 
15.103 -436.481 -74.065 
15.046 -436.417 -74.086 
14.969 -436.330 -74.115 
14.872 -436.222 -74.152 
14.765 -436.103 -74.192 
14.653 -435.980 -74.233 
14.595 -435.916 -74.255 
14.523 -435.837 -74.282 
