24.700 -458.384 -70.112 
24.699 -458.303 -70.112 
24.698 -458.189 -70.113 
24.697 -458.064 -70.113 
24.695 -457.995 -70.114 
24.694 -457.946 -70.114 
24.692 -457.852 -70.115 
24.690 -457.772 -70.116 
24.687 -457.668 -70.118 
24.682 -457.507 -70.120 
24.678 -457.405 -70.122 
24.675 -457.321 -70.124 
24.671 -457.241 -70.125 
24.666 -457.128 -70.128 
24.660 -457.012 -70.130 
24.654 -456.900 -70.133 
24.650 -456.828 -70.135 
24.643 -456.716 -70.139 
24.636 -456.601 -70.142 
24.629 -456.498 -70.145 
24.619 -456.364 -70.150 
24.613 -456.292 -70.153 
24.601 -456.139 -70.159 
24.593 -456.043 -70.163 
24.580 -455.898 -70.169 
24.573 -455.829 -70.172 
24.562 -455.714 -70.177 
24.548 -455.571 -70.183 
24.538 -455.480 -70.188 
24.531 -455.413 -70.191 
24.523 -455.349 -70.194 
24.513 -455.254 -70.199 
24.502 -455.167 -70.203 
24.483 -455.012 -70.212 
24.470 -454.909 -70.217 
24.455 -454.793 -70.224 
24.444 -454.711 -70.229 
24.431 -454.614 -70.234 
24.422 -454.546 -70.238 
24.406 -454.437 -70.245 
24.391 -454.340 -70.251 
24.380 -454.263 -70.256 
24.365 -454.162 -70.263 
24.341 -454.015 -70.272 
24.322 -453.895 -70.281 
24.307 -453.810 -70.287 
24.295 -453.739 -70.292 
24.283 -453.669 -70.297 
24.256 -453.515 -70.308 
24.245 -453.454 -70.313 
24.225 -453.345 -70.321 
24.209 -453.261 -70.328 
24.198 -453.204 -70.333 
24.177 -453.095 -70.342 
24.149 -452.955 -70.353 
24.126 -452.842 -70.363 
24.101 -452.721 -70.374 
24.077 -452.609 -70.384 
24.060 -452.531 -70.391 
24.035 -452.419 -70.401 
23.996 -452.244 -70.417 
23.967 -452.122 -70.429 
23.944 -452.023 -70.439 
23.912 -451.889 -70.452 
23.895 -451.821 -70.459 
23.876 -451.744 -70.467 
23.851 -451.645 -70.477 
23.830 -451.561 -70.486 
23.812 -451.492 -70.493 
23.786 -451.392 -70.504 
23.758 -451.283 -70.515 
23.732 -451.188 -70.526 
23.711 -451.111 -70.534 
23.682 -451.005 -70.547 
23.666 -450.947 -70.553 
23.637 -450.844 -70.565 
23.605 -450.733 -70.578 
23.579 -450.646 -70.589 
23.546 -450.532 -70.603 
23.518 -450.438 -70.615 
23.484 -450.327 -70.628 
23.443 -450.193 -70.645 
23.409 -450.087 -70.659 
23.375 -449.980 -70.673 
23.345 -449.887 -70.686 
23.317 -449.800 -70.697 
23.264 -449.640 -70.719 
23.238 -449.559 -70.731 
23.205 -449.464 -70.744 
23.176 -449.378 -70.756 
23.146 -449.292 -70.769 
23.102 -449.165 -70.787 
23.071 -449.076 -70.801 
23.036 -448.980 -70.815 
22.997 -448.870 -70.832 
22.961 -448.770 -70.847 
22.931 -448.690 -70.859 
22.893 -448.588 -70.875 
22.859 -448.497 -70.890 
22.828 -448.415 -70.903 
22.811 -448.371 -70.910 
22.785 -448.302 -70.921 
22.751 -448.214 -70.935 
22.737 -448.178 -70.941 
22.718 -448.130 -70.949 
22.683 -448.042 -70.964 
22.644 -447.944 -70.980 
22.594 -447.820 -71.001 
22.569 -447.760 -71.011 
22.530 -447.664 -71.028 
22.498 -447.587 -71.041 
22.436 -447.441 -71.067 
22.406 -447.369 -71.080 
22.374 -447.294 -71.093 
22.326 -447.183 -71.113 
22.287 -447.093 -71.130 
22.262 -447.036 -71.140 
22.209 -446.916 -71.163 
22.159 -446.805 -71.183 
22.111 -446.698 -71.204 
22.066 -446.601 -71.222 
22.035 -446.533 -71.235 
21.979 -446.414 -71.259 
21.951 -446.355 -71.270 
21.904 -446.256 -71.290 
21.868 -446.180 -71.305 
21.796 -446.032 -71.335 
21.746 -445.929 -71.356 
21.697 -445.831 -71.376 
21.651 -445.738 -71.396 
21.606 -445.649 -71.414 
21.565 -445.568 -71.431 
21.500 -445.441 -71.459 
21.462 -445.368 -71.474 
21.419 -445.285 -71.492 
21.366 -445.185 -71.514 
21.313 -445.085 -71.536 
21.283 -445.028 -71.549 
21.233 -444.936 -71.570 
21.189 -444.854 -71.589 
21.151 -444.784 -71.605 
21.112 -444.713 -71.621 
21.064 -444.626 -71.641 
21.009 -444.527 -71.664 
20.944 -444.410 -71.692 
20.896 -444.325 -71.712 
20.840 -444.227 -71.735 
20.784 -444.129 -71.759 
20.720 -444.017 -71.786 
20.679 -443.947 -71.803 
20.629 -443.860 -71.824 
20.592 -443.796 -71.840 
20.534 -443.699 -71.864 
20.496 -443.634 -71.880 
20.438 -443.538 -71.904 
20.404 -443.481 -71.918 
20.355 -443.399 -71.939 
20.292 -443.294 -71.965 
20.220 -443.176 -71.996 
20.177 -443.106 -72.013 
20.116 -443.007 -72.039 
20.043 -442.889 -72.069 
20.009 -442.834 -72.083 
19.979 -442.785 -72.096 
19.915 -442.684 -72.122 
19.860 -442.596 -72.145 
19.809 -442.515 -72.166 
19.753 -442.428 -72.189 
19.695 -442.337 -72.213 
19.635 -442.245 -72.238 
19.563 -442.134 -72.268 
19.520 -442.068 -72.285 
19.435 -441.938 -72.320 
19.344 -441.801 -72.358 
19.304 -441.742 -72.374 
19.251 -441.664 -72.395 
19.205 -441.595 -72.414 
19.134 -441.490 -72.443 
19.087 -441.420 -72.463 
19.040 -441.353 -72.482 
19.003 -441.298 -72.497 
18.923 -441.183 -72.529 
18.856 -441.086 -72.557 
18.808 -441.018 -72.577 
18.751 -440.936 -72.600 
18.679 -440.833 -72.630 
18.632 -440.767 -72.649 
18.567 -440.676 -72.676 
18.516 -440.605 -72.697 
18.449 -440.513 -72.724 
18.363 -440.394 -72.759 
18.319 -440.334 -72.777 
18.273 -440.271 -72.796 
18.185 -440.152 -72.832 
18.100 -440.038 -72.867 
18.038 -439.955 -72.892 
17.981 -439.879 -72.915 
17.930 -439.811 -72.936 
17.882 -439.748 -72.956 
17.805 -439.648 -72.987 
17.713 -439.528 -73.025 
17.638 -439.431 -73.056 
17.578 -439.354 -73.080 
17.497 -439.250 -73.113 
17.409 -439.138 -73.148 
17.366 -439.083 -73.166 
17.306 -439.008 -73.190 
17.246 -438.931 -73.215 
17.192 -438.864 -73.236 
17.130 -438.787 -73.261 
17.088 -438.733 -73.279 
17.019 -438.648 -73.306 
16.937 -438.546 -73.339 
16.854 -438.444 -73.373 
16.775 -438.348 -73.404 
16.717 -438.278 -73.427 
16.635 -438.178 -73.460 
16.555 -438.081 -73.492 
16.476 -437.985 -73.523 
16.428 -437.927 -73.542 
16.361 -437.847 -73.569 
16.310 -437.786 -73.589 
16.274 -437.743 -73.603 
16.202 -437.657 -73.631 
16.149 -437.594 -73.652 
16.090 -437.524 -73.675 
16.037 -437.462 -73.696 
15.957 -437.367 -73.727 
15.879 -437.275 -73.757 
15.805 -437.190 -73.786 
15.751 -437.126 -73.807 
15.662 -437.022 -73.841 
15.599 -436.950 -73.865 
15.536 -436.877 -73.890 
15.460 -436.790 -73.919 
15.398 -436.719 -73.942 
15.328 -436.639 -73.969 
15.257 -436.558 -73.996 
15.171 -436.460 -74.029 
15.096 -436.375 -74.057 
14.990 -436.255 -74.097 
14.922 -436.178 -74.122 
14.821 -436.065 -74.160 
14.752 -435.988 -74.185 
14.713 -435.945 -74.200 
14.620 -435.842 -74.234 
14.542 -435.755 -74.263 
