24.700 -458.402 -70.112 
24.699 -458.311 -70.112 
24.699 -458.236 -70.113 
24.697 -458.116 -70.113 
24.696 -458.004 -70.114 
24.694 -457.924 -70.115 
24.691 -457.786 -70.116 
24.688 -457.676 -70.118 
24.687 -457.622 -70.118 
24.684 -457.550 -70.119 
24.680 -457.416 -70.121 
24.676 -457.328 -70.123 
24.672 -457.238 -70.124 
24.666 -457.112 -70.127 
24.659 -456.984 -70.130 
24.654 -456.887 -70.132 
24.649 -456.802 -70.134 
24.643 -456.709 -70.136 
24.634 -456.566 -70.140 
24.626 -456.455 -70.144 
24.620 -456.378 -70.146 
24.611 -456.259 -70.150 
24.601 -456.135 -70.155 
24.589 -456.001 -70.159 
24.580 -455.900 -70.163 
24.572 -455.812 -70.167 
24.564 -455.730 -70.170 
24.554 -455.639 -70.174 
24.544 -455.534 -70.179 
24.536 -455.459 -70.182 
24.520 -455.319 -70.188 
24.510 -455.230 -70.193 
24.497 -455.124 -70.198 
24.487 -455.041 -70.202 
24.474 -454.938 -70.207 
24.458 -454.814 -70.214 
24.443 -454.702 -70.220 
24.428 -454.595 -70.226 
24.413 -454.490 -70.232 
24.398 -454.384 -70.239 
24.382 -454.282 -70.245 
24.361 -454.147 -70.253 
24.338 -454.006 -70.262 
24.320 -453.895 -70.270 
24.308 -453.822 -70.275 
24.286 -453.693 -70.284 
24.269 -453.599 -70.290 
24.249 -453.486 -70.299 
24.217 -453.315 -70.311 
24.186 -453.154 -70.324 
24.172 -453.080 -70.330 
24.145 -452.949 -70.340 
24.126 -452.855 -70.348 
24.103 -452.745 -70.357 
24.086 -452.666 -70.364 
24.061 -452.550 -70.374 
24.039 -452.450 -70.383 
24.011 -452.326 -70.394 
23.988 -452.226 -70.403 
23.968 -452.139 -70.411 
23.951 -452.072 -70.418 
23.933 -451.994 -70.425 
23.909 -451.895 -70.435 
23.883 -451.790 -70.445 
23.855 -451.679 -70.456 
23.832 -451.590 -70.465 
23.806 -451.488 -70.476 
23.785 -451.409 -70.484 
23.770 -451.351 -70.490 
23.752 -451.287 -70.497 
23.731 -451.208 -70.506 
23.707 -451.119 -70.516 
23.685 -451.041 -70.525 
23.659 -450.948 -70.535 
23.633 -450.856 -70.545 
23.607 -450.767 -70.556 
23.577 -450.664 -70.568 
23.536 -450.525 -70.584 
23.514 -450.453 -70.593 
23.472 -450.316 -70.610 
23.446 -450.229 -70.620 
23.417 -450.137 -70.632 
23.385 -450.038 -70.645 
23.351 -449.931 -70.659 
23.323 -449.846 -70.670 
23.289 -449.742 -70.684 
23.255 -449.639 -70.697 
23.226 -449.553 -70.709 
23.186 -449.438 -70.725 
23.146 -449.320 -70.742 
23.116 -449.234 -70.754 
23.071 -449.107 -70.773 
23.030 -448.992 -70.790 
23.001 -448.912 -70.802 
22.972 -448.832 -70.814 
22.941 -448.747 -70.827 
22.902 -448.645 -70.843 
22.868 -448.554 -70.857 
22.833 -448.462 -70.871 
22.789 -448.348 -70.889 
22.759 -448.272 -70.901 
22.723 -448.180 -70.916 
22.691 -448.102 -70.929 
22.660 -448.024 -70.941 
22.619 -447.924 -70.958 
22.590 -447.852 -70.970 
22.563 -447.787 -70.981 
22.525 -447.696 -70.996 
22.484 -447.597 -71.013 
22.451 -447.520 -71.026 
22.421 -447.449 -71.039 
22.376 -447.344 -71.057 
22.335 -447.249 -71.073 
22.302 -447.175 -71.087 
22.234 -447.019 -71.114 
22.200 -446.943 -71.128 
22.159 -446.851 -71.144 
22.114 -446.751 -71.162 
22.070 -446.654 -71.180 
22.033 -446.573 -71.195 
21.962 -446.420 -71.224 
21.904 -446.296 -71.248 
21.832 -446.146 -71.277 
21.795 -446.068 -71.292 
21.767 -446.011 -71.303 
21.710 -445.895 -71.326 
21.680 -445.835 -71.338 
21.619 -445.711 -71.363 
21.557 -445.589 -71.388 
21.505 -445.488 -71.409 
21.451 -445.382 -71.431 
21.392 -445.268 -71.455 
21.343 -445.174 -71.475 
21.302 -445.098 -71.491 
21.261 -445.020 -71.508 
21.244 -444.990 -71.515 
21.213 -444.931 -71.527 
21.158 -444.831 -71.550 
21.118 -444.757 -71.566 
21.063 -444.657 -71.588 
21.000 -444.543 -71.614 
20.951 -444.455 -71.634 
20.886 -444.339 -71.660 
20.854 -444.283 -71.673 
20.806 -444.199 -71.692 
20.745 -444.093 -71.717 
20.710 -444.032 -71.731 
20.655 -443.937 -71.754 
20.607 -443.855 -71.773 
20.537 -443.736 -71.802 
20.465 -443.614 -71.831 
20.402 -443.510 -71.856 
20.349 -443.420 -71.877 
20.274 -443.297 -71.907 
20.221 -443.211 -71.928 
20.168 -443.124 -71.950 
20.084 -442.988 -71.984 
20.032 -442.904 -72.005 
19.983 -442.824 -72.025 
19.921 -442.726 -72.049 
19.848 -442.610 -72.079 
19.791 -442.520 -72.102 
19.744 -442.446 -72.121 
19.681 -442.348 -72.146 
19.639 -442.283 -72.163 
19.571 -442.177 -72.190 
19.517 -442.093 -72.212 
19.471 -442.023 -72.230 
19.419 -441.944 -72.251 
19.364 -441.860 -72.273 
19.301 -441.765 -72.298 
19.249 -441.687 -72.319 
19.199 -441.612 -72.339 
19.126 -441.503 -72.368 
19.080 -441.436 -72.386 
19.028 -441.360 -72.407 
18.934 -441.224 -72.444 
18.887 -441.155 -72.462 
18.818 -441.056 -72.489 
18.775 -440.993 -72.506 
18.718 -440.912 -72.529 
18.643 -440.806 -72.558 
18.586 -440.726 -72.581 
18.534 -440.653 -72.601 
18.462 -440.553 -72.629 
18.413 -440.485 -72.648 
18.335 -440.377 -72.678 
18.303 -440.332 -72.691 
18.239 -440.245 -72.716 
18.186 -440.173 -72.736 
18.111 -440.072 -72.765 
18.051 -439.992 -72.788 
18.020 -439.950 -72.800 
17.985 -439.903 -72.814 
17.946 -439.851 -72.829 
17.912 -439.806 -72.842 
17.868 -439.748 -72.859 
17.799 -439.657 -72.885 
17.740 -439.579 -72.908 
17.686 -439.509 -72.929 
17.636 -439.443 -72.949 
17.594 -439.388 -72.965 
17.551 -439.333 -72.981 
17.488 -439.252 -73.005 
17.435 -439.183 -73.026 
17.369 -439.099 -73.051 
17.309 -439.023 -73.074 
17.232 -438.925 -73.104 
17.201 -438.886 -73.116 
17.141 -438.810 -73.139 
17.085 -438.739 -73.160 
16.982 -438.610 -73.200 
16.906 -438.517 -73.229 
16.816 -438.405 -73.263 
16.761 -438.338 -73.284 
16.704 -438.269 -73.306 
16.645 -438.197 -73.328 
16.573 -438.109 -73.356 
16.493 -438.013 -73.386 
16.401 -437.901 -73.421 
16.341 -437.829 -73.444 
16.284 -437.761 -73.465 
16.216 -437.680 -73.491 
16.161 -437.614 -73.512 
16.095 -437.535 -73.537 
15.972 -437.390 -73.583 
15.914 -437.321 -73.605 
15.839 -437.233 -73.633 
15.785 -437.169 -73.654 
15.742 -437.119 -73.670 
15.687 -437.056 -73.690 
15.630 -436.989 -73.712 
15.556 -436.903 -73.739 
15.456 -436.787 -73.777 
15.412 -436.736 -73.793 
15.349 -436.664 -73.816 
15.295 -436.601 -73.837 
15.232 -436.529 -73.860 
15.191 -436.481 -73.875 
15.144 -436.428 -73.892 
15.079 -436.354 -73.916 
14.998 -436.263 -73.946 
14.901 -436.153 -73.981 
14.828 -436.070 -74.008 
14.743 -435.976 -74.038 
14.665 -435.887 -74.067 
