21.500 -475.902 -70.112 
21.500 -475.838 -70.112 
21.499 -475.713 -70.112 
21.498 -475.627 -70.113 
21.496 -475.520 -70.114 
21.493 -475.385 -70.115 
21.491 -475.278 -70.116 
21.488 -475.173 -70.117 
21.485 -475.079 -70.118 
21.479 -474.938 -70.120 
21.475 -474.833 -70.121 
21.470 -474.725 -70.123 
21.464 -474.587 -70.126 
21.459 -474.507 -70.127 
21.455 -474.425 -70.129 
21.450 -474.336 -70.131 
21.444 -474.240 -70.133 
21.435 -474.097 -70.137 
21.429 -474.012 -70.139 
21.423 -473.934 -70.142 
21.414 -473.811 -70.145 
21.406 -473.704 -70.149 
21.398 -473.611 -70.152 
21.389 -473.503 -70.155 
21.381 -473.413 -70.159 
21.374 -473.338 -70.161 
21.365 -473.234 -70.165 
21.357 -473.152 -70.169 
21.347 -473.056 -70.172 
21.338 -472.963 -70.176 
21.326 -472.854 -70.181 
21.312 -472.722 -70.187 
21.298 -472.597 -70.193 
21.284 -472.479 -70.199 
21.276 -472.417 -70.202 
21.265 -472.322 -70.207 
21.246 -472.176 -70.214 
21.232 -472.067 -70.220 
21.219 -471.966 -70.226 
21.205 -471.867 -70.231 
21.192 -471.774 -70.237 
21.182 -471.708 -70.240 
21.164 -471.583 -70.248 
21.149 -471.481 -70.254 
21.134 -471.385 -70.260 
21.114 -471.259 -70.268 
21.092 -471.124 -70.276 
21.063 -470.949 -70.288 
21.045 -470.842 -70.295 
21.026 -470.730 -70.303 
21.009 -470.634 -70.310 
20.987 -470.514 -70.319 
20.972 -470.433 -70.325 
20.954 -470.337 -70.332 
20.934 -470.230 -70.340 
20.914 -470.126 -70.349 
20.894 -470.023 -70.357 
20.874 -469.925 -70.365 
20.855 -469.832 -70.372 
20.837 -469.743 -70.380 
20.808 -469.605 -70.391 
20.785 -469.500 -70.400 
20.764 -469.402 -70.409 
20.729 -469.244 -70.423 
20.700 -469.115 -70.434 
20.682 -469.035 -70.442 
20.657 -468.929 -70.451 
20.627 -468.798 -70.464 
20.598 -468.677 -70.475 
20.568 -468.555 -70.487 
20.547 -468.467 -70.495 
20.518 -468.352 -70.507 
20.495 -468.260 -70.516 
20.471 -468.169 -70.525 
20.459 -468.121 -70.530 
20.437 -468.037 -70.538 
20.418 -467.965 -70.546 
20.391 -467.863 -70.556 
20.370 -467.783 -70.565 
20.355 -467.727 -70.571 
20.322 -467.608 -70.583 
20.299 -467.523 -70.592 
20.277 -467.446 -70.601 
20.247 -467.340 -70.612 
20.227 -467.270 -70.620 
20.201 -467.177 -70.630 
20.191 -467.143 -70.634 
20.168 -467.063 -70.643 
20.150 -467.003 -70.650 
20.116 -466.887 -70.663 
20.096 -466.819 -70.671 
20.068 -466.726 -70.682 
20.046 -466.656 -70.690 
20.005 -466.520 -70.706 
19.982 -466.447 -70.715 
19.959 -466.372 -70.724 
19.929 -466.276 -70.735 
19.896 -466.171 -70.748 
19.860 -466.060 -70.762 
19.826 -465.953 -70.775 
19.792 -465.850 -70.788 
19.761 -465.755 -70.799 
19.731 -465.663 -70.811 
19.692 -465.547 -70.825 
19.651 -465.426 -70.841 
19.616 -465.322 -70.854 
19.576 -465.205 -70.869 
19.539 -465.096 -70.883 
19.511 -465.017 -70.893 
19.487 -464.946 -70.902 
19.448 -464.835 -70.917 
19.406 -464.717 -70.932 
19.373 -464.622 -70.945 
19.333 -464.511 -70.960 
19.291 -464.395 -70.975 
19.244 -464.263 -70.993 
19.193 -464.124 -71.012 
19.157 -464.025 -71.025 
19.129 -463.951 -71.035 
19.084 -463.828 -71.052 
19.038 -463.705 -71.069 
19.005 -463.618 -71.081 
18.977 -463.545 -71.091 
18.939 -463.443 -71.105 
18.913 -463.376 -71.114 
18.879 -463.287 -71.126 
18.845 -463.199 -71.138 
18.801 -463.083 -71.154 
18.777 -463.022 -71.163 
18.731 -462.903 -71.179 
18.686 -462.787 -71.195 
18.664 -462.733 -71.202 
18.632 -462.650 -71.214 
18.599 -462.566 -71.225 
18.561 -462.471 -71.238 
18.528 -462.388 -71.250 
18.481 -462.271 -71.266 
18.458 -462.214 -71.274 
18.427 -462.136 -71.285 
18.387 -462.036 -71.299 
18.353 -461.952 -71.310 
18.316 -461.863 -71.323 
18.288 -461.793 -71.333 
18.237 -461.668 -71.350 
18.184 -461.538 -71.368 
18.151 -461.458 -71.379 
18.104 -461.345 -71.395 
18.057 -461.233 -71.411 
18.017 -461.138 -71.424 
17.961 -461.003 -71.443 
17.919 -460.903 -71.457 
17.877 -460.806 -71.471 
17.841 -460.720 -71.483 
17.803 -460.630 -71.495 
17.767 -460.548 -71.507 
17.736 -460.474 -71.517 
17.699 -460.389 -71.529 
17.660 -460.298 -71.542 
17.620 -460.206 -71.555 
17.568 -460.087 -71.572 
17.515 -459.966 -71.589 
17.471 -459.865 -71.603 
17.433 -459.780 -71.615 
17.401 -459.708 -71.625 
17.362 -459.619 -71.637 
17.330 -459.547 -71.647 
17.259 -459.387 -71.669 
17.222 -459.306 -71.681 
17.194 -459.243 -71.689 
17.147 -459.139 -71.704 
17.112 -459.062 -71.715 
17.070 -458.970 -71.728 
17.032 -458.887 -71.739 
17.001 -458.818 -71.749 
16.961 -458.731 -71.761 
16.913 -458.627 -71.775 
16.863 -458.518 -71.791 
16.825 -458.436 -71.802 
16.792 -458.366 -71.812 
16.753 -458.282 -71.824 
16.719 -458.208 -71.834 
16.681 -458.127 -71.845 
16.631 -458.020 -71.860 
16.568 -457.886 -71.878 
16.539 -457.824 -71.887 
16.485 -457.711 -71.903 
16.427 -457.588 -71.919 
16.371 -457.471 -71.936 
16.322 -457.370 -71.949 
16.285 -457.292 -71.960 
16.244 -457.206 -71.972 
16.195 -457.106 -71.985 
16.150 -457.012 -71.998 
16.106 -456.922 -72.010 
16.058 -456.824 -72.024 
16.008 -456.722 -72.037 
15.968 -456.640 -72.049 
15.936 -456.575 -72.057 
15.871 -456.442 -72.075 
15.838 -456.375 -72.084 
15.790 -456.278 -72.097 
15.736 -456.169 -72.112 
15.688 -456.072 -72.125 
15.628 -455.950 -72.142 
15.579 -455.853 -72.155 
15.525 -455.745 -72.169 
15.445 -455.584 -72.191 
15.376 -455.448 -72.209 
15.339 -455.376 -72.219 
15.296 -455.290 -72.230 
15.232 -455.164 -72.247 
15.154 -455.012 -72.268 
15.100 -454.905 -72.282 
15.037 -454.783 -72.298 
14.998 -454.707 -72.309 
14.949 -454.613 -72.321 
14.890 -454.498 -72.336 
14.833 -454.390 -72.351 
14.787 -454.300 -72.363 
14.742 -454.214 -72.374 
14.695 -454.124 -72.386 
14.651 -454.040 -72.397 
14.576 -453.898 -72.415 
14.533 -453.817 -72.426 
14.472 -453.701 -72.441 
14.410 -453.585 -72.456 
14.362 -453.495 -72.468 
14.306 -453.391 -72.481 
14.252 -453.290 -72.494 
