26.390 -423.599 -82.405 
26.381 -423.509 -82.410 
26.366 -423.367 -82.417 
26.357 -423.291 -82.421 
26.348 -423.202 -82.426 
26.336 -423.104 -82.431 
26.322 -422.986 -82.438 
26.306 -422.854 -82.446 
26.293 -422.752 -82.452 
26.276 -422.627 -82.460 
26.264 -422.537 -82.465 
26.244 -422.393 -82.474 
26.223 -422.243 -82.484 
26.208 -422.142 -82.491 
26.192 -422.038 -82.498 
26.174 -421.919 -82.506 
26.156 -421.807 -82.514 
26.136 -421.682 -82.523 
26.124 -421.609 -82.528 
26.103 -421.487 -82.537 
26.087 -421.396 -82.544 
26.065 -421.273 -82.554 
26.050 -421.187 -82.561 
26.034 -421.097 -82.568 
26.011 -420.974 -82.578 
25.991 -420.874 -82.586 
25.971 -420.767 -82.595 
25.953 -420.678 -82.603 
25.926 -420.543 -82.614 
25.906 -420.450 -82.623 
25.885 -420.347 -82.632 
25.869 -420.273 -82.638 
25.847 -420.170 -82.648 
25.819 -420.044 -82.660 
25.791 -419.920 -82.672 
25.753 -419.758 -82.687 
25.735 -419.681 -82.695 
25.721 -419.620 -82.701 
25.690 -419.493 -82.714 
25.666 -419.393 -82.725 
25.634 -419.268 -82.738 
25.616 -419.196 -82.745 
25.597 -419.119 -82.754 
25.559 -418.975 -82.770 
25.537 -418.892 -82.779 
25.507 -418.777 -82.792 
25.480 -418.677 -82.803 
25.460 -418.605 -82.812 
25.431 -418.503 -82.824 
25.405 -418.412 -82.835 
25.375 -418.306 -82.848 
25.346 -418.207 -82.860 
25.326 -418.140 -82.869 
25.296 -418.039 -82.881 
25.271 -417.954 -82.892 
25.228 -417.814 -82.911 
25.200 -417.726 -82.922 
25.166 -417.618 -82.937 
25.135 -417.520 -82.950 
25.108 -417.434 -82.962 
25.075 -417.334 -82.976 
25.036 -417.215 -82.994 
24.997 -417.098 -83.011 
24.959 -416.986 -83.027 
24.927 -416.893 -83.041 
24.890 -416.785 -83.057 
24.850 -416.673 -83.074 
24.815 -416.574 -83.089 
24.787 -416.494 -83.102 
24.740 -416.365 -83.122 
24.706 -416.270 -83.138 
24.667 -416.166 -83.155 
24.634 -416.077 -83.169 
24.597 -415.979 -83.186 
24.560 -415.881 -83.202 
24.508 -415.746 -83.225 
24.468 -415.646 -83.242 
24.427 -415.541 -83.261 
24.377 -415.416 -83.283 
24.339 -415.323 -83.300 
24.298 -415.221 -83.318 
24.258 -415.125 -83.335 
24.227 -415.052 -83.349 
24.183 -414.949 -83.368 
24.143 -414.854 -83.386 
24.103 -414.762 -83.403 
24.066 -414.675 -83.419 
24.013 -414.554 -83.443 
23.980 -414.481 -83.457 
23.941 -414.393 -83.474 
23.892 -414.285 -83.495 
23.857 -414.208 -83.510 
23.822 -414.133 -83.525 
23.784 -414.052 -83.542 
23.745 -413.968 -83.559 
23.711 -413.896 -83.573 
23.673 -413.817 -83.590 
23.609 -413.683 -83.618 
23.567 -413.598 -83.636 
23.516 -413.494 -83.658 
23.473 -413.408 -83.676 
23.426 -413.313 -83.697 
23.378 -413.219 -83.718 
23.342 -413.149 -83.734 
23.282 -413.034 -83.759 
23.220 -412.916 -83.786 
23.168 -412.819 -83.808 
23.117 -412.724 -83.830 
23.065 -412.627 -83.853 
23.022 -412.550 -83.871 
22.971 -412.457 -83.893 
22.911 -412.350 -83.919 
22.866 -412.270 -83.939 
22.831 -412.207 -83.954 
22.795 -412.144 -83.970 
22.753 -412.072 -83.988 
22.697 -411.976 -84.012 
22.647 -411.891 -84.034 
22.598 -411.808 -84.055 
22.561 -411.745 -84.071 
22.490 -411.627 -84.102 
22.408 -411.492 -84.137 
22.343 -411.387 -84.166 
22.292 -411.304 -84.188 
22.242 -411.226 -84.209 
22.199 -411.158 -84.228 
22.162 -411.098 -84.244 
22.082 -410.974 -84.279 
22.026 -410.888 -84.303 
21.974 -410.808 -84.326 
21.911 -410.713 -84.353 
21.848 -410.618 -84.381 
21.794 -410.538 -84.404 
21.753 -410.478 -84.422 
21.702 -410.403 -84.444 
21.663 -410.347 -84.461 
21.617 -410.279 -84.481 
21.571 -410.214 -84.501 
21.514 -410.132 -84.526 
21.459 -410.055 -84.550 
21.379 -409.942 -84.584 
21.326 -409.868 -84.608 
21.260 -409.778 -84.636 
21.211 -409.711 -84.657 
21.160 -409.641 -84.680 
21.094 -409.552 -84.708 
21.026 -409.462 -84.738 
20.981 -409.403 -84.757 
20.931 -409.337 -84.779 
20.875 -409.264 -84.803 
20.833 -409.209 -84.821 
20.781 -409.143 -84.843 
20.726 -409.072 -84.867 
20.610 -408.925 -84.918 
20.562 -408.865 -84.938 
20.515 -408.806 -84.959 
20.472 -408.753 -84.978 
20.413 -408.680 -85.003 
20.374 -408.632 -85.020 
20.317 -408.564 -85.044 
20.234 -408.463 -85.080 
20.189 -408.409 -85.100 
20.138 -408.349 -85.122 
20.071 -408.270 -85.151 
19.996 -408.182 -85.183 
19.919 -408.093 -85.216 
19.853 -408.016 -85.245 
19.804 -407.961 -85.266 
19.734 -407.882 -85.296 
19.681 -407.822 -85.319 
19.617 -407.751 -85.346 
19.562 -407.690 -85.370 
19.482 -407.602 -85.405 
19.437 -407.553 -85.424 
19.378 -407.489 -85.450 
19.305 -407.411 -85.481 
19.225 -407.325 -85.516 
19.122 -407.218 -85.560 
19.068 -407.161 -85.583 
19.000 -407.091 -85.613 
18.941 -407.031 -85.638 
18.863 -406.951 -85.671 
18.762 -406.849 -85.715 
18.681 -406.769 -85.749 
18.607 -406.696 -85.781 
18.526 -406.616 -85.815 
18.479 -406.571 -85.835 
18.404 -406.499 -85.867 
18.314 -406.413 -85.906 
18.232 -406.335 -85.941 
18.166 -406.273 -85.970 
18.087 -406.201 -86.003 
18.026 -406.144 -86.029 
17.950 -406.075 -86.062 
17.853 -405.987 -86.104 
17.803 -405.942 -86.125 
17.705 -405.854 -86.167 
17.658 -405.813 -86.187 
17.592 -405.755 -86.215 
17.491 -405.668 -86.258 
17.417 -405.603 -86.290 
17.354 -405.549 -86.317 
17.252 -405.464 -86.360 
17.158 -405.386 -86.401 
17.092 -405.331 -86.429 
17.017 -405.269 -86.461 
16.928 -405.197 -86.499 
16.849 -405.133 -86.533 
16.795 -405.090 -86.556 
16.744 -405.049 -86.578 
16.673 -404.993 -86.609 
16.584 -404.924 -86.647 
16.491 -404.852 -86.687 
16.392 -404.776 -86.729 
16.340 -404.736 -86.751 
16.266 -404.681 -86.783 
16.191 -404.625 -86.815 
16.085 -404.546 -86.860 
16.022 -404.500 -86.887 
15.938 -404.439 -86.923 
15.859 -404.382 -86.957 
15.764 -404.314 -86.998 
15.695 -404.265 -87.028 
15.621 -404.213 -87.060 
15.557 -404.168 -87.087 
15.489 -404.121 -87.116 
15.407 -404.065 -87.152 
15.321 -404.006 -87.189 
15.252 -403.960 -87.218 
15.155 -403.895 -87.260 
15.064 -403.834 -87.299 
14.983 -403.781 -87.334 
14.899 -403.727 -87.370 
14.814 -403.673 -87.406 
14.741 -403.626 -87.438 
14.644 -403.565 -87.479 
14.545 -403.502 -87.522 
14.465 -403.453 -87.556 
14.387 -403.406 -87.590 
14.300 -403.353 -87.627 
14.248 -403.321 -87.649 
14.152 -403.264 -87.690 
14.082 -403.222 -87.720 
13.990 -403.168 -87.760 
13.879 -403.103 -87.807 
13.770 -403.040 -87.853 
13.691 -402.995 -87.887 
13.617 -402.953 -87.919 
13.533 -402.906 -87.954 
13.459 -402.865 -87.986 
13.377 -402.820 -88.021 
13.277 -402.765 -88.063 
13.187 -402.717 -88.101 
13.119 -402.681 -88.130 
13.016 -402.626 -88.174 
12.951 -402.592 -88.201 
12.857 -402.543 -88.241 
12.772 -402.499 -88.277 
12.713 -402.469 -88.302 
12.610 -402.417 -88.346 
12.544 -402.384 -88.374 
12.453 -402.339 -88.412 
12.368 -402.298 -88.448 
12.286 -402.258 -88.483 
12.207 -402.219 -88.517 
12.124 -402.180 -88.552 
12.051 -402.145 -88.583 
11.970 -402.107 -88.617 
11.913 -402.081 -88.642 
11.787 -402.023 -88.696 
11.710 -401.988 -88.728 
11.619 -401.947 -88.767 
11.542 -401.912 -88.800 
11.461 -401.877 -88.834 
11.382 -401.843 -88.867 
11.289 -401.803 -88.907 
11.226 -401.776 -88.934 
11.124 -401.732 -88.977 
11.012 -401.686 -89.025 
10.946 -401.659 -89.053 
10.890 -401.635 -89.077 
10.771 -401.587 -89.128 
10.700 -401.559 -89.158 
10.557 -401.503 -89.219 
10.478 -401.472 -89.252 
10.347 -401.422 -89.308 
10.277 -401.396 -89.337 
10.175 -401.357 -89.381 
10.081 -401.323 -89.421 
9.919 -401.264 -89.490 
9.826 -401.230 -89.529 
