24.700 -458.410 -70.112 
24.699 -458.322 -70.112 
24.699 -458.220 -70.112 
24.698 -458.129 -70.113 
24.696 -458.026 -70.114 
24.694 -457.921 -70.115 
24.691 -457.797 -70.117 
24.688 -457.684 -70.118 
24.685 -457.587 -70.120 
24.683 -457.523 -70.121 
24.679 -457.412 -70.123 
24.675 -457.319 -70.125 
24.670 -457.216 -70.128 
24.665 -457.102 -70.131 
24.659 -456.991 -70.134 
24.655 -456.921 -70.136 
24.645 -456.763 -70.141 
24.637 -456.640 -70.145 
24.627 -456.502 -70.149 
24.619 -456.395 -70.153 
24.612 -456.296 -70.157 
24.605 -456.210 -70.161 
24.595 -456.094 -70.165 
24.588 -456.020 -70.169 
24.578 -455.899 -70.174 
24.569 -455.811 -70.178 
24.558 -455.697 -70.184 
24.547 -455.590 -70.189 
24.535 -455.479 -70.195 
24.521 -455.349 -70.202 
24.512 -455.268 -70.206 
24.501 -455.174 -70.212 
24.484 -455.030 -70.220 
24.469 -454.906 -70.228 
24.452 -454.771 -70.237 
24.437 -454.662 -70.244 
24.423 -454.558 -70.251 
24.406 -454.437 -70.259 
24.393 -454.348 -70.265 
24.378 -454.247 -70.272 
24.364 -454.155 -70.279 
24.348 -454.058 -70.286 
24.334 -453.966 -70.293 
24.315 -453.852 -70.302 
24.302 -453.773 -70.308 
24.281 -453.652 -70.318 
24.266 -453.566 -70.325 
24.251 -453.480 -70.333 
24.219 -453.307 -70.348 
24.202 -453.217 -70.356 
24.185 -453.128 -70.364 
24.151 -452.950 -70.380 
24.123 -452.811 -70.394 
24.095 -452.679 -70.407 
24.078 -452.598 -70.415 
24.066 -452.542 -70.420 
24.037 -452.409 -70.434 
23.999 -452.236 -70.452 
23.974 -452.125 -70.464 
23.948 -452.013 -70.476 
23.921 -451.899 -70.488 
23.898 -451.804 -70.499 
23.882 -451.735 -70.507 
23.855 -451.628 -70.519 
23.830 -451.525 -70.531 
23.814 -451.464 -70.538 
23.783 -451.342 -70.552 
23.753 -451.227 -70.566 
23.725 -451.119 -70.579 
23.692 -450.998 -70.593 
23.669 -450.914 -70.604 
23.632 -450.780 -70.621 
23.613 -450.711 -70.629 
23.581 -450.599 -70.644 
23.554 -450.507 -70.656 
23.540 -450.456 -70.662 
23.514 -450.370 -70.674 
23.474 -450.236 -70.692 
23.441 -450.124 -70.707 
23.418 -450.051 -70.717 
23.383 -449.938 -70.733 
23.340 -449.801 -70.752 
23.311 -449.710 -70.765 
23.282 -449.623 -70.777 
23.256 -449.544 -70.789 
23.217 -449.426 -70.806 
23.167 -449.278 -70.829 
23.121 -449.143 -70.849 
23.086 -449.043 -70.865 
23.052 -448.945 -70.880 
23.011 -448.831 -70.898 
22.979 -448.743 -70.912 
22.952 -448.669 -70.924 
22.916 -448.572 -70.940 
22.884 -448.484 -70.955 
22.851 -448.397 -70.969 
22.807 -448.280 -70.989 
22.780 -448.210 -71.001 
22.744 -448.117 -71.017 
22.713 -448.037 -71.031 
22.682 -447.960 -71.044 
22.653 -447.888 -71.057 
22.616 -447.794 -71.074 
22.580 -447.705 -71.090 
22.546 -447.624 -71.104 
22.511 -447.538 -71.120 
22.484 -447.474 -71.132 
22.435 -447.357 -71.154 
22.388 -447.247 -71.175 
22.357 -447.175 -71.188 
22.313 -447.071 -71.208 
22.263 -446.959 -71.230 
22.223 -446.867 -71.248 
22.169 -446.746 -71.273 
22.149 -446.701 -71.282 
22.114 -446.623 -71.298 
22.071 -446.529 -71.317 
22.023 -446.425 -71.339 
21.975 -446.324 -71.360 
21.940 -446.247 -71.376 
21.891 -446.145 -71.398 
21.849 -446.056 -71.417 
21.805 -445.966 -71.437 
21.748 -445.849 -71.462 
21.714 -445.779 -71.478 
21.673 -445.697 -71.496 
21.627 -445.606 -71.516 
21.585 -445.523 -71.535 
21.542 -445.437 -71.554 
21.497 -445.350 -71.574 
21.459 -445.276 -71.591 
21.400 -445.163 -71.617 
21.359 -445.085 -71.635 
21.320 -445.012 -71.653 
21.263 -444.904 -71.678 
21.204 -444.794 -71.704 
21.150 -444.696 -71.728 
21.092 -444.591 -71.754 
21.034 -444.484 -71.779 
20.992 -444.409 -71.798 
20.927 -444.294 -71.826 
20.889 -444.226 -71.843 
20.836 -444.133 -71.866 
20.793 -444.058 -71.885 
20.754 -443.989 -71.903 
20.693 -443.883 -71.929 
20.640 -443.792 -71.952 
20.581 -443.689 -71.979 
20.537 -443.615 -71.997 
20.476 -443.512 -72.024 
20.446 -443.459 -72.037 
20.384 -443.355 -72.064 
20.337 -443.278 -72.084 
20.272 -443.171 -72.112 
20.233 -443.106 -72.129 
20.166 -442.997 -72.158 
20.106 -442.900 -72.184 
20.053 -442.814 -72.207 
20.000 -442.729 -72.230 
19.925 -442.610 -72.262 
19.864 -442.514 -72.288 
19.791 -442.400 -72.320 
19.753 -442.340 -72.336 
19.696 -442.253 -72.361 
19.629 -442.151 -72.389 
19.567 -442.057 -72.416 
19.498 -441.954 -72.445 
19.449 -441.880 -72.466 
19.404 -441.812 -72.485 
19.345 -441.726 -72.510 
19.318 -441.685 -72.522 
19.278 -441.627 -72.539 
19.241 -441.573 -72.554 
19.182 -441.488 -72.579 
19.122 -441.401 -72.604 
19.069 -441.325 -72.627 
19.017 -441.250 -72.649 
18.954 -441.161 -72.676 
18.902 -441.088 -72.697 
18.849 -441.014 -72.720 
18.795 -440.939 -72.742 
18.730 -440.849 -72.770 
18.676 -440.774 -72.793 
18.592 -440.658 -72.828 
18.531 -440.574 -72.854 
18.445 -440.458 -72.890 
18.387 -440.380 -72.914 
18.318 -440.289 -72.943 
18.244 -440.190 -72.974 
18.172 -440.095 -73.004 
18.133 -440.044 -73.021 
18.051 -439.938 -73.055 
17.986 -439.852 -73.082 
17.926 -439.776 -73.107 
17.871 -439.705 -73.130 
17.794 -439.607 -73.162 
17.750 -439.550 -73.181 
17.674 -439.453 -73.213 
17.615 -439.379 -73.237 
17.564 -439.315 -73.258 
17.523 -439.263 -73.276 
17.458 -439.182 -73.302 
17.405 -439.115 -73.324 
17.340 -439.034 -73.352 
17.279 -438.959 -73.376 
17.210 -438.874 -73.405 
17.170 -438.825 -73.421 
17.090 -438.726 -73.454 
17.038 -438.664 -73.475 
16.989 -438.604 -73.496 
16.919 -438.519 -73.524 
16.853 -438.439 -73.552 
16.765 -438.334 -73.587 
16.688 -438.242 -73.619 
16.620 -438.161 -73.646 
16.550 -438.077 -73.674 
16.486 -438.001 -73.700 
16.441 -437.948 -73.718 
16.381 -437.877 -73.743 
16.332 -437.819 -73.762 
16.283 -437.762 -73.782 
16.206 -437.672 -73.813 
16.134 -437.588 -73.842 
16.063 -437.505 -73.870 
15.979 -437.407 -73.904 
15.897 -437.312 -73.937 
15.847 -437.254 -73.957 
15.767 -437.163 -73.988 
15.704 -437.090 -74.013 
15.622 -436.996 -74.046 
15.547 -436.910 -74.076 
15.464 -436.816 -74.108 
15.431 -436.779 -74.121 
15.384 -436.726 -74.140 
15.333 -436.668 -74.160 
15.273 -436.600 -74.184 
15.206 -436.525 -74.210 
15.132 -436.441 -74.239 
15.068 -436.369 -74.264 
15.014 -436.308 -74.285 
14.946 -436.232 -74.312 
14.884 -436.163 -74.336 
14.831 -436.104 -74.357 
14.776 -436.043 -74.378 
14.676 -435.933 -74.417 
14.620 -435.870 -74.438 
14.555 -435.799 -74.463 
14.464 -435.700 -74.498 
