24.700 -458.409 -70.112 
24.699 -458.298 -70.112 
24.698 -458.209 -70.113 
24.698 -458.139 -70.113 
24.696 -458.011 -70.114 
24.693 -457.898 -70.115 
24.692 -457.830 -70.116 
24.690 -457.755 -70.117 
24.686 -457.628 -70.118 
24.682 -457.498 -70.120 
24.678 -457.401 -70.122 
24.673 -457.278 -70.125 
24.668 -457.166 -70.127 
24.665 -457.098 -70.129 
24.657 -456.965 -70.132 
24.651 -456.850 -70.135 
24.644 -456.744 -70.138 
24.637 -456.631 -70.141 
24.631 -456.545 -70.144 
24.624 -456.451 -70.147 
24.616 -456.339 -70.151 
24.609 -456.246 -70.154 
24.600 -456.140 -70.158 
24.589 -456.012 -70.163 
24.580 -455.918 -70.166 
24.571 -455.826 -70.170 
24.565 -455.760 -70.173 
24.555 -455.664 -70.178 
24.543 -455.546 -70.183 
24.532 -455.440 -70.188 
24.520 -455.339 -70.193 
24.511 -455.256 -70.198 
24.501 -455.174 -70.202 
24.489 -455.080 -70.207 
24.483 -455.028 -70.210 
24.476 -454.970 -70.213 
24.459 -454.845 -70.221 
24.441 -454.704 -70.229 
24.422 -454.568 -70.238 
24.405 -454.450 -70.245 
24.392 -454.361 -70.251 
24.374 -454.247 -70.259 
24.352 -454.107 -70.269 
24.336 -454.006 -70.276 
24.317 -453.888 -70.284 
24.303 -453.805 -70.290 
24.286 -453.704 -70.298 
24.262 -453.572 -70.308 
24.248 -453.490 -70.315 
24.227 -453.374 -70.324 
24.208 -453.276 -70.332 
24.183 -453.144 -70.343 
24.160 -453.023 -70.354 
24.128 -452.868 -70.367 
24.110 -452.778 -70.375 
24.084 -452.658 -70.386 
24.066 -452.570 -70.394 
24.040 -452.454 -70.405 
24.020 -452.363 -70.414 
23.996 -452.256 -70.424 
23.973 -452.159 -70.434 
23.943 -452.032 -70.446 
23.923 -451.946 -70.455 
23.899 -451.847 -70.465 
23.878 -451.762 -70.474 
23.853 -451.663 -70.485 
23.823 -451.544 -70.498 
23.795 -451.435 -70.510 
23.770 -451.342 -70.521 
23.745 -451.249 -70.531 
23.709 -451.116 -70.547 
23.678 -451.003 -70.560 
23.642 -450.874 -70.576 
23.610 -450.763 -70.589 
23.583 -450.671 -70.601 
23.559 -450.587 -70.611 
23.531 -450.496 -70.623 
23.499 -450.388 -70.636 
23.474 -450.308 -70.647 
23.443 -450.209 -70.660 
23.412 -450.108 -70.673 
23.381 -450.011 -70.687 
23.347 -449.905 -70.701 
23.319 -449.822 -70.713 
23.296 -449.750 -70.723 
23.266 -449.660 -70.736 
23.244 -449.595 -70.745 
23.210 -449.497 -70.759 
23.173 -449.387 -70.775 
23.144 -449.306 -70.786 
23.127 -449.255 -70.794 
23.098 -449.174 -70.806 
23.066 -449.084 -70.819 
23.039 -449.010 -70.831 
22.993 -448.883 -70.850 
22.956 -448.784 -70.866 
22.921 -448.690 -70.881 
22.891 -448.611 -70.893 
22.839 -448.476 -70.915 
22.809 -448.397 -70.928 
22.784 -448.333 -70.939 
22.745 -448.234 -70.955 
22.721 -448.175 -70.965 
22.696 -448.112 -70.976 
22.663 -448.030 -70.990 
22.605 -447.886 -71.015 
22.570 -447.801 -71.030 
22.532 -447.711 -71.046 
22.478 -447.582 -71.069 
22.431 -447.471 -71.089 
22.390 -447.376 -71.106 
22.352 -447.288 -71.122 
22.298 -447.164 -71.145 
22.251 -447.056 -71.165 
22.184 -446.906 -71.194 
22.131 -446.790 -71.216 
22.081 -446.680 -71.237 
22.040 -446.592 -71.254 
22.003 -446.513 -71.270 
21.950 -446.400 -71.293 
21.892 -446.278 -71.317 
21.867 -446.226 -71.328 
21.816 -446.120 -71.349 
21.759 -446.003 -71.373 
21.716 -445.917 -71.391 
21.675 -445.834 -71.409 
21.628 -445.740 -71.429 
21.578 -445.641 -71.450 
21.522 -445.533 -71.473 
21.484 -445.458 -71.489 
21.449 -445.391 -71.504 
21.396 -445.290 -71.526 
21.353 -445.208 -71.544 
21.307 -445.122 -71.564 
21.265 -445.043 -71.582 
21.212 -444.946 -71.604 
21.177 -444.881 -71.619 
21.121 -444.778 -71.642 
21.070 -444.687 -71.664 
21.030 -444.614 -71.681 
20.974 -444.514 -71.704 
20.938 -444.450 -71.720 
20.886 -444.358 -71.741 
20.836 -444.269 -71.763 
20.797 -444.202 -71.779 
20.741 -444.104 -71.803 
20.696 -444.026 -71.822 
20.625 -443.904 -71.851 
20.536 -443.753 -71.889 
20.505 -443.701 -71.902 
20.453 -443.613 -71.923 
20.402 -443.527 -71.945 
20.355 -443.449 -71.964 
20.324 -443.397 -71.977 
20.284 -443.331 -71.994 
20.255 -443.283 -72.006 
20.197 -443.189 -72.030 
20.154 -443.119 -72.048 
20.094 -443.022 -72.073 
20.041 -442.936 -72.095 
19.988 -442.851 -72.117 
19.913 -442.731 -72.148 
19.858 -442.643 -72.171 
19.806 -442.562 -72.192 
19.751 -442.475 -72.215 
19.705 -442.405 -72.234 
19.642 -442.306 -72.260 
19.565 -442.188 -72.291 
19.514 -442.110 -72.312 
19.482 -442.061 -72.326 
19.424 -441.972 -72.350 
19.378 -441.903 -72.369 
19.316 -441.810 -72.394 
19.260 -441.727 -72.417 
19.187 -441.619 -72.447 
19.120 -441.520 -72.475 
19.066 -441.442 -72.497 
19.013 -441.365 -72.519 
18.942 -441.263 -72.548 
18.897 -441.199 -72.566 
18.858 -441.142 -72.582 
18.764 -441.008 -72.621 
18.729 -440.959 -72.635 
18.671 -440.878 -72.659 
18.620 -440.805 -72.680 
18.563 -440.726 -72.703 
18.512 -440.655 -72.723 
18.457 -440.580 -72.746 
18.390 -440.488 -72.773 
18.343 -440.423 -72.792 
18.276 -440.332 -72.819 
18.215 -440.249 -72.844 
18.154 -440.167 -72.868 
18.090 -440.082 -72.894 
18.038 -440.013 -72.915 
17.983 -439.940 -72.937 
17.948 -439.894 -72.951 
17.871 -439.794 -72.982 
17.814 -439.720 -73.005 
17.766 -439.658 -73.024 
17.713 -439.590 -73.046 
17.652 -439.512 -73.070 
17.592 -439.436 -73.094 
17.524 -439.348 -73.122 
17.477 -439.289 -73.140 
17.414 -439.209 -73.166 
17.348 -439.126 -73.192 
17.274 -439.033 -73.222 
17.217 -438.962 -73.245 
17.139 -438.865 -73.276 
17.087 -438.802 -73.297 
17.031 -438.732 -73.319 
16.965 -438.651 -73.345 
16.925 -438.602 -73.361 
16.858 -438.520 -73.388 
16.798 -438.448 -73.411 
16.729 -438.364 -73.439 
16.671 -438.293 -73.462 
16.594 -438.201 -73.492 
16.535 -438.130 -73.515 
16.481 -438.065 -73.536 
16.426 -438.000 -73.558 
16.356 -437.916 -73.585 
16.301 -437.851 -73.607 
16.225 -437.762 -73.636 
16.167 -437.693 -73.659 
16.100 -437.615 -73.685 
16.050 -437.557 -73.704 
15.983 -437.478 -73.730 
15.910 -437.393 -73.759 
15.849 -437.323 -73.782 
15.808 -437.275 -73.798 
15.761 -437.221 -73.816 
15.712 -437.165 -73.835 
15.653 -437.098 -73.858 
15.579 -437.013 -73.886 
15.516 -436.941 -73.910 
15.462 -436.879 -73.931 
15.402 -436.811 -73.953 
15.341 -436.743 -73.976 
15.280 -436.673 -74.000 
15.207 -436.591 -74.027 
15.111 -436.484 -74.063 
15.033 -436.397 -74.093 
14.980 -436.337 -74.113 
14.930 -436.281 -74.132 
14.878 -436.223 -74.151 
14.840 -436.180 -74.165 
14.763 -436.095 -74.194 
14.630 -435.948 -74.243 
14.580 -435.892 -74.262 
