24.700 -458.429 -70.112 
24.700 -458.341 -70.112 
24.699 -458.227 -70.112 
24.698 -458.140 -70.113 
24.697 -458.049 -70.113 
24.694 -457.924 -70.114 
24.692 -457.816 -70.115 
24.689 -457.703 -70.116 
24.686 -457.591 -70.118 
24.681 -457.460 -70.119 
24.677 -457.354 -70.121 
24.673 -457.251 -70.123 
24.669 -457.153 -70.124 
24.664 -457.058 -70.126 
24.660 -456.977 -70.127 
24.655 -456.891 -70.129 
24.649 -456.785 -70.132 
24.642 -456.678 -70.134 
24.634 -456.564 -70.137 
24.627 -456.463 -70.140 
24.620 -456.363 -70.143 
24.611 -456.247 -70.147 
24.602 -456.140 -70.150 
24.595 -456.059 -70.153 
24.589 -455.988 -70.156 
24.580 -455.894 -70.159 
24.569 -455.781 -70.163 
24.559 -455.673 -70.168 
24.552 -455.608 -70.170 
24.541 -455.502 -70.175 
24.530 -455.402 -70.179 
24.520 -455.314 -70.183 
24.506 -455.188 -70.189 
24.489 -455.047 -70.196 
24.482 -454.992 -70.199 
24.459 -454.810 -70.208 
24.446 -454.714 -70.213 
24.432 -454.616 -70.219 
24.419 -454.523 -70.224 
24.405 -454.425 -70.230 
24.395 -454.355 -70.234 
24.372 -454.201 -70.243 
24.353 -454.084 -70.251 
24.337 -453.979 -70.257 
24.314 -453.841 -70.267 
24.296 -453.733 -70.274 
24.285 -453.670 -70.278 
24.269 -453.578 -70.285 
24.249 -453.465 -70.293 
24.229 -453.355 -70.301 
24.219 -453.300 -70.306 
24.195 -453.171 -70.316 
24.175 -453.070 -70.324 
24.154 -452.960 -70.333 
24.132 -452.850 -70.342 
24.100 -452.699 -70.356 
24.079 -452.596 -70.365 
24.055 -452.486 -70.375 
24.037 -452.401 -70.383 
24.002 -452.246 -70.397 
23.979 -452.145 -70.407 
23.956 -452.048 -70.417 
23.927 -451.923 -70.429 
23.905 -451.835 -70.438 
23.874 -451.708 -70.451 
23.850 -451.612 -70.461 
23.823 -451.504 -70.472 
23.798 -451.409 -70.483 
23.770 -451.300 -70.495 
23.748 -451.217 -70.504 
23.726 -451.135 -70.513 
23.697 -451.028 -70.525 
23.661 -450.901 -70.540 
23.631 -450.793 -70.552 
23.606 -450.708 -70.563 
23.577 -450.606 -70.575 
23.548 -450.509 -70.587 
23.502 -450.354 -70.607 
23.481 -450.285 -70.615 
23.434 -450.133 -70.635 
23.409 -450.051 -70.646 
23.363 -449.908 -70.666 
23.324 -449.785 -70.683 
23.291 -449.686 -70.697 
23.263 -449.600 -70.709 
23.235 -449.516 -70.721 
23.193 -449.392 -70.739 
23.166 -449.312 -70.750 
23.134 -449.220 -70.764 
23.091 -449.100 -70.782 
23.057 -449.002 -70.797 
23.017 -448.891 -70.814 
22.989 -448.816 -70.825 
22.958 -448.731 -70.838 
22.921 -448.630 -70.854 
22.883 -448.529 -70.870 
22.847 -448.434 -70.885 
22.823 -448.370 -70.896 
22.771 -448.236 -70.918 
22.736 -448.149 -70.932 
22.712 -448.087 -70.942 
22.689 -448.028 -70.952 
22.648 -447.928 -70.969 
22.610 -447.832 -70.985 
22.567 -447.728 -71.003 
22.514 -447.600 -71.025 
22.457 -447.465 -71.049 
22.423 -447.384 -71.063 
22.395 -447.319 -71.075 
22.354 -447.225 -71.091 
22.305 -447.111 -71.112 
22.272 -447.036 -71.125 
22.213 -446.902 -71.150 
22.181 -446.831 -71.163 
22.144 -446.749 -71.178 
22.100 -446.653 -71.196 
22.073 -446.593 -71.208 
22.033 -446.506 -71.225 
21.997 -446.429 -71.239 
21.965 -446.362 -71.252 
21.915 -446.256 -71.273 
21.870 -446.160 -71.292 
21.837 -446.091 -71.306 
21.794 -446.002 -71.324 
21.759 -445.931 -71.338 
21.712 -445.835 -71.357 
21.677 -445.764 -71.372 
21.631 -445.672 -71.391 
21.570 -445.551 -71.416 
21.518 -445.447 -71.438 
21.470 -445.355 -71.458 
21.436 -445.289 -71.472 
21.394 -445.208 -71.490 
21.326 -445.079 -71.518 
21.291 -445.013 -71.532 
21.260 -444.955 -71.545 
21.196 -444.836 -71.572 
21.147 -444.746 -71.592 
21.111 -444.680 -71.607 
21.063 -444.592 -71.627 
21.017 -444.508 -71.647 
20.958 -444.404 -71.671 
20.904 -444.308 -71.693 
20.846 -444.205 -71.717 
20.780 -444.089 -71.744 
20.727 -443.997 -71.765 
20.657 -443.876 -71.794 
20.604 -443.786 -71.815 
20.516 -443.635 -71.852 
20.455 -443.531 -71.877 
20.398 -443.437 -71.900 
20.337 -443.334 -71.925 
20.270 -443.224 -71.952 
20.240 -443.174 -71.964 
20.203 -443.114 -71.979 
20.132 -442.998 -72.008 
20.085 -442.922 -72.027 
20.037 -442.844 -72.046 
19.989 -442.767 -72.066 
19.928 -442.670 -72.090 
19.869 -442.576 -72.114 
19.819 -442.497 -72.134 
19.768 -442.418 -72.155 
19.729 -442.357 -72.170 
19.688 -442.293 -72.187 
19.637 -442.215 -72.207 
19.576 -442.121 -72.232 
19.513 -442.025 -72.257 
19.450 -441.929 -72.282 
19.415 -441.876 -72.296 
19.355 -441.785 -72.320 
19.307 -441.713 -72.340 
19.248 -441.624 -72.363 
19.198 -441.551 -72.383 
19.131 -441.451 -72.410 
19.086 -441.385 -72.428 
19.014 -441.280 -72.456 
18.950 -441.186 -72.482 
18.886 -441.093 -72.508 
18.834 -441.018 -72.528 
18.776 -440.936 -72.551 
18.736 -440.878 -72.567 
18.693 -440.817 -72.584 
18.631 -440.730 -72.609 
18.557 -440.626 -72.638 
18.466 -440.500 -72.674 
18.414 -440.428 -72.695 
18.340 -440.327 -72.724 
18.287 -440.254 -72.745 
18.225 -440.170 -72.770 
18.153 -440.073 -72.798 
18.088 -439.986 -72.824 
18.025 -439.902 -72.849 
17.978 -439.839 -72.867 
17.912 -439.752 -72.893 
17.861 -439.686 -72.913 
17.806 -439.614 -72.935 
17.742 -439.530 -72.960 
17.684 -439.456 -72.983 
17.630 -439.386 -73.004 
17.563 -439.300 -73.030 
17.498 -439.216 -73.056 
17.457 -439.164 -73.072 
17.388 -439.077 -73.098 
17.336 -439.011 -73.119 
17.302 -438.969 -73.132 
17.240 -438.891 -73.156 
17.176 -438.811 -73.180 
17.118 -438.739 -73.203 
17.051 -438.656 -73.229 
16.962 -438.547 -73.263 
16.922 -438.498 -73.278 
16.839 -438.396 -73.310 
16.780 -438.324 -73.333 
16.718 -438.248 -73.357 
16.635 -438.148 -73.389 
16.590 -438.093 -73.406 
16.538 -438.030 -73.426 
16.459 -437.936 -73.456 
16.370 -437.830 -73.490 
16.298 -437.744 -73.517 
16.246 -437.681 -73.537 
16.180 -437.603 -73.562 
16.137 -437.552 -73.578 
16.053 -437.452 -73.610 
15.992 -437.382 -73.633 
15.895 -437.268 -73.670 
15.824 -437.186 -73.696 
15.769 -437.122 -73.717 
15.703 -437.046 -73.742 
15.641 -436.974 -73.765 
15.582 -436.906 -73.787 
15.505 -436.817 -73.816 
15.426 -436.727 -73.845 
15.351 -436.641 -73.872 
15.286 -436.568 -73.896 
15.209 -436.479 -73.925 
15.144 -436.407 -73.948 
15.098 -436.354 -73.965 
15.027 -436.274 -73.992 
14.962 -436.201 -74.015 
14.901 -436.133 -74.038 
14.844 -436.071 -74.058 
14.796 -436.016 -74.076 
14.743 -435.957 -74.096 
14.672 -435.879 -74.121 
14.587 -435.785 -74.152 
