26.391 -423.604 -82.405 
26.379 -423.490 -82.411 
26.367 -423.375 -82.417 
26.355 -423.269 -82.422 
26.342 -423.147 -82.429 
26.332 -423.066 -82.434 
26.321 -422.972 -82.439 
26.311 -422.895 -82.444 
26.296 -422.776 -82.451 
26.281 -422.661 -82.458 
26.268 -422.561 -82.464 
26.258 -422.485 -82.469 
26.246 -422.402 -82.474 
26.230 -422.284 -82.482 
26.211 -422.156 -82.490 
26.197 -422.063 -82.496 
26.174 -421.915 -82.506 
26.157 -421.807 -82.514 
26.139 -421.694 -82.522 
26.122 -421.590 -82.530 
26.106 -421.496 -82.537 
26.088 -421.388 -82.545 
26.070 -421.285 -82.554 
26.047 -421.156 -82.564 
26.024 -421.033 -82.574 
25.999 -420.898 -82.586 
25.986 -420.828 -82.592 
25.957 -420.681 -82.605 
25.933 -420.558 -82.615 
25.917 -420.480 -82.623 
25.900 -420.396 -82.630 
25.883 -420.316 -82.638 
25.863 -420.218 -82.647 
25.839 -420.107 -82.658 
25.821 -420.028 -82.665 
25.788 -419.878 -82.680 
25.768 -419.791 -82.689 
25.746 -419.697 -82.698 
25.724 -419.604 -82.708 
25.703 -419.514 -82.717 
25.670 -419.382 -82.732 
25.645 -419.282 -82.743 
25.622 -419.187 -82.753 
25.604 -419.116 -82.761 
25.580 -419.023 -82.771 
25.541 -418.876 -82.788 
25.514 -418.774 -82.800 
25.488 -418.679 -82.811 
25.457 -418.568 -82.825 
25.438 -418.497 -82.833 
25.405 -418.383 -82.847 
25.383 -418.305 -82.857 
25.354 -418.205 -82.870 
25.314 -418.069 -82.887 
25.287 -417.982 -82.899 
25.261 -417.895 -82.910 
25.236 -417.812 -82.921 
25.210 -417.730 -82.932 
25.183 -417.642 -82.944 
25.155 -417.554 -82.957 
25.121 -417.446 -82.972 
25.089 -417.348 -82.986 
25.042 -417.206 -83.006 
25.012 -417.115 -83.020 
24.989 -417.049 -83.029 
24.964 -416.974 -83.041 
24.935 -416.890 -83.053 
24.903 -416.797 -83.067 
24.885 -416.745 -83.075 
24.851 -416.650 -83.090 
24.820 -416.560 -83.104 
24.774 -416.434 -83.124 
24.742 -416.344 -83.138 
24.711 -416.260 -83.152 
24.682 -416.183 -83.164 
24.639 -416.068 -83.183 
24.598 -415.959 -83.201 
24.544 -415.818 -83.224 
24.510 -415.729 -83.240 
24.485 -415.665 -83.250 
24.449 -415.573 -83.266 
24.393 -415.432 -83.291 
24.348 -415.319 -83.311 
24.322 -415.256 -83.322 
24.285 -415.165 -83.338 
24.244 -415.067 -83.356 
24.193 -414.945 -83.378 
24.144 -414.828 -83.399 
24.105 -414.737 -83.416 
24.066 -414.647 -83.433 
24.024 -414.551 -83.451 
23.983 -414.458 -83.469 
23.937 -414.355 -83.489 
23.895 -414.262 -83.507 
23.873 -414.215 -83.516 
23.849 -414.161 -83.527 
23.817 -414.093 -83.540 
23.777 -414.007 -83.558 
23.737 -413.921 -83.575 
23.663 -413.766 -83.607 
23.611 -413.658 -83.629 
23.565 -413.564 -83.649 
23.528 -413.488 -83.665 
23.491 -413.414 -83.681 
23.453 -413.338 -83.697 
23.393 -413.219 -83.723 
23.352 -413.138 -83.741 
23.299 -413.036 -83.763 
23.217 -412.879 -83.798 
23.170 -412.791 -83.818 
23.133 -412.722 -83.834 
23.087 -412.635 -83.854 
23.037 -412.544 -83.876 
22.980 -412.441 -83.900 
22.927 -412.344 -83.923 
22.895 -412.288 -83.937 
22.848 -412.203 -83.957 
22.776 -412.078 -83.987 
22.721 -411.983 -84.011 
22.672 -411.898 -84.031 
22.607 -411.788 -84.059 
22.558 -411.704 -84.080 
22.486 -411.584 -84.110 
22.410 -411.458 -84.142 
22.344 -411.350 -84.170 
22.287 -411.258 -84.194 
22.237 -411.179 -84.216 
22.184 -411.094 -84.238 
22.124 -411.001 -84.263 
22.060 -410.901 -84.291 
21.986 -410.787 -84.322 
21.946 -410.725 -84.339 
21.890 -410.641 -84.363 
21.837 -410.560 -84.386 
21.759 -410.444 -84.419 
21.706 -410.366 -84.441 
21.656 -410.293 -84.462 
21.591 -410.199 -84.490 
21.546 -410.134 -84.509 
21.485 -410.047 -84.535 
21.421 -409.956 -84.563 
21.376 -409.892 -84.582 
21.329 -409.826 -84.602 
21.281 -409.761 -84.622 
21.236 -409.699 -84.642 
21.190 -409.636 -84.661 
21.149 -409.579 -84.679 
21.081 -409.487 -84.708 
21.012 -409.394 -84.738 
20.964 -409.331 -84.758 
20.913 -409.263 -84.780 
20.873 -409.211 -84.797 
20.821 -409.144 -84.819 
20.747 -409.049 -84.851 
20.715 -409.007 -84.865 
20.672 -408.952 -84.883 
20.628 -408.896 -84.902 
20.573 -408.827 -84.926 
20.493 -408.727 -84.960 
20.437 -408.657 -84.984 
20.393 -408.603 -85.003 
20.308 -408.500 -85.039 
20.217 -408.390 -85.078 
20.134 -408.290 -85.114 
20.081 -408.227 -85.137 
20.024 -408.160 -85.161 
19.933 -408.054 -85.200 
19.875 -407.987 -85.225 
19.801 -407.903 -85.256 
19.750 -407.846 -85.278 
19.658 -407.742 -85.317 
19.577 -407.652 -85.351 
19.464 -407.527 -85.400 
19.388 -407.445 -85.433 
19.339 -407.392 -85.454 
19.275 -407.323 -85.481 
19.194 -407.238 -85.515 
19.120 -407.160 -85.547 
19.055 -407.092 -85.575 
19.003 -407.039 -85.597 
18.914 -406.947 -85.636 
18.844 -406.875 -85.666 
18.747 -406.778 -85.708 
18.675 -406.706 -85.738 
18.592 -406.624 -85.774 
18.513 -406.548 -85.808 
18.440 -406.476 -85.839 
18.365 -406.404 -85.872 
18.304 -406.346 -85.898 
18.246 -406.291 -85.922 
18.186 -406.234 -85.948 
18.105 -406.159 -85.983 
18.001 -406.063 -86.028 
17.926 -405.994 -86.060 
17.875 -405.948 -86.082 
17.799 -405.880 -86.115 
17.729 -405.817 -86.145 
17.644 -405.742 -86.182 
17.560 -405.668 -86.218 
17.500 -405.616 -86.244 
17.416 -405.543 -86.280 
17.340 -405.478 -86.313 
17.225 -405.381 -86.363 
17.166 -405.331 -86.388 
17.095 -405.272 -86.418 
17.043 -405.229 -86.441 
16.969 -405.168 -86.473 
16.872 -405.089 -86.515 
16.770 -405.008 -86.558 
16.693 -404.946 -86.592 
16.616 -404.885 -86.625 
16.559 -404.841 -86.649 
16.477 -404.776 -86.685 
16.418 -404.731 -86.710 
16.314 -404.652 -86.755 
16.206 -404.571 -86.802 
16.118 -404.505 -86.840 
16.047 -404.452 -86.871 
15.942 -404.375 -86.916 
15.854 -404.311 -86.954 
15.743 -404.231 -87.002 
15.640 -404.158 -87.046 
15.550 -404.095 -87.085 
15.464 -404.035 -87.122 
15.354 -403.960 -87.169 
15.285 -403.913 -87.199 
15.183 -403.844 -87.243 
15.090 -403.782 -87.282 
14.993 -403.718 -87.324 
14.918 -403.669 -87.357 
14.824 -403.608 -87.397 
14.765 -403.570 -87.422 
14.693 -403.523 -87.454 
14.603 -403.467 -87.492 
14.491 -403.396 -87.541 
14.406 -403.343 -87.577 
14.343 -403.305 -87.604 
14.247 -403.246 -87.646 
14.150 -403.188 -87.687 
14.089 -403.151 -87.713 
13.999 -403.097 -87.752 
13.935 -403.059 -87.780 
13.875 -403.024 -87.806 
13.837 -403.002 -87.823 
13.746 -402.949 -87.862 
13.620 -402.876 -87.917 
13.521 -402.820 -87.959 
13.461 -402.786 -87.985 
13.400 -402.752 -88.012 
13.292 -402.692 -88.059 
13.192 -402.638 -88.102 
13.108 -402.592 -88.138 
13.040 -402.555 -88.168 
12.975 -402.520 -88.196 
12.891 -402.476 -88.232 
12.808 -402.433 -88.268 
12.748 -402.402 -88.295 
12.660 -402.356 -88.333 
12.540 -402.295 -88.385 
12.449 -402.250 -88.424 
12.359 -402.205 -88.463 
12.263 -402.157 -88.505 
12.155 -402.105 -88.552 
12.060 -402.059 -88.593 
11.957 -402.010 -88.637 
11.852 -401.961 -88.683 
11.753 -401.915 -88.726 
11.672 -401.878 -88.761 
11.596 -401.844 -88.794 
11.514 -401.807 -88.829 
11.414 -401.763 -88.873 
11.310 -401.717 -88.918 
11.208 -401.673 -88.962 
11.088 -401.622 -89.015 
10.967 -401.572 -89.067 
10.890 -401.540 -89.100 
10.816 -401.510 -89.132 
10.737 -401.477 -89.166 
10.654 -401.444 -89.203 
10.541 -401.400 -89.251 
10.456 -401.366 -89.288 
10.374 -401.334 -89.324 
10.264 -401.293 -89.371 
10.152 -401.251 -89.419 
10.029 -401.205 -89.472 
9.940 -401.172 -89.511 
9.839 -401.136 -89.554 
