26.393 -423.632 -82.403 
26.381 -423.511 -82.410 
26.374 -423.441 -82.413 
26.362 -423.330 -82.420 
26.353 -423.251 -82.424 
26.342 -423.151 -82.430 
26.331 -423.063 -82.435 
26.319 -422.961 -82.441 
26.308 -422.869 -82.447 
26.296 -422.778 -82.452 
26.283 -422.676 -82.459 
26.272 -422.594 -82.464 
26.259 -422.493 -82.471 
26.240 -422.361 -82.479 
26.227 -422.269 -82.485 
26.213 -422.173 -82.492 
26.194 -422.043 -82.501 
26.177 -421.935 -82.509 
26.167 -421.870 -82.514 
26.151 -421.770 -82.521 
26.138 -421.689 -82.527 
26.124 -421.605 -82.534 
26.103 -421.483 -82.543 
26.085 -421.378 -82.551 
26.062 -421.246 -82.562 
26.042 -421.135 -82.572 
26.022 -421.031 -82.580 
25.999 -420.905 -82.591 
25.981 -420.815 -82.599 
25.961 -420.710 -82.608 
25.945 -420.633 -82.615 
25.926 -420.536 -82.624 
25.901 -420.419 -82.635 
25.881 -420.323 -82.645 
25.869 -420.264 -82.650 
25.839 -420.127 -82.664 
25.816 -420.026 -82.674 
25.787 -419.895 -82.688 
25.762 -419.787 -82.699 
25.737 -419.682 -82.710 
25.715 -419.586 -82.720 
25.696 -419.509 -82.728 
25.671 -419.408 -82.739 
25.647 -419.311 -82.750 
25.624 -419.221 -82.760 
25.596 -419.110 -82.773 
25.570 -419.009 -82.784 
25.553 -418.944 -82.792 
25.538 -418.887 -82.798 
25.523 -418.831 -82.805 
25.498 -418.742 -82.816 
25.471 -418.643 -82.828 
25.442 -418.538 -82.841 
25.414 -418.440 -82.853 
25.382 -418.330 -82.867 
25.347 -418.209 -82.883 
25.311 -418.088 -82.899 
25.272 -417.958 -82.916 
25.238 -417.846 -82.931 
25.204 -417.738 -82.946 
25.187 -417.683 -82.954 
25.162 -417.603 -82.965 
25.138 -417.531 -82.975 
25.102 -417.417 -82.992 
25.065 -417.305 -83.008 
25.046 -417.248 -83.016 
25.022 -417.175 -83.027 
24.982 -417.056 -83.044 
24.946 -416.952 -83.060 
24.917 -416.867 -83.073 
24.881 -416.763 -83.089 
24.860 -416.704 -83.098 
24.824 -416.602 -83.114 
24.796 -416.523 -83.126 
24.754 -416.409 -83.144 
24.714 -416.299 -83.162 
24.686 -416.222 -83.174 
24.667 -416.171 -83.183 
24.621 -416.050 -83.203 
24.582 -415.947 -83.220 
24.558 -415.885 -83.231 
24.519 -415.784 -83.248 
24.489 -415.708 -83.261 
24.450 -415.610 -83.278 
24.410 -415.510 -83.295 
24.380 -415.437 -83.308 
24.333 -415.321 -83.329 
24.281 -415.197 -83.351 
24.235 -415.086 -83.371 
24.197 -414.996 -83.388 
24.157 -414.903 -83.405 
24.119 -414.816 -83.421 
24.078 -414.722 -83.439 
24.048 -414.655 -83.452 
23.998 -414.542 -83.474 
23.966 -414.470 -83.488 
23.923 -414.376 -83.506 
23.878 -414.277 -83.526 
23.847 -414.210 -83.539 
23.803 -414.115 -83.558 
23.765 -414.035 -83.575 
23.717 -413.934 -83.595 
23.653 -413.802 -83.623 
23.615 -413.723 -83.639 
23.561 -413.614 -83.662 
23.502 -413.496 -83.688 
23.444 -413.380 -83.713 
23.406 -413.306 -83.729 
23.343 -413.184 -83.756 
23.297 -413.095 -83.776 
23.241 -412.988 -83.800 
23.192 -412.897 -83.821 
23.143 -412.806 -83.842 
23.107 -412.738 -83.858 
23.039 -412.615 -83.887 
23.012 -412.566 -83.899 
22.978 -412.504 -83.913 
22.911 -412.383 -83.942 
22.875 -412.320 -83.958 
22.833 -412.247 -83.975 
22.786 -412.165 -83.996 
22.744 -412.092 -84.014 
22.696 -412.010 -84.034 
22.650 -411.930 -84.054 
22.572 -411.799 -84.088 
22.524 -411.720 -84.108 
22.458 -411.610 -84.137 
22.399 -411.513 -84.163 
22.350 -411.434 -84.184 
22.306 -411.364 -84.202 
22.239 -411.256 -84.232 
22.188 -411.176 -84.253 
22.140 -411.101 -84.274 
22.091 -411.025 -84.295 
22.015 -410.908 -84.328 
21.953 -410.815 -84.354 
21.902 -410.737 -84.376 
21.851 -410.661 -84.398 
21.784 -410.563 -84.427 
21.723 -410.473 -84.453 
21.656 -410.375 -84.482 
21.611 -410.311 -84.501 
21.557 -410.234 -84.525 
21.502 -410.156 -84.548 
21.440 -410.067 -84.575 
21.356 -409.951 -84.611 
21.303 -409.878 -84.634 
21.226 -409.773 -84.667 
21.160 -409.684 -84.695 
21.084 -409.583 -84.728 
21.026 -409.506 -84.753 
20.982 -409.448 -84.772 
20.903 -409.344 -84.806 
20.841 -409.264 -84.833 
20.749 -409.146 -84.872 
20.708 -409.094 -84.889 
20.621 -408.985 -84.927 
20.551 -408.897 -84.957 
20.499 -408.833 -84.979 
20.404 -408.717 -85.020 
20.347 -408.648 -85.045 
20.259 -408.543 -85.082 
20.193 -408.464 -85.111 
20.144 -408.406 -85.132 
20.081 -408.333 -85.159 
19.995 -408.233 -85.196 
19.912 -408.137 -85.232 
19.856 -408.074 -85.256 
19.759 -407.965 -85.298 
19.685 -407.882 -85.330 
19.597 -407.785 -85.368 
19.496 -407.675 -85.411 
19.409 -407.581 -85.449 
19.339 -407.506 -85.479 
19.263 -407.426 -85.512 
19.167 -407.326 -85.553 
19.087 -407.243 -85.588 
19.007 -407.160 -85.623 
18.945 -407.097 -85.650 
18.864 -407.016 -85.684 
18.796 -406.948 -85.714 
18.726 -406.879 -85.744 
18.638 -406.792 -85.782 
18.537 -406.693 -85.826 
18.444 -406.605 -85.866 
18.367 -406.532 -85.899 
18.283 -406.452 -85.935 
18.195 -406.371 -85.973 
18.099 -406.282 -86.015 
18.026 -406.216 -86.046 
17.932 -406.131 -86.086 
17.839 -406.047 -86.126 
17.740 -405.960 -86.169 
17.665 -405.894 -86.201 
17.579 -405.820 -86.237 
17.490 -405.744 -86.275 
17.385 -405.655 -86.320 
17.313 -405.595 -86.351 
17.242 -405.535 -86.381 
17.158 -405.466 -86.417 
17.078 -405.400 -86.451 
16.991 -405.330 -86.488 
16.939 -405.288 -86.510 
16.882 -405.242 -86.535 
16.801 -405.177 -86.569 
16.720 -405.113 -86.604 
16.644 -405.054 -86.636 
16.582 -405.006 -86.662 
16.505 -404.947 -86.695 
16.416 -404.879 -86.732 
16.357 -404.835 -86.757 
16.290 -404.785 -86.786 
16.211 -404.726 -86.819 
16.120 -404.658 -86.858 
16.047 -404.605 -86.889 
15.971 -404.550 -86.921 
15.884 -404.488 -86.958 
15.813 -404.437 -86.988 
15.733 -404.380 -87.022 
15.584 -404.277 -87.085 
15.479 -404.204 -87.130 
15.421 -404.165 -87.154 
15.309 -404.089 -87.201 
15.248 -404.048 -87.228 
15.195 -404.014 -87.250 
15.105 -403.954 -87.288 
15.035 -403.908 -87.318 
14.915 -403.830 -87.368 
14.840 -403.782 -87.400 
14.730 -403.712 -87.446 
14.644 -403.659 -87.483 
14.588 -403.624 -87.506 
14.514 -403.578 -87.538 
14.399 -403.508 -87.586 
14.305 -403.450 -87.626 
14.195 -403.385 -87.673 
14.091 -403.323 -87.717 
13.999 -403.270 -87.756 
13.931 -403.230 -87.785 
13.852 -403.184 -87.819 
13.763 -403.133 -87.856 
13.709 -403.102 -87.879 
13.613 -403.048 -87.920 
13.536 -403.005 -87.952 
13.453 -402.959 -87.987 
13.359 -402.907 -88.027 
13.270 -402.858 -88.065 
13.177 -402.808 -88.104 
13.071 -402.751 -88.149 
12.958 -402.692 -88.196 
12.881 -402.652 -88.229 
12.785 -402.602 -88.269 
12.694 -402.555 -88.308 
12.603 -402.509 -88.346 
12.487 -402.452 -88.395 
12.412 -402.415 -88.427 
12.345 -402.382 -88.455 
12.284 -402.353 -88.481 
12.188 -402.306 -88.521 
12.122 -402.274 -88.549 
12.013 -402.223 -88.595 
11.920 -402.180 -88.635 
11.839 -402.143 -88.669 
11.731 -402.093 -88.715 
11.653 -402.058 -88.748 
11.572 -402.022 -88.782 
11.466 -401.975 -88.827 
11.377 -401.936 -88.864 
11.298 -401.902 -88.897 
11.224 -401.870 -88.929 
11.136 -401.833 -88.966 
11.055 -401.799 -89.000 
10.972 -401.765 -89.035 
10.863 -401.720 -89.082 
10.806 -401.697 -89.105 
10.727 -401.665 -89.139 
10.607 -401.617 -89.190 
10.494 -401.573 -89.238 
10.408 -401.539 -89.274 
10.312 -401.503 -89.315 
10.216 -401.467 -89.356 
10.158 -401.445 -89.380 
10.071 -401.413 -89.417 
10.003 -401.388 -89.446 
9.894 -401.348 -89.492 
9.827 -401.324 -89.520 
