26.388 -423.583 -82.406 
26.376 -423.457 -82.412 
26.363 -423.338 -82.419 
26.352 -423.236 -82.424 
26.334 -423.081 -82.433 
26.322 -422.979 -82.439 
26.309 -422.873 -82.445 
26.294 -422.756 -82.452 
26.278 -422.630 -82.460 
26.263 -422.519 -82.467 
26.246 -422.396 -82.475 
26.233 -422.301 -82.481 
26.221 -422.219 -82.487 
26.212 -422.153 -82.491 
26.193 -422.025 -82.500 
26.171 -421.882 -82.511 
26.161 -421.818 -82.515 
26.150 -421.751 -82.520 
26.132 -421.637 -82.529 
26.111 -421.510 -82.539 
26.092 -421.398 -82.547 
26.072 -421.285 -82.557 
26.053 -421.176 -82.566 
26.035 -421.078 -82.574 
26.012 -420.954 -82.584 
25.990 -420.837 -82.594 
25.970 -420.732 -82.604 
25.958 -420.671 -82.609 
25.939 -420.575 -82.618 
25.921 -420.484 -82.626 
25.901 -420.387 -82.635 
25.882 -420.297 -82.644 
25.852 -420.157 -82.658 
25.840 -420.102 -82.663 
25.821 -420.012 -82.672 
25.803 -419.934 -82.680 
25.784 -419.849 -82.689 
25.756 -419.728 -82.701 
25.733 -419.628 -82.712 
25.714 -419.546 -82.720 
25.691 -419.449 -82.731 
25.662 -419.332 -82.743 
25.629 -419.199 -82.758 
25.606 -419.107 -82.768 
25.586 -419.029 -82.777 
25.558 -418.920 -82.790 
25.527 -418.803 -82.803 
25.502 -418.710 -82.814 
25.470 -418.593 -82.829 
25.455 -418.538 -82.835 
25.426 -418.435 -82.848 
25.398 -418.334 -82.861 
25.366 -418.223 -82.875 
25.338 -418.129 -82.887 
25.300 -417.999 -82.904 
25.283 -417.942 -82.912 
25.263 -417.878 -82.921 
25.228 -417.763 -82.937 
25.204 -417.685 -82.947 
25.172 -417.583 -82.962 
25.139 -417.480 -82.976 
25.105 -417.377 -82.991 
25.070 -417.268 -83.007 
25.039 -417.173 -83.021 
25.019 -417.114 -83.030 
24.988 -417.024 -83.043 
24.954 -416.924 -83.058 
24.933 -416.861 -83.068 
24.899 -416.764 -83.083 
24.863 -416.663 -83.099 
24.835 -416.584 -83.111 
24.810 -416.513 -83.123 
24.776 -416.421 -83.138 
24.750 -416.348 -83.150 
24.718 -416.262 -83.164 
24.668 -416.127 -83.186 
24.631 -416.030 -83.203 
24.606 -415.965 -83.214 
24.572 -415.876 -83.229 
24.537 -415.785 -83.245 
24.487 -415.658 -83.267 
24.453 -415.573 -83.283 
24.416 -415.480 -83.299 
24.383 -415.399 -83.314 
24.334 -415.278 -83.336 
24.275 -415.134 -83.363 
24.232 -415.033 -83.382 
24.195 -414.946 -83.398 
24.131 -414.795 -83.427 
24.080 -414.679 -83.450 
24.056 -414.623 -83.461 
23.983 -414.457 -83.494 
23.939 -414.362 -83.514 
23.885 -414.241 -83.538 
23.836 -414.136 -83.560 
23.790 -414.037 -83.581 
23.760 -413.974 -83.594 
23.713 -413.875 -83.616 
23.666 -413.776 -83.637 
23.618 -413.677 -83.659 
23.575 -413.590 -83.678 
23.523 -413.484 -83.701 
23.492 -413.422 -83.715 
23.429 -413.298 -83.743 
23.378 -413.197 -83.766 
23.328 -413.102 -83.789 
23.274 -412.999 -83.813 
23.223 -412.901 -83.836 
23.165 -412.792 -83.862 
23.107 -412.685 -83.887 
23.045 -412.572 -83.915 
22.993 -412.477 -83.939 
22.941 -412.385 -83.962 
22.907 -412.324 -83.977 
22.849 -412.221 -84.004 
22.812 -412.157 -84.020 
22.761 -412.068 -84.043 
22.722 -412.000 -84.061 
22.676 -411.923 -84.081 
22.637 -411.856 -84.099 
22.603 -411.798 -84.114 
22.540 -411.693 -84.142 
22.500 -411.628 -84.160 
22.437 -411.524 -84.188 
22.394 -411.454 -84.207 
22.356 -411.393 -84.224 
22.324 -411.340 -84.239 
22.273 -411.260 -84.261 
22.215 -411.167 -84.287 
22.150 -411.066 -84.316 
22.114 -411.010 -84.332 
22.061 -410.928 -84.356 
22.011 -410.852 -84.378 
21.948 -410.757 -84.405 
21.904 -410.690 -84.425 
21.819 -410.563 -84.463 
21.764 -410.483 -84.487 
21.692 -410.377 -84.519 
21.646 -410.310 -84.539 
21.584 -410.222 -84.566 
21.527 -410.140 -84.592 
21.456 -410.042 -84.623 
21.381 -409.936 -84.656 
21.332 -409.869 -84.678 
21.259 -409.768 -84.710 
21.200 -409.688 -84.736 
21.158 -409.632 -84.755 
21.084 -409.533 -84.787 
21.012 -409.438 -84.819 
20.958 -409.366 -84.843 
20.933 -409.334 -84.854 
20.878 -409.262 -84.879 
20.825 -409.194 -84.902 
20.750 -409.098 -84.935 
20.701 -409.036 -84.957 
20.663 -408.987 -84.974 
20.588 -408.894 -85.007 
20.535 -408.828 -85.031 
20.457 -408.733 -85.065 
20.396 -408.659 -85.092 
20.315 -408.561 -85.128 
20.269 -408.506 -85.148 
20.214 -408.441 -85.172 
20.158 -408.374 -85.197 
20.085 -408.289 -85.229 
20.039 -408.235 -85.250 
19.977 -408.164 -85.277 
19.928 -408.108 -85.298 
19.829 -407.995 -85.342 
19.778 -407.938 -85.364 
19.710 -407.862 -85.394 
19.661 -407.807 -85.415 
19.591 -407.730 -85.446 
19.535 -407.669 -85.470 
19.427 -407.552 -85.518 
19.357 -407.478 -85.548 
19.276 -407.392 -85.583 
19.190 -407.302 -85.621 
19.103 -407.212 -85.659 
19.049 -407.156 -85.682 
18.960 -407.065 -85.721 
18.908 -407.013 -85.744 
18.842 -406.946 -85.773 
18.758 -406.863 -85.809 
18.701 -406.806 -85.834 
18.631 -406.737 -85.865 
18.580 -406.688 -85.887 
18.496 -406.607 -85.924 
18.423 -406.537 -85.956 
18.372 -406.488 -85.978 
18.303 -406.423 -86.008 
18.207 -406.333 -86.049 
18.120 -406.253 -86.087 
18.033 -406.173 -86.125 
17.950 -406.099 -86.161 
17.881 -406.036 -86.191 
17.820 -405.982 -86.217 
17.737 -405.909 -86.253 
17.624 -405.810 -86.302 
17.556 -405.751 -86.332 
17.499 -405.703 -86.356 
17.431 -405.644 -86.386 
17.349 -405.575 -86.421 
17.275 -405.513 -86.453 
17.206 -405.455 -86.483 
17.123 -405.387 -86.519 
17.042 -405.321 -86.554 
16.986 -405.275 -86.578 
16.920 -405.222 -86.606 
16.843 -405.160 -86.640 
16.757 -405.092 -86.676 
16.692 -405.041 -86.704 
16.572 -404.947 -86.756 
16.498 -404.891 -86.788 
16.411 -404.825 -86.825 
16.327 -404.761 -86.862 
16.238 -404.695 -86.900 
16.158 -404.636 -86.934 
16.066 -404.568 -86.974 
15.970 -404.498 -87.015 
15.880 -404.434 -87.054 
15.810 -404.384 -87.084 
15.727 -404.325 -87.119 
15.652 -404.273 -87.151 
15.610 -404.244 -87.170 
15.509 -404.174 -87.213 
15.440 -404.127 -87.243 
15.358 -404.071 -87.278 
15.277 -404.016 -87.313 
15.168 -403.944 -87.360 
15.075 -403.882 -87.400 
14.995 -403.830 -87.435 
14.913 -403.777 -87.470 
14.869 -403.749 -87.489 
14.832 -403.725 -87.505 
14.742 -403.668 -87.543 
14.687 -403.633 -87.567 
14.602 -403.580 -87.603 
14.507 -403.521 -87.645 
14.415 -403.465 -87.684 
14.293 -403.391 -87.736 
14.193 -403.331 -87.779 
14.127 -403.292 -87.808 
14.033 -403.237 -87.848 
13.945 -403.186 -87.885 
13.859 -403.136 -87.922 
13.771 -403.086 -87.960 
13.695 -403.043 -87.992 
13.625 -403.004 -88.022 
13.545 -402.959 -88.057 
13.467 -402.916 -88.090 
13.369 -402.862 -88.132 
13.282 -402.815 -88.169 
13.195 -402.768 -88.206 
13.091 -402.713 -88.251 
13.037 -402.685 -88.274 
12.889 -402.607 -88.337 
12.784 -402.553 -88.381 
12.745 -402.534 -88.398 
12.638 -402.479 -88.444 
12.540 -402.431 -88.485 
12.446 -402.384 -88.525 
12.389 -402.357 -88.549 
12.283 -402.305 -88.595 
12.179 -402.255 -88.639 
12.057 -402.198 -88.691 
11.986 -402.165 -88.721 
11.921 -402.135 -88.749 
11.837 -402.096 -88.784 
11.738 -402.051 -88.827 
11.662 -402.017 -88.859 
11.594 -401.987 -88.888 
11.493 -401.943 -88.931 
11.388 -401.897 -88.975 
11.288 -401.854 -89.018 
11.185 -401.810 -89.061 
11.093 -401.772 -89.100 
10.995 -401.731 -89.142 
10.901 -401.693 -89.182 
10.793 -401.649 -89.228 
10.671 -401.601 -89.280 
10.569 -401.561 -89.323 
10.488 -401.529 -89.358 
10.392 -401.493 -89.399 
10.322 -401.466 -89.429 
10.225 -401.430 -89.470 
10.134 -401.397 -89.508 
10.070 -401.373 -89.536 
9.984 -401.342 -89.572 
9.922 -401.320 -89.598 
9.843 -401.292 -89.632 
9.749 -401.259 -89.672 
9.667 -401.230 -89.706 
