24.700 -458.377 -70.112 
24.699 -458.217 -70.112 
24.697 -458.084 -70.113 
24.696 -458.007 -70.113 
24.695 -457.959 -70.114 
24.692 -457.849 -70.114 
24.688 -457.693 -70.116 
24.684 -457.542 -70.118 
24.680 -457.446 -70.119 
24.678 -457.393 -70.120 
24.671 -457.227 -70.123 
24.667 -457.141 -70.125 
24.662 -457.037 -70.127 
24.653 -456.882 -70.131 
24.649 -456.806 -70.133 
24.642 -456.703 -70.136 
24.638 -456.633 -70.138 
24.630 -456.510 -70.142 
24.625 -456.442 -70.144 
24.615 -456.308 -70.148 
24.611 -456.265 -70.150 
24.605 -456.185 -70.153 
24.595 -456.072 -70.157 
24.584 -455.939 -70.162 
24.571 -455.799 -70.167 
24.562 -455.706 -70.171 
24.553 -455.610 -70.176 
24.539 -455.482 -70.182 
24.527 -455.371 -70.187 
24.517 -455.274 -70.192 
24.505 -455.177 -70.197 
24.501 -455.140 -70.199 
24.490 -455.046 -70.204 
24.475 -454.930 -70.210 
24.464 -454.845 -70.215 
24.447 -454.715 -70.222 
24.438 -454.645 -70.226 
24.416 -454.485 -70.236 
24.401 -454.387 -70.242 
24.381 -454.253 -70.251 
24.369 -454.173 -70.256 
24.357 -454.094 -70.262 
24.334 -453.953 -70.272 
24.317 -453.846 -70.280 
24.296 -453.723 -70.289 
24.280 -453.634 -70.296 
24.268 -453.563 -70.301 
24.252 -453.476 -70.308 
24.231 -453.360 -70.317 
24.206 -453.226 -70.328 
24.188 -453.134 -70.336 
24.168 -453.030 -70.345 
24.144 -452.912 -70.355 
24.121 -452.798 -70.366 
24.102 -452.710 -70.374 
24.081 -452.613 -70.383 
24.067 -452.545 -70.389 
24.048 -452.458 -70.397 
24.021 -452.339 -70.409 
24.001 -452.250 -70.417 
23.977 -452.144 -70.428 
23.957 -452.060 -70.437 
23.938 -451.976 -70.445 
23.914 -451.878 -70.455 
23.885 -451.760 -70.468 
23.856 -451.644 -70.480 
23.832 -451.551 -70.491 
23.814 -451.479 -70.499 
23.786 -451.371 -70.511 
23.761 -451.276 -70.522 
23.736 -451.182 -70.533 
23.703 -451.061 -70.548 
23.683 -450.988 -70.557 
23.658 -450.900 -70.567 
23.620 -450.765 -70.584 
23.593 -450.669 -70.597 
23.563 -450.568 -70.610 
23.539 -450.486 -70.620 
23.516 -450.411 -70.630 
23.488 -450.317 -70.643 
23.455 -450.211 -70.657 
23.430 -450.129 -70.668 
23.404 -450.045 -70.680 
23.372 -449.944 -70.694 
23.339 -449.843 -70.708 
23.312 -449.760 -70.719 
23.261 -449.604 -70.742 
23.228 -449.503 -70.756 
23.191 -449.394 -70.772 
23.163 -449.314 -70.784 
23.141 -449.248 -70.794 
23.114 -449.170 -70.806 
23.075 -449.061 -70.822 
23.038 -448.955 -70.839 
23.001 -448.852 -70.854 
22.963 -448.748 -70.871 
22.923 -448.639 -70.888 
22.887 -448.543 -70.903 
22.859 -448.468 -70.916 
22.832 -448.397 -70.927 
22.785 -448.275 -70.947 
22.746 -448.173 -70.964 
22.717 -448.098 -70.977 
22.692 -448.035 -70.988 
22.665 -447.967 -70.999 
22.619 -447.852 -71.019 
22.574 -447.740 -71.038 
22.516 -447.601 -71.063 
22.473 -447.497 -71.081 
22.432 -447.399 -71.099 
22.400 -447.323 -71.113 
22.350 -447.208 -71.134 
22.329 -447.158 -71.143 
22.275 -447.036 -71.166 
22.226 -446.924 -71.187 
22.187 -446.837 -71.204 
22.141 -446.735 -71.224 
22.101 -446.648 -71.241 
22.058 -446.554 -71.259 
22.004 -446.438 -71.282 
21.949 -446.321 -71.305 
21.914 -446.247 -71.320 
21.873 -446.161 -71.338 
21.823 -446.059 -71.359 
21.776 -445.963 -71.379 
21.749 -445.908 -71.390 
21.725 -445.860 -71.400 
21.695 -445.799 -71.413 
21.646 -445.702 -71.434 
21.592 -445.596 -71.456 
21.532 -445.478 -71.482 
21.483 -445.383 -71.503 
21.442 -445.304 -71.521 
21.395 -445.215 -71.540 
21.328 -445.089 -71.569 
21.294 -445.025 -71.583 
21.239 -444.923 -71.607 
21.196 -444.845 -71.625 
21.152 -444.764 -71.643 
21.123 -444.712 -71.655 
21.073 -444.621 -71.677 
21.031 -444.547 -71.694 
20.982 -444.459 -71.715 
20.937 -444.379 -71.734 
20.908 -444.329 -71.746 
20.848 -444.224 -71.771 
20.790 -444.123 -71.795 
20.718 -443.998 -71.825 
20.681 -443.934 -71.841 
20.636 -443.857 -71.859 
20.580 -443.763 -71.882 
20.508 -443.640 -71.912 
20.447 -443.539 -71.937 
20.399 -443.460 -71.957 
20.327 -443.339 -71.987 
20.242 -443.199 -72.022 
20.184 -443.105 -72.046 
20.118 -442.998 -72.073 
20.035 -442.864 -72.107 
19.980 -442.778 -72.130 
19.919 -442.680 -72.155 
19.863 -442.593 -72.177 
19.831 -442.542 -72.190 
19.781 -442.463 -72.211 
19.728 -442.380 -72.232 
19.663 -442.280 -72.258 
19.604 -442.190 -72.282 
19.561 -442.123 -72.299 
19.517 -442.056 -72.317 
19.459 -441.969 -72.340 
19.408 -441.891 -72.361 
19.360 -441.820 -72.380 
19.293 -441.720 -72.406 
19.238 -441.639 -72.428 
19.179 -441.552 -72.452 
19.134 -441.485 -72.470 
19.086 -441.415 -72.489 
19.035 -441.341 -72.510 
19.001 -441.291 -72.524 
18.958 -441.230 -72.540 
18.901 -441.148 -72.563 
18.854 -441.081 -72.582 
18.815 -441.026 -72.598 
18.744 -440.926 -72.626 
18.703 -440.868 -72.642 
18.659 -440.806 -72.660 
18.588 -440.707 -72.688 
18.527 -440.623 -72.713 
18.477 -440.554 -72.733 
18.391 -440.437 -72.767 
18.334 -440.360 -72.790 
18.260 -440.259 -72.819 
18.223 -440.210 -72.834 
18.170 -440.139 -72.855 
18.127 -440.083 -72.872 
18.092 -440.036 -72.886 
18.028 -439.951 -72.912 
17.967 -439.871 -72.936 
17.910 -439.797 -72.958 
17.851 -439.721 -72.982 
17.812 -439.670 -72.997 
17.726 -439.560 -73.031 
17.640 -439.449 -73.066 
17.585 -439.380 -73.087 
17.529 -439.309 -73.110 
17.476 -439.242 -73.130 
17.428 -439.182 -73.149 
17.370 -439.109 -73.172 
17.306 -439.029 -73.198 
17.247 -438.955 -73.221 
17.166 -438.856 -73.253 
17.119 -438.798 -73.271 
17.042 -438.703 -73.302 
16.990 -438.639 -73.322 
16.931 -438.568 -73.345 
16.867 -438.490 -73.370 
16.795 -438.403 -73.398 
16.713 -438.304 -73.430 
16.641 -438.218 -73.458 
16.600 -438.168 -73.474 
16.522 -438.076 -73.504 
16.474 -438.018 -73.522 
16.419 -437.953 -73.543 
16.339 -437.859 -73.574 
16.278 -437.786 -73.597 
16.185 -437.676 -73.633 
16.099 -437.576 -73.666 
16.046 -437.514 -73.686 
16.002 -437.463 -73.703 
15.963 -437.417 -73.718 
15.865 -437.304 -73.755 
15.804 -437.234 -73.778 
15.746 -437.167 -73.800 
15.680 -437.092 -73.825 
15.583 -436.981 -73.861 
15.532 -436.923 -73.880 
15.463 -436.845 -73.906 
15.394 -436.767 -73.932 
15.337 -436.703 -73.953 
15.269 -436.626 -73.978 
15.221 -436.573 -73.996 
15.163 -436.508 -74.018 
15.092 -436.429 -74.044 
15.030 -436.361 -74.066 
14.936 -436.256 -74.101 
14.895 -436.211 -74.116 
14.854 -436.165 -74.131 
14.806 -436.112 -74.148 
14.741 -436.040 -74.172 
14.662 -435.953 -74.201 
14.603 -435.888 -74.223 
14.537 -435.815 -74.247 
