26.387 -423.572 -82.406 
26.377 -423.475 -82.411 
26.362 -423.331 -82.419 
26.344 -423.171 -82.428 
26.334 -423.080 -82.433 
26.322 -422.981 -82.439 
26.303 -422.824 -82.449 
26.292 -422.740 -82.454 
26.278 -422.627 -82.461 
26.265 -422.531 -82.468 
26.250 -422.424 -82.475 
26.230 -422.277 -82.485 
26.220 -422.212 -82.489 
26.201 -422.081 -82.499 
26.183 -421.959 -82.507 
26.173 -421.899 -82.512 
26.157 -421.797 -82.519 
26.140 -421.691 -82.527 
26.129 -421.621 -82.533 
26.115 -421.534 -82.540 
26.100 -421.448 -82.546 
26.081 -421.334 -82.556 
26.064 -421.238 -82.563 
26.044 -421.125 -82.573 
26.031 -421.053 -82.579 
26.004 -420.908 -82.591 
25.983 -420.801 -82.600 
25.959 -420.675 -82.612 
25.938 -420.570 -82.621 
25.918 -420.467 -82.630 
25.892 -420.342 -82.642 
25.873 -420.250 -82.651 
25.852 -420.150 -82.660 
25.833 -420.063 -82.669 
25.823 -420.015 -82.674 
25.801 -419.916 -82.683 
25.778 -419.813 -82.694 
25.757 -419.721 -82.704 
25.740 -419.649 -82.711 
25.716 -419.545 -82.722 
25.707 -419.508 -82.727 
25.687 -419.423 -82.736 
25.670 -419.354 -82.744 
25.647 -419.259 -82.754 
25.618 -419.145 -82.767 
25.593 -419.048 -82.778 
25.568 -418.951 -82.790 
25.538 -418.836 -82.804 
25.521 -418.772 -82.811 
25.495 -418.678 -82.823 
25.470 -418.583 -82.835 
25.441 -418.481 -82.847 
25.401 -418.341 -82.865 
25.374 -418.246 -82.878 
25.344 -418.142 -82.892 
25.307 -418.018 -82.908 
25.282 -417.935 -82.920 
25.267 -417.886 -82.926 
25.242 -417.805 -82.937 
25.217 -417.725 -82.948 
25.194 -417.650 -82.959 
25.163 -417.553 -82.973 
25.129 -417.444 -82.988 
25.094 -417.336 -83.003 
25.065 -417.246 -83.016 
25.032 -417.149 -83.031 
24.996 -417.040 -83.047 
24.961 -416.939 -83.062 
24.928 -416.842 -83.076 
24.890 -416.731 -83.093 
24.846 -416.608 -83.112 
24.801 -416.481 -83.132 
24.776 -416.411 -83.143 
24.748 -416.334 -83.155 
24.719 -416.256 -83.168 
24.696 -416.192 -83.178 
24.667 -416.114 -83.191 
24.635 -416.028 -83.205 
24.597 -415.928 -83.221 
24.569 -415.857 -83.233 
24.532 -415.761 -83.249 
24.491 -415.656 -83.267 
24.466 -415.591 -83.278 
24.422 -415.482 -83.297 
24.397 -415.419 -83.308 
24.370 -415.351 -83.320 
24.337 -415.271 -83.335 
24.299 -415.178 -83.351 
24.263 -415.090 -83.367 
24.230 -415.013 -83.382 
24.189 -414.915 -83.400 
24.155 -414.834 -83.415 
24.104 -414.718 -83.436 
24.066 -414.630 -83.453 
24.024 -414.534 -83.471 
23.982 -414.438 -83.490 
23.944 -414.354 -83.506 
23.902 -414.260 -83.524 
23.852 -414.152 -83.546 
23.804 -414.048 -83.566 
23.772 -413.979 -83.580 
23.726 -413.882 -83.600 
23.665 -413.754 -83.626 
23.637 -413.695 -83.638 
23.612 -413.644 -83.649 
23.546 -413.510 -83.677 
23.469 -413.354 -83.710 
23.408 -413.231 -83.737 
23.370 -413.158 -83.753 
23.338 -413.094 -83.767 
23.273 -412.970 -83.794 
23.224 -412.874 -83.816 
23.171 -412.774 -83.839 
23.138 -412.713 -83.853 
23.101 -412.643 -83.869 
23.058 -412.564 -83.887 
23.008 -412.472 -83.908 
22.955 -412.376 -83.931 
22.910 -412.296 -83.950 
22.863 -412.211 -83.970 
22.808 -412.114 -83.994 
22.768 -412.045 -84.011 
22.715 -411.953 -84.034 
22.659 -411.856 -84.058 
22.612 -411.777 -84.078 
22.567 -411.700 -84.098 
22.522 -411.624 -84.118 
22.457 -411.517 -84.146 
22.395 -411.415 -84.173 
22.348 -411.338 -84.194 
22.317 -411.288 -84.207 
22.261 -411.198 -84.231 
22.212 -411.120 -84.253 
22.168 -411.049 -84.272 
22.100 -410.944 -84.302 
22.041 -410.852 -84.327 
21.987 -410.770 -84.351 
21.931 -410.684 -84.376 
21.879 -410.607 -84.398 
21.817 -410.513 -84.426 
21.743 -410.404 -84.458 
21.688 -410.323 -84.482 
21.639 -410.251 -84.504 
21.593 -410.186 -84.523 
21.542 -410.113 -84.546 
21.479 -410.024 -84.573 
21.431 -409.955 -84.595 
21.354 -409.848 -84.628 
21.296 -409.768 -84.653 
21.243 -409.694 -84.677 
21.179 -409.607 -84.705 
21.096 -409.496 -84.741 
21.035 -409.414 -84.768 
20.978 -409.338 -84.793 
20.921 -409.264 -84.817 
20.871 -409.199 -84.839 
20.800 -409.107 -84.870 
20.721 -409.006 -84.905 
20.671 -408.942 -84.927 
20.617 -408.874 -84.950 
20.574 -408.821 -84.969 
20.525 -408.759 -84.991 
20.463 -408.683 -85.018 
20.406 -408.613 -85.043 
20.356 -408.552 -85.065 
20.278 -408.457 -85.099 
20.212 -408.379 -85.128 
20.147 -408.301 -85.156 
20.075 -408.217 -85.187 
19.978 -408.104 -85.229 
19.924 -408.041 -85.253 
19.845 -407.951 -85.288 
19.798 -407.898 -85.308 
19.746 -407.839 -85.331 
19.669 -407.753 -85.364 
19.614 -407.692 -85.388 
19.529 -407.598 -85.425 
19.441 -407.503 -85.463 
19.382 -407.439 -85.489 
19.299 -407.350 -85.525 
19.235 -407.283 -85.553 
19.174 -407.219 -85.579 
19.100 -407.142 -85.611 
19.036 -407.076 -85.639 
18.968 -407.006 -85.668 
18.903 -406.941 -85.696 
18.836 -406.873 -85.726 
18.782 -406.819 -85.749 
18.721 -406.758 -85.776 
18.652 -406.691 -85.806 
18.588 -406.628 -85.834 
18.529 -406.571 -85.859 
18.473 -406.516 -85.884 
18.387 -406.434 -85.921 
18.320 -406.371 -85.951 
18.269 -406.323 -85.973 
18.188 -406.247 -86.008 
18.123 -406.188 -86.036 
18.050 -406.120 -86.068 
17.990 -406.065 -86.095 
17.928 -406.009 -86.122 
17.867 -405.954 -86.148 
17.768 -405.866 -86.191 
17.691 -405.798 -86.225 
17.581 -405.702 -86.273 
17.499 -405.631 -86.309 
17.432 -405.574 -86.338 
17.362 -405.514 -86.369 
17.292 -405.455 -86.399 
17.213 -405.390 -86.434 
17.142 -405.331 -86.465 
17.074 -405.275 -86.494 
16.954 -405.176 -86.547 
16.851 -405.094 -86.591 
16.781 -405.037 -86.622 
16.677 -404.955 -86.667 
16.594 -404.890 -86.703 
16.543 -404.851 -86.725 
16.444 -404.774 -86.769 
16.376 -404.722 -86.798 
16.293 -404.660 -86.835 
16.193 -404.585 -86.878 
16.102 -404.517 -86.918 
16.010 -404.450 -86.957 
15.949 -404.406 -86.984 
15.884 -404.359 -87.012 
15.801 -404.299 -87.048 
15.700 -404.227 -87.093 
15.641 -404.186 -87.118 
15.562 -404.130 -87.153 
15.503 -404.089 -87.178 
15.406 -404.023 -87.221 
15.308 -403.956 -87.263 
15.214 -403.893 -87.304 
15.141 -403.845 -87.336 
15.056 -403.789 -87.372 
14.962 -403.727 -87.414 
14.878 -403.673 -87.450 
14.816 -403.633 -87.477 
14.698 -403.558 -87.529 
14.602 -403.498 -87.571 
14.496 -403.432 -87.617 
14.407 -403.377 -87.656 
14.338 -403.335 -87.686 
14.235 -403.273 -87.731 
14.130 -403.210 -87.777 
14.058 -403.167 -87.809 
13.943 -403.101 -87.860 
13.876 -403.062 -87.889 
13.797 -403.016 -87.924 
13.693 -402.957 -87.969 
13.586 -402.897 -88.016 
13.476 -402.835 -88.065 
13.353 -402.768 -88.118 
13.259 -402.717 -88.159 
13.185 -402.677 -88.192 
13.107 -402.635 -88.226 
13.007 -402.583 -88.269 
12.905 -402.529 -88.314 
12.816 -402.483 -88.352 
12.759 -402.454 -88.377 
12.692 -402.420 -88.406 
12.587 -402.367 -88.452 
12.500 -402.324 -88.489 
12.423 -402.286 -88.523 
12.288 -402.221 -88.581 
12.196 -402.177 -88.621 
12.089 -402.126 -88.668 
11.988 -402.079 -88.711 
11.887 -402.032 -88.755 
11.772 -401.980 -88.805 
11.716 -401.955 -88.829 
11.635 -401.918 -88.864 
11.554 -401.883 -88.900 
11.444 -401.834 -88.947 
11.344 -401.792 -88.990 
11.278 -401.763 -89.019 
11.166 -401.716 -89.068 
11.044 -401.665 -89.121 
10.957 -401.629 -89.158 
10.853 -401.588 -89.203 
10.755 -401.548 -89.246 
10.659 -401.510 -89.287 
10.523 -401.458 -89.346 
10.444 -401.428 -89.380 
10.348 -401.391 -89.422 
10.261 -401.359 -89.459 
10.214 -401.341 -89.479 
10.120 -401.306 -89.520 
10.036 -401.276 -89.556 
9.889 -401.223 -89.619 
9.828 -401.201 -89.646 
9.726 -401.166 -89.689 
9.655 -401.141 -89.720 
