24.700 -458.420 -70.112 
24.699 -458.265 -70.112 
24.698 -458.207 -70.112 
24.697 -458.078 -70.113 
24.694 -457.948 -70.114 
24.692 -457.842 -70.115 
24.689 -457.712 -70.117 
24.686 -457.623 -70.118 
24.681 -457.470 -70.120 
24.676 -457.342 -70.123 
24.671 -457.227 -70.125 
24.667 -457.146 -70.127 
24.659 -456.994 -70.130 
24.655 -456.916 -70.132 
24.650 -456.833 -70.134 
24.644 -456.743 -70.137 
24.635 -456.595 -70.141 
24.629 -456.517 -70.143 
24.619 -456.375 -70.148 
24.609 -456.251 -70.152 
24.603 -456.168 -70.155 
24.594 -456.062 -70.159 
24.585 -455.967 -70.162 
24.576 -455.860 -70.167 
24.567 -455.766 -70.170 
24.556 -455.656 -70.175 
24.536 -455.464 -70.184 
24.528 -455.395 -70.187 
24.513 -455.261 -70.194 
24.492 -455.079 -70.203 
24.479 -454.978 -70.208 
24.469 -454.895 -70.213 
24.456 -454.797 -70.219 
24.443 -454.695 -70.225 
24.420 -454.534 -70.235 
24.402 -454.407 -70.242 
24.389 -454.317 -70.248 
24.374 -454.219 -70.254 
24.362 -454.139 -70.260 
24.351 -454.067 -70.265 
24.337 -453.982 -70.271 
24.320 -453.878 -70.278 
24.303 -453.775 -70.286 
24.286 -453.674 -70.293 
24.261 -453.533 -70.304 
24.241 -453.425 -70.312 
24.220 -453.307 -70.322 
24.196 -453.180 -70.332 
24.168 -453.038 -70.345 
24.148 -452.940 -70.353 
24.132 -452.861 -70.360 
24.112 -452.765 -70.369 
24.090 -452.659 -70.379 
24.072 -452.575 -70.386 
24.044 -452.450 -70.398 
24.019 -452.335 -70.409 
23.998 -452.243 -70.418 
23.977 -452.155 -70.427 
23.945 -452.017 -70.441 
23.917 -451.899 -70.453 
23.895 -451.809 -70.462 
23.870 -451.709 -70.473 
23.849 -451.628 -70.482 
23.820 -451.513 -70.494 
23.794 -451.414 -70.505 
23.771 -451.327 -70.515 
23.743 -451.220 -70.527 
23.711 -451.103 -70.540 
23.684 -451.006 -70.551 
23.664 -450.933 -70.560 
23.644 -450.859 -70.569 
23.626 -450.796 -70.576 
23.598 -450.700 -70.588 
23.572 -450.611 -70.599 
23.540 -450.500 -70.612 
23.512 -450.409 -70.624 
23.474 -450.281 -70.640 
23.447 -450.195 -70.651 
23.415 -450.090 -70.665 
23.379 -449.976 -70.680 
23.347 -449.877 -70.693 
23.317 -449.783 -70.706 
23.278 -449.664 -70.722 
23.247 -449.569 -70.736 
23.210 -449.461 -70.751 
23.174 -449.355 -70.766 
23.139 -449.253 -70.781 
23.105 -449.156 -70.795 
23.072 -449.062 -70.809 
23.043 -448.981 -70.822 
23.018 -448.910 -70.832 
22.987 -448.826 -70.845 
22.944 -448.709 -70.864 
22.917 -448.635 -70.875 
22.880 -448.538 -70.890 
22.852 -448.463 -70.902 
22.823 -448.387 -70.914 
22.771 -448.253 -70.936 
22.735 -448.158 -70.952 
22.678 -448.016 -70.975 
22.646 -447.935 -70.989 
22.611 -447.847 -71.004 
22.580 -447.770 -71.017 
22.544 -447.683 -71.033 
22.502 -447.581 -71.050 
22.468 -447.499 -71.065 
22.434 -447.417 -71.079 
22.396 -447.328 -71.095 
22.357 -447.236 -71.112 
22.316 -447.141 -71.129 
22.277 -447.050 -71.145 
22.229 -446.941 -71.165 
22.184 -446.839 -71.184 
22.135 -446.730 -71.205 
22.106 -446.665 -71.217 
22.076 -446.599 -71.229 
22.049 -446.540 -71.241 
22.013 -446.462 -71.256 
21.952 -446.332 -71.281 
21.916 -446.255 -71.296 
21.860 -446.136 -71.319 
21.800 -446.010 -71.344 
21.742 -445.891 -71.368 
21.691 -445.787 -71.390 
21.641 -445.687 -71.411 
21.591 -445.586 -71.432 
21.544 -445.492 -71.452 
21.497 -445.400 -71.471 
21.448 -445.304 -71.492 
21.397 -445.206 -71.513 
21.344 -445.104 -71.535 
21.284 -444.989 -71.560 
21.254 -444.934 -71.572 
21.222 -444.873 -71.586 
21.159 -444.757 -71.611 
21.114 -444.673 -71.630 
21.068 -444.590 -71.649 
21.023 -444.507 -71.668 
20.991 -444.449 -71.681 
20.917 -444.315 -71.712 
20.848 -444.193 -71.740 
20.791 -444.093 -71.763 
20.747 -444.016 -71.781 
20.693 -443.921 -71.803 
20.650 -443.846 -71.821 
20.592 -443.746 -71.845 
20.534 -443.647 -71.868 
20.466 -443.532 -71.896 
20.403 -443.425 -71.921 
20.355 -443.344 -71.941 
20.304 -443.259 -71.962 
20.273 -443.208 -71.974 
20.190 -443.069 -72.008 
20.127 -442.967 -72.033 
20.068 -442.869 -72.058 
20.006 -442.768 -72.083 
19.962 -442.698 -72.100 
19.915 -442.622 -72.120 
19.842 -442.505 -72.149 
19.779 -442.405 -72.175 
19.743 -442.348 -72.189 
19.696 -442.274 -72.208 
19.637 -442.182 -72.232 
19.583 -442.097 -72.254 
19.558 -442.059 -72.264 
19.500 -441.969 -72.287 
19.444 -441.883 -72.310 
19.409 -441.830 -72.324 
19.355 -441.749 -72.345 
19.267 -441.616 -72.381 
19.171 -441.474 -72.419 
19.114 -441.388 -72.442 
19.042 -441.282 -72.471 
18.983 -441.196 -72.494 
18.910 -441.090 -72.523 
18.860 -441.017 -72.543 
18.814 -440.951 -72.561 
18.782 -440.906 -72.574 
18.742 -440.848 -72.590 
18.680 -440.760 -72.614 
18.602 -440.651 -72.644 
18.554 -440.584 -72.663 
18.500 -440.508 -72.684 
18.452 -440.441 -72.703 
18.394 -440.361 -72.726 
18.312 -440.248 -72.759 
18.258 -440.176 -72.780 
18.189 -440.082 -72.807 
18.117 -439.986 -72.835 
18.052 -439.897 -72.861 
17.999 -439.827 -72.882 
17.954 -439.767 -72.900 
17.905 -439.702 -72.919 
17.838 -439.613 -72.946 
17.762 -439.515 -72.975 
17.679 -439.406 -73.008 
17.596 -439.300 -73.041 
17.532 -439.217 -73.066 
17.476 -439.146 -73.088 
17.428 -439.084 -73.107 
17.342 -438.975 -73.141 
17.270 -438.885 -73.168 
17.198 -438.794 -73.197 
17.091 -438.659 -73.239 
17.021 -438.573 -73.266 
16.957 -438.493 -73.291 
16.871 -438.387 -73.324 
16.807 -438.308 -73.348 
16.766 -438.258 -73.364 
16.724 -438.206 -73.380 
16.663 -438.131 -73.403 
16.602 -438.057 -73.427 
16.516 -437.953 -73.459 
16.457 -437.882 -73.481 
16.392 -437.803 -73.506 
16.320 -437.717 -73.533 
16.241 -437.623 -73.562 
16.197 -437.571 -73.579 
16.136 -437.498 -73.602 
16.097 -437.452 -73.616 
16.020 -437.360 -73.645 
15.944 -437.272 -73.674 
15.881 -437.197 -73.697 
15.796 -437.099 -73.729 
15.748 -437.042 -73.747 
15.689 -436.974 -73.769 
15.610 -436.883 -73.798 
15.541 -436.802 -73.823 
15.476 -436.728 -73.847 
15.424 -436.668 -73.866 
15.391 -436.630 -73.879 
15.328 -436.558 -73.902 
15.265 -436.486 -73.924 
15.203 -436.415 -73.947 
15.155 -436.361 -73.964 
15.105 -436.303 -73.983 
15.067 -436.261 -73.996 
15.030 -436.219 -74.010 
14.957 -436.137 -74.036 
14.885 -436.056 -74.062 
14.808 -435.970 -74.089 
14.744 -435.898 -74.112 
14.684 -435.832 -74.134 
14.590 -435.727 -74.167 
