24.700 -458.414 -70.112 
24.699 -458.257 -70.112 
24.697 -458.122 -70.113 
24.696 -458.025 -70.114 
24.693 -457.883 -70.116 
24.691 -457.798 -70.117 
24.688 -457.654 -70.119 
24.684 -457.548 -70.120 
24.680 -457.434 -70.122 
24.674 -457.278 -70.125 
24.669 -457.170 -70.127 
24.666 -457.095 -70.129 
24.660 -456.984 -70.132 
24.655 -456.894 -70.134 
24.650 -456.797 -70.137 
24.646 -456.733 -70.139 
24.641 -456.655 -70.141 
24.636 -456.584 -70.144 
24.631 -456.499 -70.146 
24.623 -456.391 -70.150 
24.616 -456.300 -70.153 
24.609 -456.222 -70.156 
24.599 -456.099 -70.161 
24.593 -456.024 -70.164 
24.581 -455.890 -70.169 
24.571 -455.782 -70.174 
24.562 -455.696 -70.178 
24.551 -455.586 -70.183 
24.543 -455.513 -70.186 
24.535 -455.439 -70.190 
24.523 -455.326 -70.196 
24.510 -455.210 -70.202 
24.498 -455.108 -70.207 
24.486 -455.015 -70.212 
24.475 -454.927 -70.217 
24.463 -454.833 -70.222 
24.452 -454.750 -70.227 
24.438 -454.645 -70.233 
24.415 -454.485 -70.243 
24.391 -454.317 -70.254 
24.372 -454.195 -70.262 
24.361 -454.121 -70.267 
24.342 -454.003 -70.275 
24.319 -453.866 -70.285 
24.306 -453.786 -70.291 
24.286 -453.670 -70.299 
24.263 -453.542 -70.309 
24.244 -453.434 -70.318 
24.220 -453.306 -70.328 
24.202 -453.215 -70.336 
24.185 -453.127 -70.344 
24.169 -453.044 -70.351 
24.141 -452.904 -70.363 
24.114 -452.777 -70.374 
24.093 -452.679 -70.383 
24.064 -452.541 -70.396 
24.030 -452.387 -70.410 
24.000 -452.255 -70.423 
23.975 -452.148 -70.433 
23.953 -452.056 -70.443 
23.928 -451.951 -70.453 
23.913 -451.887 -70.460 
23.895 -451.814 -70.468 
23.869 -451.709 -70.479 
23.845 -451.615 -70.489 
23.823 -451.528 -70.499 
23.792 -451.408 -70.512 
23.777 -451.354 -70.518 
23.743 -451.228 -70.533 
23.715 -451.122 -70.545 
23.693 -451.043 -70.554 
23.655 -450.909 -70.570 
23.609 -450.748 -70.590 
23.576 -450.636 -70.604 
23.537 -450.506 -70.620 
23.502 -450.389 -70.635 
23.460 -450.251 -70.653 
23.424 -450.137 -70.668 
23.390 -450.031 -70.682 
23.361 -449.939 -70.695 
23.330 -449.844 -70.708 
23.299 -449.750 -70.721 
23.265 -449.646 -70.736 
23.235 -449.559 -70.748 
23.207 -449.473 -70.760 
23.172 -449.374 -70.775 
23.133 -449.262 -70.791 
23.106 -449.184 -70.803 
23.062 -449.060 -70.822 
23.024 -448.955 -70.838 
22.990 -448.862 -70.852 
22.970 -448.807 -70.861 
22.925 -448.687 -70.880 
22.900 -448.618 -70.891 
22.871 -448.541 -70.904 
22.818 -448.403 -70.926 
22.790 -448.331 -70.938 
22.758 -448.250 -70.952 
22.712 -448.133 -70.972 
22.680 -448.052 -70.986 
22.639 -447.950 -71.004 
22.603 -447.863 -71.019 
22.578 -447.802 -71.030 
22.547 -447.727 -71.043 
22.508 -447.634 -71.060 
22.455 -447.507 -71.082 
22.413 -447.408 -71.100 
22.377 -447.325 -71.115 
22.346 -447.252 -71.129 
22.310 -447.170 -71.144 
22.266 -447.071 -71.163 
22.237 -447.005 -71.175 
22.177 -446.871 -71.201 
22.140 -446.789 -71.217 
22.098 -446.697 -71.235 
22.057 -446.610 -71.252 
22.004 -446.496 -71.275 
21.957 -446.396 -71.295 
21.895 -446.265 -71.322 
21.838 -446.147 -71.346 
21.785 -446.038 -71.369 
21.742 -445.951 -71.387 
21.693 -445.854 -71.407 
21.646 -445.760 -71.427 
21.587 -445.642 -71.453 
21.552 -445.574 -71.468 
21.468 -445.412 -71.503 
21.421 -445.322 -71.523 
21.375 -445.235 -71.543 
21.309 -445.111 -71.571 
21.257 -445.014 -71.593 
21.208 -444.925 -71.613 
21.166 -444.849 -71.631 
21.111 -444.748 -71.655 
21.062 -444.660 -71.676 
21.012 -444.571 -71.697 
20.972 -444.499 -71.714 
20.929 -444.423 -71.732 
20.889 -444.355 -71.749 
20.820 -444.234 -71.778 
20.750 -444.113 -71.807 
20.704 -444.035 -71.826 
20.670 -443.976 -71.841 
20.620 -443.891 -71.862 
20.573 -443.813 -71.882 
20.536 -443.751 -71.897 
20.488 -443.670 -71.918 
20.437 -443.584 -71.939 
20.376 -443.484 -71.965 
20.339 -443.423 -71.980 
20.291 -443.346 -72.000 
20.224 -443.237 -72.028 
20.185 -443.172 -72.045 
20.136 -443.094 -72.065 
20.057 -442.967 -72.099 
20.005 -442.884 -72.120 
19.964 -442.819 -72.137 
19.915 -442.742 -72.158 
19.860 -442.656 -72.181 
19.777 -442.528 -72.215 
19.698 -442.406 -72.249 
19.655 -442.340 -72.266 
19.625 -442.294 -72.279 
19.562 -442.197 -72.306 
19.501 -442.106 -72.331 
19.441 -442.015 -72.356 
19.378 -441.921 -72.383 
19.313 -441.826 -72.410 
19.254 -441.739 -72.434 
19.198 -441.657 -72.457 
19.142 -441.576 -72.481 
19.097 -441.509 -72.500 
19.059 -441.454 -72.515 
19.009 -441.383 -72.536 
18.961 -441.315 -72.556 
18.837 -441.139 -72.607 
18.785 -441.066 -72.628 
18.712 -440.964 -72.659 
18.665 -440.899 -72.678 
18.623 -440.840 -72.696 
18.530 -440.712 -72.734 
18.473 -440.634 -72.758 
18.425 -440.569 -72.778 
18.329 -440.440 -72.817 
18.273 -440.365 -72.840 
18.214 -440.286 -72.865 
18.158 -440.212 -72.888 
18.102 -440.138 -72.911 
18.042 -440.058 -72.937 
17.970 -439.965 -72.966 
17.926 -439.908 -72.984 
17.882 -439.850 -73.003 
17.837 -439.793 -73.021 
17.760 -439.694 -73.053 
17.692 -439.606 -73.081 
17.617 -439.511 -73.112 
17.544 -439.419 -73.142 
17.478 -439.335 -73.169 
17.424 -439.267 -73.191 
17.366 -439.194 -73.214 
17.315 -439.131 -73.235 
17.249 -439.049 -73.262 
17.190 -438.976 -73.286 
17.139 -438.913 -73.307 
17.082 -438.843 -73.330 
17.054 -438.809 -73.341 
16.999 -438.741 -73.363 
16.937 -438.666 -73.388 
16.872 -438.587 -73.415 
16.789 -438.488 -73.448 
16.723 -438.408 -73.474 
16.672 -438.346 -73.495 
16.591 -438.251 -73.527 
16.515 -438.160 -73.558 
16.461 -438.096 -73.579 
16.386 -438.007 -73.609 
16.347 -437.962 -73.624 
16.287 -437.891 -73.648 
16.238 -437.833 -73.667 
16.161 -437.744 -73.698 
16.102 -437.675 -73.721 
16.046 -437.610 -73.743 
15.995 -437.550 -73.763 
15.924 -437.469 -73.791 
15.863 -437.399 -73.814 
15.796 -437.322 -73.840 
15.741 -437.258 -73.862 
15.658 -437.164 -73.894 
15.617 -437.117 -73.909 
15.559 -437.051 -73.932 
15.501 -436.985 -73.955 
15.421 -436.895 -73.985 
15.362 -436.828 -74.008 
15.321 -436.781 -74.024 
15.267 -436.721 -74.045 
15.212 -436.659 -74.066 
15.173 -436.615 -74.081 
15.100 -436.533 -74.109 
15.046 -436.473 -74.130 
14.977 -436.396 -74.156 
14.901 -436.312 -74.185 
14.828 -436.231 -74.213 
14.763 -436.160 -74.237 
14.713 -436.105 -74.256 
14.654 -436.039 -74.278 
14.535 -435.910 -74.323 
