24.700 -458.409 -70.112 
24.699 -458.306 -70.112 
24.698 -458.199 -70.112 
24.697 -458.116 -70.113 
24.696 -458.009 -70.113 
24.693 -457.858 -70.115 
24.689 -457.729 -70.116 
24.686 -457.621 -70.117 
24.683 -457.541 -70.118 
24.679 -457.419 -70.120 
24.675 -457.324 -70.121 
24.672 -457.248 -70.123 
24.666 -457.128 -70.125 
24.659 -456.991 -70.128 
24.654 -456.895 -70.130 
24.647 -456.788 -70.132 
24.642 -456.704 -70.134 
24.635 -456.594 -70.137 
24.627 -456.479 -70.141 
24.616 -456.343 -70.145 
24.609 -456.246 -70.148 
24.597 -456.109 -70.153 
24.589 -456.006 -70.156 
24.578 -455.893 -70.161 
24.569 -455.798 -70.164 
24.561 -455.714 -70.168 
24.554 -455.643 -70.170 
24.545 -455.555 -70.174 
24.532 -455.438 -70.179 
24.518 -455.310 -70.185 
24.507 -455.219 -70.190 
24.493 -455.100 -70.195 
24.478 -454.981 -70.202 
24.465 -454.880 -70.207 
24.445 -454.731 -70.215 
24.433 -454.641 -70.220 
24.411 -454.490 -70.229 
24.391 -454.354 -70.237 
24.372 -454.225 -70.245 
24.355 -454.118 -70.252 
24.345 -454.052 -70.257 
24.335 -453.991 -70.261 
24.319 -453.896 -70.267 
24.306 -453.822 -70.272 
24.289 -453.719 -70.279 
24.268 -453.601 -70.288 
24.243 -453.463 -70.298 
24.225 -453.365 -70.305 
24.205 -453.257 -70.313 
24.181 -453.137 -70.322 
24.163 -453.043 -70.330 
24.141 -452.935 -70.338 
24.124 -452.852 -70.345 
24.100 -452.734 -70.355 
24.081 -452.649 -70.363 
24.066 -452.575 -70.369 
24.046 -452.487 -70.377 
24.017 -452.357 -70.389 
23.996 -452.265 -70.397 
23.965 -452.128 -70.410 
23.936 -452.006 -70.422 
23.908 -451.891 -70.433 
23.883 -451.787 -70.443 
23.852 -451.664 -70.456 
23.828 -451.570 -70.465 
23.806 -451.486 -70.474 
23.784 -451.398 -70.483 
23.765 -451.328 -70.491 
23.745 -451.252 -70.499 
23.721 -451.165 -70.508 
23.700 -451.088 -70.517 
23.665 -450.960 -70.531 
23.634 -450.851 -70.544 
23.612 -450.773 -70.553 
23.575 -450.647 -70.567 
23.539 -450.524 -70.582 
23.491 -450.365 -70.601 
23.443 -450.209 -70.621 
23.402 -450.077 -70.638 
23.382 -450.016 -70.646 
23.356 -449.934 -70.656 
23.320 -449.824 -70.671 
23.283 -449.709 -70.686 
23.257 -449.632 -70.697 
23.228 -449.545 -70.708 
23.196 -449.452 -70.721 
23.152 -449.323 -70.739 
23.128 -449.253 -70.749 
23.110 -449.202 -70.756 
23.082 -449.124 -70.768 
23.048 -449.029 -70.782 
23.013 -448.932 -70.796 
22.984 -448.852 -70.808 
22.951 -448.761 -70.821 
22.915 -448.665 -70.836 
22.887 -448.589 -70.847 
22.842 -448.472 -70.866 
22.793 -448.345 -70.885 
22.761 -448.262 -70.898 
22.728 -448.176 -70.912 
22.699 -448.105 -70.923 
22.653 -447.990 -70.942 
22.628 -447.927 -70.952 
22.590 -447.834 -70.968 
22.553 -447.743 -70.983 
22.515 -447.651 -70.998 
22.481 -447.571 -71.012 
22.451 -447.498 -71.024 
22.403 -447.384 -71.044 
22.350 -447.261 -71.066 
22.306 -447.160 -71.083 
22.262 -447.059 -71.101 
22.225 -446.975 -71.117 
22.172 -446.855 -71.139 
22.134 -446.770 -71.154 
22.082 -446.655 -71.176 
22.057 -446.601 -71.186 
22.025 -446.531 -71.199 
21.990 -446.456 -71.214 
21.937 -446.342 -71.235 
21.902 -446.270 -71.249 
21.874 -446.211 -71.261 
21.837 -446.132 -71.276 
21.771 -445.997 -71.303 
21.741 -445.934 -71.315 
21.694 -445.839 -71.335 
21.653 -445.756 -71.352 
21.621 -445.691 -71.365 
21.592 -445.634 -71.377 
21.539 -445.529 -71.399 
21.509 -445.471 -71.411 
21.452 -445.360 -71.434 
21.415 -445.288 -71.449 
21.356 -445.175 -71.474 
21.292 -445.055 -71.500 
21.245 -444.967 -71.519 
21.188 -444.861 -71.543 
21.149 -444.789 -71.559 
21.109 -444.717 -71.575 
21.050 -444.609 -71.599 
21.007 -444.531 -71.617 
20.954 -444.436 -71.638 
20.913 -444.363 -71.655 
20.870 -444.287 -71.673 
20.842 -444.239 -71.684 
20.795 -444.155 -71.703 
20.752 -444.080 -71.721 
20.701 -443.994 -71.741 
20.661 -443.923 -71.758 
20.622 -443.858 -71.774 
20.577 -443.780 -71.792 
20.532 -443.704 -71.810 
20.488 -443.630 -71.828 
20.434 -443.539 -71.850 
20.367 -443.427 -71.877 
20.320 -443.348 -71.896 
20.275 -443.273 -71.914 
20.249 -443.231 -71.925 
20.187 -443.131 -71.949 
20.149 -443.069 -71.965 
20.105 -442.996 -71.983 
20.050 -442.908 -72.005 
20.004 -442.835 -72.023 
19.958 -442.762 -72.041 
19.908 -442.682 -72.062 
19.853 -442.594 -72.084 
19.808 -442.523 -72.102 
19.767 -442.459 -72.118 
19.717 -442.381 -72.138 
19.670 -442.307 -72.157 
19.605 -442.207 -72.183 
19.547 -442.117 -72.207 
19.500 -442.046 -72.225 
19.437 -441.949 -72.251 
19.378 -441.859 -72.274 
19.323 -441.778 -72.296 
19.296 -441.737 -72.307 
19.256 -441.677 -72.323 
19.206 -441.602 -72.343 
19.128 -441.486 -72.374 
19.092 -441.434 -72.388 
19.034 -441.348 -72.411 
18.988 -441.281 -72.430 
18.941 -441.214 -72.448 
18.868 -441.108 -72.477 
18.798 -441.007 -72.505 
18.753 -440.943 -72.523 
18.702 -440.871 -72.543 
18.657 -440.808 -72.560 
18.587 -440.710 -72.588 
18.543 -440.648 -72.605 
18.495 -440.582 -72.624 
18.453 -440.524 -72.641 
18.395 -440.445 -72.663 
18.343 -440.372 -72.684 
18.301 -440.315 -72.700 
18.264 -440.264 -72.715 
18.218 -440.203 -72.733 
18.155 -440.117 -72.758 
18.076 -440.012 -72.788 
18.012 -439.926 -72.813 
17.964 -439.861 -72.832 
17.897 -439.774 -72.858 
17.846 -439.706 -72.878 
17.753 -439.585 -72.914 
17.730 -439.555 -72.923 
17.661 -439.467 -72.950 
17.599 -439.386 -72.974 
17.561 -439.338 -72.989 
17.489 -439.246 -73.017 
17.445 -439.191 -73.034 
17.356 -439.079 -73.069 
17.293 -439.000 -73.093 
17.242 -438.935 -73.113 
17.195 -438.877 -73.131 
17.132 -438.798 -73.155 
17.053 -438.701 -73.186 
17.005 -438.641 -73.204 
16.958 -438.583 -73.222 
16.898 -438.510 -73.245 
16.838 -438.436 -73.268 
16.795 -438.383 -73.284 
16.732 -438.307 -73.308 
16.690 -438.256 -73.324 
16.636 -438.190 -73.345 
16.571 -438.112 -73.369 
16.518 -438.049 -73.389 
16.461 -437.981 -73.411 
16.415 -437.925 -73.429 
16.341 -437.837 -73.456 
16.295 -437.783 -73.473 
16.241 -437.719 -73.494 
16.194 -437.663 -73.511 
16.123 -437.579 -73.538 
16.077 -437.525 -73.555 
16.011 -437.447 -73.580 
15.957 -437.385 -73.600 
15.890 -437.306 -73.625 
15.795 -437.196 -73.660 
15.733 -437.124 -73.682 
15.685 -437.067 -73.700 
15.614 -436.985 -73.726 
15.566 -436.930 -73.744 
15.479 -436.830 -73.775 
15.426 -436.769 -73.795 
15.371 -436.706 -73.815 
15.308 -436.634 -73.837 
15.230 -436.545 -73.865 
15.162 -436.467 -73.890 
15.065 -436.356 -73.925 
15.002 -436.284 -73.948 
14.918 -436.189 -73.978 
14.827 -436.086 -74.011 
14.775 -436.028 -74.029 
14.711 -435.956 -74.052 
14.634 -435.868 -74.080 
