24.700 -458.393 -70.112 
24.699 -458.315 -70.112 
24.699 -458.234 -70.112 
24.698 -458.131 -70.113 
24.696 -458.037 -70.113 
24.695 -457.943 -70.114 
24.693 -457.863 -70.115 
24.691 -457.764 -70.116 
24.688 -457.659 -70.117 
24.684 -457.532 -70.119 
24.681 -457.448 -70.120 
24.676 -457.309 -70.123 
24.673 -457.238 -70.124 
24.666 -457.092 -70.127 
24.660 -456.983 -70.130 
24.652 -456.830 -70.133 
24.642 -456.674 -70.138 
24.637 -456.593 -70.140 
24.631 -456.507 -70.143 
24.622 -456.390 -70.146 
24.616 -456.312 -70.149 
24.608 -456.205 -70.153 
24.598 -456.090 -70.157 
24.586 -455.956 -70.162 
24.578 -455.865 -70.165 
24.565 -455.732 -70.171 
24.554 -455.627 -70.175 
24.540 -455.486 -70.181 
24.524 -455.348 -70.188 
24.514 -455.254 -70.192 
24.499 -455.126 -70.199 
24.483 -454.997 -70.205 
24.469 -454.886 -70.211 
24.459 -454.806 -70.216 
24.447 -454.715 -70.221 
24.431 -454.600 -70.227 
24.414 -454.474 -70.235 
24.398 -454.364 -70.242 
24.385 -454.277 -70.248 
24.371 -454.185 -70.254 
24.353 -454.067 -70.262 
24.338 -453.973 -70.268 
24.320 -453.862 -70.276 
24.307 -453.784 -70.281 
24.287 -453.669 -70.290 
24.265 -453.546 -70.299 
24.250 -453.461 -70.305 
24.224 -453.319 -70.316 
24.197 -453.172 -70.328 
24.185 -453.113 -70.333 
24.165 -453.011 -70.341 
24.147 -452.920 -70.349 
24.126 -452.817 -70.357 
24.113 -452.751 -70.363 
24.094 -452.662 -70.371 
24.071 -452.551 -70.381 
24.047 -452.444 -70.391 
24.023 -452.336 -70.400 
23.997 -452.219 -70.412 
23.980 -452.147 -70.419 
23.956 -452.043 -70.429 
23.931 -451.938 -70.439 
23.889 -451.763 -70.457 
23.862 -451.656 -70.468 
23.832 -451.536 -70.481 
23.807 -451.440 -70.492 
23.786 -451.360 -70.501 
23.759 -451.257 -70.512 
23.743 -451.197 -70.519 
23.718 -451.104 -70.530 
23.691 -451.007 -70.541 
23.669 -450.927 -70.551 
23.651 -450.866 -70.558 
23.622 -450.764 -70.570 
23.591 -450.657 -70.583 
23.571 -450.587 -70.592 
23.545 -450.499 -70.603 
23.506 -450.367 -70.620 
23.470 -450.250 -70.635 
23.444 -450.166 -70.647 
23.405 -450.042 -70.663 
23.385 -449.978 -70.672 
23.359 -449.899 -70.683 
23.316 -449.765 -70.701 
23.278 -449.653 -70.717 
23.242 -449.544 -70.733 
23.210 -449.451 -70.746 
23.160 -449.304 -70.768 
23.128 -449.212 -70.782 
23.095 -449.121 -70.795 
23.057 -449.015 -70.812 
23.026 -448.927 -70.825 
22.993 -448.837 -70.839 
22.949 -448.720 -70.858 
22.930 -448.668 -70.866 
22.896 -448.577 -70.881 
22.867 -448.503 -70.893 
22.835 -448.417 -70.907 
22.804 -448.340 -70.919 
22.759 -448.224 -70.939 
22.729 -448.148 -70.951 
22.677 -448.019 -70.973 
22.634 -447.913 -70.992 
22.599 -447.826 -71.007 
22.564 -447.742 -71.022 
22.534 -447.670 -71.034 
22.495 -447.576 -71.051 
22.458 -447.489 -71.067 
22.413 -447.384 -71.086 
22.363 -447.267 -71.107 
22.321 -447.170 -71.125 
22.273 -447.062 -71.145 
22.218 -446.939 -71.169 
22.164 -446.818 -71.192 
22.126 -446.735 -71.207 
22.087 -446.649 -71.224 
22.040 -446.549 -71.244 
22.005 -446.472 -71.259 
21.962 -446.382 -71.276 
21.932 -446.318 -71.289 
21.880 -446.211 -71.311 
21.827 -446.101 -71.333 
21.795 -446.036 -71.346 
21.769 -445.981 -71.358 
21.738 -445.919 -71.370 
21.686 -445.815 -71.392 
21.639 -445.720 -71.412 
21.589 -445.623 -71.433 
21.536 -445.519 -71.455 
21.492 -445.435 -71.474 
21.431 -445.317 -71.499 
21.367 -445.196 -71.526 
21.331 -445.127 -71.541 
21.275 -445.023 -71.565 
21.235 -444.949 -71.582 
21.195 -444.877 -71.598 
21.158 -444.808 -71.614 
21.091 -444.686 -71.643 
21.051 -444.615 -71.659 
20.996 -444.516 -71.683 
20.937 -444.411 -71.708 
20.875 -444.302 -71.734 
20.813 -444.194 -71.760 
20.744 -444.073 -71.790 
20.713 -444.020 -71.803 
20.627 -443.873 -71.839 
20.576 -443.786 -71.860 
20.516 -443.684 -71.886 
20.481 -443.625 -71.900 
20.451 -443.575 -71.913 
20.400 -443.489 -71.935 
20.342 -443.394 -71.959 
20.289 -443.306 -71.981 
20.242 -443.229 -72.001 
20.204 -443.167 -72.017 
20.159 -443.092 -72.036 
20.099 -442.996 -72.061 
20.032 -442.888 -72.090 
19.989 -442.818 -72.108 
19.924 -442.715 -72.135 
19.862 -442.617 -72.161 
19.804 -442.524 -72.186 
19.735 -442.417 -72.214 
19.682 -442.334 -72.236 
19.631 -442.255 -72.258 
19.588 -442.188 -72.276 
19.539 -442.113 -72.296 
19.497 -442.048 -72.313 
19.450 -441.977 -72.333 
19.410 -441.916 -72.349 
19.357 -441.835 -72.372 
19.289 -441.733 -72.400 
19.219 -441.629 -72.428 
19.162 -441.543 -72.452 
19.107 -441.463 -72.475 
19.043 -441.368 -72.501 
18.993 -441.295 -72.521 
18.935 -441.212 -72.545 
18.871 -441.119 -72.571 
18.830 -441.060 -72.588 
18.776 -440.983 -72.610 
18.728 -440.914 -72.630 
18.682 -440.850 -72.648 
18.618 -440.761 -72.674 
18.567 -440.689 -72.695 
18.516 -440.618 -72.715 
18.472 -440.557 -72.733 
18.426 -440.494 -72.752 
18.385 -440.437 -72.769 
18.320 -440.348 -72.795 
18.256 -440.260 -72.821 
18.196 -440.179 -72.845 
18.142 -440.106 -72.867 
18.041 -439.970 -72.908 
17.993 -439.907 -72.927 
17.911 -439.798 -72.961 
17.869 -439.742 -72.978 
17.820 -439.677 -72.998 
17.724 -439.553 -73.037 
17.661 -439.471 -73.062 
17.610 -439.406 -73.083 
17.551 -439.330 -73.107 
17.494 -439.256 -73.130 
17.428 -439.171 -73.156 
17.374 -439.103 -73.178 
17.309 -439.021 -73.204 
17.237 -438.930 -73.233 
17.182 -438.860 -73.255 
17.134 -438.800 -73.274 
17.060 -438.707 -73.304 
17.011 -438.646 -73.323 
16.967 -438.591 -73.341 
16.901 -438.510 -73.367 
16.846 -438.443 -73.388 
16.776 -438.356 -73.416 
16.711 -438.277 -73.442 
16.671 -438.229 -73.458 
16.616 -438.161 -73.479 
16.544 -438.073 -73.508 
16.481 -437.997 -73.532 
16.417 -437.920 -73.558 
16.361 -437.852 -73.580 
16.280 -437.755 -73.611 
16.222 -437.686 -73.634 
16.169 -437.622 -73.655 
16.126 -437.570 -73.672 
16.065 -437.497 -73.696 
15.978 -437.394 -73.730 
15.914 -437.318 -73.755 
15.865 -437.260 -73.774 
15.784 -437.165 -73.805 
15.716 -437.085 -73.832 
15.635 -436.991 -73.863 
15.573 -436.917 -73.888 
15.515 -436.850 -73.910 
15.453 -436.778 -73.933 
15.399 -436.715 -73.954 
15.337 -436.644 -73.978 
15.279 -436.577 -74.000 
15.217 -436.506 -74.024 
15.136 -436.413 -74.055 
15.065 -436.332 -74.082 
14.970 -436.223 -74.118 
14.882 -436.124 -74.151 
14.792 -436.022 -74.185 
14.744 -435.968 -74.203 
14.685 -435.902 -74.225 
14.616 -435.825 -74.250 
14.545 -435.746 -74.277 
