24.700 -458.383 -70.112 
24.699 -458.242 -70.112 
24.697 -458.116 -70.113 
24.696 -458.031 -70.113 
24.694 -457.924 -70.114 
24.692 -457.846 -70.115 
24.689 -457.728 -70.116 
24.686 -457.626 -70.118 
24.682 -457.509 -70.119 
24.679 -457.428 -70.121 
24.672 -457.259 -70.124 
24.668 -457.174 -70.126 
24.663 -457.069 -70.128 
24.657 -456.948 -70.131 
24.650 -456.827 -70.134 
24.644 -456.729 -70.137 
24.639 -456.640 -70.139 
24.631 -456.526 -70.143 
24.621 -456.390 -70.147 
24.616 -456.318 -70.149 
24.606 -456.192 -70.154 
24.594 -456.055 -70.159 
24.586 -455.954 -70.162 
24.578 -455.864 -70.166 
24.568 -455.759 -70.170 
24.559 -455.672 -70.174 
24.550 -455.579 -70.178 
24.539 -455.478 -70.183 
24.529 -455.382 -70.188 
24.523 -455.333 -70.190 
24.512 -455.233 -70.195 
24.498 -455.109 -70.202 
24.483 -454.988 -70.208 
24.465 -454.849 -70.216 
24.455 -454.767 -70.221 
24.438 -454.639 -70.228 
24.421 -454.515 -70.236 
24.404 -454.402 -70.243 
24.386 -454.272 -70.252 
24.362 -454.120 -70.262 
24.353 -454.062 -70.266 
24.335 -453.946 -70.274 
24.321 -453.860 -70.281 
24.298 -453.725 -70.291 
24.282 -453.628 -70.298 
24.264 -453.525 -70.307 
24.241 -453.396 -70.317 
24.219 -453.281 -70.327 
24.200 -453.178 -70.336 
24.166 -453.005 -70.351 
24.152 -452.932 -70.357 
24.127 -452.806 -70.369 
24.110 -452.729 -70.376 
24.096 -452.659 -70.383 
24.071 -452.543 -70.394 
24.051 -452.452 -70.403 
24.033 -452.369 -70.411 
24.007 -452.252 -70.423 
23.985 -452.156 -70.433 
23.956 -452.029 -70.446 
23.941 -451.967 -70.452 
23.916 -451.861 -70.464 
23.882 -451.722 -70.479 
23.857 -451.623 -70.490 
23.833 -451.524 -70.501 
23.811 -451.438 -70.511 
23.791 -451.363 -70.520 
23.767 -451.269 -70.531 
23.743 -451.179 -70.542 
23.720 -451.092 -70.552 
23.698 -451.012 -70.562 
23.669 -450.906 -70.575 
23.638 -450.794 -70.589 
23.603 -450.670 -70.605 
23.570 -450.555 -70.620 
23.547 -450.476 -70.630 
23.512 -450.360 -70.646 
23.469 -450.215 -70.665 
23.448 -450.147 -70.675 
23.419 -450.053 -70.688 
23.394 -449.970 -70.699 
23.362 -449.870 -70.714 
23.322 -449.746 -70.732 
23.287 -449.639 -70.747 
23.254 -449.538 -70.763 
23.235 -449.480 -70.771 
23.197 -449.367 -70.788 
23.169 -449.284 -70.801 
23.132 -449.178 -70.817 
23.093 -449.063 -70.835 
23.059 -448.968 -70.850 
23.030 -448.886 -70.863 
22.992 -448.781 -70.880 
22.970 -448.719 -70.890 
22.932 -448.617 -70.907 
22.906 -448.546 -70.919 
22.860 -448.422 -70.940 
22.840 -448.371 -70.949 
22.810 -448.292 -70.962 
22.761 -448.164 -70.984 
22.717 -448.051 -71.004 
22.690 -447.982 -71.016 
22.651 -447.886 -71.034 
22.603 -447.766 -71.055 
22.572 -447.690 -71.069 
22.524 -447.571 -71.091 
22.491 -447.494 -71.105 
22.455 -447.408 -71.122 
22.417 -447.317 -71.139 
22.383 -447.237 -71.154 
22.334 -447.122 -71.176 
22.293 -447.029 -71.194 
22.253 -446.937 -71.212 
22.220 -446.863 -71.227 
22.187 -446.789 -71.242 
22.159 -446.727 -71.254 
22.114 -446.628 -71.274 
22.074 -446.541 -71.292 
22.043 -446.473 -71.306 
22.007 -446.396 -71.322 
21.963 -446.303 -71.341 
21.936 -446.246 -71.354 
21.888 -446.146 -71.375 
21.820 -446.004 -71.405 
21.770 -445.902 -71.428 
21.728 -445.817 -71.446 
21.681 -445.724 -71.467 
21.630 -445.620 -71.490 
21.586 -445.535 -71.509 
21.543 -445.450 -71.528 
21.502 -445.370 -71.546 
21.446 -445.261 -71.571 
21.402 -445.178 -71.591 
21.350 -445.080 -71.614 
21.309 -445.002 -71.632 
21.248 -444.888 -71.659 
21.194 -444.789 -71.683 
21.151 -444.710 -71.702 
21.097 -444.611 -71.726 
21.035 -444.500 -71.754 
20.987 -444.414 -71.775 
20.930 -444.312 -71.800 
20.881 -444.225 -71.822 
20.826 -444.128 -71.847 
20.784 -444.057 -71.865 
20.745 -443.988 -71.882 
20.717 -443.941 -71.894 
20.649 -443.823 -71.924 
20.601 -443.741 -71.945 
20.535 -443.629 -71.974 
20.474 -443.525 -72.001 
20.432 -443.455 -72.019 
20.394 -443.390 -72.036 
20.328 -443.281 -72.064 
20.282 -443.204 -72.084 
20.232 -443.122 -72.106 
20.169 -443.020 -72.133 
20.115 -442.932 -72.157 
20.077 -442.871 -72.173 
20.019 -442.779 -72.198 
19.979 -442.714 -72.216 
19.933 -442.642 -72.235 
19.901 -442.591 -72.249 
19.879 -442.556 -72.259 
19.833 -442.484 -72.279 
19.780 -442.403 -72.301 
19.732 -442.327 -72.322 
19.689 -442.260 -72.341 
19.640 -442.185 -72.362 
19.578 -442.091 -72.389 
19.505 -441.980 -72.420 
19.444 -441.889 -72.446 
19.375 -441.785 -72.476 
19.284 -441.650 -72.515 
19.228 -441.569 -72.539 
19.184 -441.505 -72.558 
19.108 -441.394 -72.590 
19.044 -441.301 -72.617 
18.973 -441.200 -72.647 
18.926 -441.133 -72.667 
18.865 -441.046 -72.694 
18.825 -440.989 -72.711 
18.756 -440.893 -72.740 
18.706 -440.823 -72.761 
18.643 -440.737 -72.788 
18.602 -440.680 -72.805 
18.538 -440.592 -72.832 
18.467 -440.496 -72.862 
18.387 -440.386 -72.897 
18.342 -440.326 -72.916 
18.266 -440.223 -72.948 
18.203 -440.139 -72.975 
18.158 -440.080 -72.994 
18.105 -440.009 -73.016 
18.035 -439.918 -73.046 
17.965 -439.825 -73.076 
17.895 -439.735 -73.105 
17.856 -439.684 -73.122 
17.802 -439.614 -73.145 
17.760 -439.561 -73.162 
17.673 -439.449 -73.199 
17.645 -439.412 -73.211 
17.566 -439.313 -73.244 
17.493 -439.220 -73.276 
17.426 -439.137 -73.304 
17.353 -439.045 -73.334 
17.286 -438.962 -73.362 
17.217 -438.875 -73.391 
17.171 -438.819 -73.410 
17.083 -438.710 -73.447 
17.044 -438.661 -73.463 
16.986 -438.591 -73.488 
16.925 -438.517 -73.513 
16.849 -438.423 -73.544 
16.781 -438.341 -73.572 
16.718 -438.265 -73.598 
16.664 -438.200 -73.620 
16.600 -438.123 -73.647 
16.528 -438.037 -73.676 
16.465 -437.962 -73.702 
16.389 -437.871 -73.733 
16.297 -437.762 -73.770 
16.217 -437.668 -73.803 
16.158 -437.598 -73.827 
16.098 -437.529 -73.851 
16.052 -437.475 -73.869 
16.010 -437.426 -73.886 
15.954 -437.361 -73.909 
15.912 -437.313 -73.925 
15.838 -437.227 -73.955 
15.787 -437.169 -73.975 
15.726 -437.099 -73.999 
15.656 -437.018 -74.028 
15.571 -436.921 -74.061 
15.499 -436.839 -74.089 
15.423 -436.752 -74.119 
15.358 -436.679 -74.145 
15.308 -436.622 -74.164 
15.267 -436.575 -74.181 
15.195 -436.495 -74.208 
15.104 -436.393 -74.244 
15.035 -436.315 -74.271 
14.979 -436.253 -74.293 
14.898 -436.163 -74.324 
14.846 -436.105 -74.344 
14.794 -436.048 -74.364 
14.715 -435.961 -74.395 
14.661 -435.901 -74.416 
14.627 -435.865 -74.429 
14.574 -435.806 -74.449 
14.516 -435.743 -74.472 
14.446 -435.666 -74.499 
