21.500 -475.919 -70.112 
21.500 -475.843 -70.112 
21.499 -475.763 -70.112 
21.498 -475.689 -70.113 
21.497 -475.586 -70.113 
21.495 -475.453 -70.114 
21.493 -475.351 -70.115 
21.490 -475.236 -70.117 
21.486 -475.109 -70.118 
21.484 -475.029 -70.120 
21.478 -474.887 -70.122 
21.476 -474.821 -70.123 
21.471 -474.703 -70.126 
21.465 -474.579 -70.128 
21.461 -474.499 -70.130 
21.456 -474.410 -70.132 
21.451 -474.329 -70.134 
21.446 -474.243 -70.137 
21.441 -474.165 -70.139 
21.433 -474.040 -70.143 
21.429 -473.986 -70.144 
21.423 -473.892 -70.148 
21.411 -473.735 -70.153 
21.403 -473.630 -70.157 
21.390 -473.481 -70.162 
21.383 -473.400 -70.166 
21.375 -473.313 -70.169 
21.362 -473.169 -70.175 
21.355 -473.099 -70.178 
21.340 -472.944 -70.185 
21.329 -472.841 -70.190 
21.318 -472.739 -70.195 
21.310 -472.664 -70.198 
21.296 -472.542 -70.204 
21.284 -472.446 -70.209 
21.274 -472.357 -70.214 
21.263 -472.274 -70.219 
21.254 -472.195 -70.223 
21.242 -472.107 -70.228 
21.232 -472.031 -70.233 
21.219 -471.932 -70.239 
21.208 -471.852 -70.244 
21.192 -471.736 -70.251 
21.178 -471.637 -70.257 
21.161 -471.518 -70.265 
21.142 -471.391 -70.273 
21.122 -471.259 -70.283 
21.108 -471.171 -70.289 
21.090 -471.060 -70.297 
21.072 -470.948 -70.305 
21.056 -470.855 -70.312 
21.039 -470.755 -70.320 
21.027 -470.682 -70.325 
21.006 -470.564 -70.334 
20.978 -470.404 -70.347 
20.954 -470.273 -70.358 
20.938 -470.186 -70.365 
20.914 -470.063 -70.376 
20.892 -469.948 -70.386 
20.872 -469.848 -70.395 
20.858 -469.777 -70.401 
20.840 -469.685 -70.409 
20.812 -469.552 -70.422 
20.781 -469.404 -70.436 
20.762 -469.314 -70.444 
20.744 -469.233 -70.452 
20.721 -469.126 -70.462 
20.694 -469.002 -70.474 
20.675 -468.919 -70.483 
20.655 -468.830 -70.491 
20.636 -468.749 -70.500 
20.610 -468.637 -70.511 
20.587 -468.542 -70.521 
20.563 -468.443 -70.531 
20.536 -468.330 -70.543 
20.512 -468.233 -70.554 
20.486 -468.128 -70.565 
20.460 -468.024 -70.577 
20.440 -467.943 -70.586 
20.418 -467.858 -70.595 
20.399 -467.784 -70.603 
20.369 -467.669 -70.616 
20.339 -467.557 -70.629 
20.306 -467.435 -70.643 
20.283 -467.350 -70.653 
20.254 -467.245 -70.665 
20.222 -467.130 -70.679 
20.191 -467.018 -70.692 
20.163 -466.917 -70.704 
20.135 -466.819 -70.716 
20.109 -466.731 -70.727 
20.083 -466.641 -70.738 
20.055 -466.544 -70.750 
20.029 -466.458 -70.760 
19.996 -466.348 -70.774 
19.962 -466.236 -70.788 
19.941 -466.165 -70.797 
19.915 -466.079 -70.808 
19.874 -465.949 -70.825 
19.843 -465.848 -70.838 
19.804 -465.724 -70.854 
19.780 -465.648 -70.864 
19.728 -465.484 -70.886 
19.698 -465.393 -70.898 
19.665 -465.292 -70.911 
19.635 -465.198 -70.924 
19.611 -465.126 -70.934 
19.577 -465.022 -70.948 
19.547 -464.934 -70.960 
19.513 -464.829 -70.974 
19.470 -464.702 -70.992 
19.443 -464.624 -71.002 
19.422 -464.560 -71.011 
19.374 -464.422 -71.031 
19.326 -464.284 -71.050 
19.307 -464.227 -71.058 
19.271 -464.124 -71.073 
19.241 -464.040 -71.085 
19.204 -463.934 -71.100 
19.167 -463.830 -71.115 
19.136 -463.745 -71.127 
19.104 -463.655 -71.140 
19.076 -463.577 -71.151 
19.037 -463.469 -71.167 
19.002 -463.372 -71.181 
18.966 -463.275 -71.195 
18.913 -463.129 -71.217 
18.872 -463.019 -71.233 
18.849 -462.957 -71.243 
18.816 -462.871 -71.256 
18.783 -462.782 -71.269 
18.751 -462.697 -71.282 
18.714 -462.598 -71.297 
18.665 -462.471 -71.316 
18.638 -462.399 -71.326 
18.619 -462.349 -71.334 
18.591 -462.277 -71.344 
18.570 -462.221 -71.353 
18.521 -462.093 -71.372 
18.485 -462.000 -71.386 
18.440 -461.884 -71.403 
18.405 -461.796 -71.416 
18.370 -461.706 -71.429 
18.328 -461.599 -71.445 
18.295 -461.515 -71.458 
18.258 -461.423 -71.471 
18.202 -461.282 -71.492 
18.179 -461.226 -71.501 
18.141 -461.129 -71.515 
18.107 -461.045 -71.528 
18.067 -460.948 -71.542 
18.040 -460.881 -71.552 
18.015 -460.819 -71.561 
17.985 -460.745 -71.572 
17.950 -460.660 -71.584 
17.918 -460.581 -71.596 
17.865 -460.452 -71.615 
17.814 -460.328 -71.633 
17.760 -460.199 -71.653 
17.719 -460.100 -71.667 
17.684 -460.015 -71.680 
17.628 -459.882 -71.700 
17.577 -459.760 -71.718 
17.523 -459.632 -71.737 
17.484 -459.540 -71.751 
17.442 -459.441 -71.765 
17.400 -459.344 -71.780 
17.355 -459.237 -71.796 
17.327 -459.172 -71.805 
17.292 -459.090 -71.818 
17.258 -459.011 -71.829 
17.216 -458.914 -71.844 
17.157 -458.777 -71.864 
17.118 -458.688 -71.878 
17.079 -458.599 -71.891 
17.054 -458.543 -71.899 
17.022 -458.469 -71.910 
16.985 -458.386 -71.923 
16.951 -458.308 -71.935 
16.914 -458.226 -71.947 
16.875 -458.137 -71.961 
16.836 -458.051 -71.974 
16.811 -457.994 -71.982 
16.777 -457.920 -71.993 
16.745 -457.848 -72.004 
16.701 -457.751 -72.019 
16.660 -457.662 -72.032 
16.605 -457.541 -72.051 
16.554 -457.431 -72.067 
16.514 -457.342 -72.080 
16.473 -457.254 -72.094 
16.423 -457.146 -72.110 
16.382 -457.059 -72.123 
16.345 -456.979 -72.135 
16.312 -456.907 -72.146 
16.282 -456.845 -72.155 
16.234 -456.741 -72.171 
16.190 -456.649 -72.185 
16.161 -456.587 -72.194 
16.109 -456.477 -72.211 
16.062 -456.379 -72.225 
16.026 -456.304 -72.237 
15.958 -456.163 -72.258 
15.921 -456.086 -72.270 
15.892 -456.025 -72.279 
15.850 -455.938 -72.292 
15.806 -455.848 -72.305 
15.732 -455.695 -72.329 
15.685 -455.599 -72.343 
15.644 -455.515 -72.356 
15.593 -455.410 -72.371 
15.544 -455.310 -72.386 
15.492 -455.205 -72.402 
15.437 -455.095 -72.419 
15.390 -455.000 -72.433 
15.340 -454.899 -72.448 
15.289 -454.797 -72.463 
15.232 -454.684 -72.480 
15.200 -454.619 -72.489 
15.183 -454.585 -72.494 
15.157 -454.535 -72.502 
15.120 -454.460 -72.513 
15.075 -454.373 -72.526 
15.024 -454.271 -72.541 
14.968 -454.161 -72.557 
14.906 -454.041 -72.575 
14.858 -453.948 -72.589 
14.809 -453.852 -72.603 
14.765 -453.767 -72.616 
14.712 -453.664 -72.631 
14.649 -453.543 -72.648 
14.596 -453.442 -72.663 
14.536 -453.326 -72.680 
14.482 -453.223 -72.695 
14.454 -453.169 -72.703 
14.407 -453.080 -72.716 
14.366 -453.002 -72.728 
14.324 -452.922 -72.739 
14.289 -452.856 -72.749 
14.240 -452.764 -72.762 
