21.500 -475.923 -70.112 
21.500 -475.838 -70.112 
21.499 -475.761 -70.112 
21.498 -475.679 -70.113 
21.496 -475.557 -70.113 
21.495 -475.480 -70.114 
21.493 -475.406 -70.114 
21.490 -475.273 -70.116 
21.488 -475.170 -70.117 
21.485 -475.079 -70.118 
21.481 -474.962 -70.120 
21.476 -474.848 -70.122 
21.472 -474.739 -70.124 
21.468 -474.665 -70.125 
21.464 -474.586 -70.127 
21.458 -474.468 -70.129 
21.452 -474.347 -70.132 
21.445 -474.242 -70.135 
21.437 -474.109 -70.139 
21.430 -474.009 -70.141 
21.422 -473.889 -70.145 
21.413 -473.769 -70.149 
21.405 -473.670 -70.152 
21.398 -473.584 -70.155 
21.391 -473.496 -70.158 
21.382 -473.389 -70.162 
21.376 -473.321 -70.164 
21.369 -473.252 -70.167 
21.360 -473.156 -70.171 
21.348 -473.033 -70.176 
21.341 -472.962 -70.178 
21.329 -472.847 -70.183 
21.317 -472.728 -70.188 
21.306 -472.627 -70.193 
21.296 -472.538 -70.197 
21.282 -472.417 -70.202 
21.270 -472.316 -70.207 
21.255 -472.194 -70.213 
21.239 -472.072 -70.219 
21.228 -471.981 -70.223 
21.214 -471.874 -70.229 
21.200 -471.772 -70.234 
21.190 -471.698 -70.238 
21.173 -471.579 -70.245 
21.152 -471.436 -70.253 
21.136 -471.327 -70.260 
21.125 -471.259 -70.264 
21.112 -471.173 -70.269 
21.102 -471.111 -70.273 
21.083 -470.988 -70.281 
21.058 -470.837 -70.291 
21.041 -470.734 -70.298 
21.023 -470.633 -70.305 
21.002 -470.511 -70.314 
20.992 -470.456 -70.318 
20.973 -470.355 -70.325 
20.946 -470.207 -70.336 
20.929 -470.116 -70.343 
20.916 -470.053 -70.348 
20.901 -469.972 -70.355 
20.880 -469.866 -70.363 
20.851 -469.726 -70.374 
20.834 -469.644 -70.381 
20.815 -469.551 -70.389 
20.788 -469.427 -70.399 
20.772 -469.351 -70.406 
20.748 -469.242 -70.415 
20.720 -469.120 -70.426 
20.708 -469.064 -70.431 
20.681 -468.947 -70.442 
20.658 -468.847 -70.451 
20.636 -468.755 -70.460 
20.615 -468.665 -70.469 
20.593 -468.574 -70.477 
20.563 -468.449 -70.490 
20.536 -468.342 -70.500 
20.512 -468.244 -70.510 
20.476 -468.102 -70.525 
20.446 -467.988 -70.537 
20.420 -467.887 -70.547 
20.403 -467.824 -70.554 
20.378 -467.731 -70.564 
20.355 -467.643 -70.574 
20.319 -467.512 -70.588 
20.291 -467.409 -70.600 
20.267 -467.323 -70.609 
20.245 -467.244 -70.618 
20.221 -467.161 -70.628 
20.184 -467.029 -70.643 
20.156 -466.933 -70.655 
20.130 -466.845 -70.665 
20.105 -466.761 -70.675 
20.067 -466.631 -70.691 
20.040 -466.540 -70.702 
20.011 -466.443 -70.714 
19.983 -466.353 -70.725 
19.939 -466.209 -70.742 
19.906 -466.102 -70.756 
19.878 -466.014 -70.767 
19.849 -465.924 -70.779 
19.813 -465.808 -70.794 
19.765 -465.660 -70.813 
19.733 -465.563 -70.826 
19.688 -465.427 -70.843 
19.652 -465.320 -70.858 
19.611 -465.196 -70.874 
19.585 -465.120 -70.884 
19.565 -465.060 -70.892 
19.537 -464.977 -70.903 
19.511 -464.904 -70.913 
19.468 -464.777 -70.930 
19.430 -464.669 -70.945 
19.402 -464.588 -70.956 
19.363 -464.478 -70.972 
19.333 -464.393 -70.984 
19.279 -464.242 -71.005 
19.247 -464.152 -71.017 
19.215 -464.065 -71.029 
19.193 -464.004 -71.038 
19.153 -463.894 -71.054 
19.135 -463.843 -71.061 
19.098 -463.742 -71.075 
19.073 -463.675 -71.085 
19.026 -463.548 -71.103 
18.988 -463.447 -71.117 
18.949 -463.344 -71.132 
18.910 -463.238 -71.147 
18.872 -463.137 -71.161 
18.848 -463.074 -71.171 
18.815 -462.988 -71.183 
18.779 -462.894 -71.196 
18.752 -462.823 -71.207 
18.715 -462.726 -71.220 
18.680 -462.636 -71.233 
18.633 -462.516 -71.251 
18.597 -462.423 -71.264 
18.561 -462.331 -71.277 
18.510 -462.201 -71.296 
18.471 -462.103 -71.310 
18.430 -461.998 -71.325 
18.398 -461.917 -71.337 
18.351 -461.799 -71.354 
18.318 -461.718 -71.366 
18.284 -461.633 -71.378 
18.256 -461.564 -71.388 
18.227 -461.492 -71.398 
18.193 -461.408 -71.410 
18.149 -461.299 -71.426 
18.114 -461.214 -71.438 
18.060 -461.082 -71.457 
18.018 -460.979 -71.472 
17.984 -460.897 -71.484 
17.948 -460.810 -71.497 
17.928 -460.762 -71.504 
17.876 -460.638 -71.522 
17.834 -460.540 -71.536 
17.781 -460.414 -71.554 
17.753 -460.348 -71.564 
17.701 -460.224 -71.582 
17.659 -460.126 -71.596 
17.620 -460.035 -71.609 
17.574 -459.929 -71.625 
17.545 -459.861 -71.635 
17.501 -459.759 -71.650 
17.460 -459.666 -71.663 
17.426 -459.588 -71.675 
17.391 -459.508 -71.686 
17.350 -459.415 -71.700 
17.297 -459.295 -71.717 
17.227 -459.138 -71.740 
17.191 -459.056 -71.752 
17.141 -458.946 -71.768 
17.080 -458.811 -71.788 
17.015 -458.667 -71.809 
16.967 -458.560 -71.825 
16.923 -458.464 -71.839 
16.876 -458.362 -71.854 
16.826 -458.253 -71.870 
16.781 -458.156 -71.884 
16.735 -458.057 -71.899 
16.685 -457.950 -71.915 
16.645 -457.864 -71.927 
16.614 -457.798 -71.937 
16.563 -457.689 -71.953 
16.518 -457.596 -71.967 
16.474 -457.501 -71.981 
16.428 -457.406 -71.995 
16.374 -457.292 -72.012 
16.351 -457.245 -72.019 
16.304 -457.146 -72.033 
16.266 -457.066 -72.045 
16.221 -456.974 -72.059 
16.179 -456.887 -72.072 
16.142 -456.810 -72.083 
16.090 -456.703 -72.099 
16.043 -456.606 -72.114 
15.978 -456.474 -72.133 
15.933 -456.383 -72.147 
15.881 -456.277 -72.163 
15.833 -456.181 -72.177 
15.796 -456.105 -72.188 
15.740 -455.993 -72.205 
15.699 -455.909 -72.217 
15.640 -455.792 -72.235 
15.595 -455.703 -72.248 
15.563 -455.639 -72.257 
15.505 -455.525 -72.274 
15.449 -455.413 -72.291 
15.401 -455.319 -72.305 
15.360 -455.238 -72.317 
15.290 -455.101 -72.337 
15.222 -454.970 -72.357 
15.185 -454.897 -72.367 
15.139 -454.809 -72.381 
15.089 -454.712 -72.395 
15.055 -454.648 -72.404 
15.007 -454.554 -72.418 
14.951 -454.447 -72.434 
14.904 -454.359 -72.447 
14.856 -454.266 -72.461 
14.820 -454.198 -72.471 
14.778 -454.117 -72.483 
14.739 -454.044 -72.494 
14.694 -453.959 -72.506 
14.642 -453.860 -72.521 
14.600 -453.782 -72.532 
14.547 -453.683 -72.547 
14.513 -453.618 -72.556 
14.460 -453.520 -72.571 
14.435 -453.475 -72.577 
14.382 -453.376 -72.592 
14.333 -453.285 -72.605 
14.302 -453.228 -72.613 
14.252 -453.136 -72.627 
