24.700 -458.394 -70.112 
24.699 -458.302 -70.112 
24.698 -458.196 -70.112 
24.697 -458.113 -70.112 
24.694 -457.941 -70.113 
24.692 -457.835 -70.114 
24.689 -457.717 -70.115 
24.685 -457.585 -70.117 
24.681 -457.485 -70.118 
24.677 -457.379 -70.120 
24.673 -457.274 -70.121 
24.669 -457.181 -70.123 
24.663 -457.071 -70.125 
24.657 -456.948 -70.127 
24.653 -456.873 -70.129 
24.647 -456.776 -70.131 
24.642 -456.691 -70.133 
24.633 -456.559 -70.137 
24.627 -456.476 -70.139 
24.617 -456.338 -70.143 
24.608 -456.222 -70.147 
24.601 -456.136 -70.149 
24.591 -456.023 -70.153 
24.585 -455.953 -70.156 
24.574 -455.831 -70.160 
24.562 -455.707 -70.165 
24.544 -455.538 -70.172 
24.533 -455.431 -70.177 
24.525 -455.362 -70.180 
24.516 -455.275 -70.184 
24.503 -455.167 -70.189 
24.492 -455.072 -70.194 
24.477 -454.954 -70.200 
24.463 -454.838 -70.206 
24.445 -454.702 -70.213 
24.436 -454.642 -70.216 
24.428 -454.578 -70.220 
24.414 -454.484 -70.226 
24.402 -454.397 -70.231 
24.383 -454.272 -70.238 
24.366 -454.160 -70.245 
24.356 -454.094 -70.250 
24.342 -454.010 -70.255 
24.321 -453.881 -70.264 
24.302 -453.767 -70.272 
24.285 -453.667 -70.278 
24.271 -453.585 -70.284 
24.249 -453.465 -70.293 
24.224 -453.327 -70.303 
24.204 -453.223 -70.311 
24.174 -453.067 -70.323 
24.159 -452.988 -70.330 
24.127 -452.833 -70.342 
24.111 -452.752 -70.349 
24.081 -452.609 -70.361 
24.065 -452.534 -70.367 
24.050 -452.465 -70.374 
24.027 -452.363 -70.382 
23.994 -452.217 -70.396 
23.957 -452.054 -70.411 
23.925 -451.919 -70.424 
23.900 -451.816 -70.434 
23.879 -451.728 -70.442 
23.857 -451.641 -70.451 
23.837 -451.562 -70.459 
23.809 -451.450 -70.470 
23.771 -451.304 -70.485 
23.746 -451.211 -70.495 
23.720 -451.114 -70.506 
23.687 -450.992 -70.519 
23.667 -450.919 -70.527 
23.639 -450.820 -70.538 
23.602 -450.689 -70.553 
23.576 -450.600 -70.563 
23.545 -450.493 -70.575 
23.518 -450.403 -70.586 
23.486 -450.294 -70.599 
23.459 -450.205 -70.610 
23.429 -450.108 -70.622 
23.406 -450.035 -70.631 
23.369 -449.916 -70.646 
23.334 -449.806 -70.660 
23.299 -449.699 -70.675 
23.271 -449.615 -70.685 
23.247 -449.544 -70.695 
23.195 -449.388 -70.716 
23.157 -449.276 -70.731 
23.139 -449.224 -70.739 
23.118 -449.164 -70.747 
23.087 -449.075 -70.760 
23.049 -448.968 -70.775 
23.024 -448.899 -70.785 
22.984 -448.788 -70.801 
22.957 -448.714 -70.812 
22.920 -448.613 -70.827 
22.885 -448.519 -70.841 
22.849 -448.425 -70.855 
22.818 -448.343 -70.868 
22.787 -448.262 -70.881 
22.744 -448.154 -70.898 
22.697 -448.034 -70.917 
22.657 -447.933 -70.933 
22.621 -447.844 -70.947 
22.582 -447.749 -70.963 
22.555 -447.682 -70.974 
22.522 -447.602 -70.988 
22.480 -447.500 -71.005 
22.442 -447.410 -71.021 
22.392 -447.292 -71.041 
22.351 -447.197 -71.058 
22.302 -447.082 -71.078 
22.250 -446.964 -71.099 
22.203 -446.857 -71.118 
22.173 -446.789 -71.130 
22.125 -446.682 -71.150 
22.089 -446.602 -71.165 
22.054 -446.524 -71.179 
21.999 -446.407 -71.201 
21.955 -446.310 -71.219 
21.907 -446.209 -71.238 
21.866 -446.121 -71.255 
21.816 -446.015 -71.275 
21.778 -445.938 -71.290 
21.725 -445.828 -71.312 
21.691 -445.758 -71.326 
21.636 -445.648 -71.348 
21.598 -445.571 -71.364 
21.565 -445.505 -71.377 
21.531 -445.439 -71.391 
21.463 -445.305 -71.419 
21.411 -445.203 -71.440 
21.340 -445.068 -71.469 
21.270 -444.935 -71.497 
21.197 -444.798 -71.527 
21.153 -444.718 -71.544 
21.100 -444.620 -71.566 
21.051 -444.530 -71.586 
21.022 -444.478 -71.598 
20.974 -444.391 -71.617 
20.937 -444.324 -71.633 
20.873 -444.211 -71.659 
20.834 -444.141 -71.675 
20.768 -444.026 -71.701 
20.700 -443.907 -71.729 
20.660 -443.838 -71.745 
20.601 -443.735 -71.769 
20.541 -443.634 -71.792 
20.480 -443.529 -71.817 
20.447 -443.474 -71.830 
20.388 -443.374 -71.853 
20.334 -443.283 -71.875 
20.281 -443.195 -71.896 
20.228 -443.107 -71.917 
20.170 -443.011 -71.941 
20.144 -442.968 -71.951 
20.073 -442.851 -71.980 
20.019 -442.764 -72.001 
19.956 -442.661 -72.027 
19.910 -442.587 -72.046 
19.851 -442.492 -72.069 
19.799 -442.410 -72.090 
19.741 -442.317 -72.114 
19.670 -442.206 -72.142 
19.631 -442.145 -72.158 
19.589 -442.079 -72.175 
19.568 -442.047 -72.183 
19.529 -441.986 -72.199 
19.477 -441.906 -72.220 
19.432 -441.836 -72.238 
19.380 -441.758 -72.259 
19.311 -441.653 -72.287 
19.259 -441.574 -72.308 
19.220 -441.516 -72.324 
19.157 -441.422 -72.349 
19.107 -441.347 -72.370 
19.028 -441.231 -72.402 
18.977 -441.156 -72.422 
18.934 -441.093 -72.440 
18.854 -440.978 -72.472 
18.798 -440.898 -72.494 
18.750 -440.829 -72.513 
18.709 -440.769 -72.530 
18.664 -440.706 -72.548 
18.608 -440.626 -72.571 
18.544 -440.536 -72.596 
18.503 -440.479 -72.613 
18.455 -440.413 -72.632 
18.391 -440.324 -72.658 
18.311 -440.214 -72.689 
18.268 -440.154 -72.707 
18.222 -440.092 -72.725 
18.157 -440.004 -72.751 
18.106 -439.936 -72.771 
18.056 -439.868 -72.791 
17.997 -439.789 -72.814 
17.916 -439.683 -72.846 
17.853 -439.600 -72.871 
17.792 -439.520 -72.896 
17.759 -439.477 -72.909 
17.696 -439.396 -72.933 
17.640 -439.323 -72.956 
17.585 -439.252 -72.978 
17.540 -439.195 -72.995 
17.479 -439.118 -73.019 
17.414 -439.034 -73.045 
17.382 -438.994 -73.058 
17.320 -438.915 -73.083 
17.240 -438.815 -73.114 
17.179 -438.737 -73.138 
17.121 -438.665 -73.161 
17.049 -438.576 -73.189 
16.981 -438.491 -73.215 
16.932 -438.430 -73.234 
16.867 -438.350 -73.260 
16.814 -438.286 -73.280 
16.753 -438.211 -73.304 
16.664 -438.103 -73.338 
16.604 -438.030 -73.361 
16.558 -437.975 -73.379 
16.491 -437.893 -73.404 
16.437 -437.827 -73.426 
16.385 -437.765 -73.446 
16.327 -437.696 -73.468 
16.249 -437.604 -73.497 
16.186 -437.529 -73.521 
16.135 -437.469 -73.541 
16.069 -437.391 -73.566 
16.026 -437.341 -73.582 
15.977 -437.283 -73.600 
15.923 -437.220 -73.621 
15.860 -437.147 -73.644 
15.798 -437.074 -73.668 
15.744 -437.013 -73.688 
15.686 -436.945 -73.710 
15.644 -436.896 -73.726 
15.528 -436.764 -73.769 
15.462 -436.688 -73.793 
15.376 -436.591 -73.825 
15.333 -436.542 -73.841 
15.264 -436.464 -73.866 
15.181 -436.370 -73.897 
15.132 -436.315 -73.914 
15.081 -436.258 -73.933 
15.014 -436.182 -73.958 
14.947 -436.107 -73.982 
14.887 -436.040 -74.004 
14.838 -435.985 -74.022 
14.760 -435.899 -74.050 
14.703 -435.835 -74.071 
14.630 -435.755 -74.097 
