24.700 -458.387 -70.112 
24.699 -458.244 -70.112 
24.698 -458.163 -70.113 
24.697 -458.070 -70.113 
24.695 -457.948 -70.114 
24.693 -457.862 -70.115 
24.689 -457.710 -70.116 
24.686 -457.618 -70.117 
24.684 -457.527 -70.118 
24.681 -457.445 -70.119 
24.677 -457.339 -70.121 
24.671 -457.216 -70.123 
24.667 -457.126 -70.125 
24.663 -457.046 -70.126 
24.658 -456.942 -70.128 
24.651 -456.820 -70.131 
24.644 -456.720 -70.134 
24.638 -456.619 -70.136 
24.631 -456.518 -70.139 
24.624 -456.424 -70.142 
24.616 -456.327 -70.145 
24.605 -456.183 -70.150 
24.596 -456.082 -70.153 
24.589 -455.992 -70.157 
24.580 -455.895 -70.160 
24.571 -455.807 -70.164 
24.559 -455.682 -70.169 
24.546 -455.558 -70.174 
24.538 -455.477 -70.177 
24.526 -455.367 -70.182 
24.510 -455.227 -70.189 
24.502 -455.162 -70.192 
24.485 -455.025 -70.199 
24.465 -454.866 -70.207 
24.457 -454.801 -70.211 
24.439 -454.671 -70.218 
24.427 -454.584 -70.223 
24.412 -454.475 -70.229 
24.398 -454.378 -70.235 
24.382 -454.271 -70.242 
24.370 -454.190 -70.247 
24.349 -454.056 -70.256 
24.338 -453.985 -70.261 
24.321 -453.882 -70.268 
24.303 -453.775 -70.275 
24.279 -453.630 -70.286 
24.260 -453.522 -70.294 
24.239 -453.410 -70.302 
24.223 -453.318 -70.309 
24.200 -453.198 -70.319 
24.178 -453.084 -70.328 
24.160 -452.991 -70.336 
24.136 -452.875 -70.345 
24.114 -452.765 -70.355 
24.092 -452.662 -70.364 
24.064 -452.529 -70.375 
24.036 -452.403 -70.387 
24.012 -452.296 -70.397 
23.994 -452.213 -70.405 
23.966 -452.094 -70.416 
23.945 -452.004 -70.425 
23.914 -451.878 -70.437 
23.889 -451.776 -70.448 
23.871 -451.702 -70.456 
23.843 -451.592 -70.467 
23.824 -451.517 -70.475 
23.802 -451.432 -70.485 
23.775 -451.329 -70.496 
23.747 -451.226 -70.507 
23.730 -451.164 -70.514 
23.700 -451.053 -70.527 
23.667 -450.935 -70.541 
23.640 -450.839 -70.552 
23.614 -450.747 -70.563 
23.593 -450.673 -70.572 
23.562 -450.567 -70.585 
23.523 -450.438 -70.601 
23.496 -450.347 -70.613 
23.472 -450.270 -70.622 
23.440 -450.164 -70.636 
23.405 -450.053 -70.651 
23.381 -449.976 -70.661 
23.350 -449.879 -70.675 
23.314 -449.768 -70.690 
23.282 -449.670 -70.704 
23.242 -449.551 -70.721 
23.201 -449.428 -70.738 
23.166 -449.328 -70.752 
23.106 -449.154 -70.778 
23.075 -449.064 -70.791 
23.045 -448.980 -70.803 
23.003 -448.863 -70.821 
22.963 -448.754 -70.837 
22.935 -448.679 -70.849 
22.900 -448.584 -70.864 
22.860 -448.477 -70.880 
22.824 -448.383 -70.895 
22.790 -448.296 -70.909 
22.764 -448.228 -70.920 
22.732 -448.147 -70.934 
22.704 -448.076 -70.945 
22.678 -448.009 -70.956 
22.657 -447.956 -70.965 
22.624 -447.876 -70.979 
22.578 -447.761 -70.998 
22.552 -447.698 -71.009 
22.511 -447.599 -71.026 
22.467 -447.493 -71.044 
22.419 -447.380 -71.064 
22.377 -447.282 -71.082 
22.304 -447.112 -71.112 
22.275 -447.045 -71.124 
22.234 -446.952 -71.141 
22.196 -446.866 -71.157 
22.160 -446.787 -71.172 
22.120 -446.698 -71.189 
22.071 -446.588 -71.209 
22.006 -446.446 -71.237 
21.953 -446.332 -71.259 
21.924 -446.270 -71.271 
21.878 -446.173 -71.290 
21.831 -446.075 -71.310 
21.775 -445.958 -71.334 
21.728 -445.862 -71.353 
21.689 -445.782 -71.369 
21.653 -445.709 -71.385 
21.594 -445.590 -71.409 
21.551 -445.504 -71.428 
21.511 -445.426 -71.444 
21.452 -445.310 -71.469 
21.407 -445.223 -71.488 
21.361 -445.134 -71.508 
21.310 -445.038 -71.529 
21.261 -444.945 -71.550 
21.216 -444.861 -71.569 
21.168 -444.771 -71.589 
21.109 -444.662 -71.614 
21.055 -444.562 -71.636 
20.990 -444.445 -71.663 
20.937 -444.350 -71.685 
20.909 -444.300 -71.697 
20.863 -444.219 -71.716 
20.818 -444.138 -71.735 
20.735 -443.991 -71.770 
20.698 -443.926 -71.785 
20.650 -443.844 -71.805 
20.585 -443.730 -71.832 
20.528 -443.632 -71.856 
20.495 -443.575 -71.870 
20.432 -443.468 -71.896 
20.376 -443.373 -71.919 
20.308 -443.259 -71.947 
20.251 -443.163 -71.970 
20.207 -443.090 -71.989 
20.140 -442.981 -72.016 
20.113 -442.936 -72.027 
20.062 -442.852 -72.048 
20.016 -442.777 -72.067 
19.973 -442.707 -72.085 
19.932 -442.641 -72.101 
19.864 -442.531 -72.129 
19.796 -442.422 -72.157 
19.729 -442.316 -72.185 
19.687 -442.250 -72.202 
19.638 -442.173 -72.222 
19.581 -442.084 -72.245 
19.542 -442.022 -72.262 
19.504 -441.963 -72.277 
19.444 -441.871 -72.302 
19.371 -441.758 -72.332 
19.311 -441.667 -72.356 
19.252 -441.577 -72.381 
19.199 -441.498 -72.402 
19.150 -441.423 -72.423 
19.108 -441.361 -72.440 
19.058 -441.287 -72.461 
18.991 -441.188 -72.488 
18.944 -441.118 -72.507 
18.896 -441.048 -72.527 
18.832 -440.955 -72.553 
18.781 -440.881 -72.574 
18.737 -440.817 -72.592 
18.687 -440.745 -72.612 
18.636 -440.672 -72.633 
18.563 -440.567 -72.663 
18.504 -440.484 -72.687 
18.464 -440.428 -72.703 
18.391 -440.326 -72.732 
18.331 -440.242 -72.757 
18.275 -440.165 -72.779 
18.226 -440.097 -72.799 
18.163 -440.012 -72.824 
18.087 -439.908 -72.855 
18.037 -439.841 -72.875 
17.962 -439.739 -72.905 
17.883 -439.634 -72.937 
17.840 -439.578 -72.955 
17.783 -439.503 -72.977 
17.718 -439.417 -73.004 
17.639 -439.313 -73.036 
17.586 -439.245 -73.057 
17.527 -439.168 -73.080 
17.477 -439.104 -73.100 
17.425 -439.037 -73.121 
17.345 -438.935 -73.153 
17.273 -438.842 -73.182 
17.185 -438.731 -73.217 
17.140 -438.673 -73.234 
17.055 -438.566 -73.268 
17.006 -438.505 -73.287 
16.978 -438.470 -73.299 
16.904 -438.378 -73.328 
16.842 -438.300 -73.352 
16.790 -438.235 -73.373 
16.741 -438.175 -73.392 
16.667 -438.084 -73.421 
16.602 -438.003 -73.447 
16.538 -437.925 -73.472 
16.476 -437.850 -73.497 
16.377 -437.729 -73.535 
16.307 -437.644 -73.563 
16.253 -437.579 -73.584 
16.202 -437.517 -73.604 
16.131 -437.433 -73.631 
16.073 -437.363 -73.654 
16.017 -437.297 -73.675 
15.939 -437.204 -73.706 
15.891 -437.146 -73.724 
15.839 -437.085 -73.744 
15.753 -436.984 -73.777 
15.676 -436.892 -73.807 
15.606 -436.811 -73.834 
15.537 -436.729 -73.861 
15.480 -436.663 -73.883 
15.405 -436.575 -73.911 
15.359 -436.522 -73.929 
15.281 -436.432 -73.958 
15.211 -436.351 -73.985 
15.154 -436.285 -74.006 
15.101 -436.224 -74.026 
15.046 -436.160 -74.047 
14.983 -436.087 -74.071 
14.933 -436.031 -74.089 
14.851 -435.937 -74.120 
14.790 -435.867 -74.143 
14.719 -435.786 -74.169 
14.672 -435.733 -74.187 
14.608 -435.660 -74.211 
14.549 -435.593 -74.232 
