24.700 -458.344 -70.112 
24.699 -458.275 -70.112 
24.699 -458.212 -70.112 
24.697 -458.121 -70.113 
24.696 -458.005 -70.114 
24.693 -457.854 -70.115 
24.690 -457.769 -70.116 
24.688 -457.671 -70.117 
24.683 -457.536 -70.119 
24.680 -457.449 -70.120 
24.676 -457.334 -70.122 
24.669 -457.180 -70.125 
24.664 -457.087 -70.127 
24.658 -456.971 -70.130 
24.651 -456.836 -70.133 
24.643 -456.710 -70.136 
24.634 -456.574 -70.140 
24.625 -456.445 -70.144 
24.617 -456.335 -70.147 
24.609 -456.243 -70.150 
24.601 -456.143 -70.154 
24.592 -456.032 -70.158 
24.579 -455.895 -70.163 
24.570 -455.796 -70.167 
24.561 -455.708 -70.170 
24.550 -455.599 -70.175 
24.541 -455.517 -70.179 
24.533 -455.447 -70.182 
24.523 -455.349 -70.186 
24.512 -455.261 -70.190 
24.499 -455.147 -70.196 
24.483 -455.019 -70.202 
24.472 -454.934 -70.207 
24.462 -454.853 -70.211 
24.442 -454.710 -70.219 
24.427 -454.604 -70.225 
24.414 -454.510 -70.231 
24.397 -454.394 -70.238 
24.381 -454.291 -70.245 
24.363 -454.173 -70.252 
24.348 -454.075 -70.259 
24.325 -453.932 -70.268 
24.315 -453.873 -70.272 
24.303 -453.801 -70.278 
24.291 -453.731 -70.282 
24.276 -453.650 -70.288 
24.254 -453.526 -70.297 
24.239 -453.440 -70.304 
24.220 -453.339 -70.311 
24.203 -453.249 -70.318 
24.179 -453.126 -70.328 
24.159 -453.022 -70.336 
24.136 -452.908 -70.346 
24.121 -452.835 -70.352 
24.102 -452.748 -70.359 
24.080 -452.642 -70.368 
24.060 -452.550 -70.376 
24.030 -452.412 -70.389 
24.012 -452.335 -70.396 
23.994 -452.253 -70.403 
23.969 -452.147 -70.413 
23.932 -451.991 -70.428 
23.910 -451.899 -70.437 
23.894 -451.834 -70.443 
23.865 -451.716 -70.455 
23.827 -451.567 -70.470 
23.789 -451.420 -70.485 
23.766 -451.331 -70.495 
23.733 -451.210 -70.508 
23.703 -451.100 -70.519 
23.683 -451.027 -70.527 
23.659 -450.943 -70.537 
23.630 -450.840 -70.548 
23.614 -450.784 -70.555 
23.581 -450.672 -70.567 
23.550 -450.567 -70.580 
23.522 -450.472 -70.591 
23.491 -450.371 -70.603 
23.453 -450.248 -70.618 
23.421 -450.145 -70.631 
23.399 -450.074 -70.640 
23.368 -449.978 -70.652 
23.321 -449.833 -70.670 
23.305 -449.783 -70.676 
23.285 -449.722 -70.684 
23.248 -449.612 -70.699 
23.219 -449.526 -70.710 
23.202 -449.475 -70.717 
23.172 -449.388 -70.729 
23.136 -449.286 -70.743 
23.108 -449.206 -70.754 
23.085 -449.141 -70.763 
23.041 -449.018 -70.781 
23.004 -448.916 -70.795 
22.960 -448.797 -70.813 
22.920 -448.690 -70.829 
22.886 -448.602 -70.842 
22.851 -448.509 -70.856 
22.828 -448.448 -70.865 
22.790 -448.350 -70.880 
22.759 -448.271 -70.893 
22.719 -448.170 -70.908 
22.700 -448.121 -70.916 
22.667 -448.041 -70.929 
22.624 -447.933 -70.946 
22.576 -447.815 -70.965 
22.532 -447.708 -70.983 
22.504 -447.641 -70.994 
22.472 -447.566 -71.007 
22.439 -447.489 -71.020 
22.410 -447.421 -71.032 
22.367 -447.321 -71.049 
22.309 -447.188 -71.072 
22.267 -447.091 -71.089 
22.231 -447.010 -71.103 
22.202 -446.945 -71.115 
22.148 -446.824 -71.136 
22.101 -446.720 -71.155 
22.071 -446.655 -71.167 
22.024 -446.552 -71.185 
21.967 -446.430 -71.208 
21.929 -446.349 -71.223 
21.894 -446.275 -71.237 
21.825 -446.131 -71.265 
21.763 -446.002 -71.290 
21.725 -445.925 -71.305 
21.663 -445.800 -71.330 
21.626 -445.725 -71.345 
21.566 -445.607 -71.369 
21.520 -445.517 -71.388 
21.475 -445.429 -71.406 
21.439 -445.359 -71.421 
21.393 -445.271 -71.439 
21.329 -445.150 -71.465 
21.280 -445.057 -71.485 
21.241 -444.984 -71.500 
21.192 -444.891 -71.520 
21.135 -444.787 -71.543 
21.083 -444.692 -71.564 
21.031 -444.597 -71.585 
20.974 -444.493 -71.608 
20.944 -444.440 -71.620 
20.884 -444.334 -71.644 
20.833 -444.242 -71.665 
20.801 -444.187 -71.677 
20.762 -444.119 -71.693 
20.715 -444.037 -71.712 
20.667 -443.954 -71.731 
20.617 -443.867 -71.751 
20.571 -443.789 -71.769 
20.531 -443.721 -71.785 
20.471 -443.619 -71.809 
20.415 -443.525 -71.832 
20.370 -443.449 -71.850 
20.319 -443.364 -71.870 
20.249 -443.248 -71.898 
20.193 -443.155 -71.920 
20.127 -443.048 -71.947 
20.069 -442.953 -71.970 
20.032 -442.892 -71.985 
19.966 -442.787 -72.011 
19.903 -442.687 -72.037 
19.842 -442.588 -72.061 
19.791 -442.508 -72.082 
19.762 -442.462 -72.093 
19.714 -442.387 -72.113 
19.664 -442.307 -72.133 
19.611 -442.226 -72.154 
19.561 -442.148 -72.174 
19.511 -442.071 -72.194 
19.465 -442.000 -72.212 
19.390 -441.886 -72.242 
19.336 -441.804 -72.263 
19.299 -441.748 -72.278 
19.245 -441.668 -72.299 
19.180 -441.571 -72.325 
19.103 -441.457 -72.355 
19.018 -441.332 -72.389 
18.941 -441.220 -72.419 
18.861 -441.104 -72.451 
18.781 -440.989 -72.483 
18.706 -440.880 -72.512 
18.625 -440.767 -72.544 
18.538 -440.644 -72.579 
18.453 -440.525 -72.612 
18.399 -440.451 -72.633 
18.365 -440.403 -72.647 
18.302 -440.318 -72.671 
18.236 -440.227 -72.698 
18.180 -440.151 -72.720 
18.099 -440.042 -72.751 
18.029 -439.947 -72.779 
17.988 -439.893 -72.795 
17.909 -439.787 -72.826 
17.871 -439.737 -72.840 
17.808 -439.653 -72.865 
17.733 -439.555 -72.894 
17.661 -439.460 -72.923 
17.612 -439.396 -72.941 
17.544 -439.308 -72.968 
17.477 -439.222 -72.994 
17.435 -439.167 -73.010 
17.379 -439.095 -73.032 
17.323 -439.023 -73.054 
17.258 -438.941 -73.079 
17.182 -438.844 -73.108 
17.113 -438.756 -73.134 
17.039 -438.663 -73.163 
16.967 -438.572 -73.190 
16.895 -438.483 -73.217 
16.831 -438.403 -73.242 
16.784 -438.345 -73.260 
16.692 -438.232 -73.294 
16.645 -438.174 -73.312 
16.582 -438.097 -73.336 
16.499 -437.995 -73.367 
16.440 -437.924 -73.389 
16.372 -437.842 -73.415 
16.305 -437.760 -73.440 
16.255 -437.700 -73.459 
16.198 -437.632 -73.480 
16.132 -437.554 -73.504 
16.075 -437.486 -73.525 
16.024 -437.425 -73.545 
15.935 -437.320 -73.577 
15.899 -437.277 -73.591 
15.855 -437.226 -73.607 
15.782 -437.141 -73.634 
15.705 -437.050 -73.662 
15.637 -436.971 -73.687 
15.556 -436.876 -73.717 
15.494 -436.805 -73.739 
15.424 -436.724 -73.764 
15.380 -436.673 -73.780 
15.342 -436.630 -73.794 
15.286 -436.565 -73.814 
15.221 -436.490 -73.838 
15.159 -436.419 -73.860 
15.070 -436.318 -73.892 
15.018 -436.259 -73.910 
14.960 -436.193 -73.931 
14.899 -436.124 -73.953 
14.831 -436.047 -73.977 
14.757 -435.964 -74.003 
14.648 -435.843 -74.042 
