24.700 -458.407 -70.112 
24.699 -458.306 -70.112 
24.699 -458.232 -70.112 
24.697 -458.112 -70.113 
24.696 -458.000 -70.114 
24.693 -457.887 -70.115 
24.692 -457.832 -70.115 
24.690 -457.739 -70.116 
24.687 -457.652 -70.117 
24.684 -457.556 -70.118 
24.680 -457.452 -70.119 
24.675 -457.323 -70.122 
24.671 -457.226 -70.123 
24.664 -457.088 -70.126 
24.656 -456.942 -70.129 
24.651 -456.856 -70.131 
24.647 -456.790 -70.133 
24.639 -456.658 -70.137 
24.632 -456.564 -70.139 
24.623 -456.436 -70.143 
24.620 -456.395 -70.145 
24.609 -456.261 -70.149 
24.599 -456.137 -70.153 
24.588 -456.004 -70.158 
24.574 -455.860 -70.164 
24.569 -455.809 -70.166 
24.560 -455.719 -70.169 
24.552 -455.633 -70.173 
24.543 -455.547 -70.177 
24.529 -455.423 -70.183 
24.513 -455.282 -70.189 
24.498 -455.150 -70.196 
24.480 -455.000 -70.204 
24.461 -454.856 -70.211 
24.449 -454.762 -70.216 
24.435 -454.663 -70.222 
24.423 -454.571 -70.227 
24.406 -454.454 -70.234 
24.393 -454.364 -70.240 
24.376 -454.251 -70.247 
24.364 -454.172 -70.252 
24.348 -454.070 -70.259 
24.325 -453.929 -70.268 
24.317 -453.881 -70.272 
24.293 -453.737 -70.282 
24.278 -453.649 -70.288 
24.266 -453.583 -70.293 
24.244 -453.459 -70.302 
24.221 -453.331 -70.312 
24.202 -453.232 -70.320 
24.190 -453.169 -70.325 
24.170 -453.066 -70.334 
24.146 -452.944 -70.344 
24.128 -452.856 -70.351 
24.105 -452.741 -70.361 
24.078 -452.614 -70.373 
24.059 -452.525 -70.381 
24.038 -452.429 -70.390 
24.015 -452.327 -70.400 
23.993 -452.230 -70.409 
23.977 -452.160 -70.416 
23.960 -452.083 -70.423 
23.937 -451.988 -70.433 
23.904 -451.851 -70.447 
23.883 -451.764 -70.456 
23.856 -451.655 -70.467 
23.830 -451.554 -70.478 
23.811 -451.479 -70.486 
23.787 -451.388 -70.496 
23.757 -451.271 -70.509 
23.724 -451.149 -70.523 
23.698 -451.052 -70.534 
23.672 -450.961 -70.545 
23.640 -450.845 -70.558 
23.609 -450.736 -70.572 
23.584 -450.649 -70.582 
23.545 -450.517 -70.598 
23.521 -450.436 -70.608 
23.495 -450.349 -70.620 
23.465 -450.251 -70.632 
23.438 -450.162 -70.644 
23.406 -450.062 -70.657 
23.379 -449.975 -70.668 
23.354 -449.898 -70.679 
23.316 -449.779 -70.695 
23.282 -449.675 -70.709 
23.255 -449.594 -70.721 
23.219 -449.486 -70.736 
23.191 -449.401 -70.748 
23.161 -449.314 -70.760 
23.129 -449.221 -70.774 
23.115 -449.180 -70.780 
23.060 -449.024 -70.803 
23.028 -448.935 -70.817 
22.989 -448.827 -70.833 
22.946 -448.712 -70.851 
22.908 -448.609 -70.867 
22.875 -448.521 -70.881 
22.843 -448.437 -70.895 
22.795 -448.311 -70.915 
22.761 -448.224 -70.930 
22.713 -448.102 -70.950 
22.672 -448.000 -70.967 
22.646 -447.934 -70.978 
22.605 -447.833 -70.996 
22.557 -447.716 -71.016 
22.525 -447.638 -71.030 
22.490 -447.556 -71.044 
22.450 -447.460 -71.061 
22.408 -447.363 -71.078 
22.377 -447.291 -71.091 
22.329 -447.180 -71.112 
22.293 -447.097 -71.127 
22.246 -446.989 -71.146 
22.212 -446.911 -71.161 
22.163 -446.803 -71.181 
22.134 -446.737 -71.194 
22.113 -446.692 -71.202 
22.071 -446.599 -71.220 
22.049 -446.550 -71.229 
22.016 -446.480 -71.243 
21.976 -446.393 -71.260 
21.939 -446.313 -71.275 
21.883 -446.194 -71.299 
21.841 -446.105 -71.317 
21.800 -446.019 -71.334 
21.758 -445.933 -71.352 
21.711 -445.837 -71.372 
21.672 -445.758 -71.388 
21.627 -445.666 -71.407 
21.582 -445.576 -71.426 
21.528 -445.469 -71.449 
21.493 -445.402 -71.464 
21.437 -445.292 -71.488 
21.355 -445.135 -71.522 
21.289 -445.009 -71.550 
21.266 -444.968 -71.560 
21.224 -444.888 -71.578 
21.181 -444.808 -71.596 
21.125 -444.706 -71.620 
21.088 -444.638 -71.636 
21.048 -444.565 -71.653 
21.004 -444.485 -71.671 
20.965 -444.414 -71.688 
20.913 -444.322 -71.710 
20.864 -444.235 -71.731 
20.805 -444.130 -71.756 
20.744 -444.022 -71.782 
20.689 -443.926 -71.805 
20.643 -443.848 -71.824 
20.574 -443.728 -71.853 
20.495 -443.594 -71.886 
20.462 -443.537 -71.900 
20.400 -443.433 -71.926 
20.338 -443.329 -71.952 
20.267 -443.210 -71.982 
20.214 -443.122 -72.004 
20.149 -443.015 -72.031 
20.092 -442.920 -72.055 
20.032 -442.823 -72.080 
19.993 -442.760 -72.096 
19.935 -442.666 -72.121 
19.855 -442.538 -72.154 
19.793 -442.439 -72.180 
19.732 -442.341 -72.206 
19.651 -442.216 -72.239 
19.600 -442.135 -72.260 
19.549 -442.056 -72.281 
19.491 -441.968 -72.305 
19.426 -441.867 -72.332 
19.388 -441.810 -72.347 
19.320 -441.707 -72.375 
19.236 -441.580 -72.409 
19.161 -441.468 -72.440 
19.113 -441.396 -72.459 
19.047 -441.299 -72.486 
18.993 -441.220 -72.507 
18.939 -441.141 -72.529 
18.895 -441.077 -72.547 
18.829 -440.981 -72.574 
18.777 -440.907 -72.595 
18.727 -440.835 -72.615 
18.639 -440.710 -72.651 
18.576 -440.622 -72.676 
18.494 -440.507 -72.709 
18.445 -440.439 -72.729 
18.371 -440.337 -72.759 
18.323 -440.271 -72.778 
18.280 -440.211 -72.795 
18.226 -440.137 -72.817 
18.148 -440.032 -72.848 
18.080 -439.940 -72.876 
18.034 -439.879 -72.894 
17.940 -439.754 -72.932 
17.866 -439.656 -72.961 
17.817 -439.590 -72.981 
17.771 -439.530 -73.000 
17.689 -439.423 -73.032 
17.619 -439.333 -73.060 
17.570 -439.269 -73.080 
17.507 -439.187 -73.105 
17.416 -439.071 -73.141 
17.352 -438.989 -73.166 
17.315 -438.941 -73.181 
17.252 -438.861 -73.205 
17.190 -438.781 -73.230 
17.137 -438.715 -73.251 
17.070 -438.630 -73.277 
17.006 -438.550 -73.303 
16.977 -438.514 -73.314 
16.890 -438.406 -73.348 
16.820 -438.319 -73.375 
16.738 -438.218 -73.407 
16.681 -438.147 -73.430 
16.630 -438.085 -73.450 
16.557 -437.995 -73.478 
16.502 -437.928 -73.500 
16.457 -437.873 -73.517 
16.407 -437.812 -73.537 
16.330 -437.719 -73.566 
16.273 -437.650 -73.588 
16.187 -437.546 -73.622 
16.093 -437.432 -73.658 
16.055 -437.387 -73.672 
15.994 -437.314 -73.696 
15.919 -437.225 -73.724 
15.872 -437.168 -73.742 
15.822 -437.109 -73.762 
15.713 -436.980 -73.803 
15.625 -436.876 -73.837 
15.559 -436.799 -73.862 
15.502 -436.732 -73.884 
15.416 -436.631 -73.916 
15.340 -436.542 -73.945 
15.291 -436.486 -73.963 
15.231 -436.416 -73.986 
15.150 -436.322 -74.016 
15.081 -436.243 -74.042 
15.018 -436.170 -74.066 
14.978 -436.125 -74.081 
14.904 -436.041 -74.108 
14.839 -435.967 -74.132 
14.774 -435.893 -74.156 
14.700 -435.809 -74.184 
14.629 -435.729 -74.210 
14.567 -435.660 -74.232 
