21.500 -475.917 -70.112 
21.499 -475.816 -70.112 
21.499 -475.726 -70.112 
21.497 -475.573 -70.113 
21.495 -475.468 -70.114 
21.492 -475.352 -70.115 
21.490 -475.263 -70.116 
21.487 -475.148 -70.117 
21.483 -475.012 -70.119 
21.478 -474.881 -70.121 
21.472 -474.752 -70.123 
21.467 -474.637 -70.125 
21.462 -474.541 -70.127 
21.459 -474.484 -70.128 
21.455 -474.414 -70.129 
21.450 -474.318 -70.131 
21.443 -474.205 -70.134 
21.434 -474.064 -70.137 
21.429 -473.990 -70.139 
21.425 -473.934 -70.141 
21.418 -473.843 -70.143 
21.412 -473.762 -70.145 
21.402 -473.639 -70.149 
21.397 -473.573 -70.151 
21.393 -473.526 -70.153 
21.388 -473.468 -70.154 
21.379 -473.363 -70.158 
21.370 -473.268 -70.161 
21.362 -473.176 -70.165 
21.353 -473.083 -70.168 
21.343 -472.989 -70.172 
21.325 -472.815 -70.179 
21.314 -472.718 -70.183 
21.298 -472.572 -70.190 
21.282 -472.437 -70.196 
21.272 -472.355 -70.200 
21.261 -472.265 -70.204 
21.250 -472.185 -70.208 
21.233 -472.053 -70.215 
21.227 -472.003 -70.217 
21.213 -471.905 -70.222 
21.204 -471.835 -70.226 
21.180 -471.672 -70.235 
21.170 -471.600 -70.239 
21.159 -471.525 -70.244 
21.148 -471.454 -70.248 
21.129 -471.329 -70.256 
21.109 -471.205 -70.264 
21.091 -471.092 -70.271 
21.078 -471.014 -70.276 
21.054 -470.873 -70.286 
21.035 -470.761 -70.293 
21.017 -470.657 -70.301 
20.997 -470.547 -70.309 
20.984 -470.472 -70.314 
20.965 -470.368 -70.322 
20.944 -470.256 -70.330 
20.929 -470.177 -70.336 
20.902 -470.041 -70.346 
20.885 -469.955 -70.353 
20.858 -469.818 -70.364 
20.830 -469.684 -70.375 
20.805 -469.564 -70.385 
20.783 -469.461 -70.394 
20.763 -469.370 -70.402 
20.744 -469.281 -70.409 
20.726 -469.201 -70.416 
20.708 -469.120 -70.424 
20.680 -468.998 -70.435 
20.649 -468.862 -70.447 
20.614 -468.715 -70.461 
20.598 -468.647 -70.467 
20.574 -468.551 -70.477 
20.537 -468.400 -70.491 
20.516 -468.313 -70.499 
20.489 -468.207 -70.510 
20.466 -468.120 -70.519 
20.433 -467.990 -70.532 
20.412 -467.910 -70.540 
20.389 -467.824 -70.549 
20.363 -467.728 -70.559 
20.335 -467.626 -70.570 
20.298 -467.490 -70.584 
20.267 -467.377 -70.597 
20.228 -467.240 -70.612 
20.205 -467.158 -70.621 
20.171 -467.040 -70.635 
20.142 -466.940 -70.646 
20.119 -466.862 -70.655 
20.096 -466.786 -70.664 
20.064 -466.678 -70.677 
20.032 -466.571 -70.689 
20.000 -466.466 -70.702 
19.970 -466.369 -70.713 
19.946 -466.290 -70.723 
19.913 -466.186 -70.736 
19.881 -466.083 -70.748 
19.842 -465.961 -70.763 
19.823 -465.904 -70.770 
19.795 -465.818 -70.781 
19.756 -465.698 -70.796 
19.718 -465.581 -70.810 
19.690 -465.496 -70.821 
19.647 -465.367 -70.838 
19.605 -465.242 -70.854 
19.573 -465.147 -70.866 
19.539 -465.046 -70.879 
19.509 -464.959 -70.891 
19.475 -464.860 -70.904 
19.437 -464.749 -70.919 
19.418 -464.695 -70.926 
19.368 -464.554 -70.945 
19.337 -464.465 -70.957 
19.294 -464.346 -70.973 
19.260 -464.249 -70.986 
19.217 -464.128 -71.002 
19.175 -464.014 -71.017 
19.141 -463.920 -71.030 
19.101 -463.812 -71.045 
19.051 -463.677 -71.063 
19.015 -463.579 -71.076 
18.980 -463.486 -71.089 
18.947 -463.396 -71.101 
18.922 -463.330 -71.110 
18.885 -463.230 -71.124 
18.859 -463.163 -71.133 
18.814 -463.045 -71.150 
18.768 -462.924 -71.166 
18.718 -462.794 -71.184 
18.679 -462.694 -71.198 
18.641 -462.594 -71.212 
18.619 -462.539 -71.220 
18.573 -462.423 -71.236 
18.549 -462.360 -71.244 
18.519 -462.284 -71.255 
18.489 -462.208 -71.265 
18.447 -462.104 -71.280 
18.411 -462.013 -71.292 
18.368 -461.907 -71.307 
18.324 -461.798 -71.322 
18.283 -461.695 -71.337 
18.245 -461.601 -71.350 
18.202 -461.496 -71.364 
18.166 -461.410 -71.376 
18.130 -461.322 -71.388 
18.098 -461.244 -71.399 
18.056 -461.140 -71.414 
18.022 -461.059 -71.425 
17.985 -460.972 -71.437 
17.957 -460.903 -71.447 
17.917 -460.808 -71.460 
17.864 -460.682 -71.477 
17.836 -460.615 -71.487 
17.807 -460.546 -71.496 
17.752 -460.416 -71.515 
17.704 -460.304 -71.530 
17.671 -460.227 -71.541 
17.646 -460.169 -71.549 
17.596 -460.051 -71.566 
17.561 -459.971 -71.577 
17.514 -459.863 -71.592 
17.467 -459.756 -71.607 
17.420 -459.648 -71.622 
17.387 -459.573 -71.633 
17.329 -459.441 -71.651 
17.288 -459.347 -71.664 
17.246 -459.253 -71.678 
17.199 -459.146 -71.693 
17.161 -459.061 -71.704 
17.125 -458.980 -71.716 
17.091 -458.905 -71.726 
17.063 -458.843 -71.735 
17.006 -458.717 -71.752 
16.973 -458.642 -71.763 
16.927 -458.540 -71.777 
16.873 -458.423 -71.793 
16.821 -458.309 -71.809 
16.762 -458.178 -71.827 
16.729 -458.107 -71.837 
16.707 -458.059 -71.843 
16.672 -457.984 -71.854 
16.631 -457.896 -71.866 
16.581 -457.787 -71.881 
16.544 -457.708 -71.892 
16.500 -457.615 -71.905 
16.448 -457.503 -71.920 
16.408 -457.418 -71.932 
16.368 -457.334 -71.943 
16.333 -457.260 -71.953 
16.299 -457.187 -71.964 
16.250 -457.084 -71.978 
16.216 -457.013 -71.988 
16.172 -456.921 -72.000 
16.128 -456.831 -72.013 
16.073 -456.716 -72.029 
16.034 -456.634 -72.040 
15.991 -456.546 -72.052 
15.947 -456.455 -72.065 
15.898 -456.354 -72.079 
15.849 -456.254 -72.092 
15.793 -456.140 -72.108 
15.737 -456.025 -72.124 
15.692 -455.935 -72.136 
15.635 -455.819 -72.152 
15.590 -455.728 -72.165 
15.537 -455.622 -72.179 
15.500 -455.548 -72.189 
15.427 -455.402 -72.209 
15.385 -455.320 -72.220 
15.341 -455.233 -72.232 
15.278 -455.108 -72.249 
15.235 -455.024 -72.261 
15.190 -454.934 -72.273 
15.161 -454.878 -72.281 
15.120 -454.799 -72.292 
15.079 -454.719 -72.302 
15.034 -454.632 -72.314 
14.966 -454.500 -72.332 
14.912 -454.396 -72.346 
14.859 -454.294 -72.360 
14.774 -454.132 -72.382 
14.731 -454.050 -72.393 
14.681 -453.955 -72.406 
14.638 -453.873 -72.417 
14.576 -453.755 -72.433 
14.496 -453.606 -72.453 
14.427 -453.477 -72.470 
14.361 -453.354 -72.487 
14.297 -453.234 -72.503 
