26.387 -423.564 -82.407 
26.374 -423.444 -82.413 
26.358 -423.298 -82.421 
26.350 -423.224 -82.425 
26.338 -423.116 -82.432 
26.323 -422.994 -82.439 
26.313 -422.904 -82.444 
26.303 -422.827 -82.449 
26.291 -422.733 -82.455 
26.276 -422.613 -82.463 
26.258 -422.479 -82.472 
26.237 -422.327 -82.482 
26.220 -422.210 -82.490 
26.206 -422.112 -82.497 
26.183 -421.964 -82.508 
26.172 -421.890 -82.514 
26.156 -421.784 -82.522 
26.140 -421.688 -82.529 
26.123 -421.581 -82.538 
26.107 -421.485 -82.546 
26.094 -421.410 -82.552 
26.078 -421.313 -82.560 
26.062 -421.226 -82.567 
26.043 -421.116 -82.576 
26.032 -421.056 -82.582 
26.018 -420.977 -82.589 
25.999 -420.876 -82.598 
25.983 -420.792 -82.605 
25.961 -420.680 -82.616 
25.946 -420.607 -82.623 
25.919 -420.473 -82.636 
25.896 -420.357 -82.647 
25.874 -420.252 -82.657 
25.858 -420.181 -82.664 
25.837 -420.084 -82.674 
25.806 -419.939 -82.689 
25.780 -419.823 -82.702 
25.760 -419.737 -82.711 
25.742 -419.659 -82.720 
25.722 -419.574 -82.729 
25.704 -419.497 -82.737 
25.680 -419.397 -82.749 
25.646 -419.262 -82.764 
25.623 -419.167 -82.775 
25.596 -419.064 -82.787 
25.576 -418.983 -82.797 
25.553 -418.895 -82.808 
25.531 -418.811 -82.818 
25.501 -418.699 -82.832 
25.469 -418.583 -82.846 
25.432 -418.450 -82.863 
25.403 -418.347 -82.876 
25.382 -418.274 -82.886 
25.350 -418.164 -82.900 
25.310 -418.028 -82.919 
25.274 -417.909 -82.935 
25.229 -417.763 -82.956 
25.204 -417.680 -82.967 
25.179 -417.602 -82.978 
25.144 -417.492 -82.994 
25.117 -417.405 -83.007 
25.082 -417.297 -83.023 
25.053 -417.208 -83.036 
25.012 -417.084 -83.054 
24.987 -417.011 -83.065 
24.965 -416.946 -83.075 
24.922 -416.821 -83.094 
24.894 -416.741 -83.107 
24.849 -416.612 -83.127 
24.809 -416.500 -83.145 
24.784 -416.431 -83.156 
24.761 -416.366 -83.166 
24.721 -416.256 -83.184 
24.678 -416.142 -83.203 
24.651 -416.069 -83.215 
24.606 -415.949 -83.235 
24.560 -415.829 -83.256 
24.521 -415.729 -83.273 
24.483 -415.632 -83.290 
24.439 -415.522 -83.310 
24.401 -415.425 -83.327 
24.375 -415.363 -83.338 
24.339 -415.273 -83.355 
24.291 -415.156 -83.376 
24.233 -415.017 -83.402 
24.194 -414.924 -83.419 
24.147 -414.815 -83.440 
24.117 -414.747 -83.453 
24.085 -414.672 -83.467 
24.043 -414.576 -83.486 
23.996 -414.470 -83.507 
23.949 -414.366 -83.528 
23.903 -414.264 -83.548 
23.860 -414.171 -83.567 
23.814 -414.072 -83.587 
23.784 -414.008 -83.601 
23.748 -413.932 -83.617 
23.694 -413.817 -83.641 
23.648 -413.722 -83.661 
23.609 -413.643 -83.678 
23.573 -413.568 -83.695 
23.552 -413.527 -83.704 
23.506 -413.434 -83.724 
23.455 -413.333 -83.746 
23.421 -413.265 -83.762 
23.376 -413.179 -83.781 
23.319 -413.067 -83.806 
23.264 -412.963 -83.830 
23.226 -412.890 -83.847 
23.189 -412.820 -83.864 
23.152 -412.752 -83.880 
23.100 -412.655 -83.903 
23.052 -412.568 -83.924 
23.023 -412.514 -83.937 
22.974 -412.427 -83.958 
22.925 -412.338 -83.980 
22.879 -412.258 -84.000 
22.836 -412.182 -84.019 
22.791 -412.104 -84.039 
22.733 -412.002 -84.065 
22.685 -411.920 -84.086 
22.642 -411.847 -84.105 
22.588 -411.755 -84.128 
22.520 -411.642 -84.158 
22.462 -411.546 -84.183 
22.404 -411.451 -84.209 
22.350 -411.363 -84.233 
22.290 -411.266 -84.259 
22.232 -411.174 -84.284 
22.169 -411.075 -84.312 
22.093 -410.956 -84.345 
22.026 -410.853 -84.374 
21.977 -410.778 -84.396 
21.939 -410.720 -84.412 
21.895 -410.654 -84.431 
21.825 -410.550 -84.462 
21.760 -410.453 -84.490 
21.708 -410.377 -84.513 
21.650 -410.293 -84.538 
21.613 -410.239 -84.555 
21.538 -410.132 -84.587 
21.478 -410.047 -84.613 
21.399 -409.936 -84.648 
21.346 -409.863 -84.670 
21.283 -409.776 -84.698 
21.217 -409.687 -84.726 
21.132 -409.571 -84.763 
21.052 -409.464 -84.798 
20.993 -409.387 -84.823 
20.931 -409.305 -84.850 
20.873 -409.230 -84.875 
20.814 -409.154 -84.900 
20.722 -409.036 -84.940 
20.679 -408.982 -84.959 
20.640 -408.933 -84.975 
20.528 -408.793 -85.024 
20.480 -408.734 -85.045 
20.402 -408.640 -85.078 
20.337 -408.561 -85.106 
20.249 -408.455 -85.144 
20.179 -408.374 -85.174 
20.129 -408.315 -85.196 
20.096 -408.276 -85.210 
20.012 -408.179 -85.246 
19.947 -408.103 -85.274 
19.875 -408.021 -85.305 
19.831 -407.971 -85.324 
19.782 -407.916 -85.345 
19.689 -407.812 -85.385 
19.616 -407.731 -85.417 
19.517 -407.623 -85.459 
19.455 -407.556 -85.486 
19.362 -407.456 -85.526 
19.299 -407.389 -85.553 
19.239 -407.325 -85.579 
19.167 -407.250 -85.610 
19.111 -407.191 -85.634 
19.066 -407.145 -85.654 
18.978 -407.055 -85.692 
18.920 -406.996 -85.716 
18.864 -406.940 -85.740 
18.776 -406.853 -85.778 
18.719 -406.796 -85.803 
18.629 -406.708 -85.841 
18.558 -406.638 -85.872 
18.501 -406.584 -85.896 
18.433 -406.518 -85.926 
18.354 -406.443 -85.960 
18.281 -406.375 -85.991 
18.221 -406.319 -86.017 
18.160 -406.262 -86.043 
18.082 -406.190 -86.076 
18.029 -406.143 -86.099 
17.964 -406.083 -86.127 
17.881 -406.009 -86.162 
17.801 -405.938 -86.197 
17.732 -405.877 -86.226 
17.640 -405.796 -86.266 
17.585 -405.748 -86.289 
17.506 -405.681 -86.323 
17.420 -405.607 -86.360 
17.353 -405.550 -86.389 
17.299 -405.505 -86.412 
17.219 -405.439 -86.446 
17.153 -405.384 -86.475 
17.075 -405.320 -86.508 
16.991 -405.251 -86.544 
16.925 -405.198 -86.573 
16.834 -405.126 -86.612 
16.757 -405.065 -86.645 
16.644 -404.976 -86.694 
16.550 -404.903 -86.735 
16.464 -404.838 -86.772 
16.396 -404.787 -86.801 
16.291 -404.707 -86.847 
16.182 -404.626 -86.894 
16.115 -404.577 -86.923 
16.030 -404.515 -86.960 
15.968 -404.471 -86.986 
15.892 -404.416 -87.019 
15.814 -404.361 -87.053 
15.735 -404.306 -87.087 
15.653 -404.249 -87.123 
15.574 -404.193 -87.157 
15.498 -404.141 -87.190 
15.434 -404.097 -87.218 
15.360 -404.047 -87.250 
15.300 -404.007 -87.276 
15.212 -403.949 -87.314 
15.093 -403.871 -87.366 
14.971 -403.792 -87.419 
14.898 -403.745 -87.451 
14.770 -403.664 -87.507 
14.708 -403.625 -87.533 
14.649 -403.589 -87.558 
14.557 -403.532 -87.599 
14.443 -403.462 -87.648 
14.359 -403.412 -87.684 
14.264 -403.356 -87.726 
14.160 -403.295 -87.770 
14.082 -403.249 -87.804 
13.995 -403.199 -87.842 
13.911 -403.151 -87.878 
13.842 -403.112 -87.909 
13.709 -403.037 -87.966 
13.611 -402.983 -88.008 
13.514 -402.930 -88.050 
13.410 -402.874 -88.095 
13.306 -402.818 -88.140 
13.235 -402.780 -88.171 
13.157 -402.739 -88.204 
13.066 -402.692 -88.243 
12.977 -402.646 -88.282 
12.906 -402.609 -88.313 
12.826 -402.569 -88.347 
12.734 -402.523 -88.387 
12.660 -402.486 -88.419 
12.555 -402.434 -88.464 
12.489 -402.402 -88.492 
12.379 -402.349 -88.540 
12.315 -402.319 -88.568 
12.253 -402.290 -88.594 
12.161 -402.247 -88.634 
12.070 -402.205 -88.673 
11.942 -402.146 -88.729 
11.880 -402.118 -88.756 
11.767 -402.067 -88.805 
11.674 -402.026 -88.845 
11.612 -401.999 -88.871 
11.540 -401.968 -88.902 
11.495 -401.949 -88.922 
11.401 -401.909 -88.962 
11.330 -401.879 -88.993 
11.224 -401.835 -89.039 
11.156 -401.807 -89.068 
11.049 -401.763 -89.114 
10.950 -401.723 -89.157 
10.868 -401.691 -89.192 
10.757 -401.647 -89.240 
10.663 -401.611 -89.280 
10.599 -401.586 -89.308 
10.484 -401.543 -89.357 
10.377 -401.503 -89.404 
10.286 -401.469 -89.443 
10.177 -401.429 -89.490 
10.089 -401.398 -89.528 
9.993 -401.364 -89.569 
9.901 -401.331 -89.608 
9.818 -401.303 -89.643 
9.714 -401.267 -89.688 
9.639 -401.241 -89.720 
