21.500 -475.860 -70.112 
21.499 -475.742 -70.112 
21.497 -475.601 -70.113 
21.495 -475.474 -70.114 
21.493 -475.384 -70.115 
21.491 -475.294 -70.116 
21.488 -475.185 -70.118 
21.482 -475.008 -70.120 
21.479 -474.923 -70.122 
21.474 -474.788 -70.124 
21.468 -474.664 -70.126 
21.465 -474.589 -70.128 
21.458 -474.456 -70.131 
21.454 -474.388 -70.133 
21.450 -474.316 -70.134 
21.445 -474.223 -70.137 
21.437 -474.104 -70.140 
21.430 -473.999 -70.143 
21.421 -473.875 -70.147 
21.410 -473.721 -70.151 
21.399 -473.584 -70.156 
21.391 -473.488 -70.159 
21.381 -473.373 -70.163 
21.367 -473.221 -70.169 
21.356 -473.109 -70.173 
21.345 -472.994 -70.178 
21.339 -472.933 -70.181 
21.324 -472.794 -70.187 
21.312 -472.678 -70.192 
21.300 -472.571 -70.197 
21.286 -472.452 -70.202 
21.277 -472.373 -70.206 
21.257 -472.213 -70.215 
21.249 -472.143 -70.218 
21.240 -472.074 -70.222 
21.227 -471.977 -70.227 
21.211 -471.859 -70.234 
21.202 -471.794 -70.238 
21.186 -471.676 -70.245 
21.167 -471.541 -70.254 
21.154 -471.449 -70.260 
21.136 -471.333 -70.267 
21.122 -471.240 -70.273 
21.110 -471.160 -70.279 
21.098 -471.083 -70.284 
21.090 -471.031 -70.288 
21.074 -470.935 -70.294 
21.049 -470.782 -70.305 
21.031 -470.678 -70.313 
21.007 -470.540 -70.324 
20.990 -470.445 -70.331 
20.973 -470.353 -70.338 
20.957 -470.265 -70.345 
20.938 -470.166 -70.353 
20.913 -470.032 -70.364 
20.895 -469.938 -70.372 
20.873 -469.827 -70.382 
20.844 -469.683 -70.395 
20.828 -469.610 -70.401 
20.813 -469.538 -70.408 
20.795 -469.452 -70.416 
20.768 -469.324 -70.427 
20.743 -469.210 -70.438 
20.726 -469.133 -70.445 
20.706 -469.042 -70.454 
20.681 -468.929 -70.465 
20.656 -468.820 -70.475 
20.635 -468.732 -70.484 
20.606 -468.606 -70.496 
20.589 -468.536 -70.503 
20.569 -468.452 -70.512 
20.533 -468.304 -70.527 
20.512 -468.219 -70.536 
20.485 -468.111 -70.547 
20.466 -468.035 -70.555 
20.449 -467.968 -70.562 
20.427 -467.884 -70.572 
20.408 -467.808 -70.580 
20.394 -467.756 -70.586 
20.378 -467.696 -70.592 
20.353 -467.603 -70.603 
20.338 -467.545 -70.609 
20.307 -467.433 -70.622 
20.276 -467.318 -70.635 
20.250 -467.226 -70.646 
20.229 -467.151 -70.655 
20.204 -467.064 -70.665 
20.179 -466.974 -70.676 
20.144 -466.855 -70.690 
20.121 -466.774 -70.700 
20.101 -466.705 -70.708 
20.073 -466.613 -70.720 
20.039 -466.501 -70.734 
20.024 -466.451 -70.740 
20.003 -466.381 -70.748 
19.978 -466.298 -70.759 
19.953 -466.218 -70.769 
19.917 -466.102 -70.784 
19.886 -466.001 -70.797 
19.858 -465.914 -70.808 
19.826 -465.811 -70.822 
19.794 -465.714 -70.835 
19.772 -465.645 -70.844 
19.743 -465.555 -70.856 
19.710 -465.452 -70.869 
19.689 -465.390 -70.878 
19.651 -465.273 -70.893 
19.625 -465.193 -70.904 
19.585 -465.076 -70.920 
19.566 -465.018 -70.927 
19.538 -464.934 -70.939 
19.507 -464.844 -70.951 
19.474 -464.748 -70.964 
19.438 -464.641 -70.978 
19.414 -464.574 -70.988 
19.388 -464.497 -70.998 
19.347 -464.379 -71.015 
19.309 -464.271 -71.030 
19.257 -464.124 -71.050 
19.203 -463.974 -71.071 
19.153 -463.833 -71.091 
19.119 -463.740 -71.104 
19.091 -463.663 -71.115 
19.055 -463.565 -71.128 
19.026 -463.484 -71.140 
18.995 -463.401 -71.151 
18.961 -463.309 -71.165 
18.927 -463.218 -71.177 
18.895 -463.133 -71.189 
18.862 -463.044 -71.202 
18.817 -462.923 -71.219 
18.792 -462.857 -71.228 
18.741 -462.722 -71.247 
18.701 -462.620 -71.262 
18.673 -462.547 -71.272 
18.634 -462.445 -71.286 
18.600 -462.356 -71.299 
18.568 -462.274 -71.311 
18.528 -462.170 -71.325 
18.476 -462.038 -71.344 
18.454 -461.983 -71.352 
18.418 -461.891 -71.365 
18.377 -461.785 -71.380 
18.337 -461.685 -71.394 
18.301 -461.596 -71.407 
18.255 -461.480 -71.424 
18.233 -461.427 -71.431 
18.193 -461.328 -71.446 
18.167 -461.264 -71.455 
18.115 -461.135 -71.473 
18.072 -461.031 -71.488 
18.020 -460.904 -71.506 
17.972 -460.787 -71.523 
17.944 -460.719 -71.533 
17.909 -460.635 -71.545 
17.863 -460.525 -71.560 
17.828 -460.442 -71.572 
17.752 -460.263 -71.598 
17.694 -460.125 -71.617 
17.630 -459.974 -71.639 
17.598 -459.899 -71.650 
17.569 -459.832 -71.659 
17.529 -459.741 -71.672 
17.486 -459.641 -71.687 
17.453 -459.565 -71.697 
17.416 -459.480 -71.710 
17.372 -459.379 -71.724 
17.328 -459.280 -71.738 
17.282 -459.175 -71.753 
17.249 -459.099 -71.764 
17.216 -459.026 -71.774 
17.183 -458.950 -71.785 
17.141 -458.855 -71.798 
17.097 -458.757 -71.812 
17.062 -458.679 -71.823 
17.028 -458.603 -71.833 
16.987 -458.514 -71.846 
16.965 -458.464 -71.853 
16.924 -458.374 -71.866 
16.879 -458.275 -71.880 
16.833 -458.174 -71.894 
16.791 -458.083 -71.907 
16.758 -458.012 -71.917 
16.713 -457.915 -71.931 
16.668 -457.817 -71.945 
16.616 -457.705 -71.961 
16.587 -457.642 -71.970 
16.551 -457.565 -71.981 
16.525 -457.510 -71.989 
16.481 -457.415 -72.002 
16.436 -457.319 -72.016 
16.385 -457.212 -72.032 
16.341 -457.120 -72.045 
16.283 -456.998 -72.063 
16.232 -456.892 -72.078 
16.183 -456.789 -72.093 
16.150 -456.720 -72.103 
16.100 -456.617 -72.118 
16.068 -456.551 -72.127 
16.025 -456.462 -72.140 
15.990 -456.390 -72.150 
15.935 -456.278 -72.167 
15.880 -456.164 -72.183 
15.818 -456.037 -72.201 
15.781 -455.962 -72.212 
15.737 -455.872 -72.224 
15.692 -455.781 -72.237 
15.654 -455.704 -72.248 
15.618 -455.632 -72.259 
15.581 -455.557 -72.269 
15.548 -455.491 -72.278 
15.499 -455.394 -72.292 
15.452 -455.300 -72.305 
15.406 -455.207 -72.319 
15.368 -455.132 -72.329 
15.306 -455.010 -72.347 
15.268 -454.935 -72.357 
15.199 -454.798 -72.377 
15.167 -454.735 -72.386 
15.111 -454.626 -72.401 
15.057 -454.520 -72.416 
15.023 -454.455 -72.426 
14.983 -454.377 -72.437 
14.923 -454.260 -72.453 
14.864 -454.147 -72.470 
14.818 -454.059 -72.482 
14.787 -453.999 -72.491 
14.735 -453.901 -72.505 
14.673 -453.782 -72.522 
14.619 -453.680 -72.536 
14.571 -453.589 -72.549 
14.517 -453.488 -72.563 
14.454 -453.369 -72.580 
14.408 -453.282 -72.592 
14.332 -453.140 -72.612 
14.309 -453.098 -72.618 
14.267 -453.020 -72.629 
