21.500 -475.921 -70.112 
21.499 -475.820 -70.112 
21.499 -475.736 -70.112 
21.498 -475.646 -70.112 
21.496 -475.549 -70.113 
21.495 -475.466 -70.114 
21.493 -475.386 -70.114 
21.491 -475.279 -70.115 
21.489 -475.191 -70.116 
21.486 -475.096 -70.117 
21.483 -474.996 -70.118 
21.478 -474.874 -70.120 
21.476 -474.814 -70.121 
21.471 -474.691 -70.123 
21.466 -474.580 -70.125 
21.461 -474.495 -70.127 
21.455 -474.383 -70.129 
21.448 -474.259 -70.132 
21.441 -474.147 -70.135 
21.435 -474.057 -70.137 
21.427 -473.945 -70.140 
21.421 -473.860 -70.142 
21.414 -473.769 -70.145 
21.406 -473.670 -70.148 
21.395 -473.536 -70.152 
21.385 -473.422 -70.156 
21.373 -473.289 -70.160 
21.360 -473.150 -70.165 
21.346 -473.017 -70.170 
21.334 -472.894 -70.175 
21.327 -472.828 -70.178 
21.310 -472.677 -70.184 
21.296 -472.554 -70.189 
21.281 -472.428 -70.195 
21.262 -472.272 -70.202 
21.251 -472.184 -70.206 
21.237 -472.078 -70.211 
21.220 -471.952 -70.218 
21.208 -471.867 -70.222 
21.193 -471.762 -70.228 
21.180 -471.674 -70.232 
21.170 -471.600 -70.236 
21.161 -471.539 -70.240 
21.143 -471.425 -70.246 
21.126 -471.313 -70.253 
21.114 -471.240 -70.257 
21.103 -471.170 -70.261 
21.076 -471.004 -70.272 
21.063 -470.924 -70.277 
21.041 -470.799 -70.285 
21.025 -470.704 -70.291 
21.007 -470.603 -70.298 
20.993 -470.524 -70.303 
20.977 -470.434 -70.310 
20.960 -470.342 -70.316 
20.940 -470.236 -70.324 
20.909 -470.078 -70.335 
20.893 -469.996 -70.342 
20.871 -469.886 -70.350 
20.843 -469.747 -70.361 
20.817 -469.622 -70.371 
20.789 -469.491 -70.381 
20.771 -469.408 -70.388 
20.743 -469.281 -70.399 
20.716 -469.158 -70.410 
20.688 -469.032 -70.421 
20.666 -468.939 -70.429 
20.637 -468.813 -70.440 
20.611 -468.703 -70.451 
20.571 -468.535 -70.466 
20.548 -468.443 -70.475 
20.524 -468.346 -70.484 
20.504 -468.265 -70.492 
20.467 -468.117 -70.506 
20.434 -467.993 -70.519 
20.407 -467.890 -70.529 
20.383 -467.796 -70.539 
20.350 -467.674 -70.552 
20.327 -467.592 -70.560 
20.305 -467.510 -70.569 
20.272 -467.390 -70.581 
20.251 -467.317 -70.589 
20.232 -467.248 -70.597 
20.193 -467.111 -70.611 
20.169 -467.025 -70.621 
20.131 -466.895 -70.635 
20.091 -466.758 -70.651 
20.061 -466.657 -70.662 
20.025 -466.537 -70.676 
19.999 -466.448 -70.686 
19.965 -466.338 -70.698 
19.948 -466.283 -70.705 
19.916 -466.178 -70.717 
19.884 -466.074 -70.729 
19.860 -465.998 -70.738 
19.818 -465.864 -70.755 
19.783 -465.754 -70.768 
19.748 -465.646 -70.781 
19.713 -465.538 -70.794 
19.691 -465.470 -70.803 
19.663 -465.384 -70.813 
19.630 -465.285 -70.826 
19.591 -465.168 -70.840 
19.560 -465.076 -70.852 
19.521 -464.960 -70.866 
19.489 -464.866 -70.878 
19.461 -464.782 -70.889 
19.434 -464.704 -70.898 
19.409 -464.633 -70.908 
19.369 -464.516 -70.923 
19.329 -464.403 -70.937 
19.291 -464.295 -70.951 
19.264 -464.216 -70.961 
19.225 -464.108 -70.975 
19.184 -463.994 -70.990 
19.141 -463.873 -71.005 
19.115 -463.801 -71.014 
19.090 -463.734 -71.023 
19.063 -463.658 -71.033 
19.019 -463.539 -71.048 
18.973 -463.414 -71.065 
18.938 -463.320 -71.077 
18.901 -463.219 -71.090 
18.860 -463.111 -71.104 
18.834 -463.041 -71.113 
18.799 -462.949 -71.125 
18.785 -462.912 -71.130 
18.746 -462.808 -71.143 
18.687 -462.653 -71.163 
18.649 -462.556 -71.176 
18.597 -462.422 -71.194 
18.552 -462.305 -71.209 
18.512 -462.201 -71.223 
18.470 -462.093 -71.237 
18.436 -462.006 -71.248 
18.410 -461.940 -71.257 
18.370 -461.840 -71.270 
18.334 -461.748 -71.282 
18.312 -461.691 -71.289 
18.268 -461.579 -71.304 
18.248 -461.530 -71.310 
18.215 -461.447 -71.321 
18.176 -461.350 -71.334 
18.151 -461.288 -71.342 
18.127 -461.228 -71.350 
18.092 -461.141 -71.361 
18.048 -461.032 -71.376 
18.014 -460.948 -71.387 
17.971 -460.843 -71.401 
17.933 -460.749 -71.413 
17.880 -460.621 -71.430 
17.841 -460.526 -71.442 
17.803 -460.434 -71.455 
17.760 -460.329 -71.468 
17.720 -460.232 -71.481 
17.684 -460.146 -71.492 
17.643 -460.048 -71.505 
17.598 -459.941 -71.519 
17.547 -459.820 -71.535 
17.513 -459.739 -71.546 
17.490 -459.685 -71.553 
17.455 -459.602 -71.564 
17.419 -459.518 -71.575 
17.388 -459.445 -71.585 
17.334 -459.318 -71.602 
17.290 -459.218 -71.616 
17.240 -459.101 -71.631 
17.196 -459.000 -71.645 
17.148 -458.891 -71.659 
17.095 -458.770 -71.675 
17.061 -458.691 -71.685 
17.005 -458.564 -71.702 
16.966 -458.476 -71.714 
16.926 -458.386 -71.726 
16.885 -458.294 -71.738 
16.834 -458.179 -71.753 
16.799 -458.101 -71.763 
16.769 -458.033 -71.772 
16.741 -457.971 -71.781 
16.686 -457.848 -71.797 
16.655 -457.781 -71.806 
16.600 -457.658 -71.822 
16.544 -457.537 -71.838 
16.474 -457.385 -71.858 
16.435 -457.300 -71.869 
16.400 -457.223 -71.879 
16.352 -457.121 -71.893 
16.303 -457.016 -71.906 
16.263 -456.929 -71.918 
16.232 -456.862 -71.926 
16.186 -456.765 -71.939 
16.119 -456.622 -71.958 
16.047 -456.470 -71.978 
15.995 -456.361 -71.992 
15.938 -456.240 -72.008 
15.880 -456.119 -72.023 
15.834 -456.024 -72.036 
15.799 -455.952 -72.045 
15.745 -455.840 -72.060 
15.705 -455.758 -72.071 
15.665 -455.675 -72.081 
15.615 -455.571 -72.095 
15.587 -455.516 -72.102 
15.551 -455.441 -72.112 
15.511 -455.360 -72.123 
15.463 -455.263 -72.135 
15.431 -455.197 -72.144 
15.365 -455.064 -72.161 
15.328 -454.991 -72.170 
15.279 -454.891 -72.183 
15.260 -454.855 -72.188 
15.224 -454.781 -72.197 
15.201 -454.736 -72.203 
15.165 -454.665 -72.212 
15.111 -454.557 -72.226 
15.064 -454.464 -72.238 
15.019 -454.374 -72.249 
14.987 -454.312 -72.257 
14.932 -454.203 -72.272 
14.900 -454.141 -72.280 
14.871 -454.085 -72.287 
14.846 -454.037 -72.293 
14.777 -453.901 -72.310 
14.712 -453.774 -72.327 
14.674 -453.701 -72.336 
14.653 -453.661 -72.341 
14.609 -453.575 -72.352 
14.565 -453.489 -72.363 
14.511 -453.386 -72.376 
14.476 -453.319 -72.385 
14.438 -453.245 -72.395 
14.391 -453.157 -72.406 
14.343 -453.064 -72.418 
14.316 -453.013 -72.424 
