26.390 -423.597 -82.405 
26.375 -423.450 -82.413 
26.355 -423.266 -82.423 
26.341 -423.142 -82.429 
26.331 -423.053 -82.435 
26.323 -422.989 -82.438 
26.312 -422.898 -82.444 
26.296 -422.771 -82.451 
26.285 -422.686 -82.457 
26.270 -422.566 -82.464 
26.252 -422.438 -82.473 
26.239 -422.337 -82.479 
26.223 -422.228 -82.487 
26.209 -422.128 -82.494 
26.192 -422.012 -82.502 
26.178 -421.921 -82.508 
26.162 -421.816 -82.515 
26.148 -421.729 -82.522 
26.136 -421.659 -82.527 
26.117 -421.541 -82.536 
26.098 -421.427 -82.544 
26.086 -421.359 -82.550 
26.077 -421.307 -82.554 
26.063 -421.227 -82.560 
26.050 -421.154 -82.566 
26.031 -421.046 -82.575 
26.014 -420.956 -82.583 
25.999 -420.876 -82.590 
25.983 -420.790 -82.597 
25.963 -420.686 -82.606 
25.947 -420.602 -82.614 
25.923 -420.483 -82.625 
25.897 -420.358 -82.636 
25.877 -420.263 -82.645 
25.865 -420.207 -82.651 
25.844 -420.110 -82.660 
25.820 -419.996 -82.671 
25.802 -419.915 -82.679 
25.772 -419.786 -82.693 
25.745 -419.669 -82.705 
25.724 -419.580 -82.714 
25.696 -419.463 -82.726 
25.671 -419.358 -82.737 
25.637 -419.218 -82.753 
25.611 -419.115 -82.764 
25.588 -419.025 -82.774 
25.564 -418.933 -82.785 
25.534 -418.818 -82.798 
25.514 -418.743 -82.807 
25.484 -418.632 -82.820 
25.465 -418.563 -82.829 
25.435 -418.458 -82.842 
25.406 -418.354 -82.854 
25.384 -418.277 -82.864 
25.345 -418.141 -82.882 
25.319 -418.057 -82.893 
25.287 -417.949 -82.907 
25.254 -417.840 -82.922 
25.218 -417.724 -82.937 
25.201 -417.670 -82.945 
25.172 -417.576 -82.958 
25.144 -417.489 -82.970 
25.110 -417.382 -82.985 
25.081 -417.293 -82.998 
25.047 -417.188 -83.013 
25.017 -417.099 -83.026 
24.979 -416.987 -83.043 
24.937 -416.863 -83.062 
24.907 -416.775 -83.075 
24.890 -416.725 -83.083 
24.850 -416.613 -83.100 
24.821 -416.529 -83.113 
24.781 -416.418 -83.130 
24.757 -416.351 -83.141 
24.724 -416.261 -83.155 
24.696 -416.184 -83.168 
24.664 -416.099 -83.181 
24.623 -415.988 -83.199 
24.575 -415.864 -83.220 
24.554 -415.809 -83.229 
24.505 -415.681 -83.250 
24.467 -415.584 -83.266 
24.426 -415.482 -83.284 
24.389 -415.389 -83.300 
24.358 -415.312 -83.313 
24.320 -415.219 -83.330 
24.280 -415.122 -83.347 
24.245 -415.038 -83.362 
24.217 -414.973 -83.374 
24.185 -414.897 -83.387 
24.144 -414.802 -83.405 
24.084 -414.664 -83.431 
24.041 -414.566 -83.449 
23.998 -414.469 -83.468 
23.959 -414.381 -83.485 
23.911 -414.276 -83.505 
23.877 -414.201 -83.520 
23.834 -414.108 -83.538 
23.800 -414.035 -83.553 
23.764 -413.958 -83.568 
23.732 -413.891 -83.582 
23.673 -413.768 -83.608 
23.635 -413.689 -83.624 
23.600 -413.618 -83.639 
23.543 -413.502 -83.664 
23.499 -413.413 -83.683 
23.455 -413.325 -83.702 
23.394 -413.204 -83.728 
23.354 -413.127 -83.745 
23.313 -413.046 -83.763 
23.262 -412.949 -83.785 
23.198 -412.827 -83.812 
23.152 -412.742 -83.831 
23.105 -412.654 -83.852 
23.069 -412.588 -83.867 
23.014 -412.487 -83.891 
22.965 -412.397 -83.912 
22.910 -412.299 -83.935 
22.864 -412.217 -83.955 
22.798 -412.100 -83.983 
22.755 -412.026 -84.002 
22.721 -411.967 -84.016 
22.675 -411.888 -84.036 
22.641 -411.830 -84.051 
22.588 -411.740 -84.074 
22.507 -411.604 -84.109 
22.473 -411.546 -84.124 
22.430 -411.477 -84.142 
22.376 -411.387 -84.166 
22.307 -411.276 -84.196 
22.274 -411.223 -84.210 
22.233 -411.157 -84.228 
22.166 -411.051 -84.257 
22.099 -410.946 -84.286 
22.043 -410.859 -84.310 
21.993 -410.781 -84.332 
21.926 -410.680 -84.361 
21.883 -410.614 -84.380 
21.816 -410.514 -84.409 
21.749 -410.414 -84.439 
21.701 -410.344 -84.460 
21.637 -410.250 -84.488 
21.556 -410.133 -84.523 
21.488 -410.035 -84.553 
21.450 -409.981 -84.570 
21.384 -409.890 -84.598 
21.312 -409.788 -84.630 
21.257 -409.713 -84.655 
21.201 -409.636 -84.679 
21.136 -409.548 -84.708 
21.083 -409.476 -84.731 
21.020 -409.392 -84.759 
20.942 -409.289 -84.794 
20.889 -409.219 -84.817 
20.827 -409.139 -84.844 
20.782 -409.082 -84.864 
20.738 -409.025 -84.883 
20.660 -408.926 -84.918 
20.596 -408.845 -84.946 
20.520 -408.751 -84.980 
20.463 -408.681 -85.004 
20.394 -408.596 -85.035 
20.329 -408.518 -85.063 
20.262 -408.437 -85.093 
20.197 -408.360 -85.121 
20.136 -408.288 -85.148 
20.053 -408.191 -85.185 
19.979 -408.105 -85.217 
19.886 -407.998 -85.258 
19.803 -407.903 -85.294 
19.742 -407.835 -85.321 
19.683 -407.768 -85.347 
19.604 -407.682 -85.381 
19.543 -407.615 -85.407 
19.468 -407.533 -85.440 
19.408 -407.468 -85.466 
19.362 -407.419 -85.486 
19.304 -407.357 -85.511 
19.256 -407.306 -85.532 
19.189 -407.235 -85.561 
19.088 -407.130 -85.605 
18.991 -407.031 -85.646 
18.921 -406.960 -85.677 
18.834 -406.872 -85.715 
18.769 -406.807 -85.743 
18.686 -406.726 -85.778 
18.606 -406.648 -85.813 
18.538 -406.582 -85.842 
18.488 -406.533 -85.864 
18.390 -406.440 -85.906 
18.307 -406.361 -85.941 
18.233 -406.292 -85.973 
18.117 -406.184 -86.023 
18.054 -406.126 -86.050 
17.976 -406.056 -86.083 
17.901 -405.988 -86.115 
17.828 -405.923 -86.146 
17.745 -405.848 -86.182 
17.688 -405.799 -86.207 
17.641 -405.758 -86.227 
17.561 -405.689 -86.261 
17.465 -405.606 -86.303 
17.410 -405.560 -86.326 
17.355 -405.513 -86.350 
17.288 -405.457 -86.379 
17.206 -405.389 -86.414 
17.169 -405.359 -86.430 
17.099 -405.302 -86.460 
17.004 -405.223 -86.501 
16.929 -405.163 -86.533 
16.866 -405.113 -86.560 
16.821 -405.077 -86.579 
16.740 -405.013 -86.614 
16.674 -404.961 -86.643 
16.595 -404.900 -86.677 
16.515 -404.838 -86.711 
16.429 -404.772 -86.748 
16.379 -404.734 -86.770 
16.276 -404.657 -86.814 
16.162 -404.572 -86.863 
16.100 -404.527 -86.889 
16.007 -404.459 -86.930 
15.901 -404.382 -86.975 
15.850 -404.345 -86.997 
15.769 -404.288 -87.032 
15.694 -404.235 -87.064 
15.623 -404.185 -87.095 
15.549 -404.134 -87.126 
15.475 -404.083 -87.159 
15.382 -404.020 -87.199 
15.325 -403.981 -87.223 
15.265 -403.941 -87.249 
15.175 -403.881 -87.288 
15.074 -403.815 -87.332 
14.975 -403.750 -87.374 
14.866 -403.680 -87.421 
14.744 -403.602 -87.474 
14.670 -403.555 -87.506 
14.597 -403.510 -87.537 
14.540 -403.475 -87.562 
14.499 -403.450 -87.580 
14.441 -403.414 -87.605 
14.372 -403.372 -87.634 
14.298 -403.328 -87.666 
14.214 -403.277 -87.703 
14.124 -403.225 -87.741 
14.033 -403.171 -87.780 
13.947 -403.121 -87.817 
13.853 -403.067 -87.857 
13.785 -403.028 -87.887 
13.691 -402.974 -87.927 
13.621 -402.935 -87.957 
13.557 -402.899 -87.984 
13.491 -402.862 -88.013 
13.429 -402.828 -88.040 
13.333 -402.775 -88.081 
13.242 -402.727 -88.120 
13.163 -402.684 -88.154 
13.066 -402.633 -88.196 
12.973 -402.585 -88.236 
12.893 -402.543 -88.270 
12.807 -402.499 -88.307 
12.745 -402.468 -88.334 
12.648 -402.419 -88.375 
12.571 -402.381 -88.408 
12.504 -402.348 -88.437 
12.376 -402.285 -88.492 
12.322 -402.259 -88.515 
12.246 -402.222 -88.548 
12.122 -402.163 -88.601 
11.972 -402.093 -88.665 
11.862 -402.042 -88.712 
11.736 -401.986 -88.766 
11.619 -401.934 -88.816 
11.512 -401.887 -88.863 
11.381 -401.830 -88.919 
11.301 -401.796 -88.953 
11.238 -401.770 -88.980 
11.158 -401.736 -89.014 
11.083 -401.705 -89.047 
10.998 -401.670 -89.083 
10.920 -401.638 -89.117 
10.823 -401.599 -89.158 
10.723 -401.559 -89.201 
10.645 -401.529 -89.235 
10.579 -401.503 -89.263 
10.486 -401.467 -89.303 
10.382 -401.428 -89.347 
10.278 -401.389 -89.392 
10.173 -401.350 -89.437 
10.102 -401.324 -89.468 
10.018 -401.294 -89.503 
9.915 -401.257 -89.548 
9.847 -401.233 -89.577 
9.757 -401.201 -89.616 
