21.500 -475.900 -70.112 
21.499 -475.746 -70.112 
21.498 -475.655 -70.113 
21.496 -475.565 -70.113 
21.493 -475.404 -70.114 
21.491 -475.318 -70.115 
21.490 -475.251 -70.116 
21.486 -475.125 -70.117 
21.482 -474.993 -70.119 
21.480 -474.944 -70.120 
21.475 -474.826 -70.122 
21.472 -474.763 -70.123 
21.467 -474.665 -70.125 
21.462 -474.561 -70.127 
21.458 -474.476 -70.129 
21.454 -474.410 -70.130 
21.450 -474.341 -70.132 
21.441 -474.198 -70.136 
21.435 -474.106 -70.138 
21.427 -473.994 -70.142 
21.420 -473.892 -70.145 
21.412 -473.793 -70.148 
21.407 -473.723 -70.150 
21.401 -473.646 -70.153 
21.392 -473.542 -70.157 
21.383 -473.436 -70.160 
21.377 -473.369 -70.163 
21.367 -473.265 -70.167 
21.355 -473.138 -70.173 
21.343 -473.023 -70.177 
21.337 -472.964 -70.180 
21.329 -472.884 -70.183 
21.319 -472.792 -70.188 
21.309 -472.705 -70.192 
21.294 -472.574 -70.198 
21.281 -472.461 -70.204 
21.270 -472.372 -70.209 
21.254 -472.241 -70.216 
21.247 -472.184 -70.219 
21.229 -472.053 -70.226 
21.216 -471.953 -70.232 
21.196 -471.811 -70.240 
21.185 -471.732 -70.245 
21.176 -471.672 -70.248 
21.159 -471.556 -70.256 
21.145 -471.458 -70.262 
21.134 -471.387 -70.266 
21.122 -471.308 -70.272 
21.108 -471.225 -70.277 
21.096 -471.147 -70.283 
21.081 -471.056 -70.289 
21.057 -470.911 -70.299 
21.040 -470.809 -70.307 
21.022 -470.708 -70.315 
21.003 -470.603 -70.323 
20.979 -470.468 -70.334 
20.967 -470.403 -70.339 
20.947 -470.296 -70.348 
20.920 -470.154 -70.360 
20.900 -470.053 -70.369 
20.885 -469.976 -70.375 
20.869 -469.899 -70.382 
20.843 -469.772 -70.393 
20.827 -469.691 -70.400 
20.810 -469.613 -70.408 
20.795 -469.544 -70.414 
20.783 -469.485 -70.419 
20.757 -469.367 -70.430 
20.739 -469.282 -70.438 
20.718 -469.188 -70.447 
20.690 -469.062 -70.459 
20.669 -468.969 -70.469 
20.639 -468.839 -70.482 
20.615 -468.736 -70.492 
20.587 -468.622 -70.503 
20.553 -468.480 -70.518 
20.534 -468.403 -70.526 
20.510 -468.305 -70.537 
20.480 -468.188 -70.549 
20.451 -468.076 -70.562 
20.426 -467.978 -70.572 
20.401 -467.884 -70.583 
20.378 -467.799 -70.593 
20.344 -467.672 -70.607 
20.315 -467.568 -70.619 
20.295 -467.493 -70.627 
20.270 -467.404 -70.638 
20.228 -467.256 -70.655 
20.203 -467.169 -70.665 
20.174 -467.067 -70.677 
20.134 -466.930 -70.694 
20.093 -466.793 -70.711 
20.052 -466.655 -70.728 
20.022 -466.558 -70.740 
19.991 -466.456 -70.753 
19.953 -466.333 -70.768 
19.923 -466.239 -70.781 
19.887 -466.123 -70.796 
19.862 -466.045 -70.806 
19.820 -465.915 -70.823 
19.787 -465.811 -70.837 
19.734 -465.650 -70.859 
19.714 -465.588 -70.867 
19.680 -465.486 -70.881 
19.633 -465.344 -70.901 
19.608 -465.269 -70.911 
19.573 -465.166 -70.926 
19.541 -465.074 -70.938 
19.506 -464.969 -70.953 
19.474 -464.877 -70.966 
19.438 -464.772 -70.981 
19.409 -464.689 -70.993 
19.362 -464.554 -71.012 
19.323 -464.445 -71.028 
19.288 -464.346 -71.042 
19.240 -464.212 -71.062 
19.195 -464.089 -71.080 
19.156 -463.983 -71.095 
19.128 -463.907 -71.106 
19.090 -463.801 -71.122 
19.049 -463.692 -71.138 
19.024 -463.623 -71.149 
18.986 -463.524 -71.164 
18.929 -463.370 -71.186 
18.899 -463.291 -71.198 
18.863 -463.198 -71.212 
18.832 -463.117 -71.224 
18.806 -463.047 -71.235 
18.780 -462.980 -71.245 
18.749 -462.899 -71.257 
18.723 -462.833 -71.267 
18.685 -462.736 -71.281 
18.647 -462.639 -71.296 
18.607 -462.535 -71.312 
18.572 -462.446 -71.325 
18.536 -462.356 -71.339 
18.495 -462.252 -71.355 
18.454 -462.149 -71.370 
18.424 -462.074 -71.382 
18.380 -461.964 -71.398 
18.348 -461.884 -71.411 
18.306 -461.779 -71.427 
18.275 -461.705 -71.439 
18.236 -461.607 -71.454 
18.214 -461.554 -71.462 
18.179 -461.468 -71.475 
18.129 -461.345 -71.494 
18.089 -461.248 -71.510 
18.056 -461.168 -71.522 
18.025 -461.093 -71.534 
17.980 -460.984 -71.551 
17.945 -460.900 -71.564 
17.913 -460.824 -71.576 
17.866 -460.711 -71.593 
17.826 -460.617 -71.608 
17.796 -460.547 -71.619 
17.754 -460.448 -71.634 
17.709 -460.341 -71.651 
17.660 -460.227 -71.668 
17.627 -460.150 -71.680 
17.601 -460.089 -71.690 
17.556 -459.983 -71.706 
17.505 -459.867 -71.724 
17.465 -459.774 -71.739 
17.423 -459.679 -71.753 
17.404 -459.636 -71.760 
17.340 -459.487 -71.783 
17.300 -459.397 -71.797 
17.240 -459.263 -71.818 
17.206 -459.187 -71.830 
17.171 -459.107 -71.843 
17.137 -459.032 -71.854 
17.081 -458.907 -71.874 
17.039 -458.813 -71.888 
17.014 -458.756 -71.897 
16.975 -458.670 -71.911 
16.926 -458.562 -71.928 
16.892 -458.487 -71.939 
16.866 -458.429 -71.948 
16.807 -458.299 -71.969 
16.759 -458.195 -71.985 
16.721 -458.114 -71.998 
16.673 -458.008 -72.015 
16.636 -457.929 -72.027 
16.594 -457.838 -72.041 
16.560 -457.765 -72.053 
16.516 -457.671 -72.068 
16.465 -457.562 -72.085 
16.418 -457.463 -72.100 
16.400 -457.424 -72.107 
16.358 -457.335 -72.121 
16.316 -457.247 -72.134 
16.273 -457.156 -72.149 
16.233 -457.073 -72.162 
16.197 -456.997 -72.174 
16.139 -456.877 -72.193 
16.089 -456.772 -72.210 
16.054 -456.699 -72.221 
15.997 -456.581 -72.240 
15.958 -456.500 -72.253 
15.922 -456.425 -72.265 
15.865 -456.307 -72.283 
15.825 -456.226 -72.296 
15.781 -456.136 -72.310 
15.745 -456.061 -72.322 
15.688 -455.946 -72.340 
15.639 -455.848 -72.356 
15.604 -455.777 -72.367 
15.555 -455.678 -72.382 
15.535 -455.639 -72.389 
15.507 -455.583 -72.397 
15.459 -455.487 -72.412 
15.433 -455.435 -72.420 
15.383 -455.336 -72.436 
15.320 -455.211 -72.456 
15.266 -455.105 -72.472 
15.215 -455.003 -72.489 
15.164 -454.903 -72.504 
15.126 -454.829 -72.516 
15.084 -454.747 -72.529 
15.025 -454.632 -72.547 
14.973 -454.531 -72.563 
14.933 -454.454 -72.575 
14.885 -454.361 -72.590 
14.847 -454.290 -72.601 
14.788 -454.176 -72.619 
14.730 -454.064 -72.637 
14.681 -453.972 -72.652 
14.631 -453.877 -72.667 
14.577 -453.775 -72.683 
14.528 -453.682 -72.697 
14.483 -453.598 -72.711 
14.423 -453.485 -72.729 
14.374 -453.393 -72.743 
14.320 -453.293 -72.759 
14.281 -453.220 -72.771 
14.244 -453.152 -72.781 
