26.390 -423.593 -82.405 
26.375 -423.451 -82.413 
26.364 -423.351 -82.418 
26.345 -423.181 -82.427 
26.333 -423.075 -82.433 
26.319 -422.956 -82.440 
26.306 -422.852 -82.447 
26.293 -422.752 -82.453 
26.282 -422.663 -82.458 
26.268 -422.561 -82.465 
26.256 -422.467 -82.471 
26.236 -422.328 -82.480 
26.222 -422.225 -82.487 
26.207 -422.126 -82.494 
26.191 -422.016 -82.502 
26.175 -421.918 -82.509 
26.161 -421.828 -82.516 
26.150 -421.759 -82.521 
26.136 -421.670 -82.528 
26.127 -421.615 -82.533 
26.099 -421.450 -82.546 
26.081 -421.344 -82.554 
26.070 -421.284 -82.559 
26.055 -421.197 -82.566 
26.033 -421.076 -82.577 
26.012 -420.964 -82.586 
25.993 -420.863 -82.595 
25.978 -420.786 -82.602 
25.960 -420.693 -82.611 
25.948 -420.631 -82.616 
25.922 -420.506 -82.628 
25.902 -420.407 -82.637 
25.878 -420.295 -82.648 
25.865 -420.231 -82.654 
25.839 -420.112 -82.666 
25.811 -419.986 -82.679 
25.777 -419.836 -82.694 
25.755 -419.737 -82.705 
25.733 -419.646 -82.714 
25.701 -419.510 -82.729 
25.673 -419.394 -82.742 
25.644 -419.278 -82.755 
25.625 -419.201 -82.763 
25.600 -419.103 -82.775 
25.569 -418.986 -82.788 
25.545 -418.895 -82.799 
25.524 -418.813 -82.809 
25.483 -418.661 -82.827 
25.456 -418.565 -82.839 
25.429 -418.466 -82.852 
25.403 -418.377 -82.863 
25.375 -418.280 -82.876 
25.341 -418.163 -82.892 
25.304 -418.039 -82.908 
25.273 -417.936 -82.922 
25.245 -417.846 -82.935 
25.219 -417.762 -82.946 
25.176 -417.625 -82.966 
25.152 -417.549 -82.976 
25.112 -417.425 -82.994 
25.071 -417.301 -83.012 
25.034 -417.190 -83.028 
25.001 -417.089 -83.043 
24.959 -416.966 -83.062 
24.912 -416.830 -83.082 
24.871 -416.713 -83.100 
24.841 -416.629 -83.113 
24.817 -416.561 -83.124 
24.788 -416.481 -83.137 
24.738 -416.344 -83.159 
24.694 -416.223 -83.178 
24.676 -416.175 -83.186 
24.650 -416.108 -83.197 
24.611 -416.003 -83.215 
24.588 -415.944 -83.224 
24.556 -415.860 -83.239 
24.522 -415.773 -83.254 
24.478 -415.661 -83.273 
24.440 -415.566 -83.290 
24.413 -415.499 -83.302 
24.377 -415.410 -83.318 
24.346 -415.332 -83.331 
24.298 -415.218 -83.352 
24.259 -415.125 -83.369 
24.233 -415.062 -83.381 
24.175 -414.927 -83.406 
24.130 -414.822 -83.426 
24.097 -414.745 -83.441 
24.052 -414.645 -83.461 
24.001 -414.529 -83.483 
23.955 -414.426 -83.504 
23.922 -414.355 -83.518 
23.890 -414.285 -83.532 
23.848 -414.192 -83.551 
23.806 -414.102 -83.569 
23.773 -414.032 -83.584 
23.747 -413.978 -83.595 
23.707 -413.893 -83.613 
23.660 -413.795 -83.634 
23.617 -413.707 -83.653 
23.559 -413.589 -83.678 
23.521 -413.513 -83.695 
23.448 -413.367 -83.727 
23.415 -413.302 -83.742 
23.388 -413.248 -83.754 
23.341 -413.157 -83.774 
23.289 -413.057 -83.797 
23.243 -412.969 -83.817 
23.202 -412.890 -83.836 
23.173 -412.836 -83.848 
23.119 -412.735 -83.872 
23.044 -412.596 -83.905 
23.004 -412.524 -83.922 
22.950 -412.428 -83.946 
22.892 -412.323 -83.971 
22.840 -412.232 -83.994 
22.792 -412.148 -84.015 
22.755 -412.083 -84.031 
22.673 -411.942 -84.067 
22.621 -411.854 -84.089 
22.554 -411.741 -84.119 
22.519 -411.683 -84.134 
22.462 -411.588 -84.159 
22.386 -411.463 -84.192 
22.325 -411.364 -84.219 
22.285 -411.301 -84.236 
22.237 -411.224 -84.257 
22.191 -411.152 -84.277 
22.129 -411.054 -84.304 
22.071 -410.964 -84.329 
22.033 -410.905 -84.345 
21.986 -410.834 -84.366 
21.932 -410.752 -84.389 
21.878 -410.670 -84.412 
21.836 -410.607 -84.431 
21.765 -410.502 -84.461 
21.704 -410.412 -84.488 
21.636 -410.314 -84.517 
21.573 -410.223 -84.544 
21.522 -410.151 -84.566 
21.454 -410.056 -84.595 
21.417 -410.004 -84.611 
21.366 -409.932 -84.633 
21.320 -409.870 -84.653 
21.277 -409.811 -84.671 
21.194 -409.698 -84.706 
21.134 -409.616 -84.732 
21.066 -409.526 -84.761 
21.017 -409.460 -84.782 
20.979 -409.410 -84.799 
20.921 -409.334 -84.824 
20.866 -409.263 -84.847 
20.780 -409.153 -84.884 
20.722 -409.079 -84.909 
20.663 -409.003 -84.934 
20.615 -408.944 -84.954 
20.556 -408.871 -84.979 
20.497 -408.797 -85.005 
20.435 -408.721 -85.031 
20.368 -408.640 -85.059 
20.282 -408.536 -85.096 
20.202 -408.440 -85.130 
20.118 -408.342 -85.166 
20.049 -408.261 -85.196 
19.981 -408.182 -85.224 
19.910 -408.101 -85.255 
19.846 -408.029 -85.282 
19.782 -407.957 -85.310 
19.726 -407.893 -85.334 
19.659 -407.820 -85.362 
19.575 -407.727 -85.398 
19.535 -407.683 -85.415 
19.454 -407.595 -85.450 
19.401 -407.539 -85.473 
19.334 -407.467 -85.501 
19.275 -407.404 -85.526 
19.186 -407.312 -85.564 
19.111 -407.234 -85.596 
19.031 -407.151 -85.631 
18.977 -407.096 -85.653 
18.881 -407.000 -85.694 
18.820 -406.939 -85.720 
18.767 -406.887 -85.743 
18.694 -406.814 -85.774 
18.629 -406.752 -85.802 
18.544 -406.669 -85.838 
18.451 -406.580 -85.878 
18.370 -406.503 -85.912 
18.278 -406.417 -85.951 
18.207 -406.351 -85.982 
18.139 -406.287 -86.011 
18.053 -406.209 -86.047 
17.959 -406.124 -86.087 
17.870 -406.043 -86.125 
17.755 -405.941 -86.174 
17.656 -405.855 -86.216 
17.612 -405.817 -86.235 
17.518 -405.736 -86.275 
17.461 -405.687 -86.299 
17.397 -405.632 -86.327 
17.314 -405.562 -86.362 
17.274 -405.530 -86.379 
17.173 -405.446 -86.422 
17.123 -405.404 -86.444 
17.043 -405.339 -86.478 
16.980 -405.288 -86.504 
16.907 -405.230 -86.535 
16.831 -405.170 -86.567 
16.742 -405.099 -86.605 
16.660 -405.035 -86.640 
16.574 -404.969 -86.677 
16.485 -404.901 -86.714 
16.415 -404.848 -86.744 
16.363 -404.809 -86.766 
16.306 -404.766 -86.790 
16.224 -404.706 -86.824 
16.130 -404.637 -86.864 
16.057 -404.584 -86.895 
16.003 -404.544 -86.918 
15.913 -404.480 -86.956 
15.837 -404.426 -86.988 
15.780 -404.386 -87.012 
15.704 -404.333 -87.044 
15.616 -404.272 -87.081 
15.531 -404.213 -87.117 
15.442 -404.153 -87.155 
15.391 -404.118 -87.176 
15.303 -404.060 -87.213 
15.182 -403.980 -87.264 
15.113 -403.935 -87.293 
15.045 -403.891 -87.322 
14.989 -403.854 -87.346 
14.874 -403.781 -87.395 
14.805 -403.738 -87.424 
14.724 -403.687 -87.458 
14.631 -403.629 -87.497 
14.568 -403.590 -87.524 
14.480 -403.537 -87.561 
14.376 -403.474 -87.605 
14.285 -403.419 -87.644 
14.179 -403.357 -87.689 
14.091 -403.305 -87.726 
14.016 -403.262 -87.758 
13.922 -403.208 -87.798 
13.859 -403.172 -87.824 
13.769 -403.121 -87.863 
13.689 -403.076 -87.896 
13.617 -403.036 -87.927 
13.526 -402.985 -87.965 
13.443 -402.940 -88.000 
13.353 -402.891 -88.038 
13.291 -402.857 -88.065 
13.217 -402.818 -88.096 
13.121 -402.767 -88.137 
13.022 -402.715 -88.178 
12.910 -402.657 -88.225 
12.854 -402.629 -88.249 
12.769 -402.585 -88.285 
12.680 -402.541 -88.323 
12.599 -402.500 -88.357 
12.526 -402.464 -88.388 
12.465 -402.434 -88.414 
12.363 -402.384 -88.457 
12.267 -402.338 -88.498 
12.212 -402.312 -88.521 
12.148 -402.282 -88.548 
12.020 -402.222 -88.602 
11.936 -402.184 -88.638 
11.863 -402.150 -88.669 
11.784 -402.115 -88.702 
11.680 -402.068 -88.747 
11.610 -402.037 -88.776 
11.553 -402.012 -88.800 
11.463 -401.973 -88.839 
11.393 -401.943 -88.868 
11.288 -401.898 -88.913 
11.198 -401.860 -88.951 
11.106 -401.822 -88.990 
10.967 -401.765 -89.049 
10.886 -401.732 -89.084 
10.803 -401.699 -89.119 
10.701 -401.659 -89.162 
10.646 -401.638 -89.186 
10.564 -401.606 -89.221 
10.465 -401.569 -89.263 
10.344 -401.523 -89.314 
10.270 -401.495 -89.346 
10.161 -401.455 -89.392 
10.089 -401.429 -89.423 
9.972 -401.387 -89.473 
9.875 -401.353 -89.514 
9.770 -401.316 -89.559 
