26.389 -423.592 -82.405 
26.380 -423.500 -82.410 
26.367 -423.379 -82.417 
26.359 -423.304 -82.421 
26.351 -423.227 -82.425 
26.342 -423.150 -82.429 
26.333 -423.068 -82.434 
26.322 -422.982 -82.439 
26.313 -422.908 -82.444 
26.304 -422.829 -82.449 
26.291 -422.731 -82.455 
26.280 -422.646 -82.461 
26.269 -422.564 -82.466 
26.260 -422.493 -82.471 
26.248 -422.405 -82.477 
26.236 -422.318 -82.483 
26.216 -422.183 -82.493 
26.205 -422.108 -82.498 
26.191 -422.010 -82.506 
26.170 -421.872 -82.516 
26.149 -421.740 -82.526 
26.132 -421.639 -82.534 
26.121 -421.569 -82.540 
26.107 -421.486 -82.547 
26.095 -421.415 -82.553 
26.080 -421.327 -82.560 
26.063 -421.228 -82.569 
26.045 -421.131 -82.577 
26.025 -421.018 -82.587 
25.998 -420.873 -82.600 
25.982 -420.789 -82.607 
25.970 -420.728 -82.613 
25.943 -420.593 -82.625 
25.922 -420.485 -82.635 
25.901 -420.383 -82.645 
25.879 -420.281 -82.655 
25.858 -420.180 -82.665 
25.845 -420.120 -82.671 
25.823 -420.019 -82.681 
25.793 -419.884 -82.696 
25.772 -419.791 -82.706 
25.754 -419.714 -82.714 
25.722 -419.580 -82.729 
25.712 -419.535 -82.733 
25.686 -419.429 -82.745 
25.661 -419.327 -82.757 
25.635 -419.220 -82.769 
25.600 -419.081 -82.786 
25.572 -418.973 -82.799 
25.534 -418.829 -82.817 
25.517 -418.765 -82.825 
25.486 -418.650 -82.839 
25.449 -418.517 -82.856 
25.428 -418.442 -82.866 
25.399 -418.339 -82.880 
25.366 -418.224 -82.895 
25.338 -418.131 -82.908 
25.316 -418.058 -82.918 
25.299 -418.000 -82.926 
25.261 -417.873 -82.944 
25.237 -417.798 -82.955 
25.209 -417.704 -82.968 
25.179 -417.609 -82.982 
25.152 -417.524 -82.994 
25.126 -417.442 -83.007 
25.089 -417.328 -83.024 
25.060 -417.241 -83.037 
25.034 -417.160 -83.049 
25.003 -417.069 -83.063 
24.982 -417.006 -83.073 
24.964 -416.952 -83.081 
24.931 -416.858 -83.096 
24.907 -416.788 -83.107 
24.881 -416.713 -83.119 
24.841 -416.600 -83.138 
24.813 -416.520 -83.151 
24.772 -416.405 -83.170 
24.733 -416.299 -83.188 
24.703 -416.217 -83.201 
24.659 -416.099 -83.222 
24.638 -416.044 -83.231 
24.612 -415.975 -83.244 
24.586 -415.908 -83.255 
24.553 -415.822 -83.270 
24.503 -415.692 -83.294 
24.458 -415.577 -83.314 
24.428 -415.501 -83.328 
24.403 -415.439 -83.340 
24.370 -415.359 -83.355 
24.332 -415.265 -83.372 
24.302 -415.190 -83.386 
24.252 -415.071 -83.409 
24.226 -415.008 -83.421 
24.179 -414.897 -83.442 
24.133 -414.789 -83.463 
24.092 -414.693 -83.482 
24.055 -414.607 -83.499 
24.023 -414.535 -83.514 
23.977 -414.431 -83.535 
23.936 -414.340 -83.553 
23.897 -414.253 -83.571 
23.834 -414.115 -83.600 
23.782 -414.003 -83.623 
23.722 -413.874 -83.651 
23.691 -413.809 -83.665 
23.656 -413.736 -83.680 
23.622 -413.666 -83.695 
23.555 -413.528 -83.726 
23.500 -413.416 -83.751 
23.463 -413.341 -83.767 
23.411 -413.238 -83.791 
23.367 -413.152 -83.810 
23.313 -413.045 -83.835 
23.235 -412.896 -83.870 
23.196 -412.821 -83.887 
23.149 -412.733 -83.908 
23.088 -412.620 -83.935 
23.047 -412.544 -83.953 
23.009 -412.474 -83.970 
22.955 -412.376 -83.994 
22.917 -412.308 -84.011 
22.863 -412.210 -84.035 
22.801 -412.100 -84.063 
22.737 -411.989 -84.092 
22.674 -411.879 -84.120 
22.631 -411.807 -84.139 
22.577 -411.715 -84.163 
22.527 -411.630 -84.186 
22.457 -411.515 -84.216 
22.404 -411.426 -84.240 
22.354 -411.345 -84.262 
22.296 -411.250 -84.288 
22.249 -411.176 -84.309 
22.167 -411.045 -84.346 
22.103 -410.944 -84.375 
22.034 -410.836 -84.406 
21.963 -410.727 -84.437 
21.904 -410.638 -84.464 
21.839 -410.540 -84.493 
21.784 -410.458 -84.517 
21.725 -410.370 -84.544 
21.673 -410.293 -84.567 
21.608 -410.199 -84.596 
21.562 -410.133 -84.617 
21.493 -410.034 -84.647 
21.441 -409.961 -84.670 
21.373 -409.865 -84.701 
21.324 -409.797 -84.722 
21.289 -409.748 -84.738 
21.247 -409.690 -84.757 
21.185 -409.604 -84.785 
21.108 -409.500 -84.819 
21.032 -409.398 -84.853 
20.971 -409.317 -84.880 
20.890 -409.210 -84.916 
20.863 -409.174 -84.929 
20.813 -409.109 -84.951 
20.750 -409.028 -84.979 
20.680 -408.939 -85.010 
20.625 -408.869 -85.035 
20.550 -408.774 -85.068 
20.482 -408.690 -85.098 
20.421 -408.615 -85.125 
20.366 -408.546 -85.150 
20.309 -408.478 -85.175 
20.254 -408.411 -85.199 
20.193 -408.337 -85.227 
20.127 -408.258 -85.256 
20.047 -408.164 -85.292 
19.976 -408.081 -85.323 
19.906 -408.000 -85.354 
19.845 -407.930 -85.381 
19.780 -407.856 -85.410 
19.724 -407.793 -85.435 
19.664 -407.726 -85.462 
19.605 -407.661 -85.488 
19.523 -407.570 -85.524 
19.460 -407.501 -85.552 
19.396 -407.431 -85.581 
19.342 -407.373 -85.605 
19.282 -407.309 -85.631 
19.215 -407.238 -85.661 
19.166 -407.186 -85.683 
19.098 -407.115 -85.713 
19.016 -407.030 -85.749 
18.924 -406.937 -85.790 
18.865 -406.877 -85.816 
18.793 -406.804 -85.848 
18.716 -406.727 -85.882 
18.643 -406.655 -85.914 
18.555 -406.568 -85.953 
18.494 -406.509 -85.980 
18.404 -406.423 -86.020 
18.338 -406.359 -86.050 
18.264 -406.290 -86.083 
18.187 -406.217 -86.117 
18.125 -406.159 -86.144 
18.088 -406.125 -86.161 
17.987 -406.033 -86.205 
17.899 -405.953 -86.244 
17.842 -405.901 -86.269 
17.805 -405.869 -86.286 
17.744 -405.815 -86.312 
17.645 -405.727 -86.356 
17.577 -405.668 -86.387 
17.502 -405.603 -86.419 
17.452 -405.561 -86.441 
17.380 -405.498 -86.474 
17.258 -405.395 -86.527 
17.149 -405.305 -86.576 
17.080 -405.248 -86.606 
17.008 -405.189 -86.638 
16.911 -405.110 -86.681 
16.837 -405.050 -86.713 
16.772 -404.999 -86.742 
16.711 -404.951 -86.769 
16.616 -404.877 -86.810 
16.548 -404.823 -86.840 
16.456 -404.753 -86.881 
16.377 -404.692 -86.916 
16.304 -404.637 -86.948 
16.230 -404.582 -86.980 
16.145 -404.518 -87.018 
16.080 -404.470 -87.046 
16.021 -404.427 -87.072 
15.944 -404.371 -87.106 
15.828 -404.287 -87.157 
15.732 -404.219 -87.200 
15.671 -404.176 -87.227 
15.594 -404.122 -87.260 
15.500 -404.056 -87.302 
15.385 -403.977 -87.352 
15.283 -403.908 -87.397 
15.230 -403.872 -87.421 
15.160 -403.826 -87.451 
15.079 -403.772 -87.487 
15.005 -403.723 -87.520 
14.940 -403.681 -87.548 
14.836 -403.614 -87.594 
14.739 -403.553 -87.637 
14.642 -403.491 -87.680 
14.572 -403.447 -87.711 
14.480 -403.391 -87.751 
14.396 -403.339 -87.788 
14.292 -403.276 -87.834 
14.220 -403.233 -87.866 
14.108 -403.167 -87.915 
14.026 -403.118 -87.951 
13.940 -403.068 -87.989 
13.845 -403.013 -88.032 
13.802 -402.988 -88.051 
13.687 -402.923 -88.101 
13.584 -402.865 -88.147 
13.518 -402.829 -88.176 
13.441 -402.786 -88.210 
13.363 -402.743 -88.244 
13.296 -402.707 -88.274 
13.218 -402.665 -88.308 
13.141 -402.624 -88.342 
13.063 -402.582 -88.376 
12.969 -402.533 -88.417 
12.857 -402.475 -88.467 
12.740 -402.415 -88.518 
12.648 -402.369 -88.558 
12.556 -402.322 -88.599 
12.462 -402.275 -88.640 
12.372 -402.231 -88.679 
12.243 -402.169 -88.736 
12.163 -402.130 -88.771 
12.081 -402.091 -88.807 
11.989 -402.049 -88.846 
11.863 -401.990 -88.902 
11.769 -401.947 -88.942 
11.667 -401.901 -88.987 
11.575 -401.860 -89.027 
11.469 -401.814 -89.073 
11.386 -401.778 -89.109 
11.307 -401.743 -89.144 
11.208 -401.701 -89.187 
11.109 -401.659 -89.230 
11.012 -401.619 -89.273 
10.945 -401.591 -89.302 
10.864 -401.558 -89.337 
10.785 -401.526 -89.372 
10.672 -401.481 -89.421 
10.558 -401.436 -89.471 
10.415 -401.380 -89.533 
10.328 -401.347 -89.570 
10.227 -401.309 -89.614 
10.129 -401.272 -89.656 
10.079 -401.253 -89.678 
10.009 -401.228 -89.708 
9.932 -401.200 -89.742 
9.829 -401.163 -89.786 
9.731 -401.128 -89.829 
9.662 -401.104 -89.858 
9.562 -401.069 -89.902 
9.476 -401.040 -89.939 
9.363 -401.002 -89.987 
9.306 -400.983 -90.012 
