21.499 -475.816 -70.112 
21.499 -475.739 -70.112 
21.497 -475.601 -70.113 
21.496 -475.485 -70.114 
21.494 -475.400 -70.115 
21.491 -475.290 -70.116 
21.489 -475.204 -70.117 
21.487 -475.131 -70.118 
21.485 -475.048 -70.119 
21.482 -474.959 -70.121 
21.477 -474.848 -70.123 
21.473 -474.742 -70.125 
21.467 -474.611 -70.127 
21.462 -474.505 -70.130 
21.453 -474.355 -70.134 
21.445 -474.213 -70.137 
21.441 -474.143 -70.140 
21.433 -474.018 -70.143 
21.425 -473.902 -70.147 
21.416 -473.781 -70.151 
21.410 -473.705 -70.154 
21.400 -473.579 -70.158 
21.392 -473.483 -70.162 
21.384 -473.388 -70.165 
21.377 -473.300 -70.169 
21.370 -473.229 -70.172 
21.362 -473.136 -70.175 
21.347 -472.986 -70.182 
21.335 -472.863 -70.187 
21.320 -472.728 -70.194 
21.310 -472.630 -70.198 
21.301 -472.554 -70.202 
21.290 -472.460 -70.207 
21.271 -472.294 -70.215 
21.257 -472.181 -70.221 
21.240 -472.048 -70.228 
21.224 -471.924 -70.235 
21.208 -471.804 -70.242 
21.190 -471.674 -70.250 
21.176 -471.579 -70.255 
21.161 -471.474 -70.262 
21.147 -471.379 -70.268 
21.130 -471.267 -70.275 
21.117 -471.185 -70.281 
21.104 -471.104 -70.286 
21.087 -470.999 -70.293 
21.069 -470.889 -70.301 
21.052 -470.785 -70.309 
21.028 -470.643 -70.319 
21.014 -470.563 -70.325 
21.000 -470.486 -70.331 
20.969 -470.317 -70.344 
20.946 -470.191 -70.354 
20.923 -470.071 -70.364 
20.902 -469.966 -70.372 
20.886 -469.884 -70.379 
20.866 -469.784 -70.388 
20.842 -469.664 -70.398 
20.814 -469.532 -70.410 
20.786 -469.399 -70.422 
20.763 -469.294 -70.432 
20.741 -469.191 -70.442 
20.711 -469.057 -70.455 
20.688 -468.956 -70.465 
20.666 -468.857 -70.474 
20.642 -468.756 -70.484 
20.613 -468.631 -70.497 
20.598 -468.568 -70.503 
20.578 -468.485 -70.512 
20.546 -468.355 -70.526 
20.514 -468.227 -70.539 
20.485 -468.109 -70.552 
20.457 -468.001 -70.564 
20.441 -467.936 -70.571 
20.403 -467.791 -70.588 
20.367 -467.657 -70.603 
20.317 -467.472 -70.625 
20.285 -467.356 -70.638 
20.261 -467.267 -70.649 
20.240 -467.193 -70.658 
20.219 -467.118 -70.667 
20.185 -466.998 -70.682 
20.166 -466.932 -70.690 
20.133 -466.817 -70.704 
20.095 -466.685 -70.720 
20.067 -466.591 -70.732 
20.038 -466.495 -70.744 
19.991 -466.340 -70.764 
19.947 -466.196 -70.782 
19.902 -466.053 -70.801 
19.870 -465.950 -70.815 
19.851 -465.889 -70.823 
19.806 -465.750 -70.841 
19.769 -465.636 -70.856 
19.738 -465.541 -70.869 
19.708 -465.447 -70.882 
19.671 -465.337 -70.896 
19.629 -465.210 -70.914 
19.590 -465.093 -70.930 
19.566 -465.023 -70.939 
19.538 -464.940 -70.951 
19.516 -464.875 -70.959 
19.478 -464.765 -70.975 
19.437 -464.645 -70.992 
19.403 -464.549 -71.005 
19.373 -464.463 -71.018 
19.346 -464.386 -71.029 
19.307 -464.275 -71.044 
19.266 -464.162 -71.060 
19.225 -464.048 -71.077 
19.202 -463.984 -71.086 
19.169 -463.892 -71.099 
19.130 -463.785 -71.115 
19.088 -463.671 -71.131 
19.053 -463.576 -71.145 
19.008 -463.455 -71.162 
18.968 -463.346 -71.178 
18.935 -463.259 -71.191 
18.886 -463.128 -71.210 
18.843 -463.016 -71.226 
18.810 -462.929 -71.239 
18.763 -462.805 -71.257 
18.722 -462.699 -71.272 
18.696 -462.631 -71.282 
18.639 -462.485 -71.304 
18.607 -462.401 -71.316 
18.579 -462.330 -71.327 
18.544 -462.242 -71.340 
18.521 -462.182 -71.349 
18.484 -462.088 -71.362 
18.455 -462.017 -71.373 
18.417 -461.920 -71.387 
18.388 -461.848 -71.398 
18.357 -461.769 -71.410 
18.320 -461.677 -71.423 
18.298 -461.624 -71.431 
18.230 -461.454 -71.457 
18.200 -461.381 -71.467 
18.169 -461.304 -71.479 
18.134 -461.219 -71.491 
18.096 -461.127 -71.505 
18.063 -461.047 -71.517 
18.025 -460.956 -71.530 
17.994 -460.881 -71.541 
17.959 -460.796 -71.554 
17.914 -460.690 -71.570 
17.885 -460.620 -71.580 
17.854 -460.547 -71.591 
17.808 -460.439 -71.607 
17.774 -460.357 -71.620 
17.729 -460.254 -71.635 
17.688 -460.156 -71.650 
17.655 -460.080 -71.661 
17.615 -459.988 -71.675 
17.558 -459.855 -71.695 
17.524 -459.776 -71.707 
17.488 -459.694 -71.719 
17.459 -459.628 -71.729 
17.427 -459.554 -71.740 
17.384 -459.456 -71.754 
17.346 -459.369 -71.767 
17.306 -459.278 -71.781 
17.254 -459.161 -71.798 
17.224 -459.093 -71.808 
17.188 -459.012 -71.820 
17.137 -458.899 -71.837 
17.097 -458.809 -71.851 
17.063 -458.734 -71.862 
17.016 -458.628 -71.878 
16.971 -458.530 -71.892 
16.927 -458.434 -71.907 
16.898 -458.369 -71.917 
16.876 -458.322 -71.924 
16.821 -458.200 -71.942 
16.772 -458.095 -71.958 
16.747 -458.039 -71.966 
16.679 -457.891 -71.988 
16.619 -457.760 -72.007 
16.576 -457.667 -72.021 
16.536 -457.582 -72.034 
16.503 -457.510 -72.045 
16.440 -457.376 -72.065 
16.409 -457.310 -72.075 
16.362 -457.210 -72.090 
16.330 -457.142 -72.100 
16.272 -457.018 -72.118 
16.230 -456.931 -72.131 
16.197 -456.862 -72.142 
16.142 -456.747 -72.159 
16.114 -456.688 -72.167 
16.048 -456.550 -72.188 
16.005 -456.462 -72.201 
15.966 -456.380 -72.213 
15.936 -456.318 -72.222 
15.905 -456.255 -72.232 
15.849 -456.140 -72.249 
15.821 -456.082 -72.257 
15.789 -456.018 -72.266 
15.739 -455.915 -72.282 
15.684 -455.804 -72.298 
15.626 -455.688 -72.315 
15.572 -455.578 -72.331 
15.512 -455.460 -72.348 
15.476 -455.387 -72.359 
15.435 -455.305 -72.371 
15.384 -455.203 -72.386 
15.332 -455.100 -72.401 
15.283 -455.002 -72.415 
15.229 -454.896 -72.431 
15.176 -454.794 -72.446 
15.125 -454.693 -72.460 
15.078 -454.602 -72.474 
15.019 -454.487 -72.490 
14.964 -454.379 -72.506 
14.902 -454.261 -72.523 
14.845 -454.150 -72.539 
14.792 -454.049 -72.554 
14.735 -453.941 -72.570 
14.656 -453.789 -72.591 
14.610 -453.703 -72.604 
14.564 -453.616 -72.617 
14.506 -453.508 -72.632 
14.451 -453.405 -72.647 
14.402 -453.312 -72.660 
14.346 -453.209 -72.675 
14.302 -453.125 -72.687 
14.266 -453.060 -72.696 
