24.700 -458.386 -70.112 
24.699 -458.309 -70.112 
24.698 -458.196 -70.113 
24.697 -458.072 -70.113 
24.694 -457.927 -70.114 
24.692 -457.823 -70.115 
24.689 -457.714 -70.116 
24.685 -457.596 -70.117 
24.682 -457.506 -70.118 
24.678 -457.414 -70.120 
24.675 -457.331 -70.121 
24.672 -457.266 -70.122 
24.668 -457.172 -70.124 
24.662 -457.066 -70.126 
24.657 -456.964 -70.128 
24.652 -456.883 -70.129 
24.646 -456.785 -70.132 
24.641 -456.697 -70.134 
24.634 -456.593 -70.136 
24.627 -456.500 -70.139 
24.620 -456.398 -70.142 
24.611 -456.282 -70.145 
24.604 -456.204 -70.148 
24.593 -456.075 -70.152 
24.581 -455.942 -70.157 
24.572 -455.837 -70.161 
24.561 -455.724 -70.165 
24.557 -455.684 -70.167 
24.545 -455.568 -70.171 
24.532 -455.449 -70.176 
24.519 -455.338 -70.181 
24.505 -455.215 -70.187 
24.495 -455.131 -70.191 
24.481 -455.017 -70.197 
24.462 -454.869 -70.204 
24.447 -454.758 -70.210 
24.437 -454.684 -70.214 
24.424 -454.590 -70.220 
24.404 -454.450 -70.228 
24.384 -454.321 -70.236 
24.368 -454.217 -70.243 
24.349 -454.094 -70.251 
24.332 -453.993 -70.257 
24.319 -453.914 -70.263 
24.303 -453.818 -70.270 
24.284 -453.712 -70.277 
24.267 -453.615 -70.284 
24.245 -453.490 -70.293 
24.223 -453.371 -70.302 
24.209 -453.297 -70.308 
24.192 -453.212 -70.314 
24.173 -453.112 -70.322 
24.156 -453.029 -70.329 
24.138 -452.940 -70.336 
24.125 -452.876 -70.342 
24.100 -452.758 -70.352 
24.073 -452.632 -70.363 
24.052 -452.533 -70.372 
24.020 -452.392 -70.385 
23.999 -452.300 -70.394 
23.977 -452.206 -70.403 
23.952 -452.096 -70.413 
23.923 -451.976 -70.426 
23.898 -451.875 -70.436 
23.873 -451.771 -70.447 
23.843 -451.654 -70.459 
23.821 -451.567 -70.468 
23.796 -451.472 -70.479 
23.772 -451.380 -70.489 
23.752 -451.306 -70.497 
23.726 -451.210 -70.508 
23.690 -451.076 -70.523 
23.663 -450.981 -70.534 
23.639 -450.895 -70.545 
23.613 -450.805 -70.555 
23.581 -450.694 -70.569 
23.552 -450.595 -70.581 
23.529 -450.517 -70.591 
23.491 -450.391 -70.607 
23.458 -450.284 -70.620 
23.427 -450.182 -70.633 
23.398 -450.090 -70.645 
23.365 -449.987 -70.659 
23.327 -449.871 -70.674 
23.298 -449.781 -70.686 
23.266 -449.684 -70.700 
23.232 -449.584 -70.714 
23.186 -449.449 -70.733 
23.153 -449.356 -70.746 
23.109 -449.230 -70.764 
23.076 -449.137 -70.778 
23.047 -449.055 -70.790 
23.013 -448.962 -70.803 
22.986 -448.889 -70.814 
22.955 -448.806 -70.827 
22.927 -448.729 -70.839 
22.881 -448.608 -70.857 
22.827 -448.469 -70.879 
22.792 -448.378 -70.893 
22.751 -448.274 -70.910 
22.713 -448.179 -70.925 
22.675 -448.086 -70.941 
22.625 -447.963 -70.961 
22.582 -447.858 -70.979 
22.538 -447.752 -70.996 
22.506 -447.675 -71.009 
22.469 -447.589 -71.024 
22.421 -447.476 -71.043 
22.400 -447.427 -71.052 
22.364 -447.344 -71.066 
22.311 -447.222 -71.087 
22.264 -447.116 -71.106 
22.225 -447.030 -71.121 
22.189 -446.950 -71.136 
22.151 -446.864 -71.151 
22.117 -446.791 -71.164 
22.062 -446.671 -71.187 
22.006 -446.551 -71.209 
21.931 -446.393 -71.239 
21.899 -446.327 -71.251 
21.860 -446.244 -71.267 
21.814 -446.149 -71.285 
21.769 -446.058 -71.303 
21.722 -445.963 -71.322 
21.663 -445.844 -71.346 
21.599 -445.718 -71.371 
21.552 -445.626 -71.390 
21.505 -445.536 -71.409 
21.456 -445.441 -71.429 
21.411 -445.356 -71.447 
21.365 -445.267 -71.465 
21.312 -445.168 -71.487 
21.258 -445.069 -71.508 
21.220 -444.999 -71.523 
21.154 -444.879 -71.550 
21.118 -444.814 -71.564 
21.071 -444.728 -71.583 
21.013 -444.625 -71.606 
20.945 -444.503 -71.634 
20.898 -444.420 -71.653 
20.861 -444.354 -71.668 
20.804 -444.256 -71.691 
20.774 -444.205 -71.703 
20.704 -444.083 -71.731 
20.639 -443.972 -71.757 
20.600 -443.905 -71.773 
20.555 -443.829 -71.791 
20.509 -443.752 -71.809 
20.464 -443.677 -71.827 
20.432 -443.624 -71.840 
20.394 -443.560 -71.855 
20.365 -443.512 -71.867 
20.317 -443.432 -71.886 
20.259 -443.338 -71.909 
20.198 -443.238 -71.933 
20.148 -443.156 -71.953 
20.090 -443.063 -71.976 
20.053 -443.004 -71.991 
19.992 -442.906 -72.015 
19.938 -442.820 -72.037 
19.895 -442.754 -72.053 
19.822 -442.638 -72.082 
19.775 -442.565 -72.100 
19.713 -442.468 -72.125 
19.644 -442.362 -72.152 
19.599 -442.293 -72.169 
19.553 -442.222 -72.187 
19.506 -442.150 -72.206 
19.455 -442.073 -72.225 
19.414 -442.012 -72.241 
19.330 -441.885 -72.274 
19.270 -441.795 -72.297 
19.193 -441.681 -72.327 
19.138 -441.600 -72.348 
19.088 -441.527 -72.367 
19.035 -441.449 -72.387 
18.983 -441.373 -72.407 
18.943 -441.315 -72.422 
18.905 -441.260 -72.437 
18.866 -441.203 -72.452 
18.824 -441.142 -72.468 
18.756 -441.045 -72.494 
18.721 -440.997 -72.507 
18.644 -440.886 -72.537 
18.587 -440.807 -72.558 
18.523 -440.718 -72.583 
18.472 -440.646 -72.602 
18.418 -440.572 -72.623 
18.345 -440.472 -72.651 
18.288 -440.394 -72.672 
18.231 -440.317 -72.694 
18.143 -440.197 -72.728 
18.063 -440.091 -72.758 
18.009 -440.019 -72.778 
17.950 -439.942 -72.800 
17.877 -439.846 -72.828 
17.822 -439.774 -72.849 
17.773 -439.711 -72.867 
17.727 -439.651 -72.885 
17.663 -439.569 -72.908 
17.598 -439.485 -72.933 
17.534 -439.404 -72.957 
17.468 -439.320 -72.981 
17.396 -439.229 -73.008 
17.360 -439.183 -73.022 
17.282 -439.085 -73.051 
17.230 -439.019 -73.070 
17.161 -438.932 -73.096 
17.092 -438.847 -73.121 
17.013 -438.749 -73.151 
16.912 -438.625 -73.188 
16.854 -438.553 -73.209 
16.816 -438.506 -73.223 
16.715 -438.383 -73.260 
16.631 -438.280 -73.291 
16.565 -438.200 -73.315 
16.477 -438.094 -73.347 
16.395 -437.995 -73.377 
16.352 -437.942 -73.393 
16.285 -437.862 -73.417 
16.233 -437.801 -73.436 
16.186 -437.744 -73.454 
16.107 -437.651 -73.482 
16.027 -437.555 -73.512 
15.943 -437.456 -73.542 
15.893 -437.397 -73.560 
15.839 -437.334 -73.580 
15.773 -437.256 -73.604 
15.711 -437.184 -73.626 
15.662 -437.127 -73.644 
15.587 -437.040 -73.671 
15.525 -436.969 -73.693 
15.459 -436.893 -73.717 
15.400 -436.825 -73.738 
15.337 -436.753 -73.760 
15.273 -436.680 -73.783 
15.220 -436.620 -73.802 
15.163 -436.556 -73.822 
15.113 -436.499 -73.840 
15.040 -436.417 -73.865 
14.971 -436.338 -73.890 
14.902 -436.262 -73.914 
14.838 -436.189 -73.937 
14.755 -436.097 -73.966 
14.673 -436.005 -73.994 
