24.700 -458.430 -70.112 
24.700 -458.337 -70.112 
24.699 -458.257 -70.112 
24.698 -458.187 -70.112 
24.696 -458.034 -70.113 
24.694 -457.926 -70.114 
24.691 -457.781 -70.115 
24.689 -457.704 -70.116 
24.686 -457.606 -70.117 
24.683 -457.517 -70.119 
24.679 -457.415 -70.120 
24.676 -457.322 -70.122 
24.670 -457.188 -70.124 
24.664 -457.066 -70.127 
24.659 -456.973 -70.129 
24.653 -456.863 -70.131 
24.647 -456.754 -70.134 
24.641 -456.663 -70.136 
24.634 -456.554 -70.139 
24.627 -456.455 -70.142 
24.619 -456.352 -70.145 
24.614 -456.278 -70.147 
24.607 -456.191 -70.150 
24.600 -456.105 -70.153 
24.590 -455.993 -70.157 
24.579 -455.870 -70.162 
24.572 -455.801 -70.164 
24.563 -455.705 -70.168 
24.550 -455.573 -70.174 
24.542 -455.492 -70.177 
24.530 -455.382 -70.182 
24.515 -455.244 -70.189 
24.504 -455.150 -70.193 
24.485 -454.997 -70.201 
24.475 -454.913 -70.205 
24.461 -454.804 -70.211 
24.450 -454.717 -70.216 
24.430 -454.571 -70.224 
24.415 -454.461 -70.230 
24.407 -454.403 -70.234 
24.398 -454.342 -70.237 
24.386 -454.259 -70.243 
24.366 -454.128 -70.251 
24.354 -454.048 -70.256 
24.342 -453.976 -70.261 
24.332 -453.913 -70.265 
24.321 -453.848 -70.269 
24.305 -453.751 -70.276 
24.290 -453.661 -70.282 
24.274 -453.568 -70.289 
24.264 -453.511 -70.293 
24.248 -453.424 -70.299 
24.235 -453.350 -70.305 
24.211 -453.224 -70.315 
24.183 -453.077 -70.326 
24.160 -452.958 -70.336 
24.133 -452.825 -70.346 
24.115 -452.735 -70.354 
24.094 -452.633 -70.363 
24.071 -452.527 -70.372 
24.047 -452.416 -70.382 
24.030 -452.340 -70.389 
24.004 -452.222 -70.400 
23.982 -452.127 -70.409 
23.956 -452.016 -70.420 
23.931 -451.912 -70.430 
23.899 -451.779 -70.444 
23.866 -451.646 -70.458 
23.839 -451.538 -70.469 
23.810 -451.424 -70.481 
23.782 -451.316 -70.493 
23.751 -451.199 -70.506 
23.718 -451.077 -70.520 
23.686 -450.960 -70.533 
23.660 -450.867 -70.544 
23.629 -450.760 -70.557 
23.587 -450.611 -70.575 
23.572 -450.562 -70.581 
23.545 -450.469 -70.593 
23.522 -450.391 -70.603 
23.477 -450.241 -70.622 
23.452 -450.162 -70.632 
23.420 -450.059 -70.646 
23.385 -449.945 -70.661 
23.350 -449.837 -70.676 
23.315 -449.729 -70.691 
23.272 -449.595 -70.710 
23.246 -449.518 -70.721 
23.217 -449.431 -70.733 
23.179 -449.321 -70.749 
23.154 -449.248 -70.760 
23.103 -449.104 -70.781 
23.076 -449.026 -70.793 
23.035 -448.911 -70.810 
22.982 -448.767 -70.833 
22.937 -448.643 -70.852 
22.897 -448.538 -70.869 
22.869 -448.465 -70.881 
22.831 -448.366 -70.898 
22.794 -448.270 -70.914 
22.752 -448.162 -70.932 
22.723 -448.090 -70.944 
22.684 -447.993 -70.961 
22.639 -447.882 -70.980 
22.598 -447.781 -70.998 
22.553 -447.671 -71.017 
22.527 -447.609 -71.028 
22.483 -447.506 -71.047 
22.451 -447.430 -71.061 
22.417 -447.350 -71.075 
22.367 -447.236 -71.096 
22.332 -447.154 -71.112 
22.303 -447.088 -71.124 
22.272 -447.017 -71.138 
22.239 -446.943 -71.152 
22.208 -446.875 -71.165 
22.169 -446.788 -71.181 
22.142 -446.728 -71.193 
22.119 -446.677 -71.203 
22.056 -446.541 -71.229 
22.003 -446.427 -71.252 
21.970 -446.357 -71.266 
21.918 -446.247 -71.288 
21.864 -446.135 -71.311 
21.819 -446.041 -71.330 
21.778 -445.958 -71.347 
21.733 -445.867 -71.366 
21.698 -445.797 -71.381 
21.664 -445.728 -71.396 
21.614 -445.630 -71.417 
21.564 -445.531 -71.438 
21.506 -445.419 -71.462 
21.462 -445.335 -71.481 
21.415 -445.244 -71.501 
21.347 -445.115 -71.529 
21.306 -445.039 -71.546 
21.258 -444.950 -71.566 
21.190 -444.826 -71.594 
21.148 -444.748 -71.612 
21.116 -444.690 -71.625 
21.044 -444.562 -71.655 
20.997 -444.477 -71.675 
20.964 -444.418 -71.688 
20.913 -444.328 -71.709 
20.890 -444.288 -71.719 
20.830 -444.182 -71.744 
20.777 -444.091 -71.766 
20.724 -443.999 -71.788 
20.670 -443.906 -71.811 
20.611 -443.806 -71.835 
20.537 -443.680 -71.866 
20.476 -443.578 -71.891 
20.421 -443.486 -71.914 
20.356 -443.379 -71.941 
20.296 -443.280 -71.965 
20.216 -443.148 -71.999 
20.149 -443.040 -72.026 
20.107 -442.973 -72.043 
20.042 -442.867 -72.070 
20.004 -442.807 -72.086 
19.948 -442.718 -72.109 
19.893 -442.631 -72.131 
19.827 -442.526 -72.159 
19.785 -442.460 -72.176 
19.739 -442.389 -72.195 
19.692 -442.316 -72.214 
19.634 -442.226 -72.238 
19.579 -442.141 -72.260 
19.517 -442.047 -72.285 
19.465 -441.968 -72.306 
19.412 -441.888 -72.328 
19.343 -441.784 -72.356 
19.311 -441.737 -72.369 
19.251 -441.648 -72.393 
19.191 -441.559 -72.418 
19.129 -441.468 -72.442 
19.082 -441.399 -72.462 
19.024 -441.315 -72.485 
18.992 -441.268 -72.498 
18.929 -441.177 -72.524 
18.893 -441.126 -72.538 
18.856 -441.072 -72.553 
18.784 -440.971 -72.582 
18.693 -440.842 -72.619 
18.626 -440.748 -72.646 
18.566 -440.665 -72.670 
18.506 -440.582 -72.695 
18.428 -440.474 -72.726 
18.388 -440.420 -72.742 
18.314 -440.319 -72.772 
18.263 -440.249 -72.793 
18.186 -440.146 -72.824 
18.129 -440.070 -72.847 
18.071 -439.992 -72.870 
18.004 -439.904 -72.897 
17.897 -439.764 -72.941 
17.844 -439.694 -72.962 
17.764 -439.590 -72.994 
17.706 -439.516 -73.017 
17.652 -439.446 -73.039 
17.600 -439.380 -73.060 
17.537 -439.300 -73.085 
17.443 -439.181 -73.123 
17.379 -439.099 -73.149 
17.320 -439.026 -73.172 
17.257 -438.947 -73.197 
17.191 -438.865 -73.224 
17.130 -438.790 -73.248 
17.072 -438.718 -73.271 
17.027 -438.663 -73.289 
16.954 -438.573 -73.318 
16.891 -438.495 -73.343 
16.834 -438.426 -73.366 
16.773 -438.352 -73.390 
16.713 -438.278 -73.414 
16.656 -438.209 -73.437 
16.585 -438.123 -73.465 
16.522 -438.047 -73.490 
16.466 -437.980 -73.512 
16.403 -437.903 -73.537 
16.324 -437.809 -73.568 
16.249 -437.720 -73.598 
16.199 -437.660 -73.617 
16.129 -437.578 -73.645 
16.070 -437.508 -73.668 
16.020 -437.449 -73.688 
15.970 -437.389 -73.708 
15.870 -437.273 -73.747 
15.832 -437.228 -73.762 
15.785 -437.172 -73.781 
15.723 -437.100 -73.805 
15.647 -437.012 -73.835 
15.570 -436.923 -73.865 
15.481 -436.821 -73.899 
15.423 -436.755 -73.922 
15.366 -436.690 -73.944 
15.306 -436.621 -73.967 
15.232 -436.537 -73.996 
15.147 -436.440 -74.028 
15.095 -436.381 -74.048 
15.003 -436.278 -74.084 
14.950 -436.218 -74.104 
14.878 -436.136 -74.131 
14.808 -436.058 -74.158 
14.747 -435.991 -74.181 
14.698 -435.936 -74.199 
14.636 -435.867 -74.223 
14.591 -435.817 -74.240 
