26.390 -423.598 -82.405 
26.379 -423.490 -82.411 
26.369 -423.396 -82.415 
26.355 -423.267 -82.422 
26.342 -423.150 -82.429 
26.330 -423.052 -82.434 
26.321 -422.971 -82.439 
26.302 -422.817 -82.448 
26.290 -422.723 -82.454 
26.276 -422.624 -82.460 
26.256 -422.475 -82.470 
26.239 -422.351 -82.478 
26.222 -422.235 -82.486 
26.202 -422.095 -82.495 
26.189 -422.008 -82.502 
26.167 -421.864 -82.512 
26.153 -421.780 -82.518 
26.139 -421.691 -82.525 
26.119 -421.572 -82.534 
26.100 -421.457 -82.543 
26.084 -421.361 -82.551 
26.059 -421.222 -82.563 
26.030 -421.059 -82.576 
26.006 -420.930 -82.587 
25.985 -420.819 -82.597 
25.968 -420.733 -82.604 
25.936 -420.571 -82.618 
25.910 -420.444 -82.630 
25.879 -420.298 -82.644 
25.866 -420.234 -82.650 
25.847 -420.147 -82.658 
25.822 -420.033 -82.670 
25.793 -419.905 -82.682 
25.767 -419.790 -82.694 
25.744 -419.692 -82.704 
25.715 -419.571 -82.717 
25.693 -419.476 -82.727 
25.679 -419.420 -82.733 
25.658 -419.336 -82.742 
25.640 -419.264 -82.750 
25.620 -419.181 -82.759 
25.601 -419.110 -82.767 
25.569 -418.987 -82.781 
25.540 -418.873 -82.794 
25.508 -418.754 -82.808 
25.487 -418.678 -82.817 
25.460 -418.581 -82.829 
25.431 -418.475 -82.842 
25.406 -418.389 -82.853 
25.376 -418.283 -82.866 
25.344 -418.176 -82.880 
25.305 -418.045 -82.896 
25.275 -417.943 -82.909 
25.230 -417.797 -82.928 
25.207 -417.723 -82.938 
25.177 -417.626 -82.951 
25.143 -417.518 -82.966 
25.112 -417.423 -82.979 
25.079 -417.320 -82.993 
25.049 -417.227 -83.006 
25.008 -417.104 -83.023 
24.986 -417.040 -83.032 
24.962 -416.969 -83.042 
24.926 -416.863 -83.058 
24.884 -416.743 -83.075 
24.851 -416.648 -83.090 
24.794 -416.487 -83.114 
24.743 -416.347 -83.135 
24.707 -416.250 -83.150 
24.678 -416.171 -83.162 
24.649 -416.095 -83.174 
24.621 -416.020 -83.186 
24.604 -415.975 -83.193 
24.557 -415.852 -83.213 
24.526 -415.772 -83.226 
24.494 -415.690 -83.239 
24.460 -415.604 -83.253 
24.440 -415.554 -83.262 
24.414 -415.489 -83.273 
24.377 -415.399 -83.288 
24.329 -415.280 -83.309 
24.282 -415.167 -83.328 
24.235 -415.055 -83.348 
24.183 -414.930 -83.370 
24.141 -414.833 -83.388 
24.109 -414.758 -83.401 
24.083 -414.697 -83.412 
24.037 -414.593 -83.432 
24.008 -414.526 -83.444 
23.981 -414.465 -83.455 
23.941 -414.378 -83.472 
23.901 -414.289 -83.489 
23.859 -414.198 -83.506 
23.829 -414.133 -83.519 
23.775 -414.017 -83.542 
23.736 -413.935 -83.558 
23.699 -413.856 -83.574 
23.666 -413.787 -83.587 
23.624 -413.701 -83.605 
23.577 -413.603 -83.625 
23.527 -413.502 -83.646 
23.489 -413.425 -83.662 
23.447 -413.342 -83.679 
23.383 -413.216 -83.706 
23.325 -413.104 -83.731 
23.267 -412.992 -83.755 
23.212 -412.888 -83.778 
23.166 -412.802 -83.797 
23.110 -412.697 -83.821 
23.068 -412.620 -83.839 
23.025 -412.540 -83.857 
22.973 -412.447 -83.878 
22.927 -412.364 -83.898 
22.866 -412.255 -83.923 
22.830 -412.190 -83.939 
22.776 -412.096 -83.961 
22.718 -411.996 -83.986 
22.636 -411.856 -84.020 
22.565 -411.734 -84.050 
22.511 -411.644 -84.073 
22.431 -411.511 -84.107 
22.378 -411.425 -84.129 
22.312 -411.318 -84.157 
22.266 -411.243 -84.177 
22.210 -411.153 -84.200 
22.169 -411.089 -84.218 
22.097 -410.975 -84.248 
22.057 -410.913 -84.265 
21.986 -410.803 -84.295 
21.920 -410.702 -84.323 
21.866 -410.620 -84.346 
21.815 -410.544 -84.368 
21.750 -410.447 -84.395 
21.708 -410.385 -84.413 
21.638 -410.283 -84.443 
21.574 -410.189 -84.470 
21.510 -410.097 -84.497 
21.441 -409.999 -84.527 
21.389 -409.925 -84.549 
21.329 -409.841 -84.574 
21.270 -409.758 -84.599 
21.227 -409.700 -84.617 
21.169 -409.619 -84.642 
21.099 -409.524 -84.672 
21.029 -409.430 -84.701 
20.949 -409.323 -84.736 
20.907 -409.269 -84.753 
20.822 -409.158 -84.789 
20.785 -409.110 -84.805 
20.730 -409.040 -84.829 
20.656 -408.945 -84.860 
20.606 -408.881 -84.882 
20.537 -408.795 -84.911 
20.451 -408.688 -84.948 
20.380 -408.600 -84.978 
20.334 -408.545 -84.997 
20.263 -408.458 -85.027 
20.179 -408.357 -85.063 
20.101 -408.265 -85.096 
20.010 -408.158 -85.135 
19.952 -408.091 -85.160 
19.867 -407.993 -85.196 
19.798 -407.914 -85.226 
19.726 -407.832 -85.257 
19.661 -407.760 -85.284 
19.584 -407.674 -85.317 
19.519 -407.603 -85.345 
19.456 -407.533 -85.372 
19.358 -407.428 -85.413 
19.285 -407.349 -85.445 
19.195 -407.254 -85.483 
19.119 -407.174 -85.515 
19.062 -407.114 -85.540 
19.014 -407.065 -85.560 
18.974 -407.024 -85.577 
18.901 -406.949 -85.609 
18.821 -406.868 -85.643 
18.750 -406.797 -85.673 
18.691 -406.739 -85.698 
18.611 -406.659 -85.733 
18.537 -406.587 -85.764 
18.490 -406.540 -85.785 
18.401 -406.455 -85.823 
18.319 -406.376 -85.858 
18.238 -406.300 -85.893 
18.135 -406.204 -85.937 
18.040 -406.117 -85.978 
17.991 -406.071 -85.999 
17.930 -406.016 -86.025 
17.851 -405.944 -86.059 
17.755 -405.859 -86.100 
17.666 -405.780 -86.138 
17.595 -405.718 -86.169 
17.530 -405.662 -86.197 
17.468 -405.609 -86.223 
17.392 -405.544 -86.255 
17.304 -405.469 -86.293 
17.223 -405.402 -86.327 
17.141 -405.333 -86.362 
17.073 -405.277 -86.391 
17.004 -405.220 -86.421 
16.946 -405.173 -86.446 
16.868 -405.111 -86.479 
16.785 -405.044 -86.515 
16.687 -404.967 -86.556 
16.629 -404.922 -86.581 
16.559 -404.867 -86.611 
16.482 -404.808 -86.644 
16.419 -404.759 -86.671 
16.361 -404.715 -86.696 
16.295 -404.665 -86.724 
16.233 -404.619 -86.751 
16.182 -404.580 -86.773 
16.121 -404.535 -86.799 
16.048 -404.482 -86.830 
15.938 -404.402 -86.877 
15.858 -404.344 -86.911 
15.777 -404.286 -86.945 
15.708 -404.238 -86.975 
15.664 -404.207 -86.993 
15.601 -404.163 -87.020 
15.535 -404.117 -87.048 
15.485 -404.083 -87.069 
15.426 -404.042 -87.094 
15.350 -403.990 -87.127 
15.281 -403.943 -87.156 
15.212 -403.897 -87.185 
15.114 -403.832 -87.227 
15.011 -403.764 -87.271 
14.939 -403.718 -87.301 
14.877 -403.678 -87.327 
14.762 -403.604 -87.376 
14.653 -403.535 -87.422 
14.559 -403.477 -87.462 
14.486 -403.431 -87.493 
14.401 -403.379 -87.529 
14.271 -403.301 -87.583 
14.206 -403.262 -87.611 
14.121 -403.211 -87.647 
14.058 -403.174 -87.673 
13.963 -403.118 -87.713 
13.867 -403.062 -87.754 
13.803 -403.025 -87.781 
13.746 -402.993 -87.805 
13.663 -402.946 -87.840 
13.559 -402.887 -87.884 
13.478 -402.842 -87.918 
13.401 -402.800 -87.950 
13.335 -402.764 -87.978 
13.259 -402.722 -88.010 
13.133 -402.654 -88.063 
13.039 -402.604 -88.103 
12.959 -402.562 -88.137 
12.893 -402.527 -88.165 
12.799 -402.479 -88.204 
12.697 -402.426 -88.247 
12.601 -402.377 -88.288 
12.533 -402.343 -88.316 
12.457 -402.305 -88.348 
12.386 -402.270 -88.378 
12.300 -402.228 -88.414 
12.188 -402.174 -88.462 
12.095 -402.130 -88.501 
12.016 -402.092 -88.535 
11.918 -402.046 -88.576 
11.828 -402.005 -88.614 
11.751 -401.970 -88.647 
11.644 -401.921 -88.692 
11.547 -401.879 -88.733 
11.449 -401.835 -88.774 
11.368 -401.800 -88.808 
11.264 -401.755 -88.852 
11.179 -401.719 -88.888 
11.057 -401.667 -88.940 
10.958 -401.626 -88.981 
10.847 -401.581 -89.028 
10.762 -401.546 -89.065 
10.659 -401.505 -89.108 
10.595 -401.480 -89.135 
10.518 -401.449 -89.168 
10.451 -401.423 -89.196 
10.358 -401.388 -89.236 
10.282 -401.359 -89.268 
10.195 -401.326 -89.305 
10.102 -401.291 -89.345 
9.978 -401.246 -89.397 
