24.700 -458.374 -70.112 
24.699 -458.254 -70.112 
24.698 -458.149 -70.113 
24.696 -458.019 -70.114 
24.694 -457.891 -70.115 
24.691 -457.784 -70.116 
24.688 -457.674 -70.117 
24.685 -457.565 -70.118 
24.681 -457.454 -70.119 
24.677 -457.356 -70.121 
24.671 -457.222 -70.123 
24.665 -457.092 -70.125 
24.661 -457.006 -70.127 
24.656 -456.927 -70.129 
24.651 -456.830 -70.131 
24.642 -456.688 -70.135 
24.636 -456.600 -70.137 
24.630 -456.514 -70.140 
24.626 -456.453 -70.141 
24.616 -456.317 -70.146 
24.604 -456.167 -70.151 
24.593 -456.039 -70.156 
24.581 -455.914 -70.160 
24.571 -455.806 -70.164 
24.561 -455.699 -70.169 
24.544 -455.538 -70.176 
24.533 -455.430 -70.181 
24.525 -455.359 -70.184 
24.513 -455.253 -70.189 
24.502 -455.159 -70.194 
24.492 -455.079 -70.198 
24.482 -454.997 -70.202 
24.465 -454.864 -70.209 
24.449 -454.742 -70.216 
24.437 -454.655 -70.221 
24.427 -454.585 -70.225 
24.411 -454.473 -70.232 
24.393 -454.354 -70.239 
24.371 -454.209 -70.249 
24.354 -454.094 -70.256 
24.334 -453.972 -70.264 
24.320 -453.886 -70.270 
24.298 -453.756 -70.279 
24.279 -453.649 -70.287 
24.254 -453.505 -70.297 
24.238 -453.416 -70.304 
24.218 -453.311 -70.312 
24.201 -453.219 -70.319 
24.185 -453.138 -70.326 
24.165 -453.034 -70.334 
24.144 -452.931 -70.343 
24.127 -452.848 -70.350 
24.101 -452.719 -70.361 
24.080 -452.623 -70.369 
24.049 -452.478 -70.382 
24.017 -452.338 -70.395 
23.995 -452.238 -70.404 
23.978 -452.165 -70.411 
23.963 -452.100 -70.418 
23.942 -452.012 -70.426 
23.918 -451.915 -70.436 
23.894 -451.815 -70.446 
23.873 -451.731 -70.455 
23.840 -451.602 -70.468 
23.810 -451.484 -70.481 
23.789 -451.404 -70.490 
23.763 -451.304 -70.501 
23.731 -451.187 -70.514 
23.708 -451.101 -70.524 
23.681 -451.003 -70.535 
23.647 -450.884 -70.548 
23.606 -450.739 -70.566 
23.575 -450.635 -70.578 
23.554 -450.564 -70.587 
23.516 -450.437 -70.603 
23.478 -450.311 -70.619 
23.445 -450.204 -70.632 
23.419 -450.119 -70.643 
23.382 -450.003 -70.659 
23.349 -449.899 -70.672 
23.314 -449.790 -70.687 
23.289 -449.716 -70.697 
23.261 -449.631 -70.709 
23.233 -449.546 -70.721 
23.199 -449.443 -70.735 
23.165 -449.344 -70.749 
23.128 -449.236 -70.765 
23.078 -449.095 -70.786 
23.041 -448.988 -70.802 
23.003 -448.882 -70.818 
22.984 -448.829 -70.826 
22.957 -448.757 -70.837 
22.934 -448.693 -70.847 
22.907 -448.621 -70.859 
22.876 -448.537 -70.872 
22.837 -448.433 -70.889 
22.782 -448.290 -70.912 
22.738 -448.177 -70.931 
22.688 -448.051 -70.952 
22.641 -447.932 -70.972 
22.609 -447.855 -70.985 
22.576 -447.773 -71.000 
22.548 -447.705 -71.012 
22.515 -447.625 -71.026 
22.464 -447.504 -71.047 
22.411 -447.378 -71.070 
22.374 -447.292 -71.085 
22.345 -447.223 -71.098 
22.298 -447.114 -71.118 
22.269 -447.049 -71.130 
22.235 -446.971 -71.144 
22.204 -446.901 -71.158 
22.166 -446.816 -71.174 
22.132 -446.740 -71.188 
22.085 -446.636 -71.208 
22.047 -446.553 -71.224 
21.999 -446.448 -71.244 
21.954 -446.352 -71.263 
21.918 -446.275 -71.279 
21.885 -446.206 -71.292 
21.830 -446.092 -71.315 
21.791 -446.009 -71.332 
21.753 -445.932 -71.348 
21.706 -445.837 -71.368 
21.678 -445.780 -71.379 
21.639 -445.701 -71.396 
21.587 -445.597 -71.418 
21.544 -445.512 -71.436 
21.500 -445.426 -71.455 
21.457 -445.343 -71.473 
21.422 -445.274 -71.488 
21.359 -445.153 -71.514 
21.304 -445.050 -71.537 
21.278 -445.001 -71.548 
21.221 -444.894 -71.572 
21.177 -444.812 -71.591 
21.137 -444.738 -71.607 
21.097 -444.665 -71.624 
21.054 -444.587 -71.642 
21.000 -444.489 -71.665 
20.947 -444.394 -71.687 
20.875 -444.265 -71.717 
20.843 -444.209 -71.730 
20.793 -444.122 -71.751 
20.741 -444.031 -71.772 
20.694 -443.949 -71.791 
20.653 -443.878 -71.808 
20.613 -443.809 -71.825 
20.564 -443.724 -71.845 
20.508 -443.630 -71.868 
20.463 -443.554 -71.886 
20.390 -443.431 -71.916 
20.333 -443.335 -71.940 
20.272 -443.234 -71.965 
20.229 -443.161 -71.983 
20.186 -443.091 -72.000 
20.112 -442.970 -72.030 
20.048 -442.866 -72.057 
19.988 -442.768 -72.081 
19.912 -442.645 -72.112 
19.873 -442.584 -72.128 
19.794 -442.458 -72.160 
19.748 -442.386 -72.179 
19.693 -442.300 -72.201 
19.643 -442.222 -72.222 
19.579 -442.123 -72.248 
19.527 -442.043 -72.269 
19.496 -441.996 -72.281 
19.453 -441.930 -72.299 
19.421 -441.881 -72.312 
19.368 -441.801 -72.333 
19.305 -441.706 -72.358 
19.245 -441.616 -72.382 
19.194 -441.540 -72.403 
19.132 -441.448 -72.428 
19.063 -441.348 -72.455 
18.997 -441.251 -72.481 
18.945 -441.175 -72.502 
18.901 -441.113 -72.520 
18.828 -441.008 -72.549 
18.796 -440.961 -72.562 
18.750 -440.897 -72.580 
18.701 -440.826 -72.600 
18.644 -440.746 -72.623 
18.578 -440.653 -72.650 
18.508 -440.556 -72.678 
18.474 -440.509 -72.691 
18.423 -440.438 -72.712 
18.375 -440.372 -72.731 
18.319 -440.295 -72.754 
18.262 -440.216 -72.777 
18.213 -440.151 -72.796 
18.149 -440.064 -72.822 
18.093 -439.988 -72.844 
18.042 -439.920 -72.865 
18.000 -439.865 -72.881 
17.956 -439.806 -72.899 
17.886 -439.713 -72.927 
17.804 -439.606 -72.960 
17.734 -439.515 -72.988 
17.653 -439.411 -73.020 
17.573 -439.308 -73.052 
17.532 -439.255 -73.068 
17.493 -439.205 -73.084 
17.428 -439.122 -73.110 
17.363 -439.040 -73.135 
17.286 -438.944 -73.165 
17.233 -438.877 -73.186 
17.185 -438.817 -73.205 
17.118 -438.734 -73.232 
17.029 -438.624 -73.267 
16.946 -438.522 -73.299 
16.877 -438.438 -73.326 
16.800 -438.344 -73.356 
16.734 -438.264 -73.381 
16.667 -438.181 -73.408 
16.625 -438.132 -73.423 
16.567 -438.062 -73.446 
16.498 -437.979 -73.472 
16.448 -437.919 -73.492 
16.344 -437.793 -73.532 
16.307 -437.750 -73.546 
16.247 -437.678 -73.569 
16.156 -437.571 -73.604 
16.096 -437.499 -73.627 
16.031 -437.423 -73.652 
15.993 -437.377 -73.667 
15.943 -437.319 -73.685 
15.858 -437.220 -73.718 
15.802 -437.154 -73.739 
15.739 -437.081 -73.763 
15.704 -437.040 -73.776 
15.639 -436.965 -73.801 
15.584 -436.902 -73.821 
15.516 -436.823 -73.847 
15.468 -436.767 -73.865 
15.385 -436.672 -73.896 
15.313 -436.590 -73.923 
15.227 -436.492 -73.955 
15.175 -436.433 -73.975 
15.113 -436.363 -73.998 
15.059 -436.301 -74.018 
14.986 -436.219 -74.045 
14.950 -436.179 -74.058 
14.880 -436.099 -74.085 
14.805 -436.016 -74.112 
14.733 -435.936 -74.138 
14.669 -435.864 -74.162 
14.590 -435.777 -74.191 
