26.392 -423.622 -82.404 
26.384 -423.539 -82.408 
26.370 -423.406 -82.415 
26.359 -423.307 -82.420 
26.343 -423.160 -82.428 
26.333 -423.075 -82.433 
26.323 -422.987 -82.438 
26.305 -422.847 -82.446 
26.287 -422.705 -82.455 
26.274 -422.602 -82.462 
26.253 -422.450 -82.471 
26.238 -422.345 -82.478 
26.214 -422.182 -82.489 
26.198 -422.075 -82.496 
26.181 -421.961 -82.505 
26.161 -421.837 -82.513 
26.143 -421.720 -82.522 
26.129 -421.640 -82.528 
26.112 -421.536 -82.536 
26.093 -421.425 -82.544 
26.077 -421.332 -82.552 
26.063 -421.253 -82.558 
26.044 -421.145 -82.567 
26.032 -421.079 -82.572 
26.008 -420.951 -82.583 
25.991 -420.859 -82.590 
25.965 -420.728 -82.602 
25.947 -420.635 -82.610 
25.931 -420.556 -82.617 
25.912 -420.463 -82.626 
25.893 -420.374 -82.634 
25.865 -420.239 -82.647 
25.843 -420.137 -82.657 
25.816 -420.016 -82.669 
25.801 -419.948 -82.676 
25.783 -419.870 -82.684 
25.755 -419.747 -82.697 
25.732 -419.651 -82.707 
25.714 -419.575 -82.715 
25.690 -419.473 -82.726 
25.673 -419.405 -82.734 
25.642 -419.279 -82.748 
25.611 -419.158 -82.761 
25.580 -419.034 -82.776 
25.555 -418.941 -82.787 
25.532 -418.854 -82.797 
25.498 -418.726 -82.812 
25.464 -418.600 -82.828 
25.432 -418.486 -82.842 
25.398 -418.367 -82.857 
25.365 -418.252 -82.872 
25.332 -418.142 -82.886 
25.315 -418.084 -82.894 
25.278 -417.962 -82.911 
25.250 -417.869 -82.923 
25.228 -417.797 -82.933 
25.194 -417.689 -82.948 
25.165 -417.595 -82.961 
25.131 -417.488 -82.976 
25.099 -417.391 -82.990 
25.077 -417.323 -83.000 
25.054 -417.253 -83.010 
25.030 -417.180 -83.020 
24.997 -417.083 -83.035 
24.964 -416.984 -83.050 
24.937 -416.906 -83.061 
24.903 -416.808 -83.076 
24.875 -416.727 -83.089 
24.842 -416.633 -83.104 
24.814 -416.555 -83.116 
24.768 -416.429 -83.136 
24.726 -416.313 -83.155 
24.671 -416.166 -83.179 
24.644 -416.093 -83.191 
24.604 -415.989 -83.208 
24.563 -415.881 -83.226 
24.514 -415.756 -83.248 
24.473 -415.651 -83.266 
24.438 -415.564 -83.281 
24.395 -415.456 -83.300 
24.375 -415.407 -83.309 
24.342 -415.325 -83.323 
24.288 -415.195 -83.347 
24.251 -415.106 -83.363 
24.221 -415.034 -83.377 
24.199 -414.982 -83.386 
24.167 -414.907 -83.400 
24.131 -414.824 -83.416 
24.094 -414.739 -83.432 
24.069 -414.682 -83.443 
24.011 -414.550 -83.468 
23.972 -414.462 -83.485 
23.932 -414.375 -83.503 
23.876 -414.252 -83.527 
23.818 -414.126 -83.553 
23.766 -414.015 -83.575 
23.727 -413.933 -83.592 
23.681 -413.835 -83.612 
23.643 -413.756 -83.629 
23.584 -413.635 -83.655 
23.545 -413.555 -83.672 
23.513 -413.492 -83.685 
23.456 -413.377 -83.710 
23.412 -413.291 -83.729 
23.352 -413.173 -83.755 
23.302 -413.076 -83.777 
23.243 -412.964 -83.803 
23.162 -412.811 -83.838 
23.121 -412.735 -83.856 
23.067 -412.636 -83.879 
23.025 -412.559 -83.897 
22.978 -412.473 -83.918 
22.946 -412.415 -83.932 
22.902 -412.337 -83.951 
22.858 -412.259 -83.970 
22.819 -412.190 -83.987 
22.743 -412.058 -84.020 
22.674 -411.939 -84.051 
22.631 -411.865 -84.070 
22.566 -411.757 -84.099 
22.509 -411.661 -84.124 
22.457 -411.575 -84.147 
22.420 -411.515 -84.163 
22.372 -411.435 -84.184 
22.304 -411.326 -84.214 
22.261 -411.256 -84.233 
22.197 -411.156 -84.260 
22.135 -411.057 -84.288 
22.067 -410.951 -84.317 
22.006 -410.857 -84.344 
21.956 -410.780 -84.366 
21.884 -410.670 -84.397 
21.848 -410.617 -84.412 
21.796 -410.539 -84.435 
21.733 -410.445 -84.463 
21.689 -410.381 -84.482 
21.644 -410.315 -84.501 
21.594 -410.243 -84.523 
21.549 -410.177 -84.543 
21.508 -410.118 -84.561 
21.461 -410.051 -84.582 
21.388 -409.949 -84.613 
21.327 -409.864 -84.640 
21.276 -409.794 -84.662 
21.199 -409.688 -84.696 
21.159 -409.634 -84.713 
21.077 -409.523 -84.749 
21.015 -409.440 -84.776 
20.961 -409.369 -84.799 
20.913 -409.306 -84.820 
20.845 -409.218 -84.850 
20.797 -409.156 -84.871 
20.725 -409.063 -84.902 
20.666 -408.988 -84.928 
20.618 -408.928 -84.948 
20.538 -408.828 -84.983 
20.464 -408.735 -85.015 
20.414 -408.674 -85.037 
20.338 -408.581 -85.070 
20.297 -408.533 -85.087 
20.255 -408.482 -85.106 
20.203 -408.420 -85.128 
20.116 -408.317 -85.166 
20.044 -408.233 -85.197 
19.988 -408.168 -85.222 
19.907 -408.074 -85.258 
19.836 -407.994 -85.288 
19.782 -407.932 -85.312 
19.681 -407.819 -85.357 
19.602 -407.731 -85.391 
19.549 -407.672 -85.415 
19.496 -407.615 -85.438 
19.431 -407.545 -85.466 
19.361 -407.470 -85.497 
19.313 -407.418 -85.518 
19.285 -407.389 -85.531 
19.230 -407.331 -85.555 
19.151 -407.248 -85.590 
19.069 -407.164 -85.626 
18.991 -407.083 -85.660 
18.912 -407.003 -85.695 
18.847 -406.938 -85.723 
18.785 -406.876 -85.751 
18.706 -406.798 -85.786 
18.608 -406.702 -85.829 
18.552 -406.647 -85.853 
18.481 -406.579 -85.885 
18.400 -406.500 -85.921 
18.293 -406.399 -85.968 
18.237 -406.347 -85.993 
18.157 -406.272 -86.028 
18.097 -406.218 -86.055 
18.002 -406.131 -86.097 
17.938 -406.073 -86.125 
17.856 -405.999 -86.162 
17.779 -405.931 -86.196 
17.709 -405.869 -86.227 
17.612 -405.784 -86.270 
17.548 -405.729 -86.297 
17.458 -405.651 -86.337 
17.364 -405.571 -86.379 
17.307 -405.524 -86.404 
17.241 -405.469 -86.433 
17.199 -405.433 -86.451 
17.137 -405.382 -86.479 
17.079 -405.335 -86.504 
17.017 -405.284 -86.531 
16.947 -405.227 -86.562 
16.883 -405.175 -86.590 
16.813 -405.119 -86.621 
16.731 -405.054 -86.657 
16.632 -404.977 -86.700 
16.575 -404.932 -86.726 
16.509 -404.881 -86.754 
16.433 -404.823 -86.788 
16.373 -404.777 -86.814 
16.273 -404.701 -86.858 
16.207 -404.652 -86.887 
16.124 -404.590 -86.923 
16.014 -404.510 -86.971 
15.922 -404.443 -87.012 
15.856 -404.396 -87.041 
15.739 -404.313 -87.092 
15.667 -404.262 -87.123 
15.630 -404.236 -87.139 
15.523 -404.162 -87.186 
15.409 -404.084 -87.236 
15.341 -404.037 -87.266 
15.253 -403.978 -87.304 
15.137 -403.901 -87.355 
15.051 -403.845 -87.392 
14.995 -403.808 -87.416 
14.924 -403.762 -87.447 
14.881 -403.734 -87.466 
14.787 -403.674 -87.507 
14.653 -403.589 -87.566 
14.557 -403.529 -87.608 
14.483 -403.484 -87.640 
14.420 -403.445 -87.668 
14.290 -403.366 -87.725 
14.204 -403.314 -87.762 
14.095 -403.249 -87.810 
14.038 -403.216 -87.834 
13.925 -403.150 -87.884 
13.826 -403.093 -87.927 
13.723 -403.034 -87.972 
13.635 -402.984 -88.010 
13.552 -402.937 -88.046 
13.475 -402.894 -88.079 
13.396 -402.850 -88.114 
13.312 -402.805 -88.151 
13.203 -402.746 -88.198 
13.142 -402.713 -88.225 
13.090 -402.685 -88.247 
13.033 -402.655 -88.272 
12.976 -402.625 -88.297 
12.875 -402.573 -88.341 
12.773 -402.521 -88.385 
12.719 -402.493 -88.408 
12.594 -402.430 -88.463 
12.492 -402.380 -88.507 
12.440 -402.354 -88.530 
12.338 -402.304 -88.574 
12.189 -402.232 -88.639 
12.103 -402.191 -88.676 
12.002 -402.144 -88.720 
11.900 -402.097 -88.764 
11.833 -402.066 -88.794 
11.785 -402.044 -88.814 
11.697 -402.005 -88.853 
11.593 -401.958 -88.898 
11.481 -401.909 -88.947 
11.427 -401.886 -88.970 
11.369 -401.861 -88.995 
11.209 -401.792 -89.065 
11.134 -401.760 -89.097 
11.038 -401.720 -89.139 
10.936 -401.678 -89.183 
10.883 -401.657 -89.206 
10.760 -401.607 -89.259 
10.645 -401.561 -89.308 
10.553 -401.525 -89.348 
10.445 -401.484 -89.394 
10.360 -401.451 -89.431 
10.270 -401.417 -89.470 
10.182 -401.384 -89.508 
10.125 -401.363 -89.532 
10.037 -401.331 -89.570 
9.917 -401.288 -89.621 
9.778 -401.239 -89.681 
9.703 -401.213 -89.713 
9.658 -401.197 -89.732 
