24.700 -458.403 -70.112 
24.700 -458.339 -70.112 
24.699 -458.231 -70.112 
24.698 -458.139 -70.112 
24.696 -458.038 -70.113 
24.695 -457.950 -70.114 
24.693 -457.886 -70.114 
24.691 -457.779 -70.115 
24.689 -457.710 -70.115 
24.686 -457.601 -70.117 
24.681 -457.458 -70.118 
24.676 -457.324 -70.120 
24.672 -457.242 -70.122 
24.669 -457.165 -70.123 
24.663 -457.047 -70.125 
24.656 -456.921 -70.128 
24.648 -456.780 -70.131 
24.640 -456.660 -70.134 
24.633 -456.556 -70.137 
24.626 -456.451 -70.140 
24.618 -456.352 -70.143 
24.611 -456.254 -70.146 
24.602 -456.145 -70.150 
24.591 -456.014 -70.154 
24.582 -455.919 -70.158 
24.574 -455.836 -70.161 
24.562 -455.711 -70.166 
24.554 -455.630 -70.169 
24.542 -455.515 -70.174 
24.535 -455.448 -70.177 
24.526 -455.372 -70.181 
24.516 -455.283 -70.185 
24.499 -455.135 -70.192 
24.489 -455.050 -70.196 
24.477 -454.952 -70.201 
24.467 -454.877 -70.205 
24.452 -454.760 -70.212 
24.434 -454.632 -70.219 
24.426 -454.573 -70.222 
24.410 -454.459 -70.229 
24.399 -454.381 -70.233 
24.382 -454.271 -70.240 
24.363 -454.144 -70.248 
24.347 -454.045 -70.255 
24.335 -453.970 -70.259 
24.311 -453.825 -70.269 
24.293 -453.718 -70.277 
24.281 -453.646 -70.282 
24.252 -453.486 -70.293 
24.235 -453.390 -70.300 
24.207 -453.242 -70.311 
24.189 -453.146 -70.319 
24.159 -452.992 -70.331 
24.137 -452.878 -70.340 
24.112 -452.760 -70.350 
24.091 -452.659 -70.358 
24.069 -452.553 -70.368 
24.048 -452.455 -70.376 
24.024 -452.346 -70.386 
24.001 -452.243 -70.396 
23.984 -452.172 -70.402 
23.960 -452.066 -70.412 
23.937 -451.969 -70.422 
23.912 -451.863 -70.432 
23.890 -451.772 -70.441 
23.855 -451.631 -70.455 
23.830 -451.534 -70.465 
23.804 -451.429 -70.476 
23.779 -451.336 -70.486 
23.749 -451.221 -70.498 
23.722 -451.119 -70.510 
23.693 -451.015 -70.521 
23.673 -450.941 -70.530 
23.635 -450.805 -70.546 
23.607 -450.706 -70.557 
23.579 -450.608 -70.569 
23.543 -450.487 -70.584 
23.507 -450.365 -70.599 
23.476 -450.263 -70.611 
23.444 -450.158 -70.625 
23.422 -450.086 -70.634 
23.390 -449.982 -70.648 
23.361 -449.891 -70.659 
23.329 -449.790 -70.673 
23.298 -449.694 -70.686 
23.274 -449.621 -70.696 
23.234 -449.501 -70.712 
23.201 -449.403 -70.726 
23.165 -449.297 -70.741 
23.131 -449.199 -70.755 
23.099 -449.108 -70.769 
23.061 -449.000 -70.784 
23.032 -448.918 -70.796 
22.993 -448.809 -70.813 
22.960 -448.719 -70.826 
22.927 -448.630 -70.840 
22.905 -448.568 -70.849 
22.875 -448.490 -70.862 
22.833 -448.377 -70.880 
22.805 -448.305 -70.891 
22.766 -448.204 -70.908 
22.727 -448.105 -70.924 
22.687 -448.005 -70.940 
22.652 -447.917 -70.955 
22.605 -447.801 -70.975 
22.557 -447.683 -70.995 
22.536 -447.631 -71.004 
22.491 -447.524 -71.023 
22.448 -447.421 -71.041 
22.417 -447.348 -71.054 
22.375 -447.249 -71.072 
22.332 -447.148 -71.090 
22.288 -447.046 -71.108 
22.253 -446.966 -71.123 
22.203 -446.853 -71.144 
22.141 -446.714 -71.169 
22.092 -446.605 -71.190 
22.048 -446.510 -71.208 
21.994 -446.392 -71.231 
21.952 -446.302 -71.249 
21.893 -446.175 -71.274 
21.860 -446.107 -71.287 
21.836 -446.057 -71.297 
21.788 -445.956 -71.318 
21.716 -445.809 -71.348 
21.660 -445.694 -71.372 
21.616 -445.605 -71.390 
21.581 -445.535 -71.405 
21.530 -445.436 -71.426 
21.482 -445.340 -71.446 
21.445 -445.269 -71.461 
21.401 -445.184 -71.480 
21.364 -445.114 -71.495 
21.330 -445.049 -71.509 
21.271 -444.938 -71.534 
21.220 -444.842 -71.555 
21.174 -444.756 -71.574 
21.126 -444.669 -71.594 
21.057 -444.542 -71.623 
21.020 -444.475 -71.638 
20.979 -444.400 -71.655 
20.930 -444.312 -71.676 
20.899 -444.258 -71.688 
20.859 -444.185 -71.705 
20.817 -444.112 -71.722 
20.767 -444.024 -71.743 
20.722 -443.946 -71.762 
20.684 -443.879 -71.777 
20.615 -443.759 -71.806 
20.565 -443.672 -71.827 
20.493 -443.551 -71.856 
20.449 -443.475 -71.874 
20.397 -443.387 -71.896 
20.359 -443.325 -71.911 
20.290 -443.209 -71.939 
20.227 -443.105 -71.965 
20.165 -443.002 -71.990 
20.102 -442.899 -72.016 
20.048 -442.811 -72.038 
19.987 -442.712 -72.063 
19.945 -442.645 -72.080 
19.887 -442.552 -72.104 
19.851 -442.495 -72.118 
19.804 -442.421 -72.137 
19.762 -442.355 -72.154 
19.708 -442.269 -72.177 
19.668 -442.207 -72.193 
19.610 -442.117 -72.216 
19.546 -442.017 -72.243 
19.512 -441.966 -72.256 
19.444 -441.860 -72.284 
19.370 -441.748 -72.314 
19.296 -441.637 -72.344 
19.228 -441.535 -72.372 
19.178 -441.459 -72.392 
19.090 -441.330 -72.428 
19.039 -441.253 -72.449 
18.977 -441.163 -72.474 
18.926 -441.089 -72.494 
18.868 -441.006 -72.517 
18.791 -440.895 -72.549 
18.725 -440.800 -72.576 
18.638 -440.676 -72.611 
18.602 -440.626 -72.626 
18.548 -440.549 -72.648 
18.471 -440.442 -72.679 
18.412 -440.360 -72.703 
18.346 -440.270 -72.729 
18.282 -440.182 -72.755 
18.233 -440.114 -72.775 
18.170 -440.029 -72.801 
18.112 -439.951 -72.824 
18.024 -439.833 -72.860 
17.963 -439.751 -72.885 
17.919 -439.693 -72.902 
17.873 -439.632 -72.921 
17.815 -439.556 -72.944 
17.728 -439.442 -72.979 
17.665 -439.360 -73.005 
17.580 -439.249 -73.039 
17.525 -439.179 -73.061 
17.452 -439.085 -73.090 
17.392 -439.009 -73.114 
17.349 -438.954 -73.131 
17.286 -438.874 -73.156 
17.254 -438.834 -73.169 
17.187 -438.749 -73.196 
17.137 -438.687 -73.215 
17.072 -438.605 -73.241 
17.028 -438.551 -73.258 
16.957 -438.462 -73.286 
16.888 -438.377 -73.313 
16.827 -438.302 -73.337 
16.757 -438.216 -73.365 
16.667 -438.106 -73.400 
16.579 -437.999 -73.434 
16.506 -437.911 -73.463 
16.465 -437.860 -73.479 
16.420 -437.807 -73.496 
16.382 -437.761 -73.511 
16.314 -437.680 -73.537 
16.247 -437.599 -73.564 
16.176 -437.514 -73.591 
16.106 -437.431 -73.618 
16.046 -437.359 -73.641 
15.998 -437.303 -73.659 
15.919 -437.209 -73.689 
15.829 -437.104 -73.723 
15.772 -437.037 -73.745 
15.673 -436.921 -73.782 
15.612 -436.849 -73.805 
15.544 -436.771 -73.830 
15.477 -436.693 -73.856 
15.408 -436.614 -73.881 
15.331 -436.525 -73.910 
15.270 -436.455 -73.933 
15.191 -436.364 -73.963 
15.122 -436.285 -73.988 
15.049 -436.202 -74.015 
15.010 -436.158 -74.030 
14.952 -436.092 -74.051 
14.881 -436.011 -74.078 
14.805 -435.926 -74.105 
14.723 -435.834 -74.136 
14.640 -435.741 -74.166 
14.579 -435.674 -74.188 
