24.700 -458.421 -70.112 
24.700 -458.329 -70.112 
24.699 -458.218 -70.112 
24.698 -458.120 -70.113 
24.695 -457.967 -70.114 
24.692 -457.831 -70.115 
24.689 -457.697 -70.116 
24.685 -457.570 -70.118 
24.682 -457.452 -70.119 
24.677 -457.338 -70.121 
24.673 -457.245 -70.123 
24.668 -457.120 -70.125 
24.660 -456.975 -70.128 
24.655 -456.884 -70.130 
24.650 -456.799 -70.132 
24.644 -456.698 -70.134 
24.641 -456.644 -70.136 
24.633 -456.525 -70.139 
24.626 -456.424 -70.142 
24.616 -456.300 -70.146 
24.604 -456.145 -70.151 
24.594 -456.026 -70.155 
24.585 -455.924 -70.159 
24.574 -455.803 -70.163 
24.566 -455.724 -70.167 
24.556 -455.619 -70.171 
24.546 -455.525 -70.175 
24.538 -455.445 -70.178 
24.526 -455.336 -70.183 
24.516 -455.254 -70.187 
24.501 -455.125 -70.194 
24.486 -454.996 -70.200 
24.471 -454.884 -70.206 
24.453 -454.746 -70.213 
24.434 -454.608 -70.221 
24.417 -454.488 -70.228 
24.405 -454.400 -70.234 
24.394 -454.330 -70.238 
24.379 -454.232 -70.244 
24.365 -454.139 -70.251 
24.346 -454.018 -70.259 
24.328 -453.907 -70.266 
24.309 -453.792 -70.275 
24.293 -453.699 -70.282 
24.279 -453.621 -70.287 
24.268 -453.559 -70.292 
24.248 -453.450 -70.301 
24.229 -453.347 -70.309 
24.212 -453.257 -70.316 
24.188 -453.130 -70.326 
24.167 -453.024 -70.335 
24.151 -452.942 -70.342 
24.130 -452.839 -70.351 
24.104 -452.718 -70.362 
24.084 -452.621 -70.371 
24.060 -452.512 -70.381 
24.038 -452.413 -70.391 
24.020 -452.330 -70.399 
24.000 -452.242 -70.408 
23.978 -452.148 -70.417 
23.964 -452.086 -70.424 
23.949 -452.025 -70.430 
23.932 -451.953 -70.438 
23.906 -451.846 -70.449 
23.881 -451.746 -70.460 
23.859 -451.657 -70.470 
23.830 -451.543 -70.482 
23.806 -451.452 -70.493 
23.774 -451.329 -70.507 
23.752 -451.246 -70.516 
23.735 -451.182 -70.524 
23.714 -451.106 -70.533 
23.682 -450.988 -70.547 
23.655 -450.891 -70.559 
23.633 -450.816 -70.568 
23.593 -450.676 -70.586 
23.565 -450.580 -70.598 
23.537 -450.487 -70.610 
23.507 -450.386 -70.623 
23.475 -450.284 -70.637 
23.452 -450.209 -70.647 
23.417 -450.097 -70.663 
23.371 -449.951 -70.683 
23.344 -449.868 -70.695 
23.299 -449.730 -70.715 
23.261 -449.616 -70.732 
23.222 -449.498 -70.750 
23.183 -449.383 -70.767 
23.142 -449.266 -70.786 
23.118 -449.197 -70.796 
23.087 -449.109 -70.810 
23.065 -449.047 -70.820 
23.037 -448.968 -70.832 
22.993 -448.849 -70.851 
22.969 -448.783 -70.862 
22.928 -448.671 -70.880 
22.897 -448.590 -70.893 
22.843 -448.448 -70.917 
22.814 -448.372 -70.930 
22.772 -448.263 -70.948 
22.735 -448.170 -70.964 
22.684 -448.042 -70.986 
22.651 -447.960 -71.001 
22.617 -447.876 -71.016 
22.567 -447.754 -71.038 
22.526 -447.654 -71.056 
22.481 -447.547 -71.076 
22.425 -447.414 -71.100 
22.392 -447.338 -71.115 
22.352 -447.244 -71.132 
22.319 -447.169 -71.146 
22.272 -447.061 -71.167 
22.243 -446.997 -71.180 
22.195 -446.889 -71.201 
22.156 -446.803 -71.217 
22.106 -446.692 -71.240 
22.069 -446.612 -71.255 
22.025 -446.518 -71.274 
21.987 -446.436 -71.291 
21.944 -446.345 -71.310 
21.900 -446.252 -71.328 
21.862 -446.173 -71.345 
21.818 -446.083 -71.364 
21.795 -446.034 -71.374 
21.757 -445.958 -71.390 
21.712 -445.865 -71.410 
21.660 -445.760 -71.433 
21.607 -445.656 -71.456 
21.563 -445.568 -71.475 
21.529 -445.501 -71.490 
21.494 -445.434 -71.505 
21.461 -445.369 -71.519 
21.420 -445.291 -71.537 
21.370 -445.194 -71.559 
21.300 -445.063 -71.589 
21.264 -444.995 -71.605 
21.210 -444.894 -71.628 
21.122 -444.732 -71.666 
21.079 -444.653 -71.685 
21.048 -444.598 -71.698 
20.985 -444.484 -71.726 
20.932 -444.390 -71.749 
20.869 -444.279 -71.776 
20.795 -444.148 -71.809 
20.718 -444.014 -71.843 
20.671 -443.933 -71.863 
20.627 -443.857 -71.882 
20.577 -443.772 -71.904 
20.527 -443.687 -71.926 
20.489 -443.623 -71.942 
20.439 -443.539 -71.964 
20.400 -443.474 -71.981 
20.326 -443.351 -72.012 
20.262 -443.246 -72.040 
20.194 -443.136 -72.069 
20.152 -443.067 -72.087 
20.100 -442.983 -72.109 
20.048 -442.899 -72.131 
20.005 -442.831 -72.149 
19.966 -442.768 -72.166 
19.891 -442.651 -72.197 
19.815 -442.531 -72.230 
19.758 -442.442 -72.254 
19.695 -442.346 -72.280 
19.641 -442.262 -72.303 
19.583 -442.173 -72.327 
19.540 -442.109 -72.345 
19.502 -442.051 -72.361 
19.457 -441.984 -72.380 
19.413 -441.918 -72.398 
19.351 -441.825 -72.424 
19.303 -441.754 -72.444 
19.261 -441.692 -72.462 
19.210 -441.617 -72.483 
19.141 -441.517 -72.511 
19.062 -441.401 -72.544 
19.011 -441.327 -72.566 
18.937 -441.220 -72.596 
18.879 -441.138 -72.620 
18.828 -441.065 -72.641 
18.743 -440.945 -72.677 
18.695 -440.878 -72.696 
18.626 -440.781 -72.725 
18.550 -440.676 -72.756 
18.465 -440.558 -72.792 
18.409 -440.481 -72.815 
18.352 -440.404 -72.838 
18.289 -440.318 -72.864 
18.236 -440.247 -72.886 
18.164 -440.150 -72.916 
18.107 -440.073 -72.940 
18.052 -440.000 -72.962 
17.984 -439.911 -72.990 
17.919 -439.825 -73.017 
17.850 -439.736 -73.045 
17.809 -439.682 -73.062 
17.749 -439.605 -73.087 
17.691 -439.530 -73.111 
17.624 -439.444 -73.138 
17.578 -439.385 -73.157 
17.534 -439.329 -73.175 
17.465 -439.242 -73.203 
17.369 -439.121 -73.242 
17.318 -439.056 -73.263 
17.249 -438.971 -73.290 
17.174 -438.876 -73.321 
17.095 -438.779 -73.352 
17.063 -438.739 -73.365 
17.009 -438.673 -73.386 
16.927 -438.571 -73.420 
16.842 -438.468 -73.453 
16.771 -438.381 -73.482 
16.675 -438.265 -73.520 
16.590 -438.162 -73.554 
16.543 -438.106 -73.572 
16.459 -438.005 -73.605 
16.371 -437.899 -73.640 
16.307 -437.822 -73.666 
16.236 -437.739 -73.694 
16.175 -437.666 -73.718 
16.084 -437.558 -73.755 
16.008 -437.468 -73.784 
15.942 -437.390 -73.811 
15.867 -437.303 -73.840 
15.813 -437.239 -73.862 
15.765 -437.183 -73.880 
15.690 -437.096 -73.910 
15.632 -437.028 -73.933 
15.566 -436.951 -73.959 
15.504 -436.880 -73.983 
15.453 -436.821 -74.003 
15.402 -436.763 -74.023 
15.339 -436.691 -74.047 
15.267 -436.609 -74.075 
15.206 -436.539 -74.099 
15.169 -436.496 -74.113 
15.109 -436.428 -74.136 
15.037 -436.347 -74.164 
14.980 -436.283 -74.186 
14.900 -436.193 -74.217 
14.848 -436.135 -74.237 
14.805 -436.086 -74.253 
14.736 -436.009 -74.280 
14.689 -435.957 -74.298 
14.605 -435.863 -74.329 
14.503 -435.751 -74.368 
