21.500 -475.897 -70.112 
21.499 -475.798 -70.112 
21.498 -475.691 -70.112 
21.497 -475.603 -70.113 
21.496 -475.504 -70.113 
21.493 -475.397 -70.114 
21.491 -475.307 -70.115 
21.489 -475.232 -70.116 
21.487 -475.158 -70.117 
21.484 -475.070 -70.118 
21.481 -474.992 -70.119 
21.477 -474.872 -70.121 
21.473 -474.780 -70.123 
21.468 -474.675 -70.125 
21.463 -474.570 -70.127 
21.458 -474.472 -70.129 
21.453 -474.372 -70.131 
21.448 -474.299 -70.132 
21.442 -474.198 -70.135 
21.436 -474.097 -70.137 
21.429 -473.993 -70.140 
21.425 -473.932 -70.142 
21.416 -473.810 -70.145 
21.407 -473.695 -70.148 
21.395 -473.548 -70.153 
21.386 -473.444 -70.157 
21.377 -473.344 -70.160 
21.371 -473.286 -70.162 
21.363 -473.194 -70.166 
21.350 -473.064 -70.171 
21.336 -472.930 -70.176 
21.328 -472.859 -70.179 
21.320 -472.779 -70.183 
21.309 -472.685 -70.187 
21.303 -472.636 -70.189 
21.290 -472.522 -70.195 
21.280 -472.436 -70.199 
21.265 -472.315 -70.205 
21.249 -472.190 -70.211 
21.232 -472.063 -70.218 
21.219 -471.964 -70.223 
21.206 -471.870 -70.228 
21.191 -471.764 -70.234 
21.179 -471.678 -70.239 
21.161 -471.554 -70.246 
21.146 -471.461 -70.252 
21.128 -471.340 -70.260 
21.109 -471.220 -70.267 
21.098 -471.148 -70.272 
21.084 -471.066 -70.277 
21.065 -470.950 -70.285 
21.043 -470.818 -70.294 
21.029 -470.737 -70.300 
21.010 -470.629 -70.307 
20.988 -470.503 -70.316 
20.968 -470.397 -70.324 
20.956 -470.333 -70.329 
20.944 -470.270 -70.333 
20.917 -470.125 -70.345 
20.897 -470.023 -70.353 
20.883 -469.954 -70.358 
20.865 -469.865 -70.365 
20.847 -469.775 -70.373 
20.828 -469.684 -70.381 
20.812 -469.607 -70.387 
20.790 -469.506 -70.396 
20.766 -469.395 -70.406 
20.743 -469.288 -70.416 
20.717 -469.171 -70.426 
20.694 -469.067 -70.436 
20.674 -468.983 -70.443 
20.649 -468.873 -70.454 
20.628 -468.786 -70.462 
20.608 -468.702 -70.470 
20.581 -468.589 -70.481 
20.557 -468.491 -70.490 
20.519 -468.340 -70.506 
20.495 -468.241 -70.516 
20.472 -468.151 -70.525 
20.452 -468.076 -70.532 
20.431 -467.995 -70.541 
20.404 -467.891 -70.552 
20.378 -467.795 -70.562 
20.357 -467.719 -70.570 
20.319 -467.579 -70.585 
20.289 -467.468 -70.597 
20.258 -467.359 -70.610 
20.230 -467.261 -70.621 
20.201 -467.157 -70.632 
20.166 -467.037 -70.646 
20.130 -466.914 -70.660 
20.101 -466.814 -70.672 
20.080 -466.744 -70.681 
20.035 -466.594 -70.699 
19.993 -466.458 -70.716 
19.951 -466.319 -70.733 
19.920 -466.222 -70.745 
19.888 -466.120 -70.758 
19.859 -466.029 -70.769 
19.837 -465.959 -70.778 
19.808 -465.868 -70.790 
19.781 -465.786 -70.801 
19.740 -465.660 -70.817 
19.711 -465.571 -70.828 
19.685 -465.490 -70.839 
19.651 -465.390 -70.852 
19.611 -465.268 -70.868 
19.580 -465.175 -70.880 
19.537 -465.050 -70.897 
19.506 -464.958 -70.909 
19.470 -464.854 -70.923 
19.437 -464.758 -70.936 
19.391 -464.624 -70.954 
19.360 -464.538 -70.966 
19.330 -464.453 -70.978 
19.291 -464.343 -70.993 
19.261 -464.259 -71.004 
19.231 -464.175 -71.016 
19.189 -464.058 -71.032 
19.153 -463.960 -71.046 
19.108 -463.835 -71.063 
19.078 -463.754 -71.075 
19.038 -463.647 -71.090 
19.003 -463.551 -71.103 
18.959 -463.433 -71.120 
18.930 -463.354 -71.131 
18.891 -463.252 -71.145 
18.859 -463.165 -71.157 
18.818 -463.057 -71.172 
18.776 -462.946 -71.188 
18.736 -462.842 -71.203 
18.681 -462.698 -71.223 
18.638 -462.589 -71.238 
18.594 -462.475 -71.255 
18.548 -462.357 -71.272 
18.527 -462.302 -71.279 
18.491 -462.211 -71.292 
18.433 -462.063 -71.313 
18.404 -461.992 -71.324 
18.382 -461.935 -71.332 
18.346 -461.845 -71.345 
18.315 -461.768 -71.355 
18.280 -461.681 -71.368 
18.222 -461.536 -71.389 
18.176 -461.423 -71.405 
18.129 -461.307 -71.421 
18.099 -461.233 -71.432 
18.044 -461.098 -71.451 
18.020 -461.041 -71.459 
17.987 -460.961 -71.470 
17.920 -460.799 -71.493 
17.890 -460.725 -71.504 
17.844 -460.615 -71.519 
17.802 -460.515 -71.534 
17.777 -460.457 -71.542 
17.743 -460.377 -71.553 
17.722 -460.327 -71.560 
17.690 -460.250 -71.571 
17.642 -460.138 -71.587 
17.613 -460.068 -71.597 
17.577 -459.986 -71.609 
17.548 -459.918 -71.618 
17.517 -459.844 -71.629 
17.459 -459.710 -71.648 
17.412 -459.603 -71.663 
17.376 -459.519 -71.675 
17.333 -459.421 -71.689 
17.305 -459.358 -71.698 
17.278 -459.295 -71.707 
17.228 -459.183 -71.723 
17.166 -459.042 -71.743 
17.109 -458.915 -71.762 
17.068 -458.822 -71.775 
17.034 -458.746 -71.786 
16.980 -458.626 -71.803 
16.931 -458.518 -71.819 
16.876 -458.396 -71.837 
16.847 -458.333 -71.846 
16.819 -458.271 -71.855 
16.780 -458.188 -71.867 
16.736 -458.090 -71.881 
16.680 -457.971 -71.899 
16.634 -457.872 -71.913 
16.586 -457.768 -71.928 
16.553 -457.698 -71.938 
16.529 -457.646 -71.946 
16.486 -457.556 -71.959 
16.445 -457.469 -71.971 
16.389 -457.349 -71.989 
16.339 -457.244 -72.004 
16.297 -457.155 -72.017 
16.236 -457.028 -72.035 
16.193 -456.938 -72.048 
16.132 -456.812 -72.067 
16.098 -456.742 -72.077 
16.053 -456.649 -72.090 
16.006 -456.552 -72.104 
15.968 -456.473 -72.116 
15.932 -456.400 -72.126 
15.881 -456.295 -72.141 
15.840 -456.213 -72.153 
15.798 -456.126 -72.166 
15.761 -456.051 -72.176 
15.726 -455.980 -72.187 
15.680 -455.887 -72.200 
15.621 -455.769 -72.217 
15.589 -455.705 -72.226 
15.554 -455.634 -72.236 
15.502 -455.531 -72.251 
15.450 -455.428 -72.266 
15.376 -455.281 -72.287 
15.317 -455.165 -72.303 
15.256 -455.043 -72.321 
15.213 -454.959 -72.333 
15.172 -454.878 -72.344 
15.124 -454.786 -72.358 
15.083 -454.706 -72.369 
15.019 -454.581 -72.387 
14.956 -454.458 -72.405 
14.903 -454.357 -72.419 
14.865 -454.284 -72.429 
14.804 -454.167 -72.446 
14.745 -454.056 -72.462 
14.687 -453.945 -72.477 
14.621 -453.819 -72.495 
14.584 -453.749 -72.505 
14.522 -453.633 -72.522 
14.487 -453.567 -72.531 
14.447 -453.493 -72.542 
14.409 -453.421 -72.552 
14.346 -453.304 -72.569 
14.308 -453.233 -72.579 
14.267 -453.157 -72.589 
