26.394 -423.638 -82.403 
26.386 -423.562 -82.407 
26.375 -423.449 -82.413 
26.367 -423.376 -82.417 
26.354 -423.261 -82.423 
26.342 -423.152 -82.429 
26.331 -423.061 -82.434 
26.321 -422.971 -82.440 
26.307 -422.858 -82.446 
26.293 -422.754 -82.453 
26.279 -422.642 -82.460 
26.264 -422.532 -82.467 
26.249 -422.428 -82.474 
26.232 -422.308 -82.482 
26.221 -422.230 -82.487 
26.207 -422.132 -82.494 
26.192 -422.034 -82.501 
26.177 -421.934 -82.508 
26.158 -421.819 -82.516 
26.136 -421.677 -82.526 
26.122 -421.596 -82.532 
26.106 -421.500 -82.540 
26.088 -421.395 -82.548 
26.070 -421.287 -82.556 
26.052 -421.190 -82.564 
26.032 -421.076 -82.573 
26.022 -421.022 -82.577 
26.003 -420.919 -82.585 
25.983 -420.815 -82.594 
25.961 -420.699 -82.604 
25.929 -420.537 -82.618 
25.909 -420.437 -82.627 
25.884 -420.317 -82.637 
25.863 -420.216 -82.647 
25.836 -420.092 -82.658 
25.816 -419.999 -82.667 
25.783 -419.852 -82.681 
25.771 -419.798 -82.687 
25.758 -419.742 -82.692 
25.737 -419.652 -82.701 
25.711 -419.538 -82.713 
25.682 -419.420 -82.726 
25.643 -419.257 -82.743 
25.620 -419.165 -82.753 
25.591 -419.051 -82.766 
25.572 -418.976 -82.775 
25.547 -418.881 -82.786 
25.525 -418.795 -82.796 
25.507 -418.729 -82.804 
25.489 -418.661 -82.812 
25.466 -418.578 -82.822 
25.443 -418.494 -82.832 
25.426 -418.432 -82.840 
25.394 -418.321 -82.854 
25.353 -418.179 -82.872 
25.334 -418.113 -82.880 
25.298 -417.991 -82.896 
25.267 -417.888 -82.909 
25.242 -417.806 -82.920 
25.215 -417.717 -82.932 
25.172 -417.579 -82.950 
25.146 -417.495 -82.962 
25.114 -417.396 -82.976 
25.087 -417.312 -82.987 
25.062 -417.234 -82.999 
25.032 -417.143 -83.012 
24.997 -417.035 -83.027 
24.956 -416.916 -83.045 
24.927 -416.831 -83.057 
24.896 -416.738 -83.071 
24.865 -416.650 -83.084 
24.841 -416.583 -83.095 
24.815 -416.508 -83.106 
24.780 -416.409 -83.122 
24.754 -416.336 -83.133 
24.726 -416.261 -83.145 
24.687 -416.154 -83.162 
24.643 -416.035 -83.181 
24.603 -415.930 -83.198 
24.578 -415.864 -83.209 
24.554 -415.802 -83.219 
24.523 -415.721 -83.232 
24.490 -415.637 -83.246 
24.456 -415.549 -83.261 
24.416 -415.447 -83.278 
24.379 -415.356 -83.294 
24.342 -415.265 -83.310 
24.291 -415.140 -83.331 
24.244 -415.027 -83.351 
24.205 -414.934 -83.368 
24.180 -414.875 -83.379 
24.125 -414.746 -83.402 
24.076 -414.633 -83.423 
24.030 -414.527 -83.443 
23.994 -414.447 -83.458 
23.967 -414.386 -83.470 
23.932 -414.309 -83.485 
23.890 -414.215 -83.503 
23.842 -414.113 -83.523 
23.794 -414.009 -83.543 
23.759 -413.934 -83.558 
23.731 -413.875 -83.570 
23.679 -413.767 -83.592 
23.642 -413.690 -83.608 
23.610 -413.624 -83.622 
23.577 -413.557 -83.636 
23.531 -413.465 -83.656 
23.484 -413.370 -83.676 
23.453 -413.308 -83.689 
23.423 -413.249 -83.702 
23.365 -413.135 -83.727 
23.314 -413.038 -83.749 
23.258 -412.929 -83.773 
23.187 -412.796 -83.804 
23.125 -412.679 -83.831 
23.078 -412.593 -83.851 
23.026 -412.496 -83.874 
22.996 -412.444 -83.886 
22.940 -412.342 -83.911 
22.909 -412.286 -83.924 
22.874 -412.225 -83.939 
22.837 -412.159 -83.955 
22.775 -412.051 -83.982 
22.717 -411.950 -84.007 
22.669 -411.867 -84.028 
22.609 -411.764 -84.055 
22.568 -411.695 -84.072 
22.523 -411.620 -84.092 
22.457 -411.510 -84.121 
22.396 -411.410 -84.147 
22.339 -411.317 -84.172 
22.278 -411.221 -84.198 
22.241 -411.160 -84.215 
22.183 -411.069 -84.240 
22.127 -410.981 -84.265 
22.082 -410.912 -84.284 
22.025 -410.824 -84.309 
21.984 -410.761 -84.327 
21.945 -410.702 -84.344 
21.898 -410.629 -84.365 
21.834 -410.534 -84.392 
21.769 -410.438 -84.420 
21.727 -410.376 -84.439 
21.689 -410.321 -84.455 
21.618 -410.217 -84.487 
21.566 -410.142 -84.509 
21.509 -410.061 -84.534 
21.462 -409.994 -84.555 
21.398 -409.905 -84.583 
21.341 -409.826 -84.608 
21.285 -409.748 -84.632 
21.211 -409.646 -84.664 
21.162 -409.580 -84.686 
21.113 -409.514 -84.707 
21.072 -409.459 -84.725 
21.007 -409.373 -84.752 
20.953 -409.302 -84.776 
20.903 -409.236 -84.798 
20.842 -409.158 -84.824 
20.738 -409.024 -84.868 
20.679 -408.948 -84.894 
20.631 -408.888 -84.914 
20.569 -408.811 -84.941 
20.490 -408.713 -84.975 
20.396 -408.597 -85.015 
20.357 -408.551 -85.032 
20.282 -408.460 -85.064 
20.227 -408.395 -85.087 
20.175 -408.333 -85.110 
20.115 -408.262 -85.136 
20.058 -408.196 -85.160 
19.985 -408.110 -85.192 
19.922 -408.038 -85.219 
19.838 -407.942 -85.255 
19.788 -407.885 -85.276 
19.701 -407.788 -85.313 
19.619 -407.696 -85.349 
19.528 -407.596 -85.387 
19.441 -407.502 -85.424 
19.401 -407.458 -85.442 
19.352 -407.406 -85.462 
19.282 -407.331 -85.492 
19.239 -407.286 -85.511 
19.168 -407.211 -85.541 
19.076 -407.115 -85.580 
18.999 -407.036 -85.613 
18.947 -406.983 -85.635 
18.867 -406.901 -85.669 
18.802 -406.836 -85.697 
18.743 -406.777 -85.722 
18.680 -406.715 -85.748 
18.599 -406.636 -85.782 
18.524 -406.562 -85.815 
18.459 -406.499 -85.842 
18.376 -406.420 -85.877 
18.326 -406.372 -85.899 
18.258 -406.309 -85.927 
18.182 -406.237 -85.960 
18.110 -406.171 -85.990 
18.034 -406.101 -86.022 
17.944 -406.018 -86.060 
17.856 -405.939 -86.097 
17.793 -405.882 -86.124 
17.690 -405.791 -86.167 
17.637 -405.744 -86.190 
17.557 -405.675 -86.224 
17.466 -405.596 -86.262 
17.392 -405.532 -86.294 
17.315 -405.467 -86.326 
17.254 -405.415 -86.352 
17.187 -405.359 -86.381 
17.152 -405.330 -86.395 
17.103 -405.290 -86.416 
17.016 -405.218 -86.453 
16.953 -405.166 -86.480 
16.898 -405.122 -86.503 
16.816 -405.056 -86.538 
16.744 -404.998 -86.569 
16.655 -404.928 -86.606 
16.573 -404.864 -86.641 
16.503 -404.810 -86.671 
16.381 -404.716 -86.723 
16.283 -404.642 -86.764 
16.208 -404.586 -86.796 
16.171 -404.558 -86.812 
16.097 -404.503 -86.843 
15.992 -404.426 -86.888 
15.946 -404.392 -86.907 
15.824 -404.304 -86.959 
15.728 -404.236 -87.000 
15.670 -404.195 -87.025 
15.584 -404.135 -87.061 
15.499 -404.076 -87.098 
15.382 -403.995 -87.148 
15.307 -403.945 -87.179 
15.214 -403.882 -87.219 
15.119 -403.818 -87.259 
15.074 -403.788 -87.279 
15.028 -403.758 -87.298 
14.926 -403.692 -87.341 
14.841 -403.636 -87.377 
14.771 -403.591 -87.407 
14.690 -403.540 -87.442 
14.579 -403.470 -87.489 
14.519 -403.433 -87.514 
14.400 -403.359 -87.565 
14.331 -403.317 -87.594 
14.264 -403.277 -87.622 
14.207 -403.242 -87.646 
14.134 -403.198 -87.677 
14.054 -403.150 -87.711 
13.957 -403.093 -87.752 
13.888 -403.053 -87.781 
13.761 -402.979 -87.835 
13.664 -402.924 -87.876 
13.564 -402.868 -87.918 
13.453 -402.806 -87.965 
13.365 -402.757 -88.002 
13.297 -402.720 -88.031 
13.214 -402.675 -88.066 
13.134 -402.632 -88.099 
13.018 -402.570 -88.148 
12.924 -402.521 -88.188 
12.840 -402.477 -88.224 
12.780 -402.446 -88.249 
12.685 -402.398 -88.289 
12.595 -402.352 -88.327 
12.455 -402.283 -88.387 
12.387 -402.249 -88.415 
12.307 -402.210 -88.449 
12.228 -402.172 -88.482 
12.135 -402.127 -88.522 
12.053 -402.089 -88.556 
11.963 -402.047 -88.594 
11.885 -402.011 -88.627 
11.792 -401.968 -88.666 
11.708 -401.930 -88.702 
11.653 -401.905 -88.725 
11.580 -401.873 -88.756 
11.468 -401.824 -88.803 
11.393 -401.791 -88.835 
11.320 -401.760 -88.865 
11.179 -401.699 -88.925 
11.065 -401.652 -88.973 
10.989 -401.620 -89.005 
10.896 -401.582 -89.044 
10.817 -401.550 -89.078 
10.669 -401.491 -89.141 
10.605 -401.466 -89.168 
10.505 -401.427 -89.211 
10.442 -401.403 -89.237 
10.318 -401.355 -89.290 
10.240 -401.326 -89.323 
10.153 -401.294 -89.360 
10.086 -401.269 -89.389 
10.011 -401.241 -89.421 
9.962 -401.223 -89.442 
9.889 -401.197 -89.473 
