21.500 -475.850 -70.112 
21.499 -475.740 -70.113 
21.497 -475.626 -70.113 
21.496 -475.518 -70.114 
21.493 -475.407 -70.115 
21.491 -475.290 -70.116 
21.486 -475.130 -70.119 
21.483 -475.018 -70.120 
21.479 -474.915 -70.122 
21.476 -474.840 -70.123 
21.470 -474.697 -70.126 
21.463 -474.562 -70.129 
21.457 -474.447 -70.131 
21.449 -474.302 -70.135 
21.443 -474.212 -70.137 
21.436 -474.102 -70.140 
21.431 -474.022 -70.142 
21.426 -473.952 -70.144 
21.418 -473.842 -70.147 
21.410 -473.733 -70.150 
21.404 -473.658 -70.153 
21.394 -473.542 -70.157 
21.382 -473.396 -70.162 
21.373 -473.301 -70.165 
21.364 -473.195 -70.169 
21.352 -473.080 -70.174 
21.341 -472.970 -70.178 
21.329 -472.855 -70.183 
21.319 -472.758 -70.187 
21.307 -472.654 -70.192 
21.299 -472.576 -70.195 
21.291 -472.507 -70.198 
21.277 -472.390 -70.204 
21.262 -472.265 -70.210 
21.247 -472.148 -70.216 
21.235 -472.058 -70.220 
21.226 -471.989 -70.224 
21.210 -471.873 -70.230 
21.196 -471.773 -70.236 
21.181 -471.668 -70.242 
21.166 -471.567 -70.248 
21.150 -471.455 -70.254 
21.132 -471.340 -70.261 
21.114 -471.227 -70.268 
21.097 -471.117 -70.275 
21.080 -471.015 -70.282 
21.061 -470.898 -70.289 
21.047 -470.819 -70.295 
21.030 -470.721 -70.302 
21.009 -470.599 -70.310 
20.992 -470.505 -70.317 
20.978 -470.427 -70.323 
20.950 -470.278 -70.334 
20.927 -470.157 -70.343 
20.905 -470.044 -70.352 
20.891 -469.974 -70.358 
20.872 -469.882 -70.365 
20.856 -469.802 -70.372 
20.844 -469.745 -70.376 
20.832 -469.687 -70.381 
20.808 -469.573 -70.391 
20.782 -469.452 -70.401 
20.757 -469.337 -70.411 
20.734 -469.233 -70.420 
20.724 -469.190 -70.424 
20.703 -469.097 -70.432 
20.690 -469.038 -70.438 
20.664 -468.928 -70.448 
20.638 -468.816 -70.458 
20.600 -468.657 -70.473 
20.574 -468.548 -70.484 
20.546 -468.437 -70.494 
20.525 -468.352 -70.503 
20.498 -468.242 -70.514 
20.476 -468.159 -70.523 
20.458 -468.087 -70.530 
20.436 -468.003 -70.539 
20.406 -467.891 -70.551 
20.377 -467.779 -70.562 
20.344 -467.659 -70.575 
20.324 -467.584 -70.584 
20.300 -467.499 -70.593 
20.271 -467.394 -70.605 
20.238 -467.278 -70.618 
20.203 -467.154 -70.632 
20.171 -467.044 -70.645 
20.144 -466.953 -70.655 
20.116 -466.857 -70.667 
20.074 -466.718 -70.683 
20.049 -466.635 -70.693 
20.020 -466.541 -70.704 
19.984 -466.422 -70.719 
19.958 -466.340 -70.729 
19.926 -466.237 -70.742 
19.905 -466.171 -70.750 
19.878 -466.084 -70.761 
19.851 -466.000 -70.772 
19.828 -465.929 -70.781 
19.795 -465.828 -70.794 
19.776 -465.769 -70.801 
19.745 -465.673 -70.813 
19.708 -465.562 -70.828 
19.679 -465.474 -70.839 
19.649 -465.385 -70.851 
19.604 -465.252 -70.868 
19.579 -465.178 -70.878 
19.542 -465.069 -70.892 
19.504 -464.958 -70.906 
19.472 -464.867 -70.918 
19.434 -464.758 -70.933 
19.389 -464.628 -70.950 
19.351 -464.522 -70.965 
19.325 -464.446 -70.975 
19.283 -464.330 -70.991 
19.258 -464.260 -71.001 
19.212 -464.134 -71.018 
19.180 -464.045 -71.031 
19.139 -463.932 -71.046 
19.108 -463.848 -71.058 
19.069 -463.743 -71.072 
19.008 -463.580 -71.095 
18.965 -463.465 -71.111 
18.925 -463.359 -71.126 
18.894 -463.277 -71.137 
18.857 -463.180 -71.151 
18.806 -463.047 -71.169 
18.776 -462.968 -71.180 
18.740 -462.874 -71.193 
18.698 -462.766 -71.208 
18.675 -462.707 -71.216 
18.647 -462.634 -71.227 
18.609 -462.536 -71.240 
18.569 -462.434 -71.255 
18.534 -462.346 -71.267 
18.505 -462.273 -71.277 
18.463 -462.166 -71.292 
18.432 -462.085 -71.303 
18.398 -462.001 -71.315 
18.362 -461.910 -71.328 
18.326 -461.820 -71.341 
18.298 -461.753 -71.350 
18.252 -461.639 -71.366 
18.225 -461.570 -71.376 
18.172 -461.441 -71.394 
18.136 -461.353 -71.406 
18.101 -461.267 -71.419 
18.062 -461.174 -71.432 
18.016 -461.061 -71.447 
17.976 -460.965 -71.461 
17.952 -460.907 -71.469 
17.918 -460.825 -71.481 
17.881 -460.736 -71.493 
17.849 -460.662 -71.504 
17.803 -460.551 -71.519 
17.770 -460.475 -71.530 
17.740 -460.404 -71.540 
17.685 -460.276 -71.558 
17.637 -460.163 -71.574 
17.596 -460.068 -71.587 
17.558 -459.982 -71.599 
17.510 -459.869 -71.615 
17.484 -459.809 -71.623 
17.458 -459.749 -71.632 
17.411 -459.643 -71.646 
17.376 -459.562 -71.657 
17.329 -459.454 -71.673 
17.275 -459.332 -71.689 
17.233 -459.237 -71.703 
17.204 -459.171 -71.712 
17.171 -459.098 -71.722 
17.132 -459.011 -71.734 
17.103 -458.944 -71.743 
17.054 -458.835 -71.759 
17.010 -458.737 -71.772 
16.969 -458.646 -71.785 
16.933 -458.566 -71.796 
16.878 -458.447 -71.813 
16.839 -458.360 -71.825 
16.801 -458.277 -71.837 
16.739 -458.142 -71.856 
16.694 -458.045 -71.869 
16.635 -457.917 -71.887 
16.571 -457.780 -71.906 
16.542 -457.717 -71.915 
16.491 -457.608 -71.930 
16.456 -457.534 -71.941 
16.414 -457.445 -71.953 
16.389 -457.391 -71.961 
16.338 -457.285 -71.976 
16.310 -457.226 -71.984 
16.265 -457.132 -71.998 
16.222 -457.042 -72.010 
16.186 -456.968 -72.021 
16.146 -456.884 -72.033 
16.112 -456.813 -72.043 
16.062 -456.710 -72.057 
16.031 -456.647 -72.066 
15.976 -456.534 -72.082 
15.931 -456.443 -72.095 
15.880 -456.339 -72.110 
15.844 -456.266 -72.120 
15.786 -456.148 -72.136 
15.738 -456.051 -72.150 
15.709 -455.990 -72.159 
15.674 -455.921 -72.168 
15.643 -455.859 -72.177 
15.602 -455.775 -72.189 
15.555 -455.681 -72.202 
15.502 -455.575 -72.217 
15.449 -455.470 -72.232 
15.395 -455.362 -72.247 
15.332 -455.239 -72.264 
15.291 -455.157 -72.275 
15.243 -455.062 -72.289 
15.194 -454.965 -72.302 
15.157 -454.893 -72.312 
15.100 -454.781 -72.328 
15.046 -454.676 -72.342 
14.995 -454.577 -72.356 
14.945 -454.480 -72.370 
14.914 -454.421 -72.378 
14.861 -454.318 -72.392 
14.816 -454.230 -72.404 
14.774 -454.150 -72.415 
14.714 -454.037 -72.431 
14.667 -453.947 -72.444 
14.615 -453.847 -72.458 
14.546 -453.718 -72.475 
14.494 -453.620 -72.489 
14.440 -453.519 -72.503 
14.391 -453.426 -72.515 
14.357 -453.362 -72.524 
14.303 -453.263 -72.537 
14.252 -453.167 -72.550 
