26.388 -423.583 -82.406 
26.376 -423.460 -82.412 
26.370 -423.404 -82.415 
26.357 -423.285 -82.421 
26.349 -423.213 -82.425 
26.336 -423.102 -82.431 
26.321 -422.982 -82.438 
26.304 -422.838 -82.447 
26.293 -422.758 -82.451 
26.279 -422.651 -82.458 
26.267 -422.560 -82.464 
26.254 -422.465 -82.470 
26.241 -422.376 -82.475 
26.230 -422.299 -82.480 
26.219 -422.221 -82.485 
26.202 -422.109 -82.493 
26.179 -421.959 -82.503 
26.168 -421.885 -82.509 
26.149 -421.767 -82.517 
26.130 -421.654 -82.526 
26.104 -421.499 -82.538 
26.087 -421.400 -82.546 
26.065 -421.276 -82.556 
26.044 -421.158 -82.566 
26.028 -421.071 -82.573 
26.015 -421.003 -82.579 
25.995 -420.892 -82.588 
25.972 -420.772 -82.599 
25.952 -420.673 -82.608 
25.937 -420.600 -82.614 
25.920 -420.513 -82.622 
25.906 -420.445 -82.629 
25.883 -420.336 -82.639 
25.873 -420.289 -82.644 
25.860 -420.225 -82.650 
25.826 -420.072 -82.665 
25.811 -420.005 -82.672 
25.788 -419.899 -82.683 
25.767 -419.810 -82.693 
25.742 -419.701 -82.704 
25.724 -419.623 -82.713 
25.704 -419.537 -82.722 
25.676 -419.424 -82.735 
25.664 -419.374 -82.740 
25.648 -419.309 -82.747 
25.623 -419.211 -82.759 
25.596 -419.102 -82.771 
25.565 -418.983 -82.785 
25.540 -418.887 -82.797 
25.504 -418.751 -82.813 
25.476 -418.647 -82.826 
25.451 -418.557 -82.837 
25.435 -418.500 -82.844 
25.406 -418.397 -82.857 
25.382 -418.311 -82.868 
25.355 -418.220 -82.880 
25.335 -418.149 -82.890 
25.310 -418.066 -82.901 
25.271 -417.935 -82.918 
25.230 -417.800 -82.937 
25.207 -417.724 -82.948 
25.161 -417.578 -82.968 
25.141 -417.514 -82.978 
25.110 -417.419 -82.991 
25.083 -417.336 -83.003 
25.051 -417.236 -83.018 
25.025 -417.158 -83.030 
24.999 -417.078 -83.042 
24.967 -416.983 -83.056 
24.934 -416.886 -83.071 
24.890 -416.760 -83.091 
24.848 -416.638 -83.110 
24.806 -416.521 -83.129 
24.780 -416.446 -83.141 
24.749 -416.361 -83.155 
24.701 -416.230 -83.176 
24.665 -416.134 -83.192 
24.621 -416.016 -83.212 
24.583 -415.917 -83.229 
24.546 -415.820 -83.245 
24.500 -415.702 -83.266 
24.471 -415.627 -83.279 
24.443 -415.558 -83.291 
24.406 -415.466 -83.307 
24.355 -415.340 -83.330 
24.310 -415.231 -83.350 
24.268 -415.130 -83.368 
24.224 -415.024 -83.388 
24.182 -414.926 -83.406 
24.143 -414.834 -83.423 
24.100 -414.736 -83.442 
24.041 -414.602 -83.468 
24.012 -414.538 -83.480 
23.972 -414.449 -83.498 
23.928 -414.350 -83.517 
23.890 -414.268 -83.533 
23.850 -414.182 -83.551 
23.834 -414.148 -83.558 
23.781 -414.035 -83.581 
23.743 -413.954 -83.597 
23.704 -413.873 -83.614 
23.656 -413.774 -83.635 
23.610 -413.679 -83.655 
23.567 -413.593 -83.673 
23.521 -413.501 -83.693 
23.481 -413.421 -83.711 
23.444 -413.347 -83.727 
23.386 -413.233 -83.752 
23.348 -413.161 -83.768 
23.310 -413.088 -83.785 
23.242 -412.959 -83.814 
23.185 -412.852 -83.839 
23.166 -412.816 -83.847 
23.110 -412.712 -83.872 
23.068 -412.635 -83.890 
23.006 -412.523 -83.917 
22.971 -412.460 -83.932 
22.939 -412.403 -83.946 
22.904 -412.341 -83.961 
22.845 -412.237 -83.986 
22.775 -412.115 -84.017 
22.719 -412.018 -84.041 
22.668 -411.931 -84.064 
22.620 -411.849 -84.085 
22.579 -411.782 -84.102 
22.525 -411.692 -84.126 
22.463 -411.590 -84.153 
22.413 -411.508 -84.175 
22.365 -411.431 -84.196 
22.323 -411.363 -84.214 
22.269 -411.277 -84.238 
22.199 -411.167 -84.268 
22.129 -411.058 -84.298 
22.061 -410.952 -84.328 
21.972 -410.817 -84.367 
21.901 -410.711 -84.398 
21.864 -410.655 -84.414 
21.811 -410.576 -84.437 
21.737 -410.468 -84.468 
21.699 -410.412 -84.485 
21.640 -410.327 -84.510 
21.593 -410.261 -84.530 
21.558 -410.210 -84.545 
21.514 -410.148 -84.564 
21.478 -410.098 -84.580 
21.401 -409.990 -84.614 
21.356 -409.928 -84.633 
21.287 -409.833 -84.663 
21.250 -409.782 -84.679 
21.193 -409.704 -84.704 
21.143 -409.637 -84.725 
21.085 -409.559 -84.751 
21.030 -409.487 -84.774 
20.961 -409.396 -84.804 
20.900 -409.317 -84.830 
20.844 -409.244 -84.855 
20.778 -409.161 -84.883 
20.728 -409.097 -84.905 
20.671 -409.024 -84.929 
20.609 -408.946 -84.956 
20.556 -408.881 -84.978 
20.496 -408.807 -85.004 
20.425 -408.720 -85.035 
20.368 -408.651 -85.059 
20.336 -408.612 -85.073 
20.274 -408.538 -85.099 
20.215 -408.468 -85.125 
20.165 -408.408 -85.147 
20.119 -408.354 -85.166 
20.047 -408.271 -85.197 
19.988 -408.202 -85.223 
19.901 -408.102 -85.260 
19.827 -408.019 -85.292 
19.772 -407.957 -85.316 
19.686 -407.861 -85.353 
19.629 -407.799 -85.377 
19.562 -407.726 -85.406 
19.489 -407.646 -85.437 
19.430 -407.583 -85.463 
19.375 -407.524 -85.487 
19.291 -407.436 -85.523 
19.214 -407.354 -85.556 
19.151 -407.289 -85.583 
19.073 -407.210 -85.617 
19.000 -407.135 -85.648 
18.893 -407.027 -85.694 
18.840 -406.974 -85.717 
18.761 -406.895 -85.751 
18.692 -406.827 -85.781 
18.615 -406.752 -85.814 
18.564 -406.703 -85.836 
18.487 -406.628 -85.869 
18.404 -406.550 -85.905 
18.292 -406.444 -85.953 
18.195 -406.353 -85.995 
18.125 -406.289 -86.025 
18.071 -406.240 -86.048 
18.011 -406.185 -86.074 
17.951 -406.132 -86.100 
17.875 -406.064 -86.133 
17.785 -405.984 -86.172 
17.735 -405.940 -86.193 
17.678 -405.891 -86.218 
17.610 -405.832 -86.247 
17.535 -405.767 -86.280 
17.458 -405.702 -86.313 
17.383 -405.638 -86.345 
17.303 -405.571 -86.380 
17.226 -405.507 -86.413 
17.139 -405.435 -86.450 
17.062 -405.373 -86.483 
17.009 -405.330 -86.506 
16.919 -405.258 -86.545 
16.826 -405.183 -86.585 
16.736 -405.113 -86.624 
16.662 -405.055 -86.656 
16.558 -404.975 -86.701 
16.486 -404.920 -86.732 
16.385 -404.843 -86.775 
16.344 -404.813 -86.793 
16.262 -404.752 -86.828 
16.208 -404.712 -86.851 
16.128 -404.653 -86.886 
16.029 -404.581 -86.928 
15.935 -404.513 -86.968 
15.817 -404.429 -87.018 
15.719 -404.360 -87.061 
15.625 -404.294 -87.101 
15.539 -404.236 -87.138 
15.432 -404.163 -87.183 
15.352 -404.109 -87.218 
15.269 -404.053 -87.253 
15.172 -403.989 -87.294 
15.076 -403.926 -87.335 
15.010 -403.884 -87.363 
14.901 -403.813 -87.410 
14.758 -403.723 -87.470 
14.677 -403.672 -87.505 
14.590 -403.618 -87.542 
14.508 -403.569 -87.577 
14.433 -403.523 -87.609 
14.371 -403.486 -87.635 
14.296 -403.440 -87.667 
14.191 -403.378 -87.711 
14.118 -403.335 -87.742 
14.030 -403.284 -87.779 
13.928 -403.226 -87.823 
13.800 -403.152 -87.877 
13.700 -403.096 -87.919 
13.598 -403.039 -87.962 
13.524 -402.998 -87.994 
13.461 -402.964 -88.020 
13.403 -402.932 -88.045 
13.319 -402.886 -88.081 
13.211 -402.828 -88.127 
13.120 -402.779 -88.165 
13.071 -402.754 -88.186 
12.971 -402.701 -88.228 
12.879 -402.654 -88.268 
12.815 -402.621 -88.295 
12.746 -402.586 -88.324 
12.645 -402.535 -88.367 
12.559 -402.492 -88.404 
12.473 -402.450 -88.440 
12.384 -402.407 -88.478 
12.287 -402.359 -88.520 
12.226 -402.331 -88.546 
12.137 -402.289 -88.584 
12.060 -402.253 -88.617 
11.948 -402.201 -88.665 
11.875 -402.167 -88.697 
11.788 -402.128 -88.734 
11.687 -402.083 -88.777 
11.605 -402.047 -88.812 
11.491 -401.997 -88.861 
11.410 -401.962 -88.896 
11.306 -401.917 -88.940 
11.237 -401.889 -88.970 
11.148 -401.851 -89.008 
11.049 -401.810 -89.050 
10.958 -401.773 -89.089 
10.858 -401.733 -89.132 
10.779 -401.702 -89.165 
10.691 -401.667 -89.203 
10.603 -401.632 -89.241 
10.520 -401.601 -89.276 
10.441 -401.570 -89.310 
10.346 -401.535 -89.350 
10.264 -401.504 -89.385 
10.196 -401.479 -89.414 
10.104 -401.445 -89.454 
10.011 -401.412 -89.493 
9.936 -401.385 -89.525 
9.815 -401.342 -89.577 
9.721 -401.310 -89.617 
