24.700 -458.408 -70.112 
24.699 -458.319 -70.112 
24.698 -458.137 -70.113 
24.696 -458.030 -70.114 
24.694 -457.940 -70.115 
24.692 -457.862 -70.115 
24.691 -457.787 -70.116 
24.688 -457.679 -70.117 
24.685 -457.599 -70.118 
24.681 -457.475 -70.120 
24.677 -457.382 -70.122 
24.672 -457.252 -70.125 
24.668 -457.183 -70.126 
24.663 -457.079 -70.128 
24.656 -456.940 -70.132 
24.650 -456.850 -70.134 
24.644 -456.752 -70.137 
24.641 -456.692 -70.139 
24.634 -456.589 -70.142 
24.627 -456.494 -70.145 
24.620 -456.401 -70.148 
24.613 -456.311 -70.151 
24.607 -456.226 -70.154 
24.600 -456.145 -70.157 
24.591 -456.042 -70.161 
24.580 -455.912 -70.167 
24.571 -455.822 -70.170 
24.560 -455.707 -70.175 
24.546 -455.569 -70.182 
24.536 -455.473 -70.186 
24.526 -455.386 -70.191 
24.510 -455.243 -70.198 
24.496 -455.126 -70.205 
24.480 -454.997 -70.212 
24.465 -454.875 -70.219 
24.450 -454.760 -70.226 
24.439 -454.679 -70.231 
24.419 -454.535 -70.240 
24.397 -454.382 -70.250 
24.382 -454.282 -70.256 
24.360 -454.139 -70.266 
24.345 -454.048 -70.273 
24.335 -453.981 -70.278 
24.310 -453.831 -70.289 
24.286 -453.689 -70.299 
24.267 -453.583 -70.308 
24.249 -453.481 -70.316 
24.231 -453.381 -70.324 
24.214 -453.286 -70.332 
24.189 -453.158 -70.343 
24.159 -453.002 -70.357 
24.142 -452.915 -70.365 
24.121 -452.816 -70.374 
24.098 -452.700 -70.385 
24.084 -452.634 -70.391 
24.057 -452.508 -70.403 
24.037 -452.417 -70.412 
24.022 -452.350 -70.418 
24.001 -452.254 -70.428 
23.975 -452.142 -70.439 
23.945 -452.013 -70.453 
23.930 -451.947 -70.460 
23.909 -451.861 -70.469 
23.880 -451.740 -70.482 
23.855 -451.638 -70.493 
23.830 -451.539 -70.504 
23.810 -451.461 -70.513 
23.783 -451.357 -70.525 
23.757 -451.260 -70.536 
23.739 -451.190 -70.545 
23.708 -451.077 -70.558 
23.675 -450.956 -70.573 
23.652 -450.873 -70.583 
23.630 -450.795 -70.593 
23.591 -450.658 -70.610 
23.560 -450.551 -70.624 
23.538 -450.477 -70.633 
23.514 -450.396 -70.644 
23.493 -450.327 -70.653 
23.468 -450.243 -70.664 
23.439 -450.151 -70.676 
23.409 -450.053 -70.690 
23.394 -450.007 -70.696 
23.360 -449.898 -70.711 
23.332 -449.811 -70.723 
23.307 -449.735 -70.734 
23.274 -449.635 -70.748 
23.240 -449.532 -70.763 
23.213 -449.452 -70.774 
23.192 -449.390 -70.783 
23.163 -449.306 -70.796 
23.135 -449.226 -70.808 
23.092 -449.105 -70.826 
23.067 -449.033 -70.837 
23.033 -448.938 -70.852 
23.004 -448.858 -70.864 
22.960 -448.737 -70.883 
22.926 -448.646 -70.898 
22.873 -448.506 -70.921 
22.838 -448.413 -70.936 
22.802 -448.321 -70.951 
22.763 -448.221 -70.968 
22.740 -448.164 -70.978 
22.710 -448.087 -70.991 
22.682 -448.017 -71.003 
22.622 -447.869 -71.029 
22.592 -447.795 -71.042 
22.550 -447.694 -71.059 
22.505 -447.584 -71.079 
22.476 -447.516 -71.091 
22.439 -447.427 -71.107 
22.394 -447.322 -71.127 
22.362 -447.248 -71.140 
22.325 -447.162 -71.156 
22.285 -447.070 -71.174 
22.242 -446.972 -71.192 
22.210 -446.900 -71.206 
22.173 -446.818 -71.222 
22.120 -446.700 -71.245 
22.054 -446.556 -71.273 
22.016 -446.473 -71.289 
21.966 -446.366 -71.311 
21.922 -446.273 -71.329 
21.899 -446.224 -71.339 
21.843 -446.108 -71.363 
21.771 -445.960 -71.394 
21.722 -445.860 -71.414 
21.664 -445.741 -71.439 
21.613 -445.640 -71.461 
21.563 -445.540 -71.483 
21.505 -445.427 -71.507 
21.460 -445.339 -71.526 
21.395 -445.214 -71.554 
21.348 -445.125 -71.574 
21.291 -445.017 -71.598 
21.245 -444.931 -71.617 
21.181 -444.813 -71.644 
21.145 -444.747 -71.659 
21.084 -444.636 -71.685 
21.041 -444.559 -71.703 
20.993 -444.472 -71.723 
20.940 -444.378 -71.745 
20.900 -444.306 -71.762 
20.850 -444.218 -71.783 
20.815 -444.156 -71.797 
20.769 -444.075 -71.817 
20.708 -443.970 -71.842 
20.635 -443.844 -71.872 
20.588 -443.763 -71.892 
20.561 -443.716 -71.903 
20.539 -443.680 -71.912 
20.465 -443.553 -71.943 
20.391 -443.429 -71.973 
20.313 -443.300 -72.005 
20.271 -443.230 -72.023 
20.232 -443.166 -72.039 
20.191 -443.099 -72.056 
20.123 -442.987 -72.084 
20.062 -442.888 -72.110 
20.008 -442.800 -72.132 
19.984 -442.761 -72.142 
19.909 -442.641 -72.173 
19.838 -442.529 -72.202 
19.783 -442.442 -72.225 
19.714 -442.333 -72.253 
19.673 -442.269 -72.270 
19.642 -442.222 -72.283 
19.553 -442.083 -72.319 
19.472 -441.960 -72.352 
19.418 -441.877 -72.374 
19.382 -441.822 -72.388 
19.339 -441.758 -72.406 
19.270 -441.653 -72.434 
19.223 -441.584 -72.453 
19.181 -441.521 -72.470 
19.121 -441.433 -72.494 
19.048 -441.326 -72.523 
18.990 -441.241 -72.546 
18.931 -441.155 -72.570 
18.873 -441.071 -72.593 
18.809 -440.979 -72.619 
18.743 -440.885 -72.646 
18.694 -440.816 -72.665 
18.623 -440.716 -72.693 
18.545 -440.607 -72.724 
18.493 -440.534 -72.745 
18.427 -440.442 -72.771 
18.370 -440.363 -72.793 
18.329 -440.306 -72.810 
18.279 -440.239 -72.829 
18.208 -440.142 -72.857 
18.159 -440.075 -72.876 
18.100 -439.996 -72.899 
18.009 -439.875 -72.935 
17.932 -439.772 -72.965 
17.876 -439.699 -72.987 
17.817 -439.621 -73.010 
17.731 -439.510 -73.044 
17.683 -439.447 -73.063 
17.627 -439.375 -73.084 
17.563 -439.293 -73.109 
17.528 -439.249 -73.123 
17.464 -439.168 -73.148 
17.377 -439.057 -73.181 
17.322 -438.988 -73.202 
17.248 -438.894 -73.231 
17.180 -438.810 -73.257 
17.148 -438.770 -73.269 
17.077 -438.681 -73.297 
17.014 -438.603 -73.321 
16.938 -438.508 -73.350 
16.879 -438.436 -73.372 
16.837 -438.385 -73.388 
16.780 -438.314 -73.410 
16.733 -438.257 -73.428 
16.671 -438.181 -73.452 
16.596 -438.090 -73.480 
16.543 -438.026 -73.500 
16.461 -437.927 -73.532 
16.382 -437.831 -73.562 
16.298 -437.730 -73.594 
16.245 -437.667 -73.613 
16.181 -437.590 -73.638 
16.109 -437.504 -73.665 
16.035 -437.416 -73.693 
15.998 -437.373 -73.707 
15.928 -437.289 -73.733 
15.872 -437.224 -73.754 
15.808 -437.149 -73.778 
15.761 -437.092 -73.796 
15.700 -437.021 -73.819 
15.609 -436.914 -73.853 
15.567 -436.866 -73.868 
15.495 -436.782 -73.895 
15.427 -436.704 -73.920 
15.375 -436.643 -73.939 
15.308 -436.566 -73.964 
15.248 -436.497 -73.986 
15.167 -436.404 -74.016 
15.096 -436.323 -74.042 
15.040 -436.258 -74.063 
14.959 -436.167 -74.092 
14.893 -436.091 -74.117 
14.830 -436.020 -74.140 
14.793 -435.978 -74.153 
14.695 -435.867 -74.189 
14.609 -435.770 -74.221 
14.530 -435.681 -74.250 
