26.391 -423.608 -82.405 
26.380 -423.501 -82.410 
26.369 -423.391 -82.416 
26.358 -423.295 -82.421 
26.349 -423.217 -82.425 
26.338 -423.118 -82.431 
26.328 -423.030 -82.436 
26.311 -422.895 -82.444 
26.295 -422.760 -82.452 
26.281 -422.656 -82.459 
26.264 -422.528 -82.467 
26.250 -422.422 -82.474 
26.238 -422.335 -82.480 
26.222 -422.220 -82.487 
26.208 -422.124 -82.494 
26.191 -422.009 -82.502 
26.180 -421.938 -82.507 
26.171 -421.878 -82.511 
26.154 -421.774 -82.519 
26.140 -421.682 -82.526 
26.115 -421.534 -82.537 
26.099 -421.441 -82.545 
26.083 -421.346 -82.552 
26.069 -421.266 -82.559 
26.052 -421.169 -82.567 
26.029 -421.044 -82.577 
26.011 -420.944 -82.586 
25.989 -420.828 -82.596 
25.969 -420.726 -82.605 
25.955 -420.653 -82.611 
25.936 -420.559 -82.620 
25.922 -420.491 -82.626 
25.893 -420.348 -82.639 
25.868 -420.233 -82.651 
25.851 -420.150 -82.659 
25.833 -420.070 -82.667 
25.806 -419.946 -82.679 
25.787 -419.863 -82.688 
25.772 -419.796 -82.695 
25.755 -419.725 -82.702 
25.728 -419.609 -82.714 
25.703 -419.506 -82.725 
25.679 -419.408 -82.736 
25.654 -419.306 -82.747 
25.625 -419.190 -82.760 
25.601 -419.095 -82.771 
25.579 -419.009 -82.781 
25.549 -418.894 -82.795 
25.506 -418.734 -82.814 
25.463 -418.579 -82.833 
25.438 -418.488 -82.844 
25.406 -418.376 -82.858 
25.379 -418.281 -82.870 
25.335 -418.131 -82.890 
25.317 -418.069 -82.898 
25.293 -417.991 -82.909 
25.272 -417.920 -82.919 
25.249 -417.845 -82.929 
25.216 -417.737 -82.944 
25.185 -417.640 -82.957 
25.165 -417.577 -82.966 
25.137 -417.489 -82.979 
25.107 -417.395 -82.992 
25.083 -417.322 -83.003 
25.038 -417.184 -83.023 
24.991 -417.046 -83.043 
24.962 -416.961 -83.056 
24.930 -416.868 -83.070 
24.904 -416.792 -83.082 
24.863 -416.675 -83.100 
24.823 -416.564 -83.117 
24.799 -416.495 -83.128 
24.756 -416.377 -83.146 
24.720 -416.278 -83.162 
24.668 -416.141 -83.184 
24.634 -416.049 -83.199 
24.599 -415.957 -83.214 
24.548 -415.826 -83.236 
24.507 -415.721 -83.254 
24.474 -415.637 -83.268 
24.435 -415.539 -83.285 
24.390 -415.428 -83.304 
24.358 -415.349 -83.318 
24.320 -415.255 -83.334 
24.295 -415.195 -83.345 
24.265 -415.125 -83.358 
24.229 -415.038 -83.373 
24.183 -414.932 -83.393 
24.160 -414.878 -83.403 
24.103 -414.746 -83.427 
24.070 -414.670 -83.442 
24.029 -414.578 -83.459 
24.000 -414.513 -83.472 
23.950 -414.402 -83.493 
23.924 -414.345 -83.504 
23.893 -414.278 -83.517 
23.848 -414.180 -83.536 
23.798 -414.073 -83.558 
23.741 -413.953 -83.582 
23.698 -413.864 -83.600 
23.669 -413.804 -83.612 
23.636 -413.735 -83.627 
23.581 -413.622 -83.650 
23.544 -413.547 -83.666 
23.490 -413.439 -83.689 
23.439 -413.339 -83.710 
23.407 -413.275 -83.724 
23.358 -413.180 -83.745 
23.322 -413.111 -83.760 
23.275 -413.021 -83.780 
23.215 -412.907 -83.805 
23.158 -412.799 -83.829 
23.102 -412.696 -83.853 
23.068 -412.635 -83.867 
23.000 -412.511 -83.895 
22.959 -412.436 -83.913 
22.913 -412.355 -83.932 
22.847 -412.237 -83.960 
22.803 -412.160 -83.979 
22.767 -412.098 -83.994 
22.716 -412.010 -84.015 
22.650 -411.897 -84.043 
22.580 -411.780 -84.072 
22.521 -411.680 -84.097 
22.452 -411.566 -84.126 
22.408 -411.494 -84.145 
22.369 -411.430 -84.161 
22.327 -411.363 -84.179 
22.279 -411.285 -84.199 
22.235 -411.215 -84.218 
22.193 -411.149 -84.235 
22.146 -411.074 -84.255 
22.097 -410.999 -84.275 
22.041 -410.912 -84.299 
21.986 -410.828 -84.322 
21.927 -410.738 -84.347 
21.875 -410.660 -84.368 
21.825 -410.584 -84.389 
21.744 -410.464 -84.423 
21.677 -410.366 -84.451 
21.610 -410.269 -84.479 
21.565 -410.204 -84.498 
21.524 -410.147 -84.515 
21.438 -410.024 -84.551 
21.392 -409.959 -84.570 
21.351 -409.902 -84.587 
21.272 -409.793 -84.621 
21.204 -409.699 -84.649 
21.149 -409.625 -84.672 
21.104 -409.564 -84.691 
21.037 -409.475 -84.719 
20.963 -409.377 -84.750 
20.922 -409.322 -84.768 
20.870 -409.255 -84.789 
20.834 -409.208 -84.805 
20.780 -409.138 -84.827 
20.732 -409.076 -84.848 
20.653 -408.976 -84.880 
20.602 -408.912 -84.902 
20.539 -408.833 -84.928 
20.478 -408.758 -84.954 
20.390 -408.649 -84.991 
20.344 -408.593 -85.010 
20.278 -408.514 -85.037 
20.229 -408.455 -85.057 
20.158 -408.369 -85.087 
20.100 -408.301 -85.111 
20.050 -408.243 -85.132 
20.000 -408.184 -85.153 
19.949 -408.125 -85.174 
19.871 -408.035 -85.207 
19.812 -407.967 -85.231 
19.765 -407.914 -85.251 
19.704 -407.846 -85.276 
19.636 -407.769 -85.305 
19.559 -407.684 -85.337 
19.512 -407.632 -85.357 
19.439 -407.553 -85.387 
19.341 -407.446 -85.428 
19.265 -407.365 -85.460 
19.219 -407.316 -85.479 
19.146 -407.240 -85.510 
19.066 -407.156 -85.543 
19.012 -407.100 -85.566 
18.930 -407.016 -85.600 
18.855 -406.941 -85.631 
18.753 -406.838 -85.675 
18.640 -406.726 -85.722 
18.577 -406.664 -85.748 
18.479 -406.570 -85.789 
18.415 -406.508 -85.816 
18.354 -406.450 -85.842 
18.291 -406.390 -85.868 
18.209 -406.314 -85.903 
18.139 -406.248 -85.932 
18.047 -406.164 -85.970 
17.966 -406.090 -86.004 
17.881 -406.012 -86.040 
17.797 -405.937 -86.075 
17.741 -405.887 -86.099 
17.671 -405.825 -86.128 
17.573 -405.740 -86.170 
17.495 -405.672 -86.202 
17.375 -405.570 -86.253 
17.302 -405.508 -86.283 
17.238 -405.454 -86.310 
17.164 -405.393 -86.341 
17.093 -405.335 -86.371 
16.978 -405.241 -86.419 
16.902 -405.180 -86.451 
16.848 -405.136 -86.474 
16.737 -405.048 -86.520 
16.670 -404.995 -86.549 
16.602 -404.943 -86.577 
16.498 -404.862 -86.621 
16.441 -404.819 -86.645 
16.358 -404.756 -86.680 
16.179 -404.622 -86.755 
16.108 -404.570 -86.785 
16.024 -404.508 -86.820 
15.946 -404.451 -86.853 
15.885 -404.407 -86.879 
15.832 -404.369 -86.901 
15.740 -404.303 -86.940 
15.643 -404.235 -86.981 
15.553 -404.173 -87.019 
15.457 -404.107 -87.059 
15.386 -404.058 -87.090 
15.306 -404.004 -87.123 
15.202 -403.934 -87.167 
15.098 -403.865 -87.211 
15.034 -403.823 -87.237 
14.920 -403.748 -87.286 
14.824 -403.686 -87.326 
14.739 -403.632 -87.361 
14.675 -403.592 -87.388 
14.596 -403.542 -87.421 
14.531 -403.501 -87.449 
14.432 -403.440 -87.490 
14.349 -403.389 -87.525 
14.294 -403.355 -87.548 
14.204 -403.302 -87.585 
14.128 -403.257 -87.617 
14.066 -403.220 -87.643 
14.006 -403.184 -87.668 
13.937 -403.144 -87.697 
13.836 -403.086 -87.739 
13.756 -403.040 -87.772 
13.686 -402.999 -87.801 
13.591 -402.946 -87.841 
13.490 -402.889 -87.882 
13.429 -402.855 -87.908 
13.341 -402.807 -87.945 
13.250 -402.757 -87.983 
13.157 -402.706 -88.021 
13.052 -402.651 -88.065 
12.975 -402.610 -88.097 
12.884 -402.562 -88.134 
12.808 -402.523 -88.166 
12.723 -402.479 -88.201 
12.620 -402.427 -88.244 
12.522 -402.378 -88.284 
12.406 -402.320 -88.332 
12.321 -402.278 -88.367 
12.259 -402.248 -88.393 
12.161 -402.201 -88.433 
12.079 -402.161 -88.467 
11.970 -402.110 -88.512 
11.885 -402.070 -88.547 
11.789 -402.026 -88.587 
11.688 -401.980 -88.629 
11.568 -401.927 -88.678 
11.496 -401.895 -88.708 
11.394 -401.850 -88.751 
11.280 -401.801 -88.798 
11.192 -401.763 -88.835 
11.089 -401.720 -88.877 
11.011 -401.687 -88.909 
10.929 -401.653 -88.943 
10.818 -401.608 -88.989 
10.694 -401.557 -89.041 
10.622 -401.529 -89.070 
10.563 -401.505 -89.095 
10.470 -401.469 -89.133 
10.385 -401.436 -89.169 
10.299 -401.403 -89.204 
10.195 -401.364 -89.247 
10.102 -401.329 -89.286 
