24.700 -458.430 -70.112 
24.700 -458.361 -70.112 
24.699 -458.246 -70.112 
24.698 -458.127 -70.113 
24.696 -458.049 -70.114 
24.695 -457.942 -70.115 
24.692 -457.814 -70.116 
24.690 -457.733 -70.117 
24.686 -457.605 -70.119 
24.682 -457.488 -70.120 
24.679 -457.393 -70.122 
24.674 -457.271 -70.124 
24.669 -457.159 -70.126 
24.664 -457.065 -70.128 
24.661 -457.003 -70.129 
24.655 -456.891 -70.132 
24.647 -456.762 -70.135 
24.643 -456.685 -70.137 
24.635 -456.577 -70.140 
24.627 -456.453 -70.144 
24.620 -456.355 -70.147 
24.615 -456.288 -70.149 
24.603 -456.141 -70.154 
24.595 -456.045 -70.157 
24.586 -455.942 -70.161 
24.578 -455.859 -70.164 
24.569 -455.760 -70.168 
24.555 -455.614 -70.174 
24.546 -455.525 -70.178 
24.537 -455.441 -70.182 
24.528 -455.360 -70.185 
24.521 -455.292 -70.188 
24.508 -455.178 -70.194 
24.501 -455.121 -70.197 
24.488 -455.010 -70.203 
24.479 -454.935 -70.207 
24.464 -454.820 -70.213 
24.441 -454.643 -70.223 
24.429 -454.557 -70.228 
24.416 -454.465 -70.234 
24.404 -454.382 -70.239 
24.386 -454.262 -70.246 
24.363 -454.113 -70.256 
24.351 -454.032 -70.261 
24.340 -453.965 -70.266 
24.326 -453.878 -70.272 
24.307 -453.766 -70.280 
24.288 -453.656 -70.287 
24.265 -453.522 -70.297 
24.244 -453.404 -70.306 
24.225 -453.304 -70.314 
24.208 -453.211 -70.321 
24.184 -453.086 -70.331 
24.169 -453.008 -70.338 
24.152 -452.922 -70.345 
24.132 -452.826 -70.353 
24.103 -452.686 -70.366 
24.078 -452.567 -70.376 
24.055 -452.458 -70.386 
24.040 -452.394 -70.393 
24.024 -452.319 -70.399 
23.993 -452.184 -70.412 
23.976 -452.108 -70.420 
23.953 -452.011 -70.430 
23.919 -451.871 -70.444 
23.894 -451.767 -70.455 
23.858 -451.620 -70.471 
23.827 -451.499 -70.484 
23.800 -451.393 -70.495 
23.775 -451.300 -70.506 
23.744 -451.182 -70.519 
23.721 -451.096 -70.529 
23.684 -450.962 -70.544 
23.662 -450.884 -70.553 
23.635 -450.789 -70.564 
23.596 -450.654 -70.580 
23.568 -450.558 -70.592 
23.540 -450.463 -70.604 
23.508 -450.356 -70.617 
23.492 -450.306 -70.624 
23.453 -450.178 -70.640 
23.430 -450.106 -70.649 
23.394 -449.990 -70.665 
23.359 -449.881 -70.679 
23.313 -449.740 -70.698 
23.270 -449.612 -70.716 
23.238 -449.515 -70.730 
23.212 -449.438 -70.740 
23.181 -449.348 -70.753 
23.139 -449.228 -70.770 
23.105 -449.132 -70.784 
23.079 -449.059 -70.795 
23.053 -448.985 -70.806 
23.024 -448.904 -70.818 
22.980 -448.786 -70.836 
22.939 -448.675 -70.853 
22.911 -448.600 -70.864 
22.892 -448.550 -70.872 
22.843 -448.421 -70.892 
22.795 -448.298 -70.911 
22.765 -448.221 -70.924 
22.722 -448.113 -70.941 
22.690 -448.033 -70.954 
22.658 -447.953 -70.967 
22.620 -447.859 -70.983 
22.568 -447.734 -71.003 
22.525 -447.630 -71.021 
22.483 -447.531 -71.038 
22.437 -447.422 -71.057 
22.394 -447.322 -71.074 
22.364 -447.251 -71.087 
22.310 -447.129 -71.108 
22.269 -447.034 -71.125 
22.214 -446.910 -71.148 
22.166 -446.805 -71.167 
22.112 -446.685 -71.189 
22.079 -446.613 -71.203 
22.023 -446.492 -71.226 
21.987 -446.416 -71.241 
21.940 -446.319 -71.259 
21.902 -446.238 -71.275 
21.845 -446.120 -71.298 
21.807 -446.041 -71.314 
21.758 -445.942 -71.334 
21.726 -445.879 -71.346 
21.677 -445.780 -71.367 
21.638 -445.701 -71.383 
21.591 -445.608 -71.402 
21.538 -445.506 -71.423 
21.474 -445.381 -71.450 
21.424 -445.284 -71.470 
21.364 -445.170 -71.495 
21.324 -445.095 -71.511 
21.291 -445.033 -71.525 
21.241 -444.940 -71.545 
21.193 -444.852 -71.565 
21.148 -444.770 -71.583 
21.093 -444.669 -71.606 
21.039 -444.572 -71.628 
20.987 -444.478 -71.649 
20.939 -444.394 -71.668 
20.893 -444.313 -71.687 
20.825 -444.193 -71.715 
20.772 -444.100 -71.737 
20.724 -444.017 -71.756 
20.651 -443.890 -71.786 
20.604 -443.810 -71.805 
20.560 -443.735 -71.823 
20.512 -443.654 -71.842 
20.450 -443.549 -71.867 
20.390 -443.448 -71.892 
20.317 -443.327 -71.921 
20.273 -443.253 -71.939 
20.216 -443.160 -71.962 
20.166 -443.079 -71.982 
20.104 -442.977 -72.007 
20.040 -442.875 -72.032 
19.994 -442.799 -72.051 
19.930 -442.698 -72.076 
19.886 -442.627 -72.093 
19.825 -442.532 -72.118 
19.775 -442.452 -72.138 
19.741 -442.399 -72.151 
19.694 -442.326 -72.170 
19.656 -442.266 -72.185 
19.587 -442.159 -72.212 
19.522 -442.060 -72.238 
19.472 -441.984 -72.258 
19.413 -441.895 -72.281 
19.365 -441.822 -72.300 
19.300 -441.725 -72.325 
19.233 -441.624 -72.352 
19.181 -441.549 -72.373 
19.118 -441.455 -72.398 
19.057 -441.366 -72.422 
18.982 -441.256 -72.451 
18.954 -441.216 -72.462 
18.905 -441.144 -72.481 
18.824 -441.029 -72.513 
18.797 -440.991 -72.524 
18.723 -440.885 -72.553 
18.648 -440.780 -72.582 
18.579 -440.684 -72.609 
18.536 -440.624 -72.626 
18.483 -440.550 -72.647 
18.432 -440.480 -72.667 
18.372 -440.398 -72.690 
18.310 -440.314 -72.714 
18.255 -440.239 -72.735 
18.172 -440.126 -72.768 
18.121 -440.058 -72.788 
18.073 -439.994 -72.806 
17.978 -439.868 -72.843 
17.927 -439.800 -72.863 
17.875 -439.732 -72.883 
17.813 -439.650 -72.907 
17.753 -439.573 -72.931 
17.685 -439.485 -72.957 
17.609 -439.387 -72.987 
17.503 -439.250 -73.028 
17.443 -439.174 -73.052 
17.393 -439.111 -73.071 
17.339 -439.042 -73.092 
17.276 -438.963 -73.117 
17.199 -438.866 -73.147 
17.126 -438.775 -73.175 
17.069 -438.704 -73.198 
16.995 -438.611 -73.227 
16.932 -438.533 -73.251 
16.872 -438.460 -73.274 
16.777 -438.343 -73.311 
16.728 -438.282 -73.330 
16.664 -438.204 -73.355 
16.614 -438.143 -73.374 
16.566 -438.084 -73.393 
16.525 -438.034 -73.409 
16.462 -437.958 -73.432 
16.421 -437.909 -73.448 
16.371 -437.848 -73.468 
16.305 -437.768 -73.493 
16.228 -437.676 -73.522 
16.137 -437.568 -73.557 
16.077 -437.496 -73.580 
16.016 -437.424 -73.603 
15.933 -437.326 -73.634 
15.881 -437.264 -73.654 
15.803 -437.173 -73.683 
15.711 -437.066 -73.718 
15.656 -437.002 -73.739 
15.598 -436.934 -73.761 
15.542 -436.869 -73.781 
15.461 -436.776 -73.812 
15.414 -436.721 -73.829 
15.352 -436.650 -73.853 
15.293 -436.582 -73.875 
15.253 -436.536 -73.890 
15.161 -436.431 -73.924 
15.076 -436.335 -73.955 
15.028 -436.279 -73.973 
14.988 -436.234 -73.988 
14.926 -436.164 -74.011 
14.881 -436.113 -74.027 
14.819 -436.043 -74.051 
14.747 -435.961 -74.077 
14.672 -435.877 -74.105 
14.598 -435.794 -74.132 
