24.700 -458.380 -70.112 
24.699 -458.306 -70.112 
24.698 -458.193 -70.113 
24.696 -458.070 -70.113 
24.693 -457.910 -70.115 
24.691 -457.799 -70.116 
24.688 -457.721 -70.117 
24.686 -457.626 -70.118 
24.681 -457.488 -70.120 
24.678 -457.405 -70.122 
24.673 -457.287 -70.124 
24.667 -457.175 -70.126 
24.661 -457.044 -70.129 
24.654 -456.932 -70.132 
24.649 -456.836 -70.134 
24.642 -456.729 -70.137 
24.632 -456.577 -70.142 
24.623 -456.455 -70.146 
24.615 -456.353 -70.149 
24.606 -456.238 -70.153 
24.595 -456.111 -70.158 
24.585 -455.996 -70.162 
24.575 -455.892 -70.167 
24.561 -455.755 -70.172 
24.555 -455.690 -70.175 
24.543 -455.580 -70.180 
24.536 -455.511 -70.183 
24.525 -455.418 -70.188 
24.508 -455.266 -70.195 
24.494 -455.148 -70.201 
24.477 -455.017 -70.209 
24.467 -454.942 -70.213 
24.452 -454.828 -70.219 
24.439 -454.734 -70.225 
24.428 -454.649 -70.230 
24.415 -454.565 -70.235 
24.400 -454.459 -70.242 
24.379 -454.324 -70.251 
24.366 -454.241 -70.256 
24.345 -454.106 -70.265 
24.327 -453.995 -70.273 
24.302 -453.851 -70.284 
24.288 -453.767 -70.290 
24.276 -453.704 -70.294 
24.258 -453.601 -70.302 
24.244 -453.525 -70.308 
24.221 -453.403 -70.317 
24.207 -453.327 -70.324 
24.193 -453.255 -70.330 
24.179 -453.185 -70.335 
24.159 -453.083 -70.344 
24.146 -453.020 -70.349 
24.135 -452.967 -70.354 
24.110 -452.847 -70.365 
24.085 -452.733 -70.375 
24.056 -452.598 -70.388 
24.034 -452.496 -70.397 
24.009 -452.388 -70.408 
23.989 -452.301 -70.417 
23.956 -452.160 -70.431 
23.924 -452.029 -70.444 
23.898 -451.921 -70.455 
23.869 -451.804 -70.468 
23.847 -451.718 -70.477 
23.826 -451.635 -70.486 
23.802 -451.544 -70.495 
23.775 -451.441 -70.507 
23.743 -451.321 -70.520 
23.721 -451.240 -70.530 
23.690 -451.128 -70.543 
23.659 -451.017 -70.556 
23.629 -450.910 -70.568 
23.597 -450.800 -70.582 
23.565 -450.688 -70.596 
23.538 -450.599 -70.607 
23.514 -450.520 -70.617 
23.489 -450.436 -70.628 
23.459 -450.340 -70.641 
23.423 -450.223 -70.656 
23.383 -450.097 -70.673 
23.342 -449.971 -70.690 
23.328 -449.928 -70.696 
23.293 -449.821 -70.711 
23.258 -449.715 -70.727 
23.212 -449.579 -70.746 
23.175 -449.472 -70.762 
23.133 -449.351 -70.780 
23.104 -449.269 -70.793 
23.071 -449.175 -70.807 
23.035 -449.073 -70.823 
23.003 -448.986 -70.837 
22.973 -448.906 -70.850 
22.942 -448.821 -70.864 
22.887 -448.675 -70.888 
22.850 -448.576 -70.904 
22.809 -448.471 -70.921 
22.759 -448.343 -70.943 
22.730 -448.269 -70.955 
22.691 -448.171 -70.972 
22.657 -448.086 -70.987 
22.630 -448.019 -70.999 
22.587 -447.915 -71.017 
22.555 -447.836 -71.031 
22.510 -447.730 -71.050 
22.480 -447.658 -71.063 
22.440 -447.563 -71.080 
22.417 -447.508 -71.090 
22.387 -447.439 -71.103 
22.328 -447.304 -71.128 
22.278 -447.190 -71.150 
22.240 -447.104 -71.166 
22.215 -447.049 -71.176 
22.163 -446.934 -71.198 
22.117 -446.833 -71.218 
22.083 -446.759 -71.232 
22.052 -446.692 -71.246 
22.002 -446.586 -71.267 
21.938 -446.451 -71.294 
21.899 -446.369 -71.311 
21.867 -446.302 -71.325 
21.802 -446.169 -71.352 
21.753 -446.070 -71.373 
21.704 -445.972 -71.394 
21.658 -445.881 -71.413 
21.601 -445.767 -71.438 
21.521 -445.613 -71.471 
21.477 -445.527 -71.490 
21.429 -445.435 -71.511 
21.394 -445.369 -71.525 
21.352 -445.291 -71.543 
21.292 -445.179 -71.568 
21.238 -445.079 -71.591 
21.164 -444.944 -71.623 
21.131 -444.884 -71.637 
21.070 -444.775 -71.662 
21.004 -444.657 -71.690 
20.958 -444.575 -71.709 
20.918 -444.505 -71.726 
20.857 -444.398 -71.751 
20.812 -444.320 -71.770 
20.753 -444.219 -71.795 
20.720 -444.161 -71.809 
20.658 -444.054 -71.835 
20.620 -443.991 -71.850 
20.536 -443.849 -71.886 
20.501 -443.790 -71.900 
20.464 -443.728 -71.916 
20.395 -443.613 -71.944 
20.353 -443.545 -71.961 
20.307 -443.469 -71.981 
20.244 -443.367 -72.007 
20.192 -443.282 -72.028 
20.130 -443.183 -72.054 
20.090 -443.119 -72.070 
20.034 -443.029 -72.093 
20.002 -442.978 -72.107 
19.966 -442.921 -72.122 
19.903 -442.821 -72.148 
19.845 -442.731 -72.171 
19.803 -442.665 -72.188 
19.754 -442.590 -72.208 
19.675 -442.467 -72.241 
19.626 -442.392 -72.260 
19.557 -442.287 -72.289 
19.506 -442.209 -72.310 
19.460 -442.140 -72.328 
19.407 -442.060 -72.350 
19.341 -441.961 -72.377 
19.274 -441.861 -72.404 
19.218 -441.779 -72.427 
19.160 -441.694 -72.450 
19.083 -441.582 -72.482 
18.989 -441.446 -72.520 
18.913 -441.337 -72.550 
18.841 -441.235 -72.579 
18.776 -441.143 -72.606 
18.708 -441.048 -72.633 
18.658 -440.977 -72.654 
18.580 -440.870 -72.685 
18.512 -440.776 -72.712 
18.442 -440.681 -72.740 
18.392 -440.613 -72.760 
18.331 -440.531 -72.785 
18.251 -440.423 -72.817 
18.177 -440.325 -72.846 
18.112 -440.238 -72.872 
18.053 -440.160 -72.896 
18.003 -440.095 -72.915 
17.930 -439.999 -72.945 
17.858 -439.906 -72.973 
17.809 -439.842 -72.993 
17.766 -439.787 -73.010 
17.699 -439.701 -73.037 
17.642 -439.628 -73.059 
17.559 -439.524 -73.092 
17.477 -439.420 -73.124 
17.399 -439.323 -73.155 
17.351 -439.262 -73.174 
17.272 -439.165 -73.205 
17.199 -439.075 -73.234 
17.108 -438.963 -73.269 
17.043 -438.883 -73.295 
16.978 -438.803 -73.321 
16.930 -438.746 -73.339 
16.873 -438.677 -73.361 
16.817 -438.609 -73.384 
16.762 -438.542 -73.405 
16.675 -438.437 -73.439 
16.614 -438.365 -73.463 
16.542 -438.278 -73.491 
16.496 -438.224 -73.509 
16.418 -438.131 -73.539 
16.358 -438.061 -73.562 
16.286 -437.975 -73.590 
16.216 -437.893 -73.617 
16.149 -437.814 -73.642 
16.057 -437.707 -73.677 
15.990 -437.630 -73.702 
15.949 -437.582 -73.718 
15.877 -437.498 -73.745 
15.819 -437.431 -73.767 
15.761 -437.365 -73.789 
15.692 -437.286 -73.815 
15.655 -437.243 -73.829 
15.557 -437.131 -73.866 
15.483 -437.046 -73.894 
15.406 -436.959 -73.922 
15.329 -436.871 -73.951 
15.258 -436.792 -73.978 
15.180 -436.705 -74.006 
15.109 -436.625 -74.033 
15.071 -436.583 -74.047 
14.994 -436.497 -74.075 
14.905 -436.397 -74.108 
14.845 -436.330 -74.130 
14.777 -436.255 -74.155 
14.727 -436.200 -74.173 
14.671 -436.138 -74.194 
14.588 -436.047 -74.225 
14.515 -435.967 -74.251 
