26.393 -423.626 -82.404 
26.380 -423.496 -82.410 
26.372 -423.422 -82.414 
26.365 -423.355 -82.418 
26.351 -423.232 -82.424 
26.339 -423.130 -82.430 
26.323 -422.992 -82.438 
26.313 -422.913 -82.442 
26.303 -422.833 -82.447 
26.291 -422.734 -82.453 
26.281 -422.659 -82.458 
26.263 -422.530 -82.466 
26.247 -422.413 -82.473 
26.230 -422.295 -82.481 
26.212 -422.173 -82.490 
26.202 -422.104 -82.495 
26.191 -422.031 -82.500 
26.179 -421.956 -82.505 
26.165 -421.863 -82.512 
26.151 -421.776 -82.518 
26.131 -421.659 -82.527 
26.112 -421.543 -82.536 
26.099 -421.470 -82.541 
26.084 -421.383 -82.548 
26.071 -421.310 -82.554 
26.046 -421.169 -82.566 
26.025 -421.058 -82.575 
26.015 -421.006 -82.579 
25.994 -420.896 -82.589 
25.974 -420.793 -82.598 
25.955 -420.694 -82.607 
25.937 -420.607 -82.615 
25.921 -420.526 -82.622 
25.893 -420.390 -82.635 
25.878 -420.321 -82.641 
25.863 -420.253 -82.648 
25.846 -420.172 -82.655 
25.824 -420.073 -82.665 
25.795 -419.944 -82.678 
25.773 -419.846 -82.688 
25.741 -419.712 -82.702 
25.718 -419.614 -82.712 
25.686 -419.482 -82.726 
25.655 -419.356 -82.740 
25.641 -419.300 -82.746 
25.621 -419.220 -82.756 
25.607 -419.166 -82.762 
25.579 -419.055 -82.774 
25.555 -418.962 -82.785 
25.522 -418.839 -82.800 
25.492 -418.726 -82.813 
25.465 -418.628 -82.825 
25.423 -418.481 -82.843 
25.390 -418.363 -82.858 
25.372 -418.304 -82.866 
25.343 -418.205 -82.879 
25.311 -418.097 -82.893 
25.276 -417.983 -82.908 
25.235 -417.849 -82.926 
25.221 -417.803 -82.932 
25.184 -417.686 -82.948 
25.151 -417.583 -82.963 
25.117 -417.477 -82.978 
25.094 -417.407 -82.988 
25.051 -417.277 -83.007 
25.028 -417.209 -83.016 
24.983 -417.076 -83.036 
24.961 -417.012 -83.045 
24.926 -416.912 -83.061 
24.872 -416.758 -83.084 
24.845 -416.680 -83.096 
24.806 -416.571 -83.113 
24.779 -416.499 -83.125 
24.741 -416.394 -83.141 
24.700 -416.284 -83.159 
24.661 -416.181 -83.176 
24.629 -416.098 -83.190 
24.599 -416.020 -83.203 
24.561 -415.922 -83.219 
24.538 -415.862 -83.229 
24.513 -415.799 -83.240 
24.480 -415.715 -83.254 
24.435 -415.602 -83.274 
24.405 -415.528 -83.287 
24.376 -415.458 -83.299 
24.329 -415.344 -83.319 
24.284 -415.236 -83.338 
24.245 -415.141 -83.355 
24.208 -415.055 -83.371 
24.184 -414.999 -83.381 
24.144 -414.906 -83.399 
24.107 -414.820 -83.415 
24.065 -414.725 -83.432 
24.035 -414.657 -83.445 
24.003 -414.585 -83.459 
23.957 -414.483 -83.479 
23.895 -414.348 -83.506 
23.860 -414.273 -83.521 
23.806 -414.156 -83.545 
23.751 -414.039 -83.569 
23.715 -413.964 -83.584 
23.670 -413.872 -83.603 
23.632 -413.793 -83.620 
23.590 -413.708 -83.638 
23.549 -413.625 -83.656 
23.510 -413.547 -83.673 
23.453 -413.435 -83.697 
23.407 -413.345 -83.717 
23.350 -413.233 -83.742 
23.314 -413.165 -83.757 
23.267 -413.076 -83.777 
23.211 -412.969 -83.802 
23.151 -412.858 -83.827 
23.112 -412.785 -83.844 
23.052 -412.676 -83.870 
23.009 -412.597 -83.889 
22.943 -412.477 -83.918 
22.903 -412.407 -83.935 
22.824 -412.268 -83.969 
22.777 -412.187 -83.989 
22.717 -412.083 -84.015 
22.675 -412.012 -84.033 
22.627 -411.931 -84.054 
22.567 -411.830 -84.080 
22.520 -411.751 -84.100 
22.488 -411.698 -84.114 
22.423 -411.592 -84.142 
22.367 -411.501 -84.166 
22.322 -411.429 -84.185 
22.255 -411.322 -84.214 
22.225 -411.276 -84.227 
22.176 -411.199 -84.249 
22.137 -411.138 -84.265 
22.083 -411.054 -84.289 
22.014 -410.948 -84.319 
21.955 -410.859 -84.344 
21.917 -410.802 -84.360 
21.837 -410.682 -84.395 
21.796 -410.622 -84.413 
21.739 -410.538 -84.437 
21.696 -410.474 -84.456 
21.627 -410.375 -84.485 
21.571 -410.295 -84.510 
21.508 -410.205 -84.537 
21.432 -410.099 -84.569 
21.382 -410.029 -84.591 
21.325 -409.950 -84.615 
21.260 -409.861 -84.643 
21.197 -409.775 -84.670 
21.143 -409.703 -84.694 
21.086 -409.627 -84.718 
21.024 -409.546 -84.745 
20.988 -409.498 -84.760 
20.937 -409.432 -84.782 
20.891 -409.372 -84.802 
20.826 -409.288 -84.830 
20.769 -409.214 -84.855 
20.711 -409.141 -84.880 
20.667 -409.086 -84.899 
20.604 -409.007 -84.926 
20.533 -408.918 -84.957 
20.481 -408.854 -84.980 
20.385 -408.738 -85.021 
20.315 -408.653 -85.051 
20.251 -408.577 -85.079 
20.168 -408.478 -85.115 
20.124 -408.426 -85.134 
20.069 -408.363 -85.157 
20.018 -408.303 -85.179 
19.957 -408.233 -85.205 
19.873 -408.137 -85.241 
19.792 -408.046 -85.276 
19.737 -407.984 -85.300 
19.678 -407.919 -85.325 
19.624 -407.859 -85.349 
19.571 -407.801 -85.371 
19.518 -407.743 -85.394 
19.456 -407.677 -85.421 
19.417 -407.634 -85.438 
19.353 -407.567 -85.465 
19.293 -407.502 -85.491 
19.216 -407.421 -85.524 
19.152 -407.355 -85.551 
19.088 -407.289 -85.579 
19.022 -407.221 -85.607 
18.956 -407.154 -85.635 
18.893 -407.091 -85.662 
18.840 -407.038 -85.685 
18.784 -406.982 -85.709 
18.703 -406.902 -85.744 
18.608 -406.809 -85.784 
18.532 -406.735 -85.817 
18.454 -406.661 -85.850 
18.385 -406.595 -85.879 
18.310 -406.525 -85.911 
18.257 -406.475 -85.934 
18.173 -406.397 -85.970 
18.113 -406.342 -85.995 
18.031 -406.267 -86.031 
17.933 -406.179 -86.072 
17.843 -406.099 -86.110 
17.797 -406.058 -86.130 
17.692 -405.965 -86.175 
17.633 -405.914 -86.201 
17.560 -405.851 -86.232 
17.467 -405.772 -86.271 
17.388 -405.705 -86.306 
17.291 -405.625 -86.347 
17.219 -405.565 -86.378 
17.128 -405.489 -86.418 
16.987 -405.376 -86.478 
16.892 -405.299 -86.519 
16.774 -405.206 -86.570 
16.695 -405.144 -86.604 
16.591 -405.063 -86.648 
16.520 -405.008 -86.679 
16.439 -404.947 -86.714 
16.387 -404.908 -86.736 
16.306 -404.847 -86.771 
16.213 -404.778 -86.811 
16.161 -404.740 -86.833 
16.066 -404.671 -86.874 
15.971 -404.602 -86.914 
15.883 -404.539 -86.952 
15.790 -404.472 -86.992 
15.682 -404.397 -87.039 
15.603 -404.343 -87.073 
15.490 -404.265 -87.121 
15.401 -404.204 -87.160 
15.333 -404.158 -87.189 
15.262 -404.111 -87.219 
15.183 -404.059 -87.254 
15.086 -403.995 -87.296 
14.987 -403.931 -87.338 
14.892 -403.870 -87.379 
14.826 -403.828 -87.407 
14.725 -403.764 -87.450 
14.652 -403.719 -87.482 
14.584 -403.677 -87.511 
14.506 -403.629 -87.544 
14.428 -403.582 -87.577 
14.340 -403.528 -87.615 
14.237 -403.466 -87.659 
14.172 -403.428 -87.687 
14.063 -403.363 -87.734 
13.961 -403.304 -87.778 
13.905 -403.272 -87.802 
13.789 -403.205 -87.851 
13.685 -403.146 -87.896 
13.585 -403.090 -87.938 
13.524 -403.056 -87.964 
13.427 -403.003 -88.006 
13.335 -402.953 -88.045 
13.254 -402.908 -88.080 
13.216 -402.888 -88.096 
13.152 -402.853 -88.123 
13.077 -402.814 -88.155 
12.970 -402.757 -88.201 
12.840 -402.689 -88.256 
12.742 -402.639 -88.298 
12.597 -402.565 -88.360 
12.529 -402.531 -88.389 
12.432 -402.483 -88.430 
12.339 -402.438 -88.470 
12.217 -402.378 -88.522 
12.127 -402.336 -88.560 
12.016 -402.283 -88.608 
11.926 -402.241 -88.646 
11.816 -402.190 -88.693 
11.742 -402.157 -88.725 
11.656 -402.118 -88.761 
11.617 -402.101 -88.778 
11.520 -402.057 -88.819 
11.457 -402.030 -88.846 
11.377 -401.995 -88.881 
11.270 -401.949 -88.926 
11.140 -401.893 -88.982 
11.012 -401.840 -89.036 
10.893 -401.791 -89.087 
10.796 -401.751 -89.128 
10.691 -401.710 -89.173 
10.592 -401.670 -89.215 
10.491 -401.630 -89.258 
10.372 -401.585 -89.308 
10.274 -401.547 -89.350 
10.177 -401.511 -89.392 
10.127 -401.492 -89.413 
10.015 -401.450 -89.460 
9.927 -401.418 -89.498 
9.864 -401.395 -89.525 
9.772 -401.362 -89.564 
