26.388 -423.580 -82.406 
26.379 -423.493 -82.410 
26.366 -423.364 -82.417 
26.354 -423.261 -82.423 
26.337 -423.111 -82.431 
26.323 -422.995 -82.438 
26.312 -422.900 -82.444 
26.296 -422.775 -82.451 
26.284 -422.677 -82.457 
26.265 -422.540 -82.466 
26.254 -422.458 -82.472 
26.243 -422.373 -82.477 
26.224 -422.245 -82.486 
26.211 -422.158 -82.492 
26.194 -422.043 -82.501 
26.179 -421.943 -82.508 
26.167 -421.865 -82.513 
26.150 -421.763 -82.521 
26.136 -421.677 -82.528 
26.120 -421.580 -82.535 
26.110 -421.518 -82.540 
26.090 -421.401 -82.550 
26.071 -421.293 -82.558 
26.054 -421.195 -82.566 
26.039 -421.114 -82.573 
26.029 -421.056 -82.578 
26.013 -420.972 -82.585 
25.996 -420.883 -82.593 
25.982 -420.811 -82.599 
25.961 -420.702 -82.609 
25.934 -420.566 -82.622 
25.910 -420.451 -82.632 
25.893 -420.364 -82.641 
25.875 -420.279 -82.649 
25.852 -420.174 -82.659 
25.828 -420.064 -82.670 
25.807 -419.967 -82.680 
25.777 -419.834 -82.694 
25.765 -419.783 -82.700 
25.737 -419.664 -82.712 
25.715 -419.569 -82.722 
25.703 -419.518 -82.728 
25.679 -419.420 -82.738 
25.655 -419.323 -82.749 
25.632 -419.228 -82.760 
25.608 -419.134 -82.771 
25.584 -419.038 -82.782 
25.565 -418.967 -82.790 
25.535 -418.853 -82.804 
25.501 -418.724 -82.819 
25.471 -418.616 -82.833 
25.435 -418.485 -82.849 
25.408 -418.390 -82.861 
25.389 -418.325 -82.870 
25.368 -418.250 -82.880 
25.330 -418.121 -82.896 
25.299 -418.018 -82.910 
25.274 -417.934 -82.922 
25.257 -417.879 -82.929 
25.224 -417.770 -82.944 
25.201 -417.697 -82.954 
25.164 -417.580 -82.971 
25.148 -417.531 -82.978 
25.116 -417.430 -82.992 
25.078 -417.312 -83.009 
25.050 -417.227 -83.022 
25.011 -417.110 -83.039 
24.980 -417.019 -83.053 
24.943 -416.911 -83.069 
24.916 -416.830 -83.082 
24.882 -416.733 -83.097 
24.854 -416.655 -83.109 
24.826 -416.577 -83.122 
24.792 -416.480 -83.137 
24.756 -416.383 -83.152 
24.715 -416.269 -83.171 
24.668 -416.143 -83.192 
24.630 -416.042 -83.209 
24.603 -415.972 -83.221 
24.571 -415.887 -83.235 
24.541 -415.811 -83.248 
24.474 -415.639 -83.278 
24.439 -415.550 -83.294 
24.387 -415.420 -83.317 
24.347 -415.323 -83.335 
24.309 -415.229 -83.352 
24.275 -415.147 -83.367 
24.251 -415.090 -83.377 
24.216 -415.006 -83.393 
24.184 -414.931 -83.407 
24.121 -414.784 -83.435 
24.073 -414.672 -83.457 
24.025 -414.565 -83.478 
23.974 -414.450 -83.501 
23.922 -414.333 -83.524 
23.890 -414.265 -83.538 
23.872 -414.224 -83.546 
23.848 -414.171 -83.557 
23.786 -414.039 -83.584 
23.746 -413.953 -83.601 
23.704 -413.864 -83.620 
23.665 -413.784 -83.636 
23.621 -413.691 -83.656 
23.586 -413.621 -83.671 
23.540 -413.528 -83.691 
23.508 -413.462 -83.705 
23.471 -413.388 -83.721 
23.421 -413.289 -83.743 
23.374 -413.197 -83.763 
23.349 -413.148 -83.774 
23.294 -413.041 -83.798 
23.252 -412.960 -83.816 
23.206 -412.873 -83.836 
23.165 -412.796 -83.853 
23.119 -412.710 -83.873 
23.065 -412.610 -83.896 
23.024 -412.534 -83.914 
22.972 -412.441 -83.936 
22.921 -412.348 -83.959 
22.863 -412.244 -83.984 
22.817 -412.164 -84.003 
22.777 -412.094 -84.021 
22.718 -411.991 -84.046 
22.685 -411.933 -84.061 
22.633 -411.845 -84.083 
22.580 -411.754 -84.106 
22.558 -411.717 -84.116 
22.526 -411.663 -84.130 
22.460 -411.554 -84.158 
22.405 -411.464 -84.181 
22.341 -411.358 -84.209 
22.303 -411.296 -84.226 
22.259 -411.226 -84.244 
22.208 -411.144 -84.266 
22.128 -411.018 -84.301 
22.066 -410.922 -84.327 
22.010 -410.836 -84.351 
21.951 -410.745 -84.377 
21.892 -410.655 -84.402 
21.836 -410.571 -84.426 
21.761 -410.459 -84.458 
21.703 -410.374 -84.483 
21.670 -410.325 -84.497 
21.594 -410.214 -84.530 
21.545 -410.145 -84.551 
21.484 -410.057 -84.577 
21.420 -409.967 -84.604 
21.379 -409.909 -84.622 
21.326 -409.836 -84.644 
21.248 -409.728 -84.677 
21.172 -409.624 -84.710 
21.135 -409.574 -84.726 
21.087 -409.509 -84.746 
21.029 -409.431 -84.771 
20.948 -409.324 -84.805 
20.906 -409.268 -84.823 
20.841 -409.184 -84.851 
20.764 -409.085 -84.884 
20.699 -409.001 -84.911 
20.644 -408.931 -84.935 
20.557 -408.823 -84.971 
20.490 -408.739 -85.000 
20.439 -408.676 -85.022 
20.364 -408.585 -85.053 
20.310 -408.519 -85.076 
20.227 -408.420 -85.112 
20.171 -408.353 -85.135 
20.077 -408.243 -85.175 
19.972 -408.120 -85.220 
19.912 -408.050 -85.245 
19.845 -407.973 -85.274 
19.750 -407.867 -85.314 
19.688 -407.797 -85.340 
19.594 -407.694 -85.380 
19.538 -407.631 -85.404 
19.477 -407.565 -85.430 
19.415 -407.498 -85.457 
19.359 -407.438 -85.481 
19.281 -407.355 -85.514 
19.205 -407.274 -85.547 
19.145 -407.211 -85.573 
19.068 -407.132 -85.606 
19.000 -407.062 -85.635 
18.935 -406.996 -85.664 
18.844 -406.904 -85.703 
18.764 -406.824 -85.737 
18.723 -406.783 -85.755 
18.628 -406.689 -85.796 
18.571 -406.633 -85.820 
18.513 -406.577 -85.845 
18.446 -406.513 -85.874 
18.369 -406.439 -85.907 
18.289 -406.363 -85.941 
18.228 -406.305 -85.968 
18.166 -406.248 -85.994 
18.097 -406.184 -86.024 
18.032 -406.125 -86.052 
17.970 -406.068 -86.079 
17.887 -405.993 -86.115 
17.816 -405.929 -86.145 
17.775 -405.893 -86.163 
17.719 -405.843 -86.187 
17.623 -405.759 -86.229 
17.546 -405.691 -86.262 
17.466 -405.623 -86.297 
17.387 -405.555 -86.332 
17.313 -405.493 -86.363 
17.257 -405.446 -86.388 
17.192 -405.391 -86.416 
17.132 -405.341 -86.442 
17.058 -405.280 -86.474 
17.003 -405.236 -86.498 
16.904 -405.156 -86.541 
16.833 -405.099 -86.572 
16.759 -405.039 -86.604 
16.657 -404.960 -86.648 
16.587 -404.905 -86.678 
16.498 -404.836 -86.717 
16.449 -404.799 -86.737 
16.399 -404.760 -86.759 
16.338 -404.714 -86.785 
16.234 -404.636 -86.830 
16.182 -404.597 -86.853 
16.074 -404.518 -86.900 
15.924 -404.409 -86.964 
15.828 -404.340 -87.006 
15.764 -404.294 -87.034 
15.615 -404.189 -87.098 
15.551 -404.145 -87.126 
15.488 -404.101 -87.153 
15.418 -404.053 -87.183 
15.336 -403.997 -87.218 
15.267 -403.951 -87.248 
15.175 -403.890 -87.287 
15.131 -403.861 -87.306 
15.062 -403.815 -87.336 
14.991 -403.769 -87.367 
14.950 -403.742 -87.384 
14.868 -403.690 -87.419 
14.778 -403.632 -87.458 
14.710 -403.589 -87.487 
14.619 -403.532 -87.526 
14.564 -403.498 -87.550 
14.477 -403.444 -87.587 
14.396 -403.395 -87.622 
14.283 -403.326 -87.671 
14.193 -403.272 -87.709 
14.099 -403.217 -87.750 
14.019 -403.169 -87.784 
13.916 -403.109 -87.829 
13.831 -403.060 -87.865 
13.777 -403.029 -87.888 
13.707 -402.990 -87.918 
13.622 -402.941 -87.955 
13.529 -402.889 -87.995 
13.457 -402.850 -88.026 
13.386 -402.811 -88.056 
13.261 -402.742 -88.110 
13.157 -402.687 -88.154 
13.091 -402.651 -88.183 
12.994 -402.600 -88.224 
12.902 -402.551 -88.264 
12.845 -402.521 -88.288 
12.786 -402.491 -88.313 
12.683 -402.438 -88.357 
12.588 -402.391 -88.398 
12.485 -402.339 -88.442 
12.379 -402.287 -88.487 
12.308 -402.253 -88.517 
12.257 -402.228 -88.539 
12.172 -402.187 -88.575 
12.114 -402.159 -88.600 
12.020 -402.115 -88.641 
11.908 -402.063 -88.689 
11.781 -402.005 -88.743 
11.683 -401.960 -88.785 
11.575 -401.912 -88.831 
11.482 -401.871 -88.871 
11.409 -401.840 -88.902 
11.344 -401.811 -88.930 
11.221 -401.758 -88.982 
11.140 -401.724 -89.017 
11.059 -401.690 -89.051 
10.975 -401.655 -89.087 
10.915 -401.630 -89.113 
10.831 -401.596 -89.149 
10.706 -401.546 -89.202 
10.582 -401.497 -89.255 
10.504 -401.466 -89.288 
10.380 -401.418 -89.341 
10.259 -401.372 -89.393 
10.130 -401.324 -89.448 
10.072 -401.303 -89.472 
9.985 -401.271 -89.509 
9.920 -401.247 -89.537 
9.826 -401.213 -89.577 
9.724 -401.177 -89.620 
