26.392 -423.613 -82.404 
26.384 -423.540 -82.408 
26.375 -423.453 -82.413 
26.366 -423.370 -82.417 
26.351 -423.228 -82.425 
26.333 -423.077 -82.434 
26.320 -422.966 -82.441 
26.307 -422.862 -82.447 
26.292 -422.745 -82.455 
26.273 -422.604 -82.464 
26.264 -422.532 -82.469 
26.251 -422.442 -82.475 
26.241 -422.366 -82.480 
26.231 -422.298 -82.485 
26.221 -422.229 -82.490 
26.209 -422.144 -82.496 
26.189 -422.014 -82.506 
26.177 -421.935 -82.511 
26.157 -421.810 -82.521 
26.142 -421.718 -82.528 
26.131 -421.647 -82.534 
26.114 -421.547 -82.542 
26.097 -421.447 -82.550 
26.077 -421.330 -82.560 
26.064 -421.257 -82.566 
26.044 -421.147 -82.576 
26.020 -421.016 -82.588 
26.005 -420.931 -82.596 
25.986 -420.833 -82.605 
25.971 -420.753 -82.612 
25.949 -420.641 -82.623 
25.930 -420.547 -82.632 
25.916 -420.477 -82.639 
25.891 -420.353 -82.651 
25.868 -420.245 -82.662 
25.854 -420.179 -82.669 
25.829 -420.063 -82.682 
25.804 -419.952 -82.694 
25.783 -419.857 -82.704 
25.757 -419.745 -82.717 
25.733 -419.640 -82.728 
25.712 -419.550 -82.739 
25.690 -419.460 -82.750 
25.669 -419.372 -82.760 
25.646 -419.282 -82.771 
25.625 -419.197 -82.782 
25.599 -419.095 -82.794 
25.565 -418.964 -82.811 
25.542 -418.876 -82.822 
25.520 -418.795 -82.832 
25.500 -418.718 -82.842 
25.468 -418.600 -82.858 
25.439 -418.496 -82.872 
25.410 -418.394 -82.886 
25.368 -418.247 -82.906 
25.336 -418.140 -82.921 
25.289 -417.982 -82.943 
25.261 -417.887 -82.957 
25.241 -417.821 -82.967 
25.208 -417.714 -82.982 
25.185 -417.640 -82.993 
25.163 -417.572 -83.003 
25.136 -417.487 -83.016 
25.099 -417.371 -83.034 
25.066 -417.271 -83.049 
25.035 -417.177 -83.064 
25.006 -417.090 -83.077 
24.982 -417.016 -83.089 
24.946 -416.910 -83.106 
24.922 -416.841 -83.117 
24.891 -416.751 -83.132 
24.854 -416.645 -83.149 
24.804 -416.504 -83.173 
24.775 -416.422 -83.187 
24.735 -416.313 -83.205 
24.672 -416.141 -83.235 
24.635 -416.041 -83.252 
24.602 -415.952 -83.267 
24.573 -415.876 -83.281 
24.535 -415.777 -83.298 
24.500 -415.687 -83.314 
24.447 -415.552 -83.338 
24.410 -415.457 -83.356 
24.353 -415.315 -83.382 
24.299 -415.182 -83.407 
24.263 -415.095 -83.423 
24.219 -414.988 -83.444 
24.175 -414.883 -83.464 
24.128 -414.772 -83.486 
24.074 -414.647 -83.511 
24.028 -414.542 -83.532 
23.986 -414.448 -83.551 
23.929 -414.321 -83.577 
23.904 -414.265 -83.589 
23.872 -414.194 -83.603 
23.827 -414.095 -83.624 
23.779 -413.993 -83.646 
23.738 -413.905 -83.664 
23.698 -413.820 -83.683 
23.666 -413.754 -83.697 
23.630 -413.680 -83.714 
23.586 -413.588 -83.734 
23.543 -413.501 -83.753 
23.514 -413.443 -83.766 
23.469 -413.352 -83.787 
23.411 -413.236 -83.813 
23.365 -413.147 -83.834 
23.321 -413.060 -83.854 
23.270 -412.962 -83.877 
23.217 -412.860 -83.901 
23.189 -412.807 -83.914 
23.119 -412.676 -83.945 
23.066 -412.577 -83.970 
23.019 -412.490 -83.991 
22.984 -412.426 -84.007 
22.949 -412.364 -84.022 
22.904 -412.282 -84.043 
22.878 -412.235 -84.055 
22.831 -412.152 -84.076 
22.777 -412.058 -84.100 
22.739 -411.991 -84.117 
22.678 -411.886 -84.145 
22.615 -411.777 -84.173 
22.552 -411.671 -84.202 
22.493 -411.573 -84.228 
22.454 -411.508 -84.246 
22.419 -411.451 -84.261 
22.362 -411.357 -84.287 
22.318 -411.287 -84.307 
22.272 -411.213 -84.327 
22.205 -411.105 -84.358 
22.134 -410.993 -84.389 
22.087 -410.920 -84.410 
22.039 -410.845 -84.432 
22.008 -410.798 -84.446 
21.941 -410.696 -84.476 
21.873 -410.593 -84.506 
21.808 -410.497 -84.535 
21.751 -410.412 -84.560 
21.709 -410.350 -84.579 
21.644 -410.255 -84.608 
21.604 -410.196 -84.626 
21.534 -410.096 -84.657 
21.497 -410.044 -84.673 
21.462 -409.994 -84.689 
21.395 -409.900 -84.718 
21.358 -409.848 -84.735 
21.322 -409.797 -84.751 
21.260 -409.712 -84.778 
21.164 -409.581 -84.821 
21.109 -409.507 -84.845 
21.053 -409.431 -84.870 
20.973 -409.326 -84.905 
20.910 -409.243 -84.933 
20.825 -409.132 -84.970 
20.764 -409.053 -84.997 
20.709 -408.983 -85.021 
20.642 -408.898 -85.051 
20.585 -408.826 -85.076 
20.509 -408.731 -85.110 
20.437 -408.641 -85.142 
20.376 -408.566 -85.168 
20.301 -408.476 -85.201 
20.247 -408.410 -85.225 
20.173 -408.321 -85.257 
20.103 -408.238 -85.288 
20.033 -408.156 -85.319 
19.953 -408.063 -85.354 
19.892 -407.992 -85.381 
19.850 -407.944 -85.399 
19.781 -407.866 -85.429 
19.711 -407.787 -85.459 
19.636 -407.702 -85.493 
19.557 -407.616 -85.527 
19.489 -407.541 -85.557 
19.409 -407.454 -85.592 
19.337 -407.376 -85.624 
19.277 -407.313 -85.650 
19.215 -407.247 -85.677 
19.155 -407.184 -85.703 
19.077 -407.102 -85.738 
18.997 -407.020 -85.772 
18.889 -406.910 -85.820 
18.823 -406.843 -85.849 
18.763 -406.782 -85.875 
18.698 -406.718 -85.904 
18.631 -406.652 -85.933 
18.558 -406.580 -85.965 
18.508 -406.532 -85.986 
18.435 -406.461 -86.018 
18.386 -406.414 -86.040 
18.310 -406.341 -86.073 
18.241 -406.276 -86.103 
18.188 -406.226 -86.126 
18.103 -406.146 -86.164 
18.019 -406.069 -86.201 
17.918 -405.977 -86.244 
17.810 -405.879 -86.292 
17.724 -405.802 -86.330 
17.657 -405.743 -86.358 
17.616 -405.707 -86.377 
17.546 -405.646 -86.407 
17.466 -405.576 -86.442 
17.388 -405.509 -86.476 
17.325 -405.455 -86.504 
17.236 -405.380 -86.543 
17.140 -405.300 -86.585 
17.083 -405.252 -86.610 
17.018 -405.199 -86.639 
16.928 -405.125 -86.678 
16.861 -405.071 -86.708 
16.756 -404.986 -86.754 
16.719 -404.957 -86.770 
16.645 -404.898 -86.803 
16.576 -404.844 -86.833 
16.471 -404.762 -86.880 
16.431 -404.731 -86.898 
16.383 -404.694 -86.919 
16.302 -404.632 -86.955 
16.235 -404.581 -86.985 
16.150 -404.518 -87.022 
16.036 -404.433 -87.073 
15.934 -404.359 -87.118 
15.818 -404.275 -87.169 
15.732 -404.213 -87.207 
15.644 -404.150 -87.246 
15.558 -404.089 -87.284 
15.500 -404.049 -87.310 
15.411 -403.987 -87.349 
15.341 -403.939 -87.380 
15.259 -403.883 -87.416 
15.177 -403.828 -87.453 
15.075 -403.760 -87.497 
15.004 -403.713 -87.529 
14.943 -403.673 -87.556 
14.872 -403.627 -87.587 
14.822 -403.594 -87.609 
14.720 -403.529 -87.654 
14.669 -403.497 -87.676 
14.542 -403.416 -87.732 
14.423 -403.343 -87.784 
14.324 -403.282 -87.828 
14.212 -403.215 -87.876 
14.112 -403.154 -87.920 
14.043 -403.114 -87.950 
13.967 -403.069 -87.983 
13.861 -403.007 -88.029 
13.746 -402.940 -88.079 
13.675 -402.900 -88.110 
13.581 -402.846 -88.151 
13.469 -402.784 -88.199 
13.394 -402.742 -88.231 
13.324 -402.704 -88.262 
13.232 -402.654 -88.302 
13.119 -402.593 -88.351 
13.016 -402.538 -88.395 
12.945 -402.501 -88.426 
12.888 -402.471 -88.450 
12.812 -402.432 -88.483 
12.725 -402.387 -88.521 
12.674 -402.360 -88.543 
12.557 -402.301 -88.593 
12.469 -402.258 -88.631 
12.386 -402.216 -88.667 
12.318 -402.183 -88.696 
12.227 -402.139 -88.735 
12.156 -402.105 -88.766 
12.058 -402.058 -88.808 
11.969 -402.017 -88.846 
11.850 -401.961 -88.897 
11.757 -401.919 -88.937 
11.666 -401.878 -88.976 
11.583 -401.841 -89.012 
11.471 -401.791 -89.060 
11.384 -401.754 -89.098 
11.279 -401.708 -89.143 
11.166 -401.660 -89.191 
11.072 -401.620 -89.232 
10.974 -401.579 -89.274 
10.899 -401.548 -89.306 
10.807 -401.511 -89.346 
10.702 -401.468 -89.391 
10.587 -401.423 -89.440 
10.511 -401.393 -89.472 
10.438 -401.365 -89.503 
10.361 -401.335 -89.537 
10.267 -401.300 -89.577 
10.207 -401.277 -89.603 
10.117 -401.244 -89.641 
10.043 -401.217 -89.673 
9.961 -401.187 -89.708 
9.898 -401.165 -89.735 
9.818 -401.136 -89.769 
9.757 -401.115 -89.795 
9.677 -401.087 -89.829 
9.581 -401.053 -89.871 
9.488 -401.021 -89.910 
9.375 -400.983 -89.958 
