24.700 -458.434 -70.112 
24.699 -458.333 -70.112 
24.699 -458.271 -70.112 
24.698 -458.182 -70.112 
24.697 -458.069 -70.113 
24.695 -457.975 -70.114 
24.693 -457.875 -70.115 
24.691 -457.798 -70.115 
24.688 -457.683 -70.117 
24.685 -457.592 -70.118 
24.680 -457.472 -70.119 
24.676 -457.363 -70.121 
24.673 -457.290 -70.123 
24.669 -457.216 -70.124 
24.665 -457.132 -70.126 
24.660 -457.034 -70.128 
24.654 -456.921 -70.131 
24.647 -456.800 -70.134 
24.642 -456.727 -70.136 
24.635 -456.625 -70.139 
24.627 -456.504 -70.142 
24.616 -456.359 -70.147 
24.608 -456.260 -70.150 
24.601 -456.185 -70.153 
24.594 -456.100 -70.156 
24.584 -455.983 -70.160 
24.573 -455.871 -70.164 
24.558 -455.712 -70.171 
24.549 -455.626 -70.174 
24.537 -455.513 -70.180 
24.524 -455.401 -70.185 
24.514 -455.311 -70.189 
24.505 -455.229 -70.193 
24.488 -455.092 -70.200 
24.479 -455.017 -70.204 
24.459 -454.863 -70.213 
24.449 -454.791 -70.217 
24.435 -454.686 -70.223 
24.422 -454.596 -70.228 
24.408 -454.498 -70.234 
24.393 -454.398 -70.240 
24.376 -454.287 -70.247 
24.359 -454.180 -70.254 
24.342 -454.074 -70.261 
24.320 -453.937 -70.271 
24.300 -453.818 -70.280 
24.284 -453.727 -70.286 
24.260 -453.592 -70.296 
24.241 -453.487 -70.304 
24.222 -453.385 -70.312 
24.199 -453.266 -70.322 
24.175 -453.140 -70.332 
24.149 -453.012 -70.343 
24.124 -452.891 -70.354 
24.101 -452.778 -70.364 
24.083 -452.693 -70.372 
24.055 -452.565 -70.384 
24.032 -452.463 -70.393 
24.007 -452.349 -70.404 
23.981 -452.239 -70.415 
23.961 -452.151 -70.424 
23.940 -452.064 -70.433 
23.907 -451.926 -70.447 
23.882 -451.825 -70.458 
23.860 -451.737 -70.467 
23.830 -451.618 -70.480 
23.811 -451.545 -70.488 
23.782 -451.434 -70.501 
23.753 -451.323 -70.514 
23.729 -451.235 -70.524 
23.705 -451.147 -70.534 
23.676 -451.041 -70.547 
23.645 -450.930 -70.560 
23.622 -450.848 -70.570 
23.597 -450.763 -70.581 
23.547 -450.589 -70.603 
23.517 -450.490 -70.616 
23.489 -450.398 -70.628 
23.456 -450.290 -70.642 
23.428 -450.200 -70.654 
23.396 -450.097 -70.668 
23.363 -449.995 -70.682 
23.323 -449.871 -70.699 
23.290 -449.768 -70.714 
23.262 -449.686 -70.726 
23.229 -449.588 -70.740 
23.185 -449.458 -70.759 
23.153 -449.365 -70.773 
23.120 -449.271 -70.787 
23.077 -449.150 -70.806 
23.044 -449.056 -70.821 
23.006 -448.952 -70.837 
22.976 -448.869 -70.850 
22.950 -448.800 -70.862 
22.910 -448.693 -70.879 
22.875 -448.600 -70.894 
22.834 -448.491 -70.913 
22.800 -448.403 -70.928 
22.760 -448.300 -70.946 
22.712 -448.180 -70.967 
22.664 -448.060 -70.988 
22.621 -447.953 -71.007 
22.573 -447.837 -71.028 
22.535 -447.744 -71.045 
22.494 -447.646 -71.063 
22.461 -447.567 -71.078 
22.430 -447.494 -71.091 
22.379 -447.375 -71.114 
22.350 -447.307 -71.127 
22.303 -447.200 -71.147 
22.259 -447.098 -71.167 
22.222 -447.016 -71.183 
22.166 -446.890 -71.208 
22.122 -446.793 -71.227 
22.085 -446.712 -71.244 
22.032 -446.597 -71.267 
21.992 -446.512 -71.285 
21.960 -446.444 -71.299 
21.921 -446.363 -71.316 
21.889 -446.296 -71.330 
21.829 -446.171 -71.356 
21.793 -446.097 -71.372 
21.735 -445.980 -71.397 
21.684 -445.878 -71.420 
21.626 -445.761 -71.445 
21.571 -445.654 -71.469 
21.519 -445.552 -71.492 
21.453 -445.426 -71.520 
21.391 -445.307 -71.548 
21.349 -445.228 -71.566 
21.301 -445.139 -71.586 
21.260 -445.061 -71.605 
21.213 -444.976 -71.625 
21.172 -444.901 -71.643 
21.122 -444.811 -71.665 
21.064 -444.705 -71.690 
20.992 -444.578 -71.721 
20.955 -444.512 -71.737 
20.894 -444.404 -71.764 
20.845 -444.319 -71.785 
20.774 -444.197 -71.816 
20.734 -444.128 -71.833 
20.694 -444.060 -71.850 
20.649 -443.982 -71.870 
20.591 -443.885 -71.895 
20.519 -443.763 -71.926 
20.460 -443.665 -71.951 
20.389 -443.549 -71.981 
20.354 -443.491 -71.996 
20.293 -443.392 -72.022 
20.252 -443.326 -72.039 
20.191 -443.227 -72.065 
20.126 -443.123 -72.092 
20.076 -443.044 -72.113 
20.014 -442.946 -72.139 
19.974 -442.882 -72.156 
19.918 -442.795 -72.180 
19.860 -442.704 -72.204 
19.798 -442.607 -72.230 
19.756 -442.544 -72.248 
19.699 -442.456 -72.272 
19.640 -442.366 -72.296 
19.555 -442.236 -72.332 
19.483 -442.128 -72.362 
19.423 -442.039 -72.387 
19.383 -441.980 -72.404 
19.346 -441.926 -72.419 
19.294 -441.849 -72.441 
19.252 -441.787 -72.458 
19.200 -441.711 -72.480 
19.139 -441.623 -72.506 
19.088 -441.548 -72.527 
19.019 -441.451 -72.556 
18.950 -441.352 -72.585 
18.863 -441.229 -72.621 
18.828 -441.179 -72.635 
18.784 -441.119 -72.654 
18.713 -441.020 -72.683 
18.619 -440.890 -72.722 
18.551 -440.797 -72.750 
18.493 -440.719 -72.774 
18.456 -440.668 -72.789 
18.407 -440.602 -72.810 
18.328 -440.497 -72.842 
18.270 -440.420 -72.866 
18.219 -440.351 -72.887 
18.135 -440.241 -72.921 
18.094 -440.188 -72.938 
18.029 -440.103 -72.965 
17.971 -440.029 -72.988 
17.902 -439.940 -73.017 
17.848 -439.870 -73.039 
17.785 -439.790 -73.064 
17.731 -439.721 -73.086 
17.671 -439.645 -73.111 
17.615 -439.574 -73.134 
17.572 -439.520 -73.151 
17.527 -439.464 -73.169 
17.483 -439.408 -73.187 
17.403 -439.309 -73.219 
17.332 -439.221 -73.248 
17.240 -439.108 -73.286 
17.180 -439.035 -73.310 
17.105 -438.943 -73.340 
17.025 -438.846 -73.372 
16.954 -438.760 -73.401 
16.915 -438.713 -73.416 
16.864 -438.652 -73.437 
16.788 -438.561 -73.467 
16.710 -438.468 -73.498 
16.645 -438.390 -73.524 
16.589 -438.324 -73.547 
16.524 -438.248 -73.572 
16.468 -438.181 -73.595 
16.378 -438.076 -73.630 
16.314 -438.001 -73.656 
16.250 -437.926 -73.681 
16.177 -437.840 -73.710 
16.102 -437.754 -73.740 
16.037 -437.679 -73.765 
15.902 -437.524 -73.818 
15.838 -437.450 -73.843 
15.791 -437.397 -73.861 
15.702 -437.295 -73.896 
15.596 -437.175 -73.937 
15.489 -437.055 -73.979 
15.424 -436.982 -74.004 
15.337 -436.885 -74.037 
15.280 -436.822 -74.059 
15.223 -436.758 -74.080 
15.168 -436.697 -74.102 
15.135 -436.661 -74.114 
15.049 -436.566 -74.147 
14.969 -436.478 -74.177 
14.908 -436.411 -74.200 
14.822 -436.317 -74.232 
14.768 -436.259 -74.253 
14.730 -436.217 -74.267 
14.677 -436.159 -74.287 
14.598 -436.074 -74.317 
14.546 -436.018 -74.336 
14.470 -435.935 -74.365 
