24.700 -458.399 -70.112 
24.699 -458.299 -70.112 
24.698 -458.194 -70.112 
24.697 -458.089 -70.113 
24.696 -458.014 -70.114 
24.693 -457.880 -70.115 
24.692 -457.814 -70.115 
24.688 -457.683 -70.117 
24.684 -457.546 -70.119 
24.679 -457.411 -70.121 
24.674 -457.280 -70.123 
24.668 -457.149 -70.125 
24.662 -457.041 -70.128 
24.657 -456.939 -70.130 
24.651 -456.827 -70.133 
24.645 -456.727 -70.135 
24.638 -456.627 -70.138 
24.633 -456.551 -70.140 
24.630 -456.502 -70.142 
24.621 -456.382 -70.145 
24.614 -456.289 -70.148 
24.604 -456.169 -70.152 
24.595 -456.066 -70.156 
24.582 -455.916 -70.161 
24.571 -455.795 -70.166 
24.561 -455.700 -70.170 
24.554 -455.626 -70.173 
24.544 -455.532 -70.177 
24.533 -455.434 -70.182 
24.524 -455.353 -70.185 
24.519 -455.308 -70.187 
24.503 -455.166 -70.194 
24.494 -455.092 -70.198 
24.477 -454.952 -70.205 
24.464 -454.852 -70.211 
24.451 -454.748 -70.216 
24.441 -454.678 -70.220 
24.424 -454.555 -70.228 
24.403 -454.404 -70.237 
24.383 -454.271 -70.245 
24.370 -454.182 -70.251 
24.355 -454.086 -70.257 
24.344 -454.016 -70.262 
24.334 -453.956 -70.266 
24.324 -453.889 -70.271 
24.311 -453.816 -70.276 
24.294 -453.714 -70.283 
24.276 -453.610 -70.291 
24.263 -453.533 -70.297 
24.239 -453.402 -70.307 
24.219 -453.291 -70.316 
24.201 -453.198 -70.323 
24.183 -453.101 -70.331 
24.164 -453.006 -70.339 
24.145 -452.910 -70.347 
24.125 -452.811 -70.356 
24.105 -452.716 -70.364 
24.087 -452.631 -70.372 
24.072 -452.561 -70.378 
24.049 -452.452 -70.388 
24.034 -452.386 -70.394 
24.015 -452.302 -70.402 
23.997 -452.222 -70.410 
23.956 -452.045 -70.427 
23.922 -451.904 -70.442 
23.898 -451.805 -70.452 
23.872 -451.700 -70.463 
23.849 -451.608 -70.473 
23.826 -451.514 -70.483 
23.798 -451.407 -70.495 
23.764 -451.278 -70.510 
23.733 -451.161 -70.523 
23.719 -451.108 -70.529 
23.692 -451.011 -70.540 
23.674 -450.946 -70.548 
23.653 -450.869 -70.557 
23.641 -450.825 -70.562 
23.620 -450.754 -70.571 
23.581 -450.618 -70.587 
23.563 -450.556 -70.595 
23.537 -450.467 -70.606 
23.502 -450.351 -70.621 
23.482 -450.287 -70.629 
23.454 -450.195 -70.641 
23.416 -450.071 -70.657 
23.376 -449.946 -70.673 
23.340 -449.834 -70.688 
23.312 -449.747 -70.700 
23.277 -449.639 -70.714 
23.229 -449.494 -70.734 
23.189 -449.376 -70.751 
23.160 -449.294 -70.763 
23.119 -449.175 -70.780 
23.090 -449.092 -70.792 
23.063 -449.016 -70.803 
23.035 -448.939 -70.814 
22.995 -448.828 -70.831 
22.953 -448.713 -70.848 
22.915 -448.610 -70.864 
22.874 -448.503 -70.881 
22.849 -448.436 -70.891 
22.814 -448.344 -70.906 
22.784 -448.267 -70.918 
22.750 -448.181 -70.932 
22.714 -448.090 -70.947 
22.661 -447.956 -70.970 
22.598 -447.800 -70.996 
22.556 -447.700 -71.013 
22.504 -447.575 -71.035 
22.445 -447.435 -71.059 
22.407 -447.344 -71.075 
22.358 -447.229 -71.096 
22.313 -447.127 -71.114 
22.271 -447.030 -71.132 
22.239 -446.959 -71.145 
22.196 -446.862 -71.163 
22.157 -446.775 -71.179 
22.114 -446.680 -71.197 
22.079 -446.603 -71.211 
22.019 -446.472 -71.236 
21.975 -446.380 -71.254 
21.944 -446.314 -71.267 
21.899 -446.219 -71.285 
21.855 -446.126 -71.303 
21.819 -446.051 -71.318 
21.785 -445.982 -71.332 
21.737 -445.884 -71.352 
21.703 -445.813 -71.366 
21.664 -445.735 -71.382 
21.614 -445.636 -71.402 
21.580 -445.568 -71.416 
21.542 -445.492 -71.432 
21.511 -445.432 -71.445 
21.477 -445.366 -71.459 
21.451 -445.316 -71.470 
21.404 -445.226 -71.489 
21.349 -445.121 -71.511 
21.294 -445.016 -71.534 
21.257 -444.946 -71.549 
21.223 -444.883 -71.563 
21.180 -444.803 -71.581 
21.144 -444.736 -71.596 
21.114 -444.681 -71.608 
21.081 -444.622 -71.622 
21.042 -444.550 -71.638 
20.979 -444.436 -71.664 
20.939 -444.365 -71.680 
20.893 -444.281 -71.699 
20.843 -444.193 -71.720 
20.794 -444.107 -71.740 
20.723 -443.981 -71.769 
20.695 -443.933 -71.780 
20.635 -443.828 -71.804 
20.591 -443.752 -71.822 
20.540 -443.665 -71.843 
20.492 -443.584 -71.862 
20.436 -443.488 -71.885 
20.377 -443.389 -71.908 
20.343 -443.331 -71.922 
20.296 -443.253 -71.941 
20.244 -443.165 -71.962 
20.194 -443.083 -71.982 
20.132 -442.982 -72.007 
20.103 -442.932 -72.019 
20.059 -442.860 -72.037 
20.022 -442.801 -72.052 
19.963 -442.704 -72.076 
19.884 -442.578 -72.108 
19.833 -442.496 -72.128 
19.771 -442.398 -72.153 
19.736 -442.342 -72.167 
19.638 -442.188 -72.207 
19.574 -442.088 -72.233 
19.525 -442.012 -72.252 
19.476 -441.936 -72.272 
19.421 -441.852 -72.294 
19.380 -441.790 -72.310 
19.340 -441.729 -72.326 
19.290 -441.653 -72.346 
19.208 -441.530 -72.379 
19.166 -441.466 -72.396 
19.095 -441.361 -72.424 
19.010 -441.236 -72.458 
18.976 -441.185 -72.471 
18.904 -441.079 -72.500 
18.845 -440.993 -72.524 
18.803 -440.932 -72.540 
18.735 -440.834 -72.567 
18.661 -440.727 -72.597 
18.604 -440.646 -72.619 
18.540 -440.556 -72.645 
18.477 -440.466 -72.670 
18.430 -440.399 -72.689 
18.331 -440.261 -72.728 
18.261 -440.164 -72.756 
18.190 -440.066 -72.784 
18.120 -439.971 -72.812 
18.080 -439.916 -72.828 
18.025 -439.841 -72.850 
17.975 -439.774 -72.870 
17.900 -439.672 -72.900 
17.840 -439.593 -72.923 
17.795 -439.532 -72.942 
17.713 -439.424 -72.974 
17.639 -439.326 -73.003 
17.567 -439.231 -73.032 
17.504 -439.149 -73.057 
17.443 -439.069 -73.081 
17.398 -439.012 -73.098 
17.322 -438.913 -73.128 
17.244 -438.812 -73.159 
17.178 -438.728 -73.185 
17.111 -438.642 -73.211 
17.066 -438.585 -73.229 
17.014 -438.519 -73.249 
16.940 -438.426 -73.278 
16.895 -438.368 -73.296 
16.827 -438.284 -73.322 
16.781 -438.226 -73.340 
16.718 -438.146 -73.365 
16.643 -438.054 -73.394 
16.577 -437.971 -73.420 
16.490 -437.864 -73.453 
16.443 -437.805 -73.472 
16.378 -437.725 -73.496 
16.311 -437.642 -73.522 
16.269 -437.591 -73.538 
16.194 -437.498 -73.567 
16.137 -437.429 -73.589 
16.065 -437.342 -73.617 
16.008 -437.273 -73.638 
15.973 -437.230 -73.652 
15.926 -437.173 -73.670 
15.857 -437.091 -73.696 
15.784 -437.002 -73.723 
15.732 -436.940 -73.743 
15.653 -436.845 -73.773 
15.575 -436.754 -73.802 
15.493 -436.656 -73.832 
15.451 -436.606 -73.848 
15.410 -436.559 -73.863 
15.329 -436.463 -73.893 
15.244 -436.363 -73.925 
15.165 -436.270 -73.954 
15.119 -436.218 -73.971 
15.012 -436.093 -74.010 
14.943 -436.013 -74.036 
14.891 -435.953 -74.054 
14.819 -435.870 -74.081 
14.750 -435.791 -74.106 
14.702 -435.736 -74.123 
14.631 -435.655 -74.149 
