24.700 -458.409 -70.112 
24.699 -458.327 -70.112 
24.699 -458.233 -70.113 
24.697 -458.139 -70.113 
24.696 -458.026 -70.114 
24.693 -457.912 -70.115 
24.690 -457.757 -70.117 
24.687 -457.663 -70.118 
24.683 -457.557 -70.120 
24.679 -457.452 -70.122 
24.676 -457.363 -70.123 
24.671 -457.266 -70.126 
24.668 -457.183 -70.127 
24.661 -457.046 -70.131 
24.652 -456.891 -70.135 
24.645 -456.784 -70.138 
24.636 -456.653 -70.142 
24.628 -456.533 -70.145 
24.620 -456.434 -70.149 
24.610 -456.310 -70.153 
24.601 -456.196 -70.158 
24.591 -456.086 -70.162 
24.580 -455.962 -70.167 
24.572 -455.874 -70.171 
24.565 -455.804 -70.174 
24.555 -455.705 -70.179 
24.537 -455.540 -70.187 
24.522 -455.406 -70.194 
24.511 -455.303 -70.199 
24.501 -455.221 -70.204 
24.488 -455.110 -70.210 
24.479 -455.040 -70.214 
24.468 -454.954 -70.219 
24.456 -454.862 -70.224 
24.440 -454.746 -70.231 
24.430 -454.677 -70.235 
24.411 -454.542 -70.244 
24.399 -454.458 -70.249 
24.386 -454.373 -70.255 
24.371 -454.276 -70.261 
24.358 -454.193 -70.267 
24.347 -454.122 -70.272 
24.330 -454.020 -70.279 
24.315 -453.929 -70.286 
24.296 -453.819 -70.294 
24.283 -453.743 -70.300 
24.266 -453.645 -70.307 
24.249 -453.551 -70.315 
24.227 -453.435 -70.324 
24.215 -453.372 -70.329 
24.189 -453.236 -70.340 
24.167 -453.124 -70.349 
24.142 -452.998 -70.360 
24.117 -452.878 -70.371 
24.100 -452.793 -70.379 
24.079 -452.693 -70.388 
24.058 -452.599 -70.397 
24.043 -452.528 -70.404 
24.025 -452.449 -70.412 
23.997 -452.326 -70.424 
23.977 -452.237 -70.433 
23.956 -452.147 -70.443 
23.930 -452.038 -70.454 
23.913 -451.965 -70.462 
23.889 -451.866 -70.473 
23.861 -451.754 -70.485 
23.842 -451.677 -70.494 
23.816 -451.577 -70.505 
23.790 -451.475 -70.517 
23.759 -451.359 -70.530 
23.730 -451.251 -70.543 
23.693 -451.115 -70.559 
23.668 -451.024 -70.570 
23.647 -450.951 -70.579 
23.621 -450.857 -70.591 
23.576 -450.702 -70.611 
23.539 -450.580 -70.627 
23.520 -450.516 -70.635 
23.477 -450.372 -70.655 
23.449 -450.281 -70.667 
23.413 -450.166 -70.683 
23.381 -450.065 -70.697 
23.352 -449.975 -70.709 
23.304 -449.827 -70.731 
23.279 -449.749 -70.742 
23.238 -449.627 -70.760 
23.198 -449.508 -70.777 
23.165 -449.411 -70.792 
23.134 -449.321 -70.805 
23.103 -449.232 -70.819 
23.060 -449.111 -70.837 
23.031 -449.030 -70.850 
22.998 -448.937 -70.864 
22.965 -448.846 -70.879 
22.922 -448.730 -70.897 
22.878 -448.613 -70.916 
22.855 -448.551 -70.926 
22.815 -448.447 -70.943 
22.785 -448.370 -70.956 
22.737 -448.246 -70.977 
22.705 -448.166 -70.991 
22.680 -448.103 -71.002 
22.655 -448.040 -71.012 
22.614 -447.939 -71.030 
22.565 -447.819 -71.051 
22.543 -447.765 -71.061 
22.519 -447.707 -71.071 
22.477 -447.607 -71.090 
22.427 -447.489 -71.111 
22.382 -447.382 -71.131 
22.343 -447.293 -71.148 
22.304 -447.202 -71.165 
22.243 -447.063 -71.192 
22.192 -446.949 -71.213 
22.155 -446.867 -71.230 
22.106 -446.759 -71.251 
22.080 -446.702 -71.262 
22.036 -446.605 -71.281 
21.986 -446.498 -71.303 
21.945 -446.410 -71.321 
21.905 -446.325 -71.338 
21.855 -446.221 -71.360 
21.811 -446.130 -71.379 
21.782 -446.070 -71.392 
21.728 -445.959 -71.416 
21.683 -445.869 -71.435 
21.656 -445.813 -71.447 
21.619 -445.740 -71.463 
21.578 -445.658 -71.481 
21.520 -445.543 -71.506 
21.455 -445.418 -71.534 
21.403 -445.317 -71.557 
21.353 -445.220 -71.578 
21.297 -445.115 -71.603 
21.262 -445.049 -71.618 
21.217 -444.965 -71.637 
21.174 -444.887 -71.656 
21.124 -444.795 -71.677 
21.057 -444.672 -71.707 
21.019 -444.603 -71.723 
20.959 -444.497 -71.749 
20.938 -444.459 -71.758 
20.905 -444.400 -71.772 
20.857 -444.314 -71.793 
20.801 -444.216 -71.818 
20.760 -444.144 -71.835 
20.714 -444.064 -71.855 
20.660 -443.970 -71.878 
20.613 -443.890 -71.898 
20.555 -443.791 -71.923 
20.501 -443.699 -71.946 
20.428 -443.575 -71.977 
20.388 -443.507 -71.995 
20.348 -443.441 -72.011 
20.289 -443.342 -72.037 
20.234 -443.251 -72.060 
20.185 -443.170 -72.081 
20.138 -443.092 -72.101 
20.080 -442.998 -72.125 
20.019 -442.899 -72.151 
19.983 -442.841 -72.167 
19.930 -442.756 -72.189 
19.890 -442.692 -72.206 
19.852 -442.631 -72.222 
19.799 -442.546 -72.245 
19.746 -442.463 -72.267 
19.700 -442.390 -72.286 
19.647 -442.307 -72.309 
19.589 -442.216 -72.333 
19.511 -442.095 -72.366 
19.470 -442.032 -72.383 
19.414 -441.948 -72.406 
19.341 -441.836 -72.437 
19.272 -441.733 -72.466 
19.215 -441.647 -72.490 
19.165 -441.573 -72.511 
19.108 -441.488 -72.535 
19.017 -441.355 -72.572 
18.961 -441.274 -72.595 
18.894 -441.176 -72.623 
18.833 -441.088 -72.649 
18.769 -440.996 -72.675 
18.715 -440.920 -72.697 
18.649 -440.825 -72.724 
18.612 -440.773 -72.739 
18.563 -440.705 -72.759 
18.515 -440.637 -72.779 
18.438 -440.530 -72.811 
18.381 -440.452 -72.834 
18.326 -440.376 -72.856 
18.267 -440.296 -72.881 
18.203 -440.208 -72.907 
18.132 -440.112 -72.936 
18.078 -440.040 -72.958 
18.028 -439.973 -72.979 
17.974 -439.901 -73.000 
17.913 -439.820 -73.025 
17.855 -439.743 -73.049 
17.792 -439.662 -73.075 
17.736 -439.588 -73.098 
17.661 -439.491 -73.128 
17.622 -439.441 -73.144 
17.584 -439.392 -73.159 
17.521 -439.311 -73.184 
17.473 -439.249 -73.204 
17.414 -439.174 -73.228 
17.362 -439.107 -73.249 
17.306 -439.036 -73.271 
17.215 -438.922 -73.307 
17.128 -438.812 -73.342 
17.058 -438.724 -73.370 
16.984 -438.632 -73.399 
16.927 -438.562 -73.422 
16.850 -438.466 -73.452 
16.809 -438.416 -73.469 
16.742 -438.333 -73.495 
16.674 -438.250 -73.522 
16.602 -438.162 -73.550 
16.537 -438.082 -73.576 
16.488 -438.023 -73.595 
16.419 -437.939 -73.622 
16.339 -437.843 -73.653 
16.285 -437.778 -73.674 
16.230 -437.711 -73.695 
16.159 -437.627 -73.722 
16.093 -437.548 -73.748 
16.030 -437.474 -73.772 
15.998 -437.436 -73.785 
15.927 -437.352 -73.812 
15.862 -437.275 -73.837 
15.810 -437.215 -73.857 
15.729 -437.119 -73.888 
15.652 -437.030 -73.917 
15.604 -436.974 -73.935 
15.548 -436.910 -73.957 
15.479 -436.829 -73.983 
15.421 -436.762 -74.005 
15.341 -436.671 -74.035 
15.263 -436.581 -74.064 
15.205 -436.515 -74.086 
15.133 -436.433 -74.113 
15.085 -436.379 -74.131 
15.023 -436.307 -74.154 
14.957 -436.233 -74.178 
14.899 -436.167 -74.200 
14.853 -436.116 -74.217 
14.805 -436.062 -74.235 
14.734 -435.982 -74.261 
14.675 -435.916 -74.283 
14.609 -435.842 -74.307 
14.509 -435.731 -74.344 
