24.700 -458.398 -70.112 
24.699 -458.315 -70.112 
24.699 -458.229 -70.112 
24.698 -458.146 -70.112 
24.696 -458.055 -70.113 
24.693 -457.899 -70.114 
24.690 -457.764 -70.116 
24.686 -457.631 -70.117 
24.683 -457.532 -70.119 
24.679 -457.437 -70.121 
24.673 -457.291 -70.123 
24.670 -457.213 -70.125 
24.664 -457.103 -70.127 
24.659 -457.001 -70.130 
24.653 -456.894 -70.133 
24.646 -456.784 -70.136 
24.639 -456.670 -70.139 
24.633 -456.586 -70.142 
24.626 -456.486 -70.145 
24.618 -456.389 -70.148 
24.614 -456.340 -70.150 
24.605 -456.222 -70.154 
24.593 -456.080 -70.159 
24.582 -455.965 -70.164 
24.572 -455.863 -70.168 
24.563 -455.769 -70.172 
24.557 -455.707 -70.175 
24.552 -455.662 -70.177 
24.542 -455.567 -70.181 
24.532 -455.471 -70.186 
24.523 -455.397 -70.190 
24.513 -455.311 -70.194 
24.503 -455.223 -70.199 
24.489 -455.108 -70.205 
24.470 -454.959 -70.214 
24.449 -454.796 -70.223 
24.435 -454.696 -70.229 
24.428 -454.644 -70.232 
24.413 -454.536 -70.239 
24.396 -454.421 -70.246 
24.379 -454.311 -70.254 
24.359 -454.181 -70.262 
24.349 -454.111 -70.267 
24.332 -454.006 -70.274 
24.310 -453.878 -70.283 
24.285 -453.731 -70.294 
24.269 -453.635 -70.301 
24.247 -453.517 -70.310 
24.229 -453.417 -70.317 
24.216 -453.344 -70.323 
24.188 -453.199 -70.335 
24.175 -453.132 -70.340 
24.162 -453.070 -70.345 
24.143 -452.971 -70.354 
24.122 -452.871 -70.362 
24.096 -452.744 -70.373 
24.078 -452.659 -70.381 
24.058 -452.566 -70.389 
24.035 -452.462 -70.399 
24.019 -452.391 -70.405 
23.997 -452.294 -70.415 
23.978 -452.211 -70.423 
23.941 -452.056 -70.438 
23.918 -451.959 -70.448 
23.893 -451.854 -70.458 
23.869 -451.758 -70.468 
23.835 -451.620 -70.483 
23.802 -451.493 -70.497 
23.772 -451.378 -70.509 
23.753 -451.306 -70.517 
23.717 -451.171 -70.532 
23.683 -451.050 -70.546 
23.664 -450.982 -70.554 
23.627 -450.851 -70.570 
23.594 -450.734 -70.583 
23.555 -450.600 -70.600 
23.524 -450.498 -70.612 
23.482 -450.357 -70.630 
23.449 -450.253 -70.643 
23.417 -450.150 -70.656 
23.382 -450.039 -70.670 
23.334 -449.890 -70.690 
23.306 -449.805 -70.702 
23.265 -449.680 -70.719 
23.250 -449.636 -70.725 
23.215 -449.531 -70.739 
23.187 -449.449 -70.751 
23.160 -449.370 -70.762 
23.131 -449.287 -70.774 
23.095 -449.186 -70.788 
23.051 -449.062 -70.806 
22.998 -448.916 -70.828 
22.966 -448.827 -70.841 
22.938 -448.754 -70.853 
22.907 -448.671 -70.865 
22.889 -448.622 -70.873 
22.854 -448.529 -70.888 
22.820 -448.440 -70.901 
22.778 -448.334 -70.918 
22.740 -448.237 -70.934 
22.703 -448.144 -70.949 
22.656 -448.026 -70.969 
22.611 -447.915 -70.987 
22.590 -447.863 -70.996 
22.539 -447.740 -71.017 
22.494 -447.634 -71.035 
22.463 -447.559 -71.048 
22.425 -447.471 -71.064 
22.374 -447.352 -71.085 
22.322 -447.231 -71.106 
22.277 -447.128 -71.125 
22.241 -447.047 -71.140 
22.203 -446.961 -71.155 
22.149 -446.839 -71.178 
22.113 -446.760 -71.193 
22.082 -446.692 -71.206 
22.033 -446.586 -71.225 
21.985 -446.482 -71.245 
21.950 -446.408 -71.260 
21.903 -446.310 -71.279 
21.840 -446.177 -71.305 
21.767 -446.028 -71.335 
21.734 -445.960 -71.349 
21.671 -445.834 -71.374 
21.634 -445.761 -71.389 
21.587 -445.667 -71.409 
21.536 -445.567 -71.429 
21.475 -445.449 -71.454 
21.425 -445.353 -71.474 
21.389 -445.285 -71.489 
21.329 -445.171 -71.513 
21.275 -445.070 -71.535 
21.224 -444.974 -71.556 
21.163 -444.863 -71.581 
21.123 -444.790 -71.597 
21.050 -444.657 -71.627 
21.000 -444.569 -71.647 
20.956 -444.489 -71.665 
20.926 -444.436 -71.678 
20.872 -444.341 -71.699 
20.836 -444.278 -71.714 
20.810 -444.233 -71.725 
20.733 -444.098 -71.756 
20.700 -444.042 -71.769 
20.641 -443.939 -71.793 
20.581 -443.836 -71.818 
20.515 -443.726 -71.844 
20.453 -443.620 -71.869 
20.391 -443.518 -71.894 
20.323 -443.404 -71.921 
20.271 -443.319 -71.942 
20.235 -443.259 -71.957 
20.179 -443.169 -71.979 
20.116 -443.066 -72.004 
20.079 -443.006 -72.019 
20.028 -442.924 -72.040 
19.963 -442.820 -72.066 
19.909 -442.733 -72.088 
19.860 -442.657 -72.107 
19.822 -442.597 -72.122 
19.770 -442.515 -72.143 
19.722 -442.442 -72.162 
19.652 -442.332 -72.191 
19.587 -442.233 -72.216 
19.547 -442.172 -72.232 
19.506 -442.109 -72.249 
19.426 -441.987 -72.281 
19.352 -441.876 -72.311 
19.289 -441.782 -72.336 
19.231 -441.696 -72.359 
19.174 -441.612 -72.382 
19.122 -441.535 -72.403 
19.060 -441.444 -72.427 
18.989 -441.341 -72.455 
18.920 -441.241 -72.483 
18.844 -441.132 -72.513 
18.769 -441.024 -72.543 
18.666 -440.879 -72.583 
18.590 -440.771 -72.613 
18.530 -440.688 -72.637 
18.493 -440.636 -72.652 
18.444 -440.568 -72.671 
18.386 -440.488 -72.694 
18.341 -440.427 -72.712 
18.272 -440.333 -72.739 
18.217 -440.258 -72.760 
18.158 -440.178 -72.784 
18.085 -440.080 -72.812 
18.024 -439.999 -72.836 
17.972 -439.930 -72.856 
17.928 -439.872 -72.873 
17.848 -439.765 -72.905 
17.778 -439.675 -72.932 
17.704 -439.579 -72.961 
17.627 -439.479 -72.991 
17.561 -439.394 -73.017 
17.481 -439.292 -73.048 
17.420 -439.214 -73.072 
17.370 -439.151 -73.091 
17.281 -439.038 -73.125 
17.221 -438.962 -73.149 
17.170 -438.898 -73.168 
17.086 -438.793 -73.201 
17.018 -438.709 -73.227 
16.960 -438.636 -73.249 
16.892 -438.553 -73.275 
16.799 -438.439 -73.311 
16.757 -438.387 -73.327 
16.711 -438.330 -73.345 
16.639 -438.243 -73.373 
16.570 -438.160 -73.399 
16.503 -438.079 -73.425 
16.436 -437.999 -73.450 
16.384 -437.936 -73.470 
16.317 -437.856 -73.495 
16.242 -437.765 -73.523 
16.189 -437.702 -73.543 
16.125 -437.627 -73.567 
16.053 -437.542 -73.594 
16.008 -437.488 -73.611 
15.954 -437.425 -73.631 
15.886 -437.344 -73.657 
15.822 -437.270 -73.681 
15.747 -437.182 -73.709 
15.687 -437.112 -73.731 
15.619 -437.033 -73.756 
15.536 -436.936 -73.787 
15.480 -436.872 -73.807 
15.386 -436.763 -73.842 
15.311 -436.677 -73.869 
15.235 -436.589 -73.897 
15.183 -436.531 -73.916 
15.125 -436.464 -73.937 
15.086 -436.420 -73.951 
15.037 -436.363 -73.969 
14.986 -436.305 -73.988 
14.927 -436.239 -74.009 
14.881 -436.186 -74.026 
14.803 -436.098 -74.054 
14.760 -436.049 -74.070 
14.710 -435.994 -74.088 
14.646 -435.922 -74.111 
