26.391 -423.606 -82.405 
26.385 -423.546 -82.408 
26.373 -423.431 -82.414 
26.363 -423.336 -82.419 
26.351 -423.228 -82.425 
26.340 -423.130 -82.431 
26.328 -423.027 -82.437 
26.311 -422.885 -82.446 
26.297 -422.772 -82.453 
26.290 -422.723 -82.456 
26.280 -422.642 -82.461 
26.265 -422.530 -82.468 
26.252 -422.439 -82.474 
26.236 -422.321 -82.483 
26.222 -422.229 -82.489 
26.208 -422.132 -82.496 
26.193 -422.033 -82.503 
26.181 -421.955 -82.509 
26.169 -421.879 -82.514 
26.150 -421.756 -82.524 
26.128 -421.621 -82.534 
26.114 -421.541 -82.540 
26.102 -421.468 -82.546 
26.083 -421.356 -82.555 
26.066 -421.262 -82.563 
26.035 -421.093 -82.577 
26.012 -420.966 -82.588 
25.992 -420.859 -82.598 
25.969 -420.742 -82.608 
25.941 -420.603 -82.621 
25.926 -420.526 -82.628 
25.907 -420.431 -82.637 
25.892 -420.363 -82.644 
25.859 -420.205 -82.659 
25.838 -420.107 -82.669 
25.809 -419.980 -82.682 
25.791 -419.899 -82.690 
25.768 -419.800 -82.701 
25.754 -419.738 -82.707 
25.730 -419.636 -82.718 
25.708 -419.544 -82.729 
25.679 -419.424 -82.742 
25.645 -419.286 -82.758 
25.622 -419.196 -82.768 
25.603 -419.121 -82.777 
25.567 -418.984 -82.793 
25.542 -418.886 -82.805 
25.522 -418.813 -82.814 
25.497 -418.721 -82.825 
25.482 -418.664 -82.832 
25.454 -418.564 -82.845 
25.424 -418.458 -82.858 
25.386 -418.326 -82.876 
25.358 -418.230 -82.888 
25.335 -418.153 -82.899 
25.300 -418.034 -82.915 
25.276 -417.954 -82.926 
25.248 -417.865 -82.939 
25.222 -417.778 -82.951 
25.187 -417.668 -82.966 
25.156 -417.570 -82.981 
25.120 -417.458 -82.997 
25.101 -417.398 -83.006 
25.063 -417.283 -83.023 
25.038 -417.206 -83.034 
25.011 -417.125 -83.046 
24.980 -417.032 -83.060 
24.946 -416.933 -83.076 
24.919 -416.857 -83.088 
24.864 -416.697 -83.113 
24.835 -416.618 -83.125 
24.803 -416.528 -83.140 
24.772 -416.441 -83.154 
24.742 -416.360 -83.167 
24.695 -416.232 -83.189 
24.655 -416.126 -83.206 
24.632 -416.064 -83.217 
24.599 -415.979 -83.231 
24.549 -415.847 -83.254 
24.521 -415.777 -83.266 
24.488 -415.691 -83.281 
24.460 -415.622 -83.294 
24.412 -415.502 -83.315 
24.367 -415.390 -83.335 
24.301 -415.229 -83.365 
24.261 -415.133 -83.382 
24.206 -415.003 -83.406 
24.174 -414.927 -83.421 
24.124 -414.810 -83.443 
24.095 -414.744 -83.456 
24.054 -414.651 -83.474 
24.001 -414.533 -83.497 
23.951 -414.421 -83.519 
23.911 -414.334 -83.537 
23.879 -414.264 -83.551 
23.848 -414.197 -83.565 
23.804 -414.101 -83.585 
23.759 -414.006 -83.605 
23.704 -413.892 -83.629 
23.654 -413.788 -83.652 
23.601 -413.678 -83.676 
23.557 -413.589 -83.695 
23.512 -413.499 -83.715 
23.477 -413.428 -83.731 
23.417 -413.310 -83.757 
23.376 -413.229 -83.775 
23.325 -413.131 -83.798 
23.284 -413.051 -83.816 
23.240 -412.968 -83.836 
23.188 -412.869 -83.859 
23.123 -412.748 -83.887 
23.075 -412.660 -83.908 
23.025 -412.568 -83.930 
22.988 -412.500 -83.947 
22.932 -412.400 -83.971 
22.889 -412.323 -83.990 
22.836 -412.229 -84.014 
22.794 -412.157 -84.032 
22.740 -412.063 -84.055 
22.696 -411.987 -84.075 
22.660 -411.925 -84.091 
22.612 -411.844 -84.112 
22.550 -411.740 -84.139 
22.512 -411.675 -84.156 
22.452 -411.576 -84.182 
22.378 -411.454 -84.214 
22.324 -411.367 -84.238 
22.251 -411.250 -84.270 
22.203 -411.174 -84.291 
22.172 -411.125 -84.304 
22.108 -411.024 -84.332 
22.050 -410.934 -84.357 
21.990 -410.841 -84.384 
21.948 -410.777 -84.402 
21.869 -410.657 -84.436 
21.807 -410.564 -84.463 
21.752 -410.483 -84.487 
21.702 -410.408 -84.509 
21.632 -410.307 -84.539 
21.576 -410.225 -84.563 
21.523 -410.149 -84.586 
21.471 -410.076 -84.609 
21.413 -409.993 -84.634 
21.365 -409.925 -84.655 
21.306 -409.844 -84.680 
21.247 -409.762 -84.706 
21.192 -409.687 -84.729 
21.133 -409.607 -84.755 
21.057 -409.504 -84.788 
20.977 -409.397 -84.823 
20.934 -409.340 -84.841 
20.882 -409.272 -84.864 
20.829 -409.203 -84.887 
20.756 -409.108 -84.918 
20.677 -409.008 -84.952 
20.614 -408.927 -84.980 
20.559 -408.859 -85.003 
20.493 -408.777 -85.032 
20.447 -408.719 -85.051 
20.360 -408.613 -85.089 
20.316 -408.560 -85.108 
20.250 -408.480 -85.136 
20.175 -408.390 -85.168 
20.129 -408.335 -85.188 
20.063 -408.257 -85.217 
20.014 -408.200 -85.238 
19.962 -408.139 -85.260 
19.886 -408.052 -85.293 
19.831 -407.989 -85.316 
19.795 -407.948 -85.332 
19.705 -407.846 -85.370 
19.636 -407.769 -85.400 
19.570 -407.695 -85.428 
19.494 -407.612 -85.460 
19.433 -407.546 -85.486 
19.359 -407.466 -85.518 
19.286 -407.387 -85.549 
19.246 -407.345 -85.566 
19.179 -407.273 -85.595 
19.112 -407.203 -85.623 
19.048 -407.137 -85.650 
18.976 -407.062 -85.681 
18.876 -406.961 -85.723 
18.815 -406.899 -85.749 
18.755 -406.839 -85.774 
18.680 -406.764 -85.806 
18.637 -406.721 -85.824 
18.517 -406.604 -85.875 
18.465 -406.554 -85.897 
18.424 -406.514 -85.914 
18.351 -406.444 -85.945 
18.273 -406.371 -85.978 
18.189 -406.292 -86.014 
18.134 -406.241 -86.037 
18.081 -406.192 -86.060 
17.997 -406.115 -86.095 
17.901 -406.027 -86.137 
17.826 -405.959 -86.168 
17.780 -405.919 -86.188 
17.721 -405.866 -86.213 
17.625 -405.781 -86.254 
17.560 -405.725 -86.281 
17.452 -405.631 -86.327 
17.396 -405.583 -86.351 
17.312 -405.512 -86.386 
17.230 -405.442 -86.421 
17.121 -405.352 -86.467 
17.013 -405.263 -86.513 
16.936 -405.201 -86.546 
16.850 -405.131 -86.583 
16.766 -405.064 -86.619 
16.698 -405.010 -86.648 
16.642 -404.966 -86.672 
16.575 -404.914 -86.700 
16.498 -404.854 -86.733 
16.444 -404.812 -86.756 
16.376 -404.760 -86.785 
16.280 -404.688 -86.826 
16.219 -404.642 -86.852 
16.162 -404.599 -86.876 
16.102 -404.555 -86.902 
16.011 -404.488 -86.940 
15.921 -404.422 -86.979 
15.838 -404.363 -87.014 
15.761 -404.308 -87.047 
15.704 -404.268 -87.071 
15.631 -404.217 -87.102 
15.573 -404.176 -87.127 
15.496 -404.123 -87.160 
15.395 -404.053 -87.204 
15.323 -404.005 -87.234 
15.251 -403.957 -87.265 
15.187 -403.913 -87.292 
15.085 -403.846 -87.336 
14.982 -403.779 -87.380 
14.886 -403.716 -87.421 
14.787 -403.653 -87.463 
14.691 -403.592 -87.504 
14.620 -403.547 -87.535 
14.567 -403.514 -87.557 
14.501 -403.472 -87.586 
14.411 -403.417 -87.624 
14.358 -403.385 -87.647 
14.292 -403.345 -87.675 
14.194 -403.286 -87.717 
14.075 -403.216 -87.768 
13.984 -403.162 -87.807 
13.896 -403.111 -87.844 
13.804 -403.058 -87.884 
13.688 -402.992 -87.933 
13.606 -402.945 -87.968 
13.508 -402.890 -88.010 
13.431 -402.848 -88.042 
13.354 -402.805 -88.075 
13.313 -402.783 -88.092 
13.240 -402.743 -88.123 
13.143 -402.691 -88.164 
13.058 -402.645 -88.200 
12.925 -402.575 -88.257 
12.819 -402.521 -88.302 
12.732 -402.476 -88.339 
12.645 -402.432 -88.376 
12.545 -402.382 -88.418 
12.479 -402.349 -88.447 
12.348 -402.285 -88.502 
12.258 -402.242 -88.540 
12.131 -402.181 -88.594 
12.071 -402.153 -88.620 
11.949 -402.096 -88.672 
11.872 -402.060 -88.705 
11.777 -402.017 -88.745 
11.702 -401.983 -88.777 
11.633 -401.952 -88.807 
11.541 -401.911 -88.846 
11.457 -401.874 -88.881 
11.369 -401.836 -88.919 
11.308 -401.810 -88.945 
11.247 -401.784 -88.971 
11.135 -401.737 -89.018 
11.038 -401.696 -89.059 
10.958 -401.663 -89.093 
10.863 -401.625 -89.133 
10.782 -401.592 -89.168 
10.719 -401.567 -89.195 
10.665 -401.546 -89.217 
10.590 -401.516 -89.249 
10.511 -401.486 -89.283 
10.393 -401.440 -89.333 
10.319 -401.413 -89.364 
10.225 -401.377 -89.405 
10.133 -401.343 -89.444 
10.013 -401.300 -89.495 
9.938 -401.273 -89.526 
9.860 -401.245 -89.560 
9.766 -401.212 -89.600 
9.727 -401.198 -89.616 
