24.700 -458.385 -70.112 
24.699 -458.265 -70.112 
24.698 -458.198 -70.112 
24.697 -458.088 -70.113 
24.695 -457.952 -70.114 
24.692 -457.814 -70.115 
24.687 -457.656 -70.117 
24.685 -457.575 -70.118 
24.681 -457.462 -70.120 
24.675 -457.326 -70.122 
24.672 -457.262 -70.123 
24.669 -457.190 -70.124 
24.659 -457.008 -70.128 
24.654 -456.917 -70.130 
24.645 -456.759 -70.134 
24.642 -456.713 -70.136 
24.634 -456.606 -70.139 
24.627 -456.510 -70.142 
24.621 -456.431 -70.145 
24.613 -456.322 -70.149 
24.606 -456.238 -70.152 
24.598 -456.139 -70.155 
24.589 -456.041 -70.159 
24.581 -455.951 -70.163 
24.573 -455.867 -70.167 
24.565 -455.788 -70.170 
24.553 -455.667 -70.176 
24.538 -455.529 -70.182 
24.526 -455.420 -70.187 
24.516 -455.329 -70.192 
24.502 -455.212 -70.198 
24.487 -455.093 -70.204 
24.472 -454.971 -70.211 
24.461 -454.888 -70.215 
24.441 -454.737 -70.224 
24.424 -454.619 -70.231 
24.415 -454.554 -70.235 
24.401 -454.455 -70.241 
24.384 -454.344 -70.249 
24.373 -454.269 -70.253 
24.356 -454.165 -70.260 
24.339 -454.055 -70.268 
24.324 -453.965 -70.274 
24.308 -453.867 -70.281 
24.287 -453.744 -70.290 
24.265 -453.621 -70.300 
24.251 -453.544 -70.306 
24.234 -453.452 -70.313 
24.222 -453.387 -70.318 
24.211 -453.327 -70.323 
24.187 -453.200 -70.333 
24.159 -453.056 -70.345 
24.146 -452.992 -70.351 
24.130 -452.915 -70.357 
24.114 -452.834 -70.365 
24.091 -452.727 -70.374 
24.071 -452.633 -70.383 
24.059 -452.578 -70.388 
24.032 -452.454 -70.400 
24.019 -452.395 -70.405 
23.997 -452.296 -70.415 
23.963 -452.148 -70.430 
23.937 -452.036 -70.441 
23.910 -451.926 -70.452 
23.875 -451.780 -70.468 
23.846 -451.667 -70.480 
23.825 -451.584 -70.489 
23.803 -451.496 -70.499 
23.772 -451.377 -70.512 
23.750 -451.293 -70.521 
23.732 -451.228 -70.529 
23.710 -451.143 -70.539 
23.680 -451.035 -70.551 
23.656 -450.946 -70.562 
23.639 -450.888 -70.569 
23.605 -450.768 -70.584 
23.567 -450.635 -70.601 
23.531 -450.512 -70.616 
23.502 -450.412 -70.629 
23.460 -450.273 -70.648 
23.424 -450.156 -70.663 
23.395 -450.064 -70.676 
23.360 -449.953 -70.691 
23.325 -449.844 -70.706 
23.283 -449.715 -70.724 
23.242 -449.589 -70.742 
23.218 -449.518 -70.753 
23.184 -449.419 -70.767 
23.162 -449.354 -70.777 
23.129 -449.258 -70.791 
23.094 -449.157 -70.807 
23.060 -449.062 -70.821 
23.029 -448.973 -70.835 
22.987 -448.858 -70.853 
22.944 -448.741 -70.872 
22.913 -448.656 -70.886 
22.870 -448.544 -70.904 
22.843 -448.472 -70.916 
22.813 -448.393 -70.929 
22.770 -448.281 -70.948 
22.746 -448.221 -70.958 
22.701 -448.107 -70.978 
22.667 -448.020 -70.992 
22.638 -447.949 -71.005 
22.595 -447.842 -71.024 
22.566 -447.770 -71.036 
22.518 -447.655 -71.057 
22.471 -447.542 -71.077 
22.427 -447.437 -71.097 
22.397 -447.368 -71.109 
22.360 -447.280 -71.126 
22.308 -447.160 -71.148 
22.267 -447.067 -71.166 
22.224 -446.970 -71.185 
22.177 -446.865 -71.205 
22.125 -446.752 -71.227 
22.075 -446.643 -71.248 
22.031 -446.547 -71.267 
21.985 -446.450 -71.287 
21.932 -446.337 -71.310 
21.895 -446.260 -71.326 
21.851 -446.168 -71.345 
21.818 -446.100 -71.359 
21.784 -446.032 -71.373 
21.726 -445.915 -71.398 
21.669 -445.800 -71.422 
21.626 -445.715 -71.441 
21.592 -445.650 -71.455 
21.539 -445.546 -71.477 
21.471 -445.415 -71.506 
21.421 -445.319 -71.528 
21.366 -445.215 -71.551 
21.319 -445.126 -71.571 
21.263 -445.023 -71.594 
21.206 -444.918 -71.618 
21.165 -444.844 -71.635 
21.105 -444.735 -71.661 
21.049 -444.634 -71.684 
20.988 -444.526 -71.710 
20.924 -444.413 -71.737 
20.866 -444.310 -71.762 
20.826 -444.241 -71.778 
20.752 -444.113 -71.809 
20.707 -444.036 -71.828 
20.651 -443.940 -71.852 
20.582 -443.824 -71.880 
20.543 -443.759 -71.897 
20.500 -443.686 -71.915 
20.440 -443.587 -71.940 
20.396 -443.513 -71.958 
20.349 -443.437 -71.978 
20.318 -443.385 -71.991 
20.283 -443.328 -72.005 
20.235 -443.250 -72.025 
20.180 -443.161 -72.048 
20.138 -443.094 -72.065 
20.095 -443.024 -72.083 
20.056 -442.962 -72.099 
20.018 -442.901 -72.116 
19.958 -442.806 -72.140 
19.920 -442.746 -72.156 
19.856 -442.645 -72.182 
19.801 -442.559 -72.205 
19.743 -442.469 -72.229 
19.694 -442.394 -72.249 
19.655 -442.333 -72.266 
19.598 -442.246 -72.289 
19.551 -442.175 -72.308 
19.497 -442.093 -72.331 
19.445 -442.014 -72.352 
19.396 -441.941 -72.372 
19.344 -441.864 -72.393 
19.291 -441.784 -72.415 
19.213 -441.670 -72.447 
19.156 -441.586 -72.471 
19.095 -441.498 -72.495 
19.013 -441.378 -72.529 
18.927 -441.255 -72.564 
18.865 -441.167 -72.589 
18.797 -441.071 -72.616 
18.752 -441.008 -72.634 
18.699 -440.933 -72.656 
18.647 -440.861 -72.677 
18.576 -440.762 -72.705 
18.518 -440.683 -72.729 
18.461 -440.604 -72.752 
18.396 -440.515 -72.778 
18.342 -440.444 -72.800 
18.299 -440.386 -72.817 
18.233 -440.296 -72.844 
18.162 -440.203 -72.872 
18.076 -440.088 -72.907 
18.006 -439.996 -72.935 
17.934 -439.901 -72.965 
17.881 -439.833 -72.986 
17.812 -439.744 -73.014 
17.765 -439.683 -73.033 
17.689 -439.586 -73.063 
17.618 -439.496 -73.091 
17.564 -439.427 -73.113 
17.465 -439.302 -73.152 
17.411 -439.234 -73.174 
17.366 -439.177 -73.192 
17.283 -439.072 -73.225 
17.223 -438.999 -73.249 
17.150 -438.907 -73.278 
17.080 -438.821 -73.305 
17.019 -438.747 -73.329 
16.954 -438.667 -73.354 
16.891 -438.589 -73.379 
16.815 -438.497 -73.409 
16.743 -438.410 -73.437 
16.670 -438.322 -73.465 
16.580 -438.214 -73.500 
16.504 -438.122 -73.530 
16.465 -438.076 -73.545 
16.407 -438.007 -73.568 
16.344 -437.932 -73.592 
16.284 -437.861 -73.616 
16.230 -437.797 -73.637 
16.166 -437.722 -73.661 
16.133 -437.683 -73.674 
16.057 -437.594 -73.703 
16.015 -437.545 -73.719 
15.966 -437.488 -73.738 
15.907 -437.419 -73.761 
15.857 -437.361 -73.779 
15.778 -437.270 -73.809 
15.666 -437.140 -73.852 
15.595 -437.058 -73.879 
15.545 -437.001 -73.898 
15.468 -436.913 -73.927 
15.396 -436.830 -73.955 
15.330 -436.755 -73.979 
15.248 -436.662 -74.010 
15.171 -436.575 -74.039 
15.121 -436.518 -74.058 
15.046 -436.434 -74.085 
14.978 -436.357 -74.111 
14.939 -436.313 -74.126 
14.877 -436.244 -74.148 
14.805 -436.163 -74.175 
14.732 -436.082 -74.202 
14.670 -436.013 -74.225 
14.608 -435.945 -74.248 
14.555 -435.886 -74.267 
