24.700 -458.376 -70.112 
24.699 -458.278 -70.112 
24.698 -458.165 -70.113 
24.697 -458.072 -70.113 
24.695 -457.957 -70.114 
24.692 -457.863 -70.115 
24.690 -457.773 -70.116 
24.687 -457.653 -70.117 
24.685 -457.594 -70.118 
24.682 -457.507 -70.119 
24.679 -457.427 -70.121 
24.674 -457.321 -70.122 
24.672 -457.265 -70.123 
24.667 -457.162 -70.125 
24.659 -457.013 -70.129 
24.653 -456.911 -70.131 
24.648 -456.820 -70.133 
24.643 -456.740 -70.135 
24.636 -456.638 -70.138 
24.627 -456.508 -70.142 
24.618 -456.396 -70.145 
24.610 -456.289 -70.149 
24.601 -456.177 -70.153 
24.593 -456.086 -70.156 
24.586 -456.002 -70.159 
24.580 -455.937 -70.162 
24.573 -455.869 -70.165 
24.566 -455.787 -70.168 
24.552 -455.653 -70.174 
24.540 -455.535 -70.179 
24.532 -455.459 -70.183 
24.524 -455.386 -70.186 
24.515 -455.307 -70.190 
24.502 -455.200 -70.195 
24.487 -455.070 -70.202 
24.479 -455.004 -70.205 
24.460 -454.860 -70.213 
24.451 -454.787 -70.218 
24.434 -454.661 -70.225 
24.418 -454.547 -70.232 
24.399 -454.420 -70.240 
24.385 -454.326 -70.246 
24.369 -454.219 -70.253 
24.349 -454.092 -70.261 
24.331 -453.978 -70.269 
24.306 -453.830 -70.280 
24.294 -453.757 -70.286 
24.283 -453.693 -70.290 
24.259 -453.558 -70.301 
24.236 -453.432 -70.311 
24.215 -453.316 -70.320 
24.188 -453.173 -70.332 
24.159 -453.024 -70.345 
24.133 -452.895 -70.356 
24.098 -452.726 -70.371 
24.075 -452.617 -70.381 
24.054 -452.516 -70.391 
24.038 -452.446 -70.398 
24.018 -452.355 -70.406 
24.000 -452.273 -70.414 
23.974 -452.158 -70.426 
23.947 -452.045 -70.437 
23.923 -451.940 -70.448 
23.901 -451.851 -70.457 
23.882 -451.773 -70.465 
23.855 -451.664 -70.477 
23.826 -451.549 -70.489 
23.805 -451.466 -70.499 
23.779 -451.366 -70.510 
23.764 -451.310 -70.516 
23.740 -451.218 -70.527 
23.708 -451.099 -70.541 
23.686 -451.018 -70.550 
23.644 -450.868 -70.568 
23.607 -450.739 -70.584 
23.582 -450.649 -70.595 
23.549 -450.536 -70.609 
23.517 -450.428 -70.623 
23.480 -450.302 -70.639 
23.455 -450.220 -70.650 
23.420 -450.106 -70.665 
23.397 -450.032 -70.675 
23.363 -449.923 -70.690 
23.332 -449.824 -70.704 
23.304 -449.736 -70.716 
23.285 -449.680 -70.724 
23.260 -449.601 -70.735 
23.238 -449.536 -70.745 
23.212 -449.457 -70.756 
23.175 -449.349 -70.772 
23.133 -449.225 -70.790 
23.100 -449.129 -70.805 
23.066 -449.032 -70.820 
23.042 -448.963 -70.830 
22.997 -448.838 -70.850 
22.975 -448.775 -70.860 
22.937 -448.671 -70.876 
22.899 -448.567 -70.893 
22.854 -448.446 -70.913 
22.804 -448.312 -70.935 
22.765 -448.212 -70.952 
22.723 -448.103 -70.971 
22.689 -448.017 -70.985 
22.636 -447.882 -71.009 
22.603 -447.801 -71.023 
22.567 -447.712 -71.039 
22.536 -447.634 -71.053 
22.482 -447.503 -71.076 
22.447 -447.418 -71.092 
22.418 -447.350 -71.104 
22.389 -447.282 -71.117 
22.360 -447.213 -71.130 
22.313 -447.102 -71.150 
22.265 -446.992 -71.172 
22.234 -446.921 -71.185 
22.203 -446.851 -71.199 
22.173 -446.783 -71.212 
22.117 -446.659 -71.237 
22.078 -446.572 -71.254 
22.062 -446.537 -71.261 
22.036 -446.480 -71.273 
21.977 -446.352 -71.299 
21.923 -446.236 -71.323 
21.854 -446.091 -71.353 
21.820 -446.020 -71.368 
21.788 -445.952 -71.383 
21.739 -445.851 -71.405 
21.713 -445.797 -71.417 
21.681 -445.731 -71.431 
21.636 -445.641 -71.451 
21.586 -445.540 -71.473 
21.550 -445.469 -71.489 
21.489 -445.349 -71.516 
21.465 -445.302 -71.526 
21.425 -445.223 -71.544 
21.388 -445.152 -71.561 
21.359 -445.096 -71.573 
21.311 -445.005 -71.595 
21.269 -444.925 -71.613 
21.222 -444.837 -71.634 
21.184 -444.767 -71.651 
21.105 -444.621 -71.686 
21.046 -444.515 -71.712 
20.984 -444.403 -71.739 
20.948 -444.337 -71.755 
20.888 -444.231 -71.782 
20.842 -444.149 -71.802 
20.796 -444.067 -71.823 
20.746 -443.981 -71.845 
20.681 -443.866 -71.874 
20.601 -443.728 -71.909 
20.543 -443.628 -71.935 
20.503 -443.560 -71.952 
20.469 -443.502 -71.967 
20.418 -443.416 -71.990 
20.361 -443.320 -72.015 
20.283 -443.190 -72.049 
20.249 -443.134 -72.064 
20.196 -443.045 -72.087 
20.152 -442.974 -72.106 
20.114 -442.912 -72.123 
20.063 -442.828 -72.145 
19.996 -442.720 -72.174 
19.933 -442.618 -72.202 
19.866 -442.511 -72.231 
19.819 -442.436 -72.251 
19.779 -442.372 -72.269 
19.741 -442.312 -72.285 
19.678 -442.212 -72.312 
19.641 -442.156 -72.328 
19.603 -442.095 -72.345 
19.553 -442.019 -72.366 
19.509 -441.950 -72.385 
19.436 -441.838 -72.416 
19.389 -441.766 -72.437 
19.307 -441.641 -72.472 
19.271 -441.587 -72.488 
19.213 -441.499 -72.513 
19.158 -441.417 -72.536 
19.118 -441.357 -72.554 
19.050 -441.257 -72.583 
19.003 -441.188 -72.603 
18.938 -441.092 -72.631 
18.862 -440.981 -72.664 
18.801 -440.893 -72.690 
18.765 -440.842 -72.705 
18.716 -440.770 -72.726 
18.660 -440.691 -72.750 
18.598 -440.604 -72.777 
18.555 -440.542 -72.795 
18.499 -440.464 -72.819 
18.464 -440.415 -72.834 
18.414 -440.345 -72.856 
18.346 -440.252 -72.885 
18.285 -440.168 -72.911 
18.198 -440.050 -72.948 
18.135 -439.964 -72.975 
18.081 -439.891 -72.998 
18.022 -439.812 -73.023 
17.921 -439.677 -73.066 
17.864 -439.602 -73.090 
17.815 -439.537 -73.110 
17.753 -439.457 -73.136 
17.692 -439.377 -73.162 
17.654 -439.328 -73.178 
17.576 -439.226 -73.211 
17.507 -439.138 -73.239 
17.444 -439.057 -73.266 
17.366 -438.957 -73.298 
17.305 -438.879 -73.324 
17.248 -438.807 -73.348 
17.175 -438.716 -73.378 
17.125 -438.652 -73.399 
17.053 -438.561 -73.429 
16.984 -438.474 -73.458 
16.931 -438.409 -73.480 
16.879 -438.344 -73.502 
16.821 -438.272 -73.526 
16.758 -438.192 -73.552 
16.690 -438.109 -73.580 
16.639 -438.046 -73.602 
16.573 -437.965 -73.629 
16.522 -437.903 -73.650 
16.454 -437.820 -73.678 
16.387 -437.738 -73.706 
16.322 -437.659 -73.732 
16.240 -437.558 -73.766 
16.205 -437.517 -73.781 
16.134 -437.431 -73.810 
16.072 -437.356 -73.835 
16.025 -437.300 -73.854 
15.965 -437.228 -73.879 
15.890 -437.138 -73.910 
15.834 -437.071 -73.932 
15.763 -436.988 -73.961 
15.683 -436.893 -73.994 
15.624 -436.824 -74.017 
15.572 -436.762 -74.038 
15.519 -436.700 -74.060 
15.428 -436.595 -74.096 
15.354 -436.508 -74.126 
15.314 -436.462 -74.142 
15.233 -436.369 -74.174 
15.178 -436.305 -74.196 
15.121 -436.239 -74.219 
15.039 -436.145 -74.252 
14.982 -436.080 -74.274 
14.928 -436.018 -74.296 
14.885 -435.969 -74.313 
14.826 -435.902 -74.336 
14.772 -435.841 -74.358 
14.717 -435.779 -74.379 
14.649 -435.702 -74.406 
14.596 -435.643 -74.427 
14.524 -435.562 -74.455 
14.473 -435.504 -74.475 
