24.700 -458.424 -70.112 
24.700 -458.343 -70.112 
24.698 -458.218 -70.112 
24.697 -458.130 -70.113 
24.696 -458.067 -70.113 
24.695 -457.976 -70.114 
24.692 -457.863 -70.115 
24.689 -457.739 -70.116 
24.687 -457.647 -70.117 
24.683 -457.536 -70.119 
24.679 -457.422 -70.120 
24.675 -457.323 -70.122 
24.670 -457.213 -70.124 
24.667 -457.137 -70.125 
24.660 -457.006 -70.128 
24.653 -456.884 -70.131 
24.648 -456.795 -70.133 
24.642 -456.702 -70.135 
24.637 -456.619 -70.137 
24.628 -456.484 -70.141 
24.623 -456.411 -70.143 
24.615 -456.309 -70.147 
24.610 -456.241 -70.149 
24.600 -456.121 -70.153 
24.596 -456.070 -70.155 
24.589 -455.995 -70.158 
24.578 -455.871 -70.162 
24.565 -455.735 -70.168 
24.556 -455.639 -70.172 
24.543 -455.514 -70.177 
24.528 -455.381 -70.183 
24.516 -455.268 -70.188 
24.502 -455.153 -70.194 
24.492 -455.069 -70.198 
24.479 -454.962 -70.204 
24.467 -454.867 -70.209 
24.455 -454.782 -70.213 
24.440 -454.666 -70.220 
24.427 -454.578 -70.225 
24.410 -454.455 -70.232 
24.388 -454.310 -70.241 
24.365 -454.157 -70.251 
24.352 -454.075 -70.257 
24.332 -453.953 -70.265 
24.302 -453.770 -70.277 
24.278 -453.634 -70.287 
24.264 -453.554 -70.293 
24.245 -453.452 -70.300 
24.228 -453.360 -70.307 
24.205 -453.238 -70.317 
24.188 -453.148 -70.324 
24.161 -453.015 -70.335 
24.140 -452.911 -70.343 
24.119 -452.808 -70.352 
24.089 -452.663 -70.364 
24.071 -452.579 -70.372 
24.055 -452.506 -70.378 
24.032 -452.400 -70.388 
24.013 -452.319 -70.396 
23.988 -452.207 -70.406 
23.958 -452.079 -70.419 
23.941 -452.006 -70.426 
23.912 -451.886 -70.438 
23.893 -451.810 -70.446 
23.870 -451.714 -70.456 
23.846 -451.619 -70.466 
23.830 -451.557 -70.473 
23.805 -451.459 -70.484 
23.784 -451.378 -70.493 
23.771 -451.329 -70.498 
23.739 -451.205 -70.512 
23.717 -451.125 -70.521 
23.676 -450.977 -70.538 
23.652 -450.889 -70.548 
23.621 -450.779 -70.561 
23.588 -450.665 -70.575 
23.548 -450.525 -70.592 
23.511 -450.401 -70.608 
23.476 -450.286 -70.622 
23.440 -450.169 -70.637 
23.405 -450.056 -70.652 
23.368 -449.940 -70.667 
23.347 -449.874 -70.676 
23.312 -449.765 -70.690 
23.276 -449.655 -70.705 
23.255 -449.594 -70.714 
23.232 -449.525 -70.723 
23.196 -449.418 -70.738 
23.163 -449.319 -70.752 
23.120 -449.195 -70.770 
23.095 -449.124 -70.780 
23.057 -449.014 -70.796 
23.014 -448.897 -70.814 
22.989 -448.827 -70.824 
22.935 -448.679 -70.846 
22.901 -448.586 -70.861 
22.876 -448.521 -70.871 
22.850 -448.451 -70.882 
22.802 -448.325 -70.901 
22.756 -448.204 -70.921 
22.710 -448.087 -70.940 
22.667 -447.979 -70.957 
22.637 -447.904 -70.970 
22.595 -447.799 -70.987 
22.564 -447.723 -71.000 
22.522 -447.621 -71.017 
22.489 -447.541 -71.031 
22.448 -447.443 -71.048 
22.401 -447.332 -71.067 
22.359 -447.235 -71.085 
22.320 -447.144 -71.101 
22.273 -447.035 -71.121 
22.232 -446.943 -71.137 
22.204 -446.880 -71.149 
22.175 -446.813 -71.161 
22.129 -446.711 -71.180 
22.078 -446.598 -71.202 
22.046 -446.529 -71.215 
21.994 -446.416 -71.237 
21.949 -446.319 -71.256 
21.899 -446.214 -71.276 
21.875 -446.163 -71.287 
21.822 -446.053 -71.309 
21.792 -445.991 -71.321 
21.760 -445.924 -71.335 
21.731 -445.865 -71.347 
21.698 -445.799 -71.361 
21.643 -445.688 -71.384 
21.588 -445.579 -71.407 
21.547 -445.497 -71.424 
21.497 -445.399 -71.445 
21.454 -445.316 -71.463 
21.398 -445.205 -71.487 
21.352 -445.118 -71.506 
21.304 -445.027 -71.527 
21.260 -444.943 -71.546 
21.207 -444.845 -71.568 
21.168 -444.773 -71.584 
21.140 -444.720 -71.596 
21.070 -444.592 -71.626 
21.002 -444.468 -71.654 
20.935 -444.348 -71.682 
20.881 -444.251 -71.705 
20.838 -444.175 -71.723 
20.772 -444.058 -71.751 
20.736 -443.995 -71.766 
20.669 -443.878 -71.794 
20.614 -443.782 -71.817 
20.564 -443.696 -71.838 
20.512 -443.607 -71.860 
20.477 -443.547 -71.875 
20.438 -443.480 -71.891 
20.396 -443.410 -71.908 
20.360 -443.348 -71.924 
20.300 -443.248 -71.949 
20.238 -443.144 -71.974 
20.193 -443.070 -71.993 
20.137 -442.978 -72.016 
20.102 -442.921 -72.030 
20.057 -442.848 -72.049 
20.016 -442.781 -72.066 
19.965 -442.698 -72.087 
19.899 -442.592 -72.114 
19.855 -442.521 -72.132 
19.785 -442.410 -72.161 
19.743 -442.342 -72.178 
19.679 -442.241 -72.204 
19.637 -442.175 -72.221 
19.577 -442.081 -72.246 
19.527 -442.004 -72.266 
19.473 -441.919 -72.289 
19.415 -441.830 -72.312 
19.361 -441.746 -72.334 
19.314 -441.675 -72.353 
19.244 -441.568 -72.382 
19.196 -441.497 -72.401 
19.152 -441.430 -72.419 
19.103 -441.357 -72.439 
19.025 -441.241 -72.471 
18.964 -441.149 -72.496 
18.907 -441.065 -72.519 
18.867 -441.008 -72.535 
18.816 -440.934 -72.555 
18.760 -440.851 -72.578 
18.711 -440.781 -72.598 
18.652 -440.697 -72.621 
18.596 -440.616 -72.644 
18.548 -440.548 -72.663 
18.499 -440.480 -72.683 
18.453 -440.414 -72.701 
18.415 -440.361 -72.716 
18.353 -440.274 -72.741 
18.292 -440.190 -72.765 
18.219 -440.089 -72.795 
18.143 -439.985 -72.825 
18.081 -439.900 -72.850 
18.029 -439.830 -72.870 
17.975 -439.757 -72.892 
17.917 -439.679 -72.915 
17.856 -439.598 -72.939 
17.785 -439.503 -72.968 
17.712 -439.408 -72.997 
17.664 -439.345 -73.016 
17.600 -439.261 -73.042 
17.530 -439.170 -73.069 
17.455 -439.074 -73.099 
17.369 -438.963 -73.133 
17.296 -438.869 -73.162 
17.227 -438.780 -73.189 
17.166 -438.704 -73.213 
17.103 -438.623 -73.238 
17.052 -438.559 -73.258 
16.995 -438.487 -73.281 
16.934 -438.410 -73.305 
16.862 -438.321 -73.333 
16.818 -438.266 -73.350 
16.738 -438.167 -73.381 
16.656 -438.066 -73.413 
16.595 -437.990 -73.437 
16.537 -437.919 -73.459 
16.474 -437.842 -73.483 
16.397 -437.749 -73.513 
16.341 -437.681 -73.534 
16.271 -437.597 -73.561 
16.190 -437.499 -73.592 
16.131 -437.428 -73.615 
16.059 -437.342 -73.642 
15.994 -437.265 -73.667 
15.907 -437.162 -73.700 
15.857 -437.102 -73.719 
15.808 -437.045 -73.737 
15.726 -436.948 -73.768 
15.661 -436.871 -73.793 
15.594 -436.794 -73.817 
15.497 -436.681 -73.854 
15.423 -436.595 -73.881 
15.365 -436.527 -73.903 
15.290 -436.441 -73.931 
15.206 -436.344 -73.962 
15.159 -436.290 -73.979 
15.090 -436.211 -74.004 
15.024 -436.135 -74.028 
14.941 -436.040 -74.059 
14.868 -435.957 -74.085 
14.798 -435.877 -74.111 
14.704 -435.771 -74.145 
14.644 -435.703 -74.167 
14.597 -435.651 -74.184 
