24.700 -458.419 -70.112 
24.700 -458.329 -70.112 
24.698 -458.146 -70.113 
24.697 -458.049 -70.113 
24.695 -457.943 -70.114 
24.692 -457.824 -70.115 
24.688 -457.695 -70.117 
24.687 -457.635 -70.117 
24.681 -457.481 -70.120 
24.676 -457.356 -70.122 
24.672 -457.243 -70.124 
24.668 -457.164 -70.125 
24.663 -457.074 -70.127 
24.658 -456.974 -70.129 
24.652 -456.874 -70.132 
24.648 -456.812 -70.133 
24.641 -456.703 -70.136 
24.633 -456.581 -70.139 
24.623 -456.438 -70.143 
24.612 -456.303 -70.147 
24.602 -456.181 -70.151 
24.594 -456.085 -70.154 
24.583 -455.963 -70.158 
24.575 -455.870 -70.162 
24.565 -455.775 -70.165 
24.558 -455.698 -70.168 
24.546 -455.585 -70.173 
24.533 -455.470 -70.177 
24.525 -455.394 -70.181 
24.520 -455.352 -70.183 
24.504 -455.210 -70.189 
24.493 -455.122 -70.194 
24.480 -455.015 -70.199 
24.466 -454.911 -70.204 
24.451 -454.797 -70.211 
24.442 -454.733 -70.214 
24.428 -454.628 -70.220 
24.411 -454.511 -70.227 
24.395 -454.400 -70.233 
24.381 -454.309 -70.239 
24.359 -454.167 -70.248 
24.341 -454.053 -70.255 
24.325 -453.957 -70.261 
24.306 -453.840 -70.269 
24.287 -453.734 -70.276 
24.270 -453.632 -70.283 
24.250 -453.520 -70.291 
24.229 -453.406 -70.300 
24.212 -453.314 -70.306 
24.193 -453.214 -70.314 
24.176 -453.131 -70.320 
24.155 -453.023 -70.329 
24.132 -452.908 -70.338 
24.106 -452.779 -70.348 
24.080 -452.656 -70.359 
24.064 -452.582 -70.365 
24.039 -452.467 -70.375 
24.018 -452.374 -70.383 
23.997 -452.281 -70.392 
23.976 -452.186 -70.401 
23.945 -452.053 -70.413 
23.931 -451.993 -70.419 
23.900 -451.866 -70.432 
23.878 -451.775 -70.441 
23.853 -451.676 -70.451 
23.825 -451.565 -70.462 
23.810 -451.505 -70.469 
23.787 -451.417 -70.478 
23.761 -451.316 -70.489 
23.735 -451.220 -70.500 
23.690 -451.054 -70.518 
23.659 -450.943 -70.531 
23.621 -450.809 -70.547 
23.594 -450.717 -70.558 
23.571 -450.635 -70.568 
23.561 -450.604 -70.572 
23.526 -450.485 -70.586 
23.492 -450.371 -70.601 
23.466 -450.285 -70.612 
23.433 -450.179 -70.626 
23.395 -450.059 -70.642 
23.370 -449.979 -70.652 
23.344 -449.899 -70.663 
23.307 -449.784 -70.679 
23.267 -449.663 -70.696 
23.242 -449.589 -70.706 
23.207 -449.485 -70.721 
23.179 -449.402 -70.733 
23.148 -449.315 -70.746 
23.121 -449.237 -70.758 
23.090 -449.149 -70.771 
23.055 -449.049 -70.786 
23.032 -448.986 -70.795 
22.993 -448.879 -70.811 
22.943 -448.741 -70.833 
22.910 -448.653 -70.847 
22.876 -448.564 -70.861 
22.841 -448.471 -70.876 
22.794 -448.351 -70.896 
22.736 -448.201 -70.921 
22.711 -448.139 -70.931 
22.675 -448.047 -70.946 
22.630 -447.936 -70.965 
22.593 -447.847 -70.980 
22.557 -447.759 -70.996 
22.520 -447.668 -71.011 
22.493 -447.603 -71.023 
22.466 -447.539 -71.034 
22.421 -447.432 -71.053 
22.370 -447.314 -71.074 
22.335 -447.233 -71.089 
22.279 -447.105 -71.112 
22.242 -447.020 -71.128 
22.193 -446.911 -71.149 
22.161 -446.839 -71.163 
22.125 -446.759 -71.178 
22.087 -446.677 -71.194 
22.047 -446.590 -71.211 
22.012 -446.514 -71.225 
21.980 -446.445 -71.239 
21.939 -446.357 -71.256 
21.896 -446.268 -71.274 
21.856 -446.183 -71.291 
21.818 -446.104 -71.307 
21.763 -445.991 -71.331 
21.710 -445.883 -71.353 
21.676 -445.814 -71.367 
21.615 -445.691 -71.393 
21.558 -445.579 -71.417 
21.502 -445.469 -71.441 
21.461 -445.389 -71.458 
21.414 -445.298 -71.478 
21.358 -445.191 -71.502 
21.331 -445.140 -71.513 
21.261 -445.008 -71.543 
21.212 -444.917 -71.564 
21.152 -444.805 -71.590 
21.085 -444.682 -71.618 
21.025 -444.572 -71.644 
20.972 -444.478 -71.666 
20.925 -444.393 -71.686 
20.871 -444.297 -71.709 
20.817 -444.201 -71.732 
20.749 -444.082 -71.760 
20.693 -443.986 -71.784 
20.643 -443.899 -71.805 
20.571 -443.775 -71.835 
20.513 -443.676 -71.859 
20.474 -443.610 -71.876 
20.439 -443.550 -71.890 
20.417 -443.514 -71.899 
20.382 -443.454 -71.914 
20.339 -443.383 -71.932 
20.278 -443.282 -71.957 
20.231 -443.204 -71.977 
20.184 -443.127 -71.996 
20.154 -443.078 -72.009 
20.088 -442.970 -72.036 
20.033 -442.882 -72.059 
19.975 -442.789 -72.082 
19.921 -442.701 -72.105 
19.866 -442.615 -72.127 
19.831 -442.559 -72.142 
19.793 -442.499 -72.157 
19.727 -442.395 -72.184 
19.685 -442.330 -72.201 
19.617 -442.224 -72.229 
19.568 -442.149 -72.249 
19.548 -442.117 -72.257 
19.512 -442.063 -72.272 
19.475 -442.006 -72.287 
19.389 -441.876 -72.322 
19.337 -441.797 -72.343 
19.256 -441.677 -72.375 
19.190 -441.579 -72.402 
19.123 -441.481 -72.429 
19.064 -441.395 -72.453 
18.974 -441.263 -72.490 
18.944 -441.220 -72.502 
18.893 -441.147 -72.522 
18.830 -441.057 -72.548 
18.776 -440.979 -72.570 
18.711 -440.888 -72.596 
18.649 -440.801 -72.621 
18.551 -440.664 -72.660 
18.495 -440.587 -72.683 
18.435 -440.504 -72.707 
18.373 -440.420 -72.732 
18.306 -440.328 -72.759 
18.249 -440.251 -72.781 
18.215 -440.207 -72.794 
18.178 -440.157 -72.809 
18.125 -440.085 -72.831 
18.078 -440.023 -72.849 
17.999 -439.919 -72.881 
17.950 -439.854 -72.900 
17.898 -439.786 -72.921 
17.854 -439.729 -72.938 
17.789 -439.645 -72.964 
17.740 -439.582 -72.984 
17.694 -439.522 -73.002 
17.631 -439.441 -73.027 
17.586 -439.384 -73.045 
17.529 -439.312 -73.067 
17.461 -439.226 -73.094 
17.404 -439.153 -73.116 
17.331 -439.062 -73.145 
17.261 -438.974 -73.173 
17.216 -438.918 -73.190 
17.145 -438.829 -73.218 
17.085 -438.755 -73.241 
17.040 -438.699 -73.259 
16.996 -438.645 -73.276 
16.920 -438.552 -73.306 
16.868 -438.489 -73.326 
16.829 -438.441 -73.341 
16.761 -438.358 -73.367 
16.698 -438.281 -73.392 
16.624 -438.192 -73.420 
16.562 -438.117 -73.444 
16.492 -438.032 -73.471 
16.385 -437.905 -73.512 
16.319 -437.827 -73.537 
16.225 -437.715 -73.573 
16.167 -437.647 -73.595 
16.146 -437.621 -73.603 
16.065 -437.526 -73.634 
15.971 -437.415 -73.669 
15.903 -437.336 -73.694 
15.851 -437.276 -73.714 
15.803 -437.219 -73.732 
15.746 -437.153 -73.753 
15.703 -437.104 -73.769 
15.636 -437.026 -73.794 
15.587 -436.970 -73.812 
15.486 -436.854 -73.850 
15.418 -436.776 -73.875 
15.366 -436.717 -73.894 
15.331 -436.676 -73.908 
15.251 -436.586 -73.937 
15.174 -436.499 -73.965 
15.114 -436.432 -73.987 
15.034 -436.341 -74.017 
14.986 -436.287 -74.034 
14.897 -436.189 -74.067 
14.838 -436.122 -74.089 
14.767 -436.044 -74.115 
14.702 -435.972 -74.138 
14.641 -435.904 -74.161 
14.583 -435.840 -74.182 
