26.394 -423.637 -82.403 
26.385 -423.548 -82.408 
26.374 -423.441 -82.413 
26.364 -423.350 -82.418 
26.353 -423.248 -82.424 
26.340 -423.135 -82.430 
26.330 -423.045 -82.435 
26.313 -422.902 -82.443 
26.299 -422.793 -82.450 
26.281 -422.658 -82.458 
26.271 -422.578 -82.463 
26.258 -422.488 -82.469 
26.248 -422.410 -82.473 
26.235 -422.319 -82.479 
26.223 -422.236 -82.485 
26.211 -422.154 -82.490 
26.199 -422.078 -82.495 
26.184 -421.981 -82.502 
26.169 -421.885 -82.508 
26.153 -421.781 -82.516 
26.133 -421.661 -82.524 
26.114 -421.546 -82.533 
26.099 -421.460 -82.539 
26.086 -421.382 -82.545 
26.070 -421.290 -82.552 
26.051 -421.187 -82.560 
26.032 -421.079 -82.569 
26.016 -420.993 -82.576 
25.990 -420.860 -82.587 
25.955 -420.681 -82.602 
25.926 -420.536 -82.615 
25.905 -420.435 -82.624 
25.889 -420.354 -82.632 
25.874 -420.285 -82.638 
25.852 -420.181 -82.648 
25.827 -420.071 -82.659 
25.800 -419.947 -82.671 
25.777 -419.845 -82.681 
25.755 -419.753 -82.690 
25.736 -419.671 -82.699 
25.703 -419.533 -82.713 
25.681 -419.442 -82.723 
25.650 -419.317 -82.736 
25.630 -419.236 -82.745 
25.601 -419.121 -82.758 
25.588 -419.073 -82.763 
25.573 -419.015 -82.770 
25.545 -418.906 -82.782 
25.520 -418.815 -82.793 
25.497 -418.730 -82.803 
25.460 -418.593 -82.819 
25.424 -418.467 -82.835 
25.394 -418.363 -82.847 
25.362 -418.251 -82.861 
25.337 -418.168 -82.872 
25.305 -418.059 -82.886 
25.272 -417.950 -82.900 
25.239 -417.843 -82.914 
25.212 -417.755 -82.926 
25.181 -417.655 -82.940 
25.158 -417.584 -82.949 
25.129 -417.492 -82.962 
25.101 -417.404 -82.974 
25.071 -417.312 -82.987 
25.041 -417.224 -83.000 
25.004 -417.113 -83.016 
24.972 -417.016 -83.030 
24.945 -416.940 -83.041 
24.918 -416.860 -83.053 
24.884 -416.763 -83.068 
24.845 -416.652 -83.084 
24.809 -416.553 -83.100 
24.781 -416.472 -83.112 
24.754 -416.398 -83.124 
24.716 -416.295 -83.140 
24.685 -416.213 -83.153 
24.659 -416.142 -83.164 
24.612 -416.018 -83.184 
24.580 -415.935 -83.198 
24.556 -415.872 -83.208 
24.533 -415.814 -83.218 
24.496 -415.718 -83.234 
24.451 -415.605 -83.253 
24.421 -415.530 -83.266 
24.382 -415.432 -83.283 
24.352 -415.358 -83.295 
24.315 -415.269 -83.311 
24.291 -415.210 -83.321 
24.259 -415.132 -83.335 
24.228 -415.058 -83.348 
24.195 -414.980 -83.362 
24.147 -414.867 -83.383 
24.099 -414.757 -83.403 
24.048 -414.639 -83.425 
24.005 -414.543 -83.443 
23.963 -414.449 -83.461 
23.919 -414.351 -83.480 
23.868 -414.239 -83.502 
23.820 -414.135 -83.522 
23.778 -414.045 -83.540 
23.734 -413.950 -83.559 
23.700 -413.879 -83.573 
23.642 -413.757 -83.598 
23.584 -413.639 -83.622 
23.541 -413.550 -83.641 
23.491 -413.450 -83.662 
23.447 -413.363 -83.680 
23.414 -413.296 -83.694 
23.376 -413.222 -83.710 
23.337 -413.146 -83.726 
23.297 -413.069 -83.743 
23.250 -412.977 -83.763 
23.206 -412.894 -83.781 
23.154 -412.796 -83.803 
23.095 -412.686 -83.828 
23.056 -412.615 -83.844 
23.019 -412.546 -83.860 
22.956 -412.432 -83.887 
22.890 -412.313 -83.915 
22.840 -412.225 -83.935 
22.794 -412.143 -83.955 
22.739 -412.046 -83.978 
22.700 -411.980 -83.994 
22.654 -411.900 -84.014 
22.597 -411.804 -84.038 
22.556 -411.734 -84.055 
22.508 -411.654 -84.076 
22.456 -411.567 -84.098 
22.404 -411.482 -84.120 
22.362 -411.414 -84.137 
22.317 -411.341 -84.156 
22.266 -411.257 -84.178 
22.192 -411.140 -84.209 
22.156 -411.082 -84.224 
22.105 -411.003 -84.246 
22.046 -410.911 -84.271 
21.992 -410.828 -84.294 
21.937 -410.744 -84.317 
21.900 -410.688 -84.332 
21.856 -410.622 -84.351 
21.811 -410.553 -84.370 
21.752 -410.466 -84.395 
21.700 -410.390 -84.416 
21.629 -410.285 -84.447 
21.585 -410.222 -84.465 
21.502 -410.104 -84.500 
21.455 -410.037 -84.520 
21.386 -409.939 -84.549 
21.344 -409.881 -84.567 
21.299 -409.818 -84.586 
21.224 -409.715 -84.618 
21.153 -409.619 -84.647 
21.092 -409.537 -84.673 
21.027 -409.449 -84.700 
20.993 -409.404 -84.715 
20.956 -409.355 -84.730 
20.903 -409.286 -84.753 
20.836 -409.198 -84.781 
20.776 -409.122 -84.806 
20.726 -409.057 -84.828 
20.651 -408.962 -84.859 
20.589 -408.883 -84.886 
20.501 -408.774 -84.923 
20.436 -408.693 -84.951 
20.396 -408.644 -84.967 
20.354 -408.593 -84.985 
20.279 -408.502 -85.017 
20.235 -408.449 -85.035 
20.170 -408.372 -85.062 
20.102 -408.290 -85.091 
20.050 -408.230 -85.113 
19.962 -408.127 -85.150 
19.912 -408.069 -85.171 
19.846 -407.993 -85.199 
19.789 -407.929 -85.224 
19.728 -407.859 -85.249 
19.675 -407.800 -85.272 
19.607 -407.725 -85.300 
19.530 -407.640 -85.333 
19.446 -407.549 -85.368 
19.366 -407.462 -85.402 
19.331 -407.424 -85.417 
19.257 -407.345 -85.448 
19.189 -407.272 -85.477 
19.122 -407.203 -85.505 
19.078 -407.156 -85.524 
19.010 -407.086 -85.553 
18.928 -407.002 -85.588 
18.864 -406.938 -85.615 
18.801 -406.874 -85.642 
18.703 -406.776 -85.683 
18.636 -406.709 -85.711 
18.578 -406.653 -85.736 
18.517 -406.593 -85.762 
18.476 -406.553 -85.779 
18.420 -406.499 -85.803 
18.332 -406.415 -85.840 
18.272 -406.358 -85.865 
18.186 -406.277 -85.901 
18.150 -406.243 -85.916 
18.077 -406.176 -85.947 
18.014 -406.117 -85.974 
17.950 -406.059 -86.000 
17.882 -405.998 -86.029 
17.796 -405.920 -86.065 
17.721 -405.854 -86.096 
17.622 -405.767 -86.138 
17.538 -405.694 -86.173 
17.465 -405.631 -86.204 
17.381 -405.559 -86.240 
17.311 -405.500 -86.269 
17.247 -405.446 -86.296 
17.163 -405.375 -86.331 
17.063 -405.292 -86.373 
16.973 -405.219 -86.410 
16.895 -405.155 -86.443 
16.814 -405.090 -86.477 
16.742 -405.033 -86.507 
16.655 -404.964 -86.543 
16.584 -404.908 -86.573 
16.511 -404.852 -86.603 
16.430 -404.789 -86.637 
16.317 -404.703 -86.685 
16.216 -404.628 -86.727 
16.113 -404.551 -86.770 
16.035 -404.493 -86.803 
15.984 -404.457 -86.824 
15.890 -404.389 -86.864 
15.830 -404.346 -86.889 
15.748 -404.288 -86.923 
15.678 -404.238 -86.953 
15.615 -404.194 -86.979 
15.558 -404.154 -87.003 
15.468 -404.092 -87.040 
15.382 -404.033 -87.076 
15.282 -403.965 -87.118 
15.198 -403.908 -87.153 
15.127 -403.861 -87.182 
15.060 -403.817 -87.211 
14.994 -403.774 -87.238 
14.939 -403.738 -87.261 
14.854 -403.683 -87.296 
14.787 -403.640 -87.324 
14.689 -403.577 -87.365 
14.588 -403.514 -87.407 
14.507 -403.464 -87.441 
14.443 -403.425 -87.467 
14.293 -403.333 -87.530 
14.214 -403.286 -87.563 
14.128 -403.234 -87.599 
14.068 -403.199 -87.623 
13.968 -403.140 -87.665 
13.862 -403.078 -87.709 
13.749 -403.013 -87.756 
13.666 -402.966 -87.790 
13.550 -402.902 -87.839 
13.449 -402.846 -87.880 
13.376 -402.806 -87.911 
13.294 -402.761 -87.945 
13.208 -402.715 -87.980 
13.137 -402.676 -88.010 
13.079 -402.646 -88.034 
12.987 -402.598 -88.072 
12.894 -402.549 -88.111 
12.774 -402.487 -88.161 
12.656 -402.427 -88.210 
12.555 -402.376 -88.252 
12.413 -402.306 -88.311 
12.341 -402.271 -88.341 
12.223 -402.214 -88.390 
12.097 -402.154 -88.443 
12.030 -402.122 -88.471 
11.936 -402.078 -88.510 
11.830 -402.029 -88.554 
11.696 -401.969 -88.610 
11.586 -401.920 -88.655 
11.504 -401.883 -88.689 
11.407 -401.841 -88.730 
11.309 -401.799 -88.770 
11.166 -401.738 -88.830 
11.062 -401.695 -88.873 
10.960 -401.653 -88.915 
10.861 -401.612 -88.957 
10.797 -401.586 -88.983 
10.718 -401.555 -89.016 
10.642 -401.525 -89.048 
10.573 -401.498 -89.076 
10.478 -401.462 -89.115 
10.364 -401.418 -89.163 
10.276 -401.385 -89.199 
10.194 -401.355 -89.233 
