26.391 -423.607 -82.405 
26.380 -423.502 -82.410 
26.370 -423.409 -82.415 
26.360 -423.310 -82.421 
26.350 -423.222 -82.426 
26.340 -423.137 -82.430 
26.331 -423.056 -82.435 
26.318 -422.947 -82.442 
26.304 -422.839 -82.448 
26.291 -422.738 -82.455 
26.276 -422.621 -82.462 
26.263 -422.528 -82.469 
26.252 -422.448 -82.474 
26.238 -422.344 -82.481 
26.224 -422.247 -82.488 
26.208 -422.139 -82.495 
26.188 -422.008 -82.505 
26.163 -421.844 -82.517 
26.140 -421.704 -82.527 
26.124 -421.605 -82.535 
26.104 -421.488 -82.544 
26.084 -421.369 -82.554 
26.064 -421.258 -82.563 
26.048 -421.170 -82.571 
26.024 -421.039 -82.582 
26.007 -420.948 -82.590 
25.982 -420.817 -82.601 
25.968 -420.742 -82.608 
25.956 -420.684 -82.614 
25.937 -420.583 -82.623 
25.923 -420.515 -82.629 
25.903 -420.418 -82.639 
25.875 -420.282 -82.652 
25.845 -420.144 -82.666 
25.828 -420.069 -82.674 
25.792 -419.905 -82.691 
25.771 -419.814 -82.701 
25.735 -419.658 -82.717 
25.718 -419.587 -82.725 
25.691 -419.475 -82.738 
25.665 -419.370 -82.750 
25.642 -419.276 -82.760 
25.608 -419.141 -82.776 
25.591 -419.075 -82.783 
25.566 -418.977 -82.795 
25.537 -418.867 -82.808 
25.511 -418.772 -82.819 
25.490 -418.693 -82.829 
25.464 -418.600 -82.840 
25.419 -418.435 -82.861 
25.389 -418.330 -82.874 
25.360 -418.230 -82.887 
25.331 -418.132 -82.900 
25.306 -418.046 -82.912 
25.271 -417.931 -82.927 
25.252 -417.867 -82.936 
25.230 -417.796 -82.946 
25.202 -417.706 -82.959 
25.174 -417.618 -82.971 
25.137 -417.502 -82.988 
25.105 -417.401 -83.003 
25.062 -417.270 -83.022 
25.026 -417.162 -83.038 
24.995 -417.070 -83.052 
24.975 -417.013 -83.061 
24.934 -416.892 -83.079 
24.894 -416.776 -83.097 
24.859 -416.676 -83.113 
24.839 -416.622 -83.121 
24.808 -416.535 -83.135 
24.771 -416.432 -83.152 
24.725 -416.308 -83.172 
24.692 -416.216 -83.187 
24.665 -416.146 -83.198 
24.625 -416.037 -83.216 
24.591 -415.949 -83.231 
24.557 -415.862 -83.246 
24.521 -415.767 -83.262 
24.495 -415.702 -83.273 
24.460 -415.612 -83.288 
24.439 -415.560 -83.297 
24.392 -415.443 -83.318 
24.349 -415.335 -83.337 
24.286 -415.183 -83.364 
24.233 -415.056 -83.387 
24.202 -414.982 -83.400 
24.173 -414.914 -83.413 
24.134 -414.823 -83.430 
24.101 -414.746 -83.445 
24.052 -414.635 -83.466 
24.000 -414.517 -83.489 
23.967 -414.444 -83.503 
23.905 -414.307 -83.530 
23.855 -414.197 -83.552 
23.816 -414.114 -83.569 
23.771 -414.017 -83.589 
23.728 -413.927 -83.607 
23.680 -413.827 -83.628 
23.630 -413.723 -83.650 
23.611 -413.684 -83.659 
23.568 -413.598 -83.677 
23.513 -413.486 -83.702 
23.474 -413.409 -83.719 
23.433 -413.327 -83.737 
23.392 -413.246 -83.755 
23.334 -413.134 -83.781 
23.276 -413.023 -83.806 
23.202 -412.884 -83.838 
23.154 -412.793 -83.860 
23.102 -412.697 -83.883 
23.042 -412.586 -83.909 
22.990 -412.493 -83.932 
22.946 -412.413 -83.952 
22.893 -412.318 -83.975 
22.832 -412.210 -84.002 
22.767 -412.097 -84.031 
22.714 -412.005 -84.054 
22.657 -411.908 -84.079 
22.610 -411.827 -84.100 
22.556 -411.737 -84.124 
22.497 -411.638 -84.150 
22.443 -411.549 -84.174 
22.372 -411.434 -84.205 
22.334 -411.372 -84.222 
22.279 -411.283 -84.246 
22.228 -411.202 -84.268 
22.180 -411.127 -84.289 
22.123 -411.037 -84.315 
22.085 -410.978 -84.331 
22.034 -410.899 -84.354 
21.968 -410.798 -84.383 
21.915 -410.717 -84.406 
21.859 -410.634 -84.431 
21.817 -410.571 -84.449 
21.780 -410.517 -84.465 
21.728 -410.439 -84.488 
21.667 -410.351 -84.515 
21.626 -410.291 -84.533 
21.571 -410.213 -84.557 
21.507 -410.121 -84.585 
21.433 -410.018 -84.617 
21.380 -409.943 -84.640 
21.313 -409.850 -84.670 
21.264 -409.783 -84.691 
21.196 -409.690 -84.721 
21.169 -409.653 -84.733 
21.121 -409.588 -84.754 
21.046 -409.489 -84.786 
20.990 -409.414 -84.811 
20.918 -409.320 -84.843 
20.819 -409.191 -84.886 
20.748 -409.101 -84.917 
20.695 -409.033 -84.940 
20.624 -408.944 -84.971 
20.559 -408.862 -84.999 
20.503 -408.793 -85.023 
20.424 -408.696 -85.057 
20.351 -408.608 -85.089 
20.304 -408.550 -85.110 
20.237 -408.470 -85.139 
20.176 -408.398 -85.165 
20.109 -408.319 -85.194 
20.048 -408.248 -85.220 
19.994 -408.185 -85.244 
19.943 -408.126 -85.266 
19.905 -408.082 -85.282 
19.829 -407.996 -85.315 
19.763 -407.922 -85.344 
19.710 -407.862 -85.367 
19.662 -407.809 -85.388 
19.592 -407.732 -85.419 
19.529 -407.662 -85.446 
19.430 -407.555 -85.489 
19.383 -407.505 -85.510 
19.329 -407.447 -85.533 
19.250 -407.363 -85.567 
19.149 -407.258 -85.611 
19.104 -407.211 -85.631 
19.015 -407.119 -85.669 
18.931 -407.034 -85.705 
18.863 -406.966 -85.735 
18.809 -406.911 -85.758 
18.739 -406.842 -85.788 
18.692 -406.796 -85.809 
18.616 -406.721 -85.842 
18.540 -406.647 -85.875 
18.488 -406.596 -85.897 
18.411 -406.522 -85.930 
18.314 -406.430 -85.972 
18.238 -406.360 -86.005 
18.139 -406.268 -86.048 
18.082 -406.216 -86.072 
18.016 -406.155 -86.101 
17.942 -406.088 -86.133 
17.875 -406.028 -86.162 
17.799 -405.960 -86.195 
17.745 -405.912 -86.219 
17.651 -405.830 -86.259 
17.606 -405.791 -86.279 
17.553 -405.745 -86.302 
17.467 -405.672 -86.339 
17.376 -405.594 -86.379 
17.308 -405.536 -86.409 
17.193 -405.441 -86.458 
17.121 -405.380 -86.490 
17.053 -405.325 -86.519 
16.955 -405.246 -86.561 
16.864 -405.172 -86.601 
16.784 -405.109 -86.635 
16.729 -405.066 -86.659 
16.669 -405.019 -86.685 
16.582 -404.951 -86.723 
16.515 -404.899 -86.752 
16.464 -404.860 -86.774 
16.377 -404.794 -86.812 
16.275 -404.718 -86.856 
16.221 -404.677 -86.879 
16.148 -404.623 -86.911 
16.077 -404.572 -86.942 
15.995 -404.512 -86.978 
15.906 -404.448 -87.016 
15.851 -404.409 -87.040 
15.783 -404.360 -87.070 
15.711 -404.309 -87.101 
15.650 -404.267 -87.127 
15.569 -404.211 -87.163 
15.502 -404.164 -87.192 
15.408 -404.100 -87.233 
15.343 -404.056 -87.261 
15.234 -403.982 -87.308 
15.125 -403.910 -87.355 
15.060 -403.868 -87.384 
14.947 -403.794 -87.433 
14.895 -403.761 -87.456 
14.824 -403.715 -87.487 
14.744 -403.664 -87.521 
14.695 -403.633 -87.542 
14.584 -403.563 -87.591 
14.508 -403.516 -87.623 
14.420 -403.462 -87.662 
14.309 -403.394 -87.710 
14.246 -403.356 -87.738 
14.163 -403.307 -87.773 
14.089 -403.263 -87.805 
14.006 -403.214 -87.841 
13.949 -403.180 -87.866 
13.873 -403.136 -87.899 
13.790 -403.089 -87.935 
13.693 -403.033 -87.977 
13.602 -402.982 -88.017 
13.509 -402.930 -88.057 
13.434 -402.888 -88.090 
13.364 -402.850 -88.120 
13.273 -402.800 -88.160 
13.187 -402.753 -88.197 
13.124 -402.719 -88.224 
13.043 -402.676 -88.260 
12.953 -402.628 -88.299 
12.881 -402.590 -88.330 
12.812 -402.554 -88.360 
12.697 -402.495 -88.409 
12.612 -402.451 -88.446 
12.501 -402.395 -88.495 
12.406 -402.347 -88.536 
12.294 -402.292 -88.585 
12.212 -402.253 -88.620 
12.154 -402.225 -88.645 
12.063 -402.181 -88.685 
12.016 -402.159 -88.706 
11.933 -402.120 -88.742 
11.873 -402.092 -88.768 
11.769 -402.044 -88.813 
11.710 -402.017 -88.839 
11.614 -401.973 -88.881 
11.546 -401.943 -88.911 
11.487 -401.917 -88.936 
11.395 -401.876 -88.976 
11.331 -401.848 -89.005 
11.223 -401.802 -89.052 
11.143 -401.768 -89.086 
11.061 -401.733 -89.122 
10.994 -401.705 -89.151 
10.863 -401.651 -89.208 
10.733 -401.598 -89.265 
10.638 -401.560 -89.306 
10.564 -401.531 -89.338 
10.468 -401.493 -89.380 
10.380 -401.459 -89.419 
10.242 -401.407 -89.479 
10.192 -401.388 -89.500 
10.079 -401.345 -89.550 
10.004 -401.318 -89.582 
9.902 -401.281 -89.626 
9.817 -401.250 -89.663 
9.752 -401.227 -89.692 
9.682 -401.202 -89.722 
9.593 -401.170 -89.760 
