21.500 -475.902 -70.112 
21.499 -475.819 -70.112 
21.499 -475.732 -70.112 
21.497 -475.614 -70.113 
21.496 -475.504 -70.113 
21.494 -475.421 -70.114 
21.492 -475.313 -70.115 
21.489 -475.225 -70.116 
21.485 -475.084 -70.117 
21.481 -474.969 -70.119 
21.476 -474.838 -70.121 
21.472 -474.742 -70.123 
21.466 -474.609 -70.126 
21.456 -474.421 -70.130 
21.452 -474.353 -70.131 
21.446 -474.245 -70.134 
21.439 -474.133 -70.137 
21.431 -474.022 -70.140 
21.425 -473.932 -70.143 
21.417 -473.825 -70.146 
21.409 -473.713 -70.149 
21.402 -473.627 -70.152 
21.394 -473.530 -70.156 
21.388 -473.460 -70.158 
21.377 -473.335 -70.162 
21.367 -473.228 -70.167 
21.355 -473.108 -70.171 
21.342 -472.984 -70.177 
21.334 -472.901 -70.180 
21.324 -472.809 -70.184 
21.312 -472.700 -70.189 
21.300 -472.592 -70.194 
21.284 -472.455 -70.201 
21.270 -472.338 -70.207 
21.256 -472.225 -70.213 
21.240 -472.100 -70.219 
21.228 -472.009 -70.224 
21.212 -471.888 -70.231 
21.191 -471.736 -70.240 
21.177 -471.638 -70.246 
21.154 -471.486 -70.255 
21.142 -471.399 -70.261 
21.129 -471.319 -70.266 
21.112 -471.205 -70.274 
21.098 -471.119 -70.279 
21.088 -471.059 -70.283 
21.073 -470.968 -70.290 
21.059 -470.885 -70.295 
21.043 -470.789 -70.302 
21.027 -470.697 -70.309 
21.012 -470.610 -70.315 
20.995 -470.518 -70.322 
20.980 -470.431 -70.329 
20.959 -470.320 -70.337 
20.933 -470.186 -70.348 
20.912 -470.077 -70.356 
20.897 -470.000 -70.362 
20.875 -469.889 -70.371 
20.854 -469.786 -70.380 
20.846 -469.746 -70.383 
20.820 -469.624 -70.393 
20.805 -469.554 -70.399 
20.784 -469.453 -70.408 
20.767 -469.376 -70.415 
20.751 -469.300 -70.422 
20.726 -469.190 -70.432 
20.706 -469.099 -70.440 
20.686 -469.014 -70.447 
20.664 -468.918 -70.456 
20.643 -468.825 -70.465 
20.619 -468.725 -70.474 
20.598 -468.638 -70.482 
20.568 -468.514 -70.494 
20.528 -468.352 -70.510 
20.505 -468.261 -70.519 
20.475 -468.142 -70.530 
20.449 -468.041 -70.541 
20.418 -467.923 -70.553 
20.392 -467.824 -70.563 
20.368 -467.734 -70.573 
20.336 -467.618 -70.585 
20.307 -467.514 -70.596 
20.278 -467.407 -70.608 
20.256 -467.330 -70.617 
20.222 -467.211 -70.630 
20.198 -467.127 -70.639 
20.165 -467.017 -70.652 
20.143 -466.941 -70.661 
20.115 -466.845 -70.672 
20.085 -466.744 -70.684 
20.051 -466.633 -70.697 
20.027 -466.554 -70.707 
20.005 -466.482 -70.715 
19.981 -466.405 -70.725 
19.945 -466.291 -70.738 
19.916 -466.198 -70.750 
19.889 -466.113 -70.761 
19.861 -466.027 -70.771 
19.836 -465.949 -70.781 
19.800 -465.837 -70.795 
19.780 -465.775 -70.803 
19.751 -465.687 -70.815 
19.709 -465.561 -70.831 
19.682 -465.480 -70.841 
19.654 -465.397 -70.852 
19.632 -465.331 -70.860 
19.614 -465.276 -70.868 
19.570 -465.148 -70.884 
19.537 -465.053 -70.897 
19.504 -464.955 -70.910 
19.465 -464.843 -70.924 
19.440 -464.772 -70.934 
19.409 -464.682 -70.946 
19.380 -464.600 -70.957 
19.344 -464.498 -70.971 
19.295 -464.363 -70.989 
19.268 -464.287 -71.000 
19.235 -464.195 -71.012 
19.184 -464.056 -71.032 
19.153 -463.970 -71.043 
19.127 -463.900 -71.053 
19.095 -463.814 -71.065 
19.047 -463.682 -71.083 
18.994 -463.539 -71.103 
18.956 -463.437 -71.118 
18.918 -463.337 -71.132 
18.885 -463.250 -71.144 
18.846 -463.149 -71.158 
18.816 -463.069 -71.170 
18.782 -462.981 -71.182 
18.743 -462.880 -71.196 
18.716 -462.809 -71.206 
18.691 -462.745 -71.216 
18.631 -462.591 -71.238 
18.597 -462.505 -71.250 
18.564 -462.421 -71.262 
18.533 -462.344 -71.273 
18.491 -462.238 -71.288 
18.449 -462.132 -71.304 
18.416 -462.048 -71.316 
18.393 -461.991 -71.324 
18.353 -461.890 -71.338 
18.318 -461.804 -71.351 
18.271 -461.686 -71.368 
18.242 -461.616 -71.378 
18.212 -461.541 -71.388 
18.171 -461.442 -71.402 
18.130 -461.342 -71.417 
18.091 -461.248 -71.430 
18.062 -461.178 -71.440 
18.007 -461.045 -71.459 
17.977 -460.973 -71.470 
17.942 -460.890 -71.482 
17.906 -460.805 -71.494 
17.866 -460.712 -71.508 
17.822 -460.607 -71.523 
17.775 -460.498 -71.539 
17.734 -460.401 -71.553 
17.704 -460.333 -71.563 
17.680 -460.277 -71.571 
17.642 -460.188 -71.584 
17.595 -460.080 -71.600 
17.550 -459.975 -71.615 
17.511 -459.885 -71.628 
17.463 -459.777 -71.644 
17.399 -459.631 -71.665 
17.367 -459.559 -71.675 
17.336 -459.487 -71.685 
17.284 -459.370 -71.702 
17.238 -459.266 -71.717 
17.209 -459.201 -71.726 
17.176 -459.125 -71.737 
17.140 -459.045 -71.749 
17.103 -458.963 -71.760 
17.068 -458.884 -71.772 
17.023 -458.786 -71.786 
16.981 -458.692 -71.799 
16.933 -458.586 -71.814 
16.893 -458.498 -71.827 
16.851 -458.406 -71.840 
16.819 -458.336 -71.850 
16.770 -458.229 -71.866 
16.731 -458.144 -71.878 
16.682 -458.039 -71.893 
16.641 -457.950 -71.906 
16.604 -457.871 -71.917 
16.571 -457.801 -71.927 
16.538 -457.729 -71.938 
16.476 -457.599 -71.956 
16.439 -457.520 -71.968 
16.400 -457.438 -71.980 
16.344 -457.319 -71.997 
16.308 -457.243 -72.008 
16.280 -457.185 -72.016 
16.242 -457.106 -72.028 
16.186 -456.990 -72.044 
16.142 -456.899 -72.057 
16.104 -456.818 -72.069 
16.063 -456.735 -72.081 
16.021 -456.649 -72.093 
15.965 -456.532 -72.110 
15.920 -456.441 -72.123 
15.883 -456.365 -72.134 
15.856 -456.311 -72.141 
15.819 -456.236 -72.152 
15.750 -456.096 -72.172 
15.707 -456.010 -72.184 
15.657 -455.908 -72.198 
15.607 -455.809 -72.212 
15.567 -455.731 -72.223 
15.527 -455.651 -72.235 
15.481 -455.560 -72.247 
15.431 -455.460 -72.261 
15.389 -455.378 -72.273 
15.347 -455.295 -72.284 
15.300 -455.202 -72.297 
15.251 -455.107 -72.310 
15.178 -454.964 -72.330 
15.133 -454.876 -72.343 
15.084 -454.781 -72.356 
15.047 -454.710 -72.366 
14.993 -454.607 -72.380 
14.944 -454.511 -72.393 
14.913 -454.452 -72.401 
14.841 -454.314 -72.420 
14.796 -454.229 -72.432 
14.741 -454.124 -72.446 
14.690 -454.027 -72.459 
14.661 -453.974 -72.466 
14.635 -453.923 -72.473 
14.599 -453.857 -72.482 
14.544 -453.753 -72.496 
14.489 -453.649 -72.510 
14.450 -453.577 -72.519 
14.412 -453.507 -72.529 
14.375 -453.438 -72.538 
14.320 -453.336 -72.551 
14.256 -453.216 -72.567 
