26.390 -423.601 -82.405 
26.383 -423.530 -82.408 
26.373 -423.435 -82.413 
26.361 -423.321 -82.420 
26.352 -423.241 -82.424 
26.339 -423.125 -82.431 
26.329 -423.047 -82.435 
26.318 -422.950 -82.441 
26.306 -422.853 -82.447 
26.297 -422.782 -82.452 
26.286 -422.697 -82.457 
26.272 -422.593 -82.464 
26.261 -422.512 -82.469 
26.243 -422.388 -82.477 
26.229 -422.287 -82.484 
26.210 -422.155 -82.493 
26.189 -422.015 -82.503 
26.173 -421.912 -82.511 
26.162 -421.842 -82.516 
26.147 -421.748 -82.523 
26.133 -421.661 -82.530 
26.117 -421.571 -82.537 
26.103 -421.485 -82.544 
26.085 -421.383 -82.552 
26.056 -421.219 -82.566 
26.038 -421.121 -82.574 
26.012 -420.983 -82.586 
26.002 -420.926 -82.591 
25.978 -420.803 -82.602 
25.960 -420.709 -82.610 
25.940 -420.609 -82.620 
25.925 -420.535 -82.627 
25.899 -420.409 -82.639 
25.882 -420.327 -82.646 
25.863 -420.235 -82.655 
25.849 -420.172 -82.662 
25.832 -420.097 -82.669 
25.809 -419.992 -82.680 
25.784 -419.881 -82.692 
25.760 -419.779 -82.702 
25.739 -419.685 -82.712 
25.711 -419.570 -82.725 
25.694 -419.500 -82.733 
25.674 -419.416 -82.742 
25.651 -419.323 -82.752 
25.623 -419.211 -82.765 
25.602 -419.131 -82.774 
25.568 -419.001 -82.790 
25.543 -418.906 -82.801 
25.519 -418.815 -82.812 
25.490 -418.710 -82.825 
25.463 -418.610 -82.838 
25.444 -418.544 -82.846 
25.404 -418.405 -82.864 
25.373 -418.296 -82.879 
25.340 -418.185 -82.893 
25.315 -418.100 -82.905 
25.292 -418.027 -82.915 
25.262 -417.928 -82.928 
25.226 -417.811 -82.945 
25.186 -417.683 -82.963 
25.152 -417.576 -82.978 
25.112 -417.454 -82.995 
25.090 -417.386 -83.005 
25.065 -417.310 -83.017 
25.044 -417.246 -83.026 
25.001 -417.120 -83.045 
24.963 -417.007 -83.062 
24.928 -416.906 -83.078 
24.894 -416.808 -83.093 
24.859 -416.708 -83.109 
24.807 -416.565 -83.131 
24.764 -416.446 -83.150 
24.735 -416.366 -83.163 
24.699 -416.269 -83.179 
24.659 -416.160 -83.197 
24.611 -416.036 -83.217 
24.578 -415.948 -83.232 
24.554 -415.886 -83.243 
24.521 -415.801 -83.257 
24.476 -415.687 -83.277 
24.429 -415.570 -83.297 
24.400 -415.500 -83.310 
24.366 -415.414 -83.325 
24.334 -415.337 -83.339 
24.297 -415.249 -83.355 
24.248 -415.131 -83.377 
24.206 -415.033 -83.395 
24.147 -414.896 -83.420 
24.111 -414.812 -83.436 
24.055 -414.685 -83.460 
24.021 -414.609 -83.475 
23.979 -414.515 -83.493 
23.937 -414.422 -83.511 
23.893 -414.326 -83.530 
23.831 -414.191 -83.557 
23.766 -414.053 -83.585 
23.724 -413.964 -83.604 
23.686 -413.885 -83.620 
23.648 -413.806 -83.637 
23.592 -413.692 -83.661 
23.571 -413.649 -83.670 
23.515 -413.537 -83.694 
23.464 -413.434 -83.716 
23.419 -413.346 -83.735 
23.374 -413.258 -83.755 
23.337 -413.186 -83.771 
23.283 -413.083 -83.794 
23.232 -412.986 -83.816 
23.211 -412.947 -83.825 
23.182 -412.892 -83.838 
23.143 -412.820 -83.854 
23.074 -412.691 -83.884 
23.044 -412.637 -83.897 
23.013 -412.579 -83.911 
22.927 -412.424 -83.948 
22.891 -412.361 -83.963 
22.839 -412.268 -83.986 
22.794 -412.190 -84.006 
22.728 -412.075 -84.034 
22.706 -412.037 -84.044 
22.658 -411.956 -84.065 
22.600 -411.856 -84.090 
22.549 -411.772 -84.112 
22.485 -411.665 -84.140 
22.426 -411.568 -84.166 
22.358 -411.457 -84.195 
22.298 -411.360 -84.222 
22.238 -411.264 -84.248 
22.183 -411.178 -84.272 
22.117 -411.075 -84.300 
22.070 -411.002 -84.321 
22.009 -410.908 -84.347 
21.939 -410.801 -84.378 
21.885 -410.720 -84.401 
21.826 -410.631 -84.427 
21.763 -410.538 -84.455 
21.708 -410.457 -84.479 
21.667 -410.397 -84.497 
21.617 -410.326 -84.519 
21.549 -410.227 -84.549 
21.484 -410.134 -84.577 
21.427 -410.054 -84.602 
21.362 -409.963 -84.630 
21.307 -409.887 -84.654 
21.243 -409.800 -84.682 
21.152 -409.677 -84.722 
21.095 -409.600 -84.747 
21.044 -409.532 -84.769 
20.979 -409.446 -84.797 
20.926 -409.376 -84.820 
20.847 -409.272 -84.855 
20.798 -409.210 -84.876 
20.738 -409.133 -84.902 
20.682 -409.061 -84.927 
20.617 -408.979 -84.955 
20.545 -408.889 -84.986 
20.475 -408.802 -85.017 
20.414 -408.728 -85.044 
20.354 -408.655 -85.070 
20.304 -408.594 -85.092 
20.232 -408.507 -85.123 
20.143 -408.401 -85.162 
20.058 -408.302 -85.199 
19.988 -408.220 -85.230 
19.936 -408.160 -85.253 
19.888 -408.105 -85.274 
19.834 -408.043 -85.298 
19.767 -407.967 -85.327 
19.709 -407.902 -85.352 
19.629 -407.812 -85.387 
19.577 -407.755 -85.410 
19.510 -407.681 -85.439 
19.444 -407.610 -85.468 
19.349 -407.508 -85.510 
19.267 -407.421 -85.546 
19.204 -407.355 -85.573 
19.142 -407.290 -85.600 
19.071 -407.216 -85.631 
19.039 -407.183 -85.645 
18.970 -407.113 -85.675 
18.905 -407.046 -85.704 
18.829 -406.969 -85.737 
18.751 -406.891 -85.771 
18.651 -406.792 -85.815 
18.573 -406.715 -85.849 
18.456 -406.602 -85.900 
18.385 -406.534 -85.930 
18.317 -406.470 -85.960 
18.247 -406.404 -85.990 
18.168 -406.331 -86.025 
18.122 -406.288 -86.045 
18.070 -406.240 -86.067 
17.990 -406.167 -86.102 
17.891 -406.077 -86.145 
17.834 -406.027 -86.170 
17.766 -405.966 -86.200 
17.717 -405.922 -86.221 
17.630 -405.847 -86.259 
17.567 -405.792 -86.287 
17.518 -405.749 -86.308 
17.444 -405.686 -86.341 
17.393 -405.643 -86.363 
17.313 -405.575 -86.398 
17.270 -405.539 -86.416 
17.187 -405.470 -86.453 
17.132 -405.425 -86.477 
17.039 -405.349 -86.517 
16.976 -405.298 -86.545 
16.917 -405.251 -86.570 
16.808 -405.163 -86.618 
16.722 -405.096 -86.655 
16.656 -405.044 -86.683 
16.559 -404.969 -86.725 
16.484 -404.911 -86.758 
16.454 -404.888 -86.771 
16.360 -404.817 -86.812 
16.278 -404.755 -86.847 
16.217 -404.709 -86.873 
16.144 -404.655 -86.905 
16.049 -404.586 -86.946 
15.934 -404.502 -86.996 
15.842 -404.436 -87.035 
15.780 -404.392 -87.062 
15.674 -404.317 -87.108 
15.567 -404.242 -87.154 
15.462 -404.170 -87.199 
15.399 -404.127 -87.227 
15.281 -404.047 -87.277 
15.220 -404.007 -87.303 
15.118 -403.939 -87.347 
15.052 -403.896 -87.375 
14.963 -403.838 -87.414 
14.875 -403.781 -87.451 
14.781 -403.722 -87.491 
14.679 -403.657 -87.535 
14.616 -403.617 -87.562 
14.515 -403.554 -87.606 
14.460 -403.520 -87.629 
14.370 -403.466 -87.668 
14.288 -403.416 -87.703 
14.192 -403.359 -87.744 
14.131 -403.322 -87.770 
14.046 -403.271 -87.807 
14.000 -403.245 -87.827 
13.910 -403.192 -87.865 
13.832 -403.147 -87.899 
13.787 -403.121 -87.918 
13.692 -403.067 -87.959 
13.614 -403.022 -87.992 
13.523 -402.971 -88.031 
13.422 -402.915 -88.074 
13.304 -402.850 -88.125 
13.266 -402.830 -88.141 
13.194 -402.791 -88.172 
13.123 -402.752 -88.202 
13.029 -402.702 -88.242 
12.921 -402.644 -88.289 
12.832 -402.598 -88.327 
12.735 -402.548 -88.368 
12.682 -402.521 -88.391 
12.580 -402.469 -88.434 
12.476 -402.416 -88.479 
12.403 -402.380 -88.510 
12.296 -402.327 -88.556 
12.211 -402.286 -88.592 
12.088 -402.227 -88.644 
11.968 -402.171 -88.696 
11.867 -402.124 -88.739 
11.797 -402.091 -88.769 
11.712 -402.053 -88.805 
11.578 -401.992 -88.862 
11.498 -401.956 -88.896 
11.443 -401.932 -88.920 
11.363 -401.897 -88.954 
11.269 -401.856 -88.994 
11.199 -401.825 -89.024 
11.116 -401.790 -89.060 
11.042 -401.758 -89.091 
10.943 -401.717 -89.133 
10.847 -401.677 -89.174 
10.781 -401.650 -89.201 
10.675 -401.607 -89.247 
10.558 -401.561 -89.296 
10.392 -401.496 -89.366 
10.311 -401.465 -89.401 
10.210 -401.426 -89.443 
10.111 -401.389 -89.485 
10.026 -401.357 -89.521 
9.956 -401.332 -89.550 
9.872 -401.301 -89.586 
9.801 -401.275 -89.616 
9.707 -401.242 -89.655 
