24.700 -458.392 -70.112 
24.699 -458.293 -70.112 
24.699 -458.244 -70.112 
24.698 -458.127 -70.113 
24.696 -458.020 -70.114 
24.693 -457.875 -70.115 
24.691 -457.771 -70.116 
24.689 -457.708 -70.117 
24.685 -457.562 -70.119 
24.681 -457.471 -70.121 
24.677 -457.355 -70.123 
24.671 -457.230 -70.125 
24.663 -457.063 -70.128 
24.657 -456.948 -70.131 
24.651 -456.851 -70.133 
24.647 -456.780 -70.135 
24.640 -456.678 -70.138 
24.636 -456.611 -70.139 
24.629 -456.516 -70.142 
24.623 -456.437 -70.144 
24.616 -456.349 -70.147 
24.606 -456.224 -70.151 
24.600 -456.145 -70.153 
24.589 -456.029 -70.157 
24.578 -455.908 -70.162 
24.566 -455.785 -70.166 
24.554 -455.656 -70.171 
24.539 -455.517 -70.177 
24.526 -455.401 -70.182 
24.517 -455.321 -70.186 
24.508 -455.244 -70.189 
24.498 -455.155 -70.194 
24.489 -455.089 -70.197 
24.476 -454.980 -70.202 
24.461 -454.867 -70.208 
24.448 -454.765 -70.214 
24.434 -454.666 -70.219 
24.421 -454.576 -70.224 
24.405 -454.461 -70.231 
24.387 -454.338 -70.239 
24.372 -454.244 -70.245 
24.357 -454.146 -70.251 
24.342 -454.053 -70.257 
24.323 -453.933 -70.265 
24.306 -453.834 -70.272 
24.282 -453.696 -70.282 
24.268 -453.611 -70.288 
24.246 -453.489 -70.297 
24.228 -453.394 -70.305 
24.205 -453.269 -70.314 
24.188 -453.183 -70.321 
24.166 -453.070 -70.330 
24.145 -452.966 -70.338 
24.123 -452.858 -70.347 
24.094 -452.716 -70.359 
24.073 -452.619 -70.367 
24.055 -452.536 -70.375 
24.032 -452.432 -70.384 
24.008 -452.325 -70.394 
23.988 -452.236 -70.402 
23.965 -452.138 -70.411 
23.936 -452.012 -70.423 
23.914 -451.921 -70.432 
23.889 -451.818 -70.442 
23.868 -451.732 -70.450 
23.846 -451.646 -70.459 
23.823 -451.556 -70.468 
23.789 -451.422 -70.482 
23.771 -451.353 -70.490 
23.742 -451.244 -70.502 
23.710 -451.126 -70.515 
23.682 -451.023 -70.526 
23.664 -450.957 -70.534 
23.642 -450.880 -70.542 
23.611 -450.771 -70.555 
23.593 -450.707 -70.563 
23.570 -450.628 -70.572 
23.542 -450.535 -70.583 
23.511 -450.431 -70.596 
23.474 -450.307 -70.611 
23.434 -450.179 -70.627 
23.399 -450.068 -70.642 
23.365 -449.961 -70.656 
23.330 -449.853 -70.670 
23.286 -449.720 -70.688 
23.256 -449.629 -70.701 
23.224 -449.536 -70.714 
23.195 -449.449 -70.726 
23.147 -449.309 -70.746 
23.112 -449.212 -70.760 
23.090 -449.147 -70.770 
23.042 -449.015 -70.790 
23.012 -448.931 -70.802 
22.986 -448.861 -70.813 
22.946 -448.752 -70.830 
22.909 -448.654 -70.845 
22.874 -448.558 -70.860 
22.834 -448.455 -70.877 
22.798 -448.362 -70.892 
22.767 -448.282 -70.905 
22.736 -448.204 -70.918 
22.701 -448.115 -70.933 
22.658 -448.008 -70.951 
22.605 -447.877 -70.973 
22.563 -447.776 -70.991 
22.513 -447.655 -71.012 
22.456 -447.519 -71.035 
22.412 -447.415 -71.054 
22.375 -447.330 -71.069 
22.313 -447.187 -71.095 
22.279 -447.108 -71.109 
22.238 -447.015 -71.126 
22.194 -446.917 -71.144 
22.151 -446.821 -71.162 
22.105 -446.720 -71.181 
22.067 -446.636 -71.197 
22.034 -446.566 -71.210 
22.011 -446.516 -71.220 
21.946 -446.379 -71.247 
21.907 -446.297 -71.263 
21.859 -446.195 -71.283 
21.801 -446.077 -71.306 
21.767 -446.007 -71.321 
21.719 -445.909 -71.340 
21.651 -445.773 -71.368 
21.614 -445.699 -71.384 
21.568 -445.608 -71.403 
21.533 -445.539 -71.417 
21.489 -445.454 -71.435 
21.437 -445.353 -71.457 
21.364 -445.214 -71.487 
21.323 -445.136 -71.504 
21.276 -445.048 -71.523 
21.247 -444.995 -71.535 
21.178 -444.868 -71.563 
21.136 -444.791 -71.581 
21.089 -444.704 -71.600 
21.034 -444.606 -71.623 
20.993 -444.533 -71.640 
20.947 -444.451 -71.659 
20.909 -444.383 -71.675 
20.863 -444.302 -71.693 
20.837 -444.256 -71.704 
20.771 -444.141 -71.731 
20.701 -444.020 -71.760 
20.634 -443.905 -71.787 
20.551 -443.763 -71.821 
20.514 -443.700 -71.836 
20.460 -443.610 -71.858 
20.417 -443.537 -71.875 
20.356 -443.435 -71.900 
20.307 -443.354 -71.920 
20.252 -443.263 -71.942 
20.189 -443.160 -71.967 
20.132 -443.067 -71.990 
20.060 -442.951 -72.019 
19.964 -442.797 -72.057 
19.903 -442.701 -72.081 
19.832 -442.588 -72.109 
19.780 -442.507 -72.130 
19.733 -442.433 -72.148 
19.694 -442.373 -72.164 
19.644 -442.295 -72.184 
19.601 -442.229 -72.201 
19.543 -442.141 -72.224 
19.494 -442.065 -72.243 
19.442 -441.988 -72.264 
19.354 -441.854 -72.299 
19.317 -441.798 -72.313 
19.273 -441.734 -72.331 
19.190 -441.610 -72.363 
19.147 -441.546 -72.380 
19.098 -441.474 -72.400 
19.030 -441.375 -72.426 
18.980 -441.302 -72.446 
18.924 -441.221 -72.468 
18.866 -441.138 -72.491 
18.823 -441.076 -72.508 
18.770 -441.000 -72.529 
18.733 -440.948 -72.543 
18.684 -440.879 -72.563 
18.619 -440.787 -72.588 
18.574 -440.725 -72.606 
18.498 -440.619 -72.636 
18.451 -440.553 -72.654 
18.400 -440.483 -72.674 
18.324 -440.380 -72.704 
18.275 -440.313 -72.723 
18.243 -440.269 -72.736 
18.193 -440.202 -72.755 
18.153 -440.149 -72.770 
18.085 -440.058 -72.797 
17.994 -439.936 -72.832 
17.947 -439.874 -72.851 
17.886 -439.795 -72.874 
17.824 -439.713 -72.898 
17.777 -439.651 -72.917 
17.733 -439.595 -72.934 
17.660 -439.500 -72.962 
17.594 -439.415 -72.988 
17.549 -439.358 -73.005 
17.482 -439.273 -73.031 
17.414 -439.186 -73.057 
17.354 -439.111 -73.080 
17.306 -439.051 -73.099 
17.240 -438.968 -73.124 
17.173 -438.884 -73.150 
17.117 -438.815 -73.171 
17.062 -438.747 -73.192 
17.014 -438.688 -73.210 
16.945 -438.603 -73.237 
16.883 -438.527 -73.260 
16.794 -438.418 -73.295 
16.737 -438.348 -73.316 
16.683 -438.284 -73.337 
16.613 -438.198 -73.364 
16.535 -438.104 -73.393 
16.464 -438.018 -73.421 
16.407 -437.950 -73.443 
16.351 -437.884 -73.464 
16.270 -437.786 -73.495 
16.186 -437.687 -73.526 
16.097 -437.581 -73.560 
16.020 -437.490 -73.589 
15.966 -437.427 -73.609 
15.890 -437.339 -73.638 
15.814 -437.250 -73.666 
15.755 -437.180 -73.688 
15.665 -437.076 -73.722 
15.606 -437.008 -73.744 
15.542 -436.934 -73.767 
15.490 -436.875 -73.787 
15.423 -436.798 -73.811 
15.367 -436.734 -73.832 
15.307 -436.666 -73.854 
15.230 -436.579 -73.882 
15.141 -436.479 -73.914 
15.084 -436.413 -73.935 
15.008 -436.329 -73.963 
14.966 -436.282 -73.978 
14.884 -436.189 -74.008 
14.834 -436.134 -74.026 
14.780 -436.074 -74.046 
14.726 -436.013 -74.065 
14.682 -435.965 -74.081 
14.631 -435.909 -74.099 
