24.700 -458.418 -70.112 
24.700 -458.362 -70.112 
24.699 -458.290 -70.112 
24.698 -458.182 -70.113 
24.697 -458.080 -70.113 
24.696 -457.991 -70.114 
24.694 -457.888 -70.115 
24.691 -457.800 -70.116 
24.689 -457.708 -70.117 
24.687 -457.632 -70.118 
24.683 -457.524 -70.120 
24.679 -457.399 -70.122 
24.674 -457.286 -70.124 
24.668 -457.162 -70.126 
24.662 -457.046 -70.128 
24.657 -456.952 -70.130 
24.652 -456.858 -70.133 
24.645 -456.740 -70.135 
24.639 -456.654 -70.138 
24.632 -456.550 -70.140 
24.622 -456.410 -70.144 
24.619 -456.367 -70.145 
24.613 -456.285 -70.148 
24.602 -456.148 -70.152 
24.592 -456.028 -70.156 
24.579 -455.887 -70.161 
24.570 -455.789 -70.164 
24.559 -455.677 -70.169 
24.550 -455.590 -70.172 
24.541 -455.504 -70.176 
24.531 -455.411 -70.180 
24.521 -455.319 -70.184 
24.510 -455.223 -70.188 
24.498 -455.116 -70.193 
24.480 -454.969 -70.200 
24.468 -454.875 -70.205 
24.451 -454.750 -70.211 
24.429 -454.585 -70.220 
24.416 -454.495 -70.225 
24.402 -454.397 -70.231 
24.382 -454.260 -70.239 
24.363 -454.141 -70.247 
24.348 -454.043 -70.253 
24.336 -453.972 -70.258 
24.319 -453.865 -70.265 
24.301 -453.760 -70.272 
24.290 -453.697 -70.276 
24.270 -453.580 -70.285 
24.250 -453.466 -70.293 
24.237 -453.393 -70.299 
24.218 -453.293 -70.307 
24.198 -453.188 -70.315 
24.176 -453.072 -70.324 
24.152 -452.950 -70.335 
24.126 -452.824 -70.345 
24.107 -452.731 -70.353 
24.085 -452.625 -70.363 
24.073 -452.570 -70.368 
24.051 -452.468 -70.377 
24.033 -452.388 -70.384 
24.004 -452.257 -70.396 
23.988 -452.187 -70.403 
23.968 -452.102 -70.411 
23.943 -451.992 -70.422 
23.911 -451.858 -70.436 
23.882 -451.739 -70.448 
23.865 -451.672 -70.455 
23.847 -451.598 -70.463 
23.823 -451.504 -70.473 
23.792 -451.387 -70.486 
23.769 -451.299 -70.496 
23.737 -451.178 -70.509 
23.708 -451.070 -70.521 
23.677 -450.956 -70.535 
23.649 -450.857 -70.546 
23.623 -450.763 -70.558 
23.602 -450.690 -70.566 
23.567 -450.567 -70.581 
23.528 -450.435 -70.598 
23.497 -450.330 -70.611 
23.455 -450.194 -70.628 
23.429 -450.106 -70.639 
23.405 -450.030 -70.650 
23.388 -449.977 -70.657 
23.347 -449.847 -70.674 
23.311 -449.735 -70.689 
23.287 -449.662 -70.700 
23.247 -449.542 -70.716 
23.217 -449.451 -70.729 
23.169 -449.311 -70.749 
23.137 -449.217 -70.763 
23.110 -449.141 -70.774 
23.069 -449.023 -70.791 
23.026 -448.903 -70.810 
22.976 -448.766 -70.830 
22.933 -448.648 -70.849 
22.890 -448.533 -70.866 
22.853 -448.435 -70.882 
22.813 -448.330 -70.899 
22.774 -448.229 -70.915 
22.729 -448.113 -70.934 
22.693 -448.022 -70.948 
22.653 -447.922 -70.965 
22.611 -447.818 -70.982 
22.573 -447.725 -70.998 
22.543 -447.651 -71.011 
22.509 -447.569 -71.025 
22.464 -447.462 -71.044 
22.438 -447.398 -71.055 
22.376 -447.253 -71.080 
22.344 -447.177 -71.094 
22.317 -447.115 -71.105 
22.279 -447.027 -71.120 
22.245 -446.950 -71.134 
22.197 -446.843 -71.154 
22.157 -446.752 -71.170 
22.105 -446.637 -71.191 
22.083 -446.588 -71.201 
22.035 -446.483 -71.220 
22.000 -446.407 -71.235 
21.946 -446.291 -71.257 
21.894 -446.182 -71.278 
21.852 -446.094 -71.295 
21.812 -446.011 -71.312 
21.769 -445.922 -71.329 
21.728 -445.839 -71.346 
21.685 -445.752 -71.364 
21.635 -445.652 -71.385 
21.586 -445.556 -71.405 
21.524 -445.434 -71.430 
21.485 -445.359 -71.446 
21.451 -445.293 -71.460 
21.423 -445.241 -71.472 
21.378 -445.155 -71.490 
21.339 -445.082 -71.506 
21.286 -444.981 -71.528 
21.249 -444.913 -71.543 
21.213 -444.845 -71.558 
21.180 -444.786 -71.572 
21.139 -444.710 -71.589 
21.078 -444.600 -71.614 
21.027 -444.509 -71.635 
20.973 -444.411 -71.657 
20.909 -444.298 -71.683 
20.862 -444.214 -71.703 
20.797 -444.101 -71.729 
20.744 -444.009 -71.751 
20.678 -443.895 -71.778 
20.632 -443.817 -71.797 
20.597 -443.757 -71.811 
20.547 -443.672 -71.831 
20.503 -443.597 -71.849 
20.475 -443.550 -71.861 
20.450 -443.508 -71.871 
20.399 -443.423 -71.892 
20.357 -443.352 -71.909 
20.301 -443.260 -71.931 
20.268 -443.206 -71.945 
20.203 -443.099 -71.971 
20.149 -443.009 -71.993 
20.116 -442.956 -72.007 
20.038 -442.829 -72.038 
19.980 -442.737 -72.062 
19.935 -442.664 -72.080 
19.878 -442.574 -72.103 
19.841 -442.514 -72.118 
19.788 -442.432 -72.139 
19.719 -442.323 -72.167 
19.640 -442.201 -72.199 
19.573 -442.096 -72.226 
19.513 -442.006 -72.250 
19.435 -441.886 -72.281 
19.380 -441.803 -72.303 
19.299 -441.679 -72.336 
19.262 -441.624 -72.351 
19.223 -441.566 -72.367 
19.184 -441.508 -72.382 
19.123 -441.417 -72.407 
19.067 -441.335 -72.430 
19.013 -441.256 -72.451 
18.956 -441.172 -72.474 
18.896 -441.085 -72.498 
18.817 -440.971 -72.530 
18.745 -440.867 -72.559 
18.692 -440.792 -72.580 
18.610 -440.676 -72.613 
18.528 -440.560 -72.645 
18.459 -440.464 -72.673 
18.393 -440.372 -72.699 
18.332 -440.288 -72.723 
18.252 -440.179 -72.755 
18.208 -440.118 -72.773 
18.161 -440.056 -72.791 
18.124 -440.005 -72.806 
18.083 -439.950 -72.822 
18.025 -439.871 -72.846 
17.985 -439.818 -72.862 
17.920 -439.731 -72.888 
17.885 -439.684 -72.902 
17.817 -439.595 -72.929 
17.776 -439.540 -72.946 
17.744 -439.498 -72.958 
17.694 -439.434 -72.978 
17.603 -439.315 -73.015 
17.558 -439.256 -73.033 
17.500 -439.182 -73.056 
17.453 -439.122 -73.074 
17.415 -439.074 -73.089 
17.362 -439.005 -73.111 
17.298 -438.923 -73.136 
17.259 -438.874 -73.152 
17.202 -438.801 -73.174 
17.132 -438.713 -73.202 
17.080 -438.647 -73.222 
17.005 -438.553 -73.252 
16.928 -438.457 -73.282 
16.876 -438.392 -73.302 
16.831 -438.338 -73.320 
16.772 -438.265 -73.343 
16.717 -438.196 -73.365 
16.660 -438.126 -73.387 
16.582 -438.031 -73.417 
16.544 -437.985 -73.432 
16.461 -437.883 -73.464 
16.399 -437.808 -73.488 
16.334 -437.729 -73.513 
16.279 -437.663 -73.535 
16.219 -437.592 -73.558 
16.171 -437.534 -73.576 
16.071 -437.414 -73.615 
16.016 -437.348 -73.636 
15.960 -437.282 -73.657 
15.896 -437.206 -73.682 
15.829 -437.127 -73.707 
15.778 -437.066 -73.727 
15.704 -436.979 -73.755 
15.642 -436.906 -73.779 
15.521 -436.764 -73.825 
15.471 -436.706 -73.844 
15.410 -436.634 -73.867 
15.354 -436.569 -73.888 
15.287 -436.492 -73.914 
15.202 -436.393 -73.946 
15.149 -436.331 -73.966 
15.078 -436.251 -73.992 
15.025 -436.189 -74.013 
14.977 -436.134 -74.031 
14.930 -436.080 -74.048 
14.850 -435.989 -74.078 
14.786 -435.916 -74.102 
14.722 -435.843 -74.126 
14.637 -435.747 -74.157 
14.570 -435.672 -74.182 
