24.700 -458.377 -70.112 
24.699 -458.230 -70.112 
24.697 -458.123 -70.113 
24.696 -458.047 -70.113 
24.694 -457.936 -70.114 
24.692 -457.840 -70.115 
24.689 -457.722 -70.116 
24.685 -457.602 -70.117 
24.683 -457.538 -70.118 
24.678 -457.399 -70.120 
24.675 -457.330 -70.121 
24.669 -457.193 -70.123 
24.665 -457.104 -70.125 
24.655 -456.915 -70.128 
24.650 -456.834 -70.130 
24.643 -456.707 -70.133 
24.633 -456.556 -70.137 
24.628 -456.482 -70.139 
24.620 -456.385 -70.142 
24.613 -456.286 -70.145 
24.603 -456.168 -70.149 
24.595 -456.071 -70.152 
24.588 -455.996 -70.154 
24.580 -455.899 -70.158 
24.574 -455.838 -70.160 
24.565 -455.746 -70.164 
24.551 -455.605 -70.169 
24.541 -455.516 -70.173 
24.530 -455.409 -70.177 
24.511 -455.248 -70.185 
24.500 -455.151 -70.189 
24.489 -455.062 -70.193 
24.476 -454.963 -70.198 
24.458 -454.820 -70.205 
24.446 -454.730 -70.210 
24.433 -454.637 -70.215 
24.417 -454.529 -70.220 
24.403 -454.432 -70.226 
24.387 -454.325 -70.232 
24.359 -454.144 -70.243 
24.342 -454.035 -70.250 
24.322 -453.913 -70.257 
24.302 -453.799 -70.265 
24.288 -453.716 -70.270 
24.267 -453.594 -70.279 
24.245 -453.474 -70.287 
24.228 -453.381 -70.294 
24.209 -453.278 -70.302 
24.194 -453.201 -70.308 
24.166 -453.059 -70.319 
24.144 -452.950 -70.327 
24.123 -452.845 -70.336 
24.105 -452.761 -70.343 
24.083 -452.656 -70.352 
24.063 -452.566 -70.360 
24.045 -452.481 -70.367 
24.021 -452.377 -70.377 
23.979 -452.191 -70.394 
23.962 -452.118 -70.401 
23.943 -452.039 -70.408 
23.919 -451.939 -70.418 
23.890 -451.821 -70.430 
23.863 -451.712 -70.441 
23.843 -451.631 -70.450 
23.811 -451.510 -70.463 
23.777 -451.377 -70.477 
23.756 -451.300 -70.485 
23.725 -451.184 -70.498 
23.690 -451.057 -70.512 
23.650 -450.915 -70.529 
23.628 -450.838 -70.538 
23.595 -450.724 -70.551 
23.572 -450.645 -70.561 
23.540 -450.537 -70.574 
23.505 -450.424 -70.588 
23.479 -450.337 -70.599 
23.445 -450.228 -70.613 
23.413 -450.126 -70.626 
23.377 -450.014 -70.640 
23.344 -449.911 -70.654 
23.304 -449.789 -70.670 
23.276 -449.704 -70.682 
23.242 -449.601 -70.696 
23.212 -449.514 -70.708 
23.185 -449.436 -70.718 
23.153 -449.343 -70.732 
23.119 -449.247 -70.745 
23.099 -449.190 -70.753 
23.063 -449.089 -70.768 
23.033 -449.006 -70.780 
23.001 -448.917 -70.793 
22.965 -448.818 -70.808 
22.937 -448.744 -70.819 
22.901 -448.650 -70.833 
22.873 -448.575 -70.845 
22.833 -448.469 -70.861 
22.783 -448.342 -70.882 
22.743 -448.241 -70.898 
22.710 -448.156 -70.912 
22.653 -448.016 -70.935 
22.592 -447.865 -70.959 
22.543 -447.747 -70.979 
22.509 -447.667 -70.993 
22.461 -447.554 -71.013 
22.413 -447.441 -71.032 
22.377 -447.357 -71.047 
22.338 -447.269 -71.063 
22.285 -447.148 -71.085 
22.240 -447.045 -71.103 
22.197 -446.951 -71.120 
22.151 -446.848 -71.139 
22.120 -446.780 -71.152 
22.086 -446.706 -71.165 
22.041 -446.610 -71.183 
22.015 -446.554 -71.194 
21.961 -446.439 -71.216 
21.917 -446.346 -71.234 
21.884 -446.279 -71.247 
21.838 -446.183 -71.266 
21.807 -446.118 -71.278 
21.769 -446.041 -71.294 
21.703 -445.908 -71.321 
21.653 -445.809 -71.341 
21.604 -445.712 -71.361 
21.558 -445.620 -71.380 
21.518 -445.543 -71.397 
21.456 -445.424 -71.422 
21.405 -445.326 -71.443 
21.350 -445.223 -71.466 
21.293 -445.115 -71.490 
21.234 -445.007 -71.514 
21.174 -444.896 -71.539 
21.137 -444.828 -71.555 
21.083 -444.731 -71.577 
21.049 -444.669 -71.591 
21.004 -444.590 -71.610 
20.940 -444.476 -71.636 
20.864 -444.342 -71.667 
20.799 -444.229 -71.694 
20.751 -444.146 -71.714 
20.724 -444.099 -71.725 
20.665 -443.998 -71.749 
20.626 -443.932 -71.765 
20.585 -443.863 -71.781 
20.531 -443.770 -71.803 
20.481 -443.687 -71.824 
20.429 -443.600 -71.845 
20.386 -443.529 -71.862 
20.352 -443.473 -71.876 
20.317 -443.415 -71.890 
20.268 -443.334 -71.910 
20.221 -443.258 -71.929 
20.195 -443.216 -71.939 
20.125 -443.103 -71.967 
20.067 -443.009 -71.991 
20.004 -442.908 -72.016 
19.947 -442.818 -72.039 
19.898 -442.740 -72.059 
19.857 -442.676 -72.075 
19.801 -442.587 -72.097 
19.762 -442.527 -72.113 
19.718 -442.459 -72.131 
19.651 -442.355 -72.158 
19.595 -442.269 -72.180 
19.543 -442.190 -72.201 
19.499 -442.123 -72.218 
19.439 -442.031 -72.243 
19.393 -441.963 -72.261 
19.347 -441.893 -72.279 
19.301 -441.825 -72.297 
19.275 -441.786 -72.308 
19.210 -441.689 -72.334 
19.178 -441.642 -72.346 
19.143 -441.592 -72.360 
19.068 -441.482 -72.390 
19.000 -441.383 -72.417 
18.942 -441.299 -72.440 
18.887 -441.220 -72.462 
18.853 -441.170 -72.475 
18.780 -441.066 -72.504 
18.734 -441.001 -72.522 
18.691 -440.941 -72.539 
18.613 -440.832 -72.570 
18.544 -440.736 -72.597 
18.484 -440.652 -72.621 
18.434 -440.584 -72.641 
18.375 -440.502 -72.664 
18.325 -440.435 -72.684 
18.289 -440.386 -72.698 
18.224 -440.298 -72.724 
18.137 -440.183 -72.757 
18.094 -440.125 -72.774 
18.048 -440.063 -72.792 
17.976 -439.969 -72.820 
17.889 -439.854 -72.855 
17.822 -439.767 -72.881 
17.755 -439.681 -72.907 
17.682 -439.587 -72.935 
17.607 -439.491 -72.965 
17.535 -439.399 -72.993 
17.495 -439.348 -73.009 
17.461 -439.306 -73.022 
17.375 -439.197 -73.055 
17.281 -439.080 -73.092 
17.241 -439.030 -73.107 
17.184 -438.959 -73.129 
17.111 -438.868 -73.157 
17.045 -438.786 -73.183 
16.977 -438.703 -73.209 
16.920 -438.633 -73.231 
16.855 -438.553 -73.256 
16.803 -438.490 -73.276 
16.749 -438.424 -73.297 
16.664 -438.321 -73.330 
16.601 -438.245 -73.354 
16.523 -438.151 -73.384 
16.421 -438.029 -73.422 
16.370 -437.967 -73.442 
16.303 -437.887 -73.468 
16.228 -437.798 -73.497 
16.154 -437.712 -73.524 
16.065 -437.606 -73.558 
16.001 -437.532 -73.582 
15.956 -437.479 -73.600 
15.902 -437.416 -73.620 
15.823 -437.325 -73.649 
15.746 -437.236 -73.678 
15.659 -437.135 -73.710 
15.592 -437.058 -73.735 
15.511 -436.965 -73.765 
15.453 -436.899 -73.786 
15.381 -436.817 -73.813 
15.321 -436.749 -73.835 
15.227 -436.641 -73.869 
15.164 -436.571 -73.892 
15.099 -436.497 -73.916 
15.036 -436.426 -73.939 
14.961 -436.343 -73.966 
14.867 -436.237 -74.000 
14.792 -436.153 -74.027 
14.718 -436.071 -74.053 
14.649 -435.996 -74.078 
14.573 -435.912 -74.105 
