21.500 -475.917 -70.112 
21.499 -475.793 -70.112 
21.498 -475.676 -70.112 
21.497 -475.585 -70.113 
21.493 -475.401 -70.114 
21.492 -475.324 -70.115 
21.488 -475.200 -70.116 
21.484 -475.058 -70.118 
21.481 -474.972 -70.119 
21.476 -474.860 -70.121 
21.472 -474.755 -70.123 
21.469 -474.697 -70.124 
21.463 -474.556 -70.127 
21.457 -474.457 -70.129 
21.452 -474.363 -70.131 
21.446 -474.250 -70.134 
21.441 -474.176 -70.136 
21.432 -474.033 -70.140 
21.427 -473.974 -70.141 
21.420 -473.865 -70.145 
21.407 -473.704 -70.150 
21.398 -473.590 -70.153 
21.391 -473.512 -70.156 
21.381 -473.396 -70.160 
21.369 -473.269 -70.165 
21.360 -473.169 -70.169 
21.350 -473.064 -70.173 
21.336 -472.927 -70.179 
21.327 -472.846 -70.182 
21.314 -472.728 -70.188 
21.304 -472.635 -70.192 
21.285 -472.469 -70.200 
21.270 -472.342 -70.206 
21.257 -472.243 -70.211 
21.243 -472.128 -70.217 
21.230 -472.031 -70.222 
21.210 -471.885 -70.230 
21.187 -471.719 -70.240 
21.168 -471.588 -70.248 
21.155 -471.497 -70.253 
21.139 -471.395 -70.259 
21.124 -471.299 -70.265 
21.111 -471.210 -70.271 
21.099 -471.137 -70.276 
21.082 -471.034 -70.283 
21.062 -470.910 -70.291 
21.048 -470.826 -70.297 
21.026 -470.703 -70.306 
21.008 -470.598 -70.313 
20.981 -470.449 -70.324 
20.958 -470.326 -70.334 
20.940 -470.228 -70.341 
20.921 -470.128 -70.349 
20.902 -470.029 -70.357 
20.895 -469.997 -70.359 
20.876 -469.900 -70.367 
20.851 -469.774 -70.377 
20.829 -469.671 -70.386 
20.805 -469.554 -70.396 
20.778 -469.426 -70.407 
20.757 -469.331 -70.415 
20.736 -469.233 -70.424 
20.711 -469.123 -70.434 
20.681 -468.989 -70.446 
20.656 -468.880 -70.456 
20.633 -468.780 -70.466 
20.617 -468.713 -70.472 
20.600 -468.639 -70.479 
20.576 -468.538 -70.489 
20.551 -468.434 -70.499 
20.524 -468.323 -70.511 
20.497 -468.217 -70.521 
20.465 -468.087 -70.535 
20.437 -467.977 -70.547 
20.410 -467.872 -70.558 
20.394 -467.811 -70.564 
20.372 -467.727 -70.573 
20.329 -467.567 -70.591 
20.312 -467.505 -70.598 
20.286 -467.407 -70.609 
20.252 -467.285 -70.623 
20.229 -467.204 -70.632 
20.198 -467.094 -70.645 
20.164 -466.974 -70.659 
20.132 -466.864 -70.672 
20.098 -466.745 -70.687 
20.076 -466.672 -70.696 
20.056 -466.605 -70.704 
20.027 -466.506 -70.716 
20.010 -466.449 -70.723 
19.977 -466.341 -70.736 
19.955 -466.270 -70.745 
19.926 -466.175 -70.757 
19.894 -466.073 -70.769 
19.864 -465.976 -70.781 
19.833 -465.878 -70.793 
19.803 -465.783 -70.805 
19.772 -465.684 -70.818 
19.733 -465.565 -70.833 
19.698 -465.457 -70.847 
19.671 -465.372 -70.857 
19.639 -465.277 -70.869 
19.609 -465.186 -70.881 
19.580 -465.097 -70.893 
19.545 -464.992 -70.906 
19.518 -464.913 -70.917 
19.494 -464.841 -70.926 
19.457 -464.733 -70.940 
19.422 -464.629 -70.954 
19.392 -464.544 -70.965 
19.358 -464.445 -70.978 
19.297 -464.272 -71.001 
19.272 -464.201 -71.011 
19.234 -464.091 -71.026 
19.208 -464.018 -71.035 
19.159 -463.883 -71.054 
19.116 -463.764 -71.070 
19.097 -463.710 -71.077 
19.061 -463.611 -71.091 
19.021 -463.501 -71.105 
18.978 -463.386 -71.121 
18.942 -463.290 -71.134 
18.912 -463.209 -71.145 
18.885 -463.137 -71.155 
18.852 -463.048 -71.168 
18.802 -462.916 -71.186 
18.743 -462.762 -71.207 
18.686 -462.613 -71.228 
18.645 -462.507 -71.243 
18.618 -462.436 -71.253 
18.592 -462.369 -71.262 
18.559 -462.284 -71.274 
18.521 -462.187 -71.287 
18.474 -462.066 -71.304 
18.435 -461.966 -71.318 
18.389 -461.850 -71.335 
18.365 -461.791 -71.343 
18.322 -461.682 -71.359 
18.281 -461.578 -71.373 
18.244 -461.488 -71.386 
18.202 -461.383 -71.401 
18.173 -461.312 -71.411 
18.133 -461.214 -71.425 
18.098 -461.129 -71.438 
18.062 -461.038 -71.451 
18.029 -460.959 -71.462 
17.974 -460.827 -71.481 
17.947 -460.760 -71.491 
17.909 -460.669 -71.504 
17.877 -460.593 -71.515 
17.847 -460.522 -71.525 
17.811 -460.435 -71.538 
17.784 -460.371 -71.547 
17.742 -460.273 -71.562 
17.704 -460.183 -71.575 
17.668 -460.099 -71.587 
17.632 -460.014 -71.600 
17.598 -459.936 -71.611 
17.556 -459.837 -71.626 
17.500 -459.707 -71.645 
17.447 -459.585 -71.663 
17.400 -459.476 -71.679 
17.349 -459.359 -71.696 
17.312 -459.274 -71.709 
17.271 -459.182 -71.722 
17.235 -459.100 -71.734 
17.208 -459.040 -71.743 
17.170 -458.954 -71.756 
17.140 -458.887 -71.766 
17.109 -458.816 -71.776 
17.076 -458.743 -71.787 
17.039 -458.660 -71.799 
16.998 -458.568 -71.813 
16.942 -458.444 -71.831 
16.894 -458.337 -71.846 
16.857 -458.257 -71.858 
16.798 -458.128 -71.877 
16.764 -458.054 -71.888 
16.712 -457.941 -71.905 
16.678 -457.870 -71.915 
16.636 -457.779 -71.929 
16.586 -457.670 -71.945 
16.535 -457.562 -71.961 
16.492 -457.470 -71.974 
16.447 -457.374 -71.989 
16.398 -457.270 -72.004 
16.354 -457.179 -72.018 
16.318 -457.102 -72.029 
16.282 -457.028 -72.040 
16.252 -456.964 -72.050 
16.211 -456.878 -72.063 
16.176 -456.806 -72.073 
16.134 -456.720 -72.086 
16.070 -456.588 -72.106 
16.019 -456.482 -72.122 
15.980 -456.403 -72.134 
15.942 -456.325 -72.145 
15.898 -456.236 -72.159 
15.846 -456.129 -72.175 
15.775 -455.986 -72.197 
15.715 -455.866 -72.215 
15.677 -455.789 -72.226 
15.640 -455.714 -72.238 
15.573 -455.580 -72.258 
15.528 -455.492 -72.271 
15.483 -455.402 -72.284 
15.443 -455.324 -72.296 
15.417 -455.272 -72.304 
15.375 -455.189 -72.316 
15.327 -455.096 -72.330 
15.271 -454.986 -72.346 
15.232 -454.909 -72.358 
15.176 -454.801 -72.373 
15.131 -454.713 -72.386 
15.089 -454.632 -72.398 
15.045 -454.548 -72.411 
15.024 -454.507 -72.417 
14.993 -454.447 -72.425 
14.950 -454.364 -72.438 
14.896 -454.261 -72.453 
14.845 -454.166 -72.467 
14.798 -454.076 -72.480 
14.757 -454.000 -72.491 
14.710 -453.912 -72.504 
14.663 -453.823 -72.517 
14.613 -453.730 -72.530 
14.563 -453.637 -72.544 
14.511 -453.540 -72.557 
14.477 -453.478 -72.566 
14.428 -453.388 -72.579 
14.367 -453.276 -72.595 
14.323 -453.194 -72.607 
14.291 -453.137 -72.615 
