26.388 -423.578 -82.406 
26.376 -423.457 -82.412 
26.361 -423.323 -82.419 
26.352 -423.237 -82.424 
26.342 -423.148 -82.429 
26.332 -423.068 -82.434 
26.321 -422.970 -82.439 
26.305 -422.844 -82.447 
26.292 -422.739 -82.453 
26.284 -422.681 -82.457 
26.277 -422.627 -82.460 
26.262 -422.513 -82.468 
26.246 -422.392 -82.476 
26.226 -422.250 -82.485 
26.210 -422.140 -82.492 
26.203 -422.095 -82.495 
26.183 -421.960 -82.505 
26.171 -421.883 -82.510 
26.159 -421.803 -82.516 
26.147 -421.726 -82.522 
26.128 -421.608 -82.531 
26.111 -421.506 -82.538 
26.100 -421.444 -82.543 
26.084 -421.345 -82.551 
26.066 -421.245 -82.559 
26.054 -421.176 -82.565 
26.043 -421.111 -82.570 
26.023 -421.004 -82.579 
26.002 -420.890 -82.589 
25.988 -420.815 -82.595 
25.960 -420.669 -82.608 
25.941 -420.570 -82.617 
25.919 -420.458 -82.627 
25.902 -420.374 -82.635 
25.884 -420.289 -82.643 
25.863 -420.186 -82.653 
25.846 -420.109 -82.660 
25.825 -420.011 -82.670 
25.807 -419.928 -82.678 
25.780 -419.810 -82.690 
25.758 -419.711 -82.700 
25.727 -419.577 -82.714 
25.705 -419.484 -82.724 
25.680 -419.381 -82.735 
25.657 -419.287 -82.745 
25.638 -419.210 -82.754 
25.618 -419.130 -82.763 
25.604 -419.073 -82.769 
25.565 -418.923 -82.786 
25.545 -418.845 -82.796 
25.529 -418.785 -82.803 
25.493 -418.651 -82.819 
25.472 -418.574 -82.829 
25.444 -418.473 -82.841 
25.423 -418.398 -82.851 
25.397 -418.309 -82.862 
25.358 -418.174 -82.880 
25.321 -418.048 -82.897 
25.282 -417.918 -82.914 
25.235 -417.764 -82.935 
25.210 -417.683 -82.946 
25.169 -417.552 -82.965 
25.129 -417.427 -82.982 
25.103 -417.346 -82.994 
25.073 -417.255 -83.007 
25.043 -417.164 -83.020 
25.006 -417.053 -83.036 
24.982 -416.983 -83.047 
24.943 -416.867 -83.064 
24.900 -416.742 -83.083 
24.877 -416.677 -83.093 
24.821 -416.519 -83.118 
24.789 -416.427 -83.132 
24.741 -416.295 -83.153 
24.721 -416.240 -83.162 
24.680 -416.128 -83.180 
24.637 -416.013 -83.199 
24.596 -415.904 -83.217 
24.572 -415.841 -83.228 
24.530 -415.731 -83.246 
24.486 -415.619 -83.265 
24.439 -415.498 -83.287 
24.404 -415.410 -83.302 
24.361 -415.305 -83.320 
24.329 -415.224 -83.335 
24.290 -415.129 -83.352 
24.241 -415.011 -83.373 
24.201 -414.915 -83.391 
24.156 -414.806 -83.411 
24.117 -414.716 -83.428 
24.070 -414.607 -83.448 
24.027 -414.508 -83.468 
24.005 -414.458 -83.477 
23.977 -414.395 -83.489 
23.936 -414.302 -83.508 
23.904 -414.233 -83.521 
23.839 -414.088 -83.550 
23.804 -414.013 -83.566 
23.774 -413.947 -83.579 
23.727 -413.848 -83.599 
23.677 -413.742 -83.621 
23.631 -413.644 -83.642 
23.607 -413.596 -83.652 
23.562 -413.502 -83.672 
23.536 -413.449 -83.683 
23.486 -413.348 -83.706 
23.429 -413.232 -83.731 
23.396 -413.168 -83.745 
23.331 -413.040 -83.774 
23.290 -412.959 -83.792 
23.244 -412.872 -83.812 
23.187 -412.764 -83.837 
23.155 -412.702 -83.851 
23.100 -412.599 -83.875 
23.045 -412.497 -83.899 
22.991 -412.398 -83.923 
22.950 -412.324 -83.941 
22.892 -412.218 -83.967 
22.823 -412.096 -83.997 
22.789 -412.035 -84.012 
22.742 -411.952 -84.032 
22.688 -411.859 -84.056 
22.626 -411.752 -84.083 
22.580 -411.674 -84.103 
22.498 -411.535 -84.139 
22.448 -411.452 -84.161 
22.380 -411.340 -84.191 
22.319 -411.239 -84.218 
22.274 -411.165 -84.238 
22.216 -411.072 -84.263 
22.147 -410.963 -84.293 
22.087 -410.868 -84.319 
22.016 -410.758 -84.350 
21.981 -410.704 -84.365 
21.919 -410.609 -84.392 
21.876 -410.542 -84.411 
21.801 -410.430 -84.443 
21.740 -410.338 -84.470 
21.699 -410.277 -84.488 
21.656 -410.214 -84.506 
21.579 -410.102 -84.540 
21.533 -410.035 -84.559 
21.445 -409.908 -84.598 
21.385 -409.822 -84.624 
21.317 -409.728 -84.654 
21.231 -409.607 -84.691 
21.167 -409.519 -84.719 
21.112 -409.444 -84.743 
21.034 -409.339 -84.777 
20.974 -409.258 -84.803 
20.914 -409.179 -84.830 
20.869 -409.120 -84.849 
20.833 -409.072 -84.865 
20.772 -408.993 -84.891 
20.697 -408.897 -84.924 
20.626 -408.806 -84.954 
20.592 -408.763 -84.969 
20.512 -408.662 -85.003 
20.463 -408.601 -85.025 
20.396 -408.519 -85.053 
20.320 -408.426 -85.086 
20.248 -408.338 -85.118 
20.163 -408.236 -85.155 
20.109 -408.172 -85.178 
20.056 -408.110 -85.201 
19.985 -408.027 -85.232 
19.934 -407.966 -85.254 
19.862 -407.884 -85.285 
19.783 -407.794 -85.319 
19.689 -407.688 -85.360 
19.605 -407.594 -85.396 
19.552 -407.536 -85.419 
19.479 -407.456 -85.451 
19.426 -407.398 -85.474 
19.337 -407.303 -85.512 
19.228 -407.187 -85.559 
19.152 -407.106 -85.593 
19.086 -407.037 -85.621 
19.034 -406.984 -85.643 
18.963 -406.911 -85.674 
18.926 -406.873 -85.690 
18.831 -406.776 -85.731 
18.746 -406.691 -85.767 
18.659 -406.605 -85.804 
18.575 -406.522 -85.840 
18.499 -406.449 -85.873 
18.423 -406.375 -85.906 
18.365 -406.319 -85.931 
18.324 -406.281 -85.948 
18.234 -406.195 -85.987 
18.164 -406.131 -86.017 
18.085 -406.057 -86.051 
18.016 -405.993 -86.080 
17.907 -405.894 -86.127 
17.860 -405.852 -86.147 
17.800 -405.798 -86.173 
17.736 -405.742 -86.201 
17.634 -405.651 -86.245 
17.570 -405.596 -86.272 
17.514 -405.547 -86.297 
17.448 -405.490 -86.325 
17.372 -405.425 -86.358 
17.258 -405.329 -86.407 
17.197 -405.278 -86.433 
17.132 -405.225 -86.461 
17.055 -405.161 -86.494 
17.001 -405.117 -86.518 
16.906 -405.040 -86.558 
16.799 -404.954 -86.604 
16.705 -404.879 -86.645 
16.620 -404.812 -86.681 
16.572 -404.774 -86.701 
16.495 -404.715 -86.734 
16.429 -404.664 -86.763 
16.376 -404.623 -86.785 
16.315 -404.577 -86.811 
16.260 -404.535 -86.835 
16.174 -404.471 -86.871 
16.075 -404.397 -86.914 
15.978 -404.326 -86.955 
15.863 -404.243 -87.004 
15.756 -404.167 -87.049 
15.675 -404.109 -87.083 
15.581 -404.044 -87.123 
15.513 -403.996 -87.152 
15.469 -403.966 -87.170 
15.402 -403.920 -87.199 
15.337 -403.876 -87.226 
15.260 -403.823 -87.259 
15.196 -403.781 -87.285 
15.097 -403.715 -87.327 
15.019 -403.664 -87.360 
14.944 -403.614 -87.392 
14.858 -403.558 -87.428 
14.708 -403.462 -87.491 
14.644 -403.422 -87.518 
14.530 -403.350 -87.566 
14.448 -403.299 -87.600 
14.342 -403.234 -87.645 
14.240 -403.173 -87.688 
14.164 -403.127 -87.720 
14.088 -403.082 -87.752 
13.993 -403.025 -87.792 
13.899 -402.970 -87.831 
13.835 -402.933 -87.858 
13.770 -402.895 -87.886 
13.673 -402.840 -87.926 
13.600 -402.799 -87.957 
13.534 -402.762 -87.984 
13.457 -402.719 -88.017 
13.337 -402.653 -88.067 
13.283 -402.623 -88.090 
13.211 -402.584 -88.120 
13.149 -402.550 -88.146 
13.010 -402.476 -88.204 
12.919 -402.429 -88.242 
12.866 -402.401 -88.264 
12.778 -402.355 -88.301 
12.685 -402.307 -88.340 
12.611 -402.269 -88.372 
12.515 -402.222 -88.411 
12.437 -402.183 -88.444 
12.364 -402.147 -88.475 
12.277 -402.105 -88.511 
12.165 -402.050 -88.558 
12.104 -402.021 -88.583 
12.039 -401.990 -88.611 
11.901 -401.926 -88.668 
11.815 -401.886 -88.703 
11.737 -401.850 -88.736 
11.608 -401.792 -88.790 
11.538 -401.761 -88.819 
11.452 -401.723 -88.854 
11.372 -401.688 -88.888 
11.247 -401.634 -88.940 
11.172 -401.601 -88.971 
11.083 -401.563 -89.008 
11.011 -401.533 -89.038 
10.865 -401.473 -89.098 
10.757 -401.429 -89.143 
10.667 -401.393 -89.180 
10.583 -401.359 -89.215 
10.505 -401.328 -89.247 
10.410 -401.291 -89.287 
10.370 -401.276 -89.303 
10.277 -401.241 -89.342 
10.208 -401.215 -89.370 
10.099 -401.174 -89.415 
10.012 -401.142 -89.452 
9.938 -401.115 -89.482 
9.865 -401.089 -89.512 
