24.700 -458.359 -70.112 
24.699 -458.252 -70.112 
24.698 -458.179 -70.113 
24.697 -458.086 -70.113 
24.695 -457.987 -70.114 
24.693 -457.869 -70.115 
24.687 -457.665 -70.116 
24.682 -457.511 -70.118 
24.678 -457.402 -70.120 
24.673 -457.299 -70.121 
24.666 -457.146 -70.124 
24.659 -457.007 -70.127 
24.653 -456.909 -70.129 
24.649 -456.830 -70.130 
24.642 -456.723 -70.133 
24.637 -456.640 -70.135 
24.628 -456.511 -70.138 
24.619 -456.390 -70.141 
24.609 -456.272 -70.144 
24.600 -456.156 -70.147 
24.590 -456.046 -70.151 
24.582 -455.954 -70.154 
24.575 -455.878 -70.156 
24.566 -455.782 -70.159 
24.558 -455.701 -70.162 
24.548 -455.606 -70.166 
24.539 -455.522 -70.169 
24.527 -455.406 -70.173 
24.514 -455.297 -70.178 
24.501 -455.182 -70.182 
24.480 -455.015 -70.190 
24.465 -454.895 -70.195 
24.454 -454.811 -70.199 
24.444 -454.737 -70.203 
24.430 -454.631 -70.208 
24.419 -454.555 -70.212 
24.407 -454.469 -70.217 
24.393 -454.381 -70.222 
24.378 -454.279 -70.227 
24.363 -454.178 -70.233 
24.351 -454.106 -70.237 
24.335 -454.002 -70.244 
24.322 -453.925 -70.248 
24.302 -453.804 -70.256 
24.294 -453.756 -70.259 
24.280 -453.677 -70.264 
24.262 -453.574 -70.271 
24.241 -453.461 -70.279 
24.231 -453.403 -70.283 
24.217 -453.328 -70.289 
24.191 -453.190 -70.299 
24.165 -453.060 -70.309 
24.148 -452.974 -70.315 
24.131 -452.891 -70.322 
24.115 -452.811 -70.329 
24.101 -452.747 -70.334 
24.081 -452.650 -70.342 
24.059 -452.551 -70.350 
24.035 -452.438 -70.360 
24.012 -452.337 -70.369 
23.978 -452.188 -70.382 
23.950 -452.068 -70.393 
23.927 -451.972 -70.402 
23.895 -451.839 -70.415 
23.880 -451.781 -70.421 
23.860 -451.699 -70.429 
23.834 -451.596 -70.439 
23.814 -451.518 -70.447 
23.787 -451.414 -70.458 
23.761 -451.313 -70.469 
23.733 -451.211 -70.479 
23.709 -451.122 -70.489 
23.688 -451.044 -70.497 
23.654 -450.919 -70.511 
23.626 -450.819 -70.523 
23.602 -450.734 -70.532 
23.572 -450.632 -70.544 
23.544 -450.535 -70.556 
23.505 -450.403 -70.572 
23.459 -450.251 -70.590 
23.430 -450.157 -70.602 
23.385 -450.015 -70.620 
23.350 -449.904 -70.634 
23.309 -449.778 -70.651 
23.273 -449.667 -70.666 
23.240 -449.566 -70.680 
23.212 -449.484 -70.691 
23.170 -449.360 -70.708 
23.118 -449.210 -70.729 
23.079 -449.099 -70.745 
23.051 -449.019 -70.756 
23.027 -448.953 -70.766 
22.982 -448.831 -70.784 
22.950 -448.742 -70.797 
22.927 -448.681 -70.806 
22.884 -448.566 -70.824 
22.854 -448.487 -70.836 
22.816 -448.388 -70.851 
22.799 -448.343 -70.858 
22.766 -448.258 -70.872 
22.727 -448.160 -70.887 
22.682 -448.045 -70.906 
22.641 -447.945 -70.922 
22.612 -447.873 -70.934 
22.556 -447.735 -70.957 
22.524 -447.657 -70.970 
22.462 -447.508 -70.995 
22.417 -447.401 -71.013 
22.377 -447.308 -71.029 
22.348 -447.239 -71.041 
22.294 -447.116 -71.062 
22.236 -446.983 -71.086 
22.188 -446.874 -71.105 
22.153 -446.796 -71.119 
22.118 -446.718 -71.133 
22.049 -446.566 -71.161 
22.003 -446.466 -71.180 
21.955 -446.363 -71.199 
21.913 -446.274 -71.216 
21.874 -446.191 -71.231 
21.839 -446.118 -71.245 
21.798 -446.032 -71.262 
21.742 -445.917 -71.284 
21.683 -445.797 -71.308 
21.640 -445.709 -71.325 
21.592 -445.614 -71.344 
21.529 -445.488 -71.369 
21.482 -445.397 -71.388 
21.447 -445.327 -71.402 
21.394 -445.226 -71.423 
21.357 -445.155 -71.438 
21.330 -445.104 -71.448 
21.284 -445.017 -71.467 
21.241 -444.935 -71.484 
21.202 -444.862 -71.499 
21.144 -444.755 -71.522 
21.072 -444.625 -71.551 
21.033 -444.554 -71.566 
20.991 -444.477 -71.583 
20.946 -444.396 -71.601 
20.891 -444.297 -71.623 
20.835 -444.199 -71.644 
20.785 -444.110 -71.664 
20.737 -444.025 -71.683 
20.663 -443.897 -71.712 
20.616 -443.815 -71.731 
20.574 -443.742 -71.748 
20.537 -443.680 -71.762 
20.473 -443.571 -71.787 
20.415 -443.472 -71.809 
20.378 -443.411 -71.824 
20.322 -443.317 -71.846 
20.266 -443.222 -71.868 
20.189 -443.096 -71.898 
20.148 -443.028 -71.914 
20.103 -442.954 -71.931 
20.047 -442.863 -71.953 
19.996 -442.779 -71.973 
19.960 -442.722 -71.987 
19.922 -442.660 -72.002 
19.856 -442.555 -72.027 
19.785 -442.443 -72.055 
19.731 -442.357 -72.076 
19.659 -442.244 -72.104 
19.602 -442.156 -72.125 
19.572 -442.109 -72.137 
19.503 -442.003 -72.163 
19.446 -441.915 -72.185 
19.400 -441.845 -72.203 
19.346 -441.763 -72.224 
19.280 -441.663 -72.249 
19.232 -441.592 -72.267 
19.169 -441.497 -72.291 
19.124 -441.430 -72.309 
19.052 -441.325 -72.336 
18.993 -441.239 -72.358 
18.936 -441.156 -72.380 
18.880 -441.073 -72.401 
18.816 -440.982 -72.425 
18.745 -440.880 -72.452 
18.690 -440.801 -72.473 
18.631 -440.717 -72.495 
18.568 -440.628 -72.519 
18.498 -440.531 -72.545 
18.423 -440.426 -72.574 
18.368 -440.350 -72.595 
18.318 -440.282 -72.613 
18.249 -440.186 -72.640 
18.184 -440.099 -72.664 
18.136 -440.034 -72.682 
18.066 -439.939 -72.709 
17.995 -439.844 -72.735 
17.921 -439.745 -72.763 
17.847 -439.647 -72.791 
17.776 -439.554 -72.818 
17.707 -439.464 -72.844 
17.648 -439.387 -72.866 
17.610 -439.337 -72.881 
17.560 -439.272 -72.899 
17.483 -439.173 -72.928 
17.410 -439.079 -72.956 
17.352 -439.005 -72.977 
17.288 -438.923 -73.002 
17.254 -438.881 -73.014 
17.180 -438.787 -73.042 
17.117 -438.709 -73.065 
17.021 -438.588 -73.101 
16.969 -438.524 -73.121 
16.905 -438.444 -73.145 
16.847 -438.374 -73.167 
16.810 -438.328 -73.180 
16.759 -438.266 -73.200 
16.687 -438.178 -73.226 
16.618 -438.094 -73.252 
16.540 -437.999 -73.282 
16.468 -437.912 -73.309 
16.434 -437.870 -73.322 
16.367 -437.790 -73.347 
16.295 -437.704 -73.373 
16.233 -437.630 -73.396 
16.186 -437.574 -73.413 
16.100 -437.473 -73.444 
16.009 -437.365 -73.478 
15.946 -437.291 -73.501 
15.826 -437.151 -73.544 
15.772 -437.088 -73.564 
15.719 -437.027 -73.583 
15.664 -436.963 -73.603 
15.607 -436.898 -73.623 
15.548 -436.829 -73.644 
15.494 -436.768 -73.664 
15.410 -436.671 -73.694 
15.280 -436.524 -73.740 
15.233 -436.470 -73.757 
15.185 -436.416 -73.774 
15.088 -436.306 -73.808 
14.976 -436.180 -73.848 
14.900 -436.094 -73.875 
14.824 -436.010 -73.901 
14.773 -435.953 -73.919 
14.707 -435.880 -73.943 
14.648 -435.815 -73.963 
