26.391 -423.612 -82.404 
26.383 -423.532 -82.409 
26.376 -423.461 -82.412 
26.363 -423.338 -82.419 
26.356 -423.272 -82.422 
26.342 -423.151 -82.429 
26.331 -423.060 -82.434 
26.322 -422.983 -82.439 
26.314 -422.916 -82.443 
26.300 -422.808 -82.449 
26.288 -422.710 -82.456 
26.279 -422.638 -82.460 
26.269 -422.564 -82.465 
26.254 -422.458 -82.472 
26.233 -422.301 -82.482 
26.212 -422.154 -82.492 
26.197 -422.058 -82.499 
26.181 -421.947 -82.507 
26.170 -421.878 -82.512 
26.158 -421.802 -82.518 
26.147 -421.731 -82.523 
26.130 -421.622 -82.532 
26.112 -421.515 -82.540 
26.100 -421.443 -82.546 
26.088 -421.371 -82.552 
26.068 -421.252 -82.561 
26.054 -421.174 -82.568 
26.039 -421.093 -82.574 
26.025 -421.014 -82.581 
26.007 -420.914 -82.590 
25.993 -420.839 -82.596 
25.974 -420.738 -82.605 
25.947 -420.597 -82.618 
25.925 -420.487 -82.628 
25.900 -420.359 -82.640 
25.881 -420.269 -82.648 
25.862 -420.176 -82.657 
25.836 -420.053 -82.669 
25.809 -419.928 -82.682 
25.795 -419.863 -82.688 
25.773 -419.766 -82.698 
25.745 -419.642 -82.711 
25.722 -419.544 -82.722 
25.698 -419.443 -82.733 
25.671 -419.331 -82.745 
25.639 -419.198 -82.760 
25.615 -419.101 -82.771 
25.599 -419.041 -82.778 
25.580 -418.965 -82.787 
25.546 -418.834 -82.803 
25.520 -418.734 -82.815 
25.494 -418.637 -82.827 
25.465 -418.533 -82.840 
25.438 -418.432 -82.853 
25.409 -418.331 -82.866 
25.382 -418.236 -82.879 
25.359 -418.157 -82.889 
25.337 -418.081 -82.900 
25.307 -417.979 -82.913 
25.288 -417.913 -82.923 
25.264 -417.834 -82.934 
25.238 -417.748 -82.946 
25.200 -417.623 -82.963 
25.173 -417.537 -82.976 
25.142 -417.440 -82.990 
25.110 -417.341 -83.005 
25.057 -417.175 -83.029 
25.009 -417.030 -83.052 
24.966 -416.902 -83.072 
24.946 -416.842 -83.081 
24.919 -416.764 -83.093 
24.898 -416.701 -83.103 
24.874 -416.633 -83.114 
24.851 -416.566 -83.125 
24.799 -416.420 -83.149 
24.751 -416.285 -83.171 
24.714 -416.183 -83.188 
24.680 -416.090 -83.204 
24.650 -416.011 -83.218 
24.606 -415.893 -83.238 
24.582 -415.829 -83.249 
24.553 -415.754 -83.262 
24.514 -415.653 -83.280 
24.486 -415.581 -83.292 
24.463 -415.522 -83.303 
24.431 -415.441 -83.318 
24.389 -415.335 -83.337 
24.349 -415.238 -83.354 
24.318 -415.162 -83.369 
24.269 -415.041 -83.391 
24.235 -414.961 -83.406 
24.202 -414.881 -83.421 
24.164 -414.792 -83.438 
24.100 -414.643 -83.467 
24.089 -414.616 -83.472 
24.055 -414.538 -83.488 
24.020 -414.458 -83.503 
23.981 -414.370 -83.521 
23.949 -414.299 -83.535 
23.914 -414.222 -83.550 
23.868 -414.120 -83.571 
23.829 -414.036 -83.588 
23.775 -413.920 -83.613 
23.739 -413.844 -83.628 
23.707 -413.775 -83.643 
23.648 -413.652 -83.669 
23.599 -413.551 -83.691 
23.544 -413.438 -83.716 
23.486 -413.322 -83.741 
23.437 -413.223 -83.763 
23.386 -413.122 -83.786 
23.340 -413.032 -83.807 
23.282 -412.920 -83.833 
23.204 -412.773 -83.867 
23.169 -412.705 -83.883 
23.132 -412.637 -83.899 
23.090 -412.558 -83.918 
23.035 -412.458 -83.942 
22.969 -412.339 -83.971 
22.903 -412.220 -84.000 
22.867 -412.156 -84.016 
22.830 -412.092 -84.032 
22.769 -411.985 -84.059 
22.727 -411.912 -84.077 
22.682 -411.834 -84.098 
22.621 -411.731 -84.124 
22.594 -411.687 -84.136 
22.547 -411.608 -84.157 
22.497 -411.525 -84.179 
22.431 -411.416 -84.208 
22.379 -411.331 -84.231 
22.340 -411.267 -84.248 
22.271 -411.158 -84.278 
22.227 -411.087 -84.298 
22.178 -411.010 -84.320 
22.134 -410.940 -84.339 
22.099 -410.886 -84.355 
22.037 -410.790 -84.382 
21.971 -410.690 -84.411 
21.900 -410.581 -84.443 
21.843 -410.496 -84.467 
21.781 -410.404 -84.495 
21.719 -410.313 -84.522 
21.663 -410.231 -84.547 
21.618 -410.166 -84.567 
21.588 -410.122 -84.580 
21.527 -410.035 -84.607 
21.478 -409.965 -84.628 
21.438 -409.910 -84.646 
21.377 -409.824 -84.673 
21.324 -409.750 -84.696 
21.243 -409.639 -84.731 
21.183 -409.556 -84.757 
21.140 -409.499 -84.776 
21.051 -409.380 -84.815 
20.997 -409.307 -84.838 
20.944 -409.238 -84.861 
20.900 -409.180 -84.881 
20.837 -409.098 -84.908 
20.767 -409.009 -84.938 
20.707 -408.931 -84.965 
20.631 -408.835 -84.998 
20.585 -408.776 -85.018 
20.510 -408.683 -85.051 
20.468 -408.632 -85.069 
20.382 -408.526 -85.107 
20.308 -408.437 -85.139 
20.247 -408.363 -85.166 
20.206 -408.314 -85.184 
20.116 -408.208 -85.223 
20.059 -408.141 -85.248 
19.979 -408.048 -85.282 
19.895 -407.951 -85.319 
19.851 -407.901 -85.338 
19.788 -407.830 -85.366 
19.705 -407.736 -85.402 
19.635 -407.659 -85.432 
19.546 -407.560 -85.471 
19.467 -407.475 -85.505 
19.384 -407.385 -85.541 
19.288 -407.282 -85.583 
19.220 -407.211 -85.612 
19.158 -407.147 -85.639 
19.093 -407.079 -85.667 
19.031 -407.015 -85.694 
18.953 -406.935 -85.727 
18.871 -406.853 -85.763 
18.774 -406.755 -85.805 
18.691 -406.673 -85.841 
18.626 -406.609 -85.869 
18.554 -406.538 -85.900 
18.500 -406.487 -85.923 
18.417 -406.407 -85.959 
18.324 -406.318 -86.000 
18.232 -406.231 -86.040 
18.138 -406.145 -86.080 
18.072 -406.084 -86.109 
17.987 -406.006 -86.146 
17.873 -405.903 -86.196 
17.776 -405.817 -86.237 
17.727 -405.774 -86.259 
17.652 -405.708 -86.291 
17.568 -405.635 -86.328 
17.502 -405.578 -86.357 
17.424 -405.512 -86.391 
17.326 -405.429 -86.433 
17.265 -405.377 -86.460 
17.180 -405.307 -86.497 
17.103 -405.244 -86.531 
17.036 -405.189 -86.560 
16.957 -405.125 -86.594 
16.862 -405.049 -86.635 
16.783 -404.986 -86.670 
16.698 -404.920 -86.706 
16.640 -404.874 -86.732 
16.558 -404.811 -86.767 
16.448 -404.726 -86.815 
16.379 -404.673 -86.845 
16.298 -404.613 -86.880 
16.226 -404.559 -86.911 
16.142 -404.496 -86.948 
16.071 -404.445 -86.979 
16.007 -404.398 -87.007 
15.920 -404.336 -87.044 
15.837 -404.276 -87.081 
15.784 -404.238 -87.104 
15.698 -404.177 -87.142 
15.619 -404.122 -87.176 
15.514 -404.049 -87.222 
15.422 -403.986 -87.262 
15.333 -403.926 -87.300 
15.231 -403.857 -87.345 
15.162 -403.812 -87.374 
15.083 -403.760 -87.409 
15.016 -403.716 -87.438 
14.931 -403.661 -87.475 
14.845 -403.605 -87.512 
14.741 -403.540 -87.557 
14.650 -403.483 -87.596 
14.566 -403.430 -87.633 
14.482 -403.378 -87.669 
14.373 -403.312 -87.716 
14.309 -403.274 -87.744 
14.225 -403.224 -87.780 
14.119 -403.160 -87.827 
14.022 -403.104 -87.869 
13.937 -403.054 -87.905 
13.815 -402.983 -87.958 
13.734 -402.937 -87.993 
13.618 -402.872 -88.043 
13.557 -402.838 -88.070 
13.486 -402.799 -88.100 
13.360 -402.729 -88.155 
13.258 -402.674 -88.199 
13.202 -402.643 -88.223 
13.105 -402.592 -88.265 
13.038 -402.557 -88.294 
12.953 -402.512 -88.332 
12.858 -402.463 -88.373 
12.777 -402.421 -88.408 
12.707 -402.386 -88.438 
12.598 -402.330 -88.485 
12.504 -402.284 -88.526 
12.413 -402.239 -88.566 
12.332 -402.199 -88.601 
12.230 -402.150 -88.645 
12.150 -402.112 -88.679 
12.031 -402.056 -88.730 
11.950 -402.018 -88.765 
11.863 -401.978 -88.803 
11.796 -401.947 -88.832 
11.733 -401.919 -88.859 
11.664 -401.888 -88.889 
11.592 -401.855 -88.920 
11.550 -401.837 -88.938 
11.500 -401.815 -88.960 
11.412 -401.777 -88.998 
11.295 -401.726 -89.049 
11.224 -401.696 -89.080 
11.108 -401.647 -89.130 
10.964 -401.588 -89.192 
10.874 -401.551 -89.231 
10.762 -401.507 -89.279 
10.652 -401.463 -89.327 
10.568 -401.430 -89.363 
10.493 -401.402 -89.395 
10.408 -401.370 -89.432 
10.348 -401.347 -89.458 
10.285 -401.322 -89.485 
10.202 -401.292 -89.521 
10.145 -401.271 -89.545 
10.074 -401.245 -89.576 
9.998 -401.217 -89.609 
9.848 -401.163 -89.673 
9.725 -401.120 -89.726 
9.641 -401.091 -89.762 
9.557 -401.062 -89.798 
