24.700 -458.396 -70.112 
24.699 -458.283 -70.112 
24.698 -458.199 -70.112 
24.697 -458.103 -70.113 
24.696 -458.024 -70.113 
24.694 -457.934 -70.114 
24.691 -457.816 -70.115 
24.688 -457.713 -70.116 
24.684 -457.561 -70.118 
24.681 -457.488 -70.119 
24.679 -457.434 -70.120 
24.676 -457.367 -70.121 
24.672 -457.273 -70.123 
24.668 -457.184 -70.125 
24.662 -457.063 -70.127 
24.657 -456.973 -70.129 
24.653 -456.894 -70.131 
24.644 -456.752 -70.135 
24.638 -456.663 -70.137 
24.634 -456.605 -70.139 
24.628 -456.515 -70.142 
24.617 -456.369 -70.146 
24.603 -456.200 -70.152 
24.586 -456.000 -70.160 
24.575 -455.889 -70.165 
24.567 -455.807 -70.169 
24.560 -455.735 -70.172 
24.553 -455.662 -70.175 
24.542 -455.558 -70.180 
24.534 -455.483 -70.184 
24.526 -455.418 -70.187 
24.513 -455.302 -70.193 
24.497 -455.166 -70.200 
24.476 -454.997 -70.209 
24.462 -454.892 -70.215 
24.448 -454.785 -70.222 
24.429 -454.650 -70.230 
24.414 -454.543 -70.237 
24.396 -454.421 -70.245 
24.380 -454.319 -70.252 
24.362 -454.205 -70.260 
24.348 -454.117 -70.266 
24.333 -454.024 -70.273 
24.315 -453.918 -70.281 
24.301 -453.832 -70.288 
24.280 -453.712 -70.297 
24.261 -453.603 -70.306 
24.234 -453.458 -70.318 
24.207 -453.313 -70.330 
24.185 -453.201 -70.340 
24.174 -453.145 -70.345 
24.166 -453.104 -70.348 
24.146 -453.006 -70.357 
24.124 -452.899 -70.367 
24.106 -452.809 -70.375 
24.082 -452.698 -70.385 
24.059 -452.593 -70.395 
24.027 -452.450 -70.409 
24.002 -452.339 -70.420 
23.985 -452.265 -70.428 
23.968 -452.193 -70.435 
23.946 -452.101 -70.444 
23.932 -452.040 -70.451 
23.902 -451.921 -70.464 
23.873 -451.800 -70.477 
23.843 -451.685 -70.490 
23.815 -451.575 -70.502 
23.783 -451.453 -70.516 
23.753 -451.338 -70.530 
23.731 -451.259 -70.539 
23.705 -451.165 -70.550 
23.675 -451.056 -70.564 
23.651 -450.971 -70.574 
23.630 -450.897 -70.583 
23.606 -450.815 -70.593 
23.587 -450.750 -70.602 
23.557 -450.646 -70.615 
23.530 -450.557 -70.627 
23.492 -450.432 -70.643 
23.462 -450.335 -70.656 
23.445 -450.280 -70.664 
23.416 -450.187 -70.676 
23.398 -450.132 -70.684 
23.380 -450.074 -70.692 
23.338 -449.943 -70.710 
23.313 -449.869 -70.720 
23.286 -449.787 -70.732 
23.259 -449.706 -70.744 
23.213 -449.570 -70.763 
23.176 -449.461 -70.780 
23.132 -449.336 -70.798 
23.087 -449.209 -70.818 
23.064 -449.142 -70.828 
23.020 -449.022 -70.847 
22.993 -448.948 -70.859 
22.946 -448.821 -70.880 
22.909 -448.720 -70.896 
22.874 -448.629 -70.911 
22.848 -448.560 -70.923 
22.820 -448.486 -70.935 
22.789 -448.408 -70.948 
22.750 -448.307 -70.966 
22.702 -448.186 -70.986 
22.655 -448.069 -71.007 
22.625 -447.994 -71.020 
22.593 -447.915 -71.034 
22.556 -447.827 -71.050 
22.503 -447.699 -71.073 
22.460 -447.598 -71.092 
22.417 -447.496 -71.110 
22.379 -447.407 -71.127 
22.347 -447.334 -71.141 
22.320 -447.271 -71.153 
22.288 -447.200 -71.166 
22.232 -447.074 -71.190 
22.189 -446.977 -71.209 
22.164 -446.921 -71.220 
22.112 -446.809 -71.242 
22.073 -446.722 -71.260 
22.017 -446.603 -71.284 
21.990 -446.545 -71.295 
21.957 -446.475 -71.310 
21.928 -446.414 -71.322 
21.893 -446.340 -71.337 
21.841 -446.232 -71.360 
21.801 -446.150 -71.377 
21.762 -446.071 -71.394 
21.687 -445.918 -71.426 
21.642 -445.828 -71.446 
21.585 -445.717 -71.470 
21.533 -445.615 -71.493 
21.483 -445.517 -71.515 
21.438 -445.432 -71.534 
21.392 -445.344 -71.554 
21.343 -445.250 -71.575 
21.297 -445.164 -71.595 
21.229 -445.039 -71.624 
21.188 -444.962 -71.641 
21.134 -444.864 -71.664 
21.084 -444.773 -71.686 
21.033 -444.681 -71.708 
20.982 -444.591 -71.729 
20.954 -444.541 -71.741 
20.888 -444.424 -71.769 
20.846 -444.350 -71.787 
20.786 -444.247 -71.813 
20.736 -444.160 -71.834 
20.687 -444.076 -71.855 
20.629 -443.976 -71.880 
20.577 -443.888 -71.902 
20.502 -443.761 -71.933 
20.459 -443.689 -71.951 
20.391 -443.576 -71.980 
20.348 -443.503 -71.998 
20.300 -443.424 -72.019 
20.236 -443.320 -72.045 
20.175 -443.219 -72.071 
20.097 -443.093 -72.104 
20.037 -442.995 -72.130 
19.953 -442.862 -72.165 
19.904 -442.783 -72.186 
19.841 -442.683 -72.212 
19.787 -442.597 -72.235 
19.735 -442.515 -72.257 
19.670 -442.414 -72.284 
19.625 -442.344 -72.303 
19.576 -442.268 -72.324 
19.517 -442.177 -72.349 
19.467 -442.100 -72.370 
19.405 -442.005 -72.396 
19.332 -441.895 -72.426 
19.283 -441.821 -72.447 
19.241 -441.758 -72.465 
19.177 -441.663 -72.491 
19.132 -441.597 -72.510 
19.065 -441.497 -72.538 
19.001 -441.403 -72.565 
18.947 -441.325 -72.588 
18.908 -441.268 -72.604 
18.881 -441.228 -72.615 
18.854 -441.189 -72.626 
18.787 -441.093 -72.654 
18.719 -440.995 -72.683 
18.654 -440.903 -72.709 
18.592 -440.814 -72.736 
18.530 -440.727 -72.762 
18.461 -440.631 -72.790 
18.398 -440.545 -72.816 
18.328 -440.448 -72.845 
18.257 -440.351 -72.875 
18.198 -440.269 -72.900 
18.133 -440.181 -72.927 
18.076 -440.105 -72.951 
18.003 -440.007 -72.981 
17.927 -439.905 -73.013 
17.866 -439.826 -73.038 
17.784 -439.718 -73.073 
17.699 -439.607 -73.108 
17.644 -439.536 -73.131 
17.610 -439.492 -73.145 
17.497 -439.346 -73.192 
17.444 -439.278 -73.214 
17.373 -439.188 -73.243 
17.315 -439.115 -73.267 
17.257 -439.041 -73.291 
17.184 -438.949 -73.321 
17.132 -438.884 -73.343 
17.081 -438.819 -73.364 
17.002 -438.722 -73.396 
16.916 -438.616 -73.431 
16.863 -438.550 -73.453 
16.794 -438.466 -73.481 
16.733 -438.392 -73.506 
16.682 -438.330 -73.526 
16.654 -438.295 -73.538 
16.586 -438.213 -73.565 
16.529 -438.144 -73.588 
16.477 -438.082 -73.609 
16.420 -438.012 -73.632 
16.329 -437.903 -73.669 
16.265 -437.827 -73.694 
16.209 -437.760 -73.716 
16.168 -437.710 -73.733 
16.110 -437.643 -73.756 
16.050 -437.571 -73.780 
15.989 -437.499 -73.804 
15.895 -437.388 -73.841 
15.848 -437.333 -73.859 
15.799 -437.275 -73.878 
15.742 -437.209 -73.901 
15.690 -437.149 -73.921 
15.608 -437.052 -73.953 
15.515 -436.945 -73.989 
15.446 -436.865 -74.016 
15.380 -436.789 -74.042 
15.318 -436.717 -74.066 
15.239 -436.626 -74.097 
15.210 -436.594 -74.108 
15.163 -436.540 -74.126 
15.095 -436.462 -74.152 
15.021 -436.377 -74.181 
14.955 -436.302 -74.206 
14.858 -436.193 -74.243 
14.788 -436.114 -74.270 
14.754 -436.074 -74.284 
14.681 -435.993 -74.312 
14.605 -435.907 -74.341 
14.537 -435.831 -74.367 
14.459 -435.744 -74.397 
