24.700 -458.420 -70.112 
24.699 -458.308 -70.112 
24.699 -458.235 -70.113 
24.698 -458.150 -70.113 
24.696 -458.024 -70.114 
24.694 -457.923 -70.115 
24.692 -457.835 -70.116 
24.688 -457.709 -70.118 
24.685 -457.597 -70.119 
24.682 -457.513 -70.121 
24.678 -457.410 -70.122 
24.672 -457.285 -70.125 
24.667 -457.170 -70.127 
24.662 -457.071 -70.129 
24.654 -456.924 -70.133 
24.648 -456.832 -70.136 
24.645 -456.775 -70.137 
24.641 -456.716 -70.139 
24.634 -456.620 -70.142 
24.628 -456.528 -70.145 
24.622 -456.450 -70.148 
24.616 -456.367 -70.150 
24.602 -456.203 -70.156 
24.592 -456.088 -70.161 
24.583 -455.981 -70.165 
24.574 -455.892 -70.169 
24.563 -455.774 -70.174 
24.548 -455.628 -70.181 
24.537 -455.528 -70.186 
24.530 -455.466 -70.189 
24.520 -455.371 -70.194 
24.506 -455.251 -70.200 
24.491 -455.125 -70.207 
24.481 -455.050 -70.211 
24.470 -454.960 -70.217 
24.458 -454.871 -70.222 
24.445 -454.768 -70.229 
24.432 -454.676 -70.235 
24.410 -454.525 -70.245 
24.400 -454.458 -70.249 
24.381 -454.325 -70.259 
24.362 -454.203 -70.268 
24.347 -454.113 -70.274 
24.332 -454.020 -70.282 
24.315 -453.914 -70.290 
24.305 -453.854 -70.295 
24.276 -453.687 -70.308 
24.256 -453.577 -70.317 
24.237 -453.471 -70.326 
24.220 -453.378 -70.335 
24.196 -453.254 -70.346 
24.174 -453.143 -70.356 
24.158 -453.058 -70.364 
24.130 -452.921 -70.377 
24.108 -452.813 -70.387 
24.097 -452.762 -70.392 
24.070 -452.637 -70.405 
24.047 -452.530 -70.415 
24.029 -452.448 -70.424 
24.003 -452.335 -70.435 
23.982 -452.242 -70.445 
23.962 -452.158 -70.454 
23.941 -452.068 -70.463 
23.921 -451.982 -70.473 
23.905 -451.917 -70.480 
23.879 -451.809 -70.492 
23.858 -451.728 -70.501 
23.844 -451.670 -70.508 
23.812 -451.543 -70.522 
23.792 -451.469 -70.531 
23.759 -451.340 -70.546 
23.724 -451.209 -70.562 
23.704 -451.136 -70.571 
23.670 -451.013 -70.586 
23.649 -450.938 -70.595 
23.627 -450.859 -70.605 
23.591 -450.732 -70.622 
23.563 -450.635 -70.634 
23.528 -450.517 -70.650 
23.509 -450.455 -70.658 
23.492 -450.396 -70.666 
23.476 -450.344 -70.673 
23.440 -450.224 -70.690 
23.397 -450.087 -70.709 
23.370 -450.002 -70.721 
23.348 -449.932 -70.731 
23.310 -449.815 -70.747 
23.280 -449.724 -70.761 
23.247 -449.623 -70.775 
23.213 -449.521 -70.791 
23.181 -449.426 -70.805 
23.154 -449.346 -70.817 
23.132 -449.283 -70.827 
23.100 -449.193 -70.840 
23.053 -449.060 -70.861 
23.024 -448.978 -70.874 
22.990 -448.886 -70.889 
22.953 -448.784 -70.905 
22.925 -448.708 -70.918 
22.873 -448.572 -70.940 
22.834 -448.469 -70.957 
22.793 -448.361 -70.976 
22.756 -448.267 -70.992 
22.722 -448.181 -71.007 
22.682 -448.080 -71.024 
22.639 -447.972 -71.044 
22.603 -447.884 -71.059 
22.561 -447.781 -71.078 
22.532 -447.710 -71.091 
22.484 -447.595 -71.112 
22.442 -447.496 -71.131 
22.386 -447.365 -71.155 
22.336 -447.247 -71.178 
22.297 -447.159 -71.195 
22.265 -447.084 -71.209 
22.216 -446.976 -71.230 
22.179 -446.893 -71.247 
22.136 -446.797 -71.266 
22.086 -446.689 -71.288 
22.046 -446.602 -71.306 
22.006 -446.516 -71.323 
21.964 -446.426 -71.342 
21.921 -446.336 -71.361 
21.862 -446.212 -71.387 
21.819 -446.123 -71.406 
21.772 -446.027 -71.427 
21.699 -445.880 -71.459 
21.652 -445.786 -71.480 
21.607 -445.696 -71.500 
21.565 -445.614 -71.518 
21.515 -445.516 -71.540 
21.464 -445.417 -71.563 
21.406 -445.305 -71.589 
21.363 -445.223 -71.608 
21.281 -445.070 -71.644 
21.230 -444.974 -71.667 
21.156 -444.837 -71.700 
21.098 -444.732 -71.725 
21.058 -444.659 -71.743 
21.009 -444.571 -71.765 
20.938 -444.444 -71.796 
20.889 -444.357 -71.817 
20.836 -444.266 -71.840 
20.763 -444.137 -71.873 
20.692 -444.015 -71.904 
20.637 -443.921 -71.927 
20.598 -443.853 -71.945 
20.542 -443.760 -71.969 
20.485 -443.663 -71.994 
20.431 -443.573 -72.018 
20.361 -443.456 -72.048 
20.323 -443.393 -72.065 
20.255 -443.281 -72.094 
20.189 -443.173 -72.123 
20.119 -443.060 -72.153 
20.080 -442.998 -72.170 
20.037 -442.929 -72.188 
19.991 -442.855 -72.208 
19.941 -442.776 -72.230 
19.882 -442.684 -72.255 
19.816 -442.580 -72.284 
19.746 -442.471 -72.314 
19.708 -442.412 -72.330 
19.648 -442.319 -72.356 
19.583 -442.220 -72.384 
19.510 -442.109 -72.415 
19.448 -442.015 -72.441 
19.396 -441.936 -72.464 
19.313 -441.813 -72.499 
19.232 -441.693 -72.534 
19.175 -441.609 -72.558 
19.105 -441.508 -72.588 
19.042 -441.416 -72.615 
19.003 -441.360 -72.631 
18.950 -441.284 -72.654 
18.882 -441.187 -72.682 
18.841 -441.129 -72.700 
18.790 -441.056 -72.722 
18.726 -440.966 -72.749 
18.676 -440.897 -72.769 
18.634 -440.838 -72.787 
18.587 -440.774 -72.807 
18.517 -440.677 -72.836 
18.454 -440.592 -72.862 
18.415 -440.537 -72.879 
18.338 -440.435 -72.911 
18.297 -440.379 -72.928 
18.227 -440.286 -72.957 
18.173 -440.214 -72.980 
18.114 -440.135 -73.004 
18.045 -440.044 -73.033 
18.002 -439.987 -73.051 
17.955 -439.927 -73.070 
17.890 -439.842 -73.097 
17.852 -439.793 -73.113 
17.787 -439.709 -73.140 
17.744 -439.654 -73.157 
17.676 -439.567 -73.185 
17.628 -439.506 -73.205 
17.579 -439.443 -73.225 
17.478 -439.316 -73.266 
17.415 -439.237 -73.292 
17.377 -439.189 -73.308 
17.328 -439.128 -73.328 
17.254 -439.035 -73.358 
17.218 -438.991 -73.372 
17.162 -438.922 -73.395 
17.097 -438.842 -73.421 
17.029 -438.758 -73.449 
16.960 -438.673 -73.477 
16.884 -438.581 -73.508 
16.821 -438.503 -73.533 
16.759 -438.428 -73.558 
16.706 -438.365 -73.580 
16.633 -438.276 -73.609 
16.574 -438.205 -73.633 
16.516 -438.136 -73.656 
16.458 -438.066 -73.679 
16.403 -438.000 -73.701 
16.334 -437.918 -73.729 
16.253 -437.823 -73.761 
16.207 -437.768 -73.779 
16.143 -437.693 -73.805 
16.081 -437.621 -73.829 
16.004 -437.530 -73.859 
15.926 -437.440 -73.890 
15.870 -437.375 -73.911 
15.814 -437.310 -73.933 
15.744 -437.228 -73.961 
15.671 -437.145 -73.989 
15.607 -437.071 -74.014 
15.537 -436.990 -74.041 
15.463 -436.906 -74.069 
15.404 -436.839 -74.092 
15.339 -436.764 -74.117 
15.299 -436.719 -74.132 
15.260 -436.674 -74.147 
15.199 -436.606 -74.170 
15.128 -436.526 -74.198 
15.060 -436.450 -74.223 
15.015 -436.399 -74.241 
14.953 -436.330 -74.264 
14.886 -436.254 -74.290 
14.818 -436.179 -74.315 
14.708 -436.056 -74.357 
14.639 -435.979 -74.383 
14.579 -435.913 -74.405 
14.499 -435.825 -74.435 
