24.700 -458.379 -70.112 
24.698 -458.183 -70.112 
24.696 -458.054 -70.113 
24.694 -457.924 -70.113 
24.690 -457.785 -70.114 
24.686 -457.644 -70.116 
24.682 -457.518 -70.117 
24.678 -457.428 -70.118 
24.675 -457.358 -70.119 
24.671 -457.256 -70.120 
24.666 -457.152 -70.122 
24.662 -457.081 -70.123 
24.656 -456.970 -70.125 
24.652 -456.896 -70.127 
24.647 -456.806 -70.129 
24.640 -456.691 -70.132 
24.635 -456.618 -70.133 
24.628 -456.518 -70.136 
24.624 -456.461 -70.137 
24.616 -456.350 -70.141 
24.608 -456.258 -70.143 
24.594 -456.091 -70.148 
24.586 -455.997 -70.152 
24.577 -455.903 -70.155 
24.568 -455.805 -70.158 
24.557 -455.690 -70.163 
24.548 -455.605 -70.166 
24.537 -455.506 -70.170 
24.523 -455.382 -70.175 
24.513 -455.292 -70.179 
24.498 -455.170 -70.185 
24.486 -455.067 -70.190 
24.479 -455.018 -70.192 
24.467 -454.917 -70.197 
24.452 -454.810 -70.203 
24.437 -454.700 -70.209 
24.423 -454.593 -70.215 
24.404 -454.463 -70.222 
24.388 -454.361 -70.228 
24.367 -454.218 -70.237 
24.355 -454.146 -70.242 
24.339 -454.043 -70.248 
24.317 -453.910 -70.257 
24.305 -453.839 -70.262 
24.288 -453.742 -70.269 
24.269 -453.633 -70.276 
24.253 -453.547 -70.282 
24.233 -453.437 -70.291 
24.212 -453.322 -70.299 
24.192 -453.216 -70.308 
24.173 -453.119 -70.315 
24.146 -452.985 -70.326 
24.123 -452.875 -70.335 
24.099 -452.758 -70.345 
24.077 -452.655 -70.354 
24.055 -452.551 -70.363 
24.031 -452.444 -70.372 
23.999 -452.304 -70.385 
23.977 -452.208 -70.394 
23.952 -452.100 -70.404 
23.926 -451.993 -70.415 
23.900 -451.888 -70.425 
23.867 -451.754 -70.438 
23.844 -451.666 -70.447 
23.814 -451.547 -70.459 
23.778 -451.411 -70.473 
23.749 -451.300 -70.485 
23.723 -451.208 -70.495 
23.699 -451.118 -70.504 
23.679 -451.049 -70.512 
23.652 -450.951 -70.523 
23.612 -450.813 -70.538 
23.585 -450.720 -70.549 
23.563 -450.644 -70.558 
23.517 -450.489 -70.576 
23.484 -450.380 -70.589 
23.457 -450.291 -70.600 
23.427 -450.197 -70.611 
23.394 -450.089 -70.625 
23.368 -450.009 -70.635 
23.338 -449.916 -70.647 
23.306 -449.818 -70.659 
23.284 -449.752 -70.668 
23.238 -449.613 -70.687 
23.194 -449.483 -70.704 
23.147 -449.345 -70.723 
23.128 -449.292 -70.731 
23.100 -449.212 -70.742 
23.053 -449.080 -70.761 
23.038 -449.036 -70.767 
23.005 -448.944 -70.780 
22.972 -448.853 -70.793 
22.933 -448.748 -70.809 
22.911 -448.689 -70.818 
22.862 -448.560 -70.838 
22.834 -448.486 -70.849 
22.805 -448.411 -70.861 
22.784 -448.356 -70.869 
22.757 -448.288 -70.880 
22.729 -448.218 -70.891 
22.690 -448.117 -70.907 
22.642 -448.000 -70.926 
22.609 -447.918 -70.940 
22.556 -447.789 -70.961 
22.492 -447.635 -70.987 
22.428 -447.484 -71.013 
22.393 -447.403 -71.027 
22.351 -447.306 -71.044 
22.302 -447.193 -71.064 
22.257 -447.092 -71.082 
22.215 -446.996 -71.099 
22.193 -446.948 -71.107 
22.153 -446.859 -71.123 
22.101 -446.745 -71.144 
22.057 -446.647 -71.162 
22.023 -446.575 -71.175 
21.991 -446.507 -71.188 
21.951 -446.422 -71.204 
21.897 -446.309 -71.225 
21.855 -446.220 -71.242 
21.807 -446.123 -71.261 
21.771 -446.049 -71.275 
21.730 -445.965 -71.292 
21.686 -445.877 -71.309 
21.628 -445.761 -71.332 
21.568 -445.644 -71.356 
21.525 -445.558 -71.373 
21.478 -445.468 -71.392 
21.400 -445.318 -71.422 
21.357 -445.237 -71.439 
21.302 -445.134 -71.461 
21.227 -444.995 -71.491 
21.183 -444.914 -71.508 
21.142 -444.839 -71.524 
21.076 -444.719 -71.550 
21.039 -444.653 -71.564 
20.971 -444.532 -71.591 
20.904 -444.413 -71.617 
20.839 -444.299 -71.643 
20.779 -444.194 -71.666 
20.748 -444.141 -71.678 
20.662 -443.992 -71.712 
20.610 -443.903 -71.733 
20.555 -443.809 -71.754 
20.503 -443.723 -71.774 
20.465 -443.658 -71.789 
20.400 -443.550 -71.814 
20.359 -443.482 -71.830 
20.304 -443.391 -71.852 
20.265 -443.327 -71.867 
20.217 -443.248 -71.886 
20.157 -443.149 -71.909 
20.095 -443.049 -71.933 
20.033 -442.949 -71.957 
19.967 -442.844 -71.983 
19.928 -442.782 -71.998 
19.872 -442.694 -72.020 
19.804 -442.587 -72.046 
19.734 -442.478 -72.073 
19.682 -442.398 -72.093 
19.617 -442.297 -72.118 
19.572 -442.228 -72.136 
19.522 -442.152 -72.155 
19.474 -442.079 -72.173 
19.398 -441.963 -72.203 
19.339 -441.874 -72.226 
19.288 -441.798 -72.245 
19.231 -441.713 -72.267 
19.192 -441.655 -72.282 
19.129 -441.562 -72.307 
19.072 -441.479 -72.329 
19.015 -441.395 -72.351 
18.965 -441.322 -72.370 
18.898 -441.226 -72.396 
18.839 -441.141 -72.419 
18.795 -441.078 -72.435 
18.702 -440.946 -72.471 
18.628 -440.842 -72.500 
18.554 -440.738 -72.528 
18.493 -440.653 -72.552 
18.431 -440.567 -72.576 
18.383 -440.502 -72.594 
18.319 -440.413 -72.619 
18.234 -440.298 -72.652 
18.180 -440.224 -72.673 
18.090 -440.103 -72.708 
18.025 -440.018 -72.733 
17.955 -439.925 -72.760 
17.900 -439.852 -72.781 
17.844 -439.779 -72.803 
17.773 -439.686 -72.830 
17.730 -439.631 -72.847 
17.667 -439.549 -72.871 
17.602 -439.466 -72.896 
17.545 -439.392 -72.918 
17.483 -439.313 -72.942 
17.438 -439.256 -72.959 
17.373 -439.173 -72.985 
17.315 -439.100 -73.007 
17.248 -439.016 -73.032 
17.194 -438.948 -73.053 
17.118 -438.853 -73.082 
17.036 -438.752 -73.113 
16.990 -438.696 -73.131 
16.935 -438.628 -73.152 
16.871 -438.550 -73.176 
16.796 -438.459 -73.204 
16.741 -438.391 -73.225 
16.693 -438.333 -73.243 
16.597 -438.217 -73.280 
16.525 -438.130 -73.307 
16.457 -438.050 -73.333 
16.407 -437.990 -73.352 
16.353 -437.926 -73.372 
16.296 -437.858 -73.394 
16.245 -437.798 -73.413 
16.181 -437.722 -73.437 
16.091 -437.616 -73.471 
16.042 -437.559 -73.489 
15.979 -437.485 -73.513 
15.907 -437.402 -73.539 
15.796 -437.272 -73.581 
15.743 -437.212 -73.600 
15.657 -437.113 -73.632 
15.605 -437.053 -73.651 
15.521 -436.957 -73.682 
15.468 -436.897 -73.702 
15.398 -436.818 -73.728 
15.337 -436.748 -73.750 
15.268 -436.670 -73.776 
15.201 -436.595 -73.800 
15.118 -436.501 -73.830 
15.057 -436.433 -73.853 
14.996 -436.365 -73.875 
14.934 -436.295 -73.897 
14.898 -436.257 -73.910 
14.841 -436.193 -73.931 
14.769 -436.114 -73.957 
14.700 -436.038 -73.982 
14.634 -435.966 -74.005 
