21.500 -475.912 -70.112 
21.499 -475.763 -70.112 
21.498 -475.662 -70.113 
21.496 -475.539 -70.113 
21.495 -475.449 -70.114 
21.493 -475.362 -70.114 
21.491 -475.282 -70.115 
21.488 -475.169 -70.117 
21.486 -475.084 -70.118 
21.481 -474.934 -70.120 
21.477 -474.820 -70.122 
21.472 -474.709 -70.124 
21.466 -474.574 -70.126 
21.463 -474.505 -70.127 
21.456 -474.374 -70.130 
21.451 -474.290 -70.132 
21.445 -474.192 -70.135 
21.442 -474.139 -70.136 
21.433 -473.994 -70.140 
21.424 -473.873 -70.143 
21.417 -473.772 -70.146 
21.409 -473.676 -70.150 
21.404 -473.613 -70.152 
21.394 -473.493 -70.156 
21.384 -473.377 -70.160 
21.376 -473.287 -70.164 
21.360 -473.114 -70.171 
21.350 -473.013 -70.175 
21.335 -472.866 -70.181 
21.326 -472.780 -70.185 
21.314 -472.667 -70.191 
21.306 -472.596 -70.194 
21.298 -472.526 -70.198 
21.287 -472.435 -70.202 
21.271 -472.296 -70.209 
21.258 -472.193 -70.214 
21.238 -472.043 -70.223 
21.224 -471.931 -70.229 
21.211 -471.835 -70.234 
21.190 -471.688 -70.243 
21.176 -471.595 -70.249 
21.164 -471.510 -70.254 
21.151 -471.421 -70.260 
21.137 -471.335 -70.265 
21.109 -471.156 -70.277 
21.095 -471.065 -70.283 
21.078 -470.965 -70.290 
21.056 -470.832 -70.299 
21.033 -470.702 -70.308 
21.014 -470.593 -70.316 
20.993 -470.476 -70.325 
20.979 -470.400 -70.330 
20.960 -470.298 -70.338 
20.940 -470.190 -70.347 
20.910 -470.034 -70.359 
20.891 -469.935 -70.367 
20.875 -469.855 -70.374 
20.849 -469.725 -70.385 
20.836 -469.666 -70.390 
20.817 -469.573 -70.398 
20.796 -469.472 -70.406 
20.762 -469.309 -70.421 
20.741 -469.214 -70.429 
20.718 -469.107 -70.439 
20.694 -469.002 -70.448 
20.669 -468.891 -70.459 
20.638 -468.755 -70.472 
20.611 -468.640 -70.482 
20.591 -468.556 -70.491 
20.570 -468.471 -70.499 
20.542 -468.351 -70.511 
20.527 -468.291 -70.517 
20.502 -468.192 -70.527 
20.485 -468.121 -70.534 
20.458 -468.014 -70.545 
20.433 -467.918 -70.555 
20.411 -467.832 -70.564 
20.395 -467.769 -70.571 
20.382 -467.720 -70.576 
20.355 -467.619 -70.587 
20.323 -467.498 -70.601 
20.289 -467.373 -70.615 
20.264 -467.282 -70.625 
20.231 -467.163 -70.639 
20.209 -467.083 -70.648 
20.177 -466.971 -70.661 
20.147 -466.864 -70.674 
20.108 -466.729 -70.691 
20.074 -466.613 -70.705 
20.041 -466.502 -70.718 
20.006 -466.385 -70.732 
19.963 -466.242 -70.750 
19.924 -466.117 -70.766 
19.886 -465.994 -70.781 
19.849 -465.874 -70.797 
19.818 -465.776 -70.809 
19.790 -465.689 -70.820 
19.765 -465.611 -70.830 
19.734 -465.514 -70.843 
19.711 -465.440 -70.852 
19.678 -465.340 -70.865 
19.646 -465.242 -70.878 
19.618 -465.156 -70.890 
19.577 -465.032 -70.906 
19.536 -464.909 -70.922 
19.498 -464.798 -70.936 
19.465 -464.699 -70.950 
19.435 -464.613 -70.961 
19.399 -464.507 -70.975 
19.361 -464.398 -70.990 
19.330 -464.309 -71.002 
19.293 -464.202 -71.016 
19.262 -464.115 -71.028 
19.221 -464.000 -71.044 
19.187 -463.904 -71.057 
19.159 -463.826 -71.068 
19.124 -463.729 -71.081 
19.071 -463.583 -71.101 
19.043 -463.505 -71.112 
19.011 -463.417 -71.124 
18.985 -463.347 -71.134 
18.955 -463.266 -71.145 
18.920 -463.172 -71.158 
18.878 -463.059 -71.173 
18.854 -462.995 -71.182 
18.818 -462.897 -71.196 
18.765 -462.760 -71.215 
18.735 -462.679 -71.226 
18.689 -462.560 -71.243 
18.648 -462.453 -71.258 
18.616 -462.369 -71.270 
18.585 -462.290 -71.281 
18.546 -462.190 -71.295 
18.497 -462.063 -71.313 
18.440 -461.918 -71.333 
18.403 -461.826 -71.346 
18.376 -461.756 -71.356 
18.349 -461.689 -71.365 
18.314 -461.601 -71.378 
18.276 -461.506 -71.391 
18.241 -461.417 -71.404 
18.202 -461.321 -71.417 
18.150 -461.193 -71.435 
18.099 -461.066 -71.453 
18.079 -461.016 -71.460 
18.035 -460.909 -71.475 
18.001 -460.828 -71.486 
17.967 -460.745 -71.497 
17.915 -460.621 -71.515 
17.872 -460.519 -71.529 
17.831 -460.420 -71.543 
17.801 -460.348 -71.553 
17.761 -460.255 -71.566 
17.726 -460.172 -71.578 
17.672 -460.044 -71.596 
17.615 -459.910 -71.614 
17.584 -459.839 -71.624 
17.541 -459.738 -71.638 
17.491 -459.621 -71.655 
17.450 -459.528 -71.668 
17.418 -459.453 -71.678 
17.385 -459.377 -71.689 
17.341 -459.275 -71.703 
17.313 -459.212 -71.712 
17.259 -459.087 -71.729 
17.224 -459.007 -71.740 
17.190 -458.931 -71.751 
17.123 -458.779 -71.772 
17.074 -458.670 -71.787 
17.042 -458.596 -71.797 
16.991 -458.484 -71.812 
16.947 -458.387 -71.826 
16.906 -458.294 -71.839 
16.881 -458.240 -71.846 
16.832 -458.131 -71.861 
16.794 -458.047 -71.873 
16.738 -457.925 -71.890 
16.707 -457.858 -71.899 
16.672 -457.783 -71.910 
16.653 -457.740 -71.916 
16.610 -457.647 -71.929 
16.562 -457.544 -71.943 
16.506 -457.424 -71.960 
16.454 -457.312 -71.975 
16.414 -457.227 -71.987 
16.371 -457.136 -72.000 
16.337 -457.063 -72.010 
16.302 -456.990 -72.020 
16.254 -456.890 -72.034 
16.227 -456.833 -72.042 
16.170 -456.714 -72.059 
16.129 -456.627 -72.071 
16.091 -456.548 -72.082 
16.041 -456.443 -72.097 
15.996 -456.351 -72.109 
15.940 -456.234 -72.126 
15.897 -456.145 -72.138 
15.862 -456.074 -72.148 
15.796 -455.937 -72.166 
15.774 -455.892 -72.173 
15.729 -455.802 -72.185 
15.669 -455.679 -72.202 
15.630 -455.599 -72.212 
15.583 -455.505 -72.225 
15.545 -455.427 -72.236 
15.513 -455.364 -72.244 
15.467 -455.272 -72.257 
15.424 -455.186 -72.268 
15.379 -455.095 -72.281 
15.332 -455.003 -72.293 
15.296 -454.930 -72.303 
15.239 -454.817 -72.318 
15.211 -454.764 -72.326 
15.163 -454.669 -72.338 
15.109 -454.563 -72.353 
15.073 -454.493 -72.362 
15.047 -454.443 -72.369 
15.010 -454.370 -72.379 
14.943 -454.240 -72.397 
14.884 -454.125 -72.412 
14.846 -454.052 -72.422 
14.793 -453.950 -72.436 
14.758 -453.882 -72.445 
14.694 -453.760 -72.461 
14.639 -453.656 -72.475 
14.577 -453.538 -72.491 
14.535 -453.458 -72.501 
14.482 -453.358 -72.515 
14.443 -453.285 -72.524 
14.397 -453.198 -72.536 
14.352 -453.114 -72.547 
14.316 -453.046 -72.556 
14.271 -452.962 -72.567 
