21.500 -475.893 -70.112 
21.499 -475.806 -70.112 
21.498 -475.660 -70.113 
21.496 -475.553 -70.113 
21.495 -475.492 -70.114 
21.493 -475.379 -70.115 
21.490 -475.268 -70.116 
21.485 -475.124 -70.117 
21.482 -475.032 -70.119 
21.478 -474.916 -70.120 
21.475 -474.827 -70.122 
21.469 -474.698 -70.124 
21.466 -474.624 -70.125 
21.462 -474.551 -70.127 
21.456 -474.431 -70.129 
21.448 -474.288 -70.132 
21.439 -474.152 -70.135 
21.432 -474.048 -70.138 
21.427 -473.964 -70.140 
21.418 -473.847 -70.144 
21.413 -473.770 -70.146 
21.405 -473.672 -70.149 
21.400 -473.606 -70.151 
21.392 -473.513 -70.154 
21.386 -473.441 -70.156 
21.377 -473.336 -70.160 
21.370 -473.255 -70.163 
21.362 -473.168 -70.166 
21.349 -473.032 -70.172 
21.337 -472.920 -70.176 
21.327 -472.819 -70.181 
21.310 -472.666 -70.188 
21.297 -472.547 -70.193 
21.287 -472.457 -70.198 
21.276 -472.365 -70.202 
21.267 -472.292 -70.206 
21.255 -472.197 -70.211 
21.245 -472.115 -70.215 
21.233 -472.025 -70.220 
21.219 -471.921 -70.225 
21.205 -471.817 -70.231 
21.193 -471.729 -70.236 
21.180 -471.641 -70.241 
21.167 -471.551 -70.247 
21.154 -471.463 -70.252 
21.134 -471.330 -70.260 
21.115 -471.211 -70.268 
21.098 -471.101 -70.275 
21.071 -470.938 -70.286 
21.057 -470.855 -70.292 
21.042 -470.766 -70.298 
21.022 -470.655 -70.305 
21.003 -470.550 -70.313 
20.994 -470.497 -70.317 
20.977 -470.404 -70.324 
20.956 -470.295 -70.332 
20.935 -470.184 -70.340 
20.918 -470.096 -70.347 
20.899 -469.995 -70.355 
20.886 -469.931 -70.360 
20.872 -469.865 -70.365 
20.861 -469.806 -70.370 
20.844 -469.722 -70.377 
20.823 -469.621 -70.386 
20.809 -469.556 -70.391 
20.792 -469.477 -70.398 
20.770 -469.374 -70.407 
20.744 -469.255 -70.418 
20.719 -469.143 -70.428 
20.703 -469.069 -70.435 
20.673 -468.936 -70.447 
20.648 -468.828 -70.457 
20.628 -468.746 -70.465 
20.608 -468.659 -70.474 
20.580 -468.545 -70.485 
20.541 -468.386 -70.500 
20.517 -468.289 -70.510 
20.492 -468.187 -70.520 
20.472 -468.109 -70.528 
20.437 -467.975 -70.542 
20.419 -467.905 -70.549 
20.386 -467.779 -70.563 
20.365 -467.703 -70.571 
20.337 -467.598 -70.582 
20.314 -467.513 -70.592 
20.282 -467.396 -70.604 
20.241 -467.248 -70.621 
20.224 -467.189 -70.628 
20.197 -467.094 -70.639 
20.158 -466.959 -70.654 
20.115 -466.808 -70.672 
20.086 -466.710 -70.683 
20.045 -466.574 -70.699 
20.015 -466.473 -70.712 
19.995 -466.407 -70.720 
19.974 -466.339 -70.728 
19.939 -466.225 -70.742 
19.918 -466.159 -70.750 
19.892 -466.074 -70.760 
19.869 -466.000 -70.770 
19.837 -465.898 -70.782 
19.798 -465.775 -70.798 
19.771 -465.694 -70.808 
19.741 -465.599 -70.820 
19.708 -465.498 -70.833 
19.676 -465.401 -70.845 
19.631 -465.264 -70.863 
19.615 -465.216 -70.869 
19.584 -465.123 -70.881 
19.558 -465.047 -70.890 
19.530 -464.965 -70.901 
19.498 -464.869 -70.914 
19.459 -464.758 -70.928 
19.439 -464.698 -70.936 
19.402 -464.592 -70.950 
19.354 -464.454 -70.969 
19.326 -464.375 -70.979 
19.290 -464.273 -70.993 
19.248 -464.153 -71.009 
19.224 -464.086 -71.018 
19.188 -463.988 -71.032 
19.160 -463.909 -71.043 
19.120 -463.800 -71.058 
19.086 -463.706 -71.071 
19.064 -463.645 -71.079 
19.028 -463.549 -71.092 
18.992 -463.451 -71.106 
18.964 -463.374 -71.116 
18.939 -463.309 -71.125 
18.888 -463.173 -71.144 
18.852 -463.078 -71.157 
18.800 -462.941 -71.176 
18.761 -462.840 -71.190 
18.734 -462.771 -71.200 
18.700 -462.683 -71.212 
18.659 -462.578 -71.227 
18.626 -462.492 -71.239 
18.587 -462.394 -71.253 
18.545 -462.286 -71.268 
18.505 -462.186 -71.282 
18.483 -462.129 -71.290 
18.438 -462.015 -71.305 
18.383 -461.878 -71.324 
18.348 -461.792 -71.336 
18.292 -461.654 -71.356 
18.259 -461.570 -71.367 
18.222 -461.480 -71.380 
18.179 -461.374 -71.395 
18.147 -461.295 -71.406 
18.120 -461.230 -71.415 
18.071 -461.110 -71.432 
18.038 -461.032 -71.442 
17.991 -460.917 -71.458 
17.954 -460.829 -71.471 
17.910 -460.723 -71.486 
17.880 -460.653 -71.495 
17.826 -460.523 -71.513 
17.784 -460.424 -71.527 
17.732 -460.302 -71.544 
17.694 -460.211 -71.557 
17.662 -460.137 -71.568 
17.611 -460.019 -71.585 
17.580 -459.945 -71.595 
17.556 -459.889 -71.603 
17.493 -459.744 -71.624 
17.440 -459.623 -71.641 
17.398 -459.524 -71.655 
17.368 -459.456 -71.664 
17.331 -459.371 -71.676 
17.271 -459.235 -71.695 
17.234 -459.151 -71.707 
17.174 -459.016 -71.726 
17.139 -458.936 -71.737 
17.081 -458.806 -71.756 
17.039 -458.714 -71.769 
17.008 -458.645 -71.778 
16.955 -458.526 -71.795 
16.909 -458.426 -71.810 
16.873 -458.346 -71.821 
16.833 -458.257 -71.833 
16.784 -458.151 -71.848 
16.737 -458.047 -71.863 
16.688 -457.942 -71.878 
16.651 -457.862 -71.889 
16.629 -457.815 -71.895 
16.581 -457.712 -71.910 
16.542 -457.629 -71.921 
16.491 -457.521 -71.937 
16.441 -457.414 -71.952 
16.403 -457.335 -71.963 
16.349 -457.222 -71.979 
16.307 -457.133 -71.991 
16.273 -457.063 -72.001 
16.221 -456.956 -72.016 
16.168 -456.845 -72.032 
16.119 -456.744 -72.046 
16.087 -456.680 -72.055 
16.037 -456.578 -72.069 
15.996 -456.495 -72.081 
15.947 -456.395 -72.095 
15.903 -456.305 -72.107 
15.864 -456.227 -72.118 
15.816 -456.130 -72.131 
15.768 -456.033 -72.145 
15.727 -455.952 -72.156 
15.698 -455.895 -72.164 
15.628 -455.756 -72.184 
15.565 -455.631 -72.201 
15.507 -455.516 -72.217 
15.457 -455.418 -72.231 
15.404 -455.315 -72.246 
15.328 -455.166 -72.266 
15.263 -455.039 -72.284 
15.195 -454.907 -72.303 
15.141 -454.803 -72.317 
15.098 -454.721 -72.329 
15.054 -454.637 -72.340 
15.012 -454.557 -72.352 
14.987 -454.509 -72.358 
14.922 -454.386 -72.375 
14.877 -454.300 -72.387 
14.827 -454.205 -72.400 
14.773 -454.103 -72.414 
14.722 -454.008 -72.427 
14.686 -453.940 -72.436 
14.636 -453.847 -72.449 
14.602 -453.782 -72.458 
14.565 -453.713 -72.467 
14.538 -453.665 -72.474 
14.485 -453.565 -72.487 
14.438 -453.478 -72.499 
14.395 -453.399 -72.509 
14.337 -453.291 -72.524 
14.269 -453.166 -72.541 
