0.026
0.007
0.012
0.045
0.001
0.016
0.045
0.019
0.003
0.020
0.030
0.014
0.053
0.005
0.007
0.009
0.014
0.024
0.014
0.034
0.014
0.015
0.025
0.041
0.002
0.002
0.016
0.043
0.008
0.002
0.019
0.062
0.029
0.020
0.003
0.022
0.010
0.011
0.002
0.025
0.002
0.023
0.032
0.010
0.028
0.058
0.016
0.012
0.018
0.018
0.006
0.054
0.006
0.030
0.035
0.008
0.023
0.034
0.006
0.046
0.009
0.025
0.016
0.006
0.010
0.026
0.028
0.014
0.001
0.017
0.036
0.027
0.002
0.031
0.008
0.060
0.004
0.036
0.000
0.021
0.024
0.019
0.002
0.001
0.027
0.007
0.022
0.025
0.007
0.025
0.031
0.015
0.009
0.023
0.032
0.045
0.043
0.008
0.023
0.025
0.010
0.003
0.005
0.027
0.008
0.042
0.020
0.032
0.036
0.031
0.012
0.022
0.018
0.019
0.015
0.006
0.041
0.022
0.053
0.001
0.045
0.032
0.014
0.029
0.005
0.009
0.017
0.016
0.019
0.008
0.011
0.027
0.048
0.021
0.035
0.005
0.025
0.008
0.022
0.020
0.030
0.019
0.023
0.004
0.022
0.024
0.031
0.015
0.032
0.007
0.036
0.022
0.003
0.054
0.038
0.031
0.020
0.017
0.018
0.058
0.064
0.042
0.051
0.005
0.016
0.028
0.016
0.020
0.010
0.017
0.006
0.016
0.037
0.002
0.048
0.034
0.009
0.009
0.013
0.001
0.007
0.011
0.006
0.016
0.009
0.047
0.009
0.005
0.001
0.021
0.004
0.044
0.057
0.011
0.038
0.015
0.035
0.013
0.010
0.007
0.006
0.033
0.039
0.013
0.002
0.020
0.013
0.031
0.014
0.018
0.007
0.016
0.018
0.005
0.004
0.011
0.020
0.036
0.006
0.011
0.033
0.001
0.043
0.006
0.013
0.013
0.029
0.023
0.011
0.017
0.030
0.011
0.004
0.000
0.040
0.014
0.046
0.014
0.006
0.001
0.026
0.048
