0.000
0.006
0.005
0.002
0.001
0.020
0.029
0.011
0.051
0.069
0.007
0.006
0.023
0.038
0.049
0.001
0.025
0.018
0.048
0.021
0.024
0.037
0.005
0.026
0.021
0.023
0.035
0.019
0.036
0.071
0.001
0.012
0.007
0.044
0.021
0.038
0.004
0.009
0.002
0.007
0.020
0.001
0.002
0.031
0.002
0.015
0.005
0.004
0.024
0.014
0.005
0.007
0.033
0.003
0.001
0.016
0.007
0.021
0.026
0.007
0.064
0.019
0.058
0.044
0.024
0.069
0.005
0.004
0.014
0.019
0.012
0.005
0.021
0.013
0.012
0.015
0.007
0.016
0.020
0.016
0.023
0.008
0.058
0.010
0.017
0.044
0.005
0.012
0.035
0.019
0.008
0.011
0.038
0.005
0.028
0.009
0.004
0.010
0.046
0.009
0.048
0.004
0.028
0.004
0.023
0.026
0.020
0.052
0.020
0.046
0.029
0.007
0.005
0.031
0.027
0.000
0.000
0.001
0.014
0.017
0.037
0.028
0.028
0.006
0.018
0.017
0.044
0.036
0.048
0.013
0.078
0.016
0.058
0.003
0.011
0.022
0.040
0.037
0.002
0.003
0.021
0.036
0.004
0.046
0.000
0.048
0.016
0.037
0.009
0.018
0.033
0.003
0.032
0.022
0.026
0.037
0.006
0.001
0.028
0.009
0.014
0.004
0.009
0.021
0.003
0.012
0.001
0.004
0.010
0.004
0.029
0.046
0.045
0.039
0.017
0.006
0.024
0.006
0.033
0.026
0.018
0.015
0.018
0.008
0.040
0.041
0.003
0.051
0.049
0.005
0.002
0.002
0.020
0.043
0.027
0.047
0.026
0.034
0.014
0.033
0.032
0.016
0.003
0.025
0.005
0.024
0.036
0.002
0.015
0.016
0.014
0.024
0.035
0.027
0.005
0.035
0.049
0.007
0.034
0.018
0.039
0.015
0.010
0.015
0.031
0.024
0.025
0.017
0.011
0.021
0.015
0.007
0.010
0.061
0.005
0.025
0.018
0.024
0.017
0.013
0.012
0.052
0.003
0.019
0.021
