0.023
0.034
0.037
0.004
0.017
0.019
0.000
0.004
0.029
0.020
0.025
0.045
0.064
0.022
0.052
0.021
0.016
0.017
0.017
0.006
0.001
0.015
0.020
0.043
0.006
0.001
0.020
0.021
0.002
0.005
0.025
0.002
0.014
0.029
0.009
0.013
0.027
0.029
0.007
0.003
0.018
0.002
0.059
0.039
0.009
0.007
0.035
0.019
0.009
0.052
0.025
0.044
0.033
0.032
0.003
0.032
0.008
0.005
0.007
0.030
0.002
0.032
0.008
0.032
0.013
0.034
0.033
0.017
0.009
0.018
0.029
0.030
0.030
0.061
0.008
0.007
0.021
0.005
0.010
0.016
0.010
0.014
0.049
0.013
0.007
0.008
0.014
0.043
0.001
0.015
0.013
0.034
0.029
0.023
0.014
0.024
0.017
0.029
0.013
0.018
0.002
0.009
0.013
0.022
0.024
0.060
0.010
0.043
0.026
0.033
0.022
0.014
0.011
0.007
0.022
0.022
0.029
0.030
0.008
0.076
0.051
0.004
0.017
0.009
0.057
0.005
0.022
0.016
0.030
0.044
0.008
0.004
0.040
0.024
0.038
0.039
0.004
0.010
0.038
0.014
0.041
0.010
0.041
0.014
0.027
0.027
0.014
0.044
0.048
0.015
0.022
0.012
0.029
0.007
0.000
0.006
0.060
0.037
0.011
0.000
0.006
0.033
0.015
0.024
0.017
0.054
0.013
0.015
0.007
0.002
0.029
0.023
0.000
0.005
0.004
0.039
0.023
0.001
0.028
0.015
0.006
0.034
0.006
0.061
0.006
0.040
0.010
0.025
0.029
0.017
0.028
0.019
0.010
0.030
0.019
0.021
0.005
0.027
0.007
0.025
0.054
0.012
0.002
0.020
0.023
0.026
0.028
0.042
0.014
0.052
0.005
0.057
0.001
0.011
0.047
0.005
0.035
0.029
0.057
0.022
0.000
0.007
0.015
0.001
0.034
0.025
0.036
0.007
0.016
0.035
0.004
0.013
0.009
0.006
0.017
0.007
0.003
0.020
0.035
0.011
0.050
0.041
0.050
0.025
0.015
0.026
0.015
0.019
0.006
0.070
0.016
0.002
