0.000
0.001
0.013
0.010
0.057
0.020
0.039
0.019
0.037
0.049
0.009
0.012
0.015
0.056
0.004
0.024
0.048
0.017
0.017
0.029
0.021
0.011
0.022
0.048
0.036
0.002
0.030
0.015
0.013
0.000
0.003
0.045
0.022
0.028
0.032
0.010
0.036
0.033
0.017
0.005
0.008
0.004
0.008
0.026
0.048
0.004
0.035
0.025
0.002
0.006
0.030
0.005
0.013
0.004
0.026
0.035
0.007
0.014
0.026
0.021
0.026
0.022
0.018
0.019
0.017
0.019
0.009
0.025
0.038
0.011
0.020
0.032
0.004
0.021
0.006
0.002
0.004
0.005
0.027
0.006
0.002
0.012
0.026
0.004
0.002
0.026
0.006
0.047
0.014
0.040
0.020
0.006
0.012
0.020
0.042
0.005
0.008
0.021
0.037
0.046
0.018
0.013
0.032
0.003
0.023
0.012
0.024
0.020
0.016
0.047
0.018
0.012
0.010
0.051
0.031
0.003
0.018
0.017
0.045
0.047
0.028
0.016
0.003
0.008
0.030
0.003
0.014
0.024
0.043
0.021
0.016
0.023
0.035
0.008
0.029
0.030
0.006
0.039
0.004
0.031
0.019
0.032
0.048
0.046
0.006
0.025
0.030
0.012
0.054
0.018
0.044
0.030
0.014
0.000
0.045
0.004
0.006
0.002
0.033
0.024
0.018
0.017
0.008
0.021
0.011
0.047
0.001
0.046
0.034
0.042
0.021
0.035
0.044
0.046
0.028
0.003
0.033
0.039
0.012
0.029
0.002
0.015
0.027
0.057
0.001
0.012
0.011
0.013
0.014
0.003
0.067
0.011
0.009
0.018
0.040
0.003
0.011
0.001
0.017
0.026
0.001
0.026
0.020
0.010
0.016
0.010
0.037
0.028
0.021
0.015
0.006
0.013
0.040
0.074
0.011
0.006
0.014
0.028
0.005
0.011
0.072
0.017
0.005
0.025
0.006
0.007
0.009
0.014
0.048
0.025
0.027
0.007
0.040
0.010
0.019
0.020
0.009
0.022
0.005
