0.039
0.019
0.057
0.021
0.034
0.007
0.033
0.029
0.003
0.020
0.000
0.010
0.009
0.029
0.012
0.015
0.023
0.020
0.069
0.017
0.029
0.014
0.005
0.023
0.003
0.008
0.034
0.044
0.024
0.036
0.023
0.033
0.007
0.009
0.004
0.023
0.009
0.010
0.016
0.019
0.034
0.082
0.018
0.009
0.014
0.022
0.023
0.002
0.022
0.012
0.035
0.038
0.006
0.010
0.001
0.014
0.038
0.066
0.013
0.015
0.026
0.020
0.013
0.008
0.036
0.021
0.003
0.015
0.062
0.032
0.003
0.021
0.022
0.047
0.022
0.015
0.038
0.043
0.028
0.016
0.017
0.022
0.004
0.017
0.017
0.007
0.024
0.022
0.016
0.004
0.032
0.009
0.024
0.017
0.024
0.013
0.037
0.004
0.003
0.037
0.039
0.037
0.014
0.031
0.019
0.004
0.042
0.075
0.005
0.011
0.060
0.023
0.003
0.028
0.005
0.007
0.006
0.007
0.021
0.027
0.004
0.004
0.029
0.056
0.009
0.009
0.000
0.032
0.012
0.019
0.066
0.028
0.029
0.016
0.017
0.002
0.037
0.042
0.039
0.030
0.031
0.015
0.013
0.005
0.001
0.012
0.010
0.050
0.004
0.006
0.013
0.017
0.005
0.024
0.037
0.060
0.031
0.017
0.029
0.010
0.001
0.004
0.039
0.025
0.028
0.008
0.027
0.045
0.017
0.008
0.014
0.027
0.004
0.016
0.039
0.020
0.036
0.028
0.011
0.034
0.005
0.007
0.042
0.022
0.000
0.004
0.029
0.017
0.004
0.007
0.040
0.022
0.024
0.048
0.009
0.015
0.050
0.037
0.066
0.030
0.013
0.020
0.032
0.021
0.015
0.003
0.008
0.059
0.001
0.005
0.049
0.003
0.020
0.016
0.005
0.029
0.025
0.008
0.022
0.029
0.041
0.042
0.006
0.007
0.011
0.006
0.067
0.034
0.044
0.002
0.008
0.010
0.008
0.089
0.020
0.014
0.006
0.039
0.028
0.056
0.009
0.003
0.013
