0.037
0.011
0.003
0.002
0.012
0.036
0.037
0.016
0.040
0.009
0.009
0.024
0.032
0.018
0.072
0.031
0.006
0.002
0.004
0.020
0.015
0.051
0.015
0.020
0.031
0.006
0.003
0.020
0.004
0.050
0.019
0.017
0.025
0.017
0.052
0.013
0.051
0.002
0.038
0.025
0.019
0.018
0.023
0.008
0.007
0.022
0.003
0.009
0.067
0.001
0.000
0.004
0.061
0.030
0.023
0.014
0.004
0.000
0.052
0.013
0.030
0.026
0.007
0.007
0.065
0.052
0.042
0.022
0.009
0.020
0.043
0.022
0.002
0.003
0.048
0.014
0.017
0.009
0.019
0.043
0.005
0.067
0.002
0.049
0.022
0.033
0.008
0.015
0.035
0.001
0.009
0.028
0.033
0.009
0.006
0.034
0.008
0.027
0.038
0.001
0.028
0.005
0.013
0.003
0.025
0.015
0.015
0.022
0.015
0.030
0.018
0.036
0.005
0.055
0.033
0.000
0.045
0.007
0.035
0.049
0.036
0.003
0.005
0.004
0.039
0.035
0.038
0.026
0.000
0.043
0.007
0.063
0.005
0.015
0.012
0.002
0.020
0.009
0.019
0.040
0.017
0.015
0.007
0.009
0.036
0.026
0.021
0.001
0.030
0.040
0.034
0.021
0.044
0.018
0.009
0.015
0.010
0.004
0.011
0.023
0.002
0.027
0.045
0.007
0.018
0.029
0.014
0.006
0.013
0.021
0.050
0.022
0.000
0.031
0.004
0.024
0.019
0.101
0.016
0.007
0.004
0.031
0.031
0.006
0.019
0.006
0.016
0.031
0.059
0.040
0.032
0.008
0.023
0.026
0.009
0.068
0.007
0.013
0.066
0.037
0.039
0.005
0.013
0.038
0.015
0.019
0.039
0.040
0.004
0.039
0.040
0.006
0.030
0.014
0.009
0.024
0.034
0.023
0.017
0.006
0.024
0.006
0.053
0.003
0.029
0.035
0.025
0.021
