0.021
0.003
0.018
0.060
0.006
0.018
0.018
0.003
0.003
0.046
0.006
0.043
0.006
0.007
0.002
0.028
0.020
0.002
0.022
0.039
0.012
0.014
0.008
0.048
0.044
0.003
0.006
0.042
0.040
0.029
0.043
0.006
0.005
0.003
0.019
0.020
0.011
0.003
0.019
0.032
0.026
0.009
0.029
0.019
0.008
0.036
0.050
0.046
0.023
0.061
0.006
0.001
0.015
0.015
0.014
0.051
0.008
0.031
0.029
0.000
0.054
0.057
0.013
0.002
0.012
0.004
0.025
0.023
0.005
0.045
0.022
0.010
0.002
0.021
0.009
0.033
0.009
0.008
0.017
0.018
0.027
0.030
0.029
0.024
0.009
0.017
0.003
0.005
0.031
0.046
0.025
0.031
0.025
0.017
0.012
0.007
0.017
0.011
0.023
0.021
0.016
0.034
0.002
0.023
0.008
0.022
0.008
0.014
0.014
0.028
0.003
0.009
0.046
0.022
0.036
0.030
0.029
0.030
0.065
0.005
0.010
0.020
0.021
0.026
0.038
0.027
0.051
0.028
0.001
0.012
0.033
0.017
0.013
0.047
0.060
0.038
0.003
0.009
0.003
0.000
0.006
0.019
0.042
0.003
0.044
0.005
0.012
0.045
0.025
0.003
0.017
0.010
0.014
0.017
0.033
0.008
0.036
0.028
0.018
0.074
0.023
0.015
0.034
0.033
0.007
0.016
0.008
0.018
0.003
0.017
0.004
0.024
0.009
0.034
0.060
0.015
0.011
0.000
0.013
0.039
0.034
0.064
0.022
0.034
0.002
0.030
0.014
0.041
0.003
0.001
0.005
0.024
0.011
0.016
0.016
0.006
0.003
0.040
0.010
0.014
0.033
0.011
0.007
0.012
0.012
0.014
0.013
0.017
0.028
0.012
0.071
0.014
0.002
0.000
0.002
0.027
0.005
0.006
0.031
0.007
0.008
0.029
0.041
0.046
0.036
0.032
0.025
0.001
