0.002
0.037
0.029
0.003
0.017
0.010
0.009
0.023
0.023
0.002
0.028
0.004
0.036
0.004
0.015
0.010
0.027
0.029
0.029
0.005
0.023
0.033
0.046
0.031
0.042
0.077
0.002
0.022
0.012
0.008
0.020
0.030
0.006
0.048
0.018
0.028
0.007
0.015
0.007
0.029
0.005
0.016
0.010
0.031
0.003
0.037
0.038
0.008
0.026
0.005
0.029
0.016
0.026
0.028
0.002
0.014
0.001
0.040
0.012
0.034
0.014
0.036
0.009
0.022
0.026
0.020
0.034
0.022
0.022
0.007
0.029
0.007
0.019
0.032
0.064
0.015
0.006
0.010
0.003
0.017
0.012
0.016
0.003
0.007
0.003
0.002
0.009
0.015
0.008
0.015
0.002
0.033
0.020
0.032
0.024
0.040
0.006
0.026
0.010
0.020
0.058
0.009
0.026
0.040
0.025
0.020
0.008
0.029
0.020
0.097
0.029
0.037
0.002
0.024
0.005
0.052
0.018
0.014
0.038
0.002
0.017
0.022
0.007
0.036
0.013
0.023
0.010
0.015
0.027
0.007
0.033
0.017
0.006
0.031
0.026
0.025
0.011
0.001
0.007
0.035
0.043
0.010
0.005
0.013
0.012
0.005
0.011
0.012
0.019
0.032
0.023
0.022
0.022
0.035
0.011
0.047
0.016
0.001
0.019
0.012
0.033
0.037
0.005
0.004
0.059
0.036
0.033
0.028
0.010
0.018
0.029
0.030
0.015
0.005
0.030
0.003
0.042
0.007
0.028
0.017
0.027
0.014
0.004
0.013
0.004
0.015
0.003
0.001
0.022
0.016
0.061
0.024
0.000
0.013
0.011
0.025
0.009
0.039
0.014
0.006
0.011
0.043
0.025
0.032
0.005
0.003
0.002
0.006
0.021
0.031
0.103
0.000
0.017
0.052
0.009
0.030
0.007
0.032
0.064
0.042
0.025
0.013
0.005
0.013
0.006
0.016
0.017
0.037
0.040
0.036
0.013
0.040
0.034
0.025
0.019
0.016
0.031
0.033
0.025
0.006
0.006
0.032
0.037
0.017
0.015
0.024
0.070
0.009
0.030
0.039
0.029
