0.033
0.003
0.002
0.017
0.053
0.001
0.016
0.002
0.013
0.040
0.020
0.010
0.002
0.026
0.026
0.021
0.010
0.013
0.019
0.015
0.047
0.016
0.012
0.017
0.003
0.036
0.021
0.045
0.011
0.030
0.011
0.004
0.012
0.040
0.015
0.014
0.024
0.002
0.022
0.026
0.006
0.023
0.032
0.055
0.021
0.068
0.003
0.013
0.004
0.061
0.009
0.008
0.016
0.007
0.022
0.004
0.019
0.008
0.011
0.012
0.020
0.024
0.009
0.001
0.014
0.020
0.000
0.013
0.002
0.004
0.003
0.044
0.023
0.004
0.038
0.021
0.001
0.014
0.017
0.026
0.049
0.034
0.000
0.032
0.062
0.007
0.023
0.007
0.029
0.039
0.014
0.014
0.044
0.001
0.016
0.006
0.009
0.041
0.007
0.043
0.029
0.003
0.005
0.036
0.013
0.018
0.047
0.005
0.023
0.076
0.022
0.006
0.006
0.010
0.019
0.015
0.029
0.000
0.050
0.013
0.014
0.038
0.021
0.006
0.037
0.004
0.019
0.001
0.006
0.004
0.039
0.002
0.001
0.005
0.065
0.032
0.000
0.019
0.019
0.037
0.022
0.019
0.012
0.024
0.043
0.034
0.035
0.031
0.013
0.037
0.009
0.030
0.011
0.018
0.010
0.033
0.041
0.006
0.027
0.042
0.008
0.036
0.001
0.040
0.043
0.018
0.003
0.027
0.009
0.018
0.036
0.019
0.009
0.062
0.021
0.051
0.041
0.036
0.022
0.025
0.009
0.048
0.008
0.016
0.029
0.018
0.052
0.014
0.008
0.035
0.003
0.052
0.012
0.022
0.006
0.047
0.030
0.001
0.010
0.004
0.010
0.022
0.031
0.003
0.051
0.012
0.009
0.046
0.002
0.010
0.002
0.029
0.019
0.015
0.023
0.003
0.054
0.045
0.002
0.045
0.020
0.037
0.005
0.021
0.024
0.010
0.022
0.011
0.027
0.015
0.005
0.003
0.026
0.011
0.029
0.032
0.032
0.050
0.010
0.006
0.028
0.005
0.012
0.010
0.024
0.005
0.002
