0.002
0.039
0.033
0.026
0.037
0.026
0.019
0.010
0.005
0.037
0.081
0.004
0.000
0.022
0.012
0.023
0.027
0.028
0.044
0.014
0.009
0.011
0.006
0.039
0.023
0.017
0.007
0.008
0.005
0.011
0.004
0.006
0.009
0.001
0.037
0.023
0.012
0.015
0.015
0.052
0.017
0.007
0.029
0.031
0.014
0.041
0.011
0.013
0.039
0.026
0.008
0.033
0.036
0.013
0.013
0.000
0.025
0.001
0.008
0.042
0.011
0.003
0.016
0.009
0.018
0.033
0.001
0.032
0.013
0.016
0.005
0.001
0.016
0.001
0.024
0.024
0.035
0.006
0.000
0.017
0.015
0.003
0.033
0.041
0.012
0.052
0.038
0.003
0.036
0.028
0.011
0.008
0.001
0.011
0.012
0.056
0.020
0.027
0.067
0.034
0.025
0.024
0.017
0.031
0.007
0.006
0.010
0.050
0.019
0.036
0.022
0.018
0.036
0.049
0.014
0.006
0.008
0.039
0.027
0.022
0.019
0.004
0.001
0.045
0.027
0.036
0.010
0.023
0.009
0.022
0.043
0.023
0.013
0.056
0.019
0.046
0.050
0.029
0.038
0.022
0.008
0.019
0.000
0.006
0.003
0.002
0.008
0.043
0.012
0.002
0.016
0.034
0.019
0.022
0.033
0.017
0.015
0.016
0.039
0.015
0.018
0.004
0.018
0.023
0.046
0.005
0.011
0.021
0.005
0.048
0.020
0.042
0.033
0.029
0.038
0.007
0.019
0.037
0.023
0.016
0.005
0.025
0.013
0.033
0.024
0.013
0.020
0.018
0.004
0.004
0.005
0.034
0.044
0.012
0.040
0.022
0.002
0.001
0.046
0.015
0.047
0.001
0.015
0.053
0.007
0.043
0.010
0.034
0.066
0.043
0.010
0.027
0.037
0.024
0.022
0.012
0.013
0.026
0.038
0.029
0.024
0.015
0.036
0.008
0.019
0.020
0.009
0.056
0.027
0.008
0.049
0.011
0.049
0.010
0.014
0.050
0.002
0.019
0.029
0.007
0.037
0.002
0.041
0.005
0.041
0.046
0.038
0.017
0.005
0.043
0.013
0.053
0.008
0.012
0.001
0.005
0.007
0.002
0.005
0.034
0.029
0.010
0.005
0.022
0.042
0.026
0.018
0.018
0.003
0.034
0.022
0.025
0.055
0.053
0.037
0.046
0.033
0.024
0.030
0.007
0.031
0.032
0.007
0.011
0.031
0.039
0.060
0.002
0.010
0.011
0.001
0.003
0.021
0.080
0.042
0.007
0.004
0.005
0.037
0.016
0.011
