0.000
0.001
0.042
0.022
0.002
0.013
0.007
0.004
0.004
0.014
0.032
0.006
0.020
0.031
0.091
0.013
0.069
0.030
0.017
0.026
0.048
0.005
0.001
0.079
0.014
0.019
0.000
0.027
0.024
0.016
0.022
0.006
0.008
0.007
0.009
0.016
0.006
0.005
0.015
0.036
0.000
0.002
0.004
0.018
0.008
0.042
0.020
0.004
0.022
0.005
0.047
0.003
0.001
0.038
0.038
0.014
0.026
0.068
0.012
0.001
0.010
0.002
0.025
0.002
0.001
0.024
0.046
0.040
0.056
0.006
0.013
0.031
0.024
0.044
0.003
0.053
0.019
0.009
0.036
0.025
0.010
0.067
0.024
0.001
0.014
0.051
0.020
0.024
0.037
0.013
0.020
0.014
0.041
0.044
0.028
0.001
0.022
0.003
0.008
0.009
0.001
0.046
0.021
0.033
0.002
0.009
0.031
0.031
0.020
0.005
0.018
0.020
0.028
0.023
0.011
0.014
0.002
0.044
0.006
0.022
0.030
0.001
0.041
0.019
0.061
0.035
0.024
0.020
0.023
0.026
0.010
0.015
0.040
0.007
0.004
0.004
0.002
0.007
0.010
0.016
0.011
0.017
0.055
0.028
0.048
0.018
0.001
0.032
0.009
0.016
0.024
0.023
0.010
0.021
0.039
0.024
0.015
0.020
0.011
0.023
0.007
0.047
0.039
0.025
0.004
0.014
0.008
0.050
0.001
0.041
0.002
0.040
0.007
0.030
0.012
0.001
0.016
0.008
0.002
0.025
0.046
0.010
0.017
0.031
0.003
0.081
0.039
0.018
0.060
0.009
0.014
0.003
0.007
0.033
0.051
0.021
0.017
0.023
0.019
0.012
0.003
0.023
0.006
0.014
0.060
0.023
0.020
0.021
0.003
0.027
0.007
0.080
0.026
0.040
0.041
0.064
0.011
0.019
0.018
0.035
0.026
0.042
0.026
0.031
0.003
0.012
0.008
0.006
0.013
0.019
0.001
0.009
0.020
0.008
0.029
0.005
0.032
0.027
0.036
0.001
0.029
0.033
0.028
0.001
0.016
0.007
0.021
0.013
0.003
0.018
0.029
0.038
0.034
0.012
0.019
0.026
0.019
0.007
0.014
0.057
0.004
0.008
0.015
0.016
0.001
0.009
0.042
0.049
0.003
0.013
0.000
0.004
0.026
0.015
0.026
0.014
0.047
0.004
0.008
0.011
0.019
0.063
0.026
0.032
0.021
0.020
0.008
0.001
0.003
0.015
0.064
0.040
0.067
0.031
0.031
0.002
