0.004
0.018
0.005
0.061
0.015
0.011
0.013
0.017
0.005
0.019
0.001
0.021
0.003
0.039
0.033
0.005
0.012
0.035
0.008
0.047
0.034
0.031
0.016
0.048
0.027
0.042
0.003
0.003
0.020
0.002
0.000
0.026
0.024
0.008
0.037
0.035
0.040
0.019
0.034
0.029
0.007
0.011
0.012
0.022
0.014
0.038
0.057
0.059
0.016
0.002
0.045
0.006
0.022
0.017
0.026
0.010
0.004
0.042
0.035
0.002
0.037
0.006
0.055
0.008
0.009
0.010
0.031
0.012
0.030
0.020
0.037
0.047
0.007
0.004
0.040
0.012
0.075
0.032
0.012
0.010
0.000
0.037
0.005
0.004
0.019
0.029
0.046
0.035
0.026
0.018
0.034
0.018
0.003
0.002
0.031
0.025
0.009
0.006
0.056
0.058
0.035
0.056
0.017
0.012
0.042
0.010
0.005
0.007
0.022
0.035
0.004
0.014
0.005
0.020
0.026
0.030
0.006
0.004
0.009
0.008
0.008
0.007
0.020
0.019
0.003
0.016
0.033
0.005
0.017
0.001
0.014
0.030
0.014
0.026
0.036
0.021
0.029
0.018
0.022
0.031
0.008
0.042
0.039
0.017
0.028
0.009
0.043
0.016
0.026
0.046
0.021
0.014
0.014
0.029
0.033
0.023
0.028
0.003
0.018
0.021
0.032
0.022
0.007
0.023
0.021
0.052
0.038
0.008
0.009
0.001
0.036
0.053
0.004
0.018
0.029
0.042
0.024
0.007
0.029
0.015
0.045
0.042
0.010
0.044
0.018
0.006
0.035
0.044
0.005
0.025
0.003
0.046
0.014
0.010
0.059
0.011
0.015
0.003
0.008
0.001
0.032
0.014
0.006
0.004
0.033
0.027
0.030
0.012
0.001
0.015
0.007
0.059
0.020
0.042
0.023
0.061
0.023
0.003
0.032
0.018
0.031
0.024
0.005
0.008
0.014
0.028
0.006
0.038
0.024
0.002
0.014
0.006
0.028
0.004
0.000
0.024
0.017
0.001
0.008
0.032
0.037
0.026
0.029
0.025
0.022
0.003
0.010
0.026
0.032
0.024
0.028
0.018
0.005
0.013
0.029
0.022
0.024
0.023
0.001
0.029
0.004
0.011
0.031
0.022
0.005
0.021
0.033
0.008
0.030
0.009
0.011
0.014
0.001
0.009
0.018
0.011
0.031
0.025
0.011
0.018
0.015
0.007
0.010
0.037
0.022
0.001
0.023
0.002
0.002
0.009
0.011
0.025
0.051
0.014
0.010
0.050
0.002
0.004
0.010
