0.011
0.004
0.007
0.021
0.006
0.037
0.011
0.030
0.028
0.053
0.028
0.004
0.067
0.012
0.006
0.028
0.011
0.042
0.010
0.025
0.015
0.028
0.014
0.014
0.008
0.016
0.027
0.011
0.036
0.014
0.036
0.018
0.017
0.029
0.015
0.021
0.051
0.056
0.017
0.022
0.017
0.007
0.007
0.026
0.040
0.042
0.010
0.015
0.000
0.026
0.016
0.037
0.013
0.008
0.016
0.047
0.030
0.020
0.001
0.020
0.015
0.012
0.030
0.034
0.016
0.021
0.017
0.005
0.006
0.015
0.022
0.007
0.001
0.048
0.034
0.031
0.005
0.055
0.003
0.023
0.058
0.014
0.013
0.028
0.009
0.010
0.008
0.012
0.008
0.034
0.028
0.028
0.005
0.010
0.016
0.009
0.026
0.023
0.014
0.001
0.032
0.042
0.037
0.041
0.010
0.004
0.029
0.004
0.010
0.019
0.012
0.042
0.023
0.020
0.008
0.017
0.031
0.001
0.034
0.017
0.027
0.054
0.000
0.004
0.004
0.008
0.026
0.014
0.017
0.010
0.030
0.018
0.044
0.029
0.036
0.026
0.053
0.021
0.011
0.005
0.009
0.050
0.023
0.014
0.002
0.026
0.031
0.014
0.001
0.008
0.008
0.019
0.031
0.007
0.017
0.005
0.008
0.019
0.015
0.012
0.006
0.006
0.014
0.018
0.027
0.018
0.025
0.003
0.028
0.013
0.024
0.006
0.013
0.004
0.018
0.007
0.006
0.004
0.014
0.022
0.011
0.047
0.021
0.034
0.007
0.039
0.019
0.029
0.009
0.008
0.015
0.011
0.014
0.029
0.019
0.021
0.026
0.001
0.039
0.012
0.059
0.002
0.020
0.034
0.037
0.024
0.055
0.038
0.023
0.039
0.003
0.033
0.013
0.031
0.004
0.042
0.027
0.003
0.017
0.002
0.005
0.010
0.048
0.011
0.005
0.048
0.020
0.030
0.065
