0.029
0.019
0.018
0.022
0.030
0.029
0.016
0.013
0.003
0.048
0.009
0.040
0.078
0.009
0.013
0.021
0.013
0.038
0.018
0.029
0.004
0.008
0.023
0.017
0.024
0.032
0.004
0.013
0.030
0.003
0.025
0.023
0.003
0.008
0.000
0.007
0.014
0.004
0.049
0.011
0.005
0.046
0.006
0.011
0.041
0.025
0.012
0.044
0.024
0.039
0.017
0.005
0.026
0.030
0.008
0.018
0.014
0.017
0.023
0.033
0.055
0.013
0.024
0.032
0.017
0.008
0.031
0.004
0.033
0.019
0.008
0.009
0.022
0.034
0.045
0.041
0.033
0.022
0.009
0.034
0.015
0.003
0.017
0.042
0.056
0.013
0.012
0.029
0.025
0.016
0.008
0.045
0.020
0.012
0.013
0.036
0.025
0.029
0.002
0.019
0.027
0.032
0.012
0.037
0.007
0.032
0.052
0.027
0.017
0.003
0.025
0.026
0.010
0.003
0.026
0.028
0.048
0.009
0.034
0.034
0.018
0.011
0.003
0.025
0.054
0.017
0.025
0.003
0.034
0.018
0.036
0.005
0.035
0.027
0.029
0.013
0.004
0.022
0.016
0.014
0.018
0.002
0.040
0.011
0.009
0.010
0.048
0.023
0.025
0.036
0.029
0.016
0.021
0.012
0.014
0.002
0.028
0.023
0.037
0.035
0.039
0.031
0.027
0.000
0.019
0.032
0.010
0.015
0.025
0.032
0.005
0.008
0.031
0.025
0.016
0.006
0.004
0.012
0.001
0.001
0.015
0.006
0.022
0.013
0.013
0.025
0.015
0.018
0.065
0.028
0.020
0.010
0.015
0.019
0.020
0.002
0.006
0.029
0.008
0.011
0.022
0.011
0.019
0.004
0.045
0.014
0.017
0.040
0.017
0.000
0.012
0.034
0.022
0.002
0.013
0.020
0.016
0.008
0.018
0.018
0.002
0.031
0.006
0.041
0.037
0.010
0.021
0.003
0.016
0.005
0.007
0.016
0.001
0.028
0.015
0.028
0.016
0.016
0.020
0.010
0.006
0.047
0.051
0.008
0.050
0.002
0.015
0.044
0.002
0.021
0.027
0.021
0.031
0.039
0.022
0.024
0.029
0.005
0.036
0.025
0.017
0.023
0.026
0.004
0.033
0.007
0.025
0.038
0.024
0.007
0.049
0.027
0.000
0.018
0.044
0.011
0.008
0.032
0.006
0.010
0.000
0.043
0.021
0.018
0.048
0.010
0.004
0.008
0.014
0.014
0.003
0.020
0.007
0.004
0.004
0.016
0.054
0.055
0.055
0.061
