0.058
0.030
0.003
0.008
0.000
0.003
0.090
0.032
0.022
0.029
0.054
0.052
0.031
0.016
0.047
0.033
0.008
0.018
0.003
0.017
0.002
0.019
0.032
0.024
0.020
0.029
0.038
0.016
0.007
0.014
0.022
0.016
0.024
0.019
0.025
0.020
0.003
0.008
0.036
0.022
0.017
0.019
0.040
0.016
0.016
0.018
0.013
0.005
0.025
0.010
0.005
0.006
0.037
0.022
0.023
0.007
0.012
0.004
0.009
0.002
0.061
0.039
0.004
0.009
0.004
0.003
0.002
0.005
0.047
0.011
0.005
0.004
0.003
0.001
0.024
0.053
0.046
0.006
0.034
0.054
0.011
0.037
0.038
0.065
0.034
0.005
0.033
0.023
0.034
0.055
0.006
0.022
0.002
0.015
0.017
0.010
0.009
0.017
0.048
0.020
0.013
0.059
0.003
0.062
0.028
0.043
0.002
0.003
0.041
0.003
0.023
0.021
0.022
0.014
0.017
0.025
0.016
0.013
0.029
0.012
0.061
0.021
0.000
0.007
0.021
0.020
0.020
0.023
0.018
0.005
0.029
0.003
0.013
0.010
0.010
0.025
0.022
0.004
0.022
0.017
0.035
0.041
0.015
0.024
0.020
0.001
0.010
0.051
0.016
0.008
0.018
0.006
0.017
0.002
0.031
0.002
0.010
0.013
0.009
0.012
0.050
0.011
0.021
0.048
0.023
0.021
0.002
0.018
0.001
0.008
0.012
0.004
0.061
0.036
0.025
0.014
0.051
0.027
0.004
0.011
0.007
0.023
0.002
0.002
0.020
0.018
0.009
0.013
0.034
0.021
0.024
0.053
0.008
0.030
0.022
0.050
0.015
0.027
0.031
0.031
0.030
0.021
0.042
0.007
0.001
0.035
0.001
0.022
0.012
0.003
0.014
0.038
0.033
0.057
0.060
0.022
0.025
0.009
0.002
0.003
0.005
0.022
0.018
0.010
0.051
0.006
0.011
0.006
0.036
0.006
0.033
0.026
0.011
0.014
