0.005
0.008
0.006
0.007
0.007
0.022
0.052
0.053
0.011
0.050
0.001
0.044
0.025
0.081
0.029
0.030
0.022
0.015
0.010
0.009
0.025
0.035
0.003
0.050
0.004
0.032
0.023
0.001
0.013
0.003
0.005
0.025
0.005
0.027
0.033
0.052
0.040
0.034
0.016
0.030
0.024
0.038
0.016
0.024
0.015
0.026
0.029
0.018
0.004
0.031
0.028
0.013
0.017
0.030
0.039
0.039
0.020
0.064
0.014
0.024
0.039
0.011
0.015
0.003
0.004
0.002
0.054
0.002
0.035
0.003
0.027
0.039
0.020
0.002
0.011
0.045
0.028
0.004
0.042
0.004
0.007
0.021
0.026
0.003
0.031
0.017
0.009
0.024
0.013
0.006
0.037
0.027
0.049
0.001
0.058
0.004
0.041
0.033
0.028
0.013
0.035
0.046
0.019
0.011
0.016
0.036
0.008
0.008
0.007
0.021
0.000
0.025
0.017
0.001
0.009
0.013
0.022
0.005
0.001
0.019
0.010
0.036
0.031
0.022
0.038
0.028
0.021
0.003
0.046
0.025
0.012
0.014
0.034
0.053
0.018
0.017
0.000
0.022
0.021
0.066
0.001
0.024
0.030
0.044
0.009
0.018
0.000
0.028
0.029
0.061
0.028
0.001
0.036
0.030
0.020
0.019
0.005
0.055
0.039
0.051
0.031
0.034
0.036
0.019
0.027
0.001
0.010
0.002
0.007
0.020
0.016
0.010
0.008
0.008
0.006
0.015
0.003
0.022
0.003
0.019
0.028
0.039
0.014
0.038
0.006
0.030
0.069
0.024
0.041
0.010
0.020
0.031
0.014
0.041
0.038
0.001
0.002
0.002
0.039
0.030
0.043
0.022
0.014
0.052
0.014
0.010
0.018
0.004
0.010
0.036
0.037
0.037
0.011
0.012
0.014
0.024
0.008
0.022
0.009
0.032
0.075
0.038
0.011
0.009
0.017
0.005
0.020
0.015
