0.000
0.007
0.017
0.000
0.021
0.012
0.009
0.028
0.006
0.008
0.023
0.002
0.008
0.025
0.017
0.030
0.019
0.093
0.013
0.043
0.022
0.002
0.018
0.030
0.041
0.013
0.004
0.031
0.050
0.004
0.027
0.010
0.034
0.016
0.007
0.042
0.010
0.002
0.001
0.009
0.010
0.006
0.005
0.018
0.088
0.009
0.025
0.002
0.005
0.035
0.003
0.046
0.065
0.014
0.026
0.022
0.010
0.050
0.000
0.031
0.039
0.013
0.004
0.009
0.013
0.058
0.038
0.071
0.014
0.040
0.006
0.000
0.025
0.034
0.035
0.026
0.009
0.015
0.034
0.007
0.020
0.049
0.004
0.016
0.034
0.004
0.006
0.018
0.034
0.022
0.022
0.020
0.037
0.005
0.039
0.025
0.008
0.003
0.024
0.001
0.004
0.013
0.033
0.015
0.005
0.026
0.041
0.002
0.010
0.027
0.023
0.006
0.004
0.021
0.016
0.005
0.063
0.058
0.022
0.007
0.027
0.039
0.010
0.011
0.024
0.021
0.029
0.013
0.022
0.061
0.011
0.027
0.036
0.017
0.054
0.013
0.034
0.018
0.029
0.009
0.011
0.036
0.062
0.029
0.008
0.025
0.001
0.026
0.013
0.009
0.007
0.022
0.026
0.003
0.002
0.018
0.008
0.030
0.000
0.020
0.029
0.004
0.065
0.032
0.010
0.028
0.004
0.028
0.007
0.031
0.045
0.067
0.008
0.004
0.005
0.004
0.034
0.041
0.027
0.040
0.018
0.009
0.005
0.014
0.037
0.029
0.035
0.001
0.011
0.013
0.022
0.024
0.014
0.005
0.017
0.023
0.028
0.029
0.024
0.017
0.012
0.004
0.022
0.017
0.074
0.007
0.004
0.013
0.014
0.021
0.035
0.012
0.022
0.001
0.066
0.012
0.060
0.017
0.004
0.007
0.029
0.033
0.022
0.009
0.020
0.007
0.006
0.008
0.005
0.001
0.035
0.007
0.001
0.006
0.013
0.038
0.023
0.013
0.014
0.005
0.001
0.034
0.047
0.027
0.048
0.016
0.007
0.024
0.027
0.015
0.042
0.046
0.047
0.004
0.010
0.023
0.006
0.004
0.014
0.008
0.006
0.003
0.000
0.022
0.034
0.015
0.013
0.003
0.039
0.006
0.023
0.032
0.032
0.049
0.057
0.015
0.040
0.002
0.033
0.001
0.008
0.043
0.006
0.001
0.037
0.007
0.032
