0.011
0.003
0.041
0.021
0.009
0.008
0.006
0.005
0.052
0.002
0.049
0.034
0.017
0.006
0.012
0.026
0.029
0.000
0.002
0.010
0.040
0.063
0.019
0.017
0.012
0.042
0.021
0.030
0.016
0.009
0.018
0.010
0.027
0.013
0.044
0.016
0.033
0.010
0.008
0.006
0.000
0.027
0.012
0.056
0.027
0.038
0.036
0.016
0.005
0.063
0.014
0.059
0.033
0.003
0.041
0.009
0.004
0.049
0.015
0.008
0.004
0.020
0.021
0.021
0.031
0.009
0.003
0.019
0.012
0.006
0.020
0.034
0.021
0.022
0.051
0.015
0.005
0.023
0.009
0.034
0.027
0.022
0.061
0.014
0.030
0.016
0.022
0.013
0.030
0.016
0.037
0.012
0.001
0.014
0.036
0.025
0.046
0.013
0.013
0.000
0.004
0.007
0.005
0.008
0.010
0.040
0.012
0.010
0.044
0.003
0.006
0.022
0.027
0.002
0.005
0.011
0.005
0.016
0.015
0.007
0.021
0.015
0.001
0.055
0.004
0.032
0.002
0.012
0.007
0.004
0.039
0.008
0.023
0.010
0.003
0.068
0.044
0.043
0.013
0.027
0.001
0.025
0.018
0.002
0.009
0.002
0.006
0.059
0.005
0.031
0.013
0.011
0.005
0.013
0.026
0.016
0.043
0.001
0.004
0.036
0.030
0.004
0.021
0.030
0.004
0.031
0.038
0.037
0.013
0.022
0.006
0.013
0.043
0.037
0.004
0.003
0.016
0.003
0.017
0.009
0.000
0.015
0.012
0.022
0.063
0.010
0.008
0.020
0.030
0.022
0.030
0.045
0.031
0.006
0.019
0.023
0.039
0.000
0.041
0.013
0.009
0.006
0.045
0.033
0.009
0.052
0.013
0.020
0.005
0.041
0.006
0.056
0.012
0.040
0.027
0.042
0.021
0.022
0.035
0.002
0.005
0.053
0.038
0.020
0.033
0.013
0.017
0.036
0.009
0.006
0.005
0.014
0.012
0.027
0.013
0.040
0.052
0.018
0.002
0.027
0.013
0.013
0.013
0.030
0.019
0.015
0.058
0.025
0.007
0.004
0.015
0.021
0.005
