0.046
0.016
0.002
0.015
0.014
0.003
0.009
0.032
0.048
0.014
0.003
0.056
0.004
0.036
0.018
0.046
0.011
0.010
0.038
0.034
0.011
0.014
0.009
0.040
0.024
0.003
0.007
0.017
0.034
0.011
0.018
0.003
0.024
0.035
0.017
0.035
0.015
0.035
0.002
0.014
0.011
0.005
0.011
0.004
0.021
0.062
0.025
0.012
0.026
0.001
0.002
0.054
0.024
0.042
0.002
0.001
0.007
0.036
0.008
0.041
0.014
0.027
0.041
0.032
0.026
0.001
0.028
0.006
0.043
0.007
0.000
0.015
0.017
0.000
0.035
0.026
0.023
0.009
0.039
0.030
0.013
0.009
0.021
0.007
0.025
0.043
0.023
0.005
0.010
0.023
0.003
0.004
0.017
0.011
0.004
0.017
0.013
0.031
0.025
0.004
0.017
0.004
0.060
0.026
0.035
0.007
0.007
0.021
0.024
0.006
0.024
0.018
0.028
0.005
0.036
0.039
0.009
0.037
0.047
0.034
0.005
0.041
0.027
0.035
0.020
0.031
0.078
0.004
0.007
0.005
0.019
0.013
0.037
0.001
0.013
0.026
0.018
0.026
0.013
0.046
0.019
0.005
0.023
0.032
0.006
0.004
0.011
0.019
0.016
0.052
0.016
0.005
0.059
0.013
0.023
0.028
0.051
0.011
0.027
0.024
0.017
0.007
0.006
0.027
0.003
0.035
0.027
0.005
0.047
0.002
0.007
0.027
0.010
0.034
0.020
0.006
0.017
0.018
0.033
0.009
0.025
0.031
0.018
0.017
0.029
0.026
0.010
0.038
0.013
0.019
0.014
0.016
0.015
0.055
0.041
0.020
0.026
0.010
0.002
0.028
0.011
0.037
0.054
0.046
0.005
0.008
0.026
0.034
0.014
0.004
0.046
0.042
0.023
0.001
0.014
0.012
0.003
0.044
0.032
0.016
0.002
0.030
0.024
0.054
0.037
0.013
0.003
0.009
0.002
0.017
0.020
0.028
0.012
0.040
0.001
0.021
0.021
0.016
0.004
0.020
0.044
0.032
0.019
0.006
0.004
