0.014
0.017
0.035
0.002
0.002
0.004
0.045
0.022
0.041
0.013
0.003
0.016
0.068
0.010
0.001
0.051
0.012
0.034
0.012
0.014
0.011
0.027
0.011
0.048
0.031
0.009
0.019
0.062
0.005
0.003
0.030
0.012
0.014
0.008
0.010
0.008
0.031
0.050
0.026
0.004
0.040
0.036
0.014
0.012
0.002
0.015
0.022
0.008
0.025
0.047
0.021
0.028
0.015
0.008
0.026
0.022
0.042
0.012
0.022
0.031
0.026
0.035
0.005
0.011
0.029
0.023
0.020
0.006
0.022
0.022
0.022
0.006
0.023
0.022
0.005
0.015
0.013
0.020
0.020
0.010
0.040
0.024
0.016
0.005
0.005
0.010
0.016
0.035
0.010
0.047
0.020
0.020
0.024
0.005
0.002
0.031
0.019
0.035
0.004
0.028
0.007
0.030
0.006
0.027
0.056
0.014
0.019
0.065
0.021
0.040
0.051
0.020
0.023
0.008
0.039
0.021
0.025
0.020
0.026
0.029
0.007
0.001
0.010
0.004
0.014
0.037
0.000
0.010
0.031
0.006
0.015
0.019
0.027
0.005
0.028
0.001
0.010
0.021
0.007
0.010
0.009
0.024
0.007
0.001
0.008
0.046
0.007
0.028
0.008
0.019
0.025
0.055
0.001
0.020
0.057
0.043
0.015
0.011
0.007
0.021
0.009
0.002
0.074
0.019
0.013
0.004
0.004
0.026
0.008
0.070
0.001
0.031
0.002
0.039
0.015
0.017
0.062
0.003
0.006
0.040
0.003
0.010
0.013
0.012
0.006
0.015
0.000
0.055
0.016
0.048
0.022
0.034
0.002
0.009
0.000
0.029
0.035
0.024
0.016
0.015
0.004
0.051
0.037
0.050
0.023
0.003
0.010
0.009
0.014
0.001
0.026
0.011
0.008
0.015
0.051
0.041
0.030
0.011
0.008
0.019
0.015
0.016
0.033
0.001
0.012
0.052
0.003
0.003
0.020
0.013
0.034
0.005
0.030
0.039
0.005
0.025
0.013
0.010
0.009
