0.023
0.021
0.049
0.016
0.011
0.036
0.014
0.010
0.013
0.041
0.045
0.020
0.011
0.017
0.005
0.012
0.037
0.015
0.020
0.032
0.050
0.033
0.018
0.009
0.006
0.051
0.003
0.016
0.015
0.013
0.011
0.001
0.000
0.035
0.023
0.023
0.026
0.000
0.003
0.001
0.009
0.018
0.002
0.045
0.030
0.004
0.004
0.004
0.014
0.007
0.017
0.038
0.003
0.022
0.014
0.030
0.028
0.027
0.021
0.016
0.022
0.002
0.020
0.034
0.002
0.030
0.024
0.015
0.024
0.016
0.023
0.060
0.040
0.016
0.057
0.015
0.015
0.003
0.025
0.031
0.026
0.013
0.032
0.006
0.020
0.003
0.006
0.002
0.022
0.032
0.000
0.005
0.029
0.011
0.042
0.029
0.006
0.010
0.001
0.018
0.038
0.031
0.021
0.042
0.026
0.002
0.008
0.044
0.005
0.015
0.002
0.006
0.053
0.026
0.013
0.005
0.007
0.003
0.026
0.018
0.010
0.048
0.021
0.020
0.002
0.015
0.021
0.006
0.040
0.018
0.001
0.028
0.003
0.008
0.011
0.021
0.026
0.014
0.002
0.018
0.020
0.033
0.001
0.001
0.041
0.040
0.000
0.048
0.053
0.011
0.007
0.026
0.020
0.040
0.025
0.044
0.028
0.060
0.018
0.004
0.007
0.015
0.052
0.014
0.018
0.029
0.012
0.005
0.010
0.006
0.003
0.015
0.010
0.001
0.002
0.015
0.011
0.022
0.019
0.010
0.012
0.008
0.011
0.020
0.001
0.005
0.014
0.021
0.018
0.046
0.002
0.005
0.034
0.001
0.040
0.016
0.007
0.031
0.057
0.010
0.010
0.034
0.005
0.000
0.019
0.009
0.007
0.005
0.034
0.005
0.035
0.031
0.006
0.023
0.046
0.007
0.017
0.001
0.002
0.000
0.031
0.044
0.021
0.003
0.022
0.022
0.012
0.001
0.012
0.002
0.003
0.009
0.042
0.054
0.039
0.004
0.013
0.020
0.016
0.011
0.002
0.028
0.015
0.019
0.041
0.011
0.024
0.029
0.080
0.008
0.010
0.055
0.015
0.010
0.032
0.011
0.008
0.007
0.015
0.017
0.051
0.008
0.050
0.019
0.010
0.004
0.002
0.014
0.020
0.005
0.025
0.012
0.001
0.033
0.021
0.017
0.027
0.004
0.007
0.021
0.011
0.039
0.018
0.004
0.001
0.003
0.010
0.005
0.075
0.006
0.002
0.015
0.053
0.003
0.009
0.026
