0.002
0.013
0.031
0.005
0.012
0.015
0.030
0.017
0.021
0.056
0.026
0.009
0.011
0.000
0.008
0.013
0.038
0.027
0.031
0.045
0.014
0.027
0.003
0.006
0.075
0.014
0.012
0.010
0.043
0.000
0.010
0.023
0.023
0.014
0.012
0.048
0.027
0.015
0.024
0.017
0.012
0.032
0.030
0.041
0.000
0.023
0.013
0.017
0.015
0.008
0.002
0.023
0.014
0.022
0.011
0.011
0.006
0.034
0.033
0.001
0.041
0.047
0.037
0.013
0.014
0.031
0.036
0.037
0.002
0.008
0.031
0.025
0.021
0.002
0.012
0.027
0.001
0.024
0.022
0.005
0.039
0.030
0.018
0.030
0.022
0.016
0.018
0.023
0.017
0.024
0.004
0.016
0.019
0.036
0.005
0.005
0.025
0.053
0.011
0.035
0.005
0.046
0.018
0.003
0.009
0.015
0.025
0.038
0.007
0.007
0.027
0.028
0.045
0.011
0.016
0.015
0.008
0.027
0.022
0.036
0.031
0.048
0.011
0.007
0.008
0.020
0.020
0.012
0.051
0.006
0.005
0.006
0.040
0.003
0.025
0.019
0.047
0.018
0.013
0.008
0.001
0.019
0.041
0.002
0.059
0.033
0.048
0.023
0.009
0.003
0.009
0.014
0.020
0.058
0.004
0.023
0.027
0.048
0.007
0.028
0.010
0.005
0.008
0.013
0.009
0.016
0.010
0.008
0.008
0.001
0.013
0.008
0.017
0.015
0.029
0.010
0.033
0.020
0.005
0.025
0.028
0.019
0.073
0.018
0.050
0.024
0.007
0.001
0.035
0.009
0.018
0.074
0.035
0.011
0.030
0.004
0.010
0.002
0.003
0.018
0.007
0.000
0.025
0.062
0.021
0.000
0.016
0.023
0.019
0.026
0.004
0.012
0.062
0.022
0.018
0.036
0.001
0.046
0.011
0.041
0.002
0.017
0.006
0.006
0.032
0.044
0.011
0.034
0.036
0.026
0.057
0.043
0.011
0.037
0.002
0.019
0.002
0.015
0.014
0.007
0.011
0.031
0.012
0.006
0.063
0.045
0.011
0.001
0.028
0.005
0.019
0.022
0.009
0.016
0.031
0.017
0.003
0.003
0.004
0.012
0.003
0.013
0.043
0.027
0.011
0.024
0.010
0.033
0.000
0.030
0.035
0.005
0.016
0.020
0.045
0.021
0.019
0.035
0.000
0.031
0.011
0.056
0.042
0.043
0.033
0.062
0.020
0.021
0.009
0.084
0.022
