0.002
0.008
0.001
0.015
0.035
0.018
0.025
0.028
0.025
0.003
0.011
0.057
0.013
0.025
0.014
0.015
0.015
0.016
0.030
0.025
0.014
0.027
0.008
0.037
0.032
0.022
0.013
0.005
0.047
0.002
0.078
0.041
0.009
0.030
0.030
0.008
0.015
0.021
0.030
0.020
0.020
0.018
0.067
0.004
0.013
0.008
0.002
0.018
0.007
0.001
0.005
0.017
0.001
0.044
0.028
0.000
0.010
0.006
0.007
0.010
0.018
0.007
0.002
0.005
0.007
0.014
0.077
0.049
0.002
0.027
0.012
0.015
0.023
0.023
0.035
0.013
0.020
0.033
0.039
0.001
0.007
0.003
0.017
0.036
0.030
0.050
0.013
0.021
0.007
0.030
0.009
0.068
0.011
0.034
0.004
0.024
0.034
0.032
0.002
0.025
0.029
0.004
0.007
0.010
0.007
0.016
0.011
0.011
0.021
0.046
0.009
0.012
0.014
0.040
0.055
0.025
0.018
0.000
0.003
0.010
0.008
0.036
0.023
0.013
0.001
0.030
0.004
0.060
0.030
0.060
0.012
0.017
0.001
0.014
0.010
0.046
0.064
0.020
0.018
0.008
0.022
0.000
0.016
0.008
0.018
0.036
0.025
0.011
0.038
0.015
0.041
0.006
0.002
0.003
0.027
0.008
0.003
0.014
0.004
0.042
0.006
0.004
0.003
0.010
0.006
0.009
0.030
0.024
0.014
0.021
0.006
0.018
0.047
0.023
0.013
0.021
0.048
0.018
0.005
0.004
0.010
0.012
0.005
0.010
0.045
0.023
0.048
0.009
0.011
0.000
0.060
0.023
0.006
0.017
0.007
0.020
0.010
0.051
0.027
0.028
0.065
0.053
0.009
0.002
0.031
0.003
0.012
0.029
0.010
0.011
0.018
0.012
0.004
0.019
0.004
0.000
0.077
0.024
0.010
0.007
0.023
0.021
0.023
0.011
0.002
0.026
0.033
0.014
0.021
0.002
0.006
0.007
0.039
0.031
0.015
0.068
0.026
0.001
0.001
0.012
0.018
0.006
0.012
0.044
0.000
0.007
0.022
0.023
0.004
0.039
0.012
0.032
0.007
0.030
0.001
0.072
0.020
0.014
0.001
0.016
0.030
0.002
0.021
0.010
0.005
0.020
0.015
0.016
0.006
0.014
0.014
0.034
0.016
0.036
0.001
0.021
0.008
0.023
0.023
0.045
0.017
0.006
0.029
0.014
0.042
0.025
0.018
0.035
0.029
0.008
0.023
0.009
0.008
0.031
0.027
0.001
0.021
0.009
