0.012
0.015
0.039
0.004
0.030
0.008
0.029
0.000
0.008
0.025
0.040
0.006
0.051
0.013
0.057
0.014
0.013
0.029
0.019
0.014
0.014
0.021
0.049
0.032
0.007
0.022
0.007
0.008
0.012
0.032
0.021
0.028
0.012
0.003
0.002
0.056
0.006
0.006
0.029
0.012
0.003
0.012
0.001
0.035
0.016
0.002
0.053
0.044
0.009
0.030
0.008
0.037
0.015
0.048
0.006
0.036
0.006
0.003
0.009
0.004
0.039
0.009
0.011
0.024
0.007
0.021
0.019
0.026
0.010
0.017
0.037
0.041
0.015
0.046
0.002
0.015
0.024
0.009
0.020
0.014
0.007
0.042
0.003
0.030
0.034
0.028
0.011
0.032
0.019
0.016
0.025
0.003
0.035
0.024
0.006
0.010
0.054
0.051
0.051
0.035
0.001
0.033
0.027
0.011
0.024
0.055
0.006
0.025
0.023
0.021
0.043
0.023
0.009
0.017
0.023
0.028
0.013
0.018
0.031
0.037
0.009
0.022
0.016
0.009
0.006
0.015
0.004
0.007
0.026
0.006
0.005
0.032
0.004
0.030
0.018
0.009
0.039
0.006
0.007
0.024
0.013
0.006
0.020
0.004
0.027
0.003
0.025
0.008
0.023
0.028
0.019
0.037
0.002
0.040
0.003
0.022
0.054
0.029
0.017
0.018
0.026
0.033
0.006
0.028
0.055
0.026
0.030
0.027
0.016
0.047
0.011
0.053
0.016
0.028
0.023
0.009
0.029
0.030
0.048
0.010
0.017
0.031
0.083
0.024
0.001
0.034
0.017
0.017
0.024
0.010
0.005
0.026
0.020
0.048
0.010
0.023
0.025
0.018
0.013
0.006
0.037
0.002
0.003
0.008
0.038
0.005
0.013
0.010
0.030
0.010
0.001
0.005
0.008
0.036
0.050
0.070
0.018
0.029
0.001
0.005
0.031
0.029
0.019
0.003
0.009
0.006
0.032
0.017
0.018
0.044
0.037
0.034
0.012
0.027
0.035
0.032
0.040
0.006
0.008
0.030
0.006
0.040
0.019
0.001
0.038
0.022
0.007
0.036
0.015
0.012
0.019
0.038
0.027
0.018
0.015
0.023
0.008
0.019
0.013
0.000
0.005
0.036
0.051
0.031
0.018
0.028
0.023
0.024
0.003
0.045
0.011
0.009
0.016
0.019
0.040
0.026
0.002
0.004
0.057
0.002
0.009
0.019
0.011
0.060
0.002
0.031
0.028
0.001
0.010
0.018
0.064
0.009
0.014
0.024
0.024
