0.034
0.038
0.062
0.000
0.017
0.009
0.017
0.008
0.010
0.023
0.006
0.020
0.026
0.003
0.015
0.024
0.009
0.070
0.018
0.027
0.002
0.055
0.029
0.011
0.017
0.001
0.003
0.014
0.007
0.062
0.018
0.005
0.014
0.038
0.033
0.002
0.026
0.008
0.026
0.032
0.004
0.002
0.010
0.009
0.016
0.032
0.004
0.020
0.023
0.013
0.041
0.007
0.001
0.023
0.025
0.030
0.013
0.029
0.014
0.038
0.017
0.034
0.042
0.010
0.028
0.018
0.005
0.064
0.019
0.001
0.011
0.008
0.044
0.040
0.009
0.016
0.003
0.017
0.011
0.029
0.005
0.029
0.055
0.031
0.022
0.007
0.013
0.003
0.012
0.003
0.005
0.041
0.002
0.027
0.077
0.016
0.005
0.063
0.040
0.003
0.014
0.027
0.015
0.015
0.011
0.048
0.011
0.020
0.020
0.005
0.008
0.040
0.012
0.024
0.022
0.038
0.004
0.010
0.022
0.029
0.002
0.033
0.017
0.046
0.003
0.055
0.007
0.012
0.022
0.009
0.008
0.010
0.025
0.000
0.005
0.012
0.003
0.032
0.032
0.002
0.044
0.015
0.024
0.019
0.014
0.011
0.041
0.028
0.007
0.005
0.024
0.032
0.045
0.023
0.026
0.057
0.032
0.011
0.040
0.009
0.024
0.006
0.005
0.022
0.059
0.032
0.020
0.004
0.005
0.006
0.009
0.007
0.010
0.034
0.004
0.011
0.007
0.004
0.024
0.017
0.006
0.027
0.013
0.031
0.051
0.014
0.016
0.026
0.010
0.023
0.008
0.029
0.040
0.043
0.026
0.021
0.034
0.034
0.013
0.036
0.039
0.011
0.027
0.027
0.004
0.062
0.001
0.033
0.004
0.013
0.005
0.012
0.029
0.040
0.004
0.010
0.047
0.028
0.002
0.055
0.022
0.022
0.045
0.049
0.014
0.027
0.044
0.009
0.062
0.024
0.029
0.035
0.030
0.003
0.015
0.034
0.010
0.011
0.041
0.005
0.070
0.060
0.009
0.015
0.048
0.021
0.023
