0.000
0.006
0.001
0.034
0.014
0.030
0.061
0.017
0.023
0.057
0.053
0.041
0.075
0.060
0.007
0.009
0.002
0.030
0.023
0.025
0.006
0.023
0.043
0.001
0.009
0.012
0.044
0.010
0.063
0.001
0.019
0.031
0.010
0.049
0.018
0.007
0.007
0.015
0.048
0.035
0.007
0.040
0.004
0.012
0.012
0.024
0.007
0.024
0.003
0.004
0.044
0.041
0.009
0.015
0.002
0.004
0.051
0.053
0.011
0.071
0.058
0.038
0.003
0.007
0.019
0.013
0.032
0.004
0.003
0.022
0.012
0.029
0.004
0.003
0.044
0.017
0.025
0.028
0.016
0.032
0.040
0.002
0.006
0.012
0.052
0.014
0.015
0.027
0.039
0.016
0.040
0.005
0.003
0.023
0.021
0.022
0.010
0.020
0.001
0.001
0.005
0.044
0.018
0.010
0.005
0.013
0.012
0.007
0.006
0.029
0.016
0.006
0.015
0.023
0.019
0.022
0.019
0.008
0.012
0.001
0.006
0.022
0.018
0.006
0.017
0.003
0.016
0.013
0.020
0.037
0.039
0.029
0.003
0.008
0.007
0.014
0.006
0.019
0.011
0.002
0.025
0.008
0.031
0.044
0.016
0.027
0.013
0.029
0.060
0.019
0.017
0.001
0.003
0.008
0.028
0.002
0.007
0.030
0.012
0.013
0.031
0.006
0.005
0.024
0.026
0.031
0.009
0.002
0.008
0.028
0.011
0.020
0.022
0.026
0.013
0.029
0.007
0.032
0.001
0.007
0.014
0.052
0.031
0.002
0.008
0.023
0.001
0.024
0.016
0.002
0.007
0.008
0.024
0.020
0.028
0.052
0.020
0.009
0.008
0.020
0.015
0.041
0.021
0.013
0.014
0.037
0.033
0.034
0.020
0.042
0.026
0.015
0.001
0.009
0.016
0.017
0.003
0.003
0.068
0.002
0.037
0.015
0.022
0.016
0.003
0.018
0.039
0.010
0.002
0.001
0.049
0.016
0.033
0.014
0.011
0.023
