0.003
0.007
0.006
0.010
0.011
0.011
0.031
0.057
0.002
0.030
0.026
0.024
0.037
0.009
0.012
0.048
0.048
0.007
0.014
0.018
0.045
0.011
0.005
0.055
0.007
0.009
0.004
0.019
0.011
0.024
0.007
0.010
0.044
0.015
0.001
0.021
0.030
0.009
0.021
0.050
0.012
0.022
0.007
0.019
0.038
0.002
0.014
0.019
0.033
0.031
0.014
0.013
0.019
0.017
0.017
0.006
0.060
0.057
0.009
0.008
0.002
0.003
0.016
0.044
0.009
0.011
0.035
0.008
0.003
0.009
0.022
0.013
0.017
0.034
0.022
0.015
0.008
0.015
0.005
0.007
0.058
0.013
0.008
0.004
0.023
0.002
0.005
0.011
0.034
0.018
0.017
0.022
0.046
0.007
0.013
0.033
0.014
0.053
0.013
0.004
0.006
0.069
0.030
0.002
0.013
0.000
0.031
0.020
0.032
0.002
0.025
0.023
0.016
0.016
0.023
0.031
0.005
0.020
0.021
0.036
0.009
0.042
0.007
0.016
0.013
0.038
0.026
0.009
0.039
0.014
0.037
0.001
0.048
0.005
0.016
0.024
0.026
0.033
0.001
0.042
0.005
0.009
0.043
0.006
0.039
0.016
0.010
0.020
0.032
0.002
0.022
0.031
0.081
0.027
0.003
0.012
0.013
0.081
0.030
0.019
0.042
0.033
0.040
0.011
0.028
0.012
0.006
0.006
0.022
0.018
0.024
0.025
0.028
0.002
0.015
0.002
0.002
0.001
0.017
0.028
0.021
0.011
0.000
0.003
0.029
0.025
0.030
0.030
0.013
0.023
0.022
0.037
0.023
0.037
0.033
0.010
0.015
0.014
0.003
0.008
0.025
0.025
0.030
0.063
0.039
0.034
0.015
0.005
0.005
0.025
0.023
0.022
0.019
0.041
0.021
0.037
0.018
0.037
0.004
0.023
0.038
0.023
0.018
0.028
0.033
0.044
0.032
0.054
0.031
0.007
0.020
0.021
0.032
0.017
0.036
0.021
0.030
