0.000
0.024
0.021
0.027
0.006
0.026
0.039
0.034
0.009
0.000
0.004
0.025
0.014
0.014
0.012
0.008
0.047
0.013
0.018
0.019
0.017
0.010
0.005
0.021
0.034
0.036
0.020
0.039
0.023
0.011
0.005
0.020
0.031
0.010
0.070
0.023
0.004
0.032
0.000
0.041
0.011
0.022
0.006
0.010
0.021
0.039
0.039
0.030
0.008
0.005
0.003
0.038
0.051
0.004
0.010
0.023
0.013
0.011
0.037
0.000
0.068
0.003
0.009
0.061
0.037
0.023
0.019
0.031
0.053
0.020
0.003
0.029
0.032
0.012
0.008
0.021
0.037
0.006
0.050
0.001
0.011
0.038
0.015
0.026
0.030
0.007
0.030
0.027
0.019
0.021
0.022
0.035
0.008
0.014
0.019
0.020
0.020
0.023
0.015
0.023
0.036
0.022
0.001
0.006
0.002
0.012
0.017
0.034
0.013
0.024
0.018
0.003
0.005
0.017
0.024
0.017
0.005
0.007
0.047
0.015
0.019
0.017
0.007
0.044
0.043
0.072
0.040
0.057
0.037
0.006
0.019
0.001
0.040
0.031
0.008
0.012
0.000
0.020
0.013
0.050
0.047
0.007
0.044
0.068
0.078
0.025
0.048
0.036
0.008
0.001
0.005
0.026
0.004
0.021
0.033
0.039
0.024
0.004
0.009
0.015
0.044
0.052
0.006
0.031
0.033
0.038
0.014
0.002
0.004
0.004
0.020
0.041
0.016
0.022
0.030
0.015
0.018
0.006
0.046
0.012
0.012
0.002
0.025
0.013
0.002
0.005
0.009
0.037
0.016
0.013
0.003
0.010
0.044
0.026
0.004
0.041
0.010
0.025
0.041
0.018
0.020
0.046
0.039
0.020
0.005
0.048
0.041
0.008
0.014
0.042
0.004
0.002
0.022
0.020
0.042
0.002
0.067
0.004
0.006
0.014
0.008
0.017
0.018
0.015
0.030
0.019
0.014
0.029
0.011
0.023
0.005
0.011
0.009
0.004
0.016
