0.008
0.006
0.019
0.034
0.015
0.022
0.025
0.006
0.034
0.025
0.031
0.001
0.030
0.022
0.032
0.041
0.009
0.017
0.071
0.002
0.014
0.045
0.044
0.014
0.024
0.006
0.019
0.009
0.029
0.013
0.005
0.019
0.056
0.009
0.001
0.067
0.053
0.001
0.035
0.027
0.033
0.004
0.020
0.039
0.031
0.013
0.011
0.016
0.002
0.005
0.025
0.000
0.031
0.006
0.001
0.016
0.001
0.047
0.007
0.042
0.013
0.014
0.011
0.014
0.051
0.037
0.037
0.031
0.049
0.034
0.010
0.008
0.011
0.022
0.014
0.044
0.008
0.004
0.005
0.013
0.033
0.039
0.001
0.013
0.006
0.014
0.005
0.006
0.050
0.032
0.032
0.005
0.010
0.004
0.013
0.032
0.029
0.007
0.033
0.050
0.024
0.017
0.016
0.059
0.013
0.002
0.001
0.017
0.016
0.005
0.016
0.018
0.027
0.026
0.039
0.020
0.043
0.031
0.004
0.012
0.004
0.063
0.033
0.027
0.074
0.003
0.032
0.022
0.029
0.010
0.005
0.017
0.037
0.023
0.014
0.002
0.020
0.027
0.018
0.015
0.002
0.035
0.012
0.016
0.003
0.045
0.031
0.008
0.008
0.076
0.047
0.005
0.009
0.041
0.008
0.006
0.008
0.017
0.080
0.034
0.004
0.014
0.017
0.014
0.024
0.010
0.017
0.030
0.001
0.018
0.029
0.023
0.064
0.002
0.028
0.037
0.005
0.021
0.015
0.010
0.028
0.017
0.017
0.023
0.015
0.000
0.004
0.007
0.015
0.037
0.002
0.008
0.035
0.005
0.011
0.024
0.015
0.003
0.004
0.030
0.027
0.026
0.023
0.005
0.019
0.015
0.001
0.027
0.015
0.016
0.036
0.027
0.059
0.028
0.014
0.020
0.025
0.015
0.026
0.025
0.013
0.073
0.002
0.013
0.008
0.032
0.008
0.005
0.021
0.005
0.012
0.023
0.002
0.017
0.007
0.020
0.032
0.016
0.061
0.041
0.012
0.000
