0.028
0.011
0.010
0.003
0.003
0.003
0.026
0.025
0.040
0.059
0.044
0.054
0.048
0.013
0.013
0.017
0.025
0.016
0.011
0.018
0.057
0.019
0.005
0.036
0.006
0.008
0.004
0.004
0.032
0.007
0.013
0.022
0.015
0.043
0.041
0.029
0.029
0.024
0.000
0.036
0.032
0.024
0.023
0.020
0.047
0.013
0.007
0.010
0.025
0.016
0.068
0.046
0.028
0.014
0.028
0.026
0.021
0.022
0.055
0.027
0.015
0.024
0.023
0.050
0.023
0.034
0.016
0.009
0.012
0.064
0.011
0.024
0.031
0.011
0.033
0.010
0.005
0.013
0.024
0.025
0.004
0.049
0.017
0.010
0.054
0.036
0.023
0.012
0.034
0.035
0.029
0.013
0.013
0.009
0.024
0.010
0.011
0.040
0.043
0.021
0.008
0.015
0.043
0.018
0.003
0.039
0.014
0.010
0.001
0.016
0.064
0.007
0.055
0.017
0.007
0.011
0.001
0.030
0.002
0.016
0.027
0.014
0.004
0.006
0.034
0.015
0.026
0.016
0.011
0.013
0.005
0.044
0.005
0.015
0.033
0.019
0.002
0.037
0.006
0.038
0.009
0.040
0.036
0.008
0.006
0.025
0.017
0.004
0.042
0.045
0.024
0.020
0.046
0.059
0.031
0.025
0.014
0.032
0.014
0.002
0.012
0.013
0.003
0.029
0.030
0.026
0.018
0.043
0.000
0.012
0.029
0.005
0.033
0.021
0.019
0.038
0.005
0.003
0.011
0.000
0.026
0.029
0.003
0.032
0.016
0.007
0.013
0.019
0.025
0.011
0.022
0.035
0.032
0.014
0.024
0.008
0.022
0.063
0.037
0.019
0.006
0.019
0.016
0.009
0.000
0.035
0.003
0.034
0.059
0.036
0.022
0.012
0.014
0.024
0.021
0.029
0.029
0.014
0.026
0.006
0.007
0.006
0.002
0.013
0.013
0.004
0.016
0.050
0.002
0.017
0.004
0.012
0.006
0.004
0.020
0.001
0.030
0.041
0.033
0.013
0.024
