0.015
0.020
0.037
0.018
0.004
0.048
0.037
0.019
0.007
0.050
0.037
0.018
0.016
0.024
0.019
0.026
0.015
0.007
0.003
0.048
0.031
0.023
0.015
0.039
0.009
0.045
0.037
0.014
0.015
0.005
0.011
0.002
0.052
0.012
0.018
0.010
0.035
0.025
0.005
0.035
0.032
0.003
0.005
0.031
0.019
0.018
0.011
0.019
0.000
0.010
0.005
0.021
0.025
0.036
0.001
0.017
0.012
0.023
0.019
0.044
0.018
0.011
0.029
0.001
0.002
0.005
0.055
0.004
0.015
0.060
0.003
0.007
0.001
0.055
0.008
0.030
0.034
0.025
0.004
0.015
0.031
0.018
0.019
0.019
0.061
0.028
0.016
0.046
0.006
0.020
0.001
0.005
0.052
0.005
0.032
0.029
0.041
0.007
0.045
0.019
0.043
0.049
0.007
0.030
0.034
0.024
0.036
0.045
0.009
0.002
0.014
0.020
0.009
0.005
0.005
0.006
0.031
0.028
0.011
0.006
0.048
0.022
0.029
0.011
0.020
0.014
0.022
0.020
0.012
0.045
0.027
0.015
0.041
0.001
0.033
0.011
0.041
0.052
0.018
0.021
0.023
0.007
0.014
0.019
0.043
0.004
0.040
0.005
0.016
0.004
0.047
0.023
0.000
0.008
0.026
0.005
0.010
0.027
0.025
0.024
0.015
0.014
0.010
0.018
0.001
0.055
0.004
0.029
0.008
0.047
0.012
0.005
0.020
0.018
0.003
0.033
0.016
0.003
0.006
0.000
0.013
0.049
0.004
0.006
0.021
0.008
0.018
0.027
0.029
0.025
0.022
0.038
0.019
0.016
0.010
0.040
0.008
0.050
0.046
0.039
0.023
0.013
0.012
0.037
0.016
0.058
0.019
0.018
0.011
0.106
0.056
0.019
0.020
0.024
0.020
0.036
0.004
0.013
0.016
0.031
0.016
0.000
0.017
0.002
0.011
0.030
0.026
0.025
0.034
0.003
0.008
0.003
0.031
0.033
0.012
0.003
