0.032
0.002
0.018
0.012
0.001
0.010
0.004
0.030
0.014
0.027
0.024
0.030
0.003
0.008
0.059
0.024
0.036
0.009
0.018
0.016
0.036
0.005
0.006
0.020
0.029
0.011
0.026
0.048
0.015
0.004
0.007
0.026
0.036
0.007
0.032
0.042
0.028
0.057
0.024
0.020
0.018
0.027
0.031
0.020
0.034
0.040
0.037
0.007
0.001
0.042
0.006
0.005
0.061
0.047
0.043
0.016
0.007
0.020
0.013
0.037
0.005
0.012
0.005
0.027
0.001
0.010
0.022
0.015
0.027
0.004
0.008
0.027
0.030
0.010
0.011
0.033
0.030
0.007
0.009
0.017
0.004
0.008
0.022
0.018
0.001
0.011
0.027
0.013
0.049
0.020
0.012
0.026
0.017
0.042
0.012
0.002
0.007
0.013
0.020
0.011
0.015
0.014
0.008
0.013
0.024
0.016
0.006
0.029
0.004
0.007
0.019
0.007
0.040
0.002
0.039
0.047
0.011
0.037
0.019
0.004
0.029
0.021
0.023
0.019
0.042
0.026
0.037
0.011
0.002
0.027
0.053
0.025
0.005
0.017
0.013
0.001
0.000
0.009
0.007
0.034
0.031
0.048
0.007
0.018
0.006
0.011
0.014
0.004
0.039
0.055
0.037
0.018
0.036
0.015
0.052
0.052
0.035
0.033
0.049
0.001
0.008
0.002
0.010
0.016
0.007
0.021
0.028
0.034
0.045
0.007
0.014
0.074
0.022
0.041
0.029
0.079
0.066
0.002
0.004
0.018
0.058
0.019
0.053
0.009
0.021
0.075
0.002
0.016
0.002
0.016
0.056
0.031
0.007
0.023
0.045
0.011
0.020
0.031
0.074
0.020
0.006
0.039
0.012
0.010
0.028
0.000
0.009
0.031
0.032
0.024
0.052
0.030
0.008
0.006
0.056
0.022
0.007
0.014
0.064
0.013
0.014
0.011
0.002
0.031
0.015
0.001
0.031
0.036
0.034
0.038
0.005
0.030
0.005
0.030
0.046
0.043
0.028
0.044
0.008
0.043
0.005
0.026
0.024
0.081
0.018
0.001
