0.036
0.001
0.029
0.002
0.043
0.011
0.027
0.008
0.010
0.011
0.005
0.006
0.003
0.002
0.046
0.016
0.042
0.007
0.028
0.033
0.027
0.022
0.030
0.021
0.017
0.003
0.008
0.011
0.024
0.038
0.040
0.012
0.008
0.022
0.038
0.004
0.020
0.011
0.027
0.016
0.020
0.006
0.069
0.012
0.015
0.037
0.018
0.041
0.042
0.048
0.020
0.038
0.066
0.042
0.041
0.002
0.050
0.046
0.027
0.004
0.028
0.035
0.005
0.011
0.005
0.047
0.005
0.011
0.000
0.002
0.046
0.059
0.021
0.012
0.053
0.027
0.002
0.037
0.026
0.023
0.034
0.023
0.015
0.012
0.013
0.012
0.006
0.010
0.013
0.033
0.008
0.020
0.006
0.003
0.003
0.001
0.005
0.056
0.034
0.007
0.013
0.004
0.010
0.027
0.025
0.029
0.030
0.037
0.010
0.002
0.020
0.003
0.010
0.033
0.026
0.002
0.011
0.011
0.078
0.017
0.022
0.048
0.011
0.031
0.031
0.029
0.029
0.009
0.012
0.031
0.006
0.007
0.025
0.002
0.022
0.005
0.026
0.022
0.011
0.037
0.008
0.078
0.030
0.034
0.031
0.032
0.026
0.033
0.016
0.029
0.044
0.006
0.041
0.018
0.035
0.025
0.019
0.004
0.031
0.015
0.012
0.006
0.025
0.010
0.056
0.009
0.013
0.007
0.029
0.015
0.009
0.029
0.012
0.013
0.016
0.000
0.015
0.012
0.029
0.005
0.059
0.006
0.018
0.022
0.000
0.010
0.020
0.023
0.010
0.006
0.034
0.004
0.034
0.041
0.001
0.047
0.024
0.009
0.003
0.022
0.011
0.029
0.000
0.005
0.006
0.012
0.045
0.030
0.006
0.025
0.018
0.006
0.021
0.033
0.037
0.011
0.020
0.031
0.001
0.008
0.026
0.012
0.028
0.054
0.018
0.009
0.021
0.007
0.015
0.021
0.011
0.023
0.012
0.008
0.004
0.046
0.003
0.037
0.003
0.040
0.016
0.024
0.058
0.034
0.032
0.010
0.014
0.020
0.028
0.021
0.010
0.030
0.012
0.022
0.018
0.011
