0.011
0.014
0.004
0.030
0.007
0.057
0.024
0.003
0.034
0.001
0.033
0.008
0.009
0.022
0.005
0.069
0.022
0.002
0.005
0.010
0.032
0.013
0.049
0.012
0.018
0.020
0.025
0.009
0.047
0.013
0.058
0.006
0.010
0.020
0.020
0.007
0.029
0.002
0.024
0.021
0.001
0.017
0.018
0.015
0.018
0.023
0.016
0.011
0.029
0.012
0.038
0.010
0.049
0.023
0.036
0.058
0.019
0.063
0.002
0.028
0.012
0.045
0.051
0.031
0.008
0.006
0.063
0.013
0.028
0.008
0.008
0.019
0.024
0.027
0.022
0.008
0.028
0.022
0.027
0.002
0.010
0.015
0.001
0.025
0.004
0.006
0.011
0.007
0.014
0.007
0.001
0.006
0.011
0.021
0.014
0.012
0.021
0.004
0.022
0.010
0.020
0.029
0.012
0.025
0.001
0.008
0.004
0.005
0.020
0.053
0.020
0.046
0.014
0.016
0.012
0.018
0.014
0.013
0.015
0.027
0.017
0.023
0.013
0.056
0.032
0.020
0.034
0.007
0.009
0.009
0.040
0.002
0.031
0.008
0.011
0.025
0.021
0.027
0.009
0.019
0.029
0.026
0.005
0.009
0.004
0.031
0.045
0.008
0.023
0.004
0.002
0.010
0.007
0.018
0.043
0.061
0.002
0.016
0.025
0.005
0.003
0.005
0.043
0.040
0.026
0.012
0.058
0.013
0.014
0.027
0.005
0.011
0.018
0.014
0.019
0.018
0.014
0.034
0.030
0.031
0.039
0.007
0.034
0.045
0.028
0.006
0.049
0.005
0.015
0.007
0.030
0.001
0.046
0.033
0.008
0.034
0.007
0.023
0.013
0.019
0.015
0.038
0.023
0.002
0.034
0.043
0.013
0.037
0.006
0.012
0.016
0.016
0.009
0.012
0.010
0.044
0.007
0.010
0.018
0.016
0.027
0.017
0.009
0.017
0.018
0.007
0.034
0.012
0.022
0.007
0.062
0.007
0.016
0.001
0.006
0.002
0.009
0.021
0.043
0.002
0.014
0.029
0.004
0.014
0.003
0.015
0.002
