0.007
0.043
0.033
0.011
0.046
0.024
0.019
0.018
0.017
0.019
0.032
0.018
0.012
0.017
0.025
0.021
0.047
0.010
0.009
0.021
0.024
0.052
0.013
0.038
0.031
0.046
0.051
0.036
0.042
0.008
0.023
0.008
0.028
0.002
0.010
0.013
0.022
0.013
0.028
0.001
0.050
0.017
0.002
0.021
0.010
0.029
0.024
0.019
0.008
0.029
0.027
0.024
0.065
0.022
0.015
0.029
0.033
0.003
0.003
0.040
0.009
0.047
0.021
0.048
0.012
0.030
0.032
0.014
0.036
0.021
0.025
0.015
0.008
0.032
0.001
0.012
0.001
0.032
0.007
0.069
0.023
0.009
0.010
0.004
0.006
0.007
0.024
0.021
0.049
0.008
0.015
0.003
0.022
0.027
0.005
0.028
0.068
0.066
0.024
0.001
0.041
0.066
0.029
0.001
0.020
0.003
0.035
0.048
0.032
0.018
0.002
0.002
0.005
0.012
0.008
0.055
0.024
0.027
0.016
0.001
0.025
0.007
0.015
0.000
0.001
0.009
0.005
0.012
0.061
0.007
0.033
0.002
0.002
0.026
0.005
0.009
0.019
0.025
0.003
0.020
0.027
0.019
0.023
0.046
0.044
0.015
0.005
0.055
0.039
0.022
0.010
0.037
0.074
0.032
0.035
0.020
0.003
0.000
0.005
0.008
0.024
0.016
0.013
0.009
0.041
0.043
0.022
0.058
0.028
0.023
0.026
0.013
0.001
0.025
0.031
0.005
0.022
0.010
0.009
0.026
0.020
0.007
0.019
0.010
0.000
0.011
0.023
0.024
0.014
0.037
0.039
0.026
0.015
0.030
0.017
0.004
0.036
0.015
0.027
0.013
0.014
0.027
0.055
0.018
0.024
0.023
0.020
0.011
0.033
0.003
0.013
0.004
0.035
0.008
0.031
0.045
0.014
0.021
0.031
0.015
0.018
0.015
0.019
0.005
0.012
0.060
0.004
0.003
0.001
0.035
0.025
0.010
0.002
0.031
0.036
0.023
0.028
0.007
0.014
0.036
0.014
0.004
0.027
0.016
0.010
0.007
0.005
0.025
0.012
0.025
