0.023
0.025
0.030
0.008
0.008
0.007
0.011
0.032
0.028
0.012
0.028
0.022
0.004
0.032
0.012
0.033
0.006
0.021
0.017
0.005
0.002
0.004
0.029
0.018
0.042
0.054
0.007
0.021
0.014
0.001
0.005
0.057
0.012
0.004
0.008
0.031
0.024
0.046
0.033
0.007
0.030
0.018
0.023
0.039
0.018
0.005
0.006
0.007
0.024
0.020
0.020
0.005
0.005
0.022
0.015
0.006
0.003
0.043
0.021
0.056
0.014
0.009
0.000
0.001
0.013
0.003
0.010
0.008
0.035
0.061
0.015
0.007
0.076
0.040
0.032
0.003
0.002
0.007
0.024
0.005
0.013
0.045
0.036
0.018
0.038
0.000
0.030
0.012
0.016
0.017
0.018
0.050
0.020
0.020
0.008
0.007
0.026
0.041
0.021
0.043
0.011
0.023
0.041
0.000
0.013
0.025
0.031
0.008
0.011
0.006
0.005
0.021
0.014
0.016
0.027
0.044
0.014
0.011
0.010
0.034
0.007
0.034
0.020
0.010
0.015
0.047
0.013
0.009
0.005
0.046
0.017
0.013
0.025
0.013
0.000
0.003
0.001
0.004
0.000
0.026
0.025
0.021
0.016
0.013
0.028
0.001
0.017
0.010
0.031
0.030
0.037
0.006
0.003
0.006
0.035
0.014
0.012
0.006
0.026
0.036
0.025
0.000
0.004
0.005
0.020
0.014
0.071
0.025
0.025
0.022
0.042
0.001
0.001
0.007
0.013
0.003
0.024
0.011
0.047
0.010
0.025
0.015
0.007
0.041
0.044
0.008
0.056
0.023
0.021
0.045
0.023
0.032
0.040
0.009
0.028
0.017
0.012
0.034
0.028
0.033
0.041
0.011
0.050
0.030
0.028
0.040
0.013
0.036
0.007
0.022
0.026
0.000
0.007
0.043
0.022
0.035
0.045
0.036
0.000
0.053
0.006
0.010
0.010
0.027
0.013
0.010
0.013
0.004
0.012
0.011
0.000
0.012
0.016
0.043
0.001
0.059
0.017
0.013
0.082
0.005
0.028
0.025
0.010
0.059
0.042
0.014
0.018
0.003
0.004
0.002
0.022
