0.044
0.022
0.011
0.013
0.009
0.022
0.063
0.044
0.026
0.041
0.003
0.012
0.047
0.023
0.019
0.017
0.023
0.019
0.023
0.008
0.003
0.031
0.023
0.002
0.037
0.002
0.009
0.009
0.013
0.028
0.017
0.030
0.015
0.002
0.019
0.026
0.003
0.021
0.032
0.009
0.017
0.008
0.056
0.028
0.015
0.016
0.008
0.052
0.078
0.002
0.006
0.030
0.016
0.007
0.005
0.032
0.024
0.035
0.000
0.004
0.014
0.037
0.036
0.010
0.051
0.016
0.005
0.008
0.006
0.017
0.020
0.024
0.011
0.036
0.054
0.018
0.044
0.043
0.028
0.030
0.019
0.035
0.010
0.015
0.020
0.010
0.053
0.014
0.024
0.037
0.026
0.053
0.041
0.068
0.025
0.000
0.032
0.012
0.014
0.022
0.016
0.027
0.006
0.022
0.038
0.017
0.018
0.040
0.012
0.004
0.022
0.051
0.033
0.009
0.012
0.005
0.019
0.017
0.044
0.021
0.034
0.045
0.023
0.012
0.002
0.002
0.011
0.023
0.020
0.013
0.030
0.004
0.032
0.022
0.017
0.001
0.006
0.020
0.014
0.005
0.026
0.008
0.027
0.011
0.024
0.026
0.004
0.003
0.010
0.023
0.068
0.004
0.009
0.053
0.022
0.014
0.039
0.011
0.027
0.012
0.076
0.012
0.003
0.011
0.005
0.008
0.012
0.026
0.002
0.011
0.007
0.003
0.012
0.016
0.019
0.014
0.034
0.044
0.008
0.026
0.002
0.045
0.013
0.008
0.036
0.015
0.009
0.012
0.004
0.030
0.032
0.012
0.012
0.020
0.011
0.034
0.049
0.057
0.014
0.037
0.007
0.029
0.017
0.013
0.008
0.053
0.004
0.041
0.030
0.011
0.002
0.032
0.021
0.040
0.011
0.007
0.004
0.023
0.025
0.007
0.004
0.005
0.011
0.017
0.005
0.055
0.044
0.041
0.019
0.010
0.007
0.027
0.046
0.022
0.005
0.011
0.021
0.017
0.004
0.008
0.001
0.009
0.007
0.010
0.001
0.008
0.058
