0.021
0.014
0.001
0.017
0.008
0.015
0.003
0.025
0.001
0.022
0.014
0.004
0.023
0.021
0.003
0.023
0.027
0.051
0.040
0.010
0.003
0.003
0.008
0.047
0.003
0.006
0.012
0.014
0.026
0.019
0.001
0.013
0.038
0.049
0.010
0.018
0.028
0.023
0.029
0.077
0.032
0.035
0.024
0.036
0.023
0.019
0.058
0.012
0.017
0.006
0.000
0.002
0.001
0.011
0.012
0.050
0.009
0.001
0.031
0.046
0.016
0.036
0.035
0.015
0.006
0.007
0.001
0.017
0.005
0.038
0.016
0.023
0.039
0.036
0.030
0.006
0.046
0.011
0.003
0.015
0.018
0.001
0.036
0.016
0.018
0.021
0.015
0.035
0.015
0.033
0.023
0.051
0.047
0.003
0.009
0.022
0.019
0.011
0.045
0.027
0.001
0.021
0.065
0.035
0.013
0.005
0.004
0.034
0.033
0.023
0.038
0.025
0.023
0.018
0.006
0.003
0.015
0.012
0.015
0.037
0.058
0.019
0.006
0.001
0.055
0.002
0.001
0.017
0.002
0.035
0.011
0.012
0.010
0.028
0.003
0.018
0.020
0.007
0.012
0.028
0.018
0.013
0.005
0.007
0.033
0.008
0.025
0.013
0.031
0.035
0.009
0.037
0.004
0.041
0.029
0.001
0.003
0.028
0.007
0.003
0.027
0.040
0.034
0.017
0.031
0.039
0.011
0.015
0.032
0.050
0.065
0.025
0.054
0.007
0.009
0.027
0.001
0.015
0.007
0.009
0.035
0.041
0.004
0.024
0.017
0.021
0.009
0.009
0.015
0.018
0.010
0.037
0.019
0.013
0.007
0.002
0.006
0.020
0.006
0.032
0.005
0.020
0.021
0.034
0.037
0.028
0.006
0.017
0.022
0.003
0.010
0.011
0.003
0.028
0.020
0.016
0.001
0.015
0.024
0.008
0.002
0.001
0.012
0.003
0.005
0.039
0.027
0.018
0.005
0.002
0.023
0.002
0.043
0.042
0.028
0.023
0.037
0.003
0.030
0.024
0.004
0.024
0.024
0.000
0.012
0.049
0.055
0.013
0.003
0.039
0.008
0.004
0.019
