0.000
0.032
0.021
0.002
0.007
0.024
0.044
0.041
0.012
0.001
0.040
0.023
0.014
0.024
0.019
0.013
0.039
0.032
0.006
0.004
0.046
0.013
0.028
0.054
0.017
0.029
0.023
0.025
0.007
0.007
0.013
0.006
0.006
0.039
0.019
0.007
0.001
0.049
0.003
0.034
0.015
0.049
0.009
0.010
0.069
0.027
0.000
0.049
0.001
0.048
0.002
0.036
0.012
0.014
0.041
0.040
0.054
0.005
0.005
0.048
0.010
0.044
0.030
0.004
0.013
0.014
0.014
0.016
0.016
0.037
0.028
0.006
0.005
0.005
0.029
0.036
0.004
0.043
0.004
0.010
0.015
0.004
0.020
0.011
0.021
0.051
0.041
0.025
0.005
0.056
0.006
0.018
0.009
0.005
0.031
0.018
0.017
0.055
0.047
0.011
0.040
0.005
0.045
0.032
0.016
0.029
0.005
0.032
0.037
0.013
0.008
0.022
0.022
0.040
0.020
0.009
0.013
0.012
0.033
0.004
0.012
0.031
0.052
0.040
0.013
0.023
0.010
0.029
0.068
0.033
0.024
0.015
0.004
0.024
0.004
0.026
0.022
0.019
0.014
0.001
0.021
0.035
0.013
0.014
0.015
0.008
0.013
0.024
0.035
0.000
0.077
0.017
0.002
0.010
0.008
0.040
0.019
0.029
0.018
0.028
0.030
0.008
0.000
0.007
0.013
0.012
0.079
0.014
0.009
0.006
0.013
0.013
0.035
0.003
0.021
0.042
0.037
0.034
0.021
0.046
0.021
0.008
0.057
0.034
0.012
0.004
0.027
0.006
0.001
0.001
0.017
0.030
0.035
0.039
0.007
0.006
0.024
0.010
0.002
0.036
0.042
0.029
0.014
0.008
0.003
0.031
0.040
0.018
0.067
0.000
0.017
0.022
0.007
0.006
0.040
0.073
0.006
0.002
0.006
0.007
0.013
0.006
0.019
0.015
0.052
0.013
0.005
0.021
0.003
0.002
0.033
0.048
0.037
0.037
0.011
0.013
0.008
0.009
0.035
0.032
0.021
0.042
