0.014
0.024
0.057
0.015
0.037
0.026
0.002
0.027
0.013
0.014
0.001
0.044
0.027
0.040
0.002
0.015
0.011
0.019
0.015
0.036
0.054
0.004
0.001
0.010
0.011
0.017
0.010
0.018
0.010
0.005
0.017
0.029
0.000
0.005
0.009
0.034
0.032
0.016
0.003
0.033
0.000
0.057
0.006
0.001
0.002
0.035
0.000
0.029
0.039
0.022
0.039
0.023
0.021
0.002
0.008
0.003
0.008
0.014
0.005
0.007
0.027
0.013
0.015
0.029
0.005
0.021
0.013
0.049
0.022
0.002
0.036
0.029
0.014
0.052
0.008
0.033
0.024
0.012
0.020
0.033
0.029
0.016
0.049
0.023
0.023
0.011
0.000
0.030
0.004
0.063
0.029
0.009
0.026
0.016
0.040
0.047
0.009
0.007
0.020
0.048
0.006
0.046
0.004
0.007
0.016
0.006
0.029
0.003
0.015
0.015
0.005
0.021
0.012
0.058
0.003
0.009
0.004
0.014
0.041
0.037
0.016
0.002
0.046
0.013
0.023
0.006
0.001
0.012
0.021
0.055
0.003
0.035
0.043
0.054
0.003
0.033
0.001
0.022
0.049
0.032
0.012
0.053
0.044
0.023
0.035
0.021
0.070
0.043
0.030
0.000
0.019
0.002
0.003
0.039
0.034
0.020
0.006
0.038
0.020
0.015
0.043
0.024
0.030
0.006
0.011
0.023
0.043
0.006
0.008
0.008
0.002
0.008
0.021
0.037
0.010
0.064
0.017
0.037
0.013
0.009
0.041
0.007
0.023
0.011
0.008
0.017
0.007
0.012
0.008
0.011
0.010
0.019
0.016
0.009
0.015
0.016
0.009
0.001
0.003
0.041
0.022
0.028
0.009
0.028
0.026
0.033
0.001
0.016
0.013
0.021
0.001
0.009
0.031
0.029
0.019
0.050
0.011
0.016
0.006
0.027
0.005
0.025
0.002
0.000
0.018
0.002
0.006
0.043
0.013
0.006
0.038
0.035
0.020
0.005
0.030
0.040
0.016
0.028
0.018
0.002
0.008
0.012
0.009
0.001
0.020
0.003
0.004
0.013
