0.013
0.007
0.018
0.028
0.015
0.039
0.002
0.027
0.028
0.011
0.049
0.018
0.007
0.014
0.032
0.013
0.011
0.006
0.023
0.059
0.034
0.026
0.030
0.020
0.001
0.001
0.033
0.021
0.029
0.059
0.005
0.021
0.020
0.061
0.036
0.004
0.031
0.056
0.023
0.021
0.016
0.043
0.003
0.033
0.015
0.017
0.008
0.034
0.005
0.014
0.044
0.001
0.024
0.026
0.002
0.017
0.016
0.027
0.012
0.011
0.013
0.012
0.003
0.059
0.012
0.002
0.021
0.017
0.030
0.023
0.014
0.008
0.041
0.026
0.010
0.022
0.002
0.027
0.035
0.027
0.001
0.024
0.015
0.035
0.017
0.011
0.010
0.025
0.013
0.006
0.018
0.008
0.000
0.029
0.004
0.002
0.021
0.052
0.033
0.018
0.014
0.015
0.021
0.006
0.020
0.012
0.002
0.012
0.007
0.017
0.033
0.018
0.007
0.013
0.015
0.010
0.020
0.024
0.017
0.045
0.003
0.013
0.002
0.041
0.022
0.050
0.044
0.006
0.004
0.011
0.020
0.032
0.001
0.032
0.002
0.001
0.024
0.027
0.043
0.024
0.031
0.022
0.043
0.015
0.024
0.057
0.011
0.026
0.037
0.023
0.040
0.032
0.034
0.034
0.062
0.022
0.023
0.029
0.031
0.018
0.029
0.007
0.034
0.018
0.014
0.022
0.001
0.009
0.027
0.024
0.025
0.003
0.055
0.020
0.003
0.059
0.009
0.005
0.058
0.034
0.021
0.026
0.011
0.039
0.023
0.006
0.019
0.031
0.022
0.007
0.005
0.024
0.026
0.015
0.026
0.040
0.005
0.011
0.014
0.047
0.024
0.013
0.001
0.004
0.027
0.009
0.001
0.004
0.007
0.060
0.030
0.032
0.002
0.024
0.000
0.014
0.012
0.009
0.025
0.027
0.007
0.001
0.002
0.017
0.002
0.007
0.024
0.018
0.014
0.016
0.020
0.016
0.028
0.017
0.009
0.015
0.030
0.000
0.003
0.016
0.011
0.046
0.023
0.012
0.018
0.016
0.012
0.029
0.018
0.015
0.014
0.023
0.035
0.052
0.004
0.025
0.021
0.022
0.039
0.045
0.049
0.011
0.057
0.022
0.059
0.037
0.004
0.031
0.005
0.022
0.004
0.018
0.016
0.005
0.042
0.008
0.036
0.036
0.035
0.008
0.010
0.004
0.031
0.021
0.028
0.041
0.004
0.016
0.023
0.013
0.006
0.001
0.016
