0.028
0.000
0.012
0.085
0.016
0.002
0.023
0.010
0.032
0.006
0.011
0.016
0.012
0.007
0.005
0.010
0.027
0.005
0.013
0.009
0.015
0.006
0.025
0.029
0.009
0.048
0.028
0.062
0.008
0.016
0.004
0.022
0.000
0.045
0.015
0.030
0.017
0.003
0.064
0.026
0.005
0.011
0.003
0.058
0.008
0.000
0.039
0.018
0.030
0.004
0.006
0.001
0.012
0.002
0.005
0.054
0.024
0.033
0.005
0.004
0.020
0.002
0.044
0.044
0.040
0.034
0.033
0.014
0.017
0.019
0.001
0.032
0.003
0.015
0.036
0.012
0.011
0.030
0.039
0.014
0.020
0.021
0.008
0.034
0.054
0.029
0.001
0.020
0.009
0.030
0.008
0.002
0.005
0.011
0.018
0.003
0.084
0.029
0.014
0.021
0.022
0.059
0.039
0.015
0.002
0.025
0.033
0.007
0.010
0.001
0.014
0.009
0.020
0.021
0.004
0.026
0.019
0.027
0.016
0.023
0.037
0.038
0.008
0.000
0.000
0.001
0.025
0.013
0.022
0.004
0.011
0.024
0.007
0.026
0.019
0.015
0.022
0.027
0.045
0.021
0.008
0.017
0.044
0.011
0.018
0.012
0.009
0.027
0.018
0.002
0.012
0.007
0.045
0.019
0.008
0.003
0.016
0.040
0.007
0.035
0.004
0.014
0.056
0.033
0.019
0.005
0.044
0.004
0.030
0.031
0.044
0.052
0.016
0.054
0.003
0.041
0.048
0.024
0.033
0.010
0.023
0.054
0.005
0.004
0.000
0.048
0.016
0.012
0.008
0.038
0.034
0.006
0.038
0.030
0.053
0.029
0.047
0.017
0.014
0.018
0.020
0.041
0.003
0.040
0.024
0.003
0.074
0.009
0.022
0.006
0.002
0.007
0.010
0.068
0.011
0.036
0.021
0.013
0.019
0.033
0.030
0.045
0.012
0.010
0.032
0.043
0.014
0.019
0.012
0.019
0.018
0.009
0.007
0.017
0.024
0.025
0.008
0.036
0.002
0.020
0.013
0.017
0.021
0.015
0.005
0.064
0.018
0.009
0.012
0.017
0.035
