0.016
0.003
0.016
0.035
0.032
0.023
0.004
0.031
0.031
0.016
0.026
0.013
0.063
0.022
0.011
0.046
0.037
0.040
0.005
0.002
0.016
0.001
0.050
0.007
0.019
0.043
0.035
0.005
0.042
0.014
0.002
0.007
0.046
0.005
0.026
0.044
0.005
0.039
0.019
0.034
0.027
0.030
0.012
0.023
0.033
0.001
0.018
0.014
0.003
0.001
0.031
0.045
0.015
0.016
0.013
0.021
0.005
0.004
0.040
0.042
0.021
0.004
0.011
0.005
0.029
0.013
0.019
0.027
0.023
0.037
0.008
0.005
0.008
0.002
0.006
0.032
0.028
0.002
0.012
0.025
0.021
0.020
0.008
0.008
0.007
0.027
0.066
0.026
0.003
0.007
0.029
0.013
0.030
0.008
0.011
0.017
0.015
0.011
0.005
0.057
0.011
0.005
0.018
0.042
0.010
0.044
0.006
0.006
0.045
0.000
0.032
0.018
0.043
0.008
0.010
0.004
0.018
0.017
0.015
0.002
0.022
0.008
0.008
0.035
0.038
0.009
0.023
0.032
0.025
0.013
0.037
0.010
0.015
0.004
0.025
0.010
0.019
0.006
0.003
0.036
0.021
0.008
0.009
0.017
0.004
0.020
0.018
0.018
0.011
0.028
0.012
0.006
0.005
0.007
0.016
0.039
0.031
0.008
0.049
0.046
0.014
0.001
0.029
0.028
0.014
0.033
0.029
0.001
0.047
0.030
0.011
0.030
0.002
0.017
0.006
0.012
0.035
0.011
0.001
0.061
0.012
0.015
0.008
0.007
0.017
0.014
0.017
0.002
0.012
0.007
0.015
0.035
0.018
0.000
0.011
0.001
0.050
0.043
0.063
0.023
0.017
0.010
0.014
0.041
0.015
0.004
0.009
0.037
0.027
0.042
0.006
0.003
0.022
0.035
0.055
0.010
0.023
0.013
0.037
0.040
0.016
0.043
0.057
0.007
0.022
0.021
0.011
0.031
0.030
0.065
0.011
0.030
0.003
0.002
0.019
0.042
0.024
0.016
0.006
0.025
0.048
0.006
0.019
0.001
0.008
0.012
0.023
0.014
0.062
0.033
0.042
0.024
0.064
0.011
0.020
0.010
0.018
0.025
0.025
0.003
0.014
0.043
0.001
0.020
0.009
0.062
0.013
0.009
0.011
0.017
0.002
0.021
0.042
0.027
0.003
0.012
0.079
0.018
0.019
0.017
0.005
0.012
0.023
0.017
0.028
0.001
