0.013
0.016
0.006
0.019
0.040
0.060
0.001
0.005
0.016
0.024
0.016
0.030
0.016
0.038
0.023
0.017
0.002
0.025
0.042
0.015
0.002
0.043
0.004
0.008
0.019
0.014
0.012
0.011
0.026
0.018
0.002
0.012
0.044
0.040
0.028
0.005
0.051
0.020
0.016
0.013
0.005
0.046
0.003
0.000
0.005
0.012
0.000
0.012
0.026
0.013
0.025
0.040
0.022
0.043
0.029
0.003
0.024
0.009
0.007
0.009
0.020
0.049
0.017
0.014
0.004
0.009
0.040
0.020
0.043
0.032
0.005
0.027
0.090
0.001
0.028
0.032
0.037
0.032
0.029
0.015
0.021
0.009
0.029
0.009
0.035
0.012
0.043
0.021
0.016
0.023
0.020
0.045
0.040
0.035
0.002
0.001
0.023
0.001
0.030
0.022
0.012
0.027
0.001
0.020
0.045
0.045
0.018
0.008
0.003
0.028
0.040
0.010
0.001
0.015
0.037
0.006
0.008
0.043
0.035
0.021
0.002
0.026
0.000
0.019
0.025
0.019
0.011
0.047
0.043
0.023
0.036
0.005
0.047
0.001
0.004
0.002
0.036
0.010
0.011
0.010
0.040
0.004
0.004
0.056
0.001
0.007
0.031
0.013
0.023
0.017
0.023
0.019
0.009
0.007
0.033
0.053
0.025
0.013
0.065
0.053
0.013
0.025
0.002
0.022
0.016
0.027
0.053
0.020
0.000
0.034
0.014
0.010
0.004
0.025
0.003
0.008
0.042
0.020
0.059
0.009
0.038
0.035
0.063
0.003
0.019
0.015
0.049
0.030
0.006
0.011
0.001
0.011
0.018
0.014
0.033
0.011
0.022
0.000
0.006
0.015
0.046
0.012
0.044
0.054
0.006
0.022
0.001
0.001
0.038
0.016
0.031
0.008
0.019
0.013
0.022
0.010
0.002
0.008
0.013
0.017
0.030
0.034
0.024
0.000
0.038
0.017
0.003
0.037
0.016
0.020
0.007
0.022
0.043
0.015
0.001
0.020
0.008
0.049
0.021
0.014
0.017
0.009
0.024
0.048
0.007
0.010
0.005
0.016
0.023
0.075
0.037
0.000
0.007
0.056
0.051
0.002
0.052
0.014
0.038
0.011
0.020
0.029
0.006
0.015
0.017
0.052
0.042
0.042
0.026
0.016
0.045
0.006
0.031
0.005
0.004
0.031
0.012
0.035
0.036
0.020
0.026
0.009
0.038
0.000
0.009
0.004
