0.004
0.005
0.021
0.010
0.034
0.011
0.042
0.003
0.011
0.005
0.008
0.021
0.051
0.011
0.011
0.006
0.001
0.035
0.008
0.007
0.048
0.038
0.028
0.034
0.001
0.021
0.015
0.048
0.028
0.051
0.028
0.007
0.009
0.009
0.020
0.013
0.029
0.000
0.005
0.001
0.018
0.030
0.003
0.007
0.005
0.021
0.006
0.009
0.021
0.011
0.001
0.010
0.029
0.043
0.018
0.007
0.037
0.062
0.052
0.004
0.029
0.021
0.004
0.051
0.006
0.016
0.025
0.006
0.015
0.015
0.004
0.002
0.032
0.001
0.003
0.022
0.039
0.030
0.012
0.028
0.001
0.032
0.027
0.007
0.015
0.038
0.020
0.003
0.011
0.001
0.003
0.010
0.020
0.002
0.038
0.002
0.017
0.032
0.001
0.002
0.007
0.003
0.029
0.059
0.024
0.031
0.008
0.009
0.018
0.011
0.013
0.003
0.022
0.002
0.034
0.013
0.010
0.029
0.008
0.020
0.003
0.029
0.004
0.007
0.041
0.008
0.037
0.007
0.019
0.007
0.044
0.027
0.003
0.041
0.036
0.022
0.026
0.003
0.030
0.019
0.027
0.027
0.037
0.005
0.034
0.009
0.006
0.039
0.051
0.016
0.003
0.055
0.019
0.005
0.031
0.051
0.004
0.041
0.018
0.042
0.009
0.038
0.015
0.039
0.078
0.021
0.010
0.023
0.004
0.023
0.003
0.059
0.026
0.028
0.030
0.033
0.014
0.006
0.009
0.037
0.018
0.007
0.029
0.019
0.013
0.004
0.022
0.044
0.000
0.005
0.011
0.007
0.022
0.017
0.002
0.027
0.021
0.019
0.005
0.029
0.000
0.005
0.028
0.008
0.016
0.028
0.004
0.002
0.013
0.004
0.016
0.004
0.006
0.001
0.025
0.003
0.025
0.015
0.020
0.014
0.004
0.040
0.039
0.028
0.002
0.029
0.006
0.033
0.024
0.036
0.050
0.007
0.000
0.013
0.029
0.043
0.028
0.001
0.023
0.009
0.005
0.036
0.006
0.013
0.052
0.013
0.035
0.003
0.016
0.046
0.052
0.008
0.004
0.017
0.015
0.009
0.002
0.003
0.013
0.060
0.006
0.018
0.028
0.046
0.044
0.011
0.007
0.007
0.035
0.022
0.019
0.016
0.013
0.008
0.008
0.002
0.003
0.027
0.023
0.013
0.003
0.015
0.017
0.015
0.004
0.004
0.012
0.012
0.004
0.030
0.007
0.026
0.015
0.030
0.011
0.031
0.011
0.005
0.009
0.016
