0.014
0.013
0.020
0.037
0.048
0.010
0.024
0.052
0.017
0.072
0.028
0.015
0.062
0.013
0.010
0.007
0.006
0.021
0.005
0.062
0.013
0.003
0.036
0.005
0.018
0.007
0.020
0.028
0.014
0.009
0.008
0.008
0.028
0.005
0.034
0.059
0.013
0.040
0.024
0.003
0.011
0.032
0.041
0.004
0.024
0.005
0.001
0.009
0.007
0.018
0.029
0.002
0.011
0.001
0.007
0.075
0.025
0.007
0.014
0.006
0.029
0.007
0.012
0.046
0.003
0.041
0.021
0.031
0.037
0.029
0.006
0.003
0.031
0.000
0.050
0.022
0.004
0.046
0.007
0.013
0.001
0.005
0.013
0.020
0.032
0.010
0.020
0.050
0.021
0.000
0.011
0.036
0.003
0.014
0.025
0.015
0.010
0.009
0.019
0.041
0.016
0.056
0.028
0.005
0.035
0.012
0.036
0.016
0.024
0.004
0.029
0.015
0.012
0.010
0.028
0.027
0.020
0.017
0.020
0.038
0.002
0.024
0.003
0.009
0.005
0.017
0.038
0.018
0.022
0.040
0.024
0.017
0.047
0.014
0.037
0.004
0.007
0.009
0.019
0.012
0.001
0.013
0.029
0.053
0.014
0.063
0.015
0.018
0.025
0.018
0.007
0.017
0.006
0.032
0.006
0.036
0.022
0.004
0.029
0.044
0.007
0.009
0.006
0.009
0.024
0.036
0.003
0.003
0.029
0.023
0.001
0.019
0.046
0.037
0.040
0.012
0.022
0.040
0.028
0.040
0.003
0.025
0.008
0.044
0.025
0.009
0.007
0.011
0.003
0.043
0.014
0.022
0.039
0.000
0.001
0.010
0.017
0.027
0.030
0.024
0.038
0.006
0.041
0.010
0.004
0.024
0.053
0.039
0.026
0.036
0.024
0.009
0.012
0.000
0.009
0.001
0.009
0.027
0.014
0.015
0.008
0.003
0.001
0.022
0.019
0.020
0.000
0.028
0.002
0.056
0.009
0.027
0.046
0.028
0.039
0.028
0.008
0.033
0.017
0.018
0.023
0.009
0.039
0.026
0.042
0.024
0.015
