0.016
0.012
0.038
0.038
0.000
0.004
0.023
0.011
0.010
0.013
0.044
0.012
0.031
0.037
0.004
0.010
0.032
0.033
0.006
0.013
0.006
0.048
0.029
0.011
0.041
0.012
0.024
0.011
0.031
0.022
0.045
0.006
0.007
0.034
0.006
0.016
0.016
0.021
0.029
0.022
0.019
0.009
0.051
0.000
0.025
0.002
0.040
0.061
0.016
0.008
0.005
0.015
0.020
0.009
0.037
0.019
0.028
0.013
0.013
0.019
0.011
0.018
0.013
0.010
0.008
0.004
0.008
0.059
0.009
0.020
0.009
0.036
0.031
0.005
0.005
0.035
0.013
0.013
0.018
0.023
0.027
0.020
0.063
0.001
0.025
0.015
0.010
0.003
0.014
0.014
0.026
0.034
0.032
0.012
0.008
0.005
0.040
0.013
0.022
0.028
0.024
0.008
0.012
0.016
0.048
0.028
0.014
0.052
0.039
0.001
0.013
0.026
0.037
0.013
0.006
0.005
0.014
0.006
0.001
0.019
0.001
0.037
0.011
0.003
0.019
0.023
0.025
0.062
0.032
0.050
0.025
0.018
0.027
0.007
0.016
0.016
0.022
0.036
0.000
0.021
0.080
0.019
0.006
0.003
0.006
0.042
0.008
0.028
0.007
0.020
0.005
0.007
0.039
0.049
0.014
0.002
0.001
0.009
0.047
0.012
0.028
0.011
0.011
0.028
0.034
0.017
0.004
0.014
0.007
0.020
0.007
0.013
0.054
0.002
0.004
0.088
0.018
0.009
0.038
0.004
0.004
0.012
0.004
0.011
0.010
0.005
0.017
0.039
0.021
0.019
0.028
0.007
0.033
0.011
0.001
0.021
0.004
0.010
0.012
0.033
0.020
0.061
0.004
0.017
0.018
0.025
0.012
0.029
0.011
0.021
0.004
0.012
0.046
0.000
0.044
0.045
0.015
0.010
0.014
0.013
0.007
0.018
0.011
0.006
0.031
0.014
0.022
0.018
0.003
0.021
0.024
0.022
0.021
0.028
0.029
0.033
0.030
0.028
0.041
0.003
0.017
0.007
0.035
0.014
0.005
0.024
0.011
0.025
0.018
0.014
0.028
0.008
0.003
0.012
0.028
0.004
0.041
0.026
0.029
0.018
0.036
0.014
0.004
0.012
0.035
0.043
0.034
0.016
0.024
0.003
0.022
0.023
0.016
0.040
0.029
0.054
0.001
0.010
0.003
0.032
0.045
0.009
0.018
0.036
0.015
0.013
0.070
