0.003
0.012
0.000
0.036
0.017
0.011
0.029
0.035
0.012
0.034
0.030
0.082
0.027
0.048
0.026
0.022
0.004
0.050
0.028
0.012
0.006
0.011
0.002
0.043
0.024
0.009
0.006
0.007
0.004
0.046
0.003
0.021
0.024
0.040
0.002
0.019
0.007
0.032
0.002
0.031
0.005
0.077
0.006
0.009
0.045
0.001
0.024
0.034
0.058
0.009
0.018
0.010
0.061
0.021
0.008
0.036
0.014
0.026
0.025
0.018
0.049
0.057
0.016
0.012
0.018
0.005
0.007
0.028
0.039
0.013
0.007
0.020
0.010
0.005
0.012
0.009
0.006
0.031
0.013
0.013
0.018
0.029
0.006
0.007
0.004
0.004
0.010
0.005
0.006
0.050
0.033
0.021
0.014
0.032
0.016
0.042
0.004
0.032
0.011
0.068
0.017
0.007
0.018
0.023
0.070
0.029
0.003
0.008
0.029
0.018
0.011
0.012
0.020
0.017
0.018
0.015
0.024
0.026
0.036
0.036
0.019
0.006
0.006
0.006
0.015
0.023
0.033
0.023
0.000
0.005
0.032
0.022
0.008
0.001
0.029
0.015
0.011
0.035
0.017
0.039
0.025
0.023
0.006
0.012
0.052
0.002
0.034
0.006
0.026
0.007
0.074
0.024
0.028
0.002
0.023
0.012
0.020
0.011
0.037
0.035
0.014
0.005
0.002
0.002
0.011
0.008
0.027
0.008
0.083
0.055
0.023
0.002
0.035
0.028
0.018
0.010
0.025
0.011
0.010
0.047
0.055
0.002
0.001
0.028
0.057
0.018
0.010
0.012
0.022
0.012
0.062
0.022
0.015
0.010
0.071
0.046
0.002
0.030
0.000
0.007
0.034
0.011
0.013
0.005
0.006
0.026
0.003
0.002
0.007
0.014
0.004
0.034
0.011
0.023
0.007
0.023
0.012
0.019
0.050
0.021
0.002
0.013
0.031
0.012
0.036
0.001
0.010
0.049
0.046
0.037
0.028
0.008
0.031
0.006
0.013
0.048
0.038
0.053
0.010
0.014
0.015
0.093
0.015
0.024
0.029
0.017
0.069
0.007
