0.004
0.018
0.019
0.019
0.019
0.009
0.004
0.004
0.026
0.019
0.026
0.010
0.006
0.029
0.021
0.000
0.026
0.038
0.005
0.017
0.004
0.018
0.044
0.037
0.006
0.057
0.032
0.025
0.007
0.016
0.011
0.008
0.001
0.020
0.014
0.002
0.000
0.006
0.025
0.006
0.029
0.016
0.017
0.014
0.035
0.001
0.009
0.012
0.022
0.017
0.045
0.007
0.009
0.003
0.050
0.026
0.005
0.030
0.018
0.033
0.050
0.010
0.021
0.028
0.033
0.043
0.027
0.021
0.034
0.053
0.014
0.038
0.013
0.045
0.018
0.028
0.049
0.023
0.018
0.005
0.046
0.001
0.003
0.029
0.012
0.022
0.028
0.010
0.030
0.028
0.020
0.037
0.003
0.011
0.021
0.005
0.006
0.046
0.036
0.023
0.035
0.041
0.009
0.033
0.019
0.025
0.006
0.011
0.010
0.069
0.029
0.007
0.017
0.009
0.027
0.015
0.042
0.025
0.025
0.041
0.015
0.024
0.012
0.053
0.024
0.023
0.028
0.016
0.008
0.013
0.004
0.044
0.023
0.004
0.038
0.036
0.002
0.034
0.017
0.014
0.015
0.016
0.014
0.005
0.007
0.008
0.028
0.008
0.029
0.019
0.025
0.037
0.008
0.010
0.006
0.034
0.005
0.016
0.004
0.029
0.032
0.015
0.029
0.028
0.046
0.022
0.031
0.020
0.012
0.013
0.035
0.018
0.010
0.034
0.005
0.017
0.029
0.046
0.028
0.010
0.049
0.016
0.003
0.021
0.026
0.029
0.013
0.005
0.007
0.010
0.056
0.007
0.066
0.050
0.039
0.017
0.023
0.024
0.001
0.018
0.003
0.041
0.079
0.004
0.014
0.027
0.042
0.007
0.012
0.011
0.023
0.002
0.019
0.014
0.011
0.001
0.043
0.036
0.022
0.023
0.066
0.017
0.002
0.017
0.004
0.027
0.025
0.001
0.013
0.043
0.014
0.016
0.031
0.006
0.004
0.017
0.002
0.016
0.031
0.003
0.046
0.042
0.026
0.001
0.002
0.010
0.016
0.035
0.033
0.000
