0.017
0.027
0.008
0.027
0.010
0.021
0.040
0.015
0.051
0.012
0.020
0.020
0.029
0.054
0.029
0.037
0.018
0.020
0.019
0.011
0.023
0.010
0.068
0.006
0.033
0.008
0.009
0.034
0.007
0.015
0.004
0.003
0.027
0.012
0.033
0.004
0.023
0.012
0.025
0.001
0.009
0.006
0.010
0.003
0.006
0.010
0.050
0.056
0.057
0.006
0.026
0.014
0.002
0.022
0.020
0.036
0.018
0.019
0.010
0.024
0.011
0.039
0.025
0.026
0.030
0.009
0.030
0.016
0.018
0.012
0.037
0.043
0.018
0.010
0.045
0.009
0.002
0.014
0.024
0.040
0.007
0.073
0.020
0.001
0.000
0.015
0.011
0.043
0.032
0.002
0.028
0.021
0.019
0.024
0.040
0.003
0.003
0.037
0.021
0.014
0.020
0.038
0.030
0.033
0.002
0.025
0.037
0.006
0.022
0.015
0.028
0.013
0.015
0.006
0.016
0.018
0.013
0.033
0.007
0.047
0.007
0.015
0.004
0.008
0.005
0.022
0.018
0.018
0.011
0.006
0.021
0.004
0.006
0.003
0.005
0.020
0.031
0.007
0.020
0.014
0.024
0.010
0.011
0.021
0.007
0.004
0.017
0.004
0.026
0.015
0.002
0.013
0.030
0.037
0.006
0.006
0.018
0.013
0.042
0.022
0.038
0.053
0.014
0.049
0.015
0.017
0.046
0.009
0.035
0.039
0.025
0.036
0.018
0.025
0.001
0.033
0.025
0.037
0.017
0.015
0.023
0.000
0.031
0.053
0.029
0.009
0.005
0.107
0.015
0.015
0.046
0.005
0.006
0.023
0.001
0.024
0.017
0.004
0.032
0.006
0.027
0.010
0.025
0.002
0.013
0.004
0.015
0.013
0.016
0.009
0.018
0.016
0.027
0.030
0.026
0.014
0.009
0.036
0.027
0.046
0.031
0.001
0.048
0.054
0.008
0.050
0.020
0.010
0.023
0.030
0.010
0.034
0.013
0.060
0.075
0.003
0.035
0.042
0.021
0.023
0.015
0.019
0.014
0.023
0.004
0.051
0.001
0.021
0.010
0.025
0.044
0.030
0.017
0.001
0.004
0.040
0.032
0.003
0.001
0.011
0.013
0.053
0.021
0.026
0.026
0.043
0.050
0.007
0.023
0.030
0.008
0.038
0.031
0.040
0.036
0.030
0.018
0.067
0.052
0.005
0.030
0.016
0.051
0.023
0.029
0.014
0.014
0.001
0.020
0.002
0.010
