0.004
0.009
0.014
0.014
0.048
0.010
0.005
0.010
0.013
0.024
0.005
0.013
0.002
0.029
0.027
0.016
0.024
0.065
0.013
0.008
0.015
0.025
0.057
0.010
0.013
0.020
0.008
0.015
0.017
0.020
0.031
0.051
0.025
0.027
0.048
0.012
0.011
0.069
0.009
0.021
0.025
0.013
0.021
0.020
0.008
0.018
0.003
0.004
0.017
0.013
0.003
0.001
0.021
0.024
0.005
0.004
0.056
0.045
0.028
0.000
0.023
0.019
0.014
0.002
0.020
0.029
0.050
0.006
0.003
0.010
0.022
0.006
0.003
0.049
0.010
0.029
0.011
0.007
0.005
0.018
0.001
0.013
0.005
0.001
0.013
0.030
0.049
0.003
0.032
0.006
0.030
0.010
0.005
0.020
0.026
0.005
0.000
0.030
0.008
0.037
0.006
0.012
0.027
0.011
0.003
0.001
0.013
0.026
0.010
0.034
0.057
0.008
0.023
0.022
0.025
0.025
0.012
0.008
0.033
0.001
0.027
0.024
0.037
0.074
0.005
0.020
0.009
0.017
0.023
0.053
0.011
0.014
0.020
0.047
0.027
0.017
0.018
0.024
0.022
0.001
0.002
0.003
0.016
0.014
0.016
0.021
0.007
0.011
0.030
0.043
0.013
0.009
0.004
0.005
0.029
0.011
0.036
0.009
0.027
0.012
0.015
0.007
0.010
0.003
0.004
0.042
0.021
0.032
0.023
0.038
0.015
0.012
0.052
0.022
0.034
0.011
0.027
0.015
0.025
0.020
0.033
0.059
0.045
0.029
0.014
0.016
0.019
0.007
0.015
0.008
0.036
0.046
0.013
0.001
0.020
0.024
0.012
0.005
0.006
0.011
0.001
0.029
0.024
0.020
0.003
0.034
0.024
0.042
0.042
0.014
0.016
0.008
0.037
0.037
0.009
0.008
0.000
0.040
0.035
0.008
0.041
0.016
0.024
0.005
0.008
0.013
0.009
0.036
0.025
0.032
0.001
0.032
0.008
0.036
0.004
0.031
0.017
0.046
