0.019
0.033
0.021
0.039
0.003
0.003
0.012
0.045
0.007
0.014
0.007
0.009
0.030
0.022
0.034
0.040
0.042
0.014
0.016
0.003
0.023
0.041
0.012
0.026
0.013
0.019
0.002
0.006
0.031
0.037
0.004
0.028
0.029
0.010
0.039
0.004
0.028
0.003
0.015
0.038
0.031
0.034
0.009
0.074
0.033
0.011
0.042
0.007
0.008
0.002
0.035
0.020
0.001
0.017
0.006
0.011
0.000
0.038
0.020
0.018
0.024
0.012
0.008
0.013
0.009
0.000
0.028
0.057
0.022
0.023
0.044
0.048
0.011
0.033
0.039
0.021
0.021
0.032
0.002
0.016
0.001
0.040
0.006
0.011
0.000
0.033
0.010
0.042
0.017
0.013
0.045
0.007
0.030
0.046
0.020
0.011
0.043
0.002
0.046
0.009
0.005
0.063
0.012
0.026
0.014
0.014
0.006
0.003
0.007
0.021
0.018
0.023
0.017
0.018
0.019
0.025
0.053
0.026
0.022
0.005
0.016
0.018
0.042
0.040
0.026
0.055
0.016
0.009
0.004
0.010
0.010
0.044
0.021
0.006
0.022
0.036
0.019
0.042
0.031
0.016
0.009
0.037
0.026
0.018
0.040
0.048
0.031
0.026
0.001
0.005
0.011
0.005
0.005
0.008
0.017
0.002
0.021
0.010
0.022
0.017
0.001
0.019
0.006
0.003
0.038
0.044
0.022
0.007
0.015
0.044
0.028
0.016
0.030
0.061
0.005
0.011
0.005
0.037
0.000
0.009
0.014
0.038
0.007
0.016
0.009
0.013
0.026
0.046
0.036
0.028
0.012
0.028
0.016
0.063
0.060
0.067
0.007
0.004
0.006
0.010
0.029
0.001
0.021
0.013
0.028
0.015
0.013
0.009
0.028
0.019
0.013
0.032
0.056
0.009
0.019
0.019
0.036
0.012
0.009
0.054
0.007
0.062
0.032
0.044
0.010
0.008
0.026
0.021
0.019
0.023
0.015
0.008
0.006
0.005
