0.014
0.005
0.051
0.043
0.017
0.014
0.030
0.025
0.016
0.010
0.014
0.061
0.012
0.002
0.037
0.010
0.014
0.026
0.005
0.050
0.042
0.012
0.007
0.020
0.013
0.025
0.017
0.013
0.021
0.067
0.003
0.009
0.021
0.003
0.016
0.005
0.035
0.045
0.016
0.011
0.010
0.025
0.018
0.032
0.003
0.018
0.031
0.010
0.001
0.035
0.026
0.069
0.026
0.014
0.026
0.015
0.010
0.021
0.020
0.016
0.070
0.024
0.044
0.036
0.039
0.039
0.026
0.027
0.010
0.025
0.038
0.032
0.021
0.006
0.027
0.013
0.001
0.021
0.000
0.000
0.005
0.012
0.003
0.041
0.030
0.042
0.006
0.006
0.024
0.034
0.019
0.006
0.009
0.022
0.010
0.027
0.037
0.015
0.015
0.030
0.030
0.006
0.007
0.048
0.044
0.007
0.013
0.001
0.013
0.025
0.002
0.013
0.007
0.003
0.008
0.020
0.021
0.007
0.008
0.015
0.041
0.008
0.027
0.015
0.015
0.003
0.009
0.068
0.005
0.058
0.040
0.001
0.020
0.016
0.027
0.014
0.006
0.050
0.013
0.023
0.031
0.023
0.014
0.011
0.063
0.016
0.023
0.011
0.016
0.014
0.057
0.024
0.004
0.011
0.021
0.024
0.014
0.029
0.009
0.016
0.016
0.014
0.014
0.012
0.007
0.024
0.020
0.002
0.011
0.043
0.007
0.027
0.026
0.019
0.014
0.010
0.031
0.019
0.045
0.040
0.008
0.004
0.010
0.000
0.050
0.002
0.023
0.011
0.053
0.017
0.006
0.018
0.009
0.005
0.022
0.047
0.015
0.010
0.049
0.049
0.008
0.006
0.006
0.006
0.049
0.003
0.043
0.028
0.005
0.043
0.009
0.013
0.026
0.050
0.011
0.030
0.003
0.004
0.017
0.024
0.044
0.022
0.004
0.043
0.027
0.007
0.009
0.001
0.020
0.014
0.021
0.005
0.052
0.010
0.003
0.036
0.009
0.003
0.002
0.051
0.029
0.020
0.020
0.001
0.001
0.024
0.011
0.035
0.059
0.029
0.004
0.010
0.018
0.020
0.011
0.005
0.033
0.017
0.010
0.016
0.048
0.008
0.038
0.003
0.023
0.026
0.040
0.036
0.055
0.033
0.008
0.011
0.008
0.012
0.010
0.033
0.031
0.031
0.023
0.037
0.003
0.015
0.009
0.006
0.014
