0.057
0.030
0.013
0.003
0.000
0.056
0.015
0.010
0.031
0.035
0.015
0.001
0.038
0.023
0.036
0.006
0.051
0.009
0.010
0.008
0.033
0.011
0.036
0.016
0.015
0.013
0.017
0.000
0.030
0.018
0.034
0.035
0.037
0.052
0.003
0.065
0.011
0.032
0.011
0.031
0.020
0.038
0.010
0.022
0.009
0.017
0.038
0.005
0.011
0.038
0.047
0.011
0.024
0.006
0.002
0.003
0.005
0.013
0.021
0.010
0.017
0.019
0.023
0.039
0.054
0.003
0.021
0.011
0.029
0.004
0.038
0.001
0.015
0.031
0.024
0.003
0.034
0.019
0.031
0.037
0.059
0.025
0.022
0.023
0.031
0.016
0.043
0.023
0.034
0.023
0.006
0.031
0.024
0.012
0.010
0.048
0.034
0.014
0.017
0.009
0.010
0.028
0.010
0.017
0.000
0.005
0.009
0.001
0.008
0.005
0.001
0.012
0.013
0.024
0.008
0.017
0.001
0.007
0.014
0.016
0.042
0.015
0.017
0.005
0.005
0.028
0.021
0.002
0.025
0.016
0.032
0.009
0.001
0.007
0.011
0.011
0.017
0.038
0.006
0.016
0.004
0.031
0.026
0.032
0.002
0.033
0.012
0.004
0.013
0.008
0.012
0.026
0.045
0.029
0.001
0.006
0.002
0.030
0.013
0.002
0.034
0.030
0.024
0.074
0.007
0.013
0.047
0.058
0.005
0.018
0.026
0.028
0.002
0.007
0.002
0.005
0.044
0.034
0.039
0.030
0.055
0.017
0.002
0.011
0.028
0.013
0.012
0.020
0.036
0.002
0.005
0.003
0.011
0.049
0.007
0.012
0.033
0.010
0.029
0.013
0.014
0.055
0.024
0.010
0.019
0.019
0.027
0.047
0.019
0.008
0.023
0.017
0.025
0.007
0.009
0.021
0.003
0.028
0.006
0.011
0.003
0.009
0.022
0.014
0.018
0.016
0.003
0.012
0.022
0.004
0.033
0.028
0.006
0.013
0.076
0.005
0.002
0.053
0.015
0.003
0.010
0.014
0.016
0.018
0.031
0.017
0.034
0.023
0.094
0.025
0.040
0.006
