0.034
0.063
0.008
0.008
0.041
0.019
0.023
0.040
0.009
0.004
0.031
0.013
0.005
0.009
0.045
0.015
0.010
0.004
0.051
0.051
0.011
0.041
0.022
0.026
0.013
0.011
0.013
0.030
0.056
0.043
0.013
0.006
0.007
0.038
0.037
0.019
0.052
0.020
0.004
0.016
0.015
0.019
0.022
0.014
0.008
0.004
0.013
0.009
0.017
0.020
0.019
0.004
0.032
0.024
0.015
0.000
0.020
0.020
0.018
0.017
0.011
0.002
0.037
0.049
0.018
0.040
0.028
0.038
0.035
0.020
0.004
0.044
0.050
0.010
0.018
0.004
0.032
0.036
0.005
0.021
0.002
0.011
0.026
0.027
0.007
0.016
0.021
0.008
0.025
0.048
0.030
0.015
0.042
0.002
0.014
0.021
0.008
0.009
0.009
0.025
0.035
0.011
0.025
0.036
0.031
0.005
0.004
0.003
0.016
0.024
0.044
0.028
0.000
0.032
0.015
0.007
0.001
0.008
0.047
0.049
0.021
0.001
0.010
0.015
0.036
0.015
0.049
0.058
0.008
0.036
0.039
0.004
0.024
0.003
0.017
0.011
0.013
0.031
0.025
0.000
0.056
0.002
0.004
0.001
0.005
0.003
0.001
0.014
0.009
0.054
0.013
0.022
0.008
0.020
0.009
0.020
0.032
0.022
0.039
0.002
0.011
0.008
0.003
0.012
0.019
0.012
0.008
0.026
0.034
0.016
0.029
0.012
0.060
0.010
0.058
0.012
0.040
0.005
0.034
0.011
0.014
0.030
0.030
0.053
0.001
0.003
0.004
0.013
0.032
0.002
0.013
0.015
0.025
0.018
0.031
0.007
0.014
0.002
0.000
0.003
0.055
0.029
0.027
0.005
0.024
0.051
0.001
0.010
0.019
0.063
0.012
0.015
0.008
0.020
0.029
0.011
0.003
0.020
0.025
0.030
0.011
0.012
0.013
0.057
0.009
0.027
0.033
0.013
0.012
0.001
0.010
0.028
0.008
0.039
0.019
0.021
0.001
0.018
0.047
0.025
0.003
0.026
0.013
0.007
0.011
0.010
0.034
