0.022
0.029
0.005
0.027
0.041
0.008
0.028
0.003
0.034
0.031
0.043
0.014
0.063
0.020
0.010
0.042
0.030
0.014
0.020
0.026
0.046
0.008
0.004
0.058
0.028
0.014
0.018
0.022
0.036
0.021
0.034
0.043
0.031
0.023
0.010
0.003
0.032
0.034
0.021
0.022
0.016
0.007
0.014
0.065
0.063
0.020
0.031
0.010
0.023
0.032
0.008
0.074
0.006
0.048
0.014
0.006
0.061
0.012
0.026
0.020
0.022
0.006
0.005
0.024
0.058
0.003
0.008
0.018
0.014
0.068
0.004
0.012
0.073
0.036
0.028
0.033
0.024
0.041
0.017
0.004
0.019
0.015
0.062
0.013
0.027
0.010
0.007
0.020
0.017
0.019
0.000
0.034
0.005
0.011
0.014
0.033
0.011
0.012
0.004
0.061
0.044
0.000
0.053
0.035
0.016
0.006
0.022
0.040
0.029
0.014
0.014
0.016
0.016
0.028
0.000
0.016
0.035
0.026
0.022
0.038
0.005
0.031
0.010
0.022
0.009
0.018
0.002
0.023
0.026
0.003
0.005
0.048
0.041
0.011
0.006
0.039
0.004
0.009
0.024
0.007
0.031
0.053
0.004
0.026
0.018
0.008
0.043
0.006
0.003
0.062
0.035
0.028
0.038
0.016
0.007
0.012
0.021
0.019
0.025
0.017
0.022
0.006
0.008
0.004
0.008
0.045
0.017
0.013
0.006
0.001
0.001
0.028
0.016
0.024
0.000
0.003
0.022
0.032
0.020
0.033
0.004
0.020
0.026
0.017
0.055
0.003
0.025
0.004
0.011
0.013
0.021
0.017
0.031
0.035
0.010
0.061
0.015
0.014
0.002
0.021
0.036
0.003
0.036
0.010
0.003
0.043
0.003
0.004
0.013
0.021
0.027
0.053
0.014
0.021
0.052
0.035
0.008
0.012
0.014
0.048
0.052
0.049
0.006
0.015
0.003
0.036
0.014
0.002
0.036
0.030
0.007
0.021
0.002
0.015
0.036
0.022
0.029
0.030
0.006
0.065
0.011
0.038
0.021
0.039
0.007
0.055
0.038
0.001
0.013
0.018
0.010
0.003
0.008
0.019
0.023
0.016
0.036
0.014
0.004
0.092
0.039
0.008
0.052
0.025
0.021
0.020
0.020
0.010
0.004
0.004
0.048
0.022
0.026
0.001
0.065
0.017
0.018
0.046
0.005
0.030
0.021
0.013
0.018
0.006
0.004
0.013
0.009
0.033
0.022
0.028
0.010
0.006
0.005
