0.000
0.019
0.014
0.015
0.004
0.020
0.021
0.021
0.013
0.057
0.017
0.031
0.015
0.036
0.006
0.002
0.010
0.045
0.029
0.013
0.013
0.046
0.002
0.022
0.012
0.009
0.031
0.044
0.003
0.057
0.007
0.009
0.004
0.016
0.008
0.012
0.040
0.012
0.042
0.011
0.007
0.012
0.010
0.006
0.011
0.024
0.014
0.008
0.014
0.007
0.005
0.026
0.023
0.013
0.003
0.004
0.030
0.004
0.038
0.033
0.004
0.037
0.064
0.022
0.003
0.026
0.026
0.006
0.043
0.051
0.054
0.008
0.008
0.077
0.008
0.002
0.024
0.000
0.059
0.024
0.023
0.007
0.038
0.016
0.032
0.002
0.071
0.018
0.020
0.021
0.017
0.012
0.048
0.019
0.021
0.030
0.035
0.018
0.026
0.016
0.011
0.018
0.026
0.007
0.006
0.016
0.014
0.025
0.023
0.018
0.006
0.023
0.010
0.002
0.010
0.004
0.032
0.020
0.028
0.003
0.001
0.020
0.038
0.007
0.028
0.026
0.005
0.018
0.019
0.004
0.036
0.069
0.009
0.006
0.031
0.028
0.022
0.002
0.018
0.044
0.050
0.014
0.052
0.024
0.009
0.008
0.021
0.014
0.018
0.013
0.038
0.005
0.023
0.030
0.017
0.027
0.007
0.000
0.011
0.020
0.015
0.010
0.011
0.018
0.033
0.003
0.010
0.009
0.047
0.017
0.046
0.010
0.035
0.015
0.037
0.003
0.018
0.013
0.024
0.033
0.007
0.009
0.021
0.020
0.025
0.044
0.054
0.020
0.003
0.013
0.018
0.017
0.021
0.026
0.017
0.012
0.013
0.023
0.049
0.042
0.010
0.006
0.038
0.012
0.015
0.010
0.027
0.026
0.016
0.008
0.028
0.018
0.003
0.014
0.033
0.007
0.013
0.038
0.037
0.053
0.023
0.013
0.002
0.016
0.056
0.035
0.013
0.015
0.016
0.020
0.036
0.023
0.057
0.020
0.023
0.050
0.019
0.033
0.005
0.011
0.074
