0.019
0.008
0.015
0.027
0.008
0.016
0.036
0.021
0.005
0.006
0.018
0.034
0.010
0.017
0.007
0.025
0.037
0.003
0.008
0.014
0.023
0.022
0.018
0.025
0.032
0.014
0.007
0.019
0.015
0.022
0.026
0.003
0.008
0.055
0.013
0.020
0.014
0.027
0.047
0.017
0.012
0.025
0.009
0.013
0.018
0.051
0.011
0.004
0.027
0.026
0.004
0.020
0.006
0.013
0.004
0.032
0.008
0.007
0.000
0.014
0.005
0.009
0.004
0.006
0.011
0.005
0.017
0.015
0.020
0.013
0.002
0.051
0.009
0.020
0.024
0.037
0.005
0.012
0.005
0.025
0.034
0.016
0.002
0.000
0.057
0.006
0.024
0.002
0.064
0.008
0.002
0.002
0.012
0.001
0.048
0.019
0.010
0.007
0.001
0.033
0.064
0.010
0.036
0.025
0.007
0.001
0.004
0.041
0.044
0.028
0.001
0.019
0.011
0.028
0.045
0.022
0.010
0.030
0.026
0.016
0.054
0.007
0.021
0.016
0.026
0.003
0.009
0.039
0.001
0.019
0.056
0.024
0.024
0.024
0.006
0.006
0.026
0.025
0.032
0.005
0.004
0.023
0.015
0.028
0.006
0.032
0.008
0.025
0.009
0.013
0.044
0.064
0.003
0.015
0.052
0.041
0.034
0.018
0.023
0.021
0.017
0.004
0.011
0.022
0.023
0.022
0.032
0.000
0.027
0.024
0.005
0.005
0.024
0.007
0.017
0.041
0.012
0.030
0.002
0.006
0.020
0.025
0.012
0.033
0.001
0.019
0.029
0.014
0.067
0.038
0.017
0.030
0.037
0.032
0.015
0.014
0.014
0.003
0.014
0.016
0.015
0.046
0.019
0.021
0.021
0.008
0.025
0.025
0.016
0.019
0.028
0.010
0.001
0.019
0.053
0.001
0.019
0.021
0.003
0.017
0.009
0.020
0.023
0.038
0.011
0.016
0.038
0.036
0.010
0.022
0.050
0.008
0.010
0.028
0.046
0.008
0.006
0.035
0.050
0.021
0.021
0.010
0.019
0.018
0.046
0.010
0.047
0.009
0.027
0.021
0.017
0.003
0.000
