0.018
0.009
0.010
0.010
0.013
0.022
0.001
0.008
0.015
0.020
0.028
0.041
0.025
0.004
0.008
0.046
0.003
0.017
0.012
0.011
0.034
0.039
0.011
0.023
0.004
0.010
0.006
0.017
0.020
0.016
0.027
0.012
0.015
0.036
0.043
0.000
0.032
0.025
0.040
0.006
0.057
0.004
0.000
0.034
0.026
0.029
0.009
0.014
0.018
0.057
0.024
0.014
0.015
0.003
0.017
0.037
0.043
0.009
0.008
0.022
0.012
0.026
0.001
0.010
0.019
0.001
0.000
0.011
0.002
0.008
0.027
0.003
0.028
0.024
0.013
0.038
0.008
0.014
0.020
0.017
0.026
0.006
0.006
0.031
0.021
0.062
0.005
0.010
0.001
0.018
0.050
0.032
0.034
0.019
0.008
0.015
0.026
0.005
0.018
0.013
0.013
0.003
0.036
0.017
0.026
0.073
0.093
0.024
0.001
0.010
0.001
0.011
0.004
0.002
0.008
0.014
0.028
0.009
0.018
0.007
0.004
0.030
0.028
0.031
0.020
0.023
0.005
0.041
0.042
0.009
0.053
0.000
0.001
0.001
0.014
0.035
0.004
0.051
0.022
0.006
0.002
0.022
0.005
0.009
0.009
0.016
0.003
0.036
0.006
0.051
0.033
0.015
0.005
0.040
0.053
0.067
0.001
0.029
0.021
0.017
0.019
0.024
0.035
0.028
0.039
0.025
0.003
0.021
0.001
0.014
0.025
0.037
0.024
0.025
0.014
0.009
0.035
0.022
0.002
0.032
0.024
0.044
0.033
0.028
0.023
0.009
0.025
0.002
0.023
0.008
0.014
0.023
0.002
0.016
0.039
0.023
0.026
0.023
0.069
0.004
0.057
0.006
0.003
0.029
0.034
0.001
0.041
0.000
0.003
0.073
0.047
0.055
0.055
0.036
0.003
0.014
0.046
0.009
0.027
0.021
0.006
0.010
0.002
0.024
0.013
0.014
0.009
0.000
0.033
0.004
0.006
0.009
0.013
0.040
0.020
0.019
0.000
0.025
0.009
0.009
0.011
0.010
0.011
0.040
0.036
0.011
0.004
0.008
0.004
0.005
0.021
0.017
0.006
0.001
0.011
0.066
0.028
0.045
0.031
0.014
0.043
0.005
0.017
0.017
0.011
0.074
0.009
0.007
0.019
0.025
0.038
0.003
0.026
0.007
0.003
0.025
0.006
0.030
0.023
0.003
0.008
0.023
0.018
0.033
0.017
0.009
0.024
0.059
0.013
0.028
0.011
0.030
0.025
0.031
0.025
0.016
0.037
