0.029
0.035
0.022
0.004
0.013
0.007
0.007
0.028
0.004
0.034
0.022
0.035
0.026
0.002
0.015
0.040
0.004
0.006
0.028
0.001
0.018
0.003
0.032
0.027
0.024
0.002
0.008
0.024
0.027
0.028
0.015
0.021
0.003
0.035
0.002
0.013
0.010
0.005
0.002
0.031
0.053
0.055
0.017
0.030
0.028
0.010
0.024
0.018
0.045
0.041
0.006
0.008
0.011
0.018
0.011
0.007
0.001
0.008
0.007
0.003
0.035
0.000
0.044
0.022
0.010
0.009
0.018
0.021
0.027
0.040
0.024
0.021
0.006
0.005
0.007
0.017
0.033
0.043
0.010
0.074
0.019
0.006
0.014
0.015
0.012
0.016
0.019
0.041
0.013
0.018
0.056
0.027
0.026
0.047
0.029
0.010
0.024
0.026
0.002
0.040
0.005
0.047
0.044
0.054
0.033
0.009
0.029
0.010
0.027
0.035
0.004
0.028
0.023
0.019
0.019
0.042
0.001
0.024
0.056
0.008
0.014
0.006
0.021
0.013
0.018
0.011
0.008
0.003
0.014
0.024
0.015
0.024
0.007
0.006
0.002
0.020
0.021
0.036
0.012
0.028
0.009
0.055
0.012
0.001
0.016
0.026
0.016
0.047
0.036
0.006
0.006
0.007
0.011
0.068
0.030
0.039
0.017
0.009
0.027
0.019
0.010
0.018
0.024
0.039
0.053
0.011
0.035
0.021
0.005
0.048
0.036
0.013
0.047
0.012
0.004
0.006
0.019
0.011
0.011
0.019
0.003
0.021
0.026
0.007
0.004
0.016
0.005
0.027
0.014
0.028
0.014
0.007
0.011
0.016
0.068
0.071
0.009
0.025
0.029
0.036
0.075
0.027
0.002
0.031
0.036
0.016
0.011
0.008
0.001
0.027
0.010
0.022
0.016
0.002
0.007
0.015
0.037
0.001
0.017
0.012
0.013
0.030
0.006
0.041
0.014
0.010
0.009
0.042
0.007
0.005
0.005
0.024
0.051
0.002
0.013
0.003
0.025
0.025
0.033
0.002
0.010
0.022
0.002
0.027
0.032
0.016
0.004
0.003
0.007
0.008
0.003
0.006
0.002
0.003
0.006
0.014
0.031
0.021
0.039
0.011
0.015
0.010
0.009
0.026
0.026
0.009
0.021
0.028
0.003
0.038
0.016
0.035
0.006
0.015
0.041
0.024
0.014
0.023
0.018
0.018
0.003
0.036
0.020
0.040
0.009
0.020
0.023
0.046
0.004
