0.001
0.054
0.017
0.045
0.028
0.036
0.001
0.020
0.027
0.068
0.000
0.018
0.005
0.000
0.034
0.021
0.005
0.013
0.004
0.010
0.025
0.027
0.011
0.030
0.030
0.056
0.025
0.037
0.041
0.003
0.033
0.004
0.052
0.018
0.007
0.019
0.033
0.040
0.014
0.018
0.003
0.018
0.006
0.014
0.026
0.043
0.015
0.023
0.023
0.017
0.020
0.024
0.002
0.017
0.002
0.036
0.042
0.089
0.004
0.014
0.030
0.064
0.016
0.002
0.028
0.005
0.026
0.017
0.006
0.026
0.019
0.009
0.021
0.039
0.001
0.067
0.019
0.034
0.003
0.002
0.058
0.016
0.031
0.029
0.005
0.033
0.011
0.012
0.019
0.023
0.054
0.015
0.040
0.003
0.015
0.013
0.010
0.005
0.033
0.029
0.024
0.009
0.057
0.038
0.006
0.052
0.069
0.010
0.018
0.001
0.017
0.013
0.017
0.037
0.009
0.004
0.010
0.020
0.017
0.004
0.027
0.003
0.024
0.006
0.043
0.021
0.019
0.016
0.026
0.004
0.013
0.012
0.012
0.011
0.005
0.008
0.006
0.028
0.004
0.020
0.033
0.007
0.030
0.040
0.028
0.015
0.011
0.009
0.056
0.010
0.038
0.001
0.041
0.007
0.036
0.022
0.014
0.037
0.045
0.009
0.014
0.014
0.012
0.005
0.016
0.021
0.014
0.006
0.030
0.001
0.003
0.020
0.048
0.020
0.017
0.035
0.018
0.002
0.043
0.025
0.038
0.014
0.009
0.030
0.002
0.022
0.042
0.003
0.010
0.010
0.033
0.021
0.039
0.034
0.000
0.012
0.015
0.020
0.010
0.010
0.020
0.005
0.063
0.008
0.001
0.015
0.011
0.007
0.048
0.016
0.010
0.048
0.003
0.014
0.002
0.035
0.051
0.018
0.001
0.015
0.011
0.030
0.001
0.020
0.028
0.029
0.002
0.004
0.006
0.017
0.003
0.037
0.049
0.013
0.028
0.021
0.005
0.053
0.063
0.023
0.086
0.024
0.036
0.001
0.021
0.022
0.057
0.021
0.001
0.012
0.005
0.014
0.015
0.035
0.030
0.031
0.032
0.047
0.009
0.007
0.009
0.006
0.063
0.021
0.026
0.030
0.046
0.027
0.034
0.008
0.005
0.007
0.010
0.016
0.037
0.018
0.023
0.037
0.046
0.028
0.049
0.001
0.014
0.002
0.026
0.009
0.011
0.037
0.028
0.003
0.025
0.011
