0.020
0.037
0.012
0.010
0.011
0.030
0.003
0.050
0.030
0.017
0.029
0.012
0.004
0.017
0.025
0.018
0.005
0.014
0.009
0.004
0.017
0.055
0.009
0.011
0.011
0.011
0.045
0.082
0.027
0.013
0.035
0.005
0.012
0.009
0.013
0.043
0.005
0.020
0.024
0.001
0.007
0.019
0.006
0.026
0.002
0.035
0.041
0.000
0.003
0.036
0.038
0.016
0.037
0.038
0.031
0.046
0.008
0.002
0.042
0.020
0.016
0.047
0.024
0.024
0.059
0.048
0.000
0.047
0.017
0.005
0.057
0.038
0.032
0.005
0.033
0.020
0.018
0.020
0.027
0.011
0.001
0.012
0.013
0.054
0.027
0.043
0.040
0.031
0.022
0.036
0.006
0.035
0.008
0.041
0.064
0.017
0.012
0.005
0.027
0.036
0.019
0.043
0.016
0.016
0.025
0.022
0.014
0.010
0.012
0.048
0.049
0.027
0.015
0.015
0.004
0.012
0.034
0.002
0.048
0.031
0.033
0.010
0.029
0.012
0.003
0.013
0.008
0.034
0.013
0.016
0.041
0.006
0.005
0.012
0.003
0.013
0.020
0.022
0.063
0.005
0.017
0.026
0.020
0.024
0.027
0.027
0.041
0.018
0.019
0.037
0.004
0.036
0.026
0.015
0.032
0.018
0.003
0.019
0.005
0.035
0.016
0.013
0.033
0.009
0.011
0.024
0.016
0.023
0.022
0.017
0.041
0.028
0.003
0.007
0.011
0.000
0.006
0.000
0.024
0.016
0.017
0.006
0.021
0.003
0.029
0.001
0.008
0.008
0.046
0.013
0.010
0.032
0.003
0.009
0.049
0.064
0.008
0.001
0.028
0.007
0.016
0.011
0.011
0.045
0.029
0.043
0.040
0.002
0.046
0.036
0.008
0.015
0.016
0.006
0.018
0.028
0.056
0.003
0.030
0.040
0.006
0.001
0.013
0.033
0.005
0.034
0.006
0.017
0.014
0.007
0.033
0.011
0.042
0.001
0.000
0.008
0.001
0.026
0.038
0.032
0.050
0.017
0.030
0.004
0.041
0.017
0.009
0.002
0.011
