0.029
0.017
0.050
0.044
0.035
0.011
0.028
0.018
0.002
0.032
0.036
0.006
0.003
0.002
0.027
0.028
0.022
0.076
0.044
0.004
0.034
0.014
0.029
0.043
0.042
0.008
0.015
0.002
0.003
0.028
0.031
0.029
0.029
0.048
0.003
0.014
0.012
0.010
0.037
0.007
0.005
0.028
0.024
0.031
0.016
0.041
0.017
0.022
0.013
0.034
0.021
0.046
0.008
0.021
0.001
0.029
0.001
0.011
0.023
0.009
0.020
0.034
0.017
0.010
0.006
0.000
0.038
0.011
0.006
0.032
0.005
0.014
0.021
0.006
0.018
0.021
0.049
0.008
0.015
0.015
0.021
0.063
0.015
0.009
0.050
0.014
0.021
0.038
0.023
0.028
0.033
0.036
0.034
0.004
0.005
0.028
0.031
0.042
0.001
0.017
0.013
0.028
0.015
0.004
0.036
0.017
0.006
0.001
0.003
0.015
0.004
0.010
0.041
0.005
0.032
0.002
0.000
0.018
0.004
0.003
0.020
0.009
0.004
0.011
0.034
0.013
0.030
0.052
0.041
0.014
0.007
0.008
0.002
0.001
0.004
0.033
0.056
0.031
0.004
0.004
0.021
0.017
0.048
0.017
0.005
0.004
0.024
0.003
0.005
0.024
0.026
0.039
0.012
0.015
0.029
0.030
0.012
0.034
0.007
0.061
0.013
0.004
0.022
0.017
0.007
0.018
0.008
0.000
0.021
0.014
0.001
0.009
0.014
0.010
0.003
0.001
0.029
0.003
0.007
0.002
0.070
0.012
0.024
0.011
0.002
0.023
0.003
0.009
0.062
0.009
0.033
0.001
0.034
0.019
0.009
0.014
0.014
0.035
0.001
0.013
0.001
0.012
0.034
0.007
0.002
0.040
0.013
0.009
0.021
0.025
0.001
0.027
0.007
0.031
0.002
0.017
0.030
0.007
0.015
0.042
0.046
0.024
0.030
0.025
0.000
0.047
0.025
0.028
0.009
0.043
0.009
0.007
0.067
0.005
0.035
0.018
0.019
0.006
0.002
0.004
0.010
0.030
0.032
0.013
0.005
0.022
0.009
0.044
0.007
0.022
0.021
