0.004
0.048
0.044
0.021
0.013
0.008
0.004
0.051
0.009
0.021
0.006
0.010
0.078
0.016
0.009
0.047
0.006
0.012
0.013
0.005
0.037
0.018
0.018
0.013
0.041
0.006
0.007
0.006
0.026
0.015
0.045
0.009
0.010
0.008
0.004
0.011
0.004
0.015
0.047
0.027
0.055
0.010
0.022
0.019
0.073
0.020
0.035
0.046
0.000
0.002
0.025
0.033
0.020
0.013
0.002
0.002
0.005
0.033
0.006
0.001
0.001
0.001
0.003
0.014
0.030
0.019
0.009
0.043
0.026
0.020
0.023
0.003
0.048
0.008
0.012
0.040
0.029
0.039
0.004
0.032
0.051
0.005
0.011
0.058
0.025
0.009
0.042
0.015
0.002
0.009
0.029
0.004
0.004
0.003
0.010
0.004
0.048
0.037
0.021
0.007
0.043
0.013
0.013
0.019
0.051
0.004
0.034
0.017
0.029
0.008
0.004
0.012
0.012
0.007
0.031
0.021
0.002
0.023
0.046
0.006
0.017
0.040
0.002
0.009
0.018
0.017
0.009
0.023
0.015
0.005
0.025
0.037
0.045
0.003
0.023
0.007
0.003
0.001
0.001
0.016
0.055
0.009
0.018
0.006
0.022
0.004
0.014
0.033
0.031
0.004
0.034
0.009
0.043
0.005
0.037
0.023
0.014
0.049
0.037
0.024
0.023
0.006
0.011
0.005
0.002
0.031
0.032
0.007
0.007
0.019
0.010
0.023
0.041
0.029
0.015
0.040
0.000
0.028
0.038
0.002
0.023
0.016
0.023
0.066
0.019
0.027
0.041
0.069
0.004
0.017
0.022
0.015
0.048
0.007
0.027
0.013
0.022
0.006
0.012
0.005
0.032
0.020
0.014
0.001
0.000
0.014
0.004
0.039
0.002
0.032
0.057
0.015
0.011
0.015
0.019
0.070
0.001
0.004
0.049
0.010
0.039
0.037
0.069
0.010
0.044
0.017
0.055
0.007
0.002
0.012
0.008
0.018
0.016
0.016
0.020
0.000
0.016
0.036
0.001
0.005
0.003
0.042
0.043
0.020
0.017
0.034
0.020
0.013
0.019
0.015
0.034
