0.032
0.009
0.013
0.015
0.016
0.002
0.032
0.074
0.016
0.066
0.002
0.077
0.046
0.014
0.045
0.029
0.019
0.018
0.029
0.016
0.012
0.023
0.004
0.029
0.014
0.006
0.027
0.001
0.034
0.042
0.050
0.002
0.012
0.008
0.005
0.051
0.031
0.022
0.015
0.008
0.039
0.016
0.040
0.011
0.024
0.036
0.001
0.002
0.061
0.004
0.010
0.006
0.035
0.023
0.014
0.031
0.023
0.009
0.049
0.021
0.004
0.027
0.016
0.024
0.036
0.005
0.018
0.022
0.017
0.013
0.034
0.012
0.018
0.003
0.018
0.044
0.050
0.000
0.041
0.023
0.017
0.005
0.018
0.021
0.058
0.046
0.003
0.012
0.021
0.035
0.016
0.020
0.038
0.002
0.001
0.004
0.046
0.048
0.046
0.022
0.022
0.002
0.019
0.019
0.004
0.045
0.001
0.052
0.011
0.009
0.016
0.018
0.029
0.010
0.033
0.018
0.023
0.011
0.009
0.038
0.003
0.005
0.002
0.012
0.046
0.014
0.019
0.001
0.042
0.035
0.000
0.036
0.022
0.026
0.003
0.025
0.044
0.030
0.022
0.011
0.011
0.011
0.020
0.027
0.007
0.057
0.025
0.017
0.002
0.012
0.033
0.021
0.027
0.048
0.002
0.037
0.054
0.021
0.027
0.014
0.019
0.008
0.033
0.008
0.034
0.002
0.027
0.049
0.023
0.010
0.011
0.019
0.006
0.007
0.036
0.017
0.035
0.035
0.014
0.007
0.002
0.007
0.023
0.039
0.054
0.004
0.027
0.017
0.034
0.037
0.007
0.020
0.033
0.034
0.018
0.017
0.007
0.011
0.062
0.029
0.019
0.014
0.027
0.067
0.045
0.020
0.004
0.042
0.015
0.014
0.016
0.022
0.026
0.012
0.023
0.014
0.044
0.007
0.025
0.015
0.031
0.027
0.040
0.004
0.060
0.024
0.037
0.000
0.019
0.052
0.006
0.017
0.022
0.015
0.024
0.003
0.001
0.034
0.002
0.018
0.021
0.007
0.011
0.016
0.049
0.066
0.018
0.009
0.044
0.040
0.057
0.016
0.040
0.039
0.030
0.017
0.024
0.008
0.021
0.026
0.010
0.003
0.018
0.003
0.036
0.038
0.043
0.016
0.009
0.050
0.047
0.000
0.007
0.040
0.003
0.003
0.038
0.025
0.025
0.037
0.058
0.014
