0.014
0.007
0.034
0.027
0.019
0.031
0.017
0.033
0.005
0.016
0.009
0.044
0.024
0.028
0.014
0.006
0.018
0.029
0.049
0.037
0.046
0.031
0.056
0.020
0.016
0.034
0.002
0.005
0.046
0.040
0.036
0.033
0.019
0.015
0.011
0.003
0.019
0.024
0.017
0.019
0.001
0.005
0.014
0.026
0.013
0.007
0.004
0.017
0.002
0.014
0.024
0.021
0.036
0.017
0.016
0.023
0.018
0.041
0.001
0.003
0.028
0.025
0.023
0.007
0.037
0.048
0.030
0.011
0.063
0.018
0.017
0.000
0.001
0.012
0.003
0.018
0.004
0.032
0.020
0.046
0.000
0.009
0.012
0.038
0.040
0.048
0.007
0.077
0.012
0.023
0.004
0.036
0.003
0.018
0.035
0.016
0.045
0.019
0.004
0.047
0.036
0.001
0.038
0.010
0.001
0.039
0.002
0.045
0.000
0.011
0.051
0.017
0.018
0.003
0.042
0.011
0.019
0.018
0.005
0.022
0.043
0.012
0.008
0.002
0.045
0.005
0.062
0.050
0.006
0.002
0.007
0.017
0.025
0.017
0.023
0.002
0.020
0.028
0.043
0.021
0.028
0.012
0.034
0.013
0.029
0.020
0.045
0.020
0.034
0.002
0.040
0.002
0.016
0.009
0.011
0.038
0.051
0.011
0.027
0.001
0.023
0.035
0.037
0.035
0.019
0.010
0.009
0.019
0.034
0.008
0.048
0.022
0.003
0.027
0.026
0.033
0.025
0.027
0.008
0.013
0.050
0.016
0.027
0.058
0.013
0.011
0.073
0.009
0.002
0.021
0.020
0.006
0.009
0.017
0.025
0.003
0.016
0.013
0.033
0.004
0.006
0.009
0.021
0.058
0.016
0.054
0.030
0.012
0.026
0.011
0.003
0.051
0.049
0.023
0.047
0.002
0.004
0.008
0.015
0.011
0.003
0.006
0.036
0.024
0.002
0.013
0.009
0.025
0.019
0.005
0.024
0.014
0.001
0.017
0.011
0.010
0.061
0.005
0.008
0.012
0.029
0.023
0.028
0.022
0.041
0.017
0.023
0.012
0.041
0.004
0.013
0.012
0.027
0.017
0.038
0.023
0.009
0.009
0.020
0.041
0.042
0.017
0.004
0.005
0.021
0.064
0.031
0.016
0.020
0.017
0.010
0.037
0.020
0.007
0.004
0.028
0.003
0.005
0.002
0.006
0.021
0.028
0.046
0.025
0.002
0.041
0.032
0.017
0.034
0.024
0.033
0.010
0.029
0.012
0.018
0.027
