0.027
0.027
0.017
0.008
0.014
0.012
0.001
0.042
0.053
0.007
0.010
0.017
0.041
0.033
0.007
0.012
0.002
0.034
0.019
0.014
0.009
0.002
0.023
0.014
0.024
0.003
0.025
0.003
0.019
0.017
0.006
0.021
0.021
0.022
0.039
0.002
0.007
0.006
0.037
0.005
0.002
0.031
0.047
0.020
0.027
0.008
0.022
0.062
0.038
0.000
0.011
0.011
0.004
0.023
0.023
0.008
0.005
0.005
0.019
0.041
0.052
0.034
0.004
0.016
0.027
0.013
0.016
0.021
0.025
0.013
0.046
0.002
0.028
0.001
0.011
0.031
0.012
0.003
0.011
0.031
0.042
0.018
0.004
0.032
0.022
0.016
0.056
0.013
0.002
0.033
0.032
0.042
0.018
0.021
0.026
0.040
0.002
0.061
0.008
0.025
0.021
0.034
0.040
0.071
0.028
0.007
0.016
0.002
0.016
0.046
0.019
0.019
0.018
0.019
0.001
0.031
0.041
0.028
0.036
0.057
0.008
0.059
0.040
0.025
0.016
0.015
0.036
0.004
0.032
0.024
0.000
0.008
0.015
0.011
0.037
0.013
0.030
0.002
0.022
0.007
0.022
0.002
0.031
0.010
0.037
0.013
0.008
0.044
0.014
0.008
0.016
0.045
0.003
0.007
0.022
0.026
0.015
0.002
0.012
0.032
0.029
0.062
0.039
0.026
0.007
0.009
0.016
0.006
0.012
0.012
0.001
0.019
0.021
0.007
0.008
0.013
0.018
0.008
0.011
0.013
0.004
0.024
0.023
0.033
0.009
0.049
0.013
0.025
0.010
0.004
0.012
0.012
0.013
0.017
0.050
0.024
0.001
0.001
0.021
0.059
0.029
0.015
0.007
0.021
0.000
0.007
0.011
0.061
0.019
0.057
0.036
0.003
0.006
0.012
0.068
0.014
0.054
0.005
0.057
0.014
0.054
0.006
0.027
0.002
0.023
0.025
0.055
0.001
0.006
0.035
