0.003
0.021
0.029
0.012
0.031
0.055
0.008
0.011
0.040
0.009
0.003
0.006
0.023
0.019
0.019
0.011
0.030
0.014
0.005
0.023
0.030
0.070
0.005
0.039
0.022
0.005
0.005
0.003
0.028
0.013
0.009
0.036
0.005
0.018
0.040
0.028
0.036
0.017
0.043
0.027
0.025
0.026
0.024
0.001
0.043
0.052
0.004
0.014
0.008
0.018
0.035
0.011
0.029
0.018
0.010
0.030
0.004
0.018
0.057
0.002
0.004
0.019
0.014
0.017
0.031
0.023
0.053
0.056
0.021
0.022
0.014
0.031
0.025
0.004
0.015
0.033
0.026
0.045
0.031
0.036
0.021
0.000
0.010
0.008
0.007
0.013
0.047
0.034
0.017
0.016
0.075
0.054
0.022
0.038
0.007
0.001
0.042
0.008
0.045
0.030
0.027
0.007
0.083
0.006
0.017
0.058
0.055
0.010
0.025
0.017
0.005
0.006
0.054
0.040
0.003
0.001
0.019
0.008
0.011
0.024
0.026
0.031
0.021
0.035
0.044
0.003
0.019
0.040
0.017
0.008
0.029
0.017
0.015
0.020
0.029
0.008
0.004
0.025
0.036
0.031
0.027
0.004
0.005
0.009
0.003
0.030
0.029
0.045
0.007
0.009
0.034
0.014
0.003
0.002
0.013
0.009
0.050
0.010
0.003
0.023
0.013
0.021
0.022
0.027
0.024
0.002
0.013
0.041
0.032
0.024
0.004
0.064
0.034
0.029
0.032
0.007
0.031
0.007
0.040
0.019
0.023
0.024
0.013
0.036
0.007
0.016
0.062
0.012
0.018
0.037
0.023
0.012
0.024
0.025
0.045
0.030
0.021
0.032
0.003
0.029
0.005
0.011
0.036
0.004
0.010
0.007
0.010
0.007
0.006
0.020
0.050
0.013
0.045
0.027
0.028
0.028
0.009
0.008
0.025
0.022
0.005
0.005
0.026
0.030
0.025
0.012
0.010
0.014
0.023
0.008
0.008
0.042
0.062
0.000
0.003
0.035
0.027
0.041
0.000
0.019
0.012
0.012
0.024
0.030
0.013
0.009
