0.024
0.025
0.005
0.022
0.027
0.001
0.005
0.038
0.018
0.056
0.003
0.014
0.038
0.001
0.025
0.004
0.034
0.001
0.038
0.026
0.009
0.051
0.009
0.031
0.008
0.021
0.017
0.024
0.012
0.045
0.043
0.009
0.016
0.058
0.003
0.022
0.019
0.009
0.028
0.057
0.019
0.018
0.001
0.003
0.009
0.011
0.034
0.014
0.045
0.040
0.048
0.035
0.019
0.033
0.048
0.017
0.058
0.007
0.003
0.009
0.005
0.048
0.023
0.052
0.019
0.024
0.000
0.016
0.006
0.025
0.033
0.000
0.030
0.002
0.005
0.059
0.021
0.018
0.016
0.020
0.011
0.020
0.023
0.045
0.005
0.043
0.018
0.060
0.017
0.007
0.012
0.031
0.024
0.007
0.003
0.010
0.020
0.019
0.037
0.027
0.034
0.027
0.004
0.009
0.018
0.000
0.015
0.002
0.010
0.046
0.024
0.012
0.006
0.011
0.069
0.013
0.048
0.039
0.035
0.007
0.000
0.025
0.010
0.025
0.036
0.010
0.031
0.003
0.052
0.000
0.003
0.059
0.001
0.007
0.050
0.017
0.000
0.020
0.025
0.019
0.004
0.018
0.011
0.022
0.007
0.007
0.022
0.025
0.003
0.024
0.017
0.014
0.040
0.010
0.066
0.019
0.040
0.003
0.032
0.029
0.008
0.001
0.018
0.014
0.048
0.017
0.018
0.020
0.002
0.006
0.008
0.002
0.006
0.012
0.016
0.003
0.014
0.013
0.036
0.019
0.001
0.032
0.037
0.025
0.053
0.007
0.002
0.028
0.008
0.007
0.022
0.028
0.018
0.031
0.016
0.024
0.010
0.003
0.016
0.004
0.003
0.018
0.058
0.009
0.016
0.034
0.039
0.001
0.039
0.029
0.017
0.004
0.031
0.058
0.041
0.068
0.019
0.014
0.010
0.013
0.014
0.013
0.027
0.018
0.003
0.055
0.041
0.018
0.001
0.031
0.005
0.021
0.017
0.025
0.023
0.024
0.007
0.010
0.044
0.080
0.002
0.014
0.003
0.033
0.025
