0.003
0.021
0.021
0.020
0.035
0.023
0.014
0.005
0.037
0.038
0.005
0.002
0.027
0.013
0.003
0.053
0.063
0.055
0.047
0.019
0.007
0.034
0.008
0.005
0.021
0.003
0.038
0.011
0.028
0.036
0.017
0.006
0.051
0.030
0.019
0.015
0.015
0.025
0.002
0.001
0.002
0.038
0.011
0.005
0.011
0.061
0.010
0.000
0.040
0.006
0.019
0.032
0.016
0.007
0.041
0.019
0.023
0.008
0.017
0.014
0.043
0.000
0.004
0.049
0.054
0.003
0.018
0.085
0.059
0.000
0.054
0.028
0.046
0.067
0.015
0.047
0.019
0.015
0.009
0.030
0.044
0.004
0.015
0.056
0.045
0.036
0.008
0.029
0.005
0.030
0.018
0.001
0.014
0.011
0.010
0.006
0.032
0.038
0.019
0.010
0.018
0.025
0.021
0.010
0.007
0.006
0.060
0.045
0.043
0.062
0.004
0.013
0.013
0.015
0.015
0.026
0.052
0.019
0.016
0.012
0.018
0.048
0.003
0.033
0.024
0.017
0.006
0.034
0.015
0.048
0.057
0.014
0.011
0.014
0.042
0.031
0.011
0.008
0.050
0.002
0.018
0.029
0.041
0.024
0.026
0.044
0.005
0.026
0.012
0.002
0.037
0.015
0.034
0.019
0.049
0.062
0.012
0.032
0.037
0.013
0.026
0.012
0.039
0.075
0.002
0.037
0.049
0.061
0.004
0.014
0.015
0.049
0.017
0.042
0.035
0.003
0.035
0.040
0.041
0.014
0.030
0.002
0.000
0.004
0.002
0.013
0.007
0.033
0.020
0.002
0.011
0.029
0.011
0.013
0.036
0.005
0.033
0.016
0.020
0.001
0.027
0.054
0.008
0.013
0.044
0.007
0.008
0.028
0.030
0.027
0.022
0.019
0.021
0.007
0.030
0.006
0.001
0.015
0.010
0.040
0.006
0.009
0.001
0.002
0.011
