0.021
0.049
0.051
0.013
0.001
0.026
0.031
0.030
0.006
0.023
0.013
0.028
0.006
0.031
0.009
0.030
0.022
0.036
0.058
0.005
0.028
0.000
0.014
0.040
0.022
0.023
0.027
0.004
0.010
0.007
0.039
0.006
0.034
0.005
0.001
0.046
0.008
0.010
0.006
0.022
0.003
0.035
0.000
0.004
0.013
0.017
0.004
0.007
0.029
0.028
0.036
0.012
0.021
0.005
0.020
0.013
0.016
0.006
0.025
0.007
0.012
0.025
0.038
0.013
0.021
0.028
0.008
0.005
0.027
0.011
0.017
0.002
0.040
0.014
0.001
0.026
0.023
0.026
0.030
0.019
0.026
0.013
0.004
0.038
0.008
0.014
0.006
0.019
0.015
0.008
0.007
0.010
0.035
0.038
0.013
0.003
0.017
0.018
0.045
0.038
0.015
0.011
0.013
0.014
0.023
0.066
0.028
0.043
0.040
0.027
0.012
0.011
0.002
0.007
0.004
0.036
0.043
0.025
0.016
0.004
0.007
0.029
0.031
0.003
0.030
0.005
0.013
0.027
0.047
0.004
0.021
0.015
0.029
0.008
0.031
0.010
0.016
0.031
0.018
0.027
0.027
0.005
0.003
0.005
0.054
0.029
0.023
0.013
0.000
0.012
0.003
0.011
0.016
0.048
0.000
0.017
0.007
0.006
0.046
0.015
0.003
0.021
0.015
0.028
0.006
0.010
0.005
0.024
0.013
0.003
0.023
0.034
0.002
0.037
0.013
0.007
0.028
0.014
0.006
0.008
0.021
0.012
0.032
0.030
0.067
0.022
0.029
0.012
0.004
0.013
0.002
0.015
0.001
0.022
0.022
0.032
0.029
0.011
0.043
0.015
0.026
0.029
0.011
0.017
0.014
0.019
0.012
0.004
0.001
0.013
0.032
0.023
0.005
0.012
0.041
0.003
0.007
0.030
0.015
0.016
0.023
0.012
0.003
0.015
0.005
0.026
0.003
0.026
0.023
0.027
0.033
0.004
0.007
0.027
0.028
0.041
