0.037
0.011
0.022
0.009
0.010
0.026
0.000
0.004
0.019
0.009
0.011
0.019
0.001
0.025
0.024
0.017
0.039
0.040
0.039
0.023
0.023
0.032
0.023
0.037
0.027
0.016
0.008
0.006
0.009
0.004
0.020
0.029
0.003
0.042
0.026
0.012
0.035
0.027
0.031
0.027
0.013
0.046
0.027
0.007
0.001
0.019
0.029
0.010
0.030
0.021
0.007
0.010
0.014
0.053
0.054
0.000
0.027
0.000
0.059
0.002
0.002
0.040
0.012
0.030
0.015
0.017
0.006
0.034
0.034
0.024
0.010
0.006
0.014
0.035
0.007
0.019
0.044
0.000
0.031
0.014
0.023
0.030
0.006
0.005
0.006
0.014
0.009
0.040
0.024
0.003
0.035
0.027
0.017
0.020
0.024
0.003
0.015
0.009
0.046
0.005
0.023
0.016
0.019
0.002
0.005
0.055
0.021
0.016
0.003
0.024
0.016
0.025
0.019
0.060
0.021
0.037
0.000
0.016
0.010
0.050
0.018
0.029
0.021
0.011
0.006
0.032
0.030
0.018
0.049
0.031
0.007
0.045
0.011
0.037
0.035
0.029
0.010
0.008
0.037
0.005
0.021
0.022
0.038
0.035
0.037
0.013
0.032
0.038
0.002
0.039
0.028
0.046
0.014
0.007
0.055
0.002
0.001
0.017
0.033
0.025
0.010
0.024
0.004
0.014
0.023
0.014
0.004
0.077
0.028
0.009
0.052
0.008
0.023
0.044
0.000
0.015
0.013
0.028
0.028
0.003
0.030
0.027
0.005
0.009
0.007
0.022
0.024
0.008
0.006
0.010
0.045
0.003
0.049
0.004
0.022
0.007
0.073
0.027
0.011
0.002
0.009
0.000
0.010
0.032
0.008
0.027
0.012
0.002
0.023
0.051
0.041
0.045
0.005
0.008
0.032
0.021
0.040
0.029
0.021
0.025
0.014
0.045
0.028
0.042
0.014
0.025
0.040
0.019
0.026
0.026
0.005
0.029
0.002
0.017
0.036
0.001
0.034
0.042
0.004
0.004
0.028
0.009
0.015
0.020
0.000
0.016
0.034
0.045
0.020
0.040
0.019
0.006
0.001
0.039
0.038
0.017
0.012
0.019
0.021
0.010
0.027
0.046
0.045
0.007
0.015
0.040
0.001
0.005
0.013
0.002
0.035
0.017
0.012
0.036
0.071
0.013
0.031
0.023
0.036
0.027
0.005
0.028
0.008
0.022
0.032
0.002
0.009
0.018
0.002
0.026
0.010
0.016
0.050
0.054
0.071
0.016
0.033
0.020
0.017
0.030
