0.014
0.019
0.040
0.028
0.026
0.015
0.043
0.031
0.046
0.014
0.014
0.032
0.016
0.037
0.009
0.049
0.018
0.060
0.035
0.053
0.033
0.046
0.019
0.032
0.040
0.044
0.023
0.046
0.032
0.016
0.011
0.033
0.001
0.007
0.005
0.033
0.007
0.030
0.042
0.008
0.001
0.052
0.011
0.014
0.012
0.028
0.001
0.006
0.044
0.035
0.031
0.014
0.005
0.007
0.014
0.037
0.034
0.008
0.080
0.004
0.022
0.019
0.018
0.007
0.034
0.024
0.035
0.011
0.031
0.000
0.017
0.012
0.028
0.034
0.009
0.007
0.016
0.053
0.007
0.009
0.031
0.013
0.049
0.016
0.028
0.012
0.027
0.005
0.001
0.000
0.037
0.037
0.030
0.009
0.004
0.040
0.032
0.009
0.022
0.036
0.000
0.013
0.029
0.049
0.015
0.051
0.011
0.010
0.017
0.030
0.039
0.028
0.005
0.048
0.041
0.026
0.047
0.012
0.039
0.009
0.021
0.030
0.011
0.012
0.019
0.003
0.006
0.016
0.002
0.011
0.005
0.005
0.004
0.016
0.031
0.006
0.024
0.004
0.000
0.028
0.038
0.019
0.019
0.004
0.027
0.019
0.026
0.038
0.015
0.022
0.002
0.007
0.026
0.005
0.022
0.002
0.012
0.011
0.024
0.025
0.043
0.006
0.023
0.017
0.042
0.009
0.025
0.013
0.010
0.026
0.009
0.006
0.041
0.018
0.012
0.037
0.009
0.039
0.005
0.001
0.035
0.006
0.027
0.028
0.031
0.010
0.017
0.031
0.024
0.025
0.004
0.008
0.008
0.000
0.003
0.016
0.013
0.007
0.023
0.022
0.023
0.030
0.042
0.044
0.008
0.014
0.007
0.025
0.025
0.024
0.056
0.020
0.027
0.051
0.064
0.041
0.013
0.028
0.003
0.023
0.005
0.003
0.042
0.050
0.014
0.054
0.055
0.035
0.008
0.010
0.012
0.007
0.008
0.027
0.031
0.017
0.018
0.025
