0.007
0.032
0.002
0.005
0.017
0.025
0.029
0.043
0.040
0.007
0.001
0.017
0.001
0.012
0.032
0.020
0.009
0.045
0.007
0.003
0.034
0.027
0.054
0.029
0.047
0.021
0.022
0.046
0.015
0.022
0.032
0.049
0.027
0.039
0.019
0.032
0.084
0.011
0.012
0.027
0.028
0.005
0.001
0.004
0.002
0.035
0.037
0.052
0.045
0.014
0.003
0.005
0.015
0.009
0.007
0.011
0.025
0.023
0.020
0.016
0.009
0.020
0.009
0.019
0.009
0.027
0.009
0.036
0.006
0.001
0.009
0.010
0.044
0.010
0.004
0.022
0.023
0.023
0.017
0.019
0.007
0.030
0.001
0.033
0.046
0.023
0.022
0.041
0.002
0.042
0.058
0.031
0.038
0.014
0.013
0.016
0.012
0.013
0.018
0.039
0.009
0.033
0.044
0.016
0.020
0.023
0.023
0.049
0.004
0.020
0.003
0.006
0.005
0.003
0.026
0.006
0.004
0.062
0.032
0.010
0.032
0.003
0.041
0.030
0.046
0.037
0.027
0.070
0.002
0.033
0.006
0.018
0.003
0.031
0.032
0.012
0.000
0.033
0.017
0.062
0.004
0.005
0.001
0.009
0.004
0.019
0.022
0.047
0.021
0.015
0.062
0.021
0.025
0.023
0.010
0.042
0.009
0.011
0.000
0.062
0.038
0.004
0.038
0.007
0.014
0.005
0.048
0.002
0.022
0.001
0.013
0.004
0.024
0.022
0.012
0.018
0.004
0.014
0.004
0.010
0.016
0.022
0.037
0.044
0.015
0.003
0.014
0.030
0.026
0.017
0.011
0.038
0.026
0.030
0.017
0.057
0.064
0.023
0.004
0.019
0.011
0.001
0.038
0.039
0.013
0.035
0.021
0.017
0.020
0.035
0.037
0.012
0.023
0.004
0.025
0.020
0.016
0.023
0.011
0.008
0.010
0.042
0.003
0.042
0.006
0.010
0.037
0.023
0.002
0.031
0.002
0.035
0.043
0.026
0.006
0.013
0.010
0.004
0.007
0.027
0.008
0.016
0.042
0.045
0.012
0.017
0.020
0.034
0.021
