0.013
0.013
0.015
0.012
0.004
0.029
0.033
0.017
0.042
0.019
0.007
0.034
0.027
0.001
0.015
0.020
0.000
0.036
0.021
0.012
0.007
0.042
0.012
0.012
0.009
0.016
0.006
0.010
0.056
0.023
0.023
0.016
0.007
0.020
0.021
0.019
0.029
0.028
0.023
0.039
0.013
0.031
0.031
0.004
0.006
0.001
0.036
0.017
0.008
0.044
0.009
0.019
0.030
0.007
0.017
0.058
0.016
0.054
0.028
0.023
0.017
0.030
0.019
0.011
0.075
0.031
0.011
0.028
0.007
0.022
0.025
0.028
0.073
0.014
0.010
0.032
0.002
0.024
0.020
0.046
0.007
0.004
0.057
0.004
0.058
0.021
0.001
0.030
0.041
0.032
0.014
0.002
0.025
0.021
0.008
0.028
0.035
0.015
0.031
0.053
0.015
0.033
0.002
0.002
0.017
0.018
0.033
0.028
0.013
0.016
0.008
0.002
0.027
0.016
0.008
0.037
0.026
0.023
0.002
0.003
0.038
0.019
0.018
0.009
0.005
0.011
0.011
0.015
0.017
0.009
0.033
0.021
0.015
0.059
0.016
0.024
0.020
0.018
0.018
0.005
0.008
0.027
0.032
0.032
0.023
0.023
0.042
0.033
0.005
0.024
0.042
0.005
0.033
0.018
0.046
0.014
0.010
0.005
0.027
0.002
0.033
0.007
0.035
0.037
0.015
0.014
0.022
0.006
0.000
0.023
0.038
0.010
0.007
0.019
0.062
0.004
0.023
0.061
0.038
0.005
0.046
0.016
0.005
0.023
0.042
0.001
0.019
0.030
0.006
0.032
0.005
0.046
0.012
0.055
0.012
0.018
0.029
0.005
0.026
0.003
0.021
0.003
0.015
0.013
0.014
0.025
0.018
0.000
0.026
0.028
0.004
0.059
0.023
0.026
0.002
0.010
0.044
0.022
0.020
0.001
0.025
0.015
0.005
0.007
0.012
0.018
0.056
0.007
0.005
0.030
0.006
0.048
0.020
0.012
0.009
0.004
0.031
0.056
0.001
0.016
0.023
0.005
0.033
0.006
0.026
0.040
0.004
