0.028
0.040
0.016
0.021
0.044
0.003
0.030
0.046
0.050
0.051
0.038
0.009
0.019
0.009
0.025
0.001
0.004
0.006
0.036
0.026
0.027
0.019
0.011
0.013
0.010
0.014
0.039
0.018
0.008
0.037
0.007
0.007
0.043
0.001
0.007
0.022
0.014
0.002
0.008
0.016
0.013
0.008
0.029
0.009
0.005
0.044
0.006
0.013
0.009
0.009
0.015
0.008
0.024
0.039
0.034
0.002
0.013
0.012
0.016
0.029
0.012
0.015
0.020
0.021
0.029
0.005
0.021
0.005
0.023
0.026
0.004
0.001
0.016
0.021
0.026
0.017
0.006
0.006
0.037
0.040
0.014
0.004
0.001
0.026
0.019
0.101
0.010
0.003
0.041
0.045
0.012
0.021
0.031
0.052
0.006
0.003
0.005
0.012
0.051
0.023
0.028
0.038
0.006
0.001
0.034
0.054
0.003
0.019
0.024
0.000
0.052
0.024
0.022
0.006
0.005
0.003
0.030
0.010
0.040
0.005
0.020
0.026
0.002
0.024
0.016
0.031
0.014
0.030
0.017
0.006
0.003
0.005
0.001
0.025
0.014
0.020
0.021
0.016
0.008
0.043
0.035
0.045
0.030
0.011
0.008
0.016
0.037
0.009
0.024
0.021
0.006
0.058
0.009
0.024
0.010
0.010
0.007
0.001
0.009
0.055
0.018
0.005
0.031
0.000
0.026
0.006
0.031
0.021
0.037
0.015
0.008
0.010
0.041
0.013
0.033
0.008
0.027
0.008
0.023
0.014
0.027
0.001
0.005
0.035
0.017
0.010
0.033
0.002
0.041
0.006
0.001
0.060
0.038
0.020
0.044
0.004
0.018
0.006
0.009
0.018
0.017
0.015
0.040
0.015
0.028
0.023
0.013
0.014
0.012
0.018
0.008
0.035
0.006
0.007
0.003
0.034
0.037
0.044
0.030
0.044
0.011
0.017
0.026
0.030
0.000
0.009
0.012
0.007
0.007
0.014
0.034
0.004
0.009
0.020
0.005
0.020
0.062
0.009
0.040
0.008
0.047
0.006
0.015
0.000
0.060
0.040
0.042
0.031
0.025
0.056
0.023
0.025
0.016
0.009
0.031
0.007
0.015
0.009
0.002
0.014
0.013
0.027
0.010
0.006
0.025
0.070
0.041
0.014
0.009
0.029
0.007
0.005
0.015
0.009
0.035
0.000
0.033
0.013
0.039
0.019
0.015
0.031
0.025
0.007
0.000
0.022
0.044
0.017
0.016
0.006
0.013
0.018
0.011
0.015
