0.012
0.032
0.027
0.042
0.002
0.003
0.021
0.005
0.021
0.010
0.019
0.034
0.038
0.003
0.016
0.013
0.018
0.023
0.022
0.009
0.019
0.003
0.049
0.017
0.002
0.008
0.028
0.021
0.049
0.008
0.001
0.032
0.001
0.027
0.004
0.006
0.012
0.037
0.007
0.009
0.027
0.050
0.041
0.007
0.044
0.040
0.031
0.024
0.032
0.012
0.037
0.012
0.009
0.007
0.036
0.026
0.010
0.002
0.003
0.011
0.032
0.059
0.031
0.026
0.006
0.010
0.013
0.026
0.002
0.038
0.020
0.020
0.021
0.055
0.021
0.027
0.030
0.011
0.010
0.022
0.024
0.032
0.046
0.010
0.010
0.031
0.001
0.001
0.014
0.082
0.021
0.022
0.034
0.042
0.041
0.003
0.019
0.031
0.003
0.029
0.002
0.007
0.011
0.060
0.011
0.027
0.042
0.007
0.024
0.054
0.028
0.016
0.027
0.028
0.009
0.009
0.029
0.019
0.024
0.033
0.002
0.038
0.010
0.040
0.028
0.004
0.006
0.038
0.021
0.013
0.050
0.003
0.016
0.017
0.003
0.032
0.000
0.038
0.034
0.029
0.009
0.013
0.025
0.020
0.032
0.013
0.001
0.031
0.036
0.005
0.025
0.028
0.016
0.019
0.012
0.006
0.042
0.004
0.007
0.035
0.030
0.042
0.037
0.011
0.033
0.016
0.055
0.013
0.050
0.056
0.030
0.045
0.031
0.042
0.003
0.014
0.022
0.000
0.021
0.035
0.036
0.003
0.013
0.010
0.020
0.011
0.039
0.035
0.042
0.003
0.029
0.017
0.067
0.026
0.046
0.070
0.028
0.034
0.023
0.039
0.009
0.010
0.014
0.026
0.016
0.021
0.000
0.036
0.007
0.024
0.015
0.022
0.006
0.037
0.019
0.022
0.000
0.042
0.018
0.033
0.037
0.019
0.033
0.030
0.013
0.022
0.024
0.004
0.022
0.006
