0.002
0.032
0.047
0.010
0.015
0.016
0.040
0.028
0.020
0.015
0.000
0.002
0.043
0.018
0.008
0.002
0.019
0.005
0.043
0.022
0.009
0.008
0.017
0.025
0.026
0.002
0.005
0.053
0.004
0.001
0.020
0.027
0.044
0.021
0.020
0.002
0.024
0.041
0.045
0.046
0.007
0.002
0.045
0.054
0.006
0.039
0.004
0.003
0.030
0.006
0.006
0.019
0.011
0.024
0.001
0.039
0.058
0.043
0.009
0.003
0.000
0.005
0.009
0.007
0.018
0.021
0.025
0.008
0.018
0.035
0.015
0.004
0.040
0.022
0.022
0.006
0.061
0.032
0.030
0.025
0.025
0.015
0.040
0.009
0.015
0.030
0.002
0.005
0.004
0.010
0.013
0.010
0.046
0.000
0.007
0.053
0.004
0.025
0.059
0.027
0.004
0.016
0.024
0.029
0.025
0.006
0.030
0.051
0.034
0.026
0.009
0.010
0.019
0.015
0.025
0.029
0.038
0.024
0.014
0.035
0.016
0.013
0.028
0.003
0.003
0.007
0.065
0.011
0.004
0.056
0.023
0.016
0.019
0.022
0.004
0.003
0.000
0.042
0.023
0.024
0.072
0.035
0.003
0.017
0.003
0.036
0.019
0.007
0.019
0.032
0.026
0.014
0.042
0.025
0.012
0.044
0.047
0.015
0.017
0.058
0.071
0.026
0.006
0.031
0.020
0.035
0.010
0.010
0.004
0.006
0.004
0.021
0.003
0.037
0.012
0.083
0.046
0.018
0.000
0.001
0.052
0.012
0.032
0.025
0.006
0.000
0.024
0.012
0.016
0.007
0.003
0.005
0.004
0.050
0.041
0.038
0.004
0.006
0.026
0.015
0.036
0.016
0.020
0.002
0.034
0.030
0.020
0.004
0.006
0.010
0.004
0.005
0.026
0.005
0.044
0.011
0.004
0.002
0.025
0.027
0.030
0.027
0.007
0.004
0.041
0.026
0.016
0.029
0.008
0.017
0.013
0.018
0.020
0.001
0.012
0.033
0.024
0.023
0.032
0.011
0.028
0.031
0.020
0.019
0.031
0.037
