0.014
0.050
0.022
0.020
0.008
0.058
0.029
0.011
0.058
0.003
0.039
0.018
0.032
0.014
0.009
0.003
0.040
0.027
0.018
0.001
0.027
0.006
0.007
0.036
0.019
0.055
0.031
0.002
0.007
0.062
0.021
0.018
0.000
0.002
0.024
0.019
0.008
0.048
0.006
0.022
0.013
0.041
0.034
0.020
0.038
0.042
0.003
0.033
0.017
0.015
0.013
0.041
0.016
0.002
0.032
0.028
0.020
0.036
0.025
0.020
0.031
0.007
0.007
0.003
0.010
0.018
0.033
0.034
0.028
0.010
0.023
0.024
0.026
0.029
0.029
0.047
0.003
0.035
0.013
0.034
0.005
0.035
0.046
0.005
0.042
0.014
0.009
0.004
0.016
0.014
0.006
0.033
0.033
0.029
0.052
0.007
0.021
0.002
0.011
0.012
0.004
0.038
0.041
0.024
0.020
0.026
0.004
0.032
0.026
0.003
0.026
0.025
0.019
0.013
0.014
0.026
0.014
0.015
0.050
0.004
0.011
0.017
0.001
0.043
0.014
0.026
0.003
0.023
0.064
0.010
0.013
0.049
0.025
0.004
0.006
0.037
0.008
0.017
0.007
0.027
0.017
0.035
0.042
0.006
0.015
0.020
0.014
0.010
0.002
0.011
0.016
0.010
0.058
0.028
0.022
0.022
0.026
0.045
0.008
0.032
0.018
0.036
0.004
0.007
0.010
0.012
0.014
0.060
0.000
0.005
0.008
0.003
0.020
0.033
0.017
0.013
0.042
0.002
0.004
0.033
0.016
0.051
0.050
0.032
0.011
0.027
0.041
0.005
0.009
0.007
0.020
0.022
0.009
0.004
0.052
0.007
0.020
0.028
0.029
0.013
0.008
0.015
0.029
0.000
0.019
0.042
0.010
0.060
0.004
0.063
0.011
0.044
0.021
0.012
0.052
0.011
0.035
0.009
0.011
0.000
0.001
0.016
0.026
0.027
0.035
0.033
0.054
0.031
0.006
0.018
0.004
0.040
0.012
0.013
0.024
0.004
0.033
0.018
0.018
0.008
0.004
0.007
0.047
0.004
0.053
0.000
0.008
0.004
0.029
0.002
0.005
0.035
0.022
0.007
0.041
0.025
0.027
0.001
0.017
0.032
0.027
0.010
0.023
0.045
0.000
0.006
0.032
0.014
0.020
0.027
0.029
0.043
0.004
0.002
0.036
0.014
0.022
0.051
0.018
0.022
0.007
0.015
0.012
0.004
0.016
0.026
0.042
0.019
0.009
0.021
0.012
0.009
0.043
0.007
0.036
0.072
