0.006
0.025
0.035
0.056
0.022
0.022
0.004
0.016
0.005
0.049
0.056
0.027
0.027
0.025
0.047
0.015
0.002
0.044
0.033
0.022
0.002
0.006
0.031
0.000
0.045
0.042
0.038
0.005
0.006
0.053
0.062
0.054
0.008
0.003
0.002
0.063
0.002
0.005
0.018
0.001
0.063
0.000
0.012
0.030
0.016
0.028
0.008
0.017
0.027
0.018
0.002
0.006
0.000
0.004
0.029
0.031
0.005
0.026
0.021
0.025
0.012
0.016
0.017
0.014
0.025
0.043
0.008
0.023
0.029
0.012
0.000
0.038
0.032
0.032
0.002
0.006
0.018
0.029
0.009
0.005
0.009
0.001
0.019
0.030
0.019
0.009
0.017
0.007
0.006
0.016
0.000
0.005
0.011
0.003
0.034
0.013
0.038
0.013
0.025
0.016
0.007
0.012
0.015
0.023
0.019
0.015
0.038
0.003
0.025
0.027
0.018
0.042
0.000
0.019
0.020
0.013
0.040
0.033
0.019
0.014
0.003
0.011
0.011
0.038
0.051
0.019
0.071
0.006
0.032
0.016
0.010
0.021
0.054
0.026
0.013
0.020
0.028
0.017
0.001
0.036
0.017
0.028
0.030
0.023
0.052
0.024
0.028
0.010
0.003
0.005
0.040
0.016
0.039
0.040
0.048
0.007
0.024
0.013
0.028
0.024
0.012
0.028
0.034
0.001
0.010
0.014
0.054
0.020
0.026
0.004
0.045
0.012
0.042
0.025
0.011
0.016
0.021
0.004
0.011
0.006
0.015
0.044
0.010
0.004
0.017
0.024
0.012
0.029
0.011
0.049
0.024
0.010
0.008
0.036
0.005
0.011
0.019
0.007
0.013
0.003
0.018
0.034
0.046
0.029
0.012
0.028
0.005
0.050
0.014
0.015
0.009
0.011
0.046
0.008
0.019
0.041
0.007
0.023
0.016
0.023
0.025
0.005
0.024
0.031
0.056
0.057
0.008
0.037
0.024
0.030
0.010
0.006
0.039
0.019
0.014
0.007
0.013
0.000
0.018
0.031
0.047
0.009
0.021
0.007
0.014
0.002
0.052
0.035
0.026
0.029
0.000
0.028
