0.015
0.006
0.027
0.002
0.026
0.007
0.031
0.002
0.042
0.020
0.030
0.025
0.021
0.001
0.016
0.037
0.025
0.028
0.011
0.015
0.004
0.012
0.015
0.019
0.014
0.008
0.026
0.008
0.013
0.009
0.031
0.000
0.026
0.008
0.041
0.025
0.028
0.026
0.013
0.008
0.003
0.023
0.028
0.037
0.000
0.029
0.029
0.001
0.015
0.005
0.006
0.032
0.037
0.002
0.046
0.000
0.030
0.012
0.059
0.010
0.031
0.019
0.002
0.066
0.038
0.014
0.010
0.064
0.016
0.000
0.015
0.031
0.027
0.019
0.042
0.028
0.018
0.000
0.051
0.032
0.015
0.032
0.014
0.003
0.049
0.036
0.020
0.006
0.025
0.031
0.021
0.018
0.008
0.003
0.057
0.033
0.005
0.021
0.027
0.049
0.036
0.021
0.051
0.019
0.006
0.043
0.018
0.024
0.004
0.040
0.012
0.030
0.027
0.030
0.068
0.011
0.011
0.014
0.012
0.022
0.001
0.042
0.015
0.037
0.006
0.051
0.041
0.019
0.013
0.052
0.011
0.036
0.000
0.012
0.035
0.015
0.007
0.023
0.008
0.024
0.004
0.009
0.009
0.033
0.057
0.014
0.008
0.032
0.020
0.047
0.044
0.024
0.044
0.007
0.012
0.037
0.020
0.003
0.043
0.019
0.003
0.009
0.010
0.011
0.052
0.019
0.029
0.022
0.010
0.012
0.009
0.080
0.009
0.017
0.048
0.002
0.005
0.030
0.017
0.014
0.023
0.007
0.035
0.015
0.053
0.038
0.033
0.018
0.018
0.034
0.015
0.008
0.040
0.045
0.018
0.034
0.009
0.041
0.006
0.038
0.017
0.003
0.040
0.012
0.011
0.043
0.014
0.016
0.017
0.018
0.017
0.036
0.012
0.008
0.012
0.016
0.008
0.005
0.015
0.061
0.010
0.028
0.019
0.021
0.032
0.009
0.037
0.036
0.010
0.005
0.011
0.036
0.045
0.006
0.004
0.024
0.018
0.047
0.001
0.006
0.032
0.019
0.041
0.007
0.034
0.005
0.021
