0.009
0.004
0.017
0.049
0.020
0.011
0.048
0.005
0.019
0.018
0.016
0.012
0.004
0.015
0.007
0.009
0.015
0.056
0.026
0.022
0.018
0.008
0.014
0.004
0.000
0.010
0.019
0.014
0.002
0.025
0.013
0.017
0.001
0.025
0.029
0.009
0.044
0.009
0.006
0.001
0.022
0.054
0.021
0.029
0.010
0.015
0.021
0.002
0.000
0.035
0.008
0.033
0.035
0.000
0.011
0.036
0.046
0.002
0.016
0.012
0.059
0.016
0.042
0.006
0.017
0.001
0.032
0.017
0.029
0.020
0.013
0.007
0.010
0.034
0.023
0.029
0.015
0.019
0.026
0.051
0.010
0.005
0.000
0.057
0.020
0.021
0.009
0.024
0.010
0.008
0.018
0.009
0.020
0.031
0.040
0.011
0.017
0.030
0.017
0.036
0.016
0.051
0.031
0.001
0.024
0.008
0.002
0.019
0.032
0.006
0.022
0.018
0.005
0.013
0.021
0.012
0.007
0.003
0.003
0.001
0.055
0.009
0.020
0.009
0.027
0.007
0.019
0.018
0.007
0.053
0.014
0.030
0.040
0.010
0.043
0.029
0.032
0.024
0.029
0.003
0.017
0.004
0.040
0.029
0.011
0.037
0.000
0.020
0.011
0.025
0.019
0.011
0.021
0.016
0.002
0.006
0.025
0.023
0.001
0.042
0.004
0.013
0.015
0.000
0.012
0.005
0.028
0.004
0.001
0.018
0.034
0.017
0.000
0.006
0.032
0.009
0.036
0.029
0.003
0.066
0.006
0.012
0.017
0.029
0.015
0.032
0.001
0.025
0.023
0.012
0.065
0.001
0.000
0.039
0.017
0.001
0.011
0.027
0.009
0.018
0.014
0.024
0.066
0.015
0.017
0.025
0.016
0.002
0.015
0.031
0.037
0.011
0.020
0.043
0.047
0.052
0.001
0.029
0.025
0.011
0.010
0.003
0.009
0.008
0.025
0.003
0.024
0.057
0.032
0.056
0.034
0.026
0.009
0.037
0.047
0.045
0.032
0.031
0.036
0.029
0.021
0.002
0.014
0.000
0.019
0.030
0.015
0.007
0.016
0.020
0.016
0.002
0.043
0.012
0.040
0.040
0.055
0.028
0.078
0.008
0.007
0.013
0.001
0.039
0.013
0.020
0.009
0.015
0.006
0.022
0.001
0.025
0.020
0.032
0.018
0.003
0.017
0.026
0.002
0.002
0.008
0.029
0.011
0.029
0.004
0.026
0.022
0.040
0.006
0.007
0.040
0.043
