0.024
0.041
0.009
0.000
0.025
0.046
0.018
0.015
0.038
0.027
0.017
0.014
0.033
0.014
0.012
0.008
0.001
0.064
0.015
0.012
0.009
0.019
0.010
0.027
0.024
0.004
0.006
0.038
0.021
0.023
0.015
0.034
0.001
0.056
0.000
0.006
0.020
0.037
0.050
0.026
0.008
0.017
0.028
0.025
0.011
0.036
0.006
0.011
0.011
0.009
0.033
0.026
0.028
0.036
0.002
0.013
0.011
0.001
0.000
0.020
0.041
0.055
0.027
0.027
0.004
0.024
0.020
0.019
0.007
0.040
0.030
0.030
0.011
0.029
0.043
0.009
0.017
0.004
0.018
0.023
0.030
0.033
0.028
0.035
0.015
0.017
0.020
0.026
0.015
0.014
0.017
0.035
0.032
0.003
0.035
0.001
0.052
0.010
0.009
0.034
0.012
0.046
0.005
0.025
0.012
0.012
0.023
0.002
0.005
0.006
0.014
0.006
0.012
0.005
0.002
0.025
0.013
0.017
0.017
0.000
0.013
0.038
0.020
0.021
0.013
0.025
0.017
0.000
0.057
0.028
0.020
0.003
0.007
0.007
0.078
0.005
0.021
0.015
0.013
0.021
0.003
0.004
0.043
0.034
0.031
0.009
0.024
0.006
0.003
0.019
0.009
0.007
0.018
0.004
0.022
0.014
0.012
0.043
0.006
0.026
0.014
0.020
0.054
0.024
0.037
0.023
0.019
0.024
0.006
0.012
0.024
0.022
0.004
0.003
0.084
0.000
0.007
0.028
0.035
0.037
0.008
0.034
0.023
0.014
0.004
0.027
0.040
0.006
0.000
0.040
0.007
0.034
0.060
0.000
0.001
0.032
0.027
0.030
0.022
0.033
0.054
0.033
0.023
0.041
0.027
0.009
0.004
0.008
0.010
0.040
0.020
0.026
0.009
0.018
0.056
0.011
0.015
0.033
0.024
0.009
0.008
0.027
0.054
0.010
0.008
0.032
0.013
0.048
0.011
0.013
0.027
0.063
0.032
0.013
0.018
0.008
