0.015
0.023
0.038
0.004
0.005
0.029
0.035
0.045
0.035
0.017
0.062
0.017
0.017
0.003
0.057
0.004
0.007
0.002
0.012
0.025
0.012
0.039
0.008
0.016
0.011
0.018
0.002
0.003
0.029
0.007
0.002
0.017
0.021
0.010
0.015
0.023
0.004
0.002
0.014
0.010
0.047
0.010
0.016
0.040
0.029
0.037
0.010
0.021
0.045
0.027
0.028
0.009
0.003
0.016
0.035
0.062
0.021
0.013
0.026
0.004
0.037
0.009
0.069
0.023
0.006
0.062
0.037
0.026
0.001
0.046
0.000
0.019
0.021
0.053
0.010
0.014
0.070
0.020
0.001
0.008
0.033
0.040
0.039
0.032
0.003
0.008
0.003
0.059
0.002
0.016
0.008
0.005
0.006
0.020
0.009
0.001
0.024
0.009
0.052
0.018
0.004
0.036
0.020
0.005
0.022
0.017
0.002
0.036
0.030
0.022
0.070
0.006
0.012
0.016
0.017
0.019
0.004
0.001
0.005
0.016
0.038
0.044
0.030
0.009
0.020
0.000
0.033
0.022
0.012
0.005
0.044
0.020
0.039
0.026
0.002
0.001
0.022
0.010
0.013
0.053
0.002
0.007
0.007
0.002
0.018
0.063
0.044
0.021
0.016
0.042
0.048
0.005
0.033
0.066
0.020
0.036
0.033
0.031
0.029
0.006
0.059
0.007
0.029
0.045
0.004
0.016
0.051
0.023
0.057
0.034
0.040
0.020
0.001
0.020
0.039
0.008
0.037
0.028
0.035
0.000
0.018
0.009
0.007
0.027
0.011
0.055
0.037
0.011
0.004
0.022
0.022
0.035
0.060
0.001
0.012
0.009
0.034
0.011
0.028
0.023
0.021
0.005
0.003
0.034
0.022
0.006
0.008
0.046
0.037
0.009
0.035
0.037
0.019
0.021
0.019
0.005
0.006
0.019
0.007
0.010
0.020
0.013
0.006
0.035
0.006
0.001
0.020
0.009
0.014
0.024
0.027
0.027
0.022
0.028
0.035
0.009
0.001
0.023
0.001
0.019
0.000
0.044
0.010
