0.018
0.025
0.018
0.008
0.018
0.051
0.007
0.016
0.019
0.030
0.016
0.024
0.004
0.041
0.019
0.000
0.041
0.008
0.054
0.006
0.019
0.011
0.006
0.029
0.020
0.019
0.009
0.025
0.041
0.033
0.047
0.010
0.018
0.023
0.003
0.013
0.036
0.003
0.034
0.014
0.007
0.017
0.026
0.027
0.003
0.017
0.028
0.021
0.021
0.002
0.025
0.018
0.012
0.026
0.062
0.029
0.022
0.023
0.005
0.041
0.036
0.045
0.037
0.014
0.022
0.011
0.052
0.038
0.008
0.022
0.006
0.024
0.015
0.002
0.006
0.029
0.011
0.008
0.013
0.046
0.011
0.003
0.043
0.032
0.032
0.020
0.030
0.034
0.028
0.038
0.038
0.029
0.007
0.023
0.011
0.030
0.017
0.030
0.044
0.012
0.009
0.011
0.025
0.026
0.010
0.028
0.018
0.016
0.080
0.025
0.017
0.035
0.023
0.048
0.021
0.006
0.025
0.072
0.025
0.003
0.048
0.009
0.023
0.005
0.036
0.048
0.007
0.069
0.008
0.017
0.035
0.043
0.008
0.012
0.008
0.029
0.046
0.003
0.050
0.030
0.010
0.007
0.034
0.016
0.059
0.012
0.014
0.048
0.008
0.001
0.030
0.063
0.023
0.003
0.009
0.007
0.017
0.022
0.002
0.021
0.018
0.021
0.023
0.024
0.005
0.009
0.037
0.001
0.011
0.041
0.004
0.037
0.030
0.063
0.045
0.007
0.028
0.002
0.055
0.037
0.006
0.016
0.016
0.036
0.064
0.038
0.026
0.009
0.010
0.039
0.006
0.002
0.038
0.022
0.026
0.012
0.025
0.013
0.028
0.030
0.013
0.002
0.021
0.018
0.009
0.007
0.001
0.037
0.008
0.009
0.011
0.051
0.026
0.011
0.023
0.002
0.008
0.013
0.009
0.011
0.006
0.004
0.039
0.040
0.030
0.013
0.008
0.024
0.015
0.032
0.015
0.009
0.046
0.035
0.066
0.035
0.011
0.028
0.029
0.017
