0.046
0.019
0.046
0.026
0.020
0.004
0.046
0.025
0.049
0.029
0.091
0.008
0.035
0.017
0.064
0.005
0.003
0.019
0.031
0.005
0.038
0.005
0.013
0.038
0.000
0.016
0.005
0.004
0.000
0.014
0.041
0.016
0.049
0.011
0.037
0.039
0.008
0.046
0.010
0.024
0.029
0.062
0.007
0.010
0.020
0.006
0.007
0.018
0.037
0.005
0.003
0.021
0.020
0.013
0.029
0.031
0.041
0.011
0.016
0.027
0.010
0.008
0.005
0.002
0.007
0.028
0.017
0.013
0.019
0.054
0.030
0.035
0.019
0.042
0.011
0.027
0.014
0.026
0.004
0.007
0.003
0.003
0.008
0.023
0.009
0.008
0.016
0.016
0.003
0.003
0.006
0.019
0.043
0.022
0.009
0.014
0.007
0.029
0.009
0.042
0.023
0.018
0.020
0.031
0.062
0.019
0.017
0.002
0.013
0.015
0.007
0.031
0.000
0.011
0.020
0.034
0.022
0.024
0.014
0.022
0.001
0.009
0.007
0.029
0.021
0.013
0.034
0.026
0.048
0.016
0.007
0.012
0.028
0.009
0.016
0.038
0.016
0.017
0.029
0.010
0.013
0.014
0.048
0.020
0.015
0.006
0.009
0.022
0.036
0.006
0.045
0.010
0.027
0.007
0.029
0.031
0.020
0.009
0.019
0.015
0.061
0.040
0.031
0.014
0.011
0.032
0.016
0.033
0.029
0.050
0.009
0.056
0.030
0.007
0.015
0.024
0.013
0.025
0.018
0.013
0.036
0.000
0.013
0.011
0.019
0.027
0.011
0.041
0.072
0.035
0.005
0.019
0.002
0.034
0.023
0.010
0.020
0.023
0.040
0.039
0.006
0.039
0.047
0.039
0.011
0.013
0.012
0.035
0.029
0.028
0.008
0.057
0.010
0.014
0.037
0.055
0.014
0.008
0.021
0.013
0.003
0.020
0.007
0.008
0.010
0.031
0.006
0.007
0.016
0.005
0.055
0.007
0.022
0.036
0.010
0.008
0.021
0.034
0.002
0.048
0.011
0.008
0.033
0.015
0.060
0.054
0.017
0.030
0.015
0.033
0.023
0.017
