0.036
0.055
0.058
0.007
0.030
0.019
0.027
0.001
0.032
0.036
0.049
0.020
0.024
0.013
0.062
0.017
0.012
0.010
0.026
0.014
0.004
0.035
0.046
0.056
0.002
0.002
0.021
0.003
0.022
0.023
0.001
0.043
0.028
0.009
0.020
0.033
0.019
0.025
0.011
0.012
0.005
0.029
0.042
0.017
0.058
0.021
0.017
0.008
0.010
0.027
0.023
0.007
0.000
0.047
0.022
0.055
0.009
0.030
0.005
0.023
0.036
0.011
0.003
0.004
0.002
0.012
0.001
0.049
0.049
0.002
0.025
0.002
0.011
0.016
0.010
0.071
0.007
0.000
0.021
0.027
0.014
0.009
0.016
0.034
0.020
0.009
0.035
0.036
0.003
0.074
0.008
0.009
0.016
0.012
0.030
0.017
0.023
0.013
0.037
0.005
0.013
0.024
0.058
0.024
0.011
0.030
0.020
0.005
0.023
0.020
0.022
0.012
0.005
0.003
0.010
0.029
0.016
0.020
0.047
0.019
0.011
0.017
0.022
0.007
0.026
0.055
0.023
0.014
0.013
0.015
0.006
0.038
0.008
0.010
0.004
0.049
0.014
0.013
0.012
0.007
0.030
0.017
0.046
0.020
0.032
0.056
0.039
0.005
0.013
0.019
0.034
0.009
0.033
0.004
0.022
0.023
0.020
0.070
0.008
0.044
0.032
0.026
0.015
0.058
0.002
0.010
0.009
0.007
0.071
0.009
0.047
0.033
0.030
0.016
0.002
0.027
0.018
0.005
0.002
0.016
0.019
0.007
0.009
0.064
0.049
0.001
0.015
0.028
0.013
0.032
0.025
0.019
0.008
0.055
0.027
0.018
0.031
0.072
0.013
0.001
0.047
0.011
0.012
0.042
0.019
0.011
0.024
0.013
0.035
0.014
0.045
0.034
0.016
0.002
0.029
0.018
0.008
0.043
0.026
0.024
0.044
0.039
0.014
0.032
0.004
0.040
0.002
0.002
0.030
0.022
0.045
0.007
0.019
0.003
0.036
0.004
0.035
0.010
0.004
0.005
0.014
0.021
0.030
0.029
0.041
0.027
0.017
0.053
0.061
0.010
0.011
0.041
0.014
0.002
0.003
0.059
0.009
0.047
0.022
0.041
0.001
0.049
0.000
0.032
0.055
0.007
0.010
0.002
0.050
0.014
0.002
0.031
0.003
0.038
0.028
0.034
0.027
0.014
0.043
0.004
0.008
0.030
0.010
0.030
0.050
0.015
0.025
0.018
0.017
0.028
0.033
0.010
