0.038
0.009
0.030
0.033
0.056
0.009
0.021
0.045
0.027
0.021
0.018
0.032
0.036
0.025
0.044
0.005
0.002
0.073
0.013
0.014
0.032
0.006
0.013
0.008
0.012
0.033
0.016
0.024
0.006
0.012
0.010
0.038
0.028
0.019
0.021
0.042
0.013
0.036
0.006
0.024
0.028
0.010
0.034
0.005
0.033
0.039
0.012
0.031
0.011
0.011
0.022
0.012
0.000
0.002
0.013
0.014
0.002
0.004
0.006
0.036
0.007
0.036
0.016
0.023
0.020
0.010
0.005
0.010
0.012
0.010
0.012
0.013
0.011
0.006
0.009
0.031
0.024
0.017
0.036
0.009
0.002
0.021
0.033
0.001
0.004
0.002
0.016
0.026
0.001
0.015
0.015
0.014
0.006
0.031
0.005
0.000
0.008
0.005
0.023
0.002
0.004
0.016
0.010
0.029
0.010
0.003
0.076
0.030
0.048
0.014
0.013
0.012
0.029
0.043
0.001
0.008
0.005
0.018
0.016
0.015
0.012
0.014
0.029
0.017
0.009
0.034
0.020
0.019
0.054
0.047
0.007
0.043
0.012
0.018
0.015
0.022
0.007
0.037
0.009
0.023
0.044
0.004
0.016
0.005
0.008
0.024
0.048
0.061
0.053
0.018
0.011
0.021
0.002
0.004
0.000
0.029
0.007
0.040
0.012
0.013
0.029
0.046
0.002
0.017
0.018
0.026
0.018
0.005
0.018
0.022
0.011
0.029
0.004
0.024
0.030
0.037
0.039
0.030
0.059
0.013
0.023
0.050
0.006
0.040
0.059
0.006
0.005
0.019
0.025
0.009
0.008
0.029
0.030
0.012
0.023
0.030
0.007
0.008
0.030
0.005
0.013
0.032
0.011
0.020
0.005
0.075
0.034
0.074
0.023
0.014
0.037
0.021
0.004
0.021
0.027
0.047
0.037
0.027
0.001
0.014
0.019
0.018
0.006
0.004
0.009
0.009
0.005
0.006
0.012
0.020
0.012
0.026
0.027
0.018
0.005
0.046
0.033
0.058
0.037
0.007
0.013
0.012
0.016
0.018
0.013
0.007
0.012
0.050
0.012
0.009
0.062
0.067
0.023
0.019
0.015
0.006
0.045
0.017
0.026
0.015
0.003
0.005
0.001
0.032
0.003
0.015
0.013
0.029
0.021
0.010
0.011
0.038
0.001
0.033
0.079
0.016
0.024
0.001
0.005
0.008
0.007
0.011
0.064
0.005
0.017
0.027
0.004
0.018
0.006
0.027
0.024
0.011
0.032
0.001
0.044
0.026
0.005
0.028
