0.047
0.015
0.037
0.023
0.035
0.032
0.015
0.007
0.005
0.027
0.050
0.022
0.089
0.022
0.050
0.018
0.040
0.034
0.070
0.026
0.021
0.015
0.044
0.039
0.001
0.003
0.019
0.056
0.013
0.029
0.029
0.021
0.018
0.014
0.012
0.032
0.015
0.012
0.010
0.018
0.019
0.004
0.006
0.068
0.004
0.007
0.015
0.018
0.051
0.077
0.016
0.014
0.024
0.035
0.015
0.052
0.001
0.040
0.015
0.024
0.026
0.000
0.025
0.025
0.020
0.010
0.009
0.005
0.017
0.038
0.002
0.042
0.016
0.021
0.008
0.024
0.020
0.059
0.002
0.023
0.016
0.060
0.055
0.043
0.019
0.020
0.007
0.012
0.021
0.017
0.014
0.085
0.003
0.011
0.043
0.005
0.010
0.009
0.010
0.040
0.010
0.011
0.036
0.023
0.000
0.008
0.032
0.009
0.005
0.031
0.032
0.001
0.017
0.024
0.034
0.038
0.015
0.028
0.023
0.016
0.005
0.000
0.019
0.031
0.028
0.038
0.006
0.005
0.036
0.016
0.019
0.022
0.010
0.035
0.036
0.028
0.057
0.017
0.013
0.027
0.013
0.015
0.002
0.022
0.032
0.030
0.024
0.011
0.007
0.028
0.022
0.014
0.041
0.018
0.012
0.010
0.020
0.003
0.012
0.008
0.009
0.036
0.019
0.004
0.003
0.054
0.016
0.061
0.020
0.005
0.012
0.064
0.041
0.034
0.031
0.008
0.027
0.026
0.013
0.019
0.018
0.020
0.010
0.028
0.005
0.023
0.020
0.041
0.004
0.037
0.007
0.014
0.016
0.004
0.015
0.016
0.012
0.036
0.036
0.016
0.017
0.009
0.011
0.029
0.020
0.000
0.022
0.018
0.010
0.035
0.043
0.006
0.072
0.022
0.009
0.026
0.020
0.007
0.015
0.002
0.018
0.013
0.005
0.072
0.066
0.016
0.010
0.021
0.015
0.001
0.047
0.035
0.015
0.010
0.004
0.012
0.001
0.006
0.028
0.080
0.004
0.003
0.009
0.046
0.018
0.029
0.020
0.028
0.012
0.003
0.009
0.016
0.015
0.009
0.017
0.021
0.001
0.042
0.024
0.017
0.004
0.010
0.013
0.021
0.009
0.006
0.020
0.019
0.017
0.001
0.008
0.007
0.046
0.034
0.012
0.037
0.024
0.007
0.016
0.003
0.061
0.004
0.039
0.018
0.007
0.002
0.034
0.049
0.002
0.063
0.029
0.024
0.004
0.003
0.008
0.035
0.044
