21.502 -475.412 -70.113 -0.002 0.000 -0.003 1.000
21.509 -474.773 -70.116 -0.004 0.000 -0.007 1.000
21.520 -474.135 -70.122 -0.005 0.000 -0.010 1.000
21.535 -473.498 -70.130 -0.007 0.000 -0.014 1.000
21.555 -472.862 -70.141 -0.009 0.000 -0.017 1.000
21.580 -472.227 -70.154 -0.011 0.000 -0.021 1.000
21.608 -471.592 -70.169 -0.013 0.000 -0.024 1.000
21.641 -470.958 -70.187 -0.015 0.000 -0.028 1.000
21.679 -470.325 -70.208 -0.017 0.000 -0.031 0.999
21.720 -469.694 -70.230 -0.019 0.000 -0.034 0.999
21.765 -469.063 -70.256 -0.021 0.000 -0.038 0.999
21.815 -468.433 -70.283 -0.023 0.000 -0.041 0.999
21.869 -467.805 -70.314 -0.025 0.000 -0.044 0.999
21.926 -467.178 -70.346 -0.027 0.000 -0.047 0.999
21.988 -466.552 -70.382 -0.029 0.000 -0.050 0.998
22.053 -465.926 -70.420 -0.031 0.000 -0.053 0.998
22.122 -465.303 -70.460 -0.033 0.000 -0.056 0.998
22.194 -464.681 -70.503 -0.035 0.000 -0.059 0.998
22.271 -464.060 -70.548 -0.037 0.000 -0.062 0.997
22.351 -463.441 -70.596 -0.040 0.000 -0.065 0.997
22.434 -462.823 -70.647 -0.042 0.000 -0.068 0.997
22.521 -462.207 -70.700 -0.044 0.000 -0.071 0.997
22.611 -461.592 -70.756 -0.046 0.000 -0.074 0.996
22.704 -460.980 -70.815 -0.048 0.000 -0.077 0.996
22.800 -460.369 -70.876 -0.051 0.000 -0.079 0.996
22.900 -459.759 -70.940 -0.053 0.000 -0.082 0.995
23.002 -459.152 -71.007 -0.055 0.000 -0.084 0.995
23.107 -458.546 -71.076 -0.057 0.000 -0.087 0.995
23.216 -457.942 -71.148 -0.060 0.001 -0.089 0.994
23.327 -457.340 -71.223 -0.062 0.001 -0.092 0.994
23.440 -456.740 -71.300 -0.064 0.001 -0.094 0.993
23.556 -456.141 -71.380 -0.067 0.001 -0.096 0.993
23.675 -455.545 -71.464 -0.069 0.001 -0.098 0.993
23.796 -454.950 -71.550 -0.072 0.001 -0.100 0.992
23.919 -454.358 -71.638 -0.074 0.001 -0.103 0.992
24.044 -453.766 -71.730 -0.077 0.001 -0.104 0.992
24.172 -453.177 -71.825 -0.079 0.001 -0.106 0.991
24.301 -452.590 -71.923 -0.082 0.001 -0.108 0.991
24.432 -452.004 -72.023 -0.085 0.002 -0.110 0.990
24.565 -451.420 -72.127 -0.087 0.002 -0.111 0.990
24.700 -450.837 -72.234 -0.090 0.002 -0.113 0.990
24.836 -450.256 -72.344 -0.093 0.002 -0.114 0.989
24.974 -449.677 -72.457 -0.095 0.002 -0.116 0.989
25.113 -449.098 -72.573 -0.098 0.002 -0.117 0.988
25.253 -448.521 -72.693 -0.101 0.003 -0.118 0.988
25.395 -447.945 -72.816 -0.104 0.003 -0.119 0.987
25.537 -447.371 -72.942 -0.107 0.003 -0.120 0.987
25.680 -446.798 -73.072 -0.110 0.004 -0.120 0.987
25.823 -446.225 -73.205 -0.113 0.004 -0.121 0.986
25.967 -445.654 -73.342 -0.116 0.004 -0.121 0.986
26.111 -445.084 -73.482 -0.119 0.004 -0.122 0.985
26.255 -444.515 -73.626 -0.122 0.005 -0.122 0.985
26.400 -443.947 -73.773 -0.125 0.005 -0.122 0.985
26.544 -443.380 -73.924 -0.128 0.006 -0.122 0.984
26.687 -442.815 -74.078 -0.131 0.006 -0.121 0.984
26.830 -442.250 -74.236 -0.134 0.006 -0.121 0.984
26.972 -441.687 -74.398 -0.137 0.007 -0.120 0.983
27.112 -441.126 -74.563 -0.140 0.007 -0.120 0.983
27.252 -440.565 -74.732 -0.143 0.008 -0.119 0.982
27.390 -440.006 -74.905 -0.147 0.008 -0.118 0.982
27.527 -439.449 -75.081 -0.150 0.009 -0.117 0.982
27.661 -438.893 -75.261 -0.153 0.010 -0.115 0.981
27.794 -438.338 -75.444 -0.156 0.010 -0.114 0.981
27.925 -437.786 -75.631 -0.160 0.011 -0.112 0.981
28.053 -437.235 -75.821 -0.163 0.011 -0.110 0.980
28.179 -436.685 -76.016 -0.166 0.012 -0.109 0.980
28.302 -436.137 -76.213 -0.170 0.013 -0.107 0.980
28.422 -435.591 -76.414 -0.173 0.014 -0.104 0.979
28.538 -435.047 -76.619 -0.176 0.014 -0.102 0.979
28.652 -434.506 -76.826 -0.180 0.015 -0.100 0.979
28.762 -433.966 -77.038 -0.183 0.016 -0.097 0.978
28.868 -433.428 -77.252 -0.186 0.017 -0.094 0.978
28.971 -432.893 -77.470 -0.190 0.018 -0.091 0.977
29.070 -432.361 -77.691 -0.193 0.019 -0.088 0.977
29.164 -431.831 -77.915 -0.197 0.019 -0.085 0.977
29.255 -431.303 -78.142 -0.200 0.020 -0.082 0.976
29.341 -430.778 -78.372 -0.203 0.021 -0.079 0.976
29.422 -430.256 -78.605 -0.207 0.022 -0.075 0.975
29.499 -429.737 -78.840 -0.210 0.023 -0.072 0.975
29.571 -429.220 -79.079 -0.213 0.024 -0.068 0.974
29.638 -428.707 -79.320 -0.217 0.025 -0.064 0.974
29.701 -428.196 -79.564 -0.220 0.027 -0.060 0.973
29.758 -427.688 -79.811 -0.223 0.028 -0.056 0.973
29.811 -427.184 -80.060 -0.227 0.029 -0.052 0.972
29.858 -426.682 -80.311 -0.230 0.030 -0.048 0.972
29.900 -426.183 -80.566 -0.233 0.031 -0.044 0.971
29.937 -425.687 -80.822 -0.236 0.032 -0.039 0.970
29.968 -425.194 -81.081 -0.240 0.033 -0.035 0.970
29.994 -424.704 -81.343 -0.243 0.035 -0.030 0.969
30.015 -424.217 -81.606 -0.246 0.036 -0.026 0.968
30.030 -423.732 -81.872 -0.249 0.037 -0.021 0.967
30.039 -423.250 -82.141 -0.252 0.038 -0.016 0.967
30.043 -422.771 -82.411 -0.256 0.040 -0.012 0.966
30.042 -422.295 -82.684 -0.259 0.041 -0.007 0.965
30.034 -421.821 -82.959 -0.262 0.042 -0.002 0.964
30.021 -421.350 -83.237 -0.265 0.044 0.003 0.963
30.002 -420.882 -83.517 -0.268 0.045 0.008 0.962
29.977 -420.416 -83.799 -0.271 0.046 0.013 0.961
29.946 -419.952 -84.083 -0.274 0.048 0.019 0.960
29.909 -419.492 -84.369 -0.277 0.049 0.024 0.959
29.867 -419.033 -84.657 -0.280 0.050 0.029 0.958
29.818 -418.577 -84.948 -0.282 0.052 0.035 0.957
29.763 -418.124 -85.240 -0.285 0.053 0.040 0.956
29.702 -417.673 -85.535 -0.288 0.055 0.045 0.955
29.635 -417.224 -85.832 -0.291 0.056 0.051 0.954
29.562 -416.778 -86.130 -0.294 0.058 0.056 0.953
29.482 -416.335 -86.430 -0.296 0.059 0.062 0.951
29.396 -415.894 -86.733 -0.299 0.061 0.067 0.950
29.304 -415.456 -87.037 -0.302 0.062 0.073 0.949
29.206 -415.020 -87.342 -0.304 0.063 0.079 0.947
29.101 -414.587 -87.649 -0.307 0.065 0.084 0.946
28.990 -414.158 -87.958 -0.309 0.067 0.090 0.944
28.873 -413.731 -88.268 -0.312 0.068 0.096 0.943
28.749 -413.307 -88.579 -0.314 0.070 0.101 0.941
28.620 -412.887 -88.892 -0.317 0.071 0.107 0.940
28.483 -412.469 -89.205 -0.319 0.073 0.113 0.938
28.341 -412.055 -89.520 -0.321 0.074 0.119 0.937
28.192 -411.644 -89.836 -0.324 0.076 0.124 0.935
28.037 -411.236 -90.152 -0.326 0.077 0.130 0.933
27.875 -410.832 -90.470 -0.328 0.079 0.136 0.931
27.708 -410.431 -90.788 -0.330 0.081 0.142 0.930
27.534 -410.033 -91.106 -0.333 0.082 0.148 0.928
27.354 -409.640 -91.426 -0.335 0.084 0.154 0.926
27.167 -409.249 -91.745 -0.337 0.085 0.160 0.924
26.975 -408.863 -92.066 -0.339 0.087 0.165 0.922
26.776 -408.480 -92.386 -0.341 0.089 0.171 0.920
26.571 -408.101 -92.707 -0.343 0.090 0.177 0.918
26.359 -407.726 -93.028 -0.345 0.092 0.183 0.916
26.142 -407.354 -93.350 -0.347 0.093 0.189 0.914
25.918 -406.986 -93.671 -0.349 0.095 0.195 0.912
25.688 -406.622 -93.993 -0.350 0.097 0.201 0.910
25.452 -406.262 -94.315 -0.352 0.098 0.207 0.907
25.209 -405.906 -94.637 -0.354 0.100 0.213 0.905
24.960 -405.553 -94.960 -0.356 0.102 0.219 0.903
24.705 -405.204 -95.282 -0.358 0.103 0.225 0.900
24.443 -404.859 -95.604 -0.359 0.105 0.231 0.898
24.175 -404.518 -95.927 -0.361 0.107 0.237 0.896
23.901 -404.181 -96.249 -0.363 0.108 0.243 0.893
23.619 -403.847 -96.572 -0.364 0.110 0.249 0.891
23.332 -403.517 -96.895 -0.366 0.112 0.255 0.888
23.037 -403.192 -97.217 -0.368 0.114 0.261 0.885
22.736 -402.871 -97.539 -0.369 0.115 0.267 0.883
22.429 -402.553 -97.861 -0.371 0.117 0.273 0.880
22.114 -402.240 -98.183 -0.372 0.119 0.280 0.877
21.793 -401.932 -98.505 -0.374 0.121 0.286 0.874
21.466 -401.628 -98.826 -0.375 0.122 0.292 0.871
21.132 -401.328 -99.146 -0.377 0.124 0.298 0.868
20.791 -401.033 -99.466 -0.378 0.126 0.304 0.865
20.443 -400.743 -99.785 -0.379 0.128 0.311 0.862
20.090 -400.458 -100.103 -0.381 0.129 0.317 0.859
19.729 -400.178 -100.420 -0.382 0.131 0.323 0.856
19.363 -399.904 -100.736 -0.384 0.133 0.330 0.852
18.990 -399.635 -101.051 -0.385 0.135 0.336 0.849
18.611 -399.371 -101.364 -0.386 0.137 0.342 0.846
18.227 -399.113 -101.675 -0.388 0.138 0.348 0.842
17.836 -398.861 -101.985 -0.389 0.140 0.355 0.839
17.441 -398.615 -102.293 -0.390 0.142 0.361 0.835
17.039 -398.375 -102.598 -0.391 0.144 0.367 0.832
16.633 -398.142 -102.902 -0.393 0.145 0.373 0.828
16.222 -397.914 -103.203 -0.394 0.147 0.379 0.824
15.806 -397.693 -103.501 -0.395 0.149 0.386 0.820
15.385 -397.479 -103.797 -0.396 0.151 0.392 0.817
14.959 -397.270 -104.090 -0.397 0.152 0.398 0.813
14.530 -397.069 -104.381 -0.398 0.154 0.404 0.809
14.096 -396.874 -104.669 -0.399 0.156 0.410 0.805
13.658 -396.686 -104.954 -0.400 0.157 0.416 0.801
13.216 -396.504 -105.236 -0.401 0.159 0.422 0.797
12.770 -396.329 -105.515 -0.403 0.161 0.428 0.793
12.321 -396.161 -105.791 -0.404 0.162 0.434 0.789
11.868 -395.999 -106.064 -0.405 0.164 0.439 0.785
11.411 -395.844 -106.334 -0.405 0.165 0.445 0.781
10.951 -395.696 -106.601 -0.406 0.167 0.451 0.777
10.488 -395.554 -106.864 -0.407 0.169 0.457 0.773
10.022 -395.419 -107.125 -0.408 0.170 0.462 0.769
9.553 -395.291 -107.382 -0.409 0.172 0.468 0.764
9.080 -395.169 -107.636 -0.410 0.173 0.474 0.760
8.605 -395.054 -107.887 -0.411 0.175 0.479 0.756
8.128 -394.946 -108.134 -0.412 0.176 0.485 0.751
7.647 -394.845 -108.378 -0.413 0.178 0.490 0.747
7.164 -394.750 -108.619 -0.413 0.179 0.496 0.743
6.679 -394.662 -108.856 -0.414 0.180 0.501 0.738
6.191 -394.581 -109.090 -0.415 0.182 0.507 0.734
5.701 -394.506 -109.320 -0.416 0.183 0.512 0.729
5.209 -394.439 -109.546 -0.416 0.185 0.517 0.725
4.715 -394.377 -109.770 -0.417 0.186 0.523 0.720
4.220 -394.323 -109.989 -0.418 0.187 0.528 0.715
3.722 -394.275 -110.205 -0.418 0.189 0.533 0.711
3.223 -394.234 -110.417 -0.419 0.190 0.538 0.706
2.723 -394.200 -110.626 -0.420 0.191 0.543 0.701
2.220 -394.172 -110.831 -0.420 0.193 0.549 0.697
1.717 -394.151 -111.032 -0.421 0.194 0.554 0.692
1.212 -394.137 -111.229 -0.421 0.195 0.559 0.687
0.707 -394.129 -111.423 -0.422 0.197 0.564 0.682
0.200 -394.128 -111.613 -0.423 0.198 0.569 0.677
-0.307 -394.133 -111.799 -0.423 0.199 0.574 0.673
-0.815 -394.145 -111.981 -0.424 0.200 0.579 0.668
-1.324 -394.164 -112.159 -0.424 0.201 0.583 0.663
-1.833 -394.189 -112.334 -0.425 0.203 0.588 0.658
-2.343 -394.221 -112.504 -0.425 0.204 0.593 0.653
-2.853 -394.259 -112.671 -0.426 0.205 0.598 0.648
-3.363 -394.304 -112.834 -0.426 0.206 0.603 0.643
-3.873 -394.355 -112.992 -0.426 0.207 0.607 0.638
-4.384 -394.412 -113.147 -0.427 0.208 0.612 0.633
-4.894 -394.476 -113.298 -0.427 0.209 0.616 0.627
-5.404 -394.546 -113.445 -0.428 0.210 0.621 0.622
-5.914 -394.623 -113.588 -0.428 0.211 0.626 0.617
-6.423 -394.705 -113.727 -0.428 0.212 0.630 0.612
-6.932 -394.795 -113.862 -0.429 0.213 0.635 0.607
-7.440 -394.890 -113.994 -0.429 0.214 0.639 0.602
-7.948 -394.992 -114.121 -0.429 0.215 0.643 0.596
-8.455 -395.099 -114.244 -0.429 0.216 0.648 0.591
-8.961 -395.213 -114.363 -0.430 0.217 0.652 0.586
-9.467 -395.333 -114.479 -0.430 0.218 0.656 0.580
-9.971 -395.460 -114.590 -0.430 0.219 0.661 0.575
-10.475 -395.592 -114.698 -0.431 0.219 0.665 0.570
-10.977 -395.731 -114.802 -0.431 0.220 0.669 0.564
-11.479 -395.875 -114.902 -0.431 0.221 0.673 0.559
-11.980 -396.026 -114.998 -0.431 0.222 0.677 0.553
-12.479 -396.183 -115.090 -0.432 0.222 0.681 0.548
-12.978 -396.346 -115.178 -0.432 0.223 0.685 0.542
-13.475 -396.515 -115.263 -0.432 0.224 0.689 0.537
-13.972 -396.690 -115.344 -0.432 0.224 0.693 0.531
-14.466 -396.871 -115.421 -0.432 0.225 0.697 0.526
-14.960 -397.059 -115.495 -0.433 0.225 0.701 0.520
-15.452 -397.252 -115.565 -0.433 0.226 0.705 0.515
-15.943 -397.452 -115.631 -0.433 0.226 0.709 0.509
-16.432 -397.657 -115.693 -0.433 0.227 0.712 0.504
-16.920 -397.869 -115.752 -0.434 0.227 0.716 0.498
-17.407 -398.087 -115.807 -0.434 0.227 0.720 0.492
-17.892 -398.311 -115.859 -0.434 0.228 0.723 0.487
-18.375 -398.542 -115.908 -0.434 0.228 0.727 0.481
-18.858 -398.778 -115.953 -0.434 0.228 0.730 0.476
-19.339 -399.021 -115.994 -0.435 0.228 0.734 0.470
-19.818 -399.270 -116.032 -0.435 0.228 0.737 0.464
-20.295 -399.524 -116.067 -0.435 0.228 0.740 0.459
-20.771 -399.785 -116.099 -0.435 0.228 0.744 0.453
-21.244 -400.052 -116.128 -0.435 0.228 0.747 0.448
-21.716 -400.324 -116.153 -0.436 0.228 0.750 0.443
-22.184 -400.601 -116.175 -0.436 0.228 0.753 0.437
-22.649 -400.884 -116.194 -0.436 0.228 0.756 0.432
-23.112 -401.172 -116.210 -0.436 0.228 0.759 0.426
-23.571 -401.464 -116.222 -0.436 0.228 0.762 0.421
-24.027 -401.762 -116.232 -0.437 0.227 0.765 0.416
-24.479 -402.065 -116.239 -0.437 0.227 0.768 0.410
-24.927 -402.371 -116.242 -0.437 0.227 0.770 0.405
-25.373 -402.683 -116.243 -0.437 0.227 0.773 0.400
-25.814 -402.999 -116.241 -0.437 0.226 0.776 0.394
-26.252 -403.320 -116.236 -0.437 0.226 0.779 0.389
-26.686 -403.645 -116.228 -0.437 0.226 0.781 0.384
-27.117 -403.974 -116.218 -0.437 0.225 0.784 0.379
-27.544 -404.308 -116.204 -0.438 0.225 0.786 0.374
-27.968 -404.646 -116.189 -0.438 0.225 0.789 0.369
-28.387 -404.989 -116.170 -0.438 0.224 0.791 0.363
-28.804 -405.335 -116.149 -0.438 0.224 0.794 0.358
-29.216 -405.685 -116.125 -0.438 0.223 0.796 0.353
-29.624 -406.039 -116.099 -0.438 0.223 0.798 0.348
-30.029 -406.397 -116.070 -0.438 0.222 0.800 0.343
-30.430 -406.759 -116.039 -0.438 0.222 0.803 0.338
-30.827 -407.125 -116.005 -0.438 0.221 0.805 0.333
-31.220 -407.494 -115.970 -0.438 0.221 0.807 0.328
-31.609 -407.867 -115.931 -0.438 0.220 0.809 0.324
-31.994 -408.244 -115.891 -0.438 0.220 0.811 0.319
-32.375 -408.624 -115.848 -0.438 0.219 0.813 0.314
-32.753 -409.007 -115.803 -0.438 0.218 0.815 0.309
-33.126 -409.395 -115.756 -0.438 0.218 0.817 0.304
-33.496 -409.785 -115.707 -0.438 0.217 0.819 0.299
-33.861 -410.179 -115.656 -0.438 0.216 0.821 0.295
-34.223 -410.576 -115.602 -0.438 0.216 0.823 0.290
-34.581 -410.977 -115.547 -0.438 0.215 0.825 0.285
-34.934 -411.381 -115.489 -0.438 0.214 0.827 0.281
-35.284 -411.789 -115.430 -0.438 0.213 0.828 0.276
-35.630 -412.199 -115.369 -0.438 0.213 0.830 0.271
-35.972 -412.612 -115.306 -0.438 0.212 0.832 0.267
-36.310 -413.029 -115.241 -0.438 0.211 0.833 0.262
-36.645 -413.449 -115.174 -0.438 0.210 0.835 0.258
-36.975 -413.871 -115.106 -0.438 0.209 0.837 0.253
-37.301 -414.297 -115.036 -0.438 0.208 0.838 0.249
-37.624 -414.726 -114.964 -0.438 0.207 0.840 0.244
-37.942 -415.158 -114.891 -0.438 0.206 0.841 0.240
-38.257 -415.592 -114.816 -0.438 0.205 0.843 0.236
-38.567 -416.030 -114.740 -0.438 0.204 0.844 0.231
-38.874 -416.470 -114.662 -0.438 0.203 0.846 0.227
-39.177 -416.913 -114.582 -0.438 0.202 0.847 0.223
-39.475 -417.359 -114.501 -0.438 0.201 0.848 0.218
-39.770 -417.808 -114.419 -0.438 0.200 0.850 0.214
-40.061 -418.259 -114.336 -0.438 0.199 0.851 0.210
-40.348 -418.714 -114.251 -0.438 0.198 0.852 0.206
-40.632 -419.171 -114.164 -0.438 0.197 0.854 0.201
-40.911 -419.630 -114.077 -0.438 0.196 0.855 0.197
-41.186 -420.093 -113.988 -0.438 0.194 0.856 0.193
-41.457 -420.558 -113.898 -0.438 0.193 0.857 0.189
-41.725 -421.026 -113.807 -0.438 0.192 0.859 0.185
-41.988 -421.497 -113.714 -0.438 0.191 0.860 0.181
-42.248 -421.970 -113.620 -0.438 0.190 0.861 0.176
-42.503 -422.446 -113.525 -0.438 0.188 0.862 0.172
-42.754 -422.925 -113.429 -0.438 0.187 0.863 0.168
-43.002 -423.406 -113.332 -0.437 0.186 0.864 0.164
-43.245 -423.890 -113.233 -0.437 0.185 0.866 0.159
-43.484 -424.376 -113.133 -0.437 0.183 0.867 0.155
-43.718 -424.866 -113.032 -0.437 0.182 0.868 0.151
-43.949 -425.358 -112.930 -0.437 0.181 0.869 0.147
-44.175 -425.852 -112.826 -0.437 0.179 0.870 0.142
-44.397 -426.349 -112.722 -0.437 0.178 0.871 0.138
-44.614 -426.848 -112.616 -0.437 0.177 0.872 0.134
-44.827 -427.350 -112.509 -0.436 0.175 0.873 0.129
-45.035 -427.854 -112.401 -0.436 0.174 0.874 0.125
-45.239 -428.360 -112.292 -0.436 0.173 0.875 0.121
-45.438 -428.869 -112.182 -0.436 0.171 0.876 0.116
-45.632 -429.379 -112.070 -0.436 0.170 0.877 0.112
-45.821 -429.892 -111.958 -0.435 0.169 0.878 0.107
-46.006 -430.407 -111.844 -0.435 0.167 0.879 0.103
-46.186 -430.923 -111.729 -0.435 0.166 0.880 0.098
-46.361 -431.442 -111.613 -0.435 0.164 0.881 0.094
-46.530 -431.962 -111.497 -0.434 0.163 0.881 0.089
-46.695 -432.485 -111.378 -0.434 0.162 0.882 0.085
-46.855 -433.009 -111.259 -0.434 0.160 0.883 0.080
-47.010 -433.534 -111.139 -0.433 0.159 0.884 0.076
-47.160 -434.061 -111.018 -0.433 0.157 0.885 0.071
-47.304 -434.590 -110.896 -0.433 0.156 0.885 0.066
-47.443 -435.120 -110.772 -0.432 0.154 0.886 0.062
-47.577 -435.651 -110.648 -0.432 0.153 0.887 0.057
-47.706 -436.184 -110.523 -0.432 0.152 0.888 0.052
-47.829 -436.718 -110.396 -0.431 0.150 0.888 0.048
-47.947 -437.254 -110.269 -0.431 0.149 0.889 0.043
-48.059 -437.790 -110.141 -0.431 0.147 0.890 0.038
-48.166 -438.327 -110.012 -0.430 0.146 0.890 0.034
-48.268 -438.866 -109.881 -0.430 0.144 0.891 0.029
-48.364 -439.405 -109.750 -0.429 0.143 0.891 0.024
-48.454 -439.945 -109.618 -0.429 0.141 0.892 0.020
-48.540 -440.486 -109.485 -0.428 0.140 0.893 0.015
-48.619 -441.027 -109.352 -0.428 0.138 0.893 0.010
-48.693 -441.569 -109.217 -0.427 0.137 0.894 0.005
-48.762 -442.113 -109.081 -0.427 0.135 0.894 0.001
-48.824 -442.657 -108.945 -0.427 0.134 0.895 -0.004
-48.882 -443.201 -108.807 -0.426 0.132 0.895 -0.009
-48.933 -443.746 -108.669 -0.425 0.131 0.895 -0.014
-48.979 -444.291 -108.530 -0.425 0.129 0.896 -0.019
-49.019 -444.837 -108.391 -0.424 0.127 0.896 -0.023
-49.054 -445.383 -108.250 -0.424 0.126 0.897 -0.028
-49.083 -445.929 -108.109 -0.423 0.124 0.897 -0.033
-49.106 -446.476 -107.967 -0.423 0.123 0.897 -0.038
-49.124 -447.024 -107.823 -0.422 0.121 0.897 -0.042
-49.136 -447.571 -107.680 -0.422 0.120 0.898 -0.047
