21.500 -475.466 -70.112 0.000 0.000 0.000 1.000
21.500 -474.883 -70.112 0.000 0.000 0.000 1.000
21.500 -474.298 -70.111 0.001 0.000 0.000 1.000
21.499 -473.710 -70.110 0.001 0.000 0.000 1.000
21.499 -473.119 -70.109 0.001 0.000 0.000 1.000
21.499 -472.526 -70.107 0.002 0.000 0.000 1.000
21.500 -471.929 -70.105 0.002 0.000 -0.001 1.000
21.501 -471.329 -70.102 0.002 0.000 -0.001 1.000
21.502 -470.726 -70.100 0.002 0.000 -0.002 1.000
21.505 -470.120 -70.096 0.003 0.000 -0.003 1.000
21.508 -469.510 -70.093 0.003 0.000 -0.004 1.000
21.513 -468.898 -70.090 0.003 0.000 -0.005 1.000
21.520 -468.283 -70.086 0.003 0.000 -0.006 1.000
21.528 -467.665 -70.083 0.003 0.000 -0.008 1.000
21.539 -467.045 -70.080 0.002 0.000 -0.009 1.000
21.551 -466.422 -70.077 0.002 0.000 -0.011 1.000
21.566 -465.798 -70.074 0.002 0.000 -0.013 1.000
21.584 -465.171 -70.072 0.001 0.000 -0.015 1.000
21.604 -464.543 -70.071 0.001 0.000 -0.017 1.000
21.628 -463.914 -70.070 0.000 0.000 -0.020 1.000
21.654 -463.283 -70.070 0.000 0.000 -0.022 1.000
21.684 -462.651 -70.071 -0.001 0.000 -0.025 1.000
21.717 -462.018 -70.073 -0.002 0.000 -0.027 1.000
21.753 -461.385 -70.076 -0.003 0.000 -0.030 1.000
21.793 -460.750 -70.080 -0.004 0.000 -0.033 0.999
21.837 -460.116 -70.086 -0.005 0.000 -0.036 0.999
21.885 -459.481 -70.092 -0.006 0.000 -0.039 0.999
21.936 -458.846 -70.100 -0.007 0.000 -0.042 0.999
21.991 -458.211 -70.110 -0.008 0.000 -0.045 0.999
22.050 -457.577 -70.121 -0.009 0.000 -0.048 0.999
22.113 -456.944 -70.134 -0.011 0.000 -0.051 0.999
22.180 -456.310 -70.148 -0.012 0.000 -0.054 0.998
22.251 -455.678 -70.164 -0.013 0.000 -0.057 0.998
22.326 -455.046 -70.182 -0.015 0.000 -0.061 0.998
22.405 -454.416 -70.202 -0.016 0.000 -0.064 0.998
22.488 -453.787 -70.223 -0.018 0.001 -0.067 0.998
22.575 -453.159 -70.247 -0.019 0.001 -0.070 0.997
22.665 -452.532 -70.272 -0.021 0.001 -0.073 0.997
22.760 -451.907 -70.300 -0.023 0.001 -0.076 0.997
22.858 -451.283 -70.330 -0.024 0.001 -0.080 0.997
22.960 -450.661 -70.361 -0.026 0.001 -0.083 0.996
23.066 -450.040 -70.395 -0.028 0.001 -0.086 0.996
23.175 -449.422 -70.432 -0.030 0.001 -0.089 0.996
23.288 -448.805 -70.471 -0.032 0.001 -0.092 0.995
23.404 -448.190 -70.512 -0.034 0.001 -0.095 0.995
23.523 -447.577 -70.555 -0.036 0.001 -0.097 0.995
23.646 -446.966 -70.601 -0.038 0.001 -0.100 0.994
23.772 -446.356 -70.649 -0.040 0.001 -0.103 0.994
23.901 -445.749 -70.701 -0.042 0.002 -0.105 0.994
24.032 -445.144 -70.754 -0.044 0.002 -0.108 0.993
24.167 -444.541 -70.811 -0.047 0.002 -0.110 0.993
24.304 -443.939 -70.870 -0.049 0.002 -0.113 0.992
24.443 -443.340 -70.932 -0.051 0.002 -0.115 0.992
24.585 -442.742 -70.996 -0.054 0.002 -0.117 0.992
24.729 -442.145 -71.064 -0.056 0.002 -0.119 0.991
24.875 -441.551 -71.135 -0.059 0.003 -0.121 0.991
25.023 -440.957 -71.208 -0.061 0.003 -0.122 0.991
25.173 -440.365 -71.285 -0.064 0.003 -0.124 0.990
25.324 -439.775 -71.365 -0.066 0.003 -0.125 0.990
25.478 -439.185 -71.448 -0.069 0.004 -0.127 0.990
25.632 -438.596 -71.534 -0.072 0.004 -0.128 0.989
25.788 -438.007 -71.624 -0.075 0.004 -0.129 0.989
25.946 -437.419 -71.717 -0.077 0.004 -0.130 0.988
26.104 -436.832 -71.814 -0.080 0.005 -0.131 0.988
26.264 -436.245 -71.915 -0.083 0.005 -0.132 0.988
26.425 -435.656 -72.020 -0.086 0.005 -0.132 0.987
26.587 -435.067 -72.128 -0.089 0.006 -0.133 0.987
26.749 -434.477 -72.241 -0.093 0.006 -0.133 0.987
26.913 -433.886 -72.358 -0.096 0.007 -0.133 0.986
27.077 -433.292 -72.480 -0.099 0.007 -0.133 0.986
27.243 -432.695 -72.608 -0.103 0.008 -0.133 0.986
27.409 -432.095 -72.740 -0.106 0.008 -0.133 0.985
27.576 -431.489 -72.878 -0.110 0.009 -0.133 0.985
27.745 -430.879 -73.023 -0.114 0.009 -0.132 0.985
27.914 -430.261 -73.174 -0.117 0.010 -0.131 0.984
28.085 -429.636 -73.332 -0.121 0.010 -0.131 0.984
28.255 -429.005 -73.498 -0.125 0.011 -0.129 0.984
28.426 -428.369 -73.669 -0.129 0.012 -0.128 0.983
28.594 -427.734 -73.846 -0.133 0.012 -0.127 0.983
28.758 -427.107 -74.027 -0.137 0.013 -0.125 0.983
28.917 -426.491 -74.210 -0.141 0.014 -0.123 0.982
29.069 -425.892 -74.394 -0.145 0.015 -0.121 0.982
29.214 -425.310 -74.578 -0.150 0.016 -0.119 0.981
29.353 -424.741 -74.764 -0.155 0.016 -0.117 0.981
29.487 -424.180 -74.953 -0.159 0.017 -0.114 0.980
29.617 -423.624 -75.147 -0.164 0.018 -0.112 0.980
29.743 -423.068 -75.347 -0.169 0.019 -0.109 0.979
29.867 -422.511 -75.553 -0.174 0.020 -0.106 0.979
29.987 -421.950 -75.766 -0.178 0.022 -0.102 0.978
30.104 -421.385 -75.988 -0.183 0.023 -0.099 0.978
30.217 -420.817 -76.216 -0.188 0.024 -0.095 0.977
30.325 -420.246 -76.452 -0.192 0.025 -0.091 0.977
30.429 -419.673 -76.695 -0.197 0.026 -0.087 0.976
30.527 -419.098 -76.945 -0.202 0.027 -0.083 0.976
30.620 -418.523 -77.201 -0.206 0.029 -0.078 0.975
30.706 -417.948 -77.463 -0.211 0.030 -0.073 0.974
30.786 -417.373 -77.731 -0.215 0.032 -0.069 0.974
30.860 -416.799 -78.004 -0.219 0.033 -0.063 0.973
30.926 -416.226 -78.283 -0.224 0.034 -0.058 0.972
30.985 -415.655 -78.566 -0.228 0.036 -0.053 0.972
31.036 -415.087 -78.855 -0.232 0.037 -0.047 0.971
31.079 -414.521 -79.147 -0.237 0.039 -0.041 0.970
31.115 -413.958 -79.444 -0.241 0.041 -0.035 0.969
31.142 -413.398 -79.746 -0.245 0.042 -0.029 0.968
31.160 -412.842 -80.050 -0.249 0.044 -0.023 0.967
31.171 -412.290 -80.359 -0.254 0.046 -0.017 0.966
31.172 -411.744 -80.670 -0.258 0.047 -0.010 0.965
31.165 -411.203 -80.984 -0.262 0.049 -0.004 0.964
31.149 -410.669 -81.300 -0.266 0.051 0.003 0.963
31.125 -410.143 -81.617 -0.270 0.052 0.009 0.961
31.092 -409.625 -81.934 -0.274 0.054 0.016 0.960
31.052 -409.116 -82.252 -0.278 0.056 0.022 0.959
31.004 -408.616 -82.569 -0.282 0.058 0.029 0.957
30.948 -408.126 -82.885 -0.286 0.059 0.035 0.956
30.886 -407.645 -83.200 -0.289 0.061 0.042 0.954
30.816 -407.173 -83.515 -0.293 0.063 0.048 0.953
