21.502 -475.412 -70.113 -0.002 0.000 -0.003 1.000
21.509 -474.774 -70.116 -0.004 0.000 -0.007 1.000
21.520 -474.136 -70.122 -0.005 0.000 -0.010 1.000
21.535 -473.499 -70.130 -0.007 0.000 -0.014 1.000
21.555 -472.862 -70.141 -0.009 0.000 -0.017 1.000
21.580 -472.227 -70.154 -0.011 0.000 -0.021 1.000
21.608 -471.592 -70.169 -0.013 0.000 -0.024 1.000
21.641 -470.958 -70.187 -0.015 0.000 -0.028 1.000
21.679 -470.325 -70.208 -0.017 0.000 -0.031 0.999
21.720 -469.694 -70.230 -0.019 0.000 -0.034 0.999
21.766 -469.063 -70.256 -0.021 0.000 -0.038 0.999
21.815 -468.433 -70.283 -0.023 0.000 -0.041 0.999
21.869 -467.804 -70.314 -0.025 0.000 -0.044 0.999
21.926 -467.177 -70.346 -0.027 0.000 -0.047 0.999
21.988 -466.551 -70.382 -0.029 0.000 -0.050 0.998
22.053 -465.926 -70.420 -0.031 0.000 -0.053 0.998
22.122 -465.303 -70.460 -0.033 0.000 -0.057 0.998
22.195 -464.680 -70.503 -0.035 0.000 -0.060 0.998
22.271 -464.059 -70.548 -0.037 0.000 -0.062 0.997
22.351 -463.440 -70.596 -0.040 0.000 -0.065 0.997
22.434 -462.823 -70.647 -0.042 0.000 -0.068 0.997
22.521 -462.207 -70.700 -0.044 0.000 -0.071 0.997
22.611 -461.593 -70.756 -0.046 0.000 -0.074 0.996
22.704 -460.980 -70.815 -0.048 0.000 -0.077 0.996
22.801 -460.369 -70.876 -0.051 0.000 -0.079 0.996
22.900 -459.760 -70.940 -0.053 0.000 -0.082 0.995
23.003 -459.152 -71.006 -0.055 0.000 -0.084 0.995
23.108 -458.547 -71.076 -0.057 0.000 -0.087 0.995
23.216 -457.942 -71.148 -0.060 0.001 -0.089 0.994
23.327 -457.340 -71.222 -0.062 0.001 -0.092 0.994
23.441 -456.740 -71.300 -0.064 0.001 -0.094 0.993
23.557 -456.142 -71.380 -0.067 0.001 -0.096 0.993
23.676 -455.545 -71.463 -0.069 0.001 -0.098 0.993
23.797 -454.950 -71.549 -0.072 0.001 -0.101 0.992
23.920 -454.358 -71.638 -0.074 0.001 -0.103 0.992
24.045 -453.767 -71.730 -0.077 0.001 -0.105 0.992
24.173 -453.178 -71.824 -0.079 0.001 -0.106 0.991
24.302 -452.590 -71.922 -0.082 0.001 -0.108 0.991
24.434 -452.005 -72.023 -0.085 0.002 -0.110 0.990
24.567 -451.421 -72.126 -0.087 0.002 -0.111 0.990
24.702 -450.838 -72.233 -0.090 0.002 -0.113 0.990
24.838 -450.257 -72.343 -0.093 0.002 -0.114 0.989
24.976 -449.677 -72.456 -0.095 0.002 -0.116 0.989
25.115 -449.099 -72.572 -0.098 0.002 -0.117 0.988
25.255 -448.522 -72.692 -0.101 0.003 -0.118 0.988
25.396 -447.946 -72.815 -0.104 0.003 -0.119 0.987
25.539 -447.372 -72.941 -0.107 0.003 -0.120 0.987
25.682 -446.798 -73.071 -0.110 0.004 -0.120 0.987
25.825 -446.226 -73.204 -0.113 0.004 -0.121 0.986
25.969 -445.655 -73.341 -0.116 0.004 -0.121 0.986
26.113 -445.085 -73.481 -0.119 0.004 -0.122 0.985
26.258 -444.516 -73.625 -0.122 0.005 -0.122 0.985
26.402 -443.948 -73.772 -0.125 0.005 -0.122 0.985
26.546 -443.381 -73.923 -0.128 0.006 -0.122 0.984
26.689 -442.816 -74.077 -0.131 0.006 -0.121 0.984
26.832 -442.251 -74.235 -0.134 0.006 -0.121 0.984
26.974 -441.688 -74.397 -0.137 0.007 -0.120 0.983
27.115 -441.126 -74.562 -0.140 0.007 -0.120 0.983
27.255 -440.566 -74.731 -0.143 0.008 -0.119 0.982
27.393 -440.006 -74.904 -0.147 0.008 -0.118 0.982
27.530 -439.449 -75.080 -0.150 0.009 -0.117 0.982
27.665 -438.893 -75.259 -0.153 0.010 -0.115 0.981
27.797 -438.338 -75.443 -0.156 0.010 -0.114 0.981
27.928 -437.786 -75.629 -0.160 0.011 -0.112 0.981
28.056 -437.234 -75.820 -0.163 0.011 -0.111 0.980
28.182 -436.685 -76.014 -0.166 0.012 -0.109 0.980
28.305 -436.137 -76.212 -0.170 0.013 -0.107 0.980
28.425 -435.591 -76.413 -0.173 0.014 -0.104 0.979
28.542 -435.047 -76.617 -0.176 0.014 -0.102 0.979
28.656 -434.505 -76.825 -0.180 0.015 -0.100 0.979
28.766 -433.966 -77.036 -0.183 0.016 -0.097 0.978
28.872 -433.428 -77.250 -0.186 0.017 -0.094 0.978
28.975 -432.893 -77.468 -0.190 0.018 -0.091 0.977
29.074 -432.361 -77.689 -0.193 0.019 -0.088 0.977
29.169 -431.830 -77.913 -0.197 0.019 -0.085 0.977
29.259 -431.303 -78.140 -0.200 0.020 -0.082 0.976
29.345 -430.778 -78.370 -0.203 0.021 -0.079 0.976
29.427 -430.256 -78.603 -0.207 0.022 -0.075 0.975
29.504 -429.736 -78.838 -0.210 0.023 -0.072 0.975
29.576 -429.220 -79.077 -0.213 0.024 -0.068 0.974
29.643 -428.706 -79.318 -0.217 0.025 -0.064 0.974
29.706 -428.195 -79.562 -0.220 0.027 -0.060 0.973
29.763 -427.688 -79.809 -0.223 0.028 -0.056 0.973
29.816 -427.183 -80.058 -0.227 0.029 -0.052 0.972
29.863 -426.681 -80.309 -0.230 0.030 -0.048 0.972
29.905 -426.182 -80.563 -0.233 0.031 -0.044 0.971
29.942 -425.686 -80.820 -0.236 0.032 -0.039 0.970
29.974 -425.193 -81.079 -0.240 0.033 -0.035 0.970
30.000 -424.703 -81.340 -0.243 0.035 -0.030 0.969
30.020 -424.216 -81.604 -0.246 0.036 -0.026 0.968
30.036 -423.731 -81.870 -0.249 0.037 -0.021 0.968
30.045 -423.250 -82.138 -0.252 0.038 -0.016 0.967
30.049 -422.771 -82.409 -0.256 0.040 -0.012 0.966
30.048 -422.294 -82.682 -0.259 0.041 -0.007 0.965
30.040 -421.821 -82.957 -0.262 0.042 -0.002 0.964
30.027 -421.350 -83.234 -0.265 0.044 0.003 0.963
30.008 -420.881 -83.514 -0.268 0.045 0.008 0.962
29.983 -420.415 -83.796 -0.271 0.046 0.013 0.961
29.953 -419.951 -84.080 -0.274 0.048 0.019 0.960
29.916 -419.490 -84.367 -0.277 0.049 0.024 0.959
29.873 -419.032 -84.655 -0.280 0.050 0.029 0.958
29.825 -418.575 -84.946 -0.282 0.052 0.034 0.957
29.770 -418.122 -85.238 -0.285 0.053 0.040 0.956
29.709 -417.671 -85.533 -0.288 0.055 0.045 0.955
29.642 -417.222 -85.829 -0.291 0.056 0.051 0.954
29.569 -416.776 -86.128 -0.294 0.058 0.056 0.953
29.489 -416.332 -86.428 -0.296 0.059 0.062 0.951
29.403 -415.891 -86.730 -0.299 0.061 0.067 0.950
29.311 -415.453 -87.034 -0.302 0.062 0.073 0.949
29.213 -415.018 -87.340 -0.304 0.063 0.079 0.947
29.109 -414.585 -87.647 -0.307 0.065 0.084 0.946
28.998 -414.155 -87.956 -0.309 0.067 0.090 0.944
28.880 -413.728 -88.266 -0.312 0.068 0.096 0.943
28.757 -413.304 -88.577 -0.314 0.070 0.101 0.941
28.627 -412.884 -88.890 -0.317 0.071 0.107 0.940
28.491 -412.466 -89.203 -0.319 0.073 0.113 0.938
28.348 -412.052 -89.518 -0.321 0.074 0.119 0.937
28.200 -411.641 -89.833 -0.324 0.076 0.124 0.935
28.045 -411.233 -90.150 -0.326 0.077 0.130 0.933
27.883 -410.828 -90.467 -0.328 0.079 0.136 0.931
27.716 -410.427 -90.785 -0.330 0.081 0.142 0.930
27.542 -410.030 -91.104 -0.333 0.082 0.148 0.928
27.361 -409.636 -91.424 -0.335 0.084 0.154 0.926
27.175 -409.246 -91.743 -0.337 0.085 0.160 0.924
26.982 -408.859 -92.064 -0.339 0.087 0.165 0.922
26.783 -408.476 -92.384 -0.341 0.089 0.171 0.920
26.578 -408.097 -92.705 -0.343 0.090 0.177 0.918
26.367 -407.722 -93.027 -0.345 0.092 0.183 0.916
26.150 -407.350 -93.348 -0.347 0.093 0.189 0.914
25.926 -406.982 -93.670 -0.349 0.095 0.195 0.912
25.696 -406.618 -93.991 -0.350 0.097 0.201 0.910
25.460 -406.258 -94.313 -0.352 0.098 0.207 0.907
25.217 -405.901 -94.636 -0.354 0.100 0.213 0.905
24.968 -405.549 -94.958 -0.356 0.102 0.219 0.903
24.713 -405.200 -95.280 -0.358 0.103 0.225 0.900
24.451 -404.854 -95.603 -0.359 0.105 0.231 0.898
24.183 -404.513 -95.926 -0.361 0.107 0.237 0.896
23.909 -404.176 -96.248 -0.363 0.108 0.243 0.893
23.627 -403.842 -96.571 -0.364 0.110 0.249 0.891
23.340 -403.513 -96.893 -0.366 0.112 0.255 0.888
23.045 -403.187 -97.216 -0.368 0.114 0.261 0.885
22.744 -402.866 -97.538 -0.369 0.115 0.267 0.883
22.437 -402.548 -97.860 -0.371 0.117 0.273 0.880
22.123 -402.235 -98.182 -0.372 0.119 0.280 0.877
21.802 -401.927 -98.504 -0.374 0.121 0.286 0.874
21.474 -401.623 -98.825 -0.375 0.122 0.292 0.871
21.140 -401.323 -99.145 -0.377 0.124 0.298 0.868
20.799 -401.028 -99.465 -0.378 0.126 0.304 0.865
20.452 -400.738 -99.784 -0.379 0.128 0.311 0.862
20.098 -400.453 -100.102 -0.381 0.129 0.317 0.859
19.738 -400.173 -100.419 -0.382 0.131 0.323 0.856
19.371 -399.899 -100.735 -0.384 0.133 0.329 0.852
18.998 -399.629 -101.050 -0.385 0.135 0.336 0.849
18.620 -399.366 -101.363 -0.386 0.137 0.342 0.846
18.235 -399.108 -101.674 -0.388 0.138 0.348 0.842
17.845 -398.856 -101.984 -0.389 0.140 0.355 0.839
17.449 -398.610 -102.292 -0.390 0.142 0.361 0.835
17.048 -398.370 -102.597 -0.391 0.144 0.367 0.832
16.641 -398.136 -102.901 -0.393 0.145 0.373 0.828
16.230 -397.909 -103.202 -0.394 0.147 0.379 0.824
15.814 -397.688 -103.500 -0.395 0.149 0.386 0.820
15.393 -397.473 -103.796 -0.396 0.151 0.392 0.817
14.967 -397.265 -104.090 -0.397 0.152 0.398 0.813
14.538 -397.063 -104.380 -0.398 0.154 0.404 0.809
14.104 -396.868 -104.668 -0.399 0.156 0.410 0.805
13.666 -396.680 -104.953 -0.400 0.157 0.416 0.801
13.224 -396.498 -105.235 -0.401 0.159 0.422 0.797
12.778 -396.323 -105.514 -0.403 0.161 0.428 0.793
12.329 -396.155 -105.790 -0.404 0.162 0.434 0.789
11.876 -395.993 -106.063 -0.405 0.164 0.439 0.785
11.419 -395.838 -106.333 -0.405 0.166 0.445 0.781
10.959 -395.690 -106.600 -0.406 0.167 0.451 0.777
10.496 -395.548 -106.863 -0.407 0.169 0.457 0.773
10.030 -395.413 -107.124 -0.408 0.170 0.462 0.769
9.561 -395.285 -107.381 -0.409 0.172 0.468 0.764
9.089 -395.163 -107.635 -0.410 0.173 0.474 0.760
8.614 -395.048 -107.886 -0.411 0.175 0.479 0.756
8.136 -394.940 -108.133 -0.412 0.176 0.485 0.751
7.655 -394.839 -108.377 -0.413 0.178 0.490 0.747
7.173 -394.744 -108.618 -0.413 0.179 0.496 0.743
6.687 -394.656 -108.855 -0.414 0.181 0.501 0.738
6.200 -394.575 -109.089 -0.415 0.182 0.506 0.734
5.710 -394.500 -109.319 -0.416 0.183 0.512 0.729
5.218 -394.432 -109.545 -0.416 0.185 0.517 0.725
4.724 -394.371 -109.769 -0.417 0.186 0.522 0.720
4.228 -394.317 -109.988 -0.418 0.187 0.528 0.715
3.731 -394.269 -110.204 -0.418 0.189 0.533 0.711
3.232 -394.228 -110.416 -0.419 0.190 0.538 0.706
2.731 -394.194 -110.625 -0.420 0.191 0.543 0.701
2.229 -394.166 -110.830 -0.420 0.193 0.548 0.697
1.726 -394.145 -111.031 -0.421 0.194 0.554 0.692
1.221 -394.130 -111.228 -0.421 0.195 0.559 0.687
0.716 -394.123 -111.422 -0.422 0.197 0.564 0.682
0.209 -394.122 -111.612 -0.423 0.198 0.569 0.677
-0.299 -394.127 -111.798 -0.423 0.199 0.574 0.673
-0.807 -394.139 -111.980 -0.424 0.200 0.579 0.668
-1.316 -394.158 -112.159 -0.424 0.201 0.583 0.663
-1.825 -394.183 -112.333 -0.425 0.203 0.588 0.658
-2.335 -394.214 -112.504 -0.425 0.204 0.593 0.653
-2.845 -394.252 -112.670 -0.426 0.205 0.598 0.648
-3.355 -394.297 -112.833 -0.426 0.206 0.603 0.643
-3.866 -394.348 -112.992 -0.426 0.207 0.607 0.638
-4.376 -394.406 -113.147 -0.427 0.208 0.612 0.633
-4.886 -394.469 -113.297 -0.427 0.209 0.616 0.627
-5.396 -394.539 -113.444 -0.428 0.210 0.621 0.622
-5.906 -394.616 -113.587 -0.428 0.211 0.626 0.617
-6.415 -394.699 -113.726 -0.428 0.212 0.630 0.612
-6.924 -394.788 -113.861 -0.429 0.213 0.635 0.607
-7.432 -394.883 -113.993 -0.429 0.214 0.639 0.602
-7.940 -394.984 -114.120 -0.429 0.215 0.643 0.596
-8.447 -395.092 -114.243 -0.429 0.216 0.648 0.591
-8.953 -395.206 -114.362 -0.430 0.217 0.652 0.586
-9.458 -395.326 -114.478 -0.430 0.218 0.656 0.580
-9.963 -395.452 -114.589 -0.430 0.219 0.661 0.575
-10.466 -395.585 -114.697 -0.431 0.219 0.665 0.570
-10.969 -395.723 -114.801 -0.431 0.220 0.669 0.564
-11.471 -395.868 -114.901 -0.431 0.221 0.673 0.559
-11.972 -396.018 -114.997 -0.431 0.222 0.677 0.553
-12.471 -396.175 -115.089 -0.432 0.222 0.681 0.548
-12.970 -396.338 -115.177 -0.432 0.223 0.685 0.543
-13.467 -396.507 -115.262 -0.432 0.224 0.689 0.537
-13.963 -396.682 -115.343 -0.432 0.224 0.693 0.531
-14.457 -396.863 -115.420 -0.432 0.225 0.697 0.526
-14.951 -397.051 -115.494 -0.433 0.225 0.701 0.520
-15.443 -397.244 -115.563 -0.433 0.226 0.705 0.515
-15.934 -397.444 -115.629 -0.433 0.226 0.709 0.509
-16.423 -397.649 -115.692 -0.433 0.227 0.712 0.504
-16.911 -397.861 -115.751 -0.433 0.227 0.716 0.498
-17.397 -398.079 -115.806 -0.434 0.227 0.720 0.492
-17.883 -398.303 -115.858 -0.434 0.228 0.723 0.487
-18.366 -398.533 -115.906 -0.434 0.228 0.727 0.481
-18.849 -398.770 -115.951 -0.434 0.228 0.730 0.476
-19.329 -399.012 -115.993 -0.435 0.228 0.734 0.470
-19.809 -399.261 -116.031 -0.435 0.228 0.737 0.464
-20.286 -399.516 -116.066 -0.435 0.228 0.740 0.459
-20.762 -399.776 -116.098 -0.435 0.228 0.744 0.453
-21.236 -400.043 -116.126 -0.435 0.228 0.747 0.448
-21.707 -400.315 -116.151 -0.436 0.228 0.750 0.443
-22.175 -400.592 -116.174 -0.436 0.228 0.753 0.437
-22.641 -400.875 -116.192 -0.436 0.228 0.756 0.432
-23.103 -401.163 -116.208 -0.436 0.228 0.759 0.426
-23.562 -401.455 -116.221 -0.436 0.228 0.762 0.421
-24.018 -401.753 -116.231 -0.437 0.227 0.765 0.416
-24.470 -402.055 -116.237 -0.437 0.227 0.768 0.410
-24.919 -402.362 -116.241 -0.437 0.227 0.770 0.405
-25.364 -402.673 -116.242 -0.437 0.227 0.773 0.400
-25.806 -402.990 -116.240 -0.437 0.226 0.776 0.394
-26.244 -403.310 -116.235 -0.437 0.226 0.779 0.389
-26.678 -403.635 -116.227 -0.437 0.226 0.781 0.384
-27.109 -403.965 -116.216 -0.437 0.225 0.784 0.379
-27.536 -404.298 -116.203 -0.438 0.225 0.786 0.374
-27.959 -404.636 -116.187 -0.438 0.225 0.789 0.369
-28.379 -404.978 -116.168 -0.438 0.224 0.791 0.363
-28.795 -405.324 -116.147 -0.438 0.224 0.794 0.358
-29.207 -405.674 -116.123 -0.438 0.223 0.796 0.353
-29.616 -406.029 -116.097 -0.438 0.223 0.798 0.348
-30.020 -406.386 -116.068 -0.438 0.222 0.800 0.343
-30.421 -406.748 -116.037 -0.438 0.222 0.803 0.338
-30.818 -407.114 -116.003 -0.438 0.221 0.805 0.333
-31.211 -407.483 -115.967 -0.438 0.221 0.807 0.328
-31.600 -407.856 -115.929 -0.438 0.220 0.809 0.324
-31.985 -408.233 -115.889 -0.438 0.220 0.811 0.319
-32.366 -408.613 -115.846 -0.438 0.219 0.813 0.314
-32.744 -408.996 -115.801 -0.438 0.218 0.815 0.309
-33.117 -409.383 -115.754 -0.438 0.218 0.817 0.304
-33.486 -409.774 -115.705 -0.438 0.217 0.819 0.299
-33.852 -410.167 -115.653 -0.438 0.216 0.821 0.295
-34.214 -410.565 -115.600 -0.438 0.216 0.823 0.290
-34.571 -410.965 -115.544 -0.438 0.215 0.825 0.285
-34.925 -411.369 -115.487 -0.438 0.214 0.827 0.281
-35.275 -411.776 -115.428 -0.438 0.213 0.828 0.276
-35.621 -412.186 -115.366 -0.438 0.213 0.830 0.271
-35.963 -412.600 -115.303 -0.438 0.212 0.832 0.267
-36.301 -413.016 -115.238 -0.438 0.211 0.833 0.262
-36.635 -413.435 -115.172 -0.438 0.210 0.835 0.258
-36.965 -413.858 -115.103 -0.438 0.209 0.837 0.253
-37.291 -414.284 -115.033 -0.438 0.208 0.838 0.249
-37.614 -414.712 -114.961 -0.438 0.207 0.840 0.244
-37.932 -415.144 -114.888 -0.438 0.206 0.841 0.240
-38.246 -415.578 -114.813 -0.438 0.205 0.843 0.236
-38.557 -416.016 -114.737 -0.438 0.204 0.844 0.231
-38.863 -416.456 -114.659 -0.438 0.203 0.846 0.227
-39.166 -416.898 -114.579 -0.438 0.202 0.847 0.223
-39.465 -417.344 -114.498 -0.438 0.201 0.848 0.218
-39.759 -417.792 -114.416 -0.438 0.200 0.850 0.214
-40.050 -418.244 -114.332 -0.438 0.199 0.851 0.210
-40.337 -418.698 -114.247 -0.438 0.198 0.852 0.206
-40.620 -419.155 -114.161 -0.438 0.197 0.854 0.201
-40.899 -419.614 -114.074 -0.438 0.196 0.855 0.197
-41.175 -420.076 -113.985 -0.438 0.195 0.856 0.193
-41.446 -420.541 -113.894 -0.438 0.193 0.857 0.189
-41.713 -421.009 -113.803 -0.438 0.192 0.859 0.185
-41.977 -421.480 -113.710 -0.438 0.191 0.860 0.180
-42.236 -421.953 -113.617 -0.438 0.190 0.861 0.176
-42.491 -422.429 -113.521 -0.438 0.188 0.862 0.172
-42.743 -422.908 -113.425 -0.437 0.187 0.863 0.168
-42.990 -423.389 -113.328 -0.437 0.186 0.864 0.164
-43.233 -423.873 -113.229 -0.437 0.185 0.866 0.159
-43.472 -424.359 -113.129 -0.437 0.183 0.867 0.155
-43.706 -424.848 -113.028 -0.437 0.182 0.868 0.151
-43.937 -425.340 -112.925 -0.437 0.181 0.869 0.147
-44.163 -425.834 -112.822 -0.437 0.180 0.870 0.142
-44.384 -426.331 -112.717 -0.437 0.178 0.871 0.138
-44.601 -426.830 -112.612 -0.436 0.177 0.872 0.134
-44.814 -427.331 -112.505 -0.436 0.176 0.873 0.129
-45.022 -427.835 -112.397 -0.436 0.174 0.874 0.125
-45.226 -428.341 -112.287 -0.436 0.173 0.875 0.121
-45.424 -428.848 -112.177 -0.436 0.171 0.876 0.116
-45.619 -429.359 -112.065 -0.435 0.170 0.877 0.112
-45.808 -429.871 -111.953 -0.435 0.169 0.878 0.107
-45.992 -430.386 -111.839 -0.435 0.167 0.879 0.103
-46.172 -430.902 -111.724 -0.435 0.166 0.880 0.098
-46.347 -431.421 -111.608 -0.434 0.165 0.881 0.094
-46.516 -431.940 -111.491 -0.434 0.163 0.881 0.089
-46.681 -432.462 -111.373 -0.434 0.162 0.882 0.085
-46.841 -432.986 -111.254 -0.434 0.160 0.883 0.080
-46.995 -433.510 -111.133 -0.433 0.159 0.884 0.075
-47.145 -434.038 -111.012 -0.433 0.157 0.885 0.071
-47.289 -434.566 -110.889 -0.433 0.156 0.885 0.066
-47.428 -435.095 -110.766 -0.432 0.155 0.886 0.062
-47.561 -435.626 -110.641 -0.432 0.153 0.887 0.057
-47.690 -436.158 -110.516 -0.432 0.152 0.888 0.052
-47.813 -436.692 -110.390 -0.431 0.150 0.888 0.048
-47.930 -437.227 -110.262 -0.431 0.149 0.889 0.043
-48.043 -437.763 -110.134 -0.430 0.147 0.890 0.038
-48.149 -438.299 -110.004 -0.430 0.146 0.890 0.034
-48.251 -438.838 -109.874 -0.430 0.144 0.891 0.029
-48.347 -439.377 -109.742 -0.429 0.143 0.892 0.024
-48.437 -439.916 -109.610 -0.429 0.141 0.892 0.019
-48.522 -440.457 -109.477 -0.428 0.140 0.893 0.015
-48.601 -440.999 -109.343 -0.428 0.138 0.893 0.010
-48.675 -441.541 -109.208 -0.427 0.137 0.894 0.005
-48.743 -442.083 -109.072 -0.427 0.135 0.894 0.000
-48.806 -442.626 -108.936 -0.426 0.134 0.895 -0.004
-48.863 -443.170 -108.798 -0.426 0.132 0.895 -0.009
-48.914 -443.715 -108.660 -0.425 0.131 0.895 -0.014
-48.960 -444.259 -108.521 -0.425 0.129 0.896 -0.019
-49.000 -444.803 -108.381 -0.424 0.128 0.896 -0.024
-49.035 -445.349 -108.240 -0.424 0.126 0.897 -0.028
-49.063 -445.894 -108.098 -0.423 0.125 0.897 -0.033
-49.086 -446.440 -107.956 -0.423 0.123 0.897 -0.038
-49.104 -446.986 -107.813 -0.422 0.121 0.897 -0.043
-49.115 -447.533 -107.669 -0.421 0.120 0.898 -0.047
