21.502 -475.414 -70.113 -0.002 0.000 -0.003 1.000
21.508 -474.777 -70.116 -0.004 0.000 -0.007 1.000
21.519 -474.141 -70.122 -0.005 0.000 -0.010 1.000
21.535 -473.506 -70.130 -0.007 0.000 -0.014 1.000
21.554 -472.872 -70.141 -0.009 0.000 -0.017 1.000
21.578 -472.238 -70.154 -0.011 0.000 -0.021 1.000
21.606 -471.605 -70.170 -0.013 0.000 -0.024 1.000
21.639 -470.973 -70.187 -0.015 0.000 -0.027 1.000
21.675 -470.342 -70.208 -0.017 0.000 -0.031 0.999
21.716 -469.712 -70.231 -0.019 0.000 -0.034 0.999
21.761 -469.083 -70.256 -0.021 0.000 -0.037 0.999
21.809 -468.455 -70.284 -0.023 0.000 -0.040 0.999
21.862 -467.828 -70.314 -0.025 0.000 -0.043 0.999
21.919 -467.202 -70.347 -0.027 0.000 -0.047 0.999
21.979 -466.578 -70.382 -0.029 0.000 -0.050 0.998
22.043 -465.954 -70.420 -0.031 0.000 -0.053 0.998
22.111 -465.333 -70.461 -0.033 0.000 -0.056 0.998
22.182 -464.712 -70.503 -0.035 0.000 -0.059 0.998
22.257 -464.093 -70.549 -0.037 0.000 -0.062 0.997
22.336 -463.475 -70.597 -0.040 0.000 -0.064 0.997
22.418 -462.859 -70.648 -0.042 0.000 -0.067 0.997
22.503 -462.244 -70.701 -0.044 0.000 -0.070 0.997
22.592 -461.631 -70.757 -0.046 0.000 -0.073 0.996
22.684 -461.019 -70.815 -0.048 0.000 -0.076 0.996
22.778 -460.409 -70.877 -0.051 0.000 -0.078 0.996
22.876 -459.801 -70.940 -0.053 0.000 -0.081 0.995
22.977 -459.195 -71.007 -0.055 0.000 -0.083 0.995
23.081 -458.590 -71.076 -0.057 0.000 -0.086 0.995
23.188 -457.987 -71.148 -0.060 0.001 -0.088 0.994
23.297 -457.386 -71.223 -0.062 0.001 -0.091 0.994
23.409 -456.787 -71.300 -0.065 0.001 -0.093 0.994
23.524 -456.189 -71.380 -0.067 0.001 -0.095 0.993
23.640 -455.594 -71.463 -0.069 0.001 -0.097 0.993
23.760 -455.000 -71.549 -0.072 0.001 -0.099 0.992
23.881 -454.408 -71.638 -0.074 0.001 -0.101 0.992
24.005 -453.818 -71.730 -0.077 0.001 -0.103 0.992
24.131 -453.230 -71.824 -0.079 0.001 -0.105 0.991
24.258 -452.643 -71.922 -0.082 0.001 -0.107 0.991
24.388 -452.059 -72.022 -0.085 0.002 -0.109 0.990
24.519 -451.475 -72.125 -0.087 0.002 -0.110 0.990
24.652 -450.893 -72.232 -0.090 0.002 -0.112 0.990
24.787 -450.313 -72.342 -0.093 0.002 -0.113 0.989
24.923 -449.734 -72.454 -0.095 0.002 -0.114 0.989
25.060 -449.157 -72.570 -0.098 0.002 -0.116 0.988
25.199 -448.581 -72.690 -0.101 0.003 -0.117 0.988
25.338 -448.006 -72.812 -0.104 0.003 -0.118 0.988
25.479 -447.432 -72.938 -0.107 0.003 -0.119 0.987
25.620 -446.860 -73.067 -0.110 0.003 -0.119 0.987
25.762 -446.289 -73.200 -0.112 0.004 -0.120 0.986
25.904 -445.718 -73.336 -0.115 0.004 -0.120 0.986
26.047 -445.149 -73.476 -0.118 0.004 -0.121 0.986
26.190 -444.581 -73.619 -0.121 0.005 -0.121 0.985
26.332 -444.014 -73.766 -0.124 0.005 -0.121 0.985
26.475 -443.449 -73.916 -0.127 0.005 -0.121 0.984
26.617 -442.884 -74.070 -0.131 0.006 -0.120 0.984
26.758 -442.321 -74.227 -0.134 0.006 -0.120 0.984
26.898 -441.759 -74.388 -0.137 0.007 -0.119 0.983
27.038 -441.198 -74.553 -0.140 0.007 -0.119 0.983
27.176 -440.638 -74.721 -0.143 0.008 -0.118 0.983
27.313 -440.080 -74.893 -0.146 0.008 -0.117 0.982
27.449 -439.523 -75.068 -0.150 0.009 -0.116 0.982
27.582 -438.968 -75.247 -0.153 0.009 -0.115 0.982
27.714 -438.415 -75.429 -0.156 0.010 -0.113 0.981
27.844 -437.863 -75.615 -0.159 0.011 -0.112 0.981
27.971 -437.312 -75.805 -0.163 0.011 -0.110 0.980
28.096 -436.764 -75.998 -0.166 0.012 -0.108 0.980
28.218 -436.217 -76.195 -0.169 0.013 -0.106 0.980
28.337 -435.672 -76.395 -0.173 0.013 -0.104 0.979
28.453 -435.129 -76.598 -0.176 0.014 -0.102 0.979
28.566 -434.588 -76.805 -0.179 0.015 -0.099 0.979
28.675 -434.049 -77.015 -0.183 0.016 -0.097 0.978
28.781 -433.512 -77.229 -0.186 0.016 -0.094 0.978
28.884 -432.978 -77.445 -0.189 0.017 -0.091 0.978
28.982 -432.446 -77.665 -0.193 0.018 -0.088 0.977
29.076 -431.917 -77.888 -0.196 0.019 -0.085 0.977
29.166 -431.390 -78.114 -0.199 0.020 -0.082 0.976
29.252 -430.865 -78.343 -0.203 0.021 -0.079 0.976
29.334 -430.344 -78.575 -0.206 0.022 -0.075 0.975
29.410 -429.825 -78.810 -0.209 0.023 -0.072 0.975
29.483 -429.309 -79.047 -0.213 0.024 -0.068 0.974
29.550 -428.795 -79.287 -0.216 0.025 -0.064 0.974
29.613 -428.285 -79.530 -0.219 0.026 -0.060 0.973
29.670 -427.778 -79.776 -0.223 0.027 -0.056 0.973
29.723 -427.274 -80.024 -0.226 0.028 -0.052 0.972
29.771 -426.773 -80.274 -0.229 0.029 -0.048 0.972
29.813 -426.274 -80.527 -0.233 0.030 -0.044 0.971
29.851 -425.779 -80.783 -0.236 0.032 -0.040 0.970
29.883 -425.286 -81.041 -0.239 0.033 -0.035 0.970
29.909 -424.796 -81.301 -0.242 0.034 -0.031 0.969
29.931 -424.310 -81.564 -0.245 0.035 -0.026 0.968
29.946 -423.826 -81.828 -0.249 0.036 -0.022 0.968
29.957 -423.344 -82.096 -0.252 0.038 -0.017 0.967
29.962 -422.866 -82.365 -0.255 0.039 -0.012 0.966
29.961 -422.391 -82.637 -0.258 0.040 -0.007 0.965
29.954 -421.918 -82.911 -0.261 0.042 -0.002 0.964
29.942 -421.447 -83.187 -0.264 0.043 0.002 0.964
29.924 -420.979 -83.465 -0.267 0.044 0.008 0.963
29.901 -420.514 -83.746 -0.270 0.046 0.013 0.962
29.871 -420.050 -84.029 -0.273 0.047 0.018 0.961
29.836 -419.590 -84.314 -0.276 0.048 0.023 0.960
29.794 -419.132 -84.602 -0.279 0.050 0.028 0.959
29.747 -418.676 -84.891 -0.282 0.051 0.033 0.958
29.694 -418.223 -85.182 -0.285 0.052 0.039 0.956
29.634 -417.772 -85.476 -0.287 0.054 0.044 0.955
29.569 -417.324 -85.771 -0.290 0.055 0.050 0.954
29.497 -416.879 -86.069 -0.293 0.057 0.055 0.953
29.419 -416.436 -86.368 -0.296 0.058 0.061 0.952
29.335 -415.995 -86.669 -0.298 0.060 0.066 0.950
29.245 -415.558 -86.972 -0.301 0.061 0.072 0.949
29.149 -415.122 -87.276 -0.304 0.063 0.077 0.948
29.046 -414.690 -87.582 -0.306 0.064 0.083 0.946
28.937 -414.260 -87.890 -0.309 0.066 0.088 0.945
28.822 -413.833 -88.199 -0.311 0.067 0.094 0.943
28.700 -413.410 -88.509 -0.314 0.069 0.100 0.942
28.572 -412.989 -88.821 -0.316 0.070 0.106 0.940
28.438 -412.571 -89.134 -0.318 0.072 0.111 0.939
28.298 -412.157 -89.447 -0.321 0.073 0.117 0.937
28.151 -411.746 -89.762 -0.323 0.075 0.123 0.935
27.999 -411.339 -90.078 -0.325 0.076 0.129 0.934
27.840 -410.934 -90.394 -0.328 0.078 0.134 0.932
27.674 -410.533 -90.711 -0.330 0.080 0.140 0.930
27.503 -410.136 -91.029 -0.332 0.081 0.146 0.928
27.325 -409.742 -91.348 -0.334 0.083 0.152 0.927
27.141 -409.351 -91.667 -0.336 0.084 0.158 0.925
26.951 -408.964 -91.987 -0.338 0.086 0.164 0.923
26.755 -408.581 -92.307 -0.340 0.088 0.169 0.921
26.552 -408.201 -92.627 -0.342 0.089 0.175 0.919
26.344 -407.826 -92.948 -0.344 0.091 0.181 0.917
26.129 -407.454 -93.268 -0.346 0.092 0.187 0.915
25.908 -407.086 -93.590 -0.348 0.094 0.193 0.913
25.681 -406.721 -93.911 -0.350 0.096 0.199 0.910
25.447 -406.360 -94.232 -0.352 0.097 0.205 0.908
25.208 -406.003 -94.554 -0.354 0.099 0.211 0.906
24.962 -405.650 -94.876 -0.355 0.101 0.217 0.904
24.710 -405.301 -95.198 -0.357 0.102 0.223 0.901
24.451 -404.955 -95.520 -0.359 0.104 0.229 0.899
24.186 -404.613 -95.842 -0.361 0.106 0.235 0.897
23.915 -404.275 -96.164 -0.362 0.107 0.241 0.894
23.637 -403.941 -96.486 -0.364 0.109 0.247 0.892
23.352 -403.610 -96.808 -0.365 0.111 0.253 0.889
23.061 -403.284 -97.131 -0.367 0.112 0.259 0.886
22.763 -402.962 -97.453 -0.369 0.114 0.265 0.884
22.459 -402.644 -97.775 -0.370 0.116 0.271 0.881
22.148 -402.330 -98.096 -0.372 0.118 0.277 0.878
21.831 -402.020 -98.418 -0.373 0.119 0.283 0.875
21.507 -401.714 -98.739 -0.375 0.121 0.289 0.872
21.176 -401.414 -99.059 -0.376 0.123 0.296 0.869
20.838 -401.117 -99.379 -0.378 0.125 0.302 0.866
20.494 -400.826 -99.699 -0.379 0.126 0.308 0.863
20.144 -400.540 -100.017 -0.380 0.128 0.314 0.860
19.787 -400.258 -100.334 -0.382 0.130 0.321 0.857
19.424 -399.982 -100.651 -0.383 0.132 0.327 0.854
19.054 -399.711 -100.966 -0.385 0.134 0.333 0.850
18.679 -399.446 -101.279 -0.386 0.135 0.339 0.847
18.298 -399.186 -101.591 -0.387 0.137 0.346 0.844
17.910 -398.932 -101.902 -0.388 0.139 0.352 0.840
17.518 -398.684 -102.210 -0.390 0.141 0.358 0.837
17.119 -398.441 -102.517 -0.391 0.143 0.364 0.833
16.716 -398.205 -102.821 -0.392 0.144 0.371 0.829
16.308 -397.976 -103.123 -0.393 0.146 0.377 0.826
15.894 -397.752 -103.422 -0.395 0.148 0.383 0.822
15.476 -397.535 -103.719 -0.396 0.149 0.389 0.818
15.054 -397.325 -104.014 -0.397 0.151 0.395 0.815
14.627 -397.121 -104.306 -0.398 0.153 0.401 0.811
14.195 -396.924 -104.595 -0.399 0.155 0.407 0.807
13.760 -396.733 -104.881 -0.400 0.156 0.413 0.803
13.321 -396.549 -105.164 -0.401 0.158 0.419 0.799
12.878 -396.371 -105.444 -0.402 0.160 0.425 0.795
12.431 -396.200 -105.722 -0.403 0.161 0.431 0.791
11.981 -396.035 -105.996 -0.404 0.163 0.437 0.787
11.527 -395.878 -106.267 -0.405 0.164 0.442 0.783
11.069 -395.727 -106.535 -0.406 0.166 0.448 0.779
10.609 -395.582 -106.801 -0.407 0.167 0.454 0.775
10.145 -395.445 -107.062 -0.408 0.169 0.460 0.771
9.678 -395.314 -107.321 -0.409 0.171 0.465 0.766
9.209 -395.189 -107.576 -0.410 0.172 0.471 0.762
8.736 -395.072 -107.829 -0.411 0.174 0.476 0.758
8.261 -394.961 -108.077 -0.412 0.175 0.482 0.753
7.783 -394.856 -108.323 -0.412 0.177 0.487 0.749
7.302 -394.759 -108.565 -0.413 0.178 0.493 0.745
6.819 -394.668 -108.804 -0.414 0.179 0.498 0.740
6.334 -394.583 -109.039 -0.415 0.181 0.504 0.7