21.502 -475.414 -70.113 
21.508 -474.777 -70.116 
21.519 -474.141 -70.122 
21.535 -473.506 -70.130 
21.554 -472.872 -70.141 
21.578 -472.238 -70.154 
21.606 -471.605 -70.170 
21.639 -470.973 -70.187 
21.675 -470.342 -70.208 
21.716 -469.712 -70.231 
21.761 -469.083 -70.256 
21.809 -468.455 -70.284 
21.862 -467.828 -70.314 
21.919 -467.202 -70.347 
21.979 -466.578 -70.382 
22.043 -465.954 -70.420 
22.111 -465.333 -70.461 
22.182 -464.712 -70.503 
22.257 -464.093 -70.549 
22.336 -463.475 -70.597 
22.418 -462.859 -70.648 
22.503 -462.244 -70.701 
22.592 -461.631 -70.757 
22.684 -461.019 -70.815 
22.778 -460.409 -70.877 
22.876 -459.801 -70.940 
22.977 -459.195 -71.007 
23.081 -458.590 -71.076 
23.188 -457.987 -71.148 
23.297 -457.386 -71.223 
23.409 -456.787 -71.300 
23.524 -456.189 -71.380 
23.640 -455.594 -71.463 
23.760 -455.000 -71.549 
23.881 -454.408 -71.638 
24.005 -453.818 -71.730 
24.131 -453.230 -71.824 
24.258 -452.643 -71.922 
24.388 -452.059 -72.022 
24.519 -451.475 -72.125 
24.652 -450.893 -72.232 
24.787 -450.313 -72.342 
24.923 -449.734 -72.454 
25.060 -449.157 -72.570 
25.199 -448.581 -72.690 
25.338 -448.006 -72.812 
25.479 -447.432 -72.938 
25.620 -446.860 -73.067 
25.762 -446.289 -73.200 
25.904 -445.718 -73.336 
26.047 -445.149 -73.476 
26.190 -444.581 -73.619 
26.332 -444.014 -73.766 
26.475 -443.449 -73.916 
26.617 -442.884 -74.070 
26.758 -442.321 -74.227 
26.898 -441.759 -74.388 
27.038 -441.198 -74.553 
27.176 -440.638 -74.721 
27.313 -440.080 -74.893 
27.449 -439.523 -75.068 
27.582 -438.968 -75.247 
27.714 -438.415 -75.429 
27.844 -437.863 -75.615 
27.971 -437.312 -75.805 
28.096 -436.764 -75.998 
28.218 -436.217 -76.195 
28.337 -435.672 -76.395 
28.453 -435.129 -76.598 
28.566 -434.588 -76.805 
28.675 -434.049 -77.015 
28.781 -433.512 -77.229 
28.884 -432.978 -77.445 
28.982 -432.446 -77.665 
29.076 -431.917 -77.888 
29.166 -431.390 -78.114 
29.252 -430.865 -78.343 
29.334 -430.344 -78.575 
29.410 -429.825 -78.810 
29.483 -429.309 -79.047 
29.550 -428.795 -79.287 
29.613 -428.285 -79.530 
29.670 -427.778 -79.776 
29.723 -427.274 -80.024 
29.771 -426.773 -80.274 
29.813 -426.274 -80.527 
29.851 -425.779 -80.783 
29.883 -425.286 -81.041 
29.909 -424.796 -81.301 
29.931 -424.310 -81.564 
29.946 -423.826 -81.828 
29.957 -423.344 -82.096 
29.962 -422.866 -82.365 
29.961 -422.391 -82.637 
29.954 -421.918 -82.911 
29.942 -421.447 -83.187 
29.924 -420.979 -83.465 
29.901 -420.514 -83.746 
29.871 -420.050 -84.029 
29.836 -419.590 -84.314 
29.794 -419.132 -84.602 
29.747 -418.676 -84.891 
29.694 -418.223 -85.182 
29.634 -417.772 -85.476 
29.569 -417.324 -85.771 
29.497 -416.879 -86.069 
29.419 -416.436 -86.368 
29.335 -415.995 -86.669 
29.245 -415.558 -86.972 
29.149 -415.122 -87.276 
29.046 -414.690 -87.582 
28.937 -414.260 -87.890 
28.822 -413.833 -88.199 
28.700 -413.410 -88.509 
28.572 -412.989 -88.821 
28.438 -412.571 -89.134 
28.298 -412.157 -89.447 
28.151 -411.746 -89.762 
27.999 -411.339 -90.078 
27.840 -410.934 -90.394 
27.674 -410.533 -90.711 
27.503 -410.136 -91.029 
27.325 -409.742 -91.348 
27.141 -409.351 -91.667 
26.951 -408.964 -91.987 
26.755 -408.581 -92.307 
26.552 -408.201 -92.627 
26.344 -407.826 -92.948 
26.129 -407.454 -93.268 
25.908 -407.086 -93.590 
25.681 -406.721 -93.911 
25.447 -406.360 -94.232 
25.208 -406.003 -94.554 
24.962 -405.650 -94.876 
24.710 -405.301 -95.198 
24.451 -404.955 -95.520 
24.186 -404.613 -95.842 
23.915 -404.275 -96.164 
23.637 -403.941 -96.486 
23.352 -403.610 -96.808 
23.061 -403.284 -97.131 
22.763 -402.962 -97.453 
22.459 -402.644 -97.775 
22.148 -402.330 -98.096 
21.831 -402.020 -98.418 
21.507 -401.714 -98.739 
21.176 -401.414 -99.059 
20.838 -401.117 -99.379 
20.494 -400.826 -99.699 
20.144 -400.540 -100.017 
19.787 -400.258 -100.334 
19.424 -399.982 -100.651 
19.054 -399.711 -100.966 
18.679 -399.446 -101.279 
18.298 -399.186 -101.591 
17.910 -398.932 -101.902 
17.518 -398.684 -102.210 
17.119