21.500 -475.466 -70.112 
21.500 -474.883 -70.112 
21.500 -474.298 -70.111 
21.499 -473.710 -70.110 
21.499 -473.119 -70.109 
21.499 -472.526 -70.107 
21.500 -471.929 -70.105 
21.501 -471.329 -70.102 
21.502 -470.726 -70.100 
21.505 -470.120 -70.096 
21.508 -469.510 -70.093 
21.513 -468.898 -70.090 
21.520 -468.283 -70.086 
21.528 -467.665 -70.083 
21.539 -467.045 -70.080 
21.551 -466.422 -70.077 
21.566 -465.798 -70.074 
21.584 -465.171 -70.072 
21.604 -464.543 -70.071 
21.628 -463.914 -70.070 
21.654 -463.283 -70.070 
21.684 -462.651 -70.071 
21.717 -462.018 -70.073 
21.753 -461.385 -70.076 
21.793 -460.750 -70.080 
21.837 -460.116 -70.086 
21.885 -459.481 -70.092 
21.936 -458.846 -70.100 
21.991 -458.211 -70.110 
22.050 -457.577 -70.121 
22.113 -456.944 -70.134 
22.180 -456.310 -70.148 
22.251 -455.678 -70.164 
22.326 -455.046 -70.182 
22.405 -454.416 -70.202 
22.488 -453.787 -70.223 
22.575 -453.159 -70.247 
22.665 -452.532 -70.272 
22.760 -451.907 -70.300 
22.858 -451.283 -70.330 
22.960 -450.661 -70.361 
23.066 -450.040 -70.395 
23.175 -449.422 -70.432 
23.288 -448.805 -70.471 
23.404 -448.190 -70.512 
23.523 -447.577 -70.555 
23.646 -446.966 -70.601 
23.772 -446.356 -70.649 
23.901 -445.749 -70.701 
24.032 -445.144 -70.754 
24.167 -444.541 -70.811 
24.304 -443.939 -70.870 
24.443 -443.340 -70.932 
24.585 -442.742 -70.996 
24.729 -442.145 -71.064 
24.875 -441.551 -71.135 
25.023 -440.957 -71.208 
25.173 -440.365 -71.285 
25.324 -439.775 -71.365 
25.478 -439.185 -71.448 
25.632 -438.596 -71.534 
25.788 -438.007 -71.624 
25.946 -437.419 -71.717 
26.104 -436.832 -71.814 
26.264 -436.245 -71.915 
26.425 -435.656 -72.020 
26.587 -435.067 -72.128 
26.749 -434.477 -72.241 
26.913 -433.886 -72.358 
27.077 -433.292 -72.480 
27.243 -432.695 -72.608 
27.409 -432.095 -72.740 
27.576 -431.489 -72.878 
27.745 -430.879 -73.023 
27.914 -430.261 -73.174 
28.085 -429.636 -73.332 
28.255 -429.005 -73.498 
28.426 -428.369 -73.669 
28.594 -427.734 -73.846 
28.758 -427.107 -74.027 
28.917 -426.491 -74.210 
29.069 -425.892 -74.394 
29.214 -425.310 -74.578 
29.353 -424.741 -74.764 
29.487 -424.180 -74.953 
29.617 -423.624 -75.147 
29.743 -423.068 -75.347 
29.867 -422.511 -75.553 
29.987 -421.950 -75.766 
30.104 -421.385 -75.988 
30.217 -420.817 -76.216 
30.325 -420.246 -76.452 
30.429 -419.673 -76.695 
30.527 -419.098 -76.945 
30.620 -418.523 -77.201 
30.706 -417.948 -77.463 
30.786 -417.373 -77.731 
30.860 -416.799 -78.004 
30.926 -416.226 -78.283 
30.985 -415.655 -78.566 
31.036 -415.087 -78.855 
31.079 -414.521 -79.147 
31.115 -413.958 -79.444 
31.142 -413.398 -79.746 
31.160 -412.842 -80.050 
31.171 -412.290 -80.359 
31.172 -411.744 -80.670 
31.165 -411.203 -80.984 
31.149 -410.669 -81.300 
31.125 -410.143 -81.617 
31.092 -409.625 -81.934 
31.052 -409.116 -82.252 
31.004 -408.616 -82.569 
30.948 -408.126 -82.885 
30.886 -407.645 -83.200 
30.816 -407.173 -83.515 
