21.501 -475.404 -70.113 -0.001 0.000 -0.002 1.000
21.506 -474.797 -70.115 -0.003 0.000 -0.005 1.000
21.513 -474.189 -70.120 -0.004 0.000 -0.007 1.000
21.524 -473.580 -70.126 -0.006 0.000 -0.010 1.000
21.537 -472.973 -70.133 -0.007 0.000 -0.012 1.000
21.554 -472.365 -70.143 -0.009 0.000 -0.015 1.000
21.574 -471.758 -70.154 -0.010 0.000 -0.018 1.000
21.597 -471.151 -70.167 -0.011 0.000 -0.020 1.000
21.623 -470.544 -70.182 -0.013 0.000 -0.023 1.000
21.653 -469.936 -70.199 -0.014 0.000 -0.026 1.000
21.685 -469.330 -70.217 -0.016 0.000 -0.028 0.999
21.721 -468.723 -70.238 -0.018 0.000 -0.031 0.999
21.760 -468.116 -70.260 -0.019 0.000 -0.034 0.999
21.803 -467.509 -70.285 -0.021 0.000 -0.036 0.999
21.849 -466.903 -70.311 -0.022 0.000 -0.039 0.999
21.898 -466.297 -70.339 -0.024 0.000 -0.042 0.999
21.950 -465.692 -70.369 -0.026 0.000 -0.044 0.999
22.006 -465.087 -70.402 -0.028 0.000 -0.047 0.999
22.064 -464.483 -70.437 -0.029 0.000 -0.050 0.998
22.127 -463.879 -70.473 -0.031 0.000 -0.053 0.998
22.192 -463.274 -70.512 -0.033 0.000 -0.055 0.998
22.261 -462.672 -70.554 -0.035 0.000 -0.058 0.998
22.333 -462.069 -70.597 -0.037 0.000 -0.061 0.997
22.408 -461.466 -70.643 -0.039 0.000 -0.063 0.997
22.487 -460.865 -70.692 -0.041 0.000 -0.066 0.997
22.569 -460.264 -70.743 -0.043 0.000 -0.069 0.997
22.653 -459.664 -70.797 -0.045 0.000 -0.071 0.996
22.741 -459.065 -70.853 -0.048 0.000 -0.074 0.996
22.832 -458.466 -70.912 -0.050 0.000 -0.076 0.996
22.927 -457.868 -70.974 -0.052 0.000 -0.079 0.996
23.024 -457.270 -71.039 -0.055 0.000 -0.081 0.995
23.124 -456.674 -71.107 -0.057 0.000 -0.084 0.995
23.226 -456.079 -71.178 -0.060 0.001 -0.086 0.994
23.332 -455.484 -71.252 -0.062 0.001 -0.088 0.994
23.441 -454.890 -71.329 -0.065 0.001 -0.091 0.994
23.552 -454.297 -71.410 -0.068 0.001 -0.093 0.993
23.665 -453.704 -71.494 -0.071 0.001 -0.095 0.993
23.781 -453.114 -71.581 -0.073 0.001 -0.097 0.993
23.899 -452.524 -71.671 -0.076 0.001 -0.099 0.992
24.020 -451.935 -71.766 -0.079 0.001 -0.101 0.992
24.143 -451.346 -71.863 -0.082 0.002 -0.103 0.991
24.267 -450.759 -71.965 -0.086 0.002 -0.104 0.991
24.394 -450.174 -72.070 -0.089 0.002 -0.106 0.990
24.522 -449.589 -72.179 -0.092 0.002 -0.107 0.990
24.651 -449.006 -72.292 -0.095 0.002 -0.109 0.990
24.782 -448.424 -72.409 -0.098 0.003 -0.110 0.989
24.914 -447.844 -72.530 -0.102 0.003 -0.111 0.989
25.048 -447.265 -72.654 -0.105 0.003 -0.112 0.988
25.182 -446.688 -72.783 -0.109 0.003 -0.113 0.988
25.317 -446.112 -72.915 -0.112 0.004 -0.113 0.987
25.452 -445.538 -73.052 -0.116 0.004 -0.114 0.987
25.587 -444.966 -73.192 -0.119 0.004 -0.114 0.986
25.723 -444.395 -73.337 -0.123 0.005 -0.115 0.986
25.859 -443.826 -73.486 -0.126 0.005 -0.115 0.985
25.994 -443.260 -73.638 -0.130 0.006 -0.115 0.985
26.129 -442.695 -73.795 -0.133 0.006 -0.115 0.984
26.263 -442.132 -73.956 -0.137 0.007 -0.114 0.984
26.397 -441.571 -74.120 -0.141 0.007 -0.114 0.983
26.529 -441.013 -74.289 -0.144 0.008 -0.113 0.983
26.660 -440.458 -74.462 -0.148 0.008 -0.113 0.983
26.789 -439.905 -74.638 -0.152 0.009 -0.112 0.982
26.918 -439.353 -74.819 -0.155 0.009 -0.111 0.982
27.044 -438.804 -75.003 -0.159 0.010 -0.110 0.981
27.168 -438.258 -75.191 -0.163 0.010 -0.108 0.981
27.291 -437.713 -75.383 -0.167 0.011 -0.107 0.980
27.411 -437.172 -75.579 -0.170 0.012 -0.105 0.980
27.528 -436.634 -75.778 -0.174 0.012 -0.104 0.979
27.643 -436.099 -75.981 -0.178 0.013 -0.102 0.979
27.755 -435.565 -76.188 -0.182 0.014 -0.100 0.978
27.864 -435.035 -76.399 -0.186 0.015 -0.098 0.978
27.970 -434.507 -76.613 -0.189 0.015 -0.096 0.977
28.073 -433.982 -76.830 -0.193 0.016 -0.093 0.977
28.173 -433.459 -77.052 -0.197 0.017 -0.091 0.976
28.269 -432.939 -77.276 -0.201 0.018 -0.088 0.975
28.362 -432.423 -77.504 -0.205 0.019 -0.085 0.975
28.450 -431.910 -77.736 -0.208 0.020 -0.083 0.974
28.535 -431.399 -77.971 -0.212 0.021 -0.080 0.974
28.616 -430.893 -78.208 -0.216 0.022 -0.077 0.973
28.693 -430.388 -78.450 -0.220 0.023 -0.073 0.973
28.766 -429.887 -78.694 -0.224 0.024 -0.070 0.972
28.834 -429.389 -78.941 -0.227 0.025 -0.067 0.971
28.898 -428.895 -79.191 -0.231 0.026 -0.063 0.971
28.958 -428.404 -79.444 -0.235 0.027 -0.060 0.970
29.012 -427.916 -79.700 -0.239 0.028 -0.056 0.969
29.062 -427.432 -79.959 -0.242 0.029 -0.052 0.968
29.108 -426.952 -80.220 -0.246 0.030 -0.048 0.968
29.148 -426.475 -80.483 -0.250 0.032 -0.044 0.967
29.183 -426.002 -80.750 -0.254 0.033 -0.040 0.966
29.213 -425.532 -81.019 -0.257 0.034 -0.036 0.965
29.238 -425.066 -81.290 -0.261 0.035 -0.031 0.964
29.258 -424.603 -81.564 -0.265 0.037 -0.027 0.963
29.273 -424.143 -81.840 -0.268 0.038 -0.022 0.962
29.282 -423.687 -82.118 -0.272 0.039 -0.017 0.961
29.286 -423.234 -82.399 -0.275 0.041 -0.013 0.960
29.284 -422.786 -82.681 -0.279 0.042 -0.008 0.959
29.277 -422.340 -82.966 -0.282 0.043 -0.003 0.958
29.264 -421.898 -83.252 -0.286 0.045 0.002 0.957
29.246 -421.459 -83.541 -0.289 0.046 0.007 0.956
29.223 -421.023 -83.833 -0.292 0.048 0.012 0.955
29.193 -420.590 -84.126 -0.296 0.049 0.017 0.954
29.158 -420.160 -84.421 -0.299 0.051 0.022 0.953
29.117 -419.734 -84.718 -0.302 0.052 0.027 0.951
29.071 -419.310 -85.017 -0.305 0.054 0.033 0.950
29.018 -418.889 -85.318 -0.308 0.055 0.038 0.949
28.960 -418.472 -85.620 -0.311 0.057 0.043 0.948
28.896 -418.058 -85.924 -0.314 0.058 0.049 0.946
28.826 -417.647 -86.229 -0.317 0.060 0.054 0.945
28.751 -417.239 -86.537 -0.320 0.061 0.060 0.943
28.669 -416.834 -86.845 -0.323 0.063 0.065 0.942
28.582 -416.432 -87.155 -0.326 0.065 0.071 0.941
28.488 -416.033 -87.467 -0.328 0.066 0.076 0.939
28.389 -415.638 -87.780 -0.331 0.068 0.082 0.938
28.284 -415.245 -88.094 -0.334 0.070 0.088 0.936
28.173 -414.856 -88.409 -0.336 0.071 0.093 0.934
28.055 -414.470 -88.725 -0.339 0.073 0.099 0.933
27.932 -414.086 -89.042 -0.341 0.075 0.105 0.931
27.803 -413.706 -89.360 -0.344 0.076 0.111 0.929
27.668 -413.329 -89.679 -0.346 0.078 0.116 0.928
27.527 -412.954 -89.999 -0.348 0.080 0.122 0.926
27.379 -412.583 -90.320 -0.351 0.081 0.128 0.924
27.226 -412.215 -90.641 -0.353 0.083 0.134 0.922
27.067 -411.851 -90.963 -0.355 0.085 0.139 0.921
26.902 -411.490 -91.286 -0.357 0.087 0.145 0.919
26.730 -411.132 -91.609 -0.359 0.088 0.151 0.917
26.553 -410.777 -91.932 -0.361 0.090 0.157 0.915
26.370 -410.425 -92.255 -0.363 0.092 0.163 0.913
26.180 -410.077 -92.579 -0.364 0.094 0.169 0.911
25.985 -409.732 -92.902 -0.366 0.096 0.174 0.909
25.784 -409.390 -93.226 -0.368 0.098 0.180 0.907
25.577 -409.052 -93.549 -0.370 0.099 0.186 0.905
25.363 -408.717 -93.873 -0.371 0.101 0.192 0.903
25.144 -408.385 -94.196 -0.373 0.103 0.198 0.901
24.919 -408.057 -94.519 -0.374 0.105 0.204 0.899
24.688 -407.733 -94.841 -0.376 0.107 0.210 0.896
24.451 -407.412 -95.163 -0.377 0.109 0.216 0.894
24.208 -407.094 -95.485 -0.378 0.111 0.222 0.892
23.960 -406.780 -95.805 -0.380 0.113 0.228 0.890
23.705 -406.470 -96.124 -0.381 0.114 0.233 0.887
23.445 -406.164 -96.443 -0.382 0.116 0.239 0.885
23.179 -405.861 -96.761 -0.383 0.118 0.245 0.883
22.908 -405.563 -97.077 -0.384 0.120 0.251 0.880
22.631 -405.267 -97.392 -0.385 0.122 0.257 0.878
22.348 -404.976 -97.707 -0.386 0.124 0.263 0.875
22.059 -404.688 -98.019 -0.387 0.126 0.269 0.873
21.765 -404.405 -98.330 -0.388 0.128 0.275 0.870
21.466 -404.126 -98.640 -0.388 0.130 0.281 0.868
21.161 -403.850 -98.948 -0.389 0.132 0.287 0.865
20.850 -403.578 -99.254 -0.390 0.134 0.292 0.863
20.535 -403.311 -99.559 -0.391 0.136 0.298 0.860
20.213 -403.047 -99.861 -0.391 0.138 0.304 0.858
19.887 -402.787 -100.162 -0.392 0.140 0.310 0.855
19.555 -402.532 -100.461 -0.392 0.142 0.316 0.852
19.218 -402.281 -100.757 -0.393 0.144 0.322 0.849
18.877 -402.034 -101.051 -0.393 0.146 0.327 0.847
18.530 -401.792 -101.343 -0.394 0.148 0.333 0.844
18.179 -401.554 -101.632 -0.394 0.150 0.339 0.841
17.822 -401.320 -101.919 -0.395 0.152 0.345 0.838
17.461 -401.091 -102.204 -0.395 0.154 0.351 0.835
17.096 -400.866 -102.486 -0.395 0.156 0.356 0.832
16.725 -400.646 -102.765 -0.396 0.158 0.362 0.829
16.350 -400.430 -103.042 -0.396 0.160 0.368 0.826
15.971 -400.219 -103.316 -0.396 0.162 0.373 0.823
15.587 -400.013 -103.587 -0.397 0.164 0.379 0.820
15.199 -399.811 -103.855 -0.397 0.166 0.385 0.817
14.806 -399.613 -104.120 -0.397 0.168 0.390 0.813
14.410 -399.421 -104.383 -0.397 0.170 0.396 0.810
14.009 -399.234 -104.642 -0.398 0.172 0.402 0.807
13.605 -399.051 -104.899 -0.398 0.174 0.407 0.803
13.196 -398.873 -105.153 -0.398 0.176 0.413 0.800
12.783 -398.699 -105.403 -0.398 0.178 0.418 0.797
12.367 -398.531 -105.650 -0.398 0.180 0.424 0.793
11.947 -398.368 -105.895 -0.399 0.182 0.429 0.790
11.522 -398.209 -106.136 -0.399 0.184 0.435 0.786
11.095 -398.056 -106.374 -0.399 0.186 0.440 0.783
10.665 -397.908 -106.608 -0.399 0.187 0.446 0.779
10.230 -397.765 -106.840 -0.399 0.189 0.451 0.775
9.792 -397.627 -107.068 -0.399 0.191 0.456 0.772
9.350 -397.494 -107.294 -0.400 0.193 0.462 0.768
8.906 -397.366 -107.516 -0.400 0.194 0.467 0.764
8.458 -397.244 -107.735 -0.400 0.196 0.473 0.760
8.007 -397.127 -107.950 -0.400 0.198 0.478 0.757
7.554 -397.015 -108.162 -0.401 0.199 0.483 0.753
7.097 -396.909 -108.371 -0.401 0.201 0.488 0.749
6.636 -396.808 -108.577 -0.401 0.202 0.494 0.745
6.174 -396.713 -108.780 -0.401 0.204 0.499 0.741
5.709 -396.623 -108.979 -0.402 0.206 0.504 0.737
5.242 -396.539 -109.175 -0.402 0.207 0.509 0.732
4.771 -396.460 -109.367 -0.402 0.209 0.514 0.728
4.298 -396.387 -109.556 -0.402 0.210 0.520 0.724
3.823 -396.320 -109.742 -0.403 0.211 0.525 0.720
3.346 -396.258 -109.924 -0.403 0.213 0.530 0.715
2.866 -396.202 -110.103 -0.403 0.214 0.535 0.711
2.385 -396.152 -110.278 -0.403 0.216 0.540 0.707
1.902 -396.108 -110.450 -0.404 0.217 0.545 0.702
1.418 -396.069 -110.618 -0.404 0.218 0.550 0.698
0.931 -396.037 -110.783 -0.404 0.219 0.555 0.693
0.442 -396.010 -110.945 -0.404 0.221 0.560 0.689
-0.048 -395.990 -111.103 -0.405 0.222 0.565 0.684
-0.539 -395.975 -111.257 -0.405 0.223 0.570 0.680
-1.032 -395.966 -111.408 -0.405 0.224 0.575 0.675
-1.525 -395.963 -111.555 -0.405 0.225 0.579 0.670
-2.020 -395.967 -111.698 -0.406 0.226 0.584 0.665
-2.516 -395.976 -111.838 -0.406 0.227 0.589 0.661
-3.013 -395.991 -111.975 -0.406 0.229 0.594 0.656
-3.510 -396.012 -112.108 -0.406 0.230 0.599 0.651
-4.009 -396.040 -112.237 -0.407 0.231 0.603 0.646
-4.508 -396.073 -112.363 -0.407 0.231 0.608 0.641
-5.007 -396.113 -112.485 -0.407 0.232 0.613 0.636
-5.507 -396.158 -112.604 -0.408 0.233 0.617 0.631
-6.008 -396.210 -112.719 -0.408 0.234 0.622 0.626
-6.508 -396.268 -112.830 -0.408 0.235 0.626 0.621
-7.009 -396.332 -112.938 -0.408 0.236 0.631 0.616
-7.511 -396.402 -113.042 -0.409 0.237 0.636 0.611
-8.012 -396.479 -113.143 -0.409 0.237 0.640 0.606
-8.513 -396.561 -113.240 -0.409 0.238 0.644 0.601
-9.014 -396.650 -113.334 -0.409 0.239 0.649 0.595
-9.515 -396.745 -113.424 -0.410 0.239 0.653 0.590
-10.016 -396.846 -113.510 -0.410 0.240 0.658 0.585
-10.515 -396.953 -113.593 -0.410 0.241 0.662 0.579
-11.015 -397.066 -113.673 -0.410 0.241 0.666 0.574
-11.513 -397.186 -113.748 -0.410 0.242 0.671 0.569
-12.012 -397.311 -113.821 -0.411 0.242 0.675 0.563
-12.509 -397.443 -113.890 -0.411 0.242 0.679 0.558
-13.006 -397.581 -113.955 -0.411 0.243 0.683 0.553
-13.501 -397.725 -114.017 -0.411 0.243 0.687 0.547
-13.995 -397.875 -114.076 -0.412 0.244 0.691 0.542
-14.487 -398.031 -114.131 -0.412 0.244 0.695 0.536
-14.979 -398.194 -114.182 -0.412 0.244 0.699 0.531
-15.469 -398.362 -114.231 -0.412 0.244 0.703 0.525
-15.959 -398.537 -114.276 -0.413 0.244 0.707 0.520
-16.446 -398.718 -114.317 -0.413 0.245 0.711 0.514
-16.932 -398.905 -114.356 -0.413 0.245 0.715 0.508
-17.417 -399.097 -114.391 -0.413 0.245 0.719 0.503
-17.899 -399.296 -114.422 -0.414 0.245 0.722 0.497
-18.381 -399.502 -114.451 -0.414 0.245 0.726 0.492
-18.860 -399.713 -114.476 -0.414 0.245 0.730 0.486
-19.338 -399.930 -114.498 -0.414 0.245 0.733 0.480
-19.813 -400.153 -114.517 -0.415 0.244 0.737 0.475
-20.287 -400.382 -114.533 -0.415 0.244 0.741 0.469
-20.758 -400.617 -114.546 -0.415 0.244 0.744 0.463
-21.226 -400.858 -114.556 -0.415 0.244 0.748 0.458
-21.693 -401.105 -114.562 -0.415 0.244 0.751 0.452
-22.157 -401.358 -114.566 -0.416 0.243 0.754 0.446
-22.619 -401.617 -114.566 -0.416 0.243 0.758 0.441
-23.079 -401.882 -114.564 -0.416 0.243 0.761 0.435
-23.536 -402.152 -114.558 -0.416 0.242 0.764 0.429
-23.990 -402.429 -114.550 -0.416 0.242 0.767 0.423
-24.442 -402.711 -114.539 -0.417 0.241 0.771 0.418
-24.892 -402.999 -114.525 -0.417 0.241 0.774 0.412
-25.338 -403.293 -114.508 -0.417 0.240 0.777 0.406
-25.782 -403.593 -114.489 -0.417 0.239 0.780 0.401
-26.223 -403.899 -114.466 -0.417 0.239 0.783 0.395
-26.660 -404.209 -114.441 -0.418 0.238 0.786 0.389
-27.095 -404.526 -114.413 -0.418 0.237 0.789 0.384
-27.527 -404.848 -114.383 -0.418 0.237 0.791 0.378
-27.955 -405.176 -114.350 -0.418 0.236 0.794 0.373
-28.381 -405.510 -114.315 -0.418 0.235 0.797 0.367
-28.803 -405.849 -114.277 -0.418 0.234 0.800 0.361
-29.222 -406.194 -114.236 -0.419 0.233 0.802 0.356
-29.638 -406.544 -114.193 -0.419 0.233 0.805 0.350
-30.051 -406.900 -114.148 -0.419 0.232 0.807 0.345
-30.460 -407.261 -114.100 -0.419 0.231 0.810 0.339
-30.865 -407.627 -114.050 -0.419 0.230 0.812 0.334
-31.268 -407.999 -113.998 -0.419 0.229 0.815 0.329
-31.666 -408.375 -113.943 -0.419 0.227 0.817 0.323
-32.061 -408.758 -113.887 -0.420 0.226 0.820 0.318
-32.453 -409.146 -113.828 -0.420 0.225 0.822 0.313
-32.840 -409.538 -113.767 -0.420 0.224 0.824 0.307
-33.224 -409.936 -113.704 -0.420 0.223 0.826 0.302
-33.605 -410.339 -113.639 -0.420 0.222 0.828 0.297
-33.981 -410.746 -113.573 -0.420 0.220 0.831 0.292
-34.354 -411.159 -113.504 -0.420 0.219 0.833 0.286
-34.723 -411.577 -113.434 -0.421 0.218 0.835 0.281
-35.088 -411.999 -113.361 -0.421 0.216 0.837 0.276
-35.449 -412.426 -113.288 -0.421 0.215 0.838 0.271
-35.806 -412.858 -113.212 -0.421 0.214 0.840 0.266
-36.158 -413.293 -113.135 -0.421 0.212 0.842 0.261
-36.507 -413.734 -113.057 -0.421 0.211 0.844 0.256
-36.852 -414.180 -112.976 -0.421 0.209 0.846 0.252
-37.192 -414.629 -112.895 -0.421 0.208 0.848 0.247
-37.528 -415.083 -112.812 -0.422 0.206 0.849 0.242
-37.860 -415.540 -112.728 -0.422 0.205 0.851 0.237
-38.188 -416.003 -112.643 -0.422 0.203 0.853 0.232
-38.511 -416.469 -112.556 -0.422 0.201 0.854 0.228
-38.830 -416.939 -112.468 -0.422 0.200 0.856 0.223
-39.145 -417.414 -112.379 -0.422 0.198 0.857 0.219
-39.455 -417.892 -112.290 -0.422 0.196 0.859 0.214
-39.760 -418.374 -112.199 -0.422 0.195 0.860 0.209
-40.062 -418.860 -112.107 -0.422 0.193 0.862 0.205
-40.359 -419.350 -112.014 -0.423 0.191 0.863 0.200
-40.651 -419.843 -111.920 -0.423 0.189 0.864 0.196
-40.939 -420.340 -111.826 -0.423 0.188 0.866 0.192
-41.222 -420.840 -111.731 -0.423 0.186 0.867 0.187
-41.500 -421.343 -111.635 -0.423 0.184 0.868 0.183
-41.774 -421.851 -111.538 -0.423 0.182 0.869 0.179
-42.044 -422.360 -111.441 -0.423 0.180 0.871 0.174
-42.308 -422.874 -111.344 -0.423 0.178 0.872 0.170
-42.569 -423.391 -111.245 -0.423 0.176 0.873 0.166
-42.824 -423.911 -111.147 -0.423 0.175 0.874 0.162
-43.075 -424.434 -111.048 -0.423 0.173 0.875 0.158
-43.321 -424.959 -110.948 -0.423 0.171 0.876 0.154
-43.563 -425.488 -110.848 -0.424 0.169 0.877 0.150
-43.800 -426.020 -110.748 -0.424 0.167 0.878 0.146
-44.032 -426.554 -110.648 -0.424 0.165 0.879 0.142
-44.260 -427.091 -110.548 -0.424 0.163 0.880 0.138
-44.482 -427.631 -110.447 -0.424 0.161 0.881 0.134
-44.700 -428.173 -110.347 -0.424 0.159 0.882 0.130
-44.914 -428.718 -110.246 -0.424 0.156 0.883 0.126
-45.122 -429.265 -110.145 -0.424 0.154 0.884 0.122
-45.326 -429.816 -110.045 -0.424 0.152 0.885 0.118
-45.525 -430.367 -109.944 -0.424 0.150 0.886 0.115
-45.719 -430.921 -109.844 -0.424 0.148 0.887 0.111
-45.909 -431.477 -109.743 -0.424 0.146 0.887 0.107
-46.094 -432.036 -109.643 -0.424 0.144 0.888 0.103
-46.274 -432.597 -109.543 -0.424 0.142 0.889 0.100
-46.449 -433.160 -109.444 -0.424 0.139 0.890 0.096
-46.620 -433.724 -109.344 -0.424 0.137 0.890 0.093
-46.786 -434.291 -109.245 -0.424 0.135 0.891 0.089
-46.947 -434.859 -109.147 -0.424 0.133 0.892 0.086
-47.103 -435.430 -109.049 -0.424 0.130 0.892 0.082
-47.255 -436.001 -108.951 -0.424 0.128 0.893 0.078
-47.402 -436.575 -108.854 -0.424 0.126 0.894 0.075
-47.544 -437.150 -108.757 -0.424 0.124 0.894 0.072
-47.682 -437.726 -108.661 -0.424 0.121 0.895 0.068
-47.814 -438.304 -108.566 -0.424 0.119 0.895 0.065
-47.942 -438.883 -108.471 -0.424 0.117 0.896 0.061
-48.065 -439.464 -108.377 -0.424 0.114 0.896 0.058
-48.184 -440.046 -108.284 -0.424 0.112 0.897 0.055
-48.298 -440.630 -108.191 -0.424 0.110 0.897 0.051
-48.407 -441.214 -108.099 -0.424 0.107 0.898 0.048
-48.512 -441.800 -108.008 -0.424 0.105 0.898 0.045
-48.612 -442.387 -107.918 -0.424 0.103 0.899 0.042
-48.707 -442.975 -107.829 -0.424 0.100 0.899 0.039
-48.798 -443.565 -107.740 -0.424 0.098 0.900 0.036
-48.884 -444.155 -107.653 -0.424 0.095 0.900 0.032
-48.966 -444.745 -107.567 -0.424 0.093 0.901 0.029
