21.501 -475.446 -70.112 -0.001 0.000 -0.003 1.000
21.506 -474.842 -70.114 -0.002 0.000 -0.005 1.000
21.515 -474.237 -70.118 -0.004 0.000 -0.008 1.000
21.526 -473.631 -70.123 -0.005 0.000 -0.011 1.000
21.541 -473.024 -70.130 -0.006 0.000 -0.014 1.000
21.560 -472.418 -70.138 -0.007 0.000 -0.017 1.000
21.582 -471.809 -70.148 -0.009 0.000 -0.019 1.000
21.607 -471.201 -70.159 -0.010 0.000 -0.022 1.000
21.635 -470.592 -70.173 -0.012 0.000 -0.025 1.000
21.667 -469.981 -70.188 -0.013 0.000 -0.028 1.000
21.703 -469.370 -70.205 -0.015 0.000 -0.030 0.999
21.742 -468.760 -70.224 -0.016 0.000 -0.033 0.999
21.784 -468.148 -70.245 -0.018 0.000 -0.036 0.999
21.830 -467.536 -70.268 -0.020 0.000 -0.038 0.999
21.879 -466.923 -70.293 -0.021 0.000 -0.041 0.999
21.931 -466.309 -70.320 -0.023 0.000 -0.044 0.999
21.987 -465.695 -70.349 -0.025 0.000 -0.046 0.999
22.046 -465.080 -70.381 -0.027 0.000 -0.049 0.998
22.108 -464.464 -70.415 -0.029 0.000 -0.052 0.998
22.174 -463.850 -70.452 -0.030 0.000 -0.054 0.998
22.242 -463.234 -70.491 -0.033 0.000 -0.057 0.998
22.315 -462.619 -70.533 -0.035 0.000 -0.059 0.998
22.390 -462.004 -70.577 -0.037 0.000 -0.062 0.997
22.468 -461.388 -70.624 -0.039 0.000 -0.064 0.997
22.550 -460.772 -70.673 -0.041 0.000 -0.067 0.997
22.635 -460.156 -70.726 -0.043 0.000 -0.069 0.997
22.722 -459.541 -70.781 -0.046 0.000 -0.072 0.996
22.813 -458.926 -70.840 -0.048 0.001 -0.074 0.996
22.906 -458.312 -70.901 -0.051 0.001 -0.076 0.996
23.003 -457.698 -70.965 -0.053 0.001 -0.079 0.995
23.102 -457.086 -71.033 -0.056 0.001 -0.081 0.995
23.203 -456.474 -71.104 -0.058 0.001 -0.083 0.995
23.307 -455.863 -71.178 -0.061 0.001 -0.085 0.995
23.414 -455.254 -71.256 -0.064 0.001 -0.087 0.994
23.523 -454.645 -71.336 -0.067 0.001 -0.089 0.994
23.634 -454.037 -71.421 -0.070 0.001 -0.091 0.993
23.748 -453.431 -71.509 -0.072 0.001 -0.093 0.993
23.863 -452.826 -71.601 -0.076 0.002 -0.094 0.993
23.981 -452.224 -71.696 -0.079 0.002 -0.096 0.992
24.100 -451.623 -71.795 -0.082 0.002 -0.098 0.992
24.220 -451.024 -71.898 -0.085 0.002 -0.099 0.991
24.342 -450.428 -72.005 -0.088 0.002 -0.100 0.991
24.466 -449.833 -72.115 -0.092 0.003 -0.102 0.991
24.590 -449.241 -72.230 -0.095 0.003 -0.103 0.990
24.716 -448.651 -72.348 -0.099 0.003 -0.104 0.990
24.842 -448.063 -72.471 -0.102 0.003 -0.105 0.989
24.969 -447.479 -72.597 -0.106 0.004 -0.106 0.989
25.096 -446.897 -72.728 -0.110 0.004 -0.106 0.988
25.224 -446.318 -72.863 -0.114 0.004 -0.107 0.988
25.351 -445.743 -73.001 -0.117 0.005 -0.107 0.987
25.479 -445.170 -73.144 -0.121 0.005 -0.108 0.987
25.606 -444.600 -73.291 -0.125 0.006 -0.108 0.986
25.733 -444.034 -73.443 -0.129 0.006 -0.108 0.986
25.859 -443.471 -73.598 -0.133 0.006 -0.108 0.985
25.985 -442.912 -73.757 -0.137 0.007 -0.108 0.985
26.109 -442.356 -73.921 -0.141 0.007 -0.107 0.984
26.232 -441.803 -74.089 -0.146 0.008 -0.107 0.984
26.354 -441.254 -74.260 -0.150 0.008 -0.106 0.983
26.474 -440.709 -74.436 -0.154 0.009 -0.105 0.982
26.592 -440.166 -74.616 -0.158 0.010 -0.104 0.982
26.709 -439.628 -74.800 -0.162 0.010 -0.103 0.981
26.823 -439.093 -74.988 -0.167 0.011 -0.102 0.981
26.935 -438.563 -75.180 -0.171 0.012 -0.101 0.980
27.045 -438.035 -75.376 -0.175 0.012 -0.099 0.979
27.152 -437.511 -75.576 -0.180 0.013 -0.098 0.979
27.257 -436.991 -75.780 -0.184 0.014 -0.096 0.978
27.359 -436.475 -75.988 -0.188 0.015 -0.094 0.977
27.458 -435.962 -76.200 -0.193 0.015 -0.092 0.977
27.554 -435.452 -76.415 -0.197 0.016 -0.090 0.976
27.647 -434.946 -76.635 -0.202 0.017 -0.088 0.975
27.737 -434.443 -76.858 -0.206 0.018 -0.085 0.975
27.824 -433.944 -77.085 -0.210 0.019 -0.083 0.974
27.907 -433.448 -77.316 -0.215 0.020 -0.080 0.973
27.987 -432.955 -77.550 -0.219 0.021 -0.078 0.972
28.063 -432.466 -77.788 -0.223 0.022 -0.075 0.972
28.136 -431.981 -78.030 -0.228 0.022 -0.072 0.971
28.205 -431.499 -78.275 -0.232 0.023 -0.069 0.970
28.270 -431.021 -78.523 -0.237 0.024 -0.066 0.969
28.331 -430.546 -78.775 -0.241 0.026 -0.063 0.968
28.388 -430.076 -79.030 -0.245 0.027 -0.060 0.967
28.441 -429.608 -79.289 -0.249 0.028 -0.056 0.966
28.490 -429.145 -79.550 -0.254 0.029 -0.053 0.965
28.534 -428.685 -79.815 -0.258 0.030 -0.049 0.964
28.574 -428.230 -80.082 -0.262 0.031 -0.046 0.963
28.610 -427.778 -80.352 -0.267 0.032 -0.042 0.962
28.641 -427.329 -80.626 -0.271 0.033 -0.038 0.961
28.668 -426.884 -80.902 -0.275 0.035 -0.034 0.960
28.690 -426.442 -81.182 -0.279 0.036 -0.030 0.959
28.707 -426.004 -81.464 -0.283 0.037 -0.026 0.958
28.720 -425.569 -81.750 -0.288 0.039 -0.022 0.957
28.728 -425.137 -82.038 -0.292 0.040 -0.018 0.956
28.731 -424.709 -82.329 -0.296 0.041 -0.013 0.954
28.729 -424.284 -82.623 -0.300 0.043 -0.009 0.953
28.722 -423.862 -82.920 -0.304 0.044 -0.005 0.952
28.711 -423.443 -83.220 -0.308 0.045 0.000 0.950
28.693 -423.027 -83.523 -0.312 0.047 0.005 0.949
28.671 -422.614 -83.829 -0.316 0.048 0.009 0.948
28.644 -422.204 -84.137 -0.320 0.050 0.014 0.946
28.611 -421.797 -84.449 -0.323 0.051 0.019 0.945
28.572 -421.392 -84.763 -0.327 0.053 0.024 0.943
28.529 -420.991 -85.080 -0.331 0.054 0.029 0.942
28.479 -420.592 -85.400 -0.335 0.056 0.034 0.940
28.424 -420.196 -85.723 -0.338 0.058 0.039 0.938
28.364 -419.801 -86.049 -0.342 0.059 0.044 0.937
28.297 -419.411 -86.377 -0.345 0.061 0.050 0.935
28.225 -419.023 -86.708 -0.349 0.062 0.055 0.933
28.147 -418.638 -87.041 -0.352 0.064 0.060 0.932
28.062 -418.255 -87.377 -0.356 0.066 0.066 0.930
27.972 -417.875 -87.715 -0.359 0.068 0.071 0.928
27.876 -417.498 -88.056 -0.362 0.069 0.077 0.926
27.774 -417.125 -88.398 -0.365 0.071 0.082 0.925
27.665 -416.754 -88.742 -0.368 0.073 0.088 0.923
27.551 -416.387 -89.087 -0.371 0.075 0.093 0.921
27.430 -416.022 -89.435 -0.374 0.077 0.099 0.919
27.303 -415.661 -89.783 -0.377 0.078 0.105 0.917
27.169 -415.302 -90.133 -0.379 0.080 0.110 0.915
27.030 -414.947 -90.485 -0.382 0.082 0.116 0.913
26.884 -414.596 -90.836 -0.384 0.084 0.122 0.911
26.732 -414.248 -91.188 -0.386 0.086 0.128 0.909
26.574 -413.903 -91.540 -0.388 0.088 0.134 0.908
26.410 -413.562 -91.892 -0.390 0.090 0.140 0.906
26.240 -413.225 -92.244 -0.392 0.092 0.146 0.904
26.064 -412.892 -92.596 -0.394 0.094 0.151 0.902
25.882 -412.562 -92.945 -0.395 0.097 0.157 0.900
25.695 -412.237 -93.294 -0.397 0.099 0.163 0.898
25.502 -411.916 -93.641 -0.398 0.101 0.169 0.896
25.304 -411.598 -93.986 -0.399 0.103 0.175 0.894
25.100 -411.285 -94.330 -0.400 0.105 0.181 0.892
24.890 -410.975 -94.672 -0.401 0.108 0.187 0.890
24.675 -410.668 -95.012 -0.402 0.110 0.193 0.888
24.454 -410.365 -95.351 -0.402 0.112 0.199 0.887
24.227 -410.066 -95.687 -0.403 0.114 0.205 0.885
23.995 -409.769 -96.023 -0.404 0.117 0.211 0.883
23.757 -409.475 -96.357 -0.404 0.119 0.217 0.881
23.513 -409.185 -96.689 -0.405 0.121 0.222 0.878
23.263 -408.897 -97.021 -0.406 0.123 0.228 0.876
23.008 -408.613 -97.350 -0.406 0.126 0.234 0.874
22.747 -408.331 -97.679 -0.407 0.128 0.240 0.872
22.480 -408.053 -98.006 -0.408 0.130 0.246 0.870
22.207 -407.779 -98.331 -0.408 0.132 0.252 0.867
21.929 -407.507 -98.654 -0.409 0.135 0.257 0.865
21.645 -407.240 -98.976 -0.409 0.137 0.263 0.863
21.356 -406.975 -99.296 -0.410 0.139 0.269 0.860
21.062 -406.715 -99.614 -0.411 0.141 0.275 0.858
20.762 -406.458 -99.930 -0.411 0.143 0.281 0.855
20.457 -406.205 -100.244 -0.412 0.146 0.286 0.853
20.147 -405.955 -100.556 -0.412 0.148 0.292 0.850
19.831 -405.709 -100.866 -0.413 0.150 0.298 0.848
19.511 -405.467 -101.173 -0.413 0.152 0.303 0.845
19.186 -405.229 -101.479 -0.413 0.154 0.309 0.842
18.855 -404.995 -101.782 -0.414 0.156 0.315 0.840
18.520 -404.765 -102.082 -0.414 0.158 0.320 0.837
18.180 -404.539 -102.380 -0.415 0.161 0.326 0.834
17.835 -404.316 -102.676 -0.415 0.163 0.332 0.831
17.485 -404.098 -102.969 -0.415 0.165 0.337 0.829
17.131 -403.884 -103.260 -0.416 0.167 0.343 0.826
16.771 -403.674 -103.548 -0.416 0.169 0.349 0.823
16.408 -403.469 -103.833 -0.416 0.171 0.354 0.820
16.039 -403.267 -104.116 -0.417 0.173 0.360 0.817
15.666 -403.069 -104.397 -0.417 0.175 0.365 0.814
15.289 -402.877 -104.674 -0.417 0.177 0.371 0.811
14.908 -402.688 -104.948 -0.417 0.179 0.376 0.807
14.523 -402.504 -105.219 -0.418 0.181 0.382 0.804
14.133 -402.324 -105.488 -0.418 0.183 0.387 0.801
13.739 -402.149 -105.753 -0.418 0.185 0.393 0.798
13.341 -401.978 -106.016 -0.418 0.187 0.398 0.795
12.938 -401.811 -106.275 -0.418 0.189 0.404 0.791
12.532 -401.649 -106.532 -0.418 0.191 0.409 0.788
12.122 -401.491 -106.785 -0.419 0.193 0.415 0.785
11.707 -401.339 -107.036 -0.419 0.195 0.420 0.781
11.290 -401.191 -107.283 -0.419 0.197 0.425 0.778
10.868 -401.047 -107.527 -0.419 0.199 0.431 0.774
10.442 -400.908 -107.767 -0.419 0.201 0.436 0.771
10.013 -400.775 -108.005 -0.419 0.203 0.441 0.767
9.581 -400.645 -108.239 -0.419 0.205 0.447 0.763
9.145 -400.521 -108.470 -0.419 0.207 0.452 0.760
8.704 -400.402 -108.698 -0.420 0.209 0.457 0.756
8.261 -400.287 -108.922 -0.420 0.210 0.463 0.752
7.814 -400.177 -109.144 -0.420 0.212 0.468 0.748
7.365 -400.073 -109.361 -0.420 0.214 0.473 0.744
6.911 -399.973 -109.575 -0.420 0.216 0.478 0.741
6.455 -399.879 -109.786 -0.420 0.217 0.483 0.737
5.996 -399.789 -109.993 -0.420 0.219 0.489 0.733
5.535 -399.705 -110.197 -0.420 0.221 0.494 0.729
5.070 -399.626 -110.397 -0.420 0.223 0.499 0.725
4.602 -399.553 -110.593 -0.420 0.224 0.504 0.720
4.132 -399.484 -110.786 -0.421 0.226 0.509 0.716
3.659 -399.421 -110.975 -0.421 0.227 0.514 0.712
3.183 -399.364 -111.161 -0.421 0.229 0.519 0.708
2.706 -399.312 -111.343 -0.421 0.230 0.524 0.704
2.225 -399.265 -111.521 -0.421 0.232 0.529 0.699
1.743 -399.223 -111.696 -0.421 0.234 0.534 0.695
1.258 -399.188 -111.867 -0.421 0.235 0.539 0.691
0.771 -399.157 -112.034 -0.421 0.236 0.544 0.686
0.282 -399.133 -112.198 -0.421 0.238 0.549 0.682
-0.210 -399.114 -112.358 -0.421 0.239 0.554 0.677
-0.702 -399.100 -112.514 -0.421 0.241 0.559 0.673
-1.196 -399.093 -112.666 -0.421 0.242 0.564 0.668
-1.692 -399.091 -112.814 -0.421 0.243 0.569 0.663
-2.190 -399.095 -112.958 -0.422 0.245 0.573 0.659
-2.689 -399.104 -113.099 -0.422 0.246 0.578 0.654
-3.189 -399.120 -113.235 -0.422 0.247 0.583 0.649
-3.691 -399.141 -113.368 -0.422 0.248 0.588 0.644
-4.194 -399.168 -113.497 -0.422 0.249 0.592 0.639
-4.697 -399.201 -113.622 -0.422 0.251 0.597 0.635
-5.202 -399.240 -113.743 -0.422 0.252 0.602 0.630
-5.708 -399.285 -113.860 -0.422 0.253 0.606 0.625
-6.214 -399.336 -113.973 -0.422 0.254 0.611 0.620
-6.721 -399.392 -114.082 -0.422 0.255 0.616 0.615
-7.229 -399.455 -114.187 -0.422 0.256 0.620 0.610
-7.737 -399.524 -114.288 -0.422 0.257 0.625 0.605
-8.245 -399.598 -114.385 -0.422 0.258 0.629 0.600
-8.753 -399.679 -114.479 -0.422 0.259 0.634 0.594
-9.263 -399.766 -114.568 -0.422 0.259 0.638 0.589
-9.771 -399.858 -114.653 -0.422 0.260 0.643 0.584
-10.279 -399.957 -114.734 -0.422 0.261 0.647 0.579
-10.787 -400.062 -114.811 -0.422 0.262 0.651 0.573
-11.295 -400.172 -114.885 -0.422 0.263 0.656 0.568
-11.802 -400.289 -114.954 -0.422 0.263 0.660 0.563
-12.309 -400.411 -115.019 -0.422 0.264 0.664 0.558
-12.815 -400.540 -115.080 -0.422 0.265 0.668 0.552
-13.321 -400.675 -115.138 -0.422 0.265 0.673 0.547
-13.825 -400.815 -115.191 -0.422 0.266 0.677 0.541
-14.329 -400.962 -115.240 -0.422 0.266 0.681 0.536
-14.831 -401.115 -115.286 -0.422 0.267 0.685 0.530
-15.333 -401.273 -115.327 -0.422 0.267 0.689 0.525
-15.833 -401.438 -115.365 -0.422 0.268 0.693 0.519
-16.332 -401.609 -115.399 -0.422 0.268 0.697 0.514
-16.829 -401.785 -115.429 -0.422 0.269 0.701 0.508
-17.324 -401.967 -115.455 -0.422 0.269 0.705 0.503
-17.818 -402.155 -115.477 -0.422 0.269 0.709 0.497
-18.310 -402.349 -115.495 -0.422 0.269 0.712 0.492
-18.800 -402.548 -115.510 -0.422 0.270 0.716 0.486
-19.289 -402.754 -115.521 -0.422 0.270 0.720 0.480
-19.776 -402.965 -115.528 -0.422 0.270 0.724 0.475
-20.261 -403.182 -115.531 -0.422 0.270 0.727 0.469
-20.743 -403.405 -115.531 -0.422 0.270 0.731 0.463
-21.224 -403.634 -115.527 -0.422 0.270 0.734 0.458
-21.703 -403.868 -115.519 -0.422 0.270 0.738 0.452
-22.179 -404.108 -115.508 -0.422 0.270 0.741 0.446
-22.653 -404.354 -115.493 -0.422 0.270 0.745 0.441
-23.125 -404.606 -115.474 -0.422 0.270 0.748 0.435
-23.594 -404.863 -115.452 -0.421 0.270 0.752 0.429
-24.060 -405.126 -115.427 -0.421 0.270 0.755 0.424
-24.525 -405.395 -115.398 -0.421 0.270 0.758 0.418
-24.986 -405.669 -115.365 -0.421 0.270 0.762 0.412
-25.445 -405.949 -115.330 -0.421 0.269 0.765 0.407
-25.902 -406.235 -115.291 -0.421 0.269 0.768 0.401
-26.356 -406.527 -115.249 -0.421 0.268 0.771 0.395
-26.807 -406.824 -115.203 -0.421 0.268 0.774 0.390
-27.256 -407.126 -115.154 -0.421 0.267 0.777 0.384
-27.701 -407.435 -115.103 -0.421 0.267 0.780 0.379
-28.145 -407.749 -115.048 -0.421 0.266 0.783 0.373
-28.585 -408.069 -114.990 -0.421 0.266 0.786 0.368
-29.023 -408.394 -114.929 -0.421 0.265 0.788 0.362
-29.457 -408.724 -114.865 -0.421 0.264 0.791 0.357
-29.889 -409.061 -114.799 -0.421 0.264 0.794 0.351
-30.318 -409.402 -114.729 -0.421 0.263 0.796 0.346
-30.744 -409.750 -114.657 -0.421 0.262 0.799 0.341
-31.166 -410.102 -114.583 -0.420 0.261 0.802 0.335
-31.586 -410.460 -114.505 -0.420 0.260 0.804 0.330
-32.002 -410.822 -114.426 -0.420 0.259 0.806 0.325
-32.415 -411.190 -114.343 -0.420 0.258 0.809 0.320
-32.825 -411.563 -114.259 -0.420 0.258 0.811 0.315
-33.232 -411.941 -114.172 -0.420 0.257 0.813 0.310
-33.635 -412.324 -114.082 -0.420 0.256 0.815 0.305
-34.035 -412.712 -113.991 -0.420 0.254 0.818 0.300
-34.431 -413.104 -113.897 -0.420 0.253 0.820 0.295
-34.825 -413.502 -113.801 -0.420 0.252 0.822 0.291
-35.216 -413.904 -113.703 -0.420 0.251 0.824 0.286
-35.603 -414.311 -113.603 -0.420 0.250 0.826 0.281
-35.986 -414.722 -113.502 -0.420 0.249 0.828 0.277
-36.366 -415.139 -113.398 -0.420 0.248 0.829 0.272
-36.743 -415.559 -113.292 -0.420 0.247 0.831 0.268
-37.117 -415.985 -113.185 -0.420 0.245 0.833 0.263
-37.487 -416.415 -113.076 -0.420 0.244 0.835 0.259
-37.854 -416.848 -112.965 -0.420 0.243 0.836 0.255
-38.218 -417.287 -112.853 -0.420 0.242 0.838 0.251
-38.578 -417.729 -112.739 -0.420 0.240 0.840 0.246
-38.935 -418.175 -112.623 -0.420 0.239 0.841 0.242
-39.288 -418.626 -112.507 -0.420 0.238 0.843 0.238
-39.638 -419.081 -112.389 -0.420 0.236 0.844 0.234
-39.985 -419.539 -112.269 -0.420 0.235 0.846 0.230
-40.328 -420.001 -112.149 -0.420 0.234 0.847 0.226
-40.667 -420.466 -112.027 -0.420 0.232 0.849 0.223
-41.003 -420.936 -111.904 -0.420 0.231 0.850 0.219
-41.335 -421.409 -111.780 -0.420 0.230 0.851 0.215
-41.665 -421.886 -111.655 -0.420 0.228 0.853 0.211
-41.990 -422.366 -111.529 -0.420 0.227 0.854 0.207
-42.312 -422.850 -111.402 -0.420 0.225 0.855 0.204
-42.630 -423.336 -111.274 -0.420 0.224 0.856 0.200
-42.944 -423.827 -111.146 -0.420 0.222 0.858 0.196
-43.254 -424.320 -111.016 -0.420 0.221 0.859 0.193
-43.561 -424.816 -110.886 -0.420 0.219 0.860 0.189
-43.863 -425.315 -110.755 -0.420 0.218 0.861 0.185
-44.161 -425.817 -110.624 -0.420 0.216 0.863 0.182
-44.455 -426.321 -110.492 -0.420 0.214 0.864 0.178
-44.745 -426.829 -110.360 -0.420 0.213 0.865 0.174
-45.031 -427.339 -110.227 -0.420 0.211 0.866 0.171
-45.312 -427.852 -110.093 -0.420 0.209 0.867 0.167
-45.589 -428.368 -109.959 -0.420 0.207 0.868 0.163
-45.861 -428.887 -109.825 -0.420 0.206 0.870 0.159
-46.129 -429.407 -109.690 -0.420 0.204 0.871 0.155
-46.391 -429.930 -109.555 -0.420 0.202 0.872 0.151
-46.649 -430.455 -109.419 -0.420 0.200 0.873 0.147
-46.902 -430.982 -109.284 -0.420 0.198 0.874 0.143
-47.150 -431.512 -109.148 -0.420 0.196 0.875 0.139
-47.393 -432.045 -109.011 -0.420 0.194 0.876 0.135
-47.631 -432.580 -108.874 -0.419 0.192 0.877 0.131
-47.863 -433.116 -108.737 -0.419 0.191 0.879 0.127
-48.090 -433.655 -108.600 -0.419 0.189 0.880 0.123
-48.312 -434.197 -108.462 -0.419 0.186 0.881 0.118
-48.528 -434.740 -108.324 -0.419 0.184 0.882 0.114
-48.739 -435.286 -108.186 -0.419 0.182 0.883 0.109
-48.944 -435.834 -108.047 -0.419 0.180 0.884 0.105
-49.143 -436.384 -107.908 -0.418 0.178 0.885 0.100
-49.336 -436.936 -107.769 -0.418 0.176 0.886 0.096
-49.524 -437.491 -107.629 -0.418 0.174 0.887 0.091
