24.701 -457.932 -70.113 -0.002 0.000 -0.002 1.000
24.705 -457.316 -70.117 -0.004 0.000 -0.004 1.000
24.712 -456.700 -70.124 -0.007 0.000 -0.007 1.000
24.722 -456.085 -70.133 -0.009 0.000 -0.009 1.000
24.734 -455.470 -70.145 -0.011 0.000 -0.011 1.000
24.749 -454.855 -70.161 -0.014 0.000 -0.013 1.000
24.767 -454.242 -70.179 -0.016 0.000 -0.015 1.000
24.787 -453.628 -70.200 -0.018 0.000 -0.018 1.000
24.810 -453.015 -70.224 -0.021 0.000 -0.020 1.000
24.835 -452.403 -70.251 -0.023 0.000 -0.022 0.999
24.863 -451.792 -70.281 -0.026 0.000 -0.024 0.999
24.893 -451.182 -70.314 -0.028 0.000 -0.025 0.999
24.925 -450.572 -70.351 -0.031 0.000 -0.027 0.999
24.960 -449.963 -70.390 -0.034 0.000 -0.029 0.999
24.996 -449.356 -70.433 -0.036 0.000 -0.031 0.999
25.035 -448.750 -70.479 -0.039 0.000 -0.033 0.999
25.076 -448.144 -70.528 -0.042 0.000 -0.034 0.999
25.118 -447.540 -70.581 -0.045 0.000 -0.036 0.998
25.163 -446.936 -70.637 -0.048 0.000 -0.037 0.998
25.209 -446.334 -70.697 -0.051 0.000 -0.039 0.998
25.257 -445.733 -70.760 -0.054 0.000 -0.040 0.998
25.307 -445.134 -70.827 -0.057 0.000 -0.042 0.998
25.358 -444.535 -70.897 -0.060 0.000 -0.043 0.997
25.410 -443.938 -70.971 -0.063 0.000 -0.044 0.997
25.464 -443.343 -71.048 -0.066 0.001 -0.045 0.997
25.519 -442.749 -71.129 -0.069 0.001 -0.046 0.997
25.575 -442.157 -71.214 -0.072 0.001 -0.047 0.996
25.632 -441.567 -71.303 -0.076 0.001 -0.048 0.996
25.690 -440.978 -71.395 -0.079 0.001 -0.049 0.996
25.749 -440.392 -71.491 -0.083 0.001 -0.050 0.995
25.808 -439.807 -71.592 -0.086 0.001 -0.051 0.995
25.868 -439.224 -71.696 -0.090 0.001 -0.051 0.995
25.929 -438.643 -71.804 -0.093 0.001 -0.052 0.994
25.990 -438.065 -71.915 -0.097 0.002 -0.052 0.994
26.051 -437.489 -72.031 -0.100 0.002 -0.052 0.994
26.112 -436.914 -72.151 -0.104 0.002 -0.053 0.993
26.174 -436.342 -72.275 -0.108 0.002 -0.053 0.993
26.235 -435.772 -72.403 -0.112 0.002 -0.053 0.992
26.296 -435.205 -72.536 -0.116 0.002 -0.053 0.992
26.356 -434.640 -72.672 -0.119 0.003 -0.052 0.991
26.416 -434.078 -72.813 -0.123 0.003 -0.052 0.991
26.475 -433.518 -72.957 -0.127 0.003 -0.052 0.990
26.534 -432.961 -73.106 -0.131 0.003 -0.051 0.990
26.592 -432.406 -73.259 -0.136 0.004 -0.051 0.989
26.649 -431.854 -73.417 -0.140 0.004 -0.050 0.989
26.704 -431.305 -73.578 -0.144 0.004 -0.049 0.988
26.758 -430.759 -73.744 -0.148 0.005 -0.048 0.988
26.811 -430.216 -73.914 -0.152 0.005 -0.047 0.987
26.862 -429.676 -74.088 -0.157 0.005 -0.046 0.987
26.912 -429.139 -74.266 -0.161 0.006 -0.044 0.986
26.960 -428.605 -74.449 -0.165 0.006 -0.043 0.985
27.005 -428.074 -74.636 -0.170 0.007 -0.041 0.985
27.049 -427.546 -74.827 -0.174 0.007 -0.040 0.984
27.091 -427.022 -75.022 -0.179 0.008 -0.038 0.983
27.130 -426.500 -75.222 -0.183 0.008 -0.036 0.982
27.166 -425.982 -75.425 -0.188 0.009 -0.034 0.982
27.200 -425.467 -75.633 -0.192 0.009 -0.032 0.981
27.232 -424.955 -75.845 -0.197 0.010 -0.030 0.980
27.260 -424.447 -76.061 -0.201 0.011 -0.027 0.979
27.286 -423.943 -76.281 -0.206 0.011 -0.025 0.978
27.308 -423.443 -76.505 -0.211 0.012 -0.022 0.977
27.327 -422.946 -76.733 -0.215 0.013 -0.019 0.976
27.343 -422.453 -76.964 -0.220 0.013 -0.016 0.975
27.355 -421.963 -77.200 -0.224 0.014 -0.013 0.974
27.364 -421.476 -77.440 -0.229 0.015 -0.010 0.973
27.369 -420.994 -77.683 -0.233 0.016 -0.007 0.972
27.370 -420.515 -77.930 -0.238 0.016 -0.003 0.971
27.368 -420.039 -78.181 -0.243 0.017 0.000 0.970
27.361 -419.568 -78.435 -0.247 0.018 0.004 0.969
27.351 -419.100 -78.693 -0.252 0.019 0.007 0.968
27.336 -418.637 -78.954 -0.256 0.020 0.011 0.966
27.316 -418.177 -79.219 -0.261 0.021 0.015 0.965
27.293 -417.721 -79.488 -0.265 0.022 0.019 0.964
27.265 -417.268 -79.759 -0.270 0.023 0.023 0.962
27.232 -416.820 -80.034 -0.274 0.024 0.028 0.961
27.195 -416.376 -80.312 -0.278 0.025 0.032 0.960
27.153 -415.936 -80.593 -0.283 0.026 0.036 0.958
27.107 -415.499 -80.877 -0.287 0.027 0.041 0.957
27.055 -415.067 -81.164 -0.291 0.029 0.045 0.955
26.999 -414.638 -81.453 -0.295 0.030 0.050 0.954
26.938 -414.214 -81.746 -0.299 0.031 0.055 0.952
26.871 -413.793 -82.041 -0.303 0.032 0.060 0.950
26.799 -413.376 -82.339 -0.307 0.033 0.065 0.949
26.722 -412.963 -82.640 -0.311 0.035 0.070 0.947
26.640 -412.554 -82.943 -0.315 0.036 0.075 0.945
26.553 -412.149 -83.249 -0.319 0.037 0.080 0.944
26.460 -411.748 -83.557 -0.323 0.039 0.085 0.942
26.362 -411.350 -83.867 -0.327 0.040 0.091 0.940
26.258 -410.956 -84.180 -0.330 0.042 0.096 0.938
26.149 -410.566 -84.495 -0.334 0.043 0.101 0.936
26.033 -410.180 -84.812 -0.337 0.045 0.107 0.934
25.913 -409.798 -85.131 -0.341 0.046 0.113 0.932
25.786 -409.420 -85.452 -0.344 0.048 0.118 0.930
25.654 -409.045 -85.775 -0.347 0.049 0.124 0.928
25.516 -408.674 -86.099 -0.350 0.051 0.130 0.926
25.372 -408.307 -86.425 -0.353 0.053 0.135 0.924
25.221 -407.943 -86.754 -0.356 0.054 0.141 0.922
25.065 -407.583 -87.083 -0.359 0.056 0.147 0.920
24.903 -407.227 -87.414 -0.362 0.058 0.153 0.918
24.735 -406.874 -87.746 -0.365 0.059 0.159 0.916
24.560 -406.525 -88.080 -0.367 0.061 0.165 0.913
24.379 -406.179 -88.415 -0.370 0.063 0.171 0.911
24.192 -405.837 -88.751 -0.372 0.065 0.177 0.909
23.999 -405.499 -89.088 -0.374 0.067 0.183 0.907
23.799 -405.163 -89.425 -0.376 0.068 0.189 0.904
23.593 -404.832 -89.764 -0.378 0.070 0.195 0.902
23.381 -404.504 -90.103 -0.380 0.072 0.200 0.900
23.163 -404.179 -90.443 -0.382 0.074 0.206 0.898
22.938 -403.859 -90.783 -0.384 0.076 0.212 0.895
22.707 -403.541 -91.124 -0.386 0.078 0.218 0.893
22.470 -403.227 -91.464 -0.387 0.080 0.224 0.891
22.227 -402.916 -91.805 -0.389 0.082 0.230 0.888
21.977 -402.609 -92.146 -0.390 0.084 0.236 0.886
21.721 -402.305 -92.487 -0.392 0.086 0.241 0.884
21.459 -402.004 -92.828 -0.393 0.088 0.247 0.881
21.191 -401.707 -93.169 -0.394 0.090 0.253 0.879
20.917 -401.413 -93.509 -0.395 0.092 0.258 0.877
20.636 -401.122 -93.850 -0.396 0.094 0.264 0.874
20.350 -400.835 -94.190 -0.397 0.096 0.270 0.872
20.057 -400.550 -94.530 -0.398 0.098 0.275 0.870
19.758 -400.269 -94.869 -0.399 0.100 0.281 0.867
19.452 -399.991 -95.209 -0.400 0.102 0.286 0.865
19.140 -399.716 -95.548 -0.401 0.104 0.292 0.862
18.821 -399.445 -95.887 -0.402 0.106 0.297 0.860
18.497 -399.177 -96.225 -0.402 0.108 0.303 0.857
18.165 -398.912 -96.563 -0.403 0.110 0.309 0.855
17.827 -398.650 -96.900 -0.404 0.112 0.314 0.852
17.484 -398.393 -97.236 -0.405 0.114 0.320 0.849
17.134 -398.140 -97.571 -0.405 0.116 0.325 0.846
16.779 -397.890 -97.905 -0.406 0.118 0.331 0.844
16.418 -397.645 -98.237 -0.407 0.120 0.336 0.841
16.051 -397.404 -98.567 -0.407 0.122 0.342 0.838
15.679 -397.168 -98.895 -0.408 0.124 0.347 0.835
15.303 -396.937 -99.221 -0.409 0.126 0.353 0.832
14.922 -396.711 -99.544 -0.409 0.128 0.358 0.829
14.537 -396.490 -99.864 -0.410 0.130 0.364 0.826
14.148 -396.274 -100.182 -0.410 0.132 0.369 0.824
13.755 -396.063 -100.497 -0.411 0.134 0.374 0.821
13.358 -395.857 -100.808 -0.411 0.135 0.380 0.818
12.958 -395.656 -101.117 -0.412 0.137 0.385 0.814
12.554 -395.461 -101.422 -0.412 0.139 0.390 0.811
12.147 -395.271 -101.724 -0.413 0.141 0.395 0.808
11.736 -395.086 -102.023 -0.413 0.143 0.401 0.805
11.322 -394.907 -102.319 -0.414 0.145 0.406 0.802
10.905 -394.733 -102.612 -0.414 0.147 0.411 0.799
10.485 -394.564 -102.901 -0.415 0.149 0.416 0.795
10.062 -394.400 -103.187 -0.415 0.151 0.421 0.792
9.636 -394.242 -103.470 -0.416 0.152 0.427 0.789
9.207 -394.089 -103.749 -0.416 0.154 0.432 0.785
8.776 -393.942 -104.025 -0.416 0.156 0.437 0.782
8.342 -393.800 -104.297 -0.417 0.158 0.442 0.779
7.905 -393.664 -104.566 -0.417 0.160 0.447 0.775
7.466 -393.533 -104.832 -0.418 0.161 0.452 0.771
7.025 -393.408 -105.093 -0.418 0.163 0.457 0.768
6.581 -393.288 -105.352 -0.419 0.165 0.462 0.764
6.135 -393.174 -105.607 -0.419 0.166 0.467 0.760
5.686 -393.065 -105.859 -0.419 0.168 0.472 0.757
5.236 -392.962 -106.107 -0.420 0.170 0.477 0.753
4.783 -392.865 -106.351 -0.420 0.172 0.483 0.749
4.328 -392.773 -106.592 -0.421 0.173 0.488 0.745
3.872 -392.687 -106.830 -0.421 0.175 0.493 0.741
3.413 -392.606 -107.064 -0.422 0.176 0.498 0.737
2.952 -392.532 -107.294 -0.422 0.178 0.503 0.733
2.489 -392.463 -107.522 -0.423 0.180 0.508 0.729
2.025 -392.399 -107.745 -0.423 0.181 0.513 0.725
1.558 -392.342 -107.965 -0.424 0.183 0.518 0.721
1.090 -392.291 -108.182 -0.424 0.184 0.523 0.716
0.621 -392.245 -108.395 -0.424 0.186 0.528 0.712
0.149 -392.205 -108.604 -0.425 0.187 0.533 0.707
-0.324 -392.172 -108.810 -0.425 0.189 0.538 0.703
-0.798 -392.144 -109.012 -0.426 0.190 0.543 0.698
-1.275 -392.122 -109.212 -0.426 0.191 0.548 0.694
-1.753 -392.107 -109.407 -0.427 0.193 0.553 0.689
-2.232 -392.097 -109.600 -0.428 0.194 0.558 0.685
-2.713 -392.094 -109.788 -0.428 0.195 0.562 0.680
-3.195 -392.097 -109.974 -0.429 0.197 0.567 0.675
-3.678 -392.106 -110.156 -0.429 0.198 0.572 0.670
-4.163 -392.121 -110.334 -0.430 0.199 0.577 0.665
-4.648 -392.142 -110.509 -0.430 0.200 0.582 0.660
-5.135 -392.170 -110.681 -0.431 0.201 0.587 0.655
-5.623 -392.205 -110.850 -0.432 0.202 0.591 0.650
-6.112 -392.245 -111.015 -0.432 0.203 0.596 0.645
-6.601 -392.292 -111.176 -0.433 0.204 0.601 0.640
-7.091 -392.346 -111.334 -0.434 0.205 0.606 0.635
-7.582 -392.406 -111.489 -0.434 0.206 0.610 0.630
-8.073 -392.472 -111.641 -0.435 0.207 0.615 0.625
-8.565 -392.545 -111.789 -0.436 0.208 0.619 0.619
-9.057 -392.625 -111.934 -0.436 0.208 0.624 0.614
-9.549 -392.711 -112.075 -0.437 0.209 0.628 0.609
-10.041 -392.803 -112.213 -0.437 0.210 0.633 0.603
-10.533 -392.902 -112.348 -0.438 0.211 0.637 0.598
-11.025 -393.007 -112.478 -0.439 0.211 0.642 0.593
-11.517 -393.118 -112.606 -0.439 0.212 0.646 0.587
-12.008 -393.236 -112.730 -0.440 0.213 0.650 0.582
-12.500 -393.361 -112.850 -0.440 0.213 0.655 0.576
-12.990 -393.492 -112.967 -0.441 0.214 0.659 0.571
-13.480 -393.629 -113.080 -0.441 0.215 0.663 0.565
-13.969 -393.773 -113.190 -0.442 0.215 0.668 0.559
-14.457 -393.923 -113.296 -0.442 0.216 0.672 0.554
-14.944 -394.079 -113.399 -0.443 0.216 0.676 0.548
-15.430 -394.242 -113.497 -0.443 0.217 0.680 0.543
-15.916 -394.411 -113.593 -0.443 0.217 0.684 0.537
-16.400 -394.586 -113.684 -0.444 0.218 0.688 0.531
-16.883 -394.767 -113.772 -0.444 0.218 0.692 0.525
-17.364 -394.955 -113.857 -0.445 0.219 0.696 0.520
-17.844 -395.149 -113.938 -0.445 0.219 0.700 0.514
-18.323 -395.349 -114.015 -0.445 0.219 0.704 0.508
-18.801 -395.556 -114.089 -0.446 0.220 0.708 0.502
-19.277 -395.769 -114.159 -0.446 0.220 0.711 0.496
-19.751 -395.988 -114.225 -0.447 0.220 0.715 0.491
-20.223 -396.212 -114.288 -0.447 0.221 0.719 0.485
-20.692 -396.443 -114.347 -0.447 0.221 0.722 0.479
-21.161 -396.681 -114.403 -0.447 0.221 0.726 0.473
-21.627 -396.924 -114.455 -0.448 0.221 0.730 0.467
-22.091 -397.173 -114.504 -0.448 0.221 0.733 0.461
-22.553 -397.428 -114.549 -0.448 0.222 0.737 0.455
-23.012 -397.689 -114.591 -0.449 0.222 0.740 0.449
-23.470 -397.957 -114.629 -0.449 0.222 0.743 0.444
-23.924 -398.230 -114.664 -0.449 0.222 0.747 0.438
-24.376 -398.508 -114.695 -0.449 0.222 0.750 0.432
-24.825 -398.793 -114.722 -0.450 0.222 0.753 0.426
-25.272 -399.083 -114.747 -0.450 0.222 0.757 0.420
-25.717 -399.379 -114.768 -0.450 0.221 0.760 0.414
-26.158 -399.681 -114.785 -0.450 0.221 0.763 0.408
-26.597 -399.988 -114.800 -0.450 0.221 0.766 0.402
-27.032 -400.301 -114.811 -0.450 0.221 0.769 0.397
-27.465 -400.620 -114.818 -0.451 0.221 0.772 0.391
-27.895 -400.943 -114.823 -0.451 0.220 0.775 0.385
-28.321 -401.273 -114.824 -0.451 0.220 0.777 0.379
-28.745 -401.608 -114.823 -0.451 0.220 0.780 0.373
-29.165 -401.948 -114.818 -0.451 0.219 0.783 0.368
-29.583 -402.293 -114.810 -0.451 0.219 0.786 0.362
-29.997 -402.644 -114.799 -0.452 0.219 0.788 0.356
-30.407 -403.000 -114.785 -0.452 0.218 0.791 0.351
-30.815 -403.361 -114.768 -0.452 0.218 0.793 0.345
-31.219 -403.727 -114.748 -0.452 0.217 0.796 0.340
-31.620 -404.098 -114.726 -0.452 0.217 0.798 0.334
-32.017 -404.474 -114.701 -0.452 0.216 0.800 0.329
-32.412 -404.856 -114.673 -0.452 0.216 0.803 0.324
-32.803 -405.242 -114.642 -0.452 0.215 0.805 0.318
-33.191 -405.633 -114.609 -0.452 0.214 0.807 0.313
-33.575 -406.028 -114.573 -0.452 0.214 0.809 0.308
-33.956 -406.429 -114.534 -0.452 0.213 0.811 0.303
-34.334 -406.834 -114.493 -0.453 0.212 0.813 0.298
-34.709 -407.244 -114.450 -0.453 0.211 0.815 0.293
-35.079 -407.659 -114.404 -0.453 0.211 0.817 0.288
-35.447 -408.078 -114.356 -0.453 0.210 0.819 0.283
-35.811 -408.502 -114.305 -0.453 0.209 0.821 0.278
-36.172 -408.930 -114.253 -0.453 0.208 0.823 0.273
-36.530 -409.363 -114.198 -0.453 0.207 0.825 0.268
-36.884 -409.800 -114.141 -0.453 0.207 0.826 0.264
-37.235 -410.242 -114.081 -0.453 0.206 0.828 0.259
-37.582 -410.688 -114.020 -0.453 0.205 0.830 0.254
-37.926 -411.138 -113.957 -0.453 0.204 0.831 0.250
-38.267 -411.592 -113.892 -0.453 0.203 0.833 0.245
-38.604 -412.051 -113.825 -0.453 0.202 0.834 0.240
-38.937 -412.514 -113.756 -0.453 0.201 0.836 0.236
-39.266 -412.981 -113.685 -0.453 0.200 0.837 0.231
-39.593 -413.452 -113.612 -0.453 0.198 0.839 0.227
-39.915 -413.927 -113.538 -0.453 0.197 0.840 0.222
-40.233 -414.406 -113.462 -0.453 0.196 0.842 0.218
-40.548 -414.889 -113.384 -0.453 0.195 0.843 0.214
-40.858 -415.376 -113.304 -0.453 0.194 0.845 0.209
-41.164 -415.866 -113.223 -0.453 0.192 0.846 0.205
-41.467 -416.361 -113.141 -0.453 0.191 0.847 0.200
-41.765 -416.858 -113.057 -0.453 0.190 0.849 0.196
-42.058 -417.359 -112.971 -0.453 0.189 0.850 0.191
-42.347 -417.863 -112.884 -0.453 0.187 0.851 0.187
-42.632 -418.372 -112.795 -0.453 0.186 0.852 0.182
-42.913 -418.883 -112.705 -0.453 0.185 0.854 0.178
-43.188 -419.397 -112.614 -0.453 0.183 0.855 0.173
-43.459 -419.915 -112.521 -0.453 0.182 0.856 0.169
-43.726 -420.435 -112.426 -0.453 0.180 0.857 0.164
-43.987 -420.959 -112.331 -0.453 0.179 0.859 0.160
-44.243 -421.485 -112.234 -0.453 0.177 0.860 0.155
-44.494 -422.015 -112.136 -0.453 0.176 0.861 0.151
-44.741 -422.546 -112.037 -0.453 0.174 0.862 0.146
-44.982 -423.081 -111.936 -0.453 0.173 0.863 0.141
-45.217 -423.619 -111.834 -0.453 0.171 0.864 0.137
-45.448 -424.159 -111.731 -0.453 0.170 0.865 0.132
-45.673 -424.701 -111.626 -0.453 0.168 0.866 0.127
-45.892 -425.245 -111.521 -0.452 0.166 0.867 0.123
-46.106 -425.792 -111.414 -0.452 0.165 0.869 0.118
-46.315 -426.341 -111.306 -0.452 0.163 0.870 0.113
-46.518 -426.892 -111.197 -0.452 0.162 0.871 0.108
-46.714 -427.445 -111.087 -0.452 0.160 0.872 0.103
-46.906 -428.001 -110.976 -0.452 0.158 0.872 0.099
-47.091 -428.557 -110.864 -0.451 0.157 0.873 0.094
-47.270 -429.115 -110.750 -0.451 0.155 0.874 0.089
-47.443 -429.675 -110.636 -0.451 0.153 0.875 0.084
-47.610 -430.236 -110.520 -0.451 0.152 0.876 0.079
-47.771 -430.799 -110.404 -0.450 0.150 0.877 0.074
-47.926 -431.363 -110.286 -0.450 0.148 0.878 0.069
-48.075 -431.928 -110.167 -0.450 0.147 0.879 0.064
-48.217 -432.495 -110.047 -0.450 0.145 0.879 0.059
-48.353 -433.063 -109.926 -0.449 0.143 0.880 0.054
-48.482 -433.631 -109.805 -0.449 0.141 0.881 0.048
-48.606 -434.201 -109.682 -0.449 0.140 0.882 0.043
-48.723 -434.771 -109.557 -0.448 0.138 0.882 0.038
-48.833 -435.342 -109.432 -0.448 0.136 0.883 0.033
-48.936 -435.914 -109.306 -0.447 0.134 0.884 0.028
-49.034 -436.486 -109.179 -0.447 0.133 0.884 0.022
-49.124 -437.058 -109.052 -0.446 0.131 0.885 0.017
-49.208 -437.631 -108.923 -0.446 0.129 0.886 0.012
-49.285 -438.204 -108.792 -0.446 0.127 0.886 0.006
-49.356 -438.778 -108.661 -0.445 0.126 0.887 0.001
-49.419 -439.352 -108.529 -0.444 0.124 0.887 -0.005
-49.476 -439.926 -108.396 -0.444 0.122 0.888 -0.010
-49.527 -440.499 -108.262 -0.443 0.120 0.888 -0.015
-49.570 -441.072 -108.127 -0.443 0.119 0.888 -0.021
-49.607 -441.646 -107.991 -0.442 0.117 0.889 -0.026
-49.637 -442.219 -107.854 -0.442 0.115 0.889 -0.032
-49.659 -442.791 -107.716 -0.441 0.113 0.890 -0.038
-49.676 -443.364 -107.577 -0.440 0.112 0.890 -0.043
-49.685 -443.937 -107.437 -0.440 0.110 0.890 -0.049
