21.502 -475.397 -70.113 -0.002 0.000 -0.003 1.000
21.508 -474.755 -70.117 -0.004 0.000 -0.006 1.000
21.517 -474.115 -70.124 -0.007 0.000 -0.009 1.000
21.531 -473.474 -70.134 -0.009 0.000 -0.012 1.000
21.548 -472.835 -70.147 -0.011 0.000 -0.015 1.000
21.569 -472.197 -70.163 -0.013 0.000 -0.018 1.000
21.594 -471.560 -70.182 -0.016 0.000 -0.021 1.000
21.622 -470.923 -70.203 -0.018 0.000 -0.024 1.000
21.654 -470.288 -70.228 -0.020 0.000 -0.026 0.999
21.690 -469.653 -70.255 -0.023 0.000 -0.029 0.999
21.728 -469.019 -70.285 -0.025 0.000 -0.032 0.999
21.770 -468.387 -70.319 -0.027 0.000 -0.034 0.999
21.815 -467.755 -70.355 -0.030 0.000 -0.037 0.999
21.864 -467.125 -70.394 -0.032 0.000 -0.039 0.999
21.915 -466.495 -70.436 -0.035 0.000 -0.042 0.999
21.969 -465.867 -70.482 -0.037 0.000 -0.044 0.998
22.027 -465.240 -70.530 -0.039 0.000 -0.047 0.998
22.087 -464.615 -70.581 -0.042 0.000 -0.049 0.998
22.149 -463.990 -70.635 -0.044 0.000 -0.051 0.998
22.215 -463.367 -70.692 -0.047 0.000 -0.053 0.997
22.283 -462.746 -70.752 -0.049 0.000 -0.055 0.997
22.353 -462.125 -70.816 -0.052 0.000 -0.057 0.997
22.426 -461.506 -70.882 -0.054 0.000 -0.059 0.997
22.501 -460.889 -70.951 -0.057 0.000 -0.061 0.997
22.579 -460.272 -71.024 -0.059 0.000 -0.063 0.996
22.658 -459.658 -71.099 -0.062 0.000 -0.065 0.996
22.740 -459.044 -71.178 -0.064 0.001 -0.066 0.996
22.823 -458.432 -71.259 -0.067 0.001 -0.068 0.995
22.908 -457.822 -71.344 -0.070 0.001 -0.070 0.995
22.995 -457.213 -71.432 -0.072 0.001 -0.071 0.995
23.084 -456.605 -71.523 -0.075 0.001 -0.072 0.995
23.174 -455.999 -71.617 -0.078 0.001 -0.074 0.994
23.265 -455.395 -71.714 -0.080 0.001 -0.075 0.994
23.358 -454.792 -71.814 -0.083 0.001 -0.076 0.994
23.452 -454.191 -71.918 -0.086 0.001 -0.077 0.993
23.547 -453.591 -72.024 -0.088 0.001 -0.078 0.993
23.643 -452.993 -72.134 -0.091 0.002 -0.079 0.993
23.740 -452.397 -72.247 -0.094 0.002 -0.080 0.992
23.835 -451.816 -72.361 -0.097 0.002 -0.081 0.992
23.930 -451.248 -72.475 -0.100 0.002 -0.082 0.992
24.025 -450.680 -72.593 -0.102 0.002 -0.082 0.991
24.121 -450.114 -72.714 -0.105 0.002 -0.083 0.991
24.217 -449.549 -72.839 -0.108 0.003 -0.083 0.991
24.314 -448.985 -72.966 -0.111 0.003 -0.084 0.990
24.411 -448.422 -73.097 -0.114 0.003 -0.084 0.990
24.509 -447.860 -73.232 -0.117 0.003 -0.085 0.989
24.607 -447.299 -73.370 -0.120 0.003 -0.085 0.989
24.705 -446.740 -73.511 -0.123 0.004 -0.085 0.989
24.803 -446.181 -73.656 -0.126 0.004 -0.085 0.988
24.901 -445.625 -73.804 -0.130 0.004 -0.085 0.988
24.999 -445.069 -73.956 -0.133 0.004 -0.085 0.987
25.097 -444.515 -74.111 -0.136 0.005 -0.085 0.987
25.194 -443.961 -74.270 -0.139 0.005 -0.085 0.987
25.291 -443.410 -74.433 -0.142 0.005 -0.085 0.986
25.387 -442.859 -74.599 -0.145 0.006 -0.084 0.986
25.483 -442.310 -74.768 -0.149 0.006 -0.084 0.985
25.577 -441.763 -74.941 -0.152 0.006 -0.083 0.985
25.671 -441.216 -75.118 -0.155 0.007 -0.083 0.984
25.765 -440.672 -75.298 -0.159 0.007 -0.082 0.984
25.856 -440.129 -75.482 -0.162 0.007 -0.081 0.983
25.947 -439.587 -75.670 -0.165 0.008 -0.080 0.983
26.037 -439.046 -75.861 -0.169 0.008 -0.079 0.982
26.125 -438.507 -76.056 -0.172 0.009 -0.078 0.982
26.212 -437.970 -76.255 -0.176 0.009 -0.077 0.981
26.297 -437.434 -76.458 -0.179 0.010 -0.076 0.981
26.380 -436.899 -76.664 -0.183 0.010 -0.075 0.980
26.462 -436.367 -76.874 -0.186 0.011 -0.073 0.980
26.541 -435.835 -77.087 -0.190 0.011 -0.072 0.979
26.619 -435.305 -77.305 -0.193 0.012 -0.070 0.979
26.694 -434.777 -77.526 -0.197 0.012 -0.068 0.978
26.767 -434.250 -77.751 -0.200 0.013 -0.066 0.977
26.837 -433.725 -77.980 -0.204 0.014 -0.064 0.977
26.905 -433.201 -78.213 -0.207 0.014 -0.062 0.976
26.971 -432.679 -78.449 -0.211 0.015 -0.060 0.976
27.033 -432.159 -78.689 -0.214 0.016 -0.058 0.975
27.093 -431.640 -78.933 -0.218 0.016 -0.055 0.974
27.150 -431.123 -79.181 -0.221 0.017 -0.053 0.974
27.203 -430.608 -79.432 -0.225 0.018 -0.050 0.973
27.253 -430.094 -79.687 -0.229 0.019 -0.048 0.972
27.300 -429.582 -79.946 -0.232 0.020 -0.045 0.971
27.343 -429.073 -80.208 -0.236 0.020 -0.042 0.971
27.382 -428.564 -80.474 -0.239 0.021 -0.039 0.970
27.418 -428.058 -80.744 -0.243 0.022 -0.036 0.969
27.449 -427.554 -81.017 -0.246 0.023 -0.033 0.968
27.477 -427.052 -81.294 -0.250 0.024 -0.029 0.968
27.500 -426.552 -81.574 -0.253 0.025 -0.026 0.967
27.519 -426.054 -81.858 -0.257 0.026 -0.022 0.966
27.534 -425.558 -82.144 -0.260 0.027 -0.018 0.965
27.544 -425.065 -82.434 -0.264 0.028 -0.015 0.964
27.549 -424.573 -82.727 -0.267 0.029 -0.011 0.963
27.549 -424.085 -83.024 -0.271 0.030 -0.007 0.962
27.544 -423.599 -83.323 -0.274 0.032 -0.002 0.961
27.534 -423.116 -83.625 -0.277 0.033 0.002 0.960
27.519 -422.635 -83.930 -0.281 0.034 0.006 0.959
27.499 -422.158 -84.237 -0.284 0.035 0.011 0.958
27.473 -421.684 -84.547 -0.287 0.037 0.015 0.957
27.442 -421.213 -84.859 -0.291 0.038 0.020 0.956
27.405 -420.746 -85.173 -0.294 0.039 0.025 0.955
27.362 -420.282 -85.489 -0.297 0.041 0.030 0.954
27.313 -419.821 -85.808 -0.300 0.042 0.035 0.952
27.259 -419.365 -86.127 -0.303 0.044 0.040 0.951
27.199 -418.912 -86.449 -0.306 0.045 0.045 0.950
27.132 -418.463 -86.772 -0.309 0.047 0.050 0.948
27.060 -418.019 -87.096 -0.312 0.048 0.056 0.947
26.982 -417.578 -87.422 -0.315 0.050 0.061 0.946
26.898 -417.142 -87.748 -0.318 0.051 0.067 0.944
26.807 -416.710 -88.075 -0.321 0.053 0.072 0.943
26.711 -416.282 -88.403 -0.324 0.054 0.078 0.941
26.609 -415.859 -88.732 -0.326 0.056 0.083 0.940
26.500 -415.441 -89.061 -0.329 0.058 0.089 0.938
26.386 -415.027 -89.390 -0.331 0.059 0.095 0.937
26.265 -414.617 -89.720 -0.334 0.061 0.101 0.935
26.139 -414.212 -90.050 -0.336 0.063 0.106 0.934
26.007 -413.812 -90.379 -0.339 0.064 0.112 0.932
25.869 -413.416 -90.709 -0.341 0.066 0.118 0.930
25.725 -413.024 -91.039 -0.344 0.068 0.124 0.928
25.575 -412.637 -91.369 -0.346 0.070 0.130 0.927
25.419 -412.255 -91.699 -0.348 0.071 0.136 0.925
25.258 -411.877 -92.028 -0.350 0.073 0.141 0.923
25.091 -411.504 -92.357 -0.352 0.075 0.147 0.921
24.918 -411.135 -92.686 -0.355 0.077 0.153 0.919
24.739 -410.770 -93.014 -0.357 0.078 0.159 0.917
24.555 -410.410 -93.342 -0.359 0.080 0.165 0.915
24.365 -410.054 -93.670 -0.361 0.082 0.171 0.913
24.170 -409.703 -93.997 -0.363 0.084 0.177 0.911
23.969 -409.356 -94.323 -0.365 0.085 0.183 0.909
23.762 -409.013 -94.649 -0.366 0.087 0.188 0.907
23.550 -408.675 -94.975 -0.368 0.089 0.194 0.905
23.333 -408.341 -95.300 -0.370 0.091 0.200 0.903
23.110 -408.012 -95.624 -0.372 0.092 0.206 0.900
22.882 -407.687 -95.947 -0.374 0.094 0.212 0.898
22.649 -407.367 -96.270 -0.376 0.096 0.218 0.896
22.411 -407.051 -96.591 -0.377 0.098 0.223 0.893
22.167 -406.740 -96.912 -0.379 0.100 0.229 0.891
21.918 -406.433 -97.232 -0.381 0.101 0.235 0.889
21.664 -406.131 -97.551 -0.382 0.103 0.241 0.886
21.405 -405.833 -97.868 -0.384 0.105 0.247 0.884
21.142 -405.540 -98.185 -0.385 0.107 0.252 0.881
20.873 -405.252 -98.500 -0.387 0.108 0.258 0.879
20.600 -404.968 -98.814 -0.388 0.110 0.264 0.876
20.322 -404.689 -99.126 -0.390 0.112 0.270 0.873
20.039 -404.415 -99.437 -0.391 0.114 0.275 0.871
19.752 -404.145 -99.747 -0.393 0.115 0.281 0.868
19.460 -403.880 -100.056 -0.394 0.117 0.287 0.865
19.163 -403.620 -100.362 -0.395 0.119 0.292 0.863
18.862 -403.365 -100.667 -0.397 0.121 0.298 0.860
18.557 -403.114 -100.971 -0.398 0.122 0.304 0.857
18.247 -402.868 -101.273 -0.399 0.124 0.309 0.854
17.933 -402.628 -101.573 -0.401 0.126 0.315 0.851
17.615 -402.391 -101.871 -0.402 0.128 0.320 0.848
17.292 -402.160 -102.168 -0.403 0.129 0.326 0.845
16.966 -401.933 -102.463 -0.404 0.131 0.332 0.842
16.635 -401.712 -102.756 -0.405 0.133 0.337 0.839
16.300 -401.495 -103.046 -0.407 0.135 0.343 0.836
15.962 -401.283 -103.335 -0.408 0.136 0.348 0.833
15.620 -401.077 -103.622 -0.409 0.138 0.354 0.830
15.274 -400.875 -103.906 -0.410 0.140 0.359 0.827
14.923 -400.677 -104.189 -0.411 0.142 0.365 0.824
14.570 -400.485 -104.469 -0.412 0.143 0.370 0.820
14.213 -400.298 -104.747 -0.413 0.145 0.376 0.817
13.852 -400.116 -105.023 -0.414 0.147 0.381 0.814
13.487 -399.939 -105.297 -0.415 0.148 0.386 0.810
13.119 -399.766 -105.567 -0.415 0.150 0.392 0.807
12.748 -399.599 -105.836 -0.416 0.152 0.397 0.804
12.374 -399.437 -106.102 -0.417 0.154 0.403 0.800
11.997 -399.280 -106.365 -0.418 0.155 0.408 0.797
11.616 -399.128 -106.626 -0.419 0.157 0.413 0.793
11.232 -398.981 -106.884 -0.419 0.159 0.419 0.790
10.845 -398.839 -107.140 -0.420 0.161 0.424 0.786
10.455 -398.703 -107.392 -0.421 0.162 0.429 0.783
10.062 -398.571 -107.642 -0.421 0.164 0.434 0.779
9.667 -398.444 -107.890 -0.422 0.166 0.440 0.775
9.268 -398.322 -108.134 -0.423 0.167 0.445 0.772
8.867 -398.206 -108.375 -0.423 0.169 0.450 0.768
8.463 -398.094 -108.614 -0.424 0.171 0.455 0.764
8.056 -397.988 -108.850 -0.424 0.173 0.461 0.760
7.646 -397.886 -109.083 -0.425 0.174 0.466 0.757
7.233 -397.790 -109.313 -0.425 0.176 0.471 0.753
6.818 -397.698 -109.540 -0.426 0.178 0.476 0.749
6.400 -397.612 -109.765 -0.426 0.179 0.481 0.745
5.980 -397.531 -109.986 -0.427 0.181 0.486 0.741
5.556 -397.455 -110.204 -0.427 0.183 0.491 0.737
5.130 -397.383 -110.420 -0.427 0.184 0.496 0.733
4.701 -397.317 -110.633 -0.428 0.186 0.501 0.729
4.269 -397.256 -110.843 -0.428 0.188 0.506 0.725
3.835 -397.200 -111.049 -0.429 0.189 0.511 0.721
3.398 -397.150 -111.253 -0.429 0.191 0.516 0.716
2.959 -397.104 -111.454 -0.429 0.192 0.521 0.712
2.517 -397.064 -111.652 -0.430 0.194 0.526 0.708
2.073 -397.029 -111.847 -0.430 0.196 0.531 0.704
1.627 -396.999 -112.039 -0.430 0.197 0.536 0.699
1.178 -396.974 -112.227 -0.431 0.199 0.540 0.695
0.728 -396.955 -112.413 -0.431 0.200 0.545 0.691
0.275 -396.941 -112.595 -0.431 0.202 0.550 0.686
-0.179 -396.932 -112.774 -0.431 0.203 0.555 0.682
-0.636 -396.929 -112.950 -0.432 0.204 0.559 0.677
-1.094 -396.931 -113.123 -0.432 0.206 0.564 0.673
-1.554 -396.938 -113.292 -0.432 0.207 0.569 0.668
-2.016 -396.951 -113.458 -0.432 0.209 0.573 0.664
-2.479 -396.969 -113.620 -0.433 0.210 0.578 0.659
-2.943 -396.993 -113.779 -0.433 0.211 0.583 0.655
-3.409 -397.022 -113.935 -0.433 0.213 0.587 0.650
-3.876 -397.056 -114.087 -0.433 0.214 0.592 0.645
-4.344 -397.096 -114.236 -0.433 0.215 0.596 0.641
-4.814 -397.142 -114.381 -0.433 0.217 0.601 0.636
-5.284 -397.193 -114.523 -0.433 0.218 0.605 0.631
-5.755 -397.249 -114.661 -0.434 0.219 0.610 0.626
-6.227 -397.311 -114.795 -0.434 0.221 0.614 0.621
-6.700 -397.378 -114.926 -0.434 0.222 0.618 0.617
-7.173 -397.451 -115.053 -0.434 0.223 0.623 0.612
-7.647 -397.529 -115.176 -0.434 0.224 0.627 0.607
-8.121 -397.613 -115.296 -0.434 0.226 0.631 0.602
-8.596 -397.702 -115.412 -0.434 0.227 0.636 0.597
-9.072 -397.797 -115.525 -0.434 0.228 0.640 0.592
-9.548 -397.897 -115.633 -0.434 0.229 0.644 0.587
-10.024 -398.003 -115.738 -0.434 0.230 0.648 0.582
-10.500 -398.114 -115.839 -0.434 0.231 0.653 0.577
-10.976 -398.231 -115.937 -0.434 0.232 0.657 0.571
-11.453 -398.353 -116.030 -0.434 0.233 0.661 0.566
-11.930 -398.482 -116.120 -0.434 0.234 0.665 0.561
-12.407 -398.615 -116.206 -0.434 0.235 0.669 0.556
-12.884 -398.754 -116.288 -0.434 0.236 0.673 0.551
-13.361 -398.899 -116.367 -0.434 0.237 0.677 0.545
-13.838 -399.050 -116.441 -0.434 0.238 0.681 0.540
-14.315 -399.206 -116.512 -0.433 0.239 0.685 0.535
-14.791 -399.368 -116.579 -0.433 0.240 0.689 0.529
-15.267 -399.535 -116.642 -0.433 0.241 0.693 0.524
-15.742 -399.708 -116.701 -0.433 0.242 0.696 0.519
-16.217 -399.887 -116.757 -0.433 0.243 0.700 0.513
-16.692 -400.072 -116.808 -0.433 0.243 0.704 0.508
-17.166 -400.262 -116.856 -0.433 0.244 0.708 0.502
-17.640 -400.459 -116.900 -0.433 0.245 0.711 0.497
-18.113 -400.661 -116.940 -0.433 0.246 0.715 0.491
-18.585 -400.869 -116.976 -0.432 0.246 0.719 0.486
-19.056 -401.082 -117.009 -0.432 0.247 0.722 0.480
-19.527 -401.302 -117.037 -0.432 0.247 0.726 0.475
-19.996 -401.527 -117.062 -0.432 0.248 0.729 0.469
-20.464 -401.758 -117.083 -0.432 0.248 0.733 0.464
-20.932 -401.995 -117.100 -0.432 0.249 0.736 0.458
-21.398 -402.238 -117.114 -0.432 0.249 0.740 0.452
-21.862 -402.487 -117.124 -0.432 0.249 0.743 0.447
-22.326 -402.741 -117.130 -0.431 0.250 0.746 0.441
-22.787 -403.001 -117.132 -0.431 0.250 0.750 0.435
-23.247 -403.268 -117.131 -0.431 0.250 0.753 0.430
-23.706 -403.540 -117.126 -0.431 0.250 0.756 0.424
-24.163 -403.818 -117.117 -0.431 0.250 0.759 0.418
-24.617 -404.101 -117.105 -0.431 0.250 0.762 0.413
-25.070 -404.391 -117.089 -0.431 0.250 0.766 0.407
-25.521 -404.687 -117.069 -0.431 0.250 0.769 0.401
-25.970 -404.988 -117.046 -0.430 0.250 0.772 0.396
-26.417 -405.296 -117.020 -0.430 0.250 0.775 0.390
-26.862 -405.609 -116.990 -0.430 0.250 0.778 0.385
-27.304 -405.928 -116.957 -0.430 0.250 0.780 0.379
-27.743 -406.252 -116.920 -0.430 0.249 0.783 0.373
-28.181 -406.582 -116.880 -0.430 0.249 0.786 0.368
-28.615 -406.918 -116.837 -0.430 0.249 0.789 0.362
-29.047 -407.260 -116.791 -0.430 0.248 0.792 0.356
-29.476 -407.608 -116.741 -0.430 0.248 0.794 0.351
-29.902 -407.961 -116.689 -0.430 0.247 0.797 0.345
-30.325 -408.320 -116.633 -0.430 0.247 0.799 0.340
-30.745 -408.684 -116.574 -0.430 0.246 0.802 0.334
-31.162 -409.053 -116.513 -0.430 0.245 0.804 0.329
-31.575 -409.428 -116.449 -0.430 0.244 0.807 0.323
-31.985 -409.808 -116.382 -0.429 0.244 0.809 0.318
-32.391 -410.193 -116.312 -0.429 0.243 0.812 0.313
-32.794 -410.584 -116.240 -0.429 0.242 0.814 0.307
-33.193 -410.979 -116.165 -0.429 0.241 0.816 0.302
-33.587 -411.380 -116.087 -0.429 0.240 0.819 0.297
-33.979 -411.785 -116.008 -0.429 0.239 0.821 0.291
-34.365 -412.195 -115.926 -0.429 0.238 0.823 0.286
-34.748 -412.609 -115.842 -0.429 0.237 0.825 0.281
-35.127 -413.028 -115.755 -0.429 0.236 0.827 0.276
-35.501 -413.451 -115.667 -0.429 0.234 0.829 0.271
-35.871 -413.879 -115.576 -0.429 0.233 0.831 0.266
-36.236 -414.311 -115.484 -0.429 0.232 0.833 0.261
-36.597 -414.747 -115.390 -0.429 0.231 0.835 0.256
-36.953 -415.187 -115.294 -0.429 0.229 0.837 0.251
-37.304 -415.631 -115.196 -0.429 0.228 0.839 0.246
-37.651 -416.079 -115.097 -0.429 0.226 0.841 0.241
-37.994 -416.531 -114.996 -0.429 0.225 0.842 0.236
-38.331 -416.986 -114.894 -0.429 0.223 0.844 0.231
-38.664 -417.445 -114.790 -0.429 0.222 0.846 0.226
-38.993 -417.908 -114.685 -0.429 0.220 0.847 0.221
-39.316 -418.375 -114.578 -0.429 0.219 0.849 0.217
-39.635 -418.845 -114.470 -0.429 0.217 0.851 0.212
-39.948 -419.319 -114.361 -0.429 0.215 0.852 0.207
-40.258 -419.796 -114.251 -0.429 0.214 0.854 0.203
-40.562 -420.276 -114.140 -0.429 0.212 0.855 0.198
-40.861 -420.760 -114.028 -0.429 0.210 0.857 0.193
-41.155 -421.247 -113.915 -0.429 0.208 0.858 0.189
-41.445 -421.737 -113.801 -0.429 0.207 0.860 0.184
-41.730 -422.230 -113.686 -0.430 0.205 0.861 0.180
-42.010 -422.726 -113.571 -0.430 0.203 0.862 0.176
-42.284 -423.225 -113.455 -0.430 0.201 0.864 0.171
-42.554 -423.728 -113.338 -0.430 0.199 0.865 0.167
-42.820 -424.233 -113.220 -0.430 0.197 0.866 0.162
-43.080 -424.741 -113.102 -0.430 0.195 0.867 0.158
-43.335 -425.252 -112.984 -0.430 0.193 0.869 0.154
-43.585 -425.765 -112.865 -0.430 0.191 0.870 0.150
-43.831 -426.281 -112.746 -0.430 0.189 0.871 0.146
-44.071 -426.800 -112.627 -0.430 0.187 0.872 0.141
-44.307 -427.322 -112.507 -0.430 0.185 0.873 0.137
-44.537 -427.846 -112.387 -0.430 0.183 0.874 0.133
-44.763 -428.372 -112.267 -0.430 0.181 0.875 0.129
-44.984 -428.901 -112.147 -0.430 0.178 0.876 0.125
-45.200 -429.433 -112.027 -0.430 0.176 0.877 0.121
-45.411 -429.967 -111.907 -0.430 0.174 0.878 0.117
-45.617 -430.503 -111.787 -0.430 0.172 0.879 0.114
-45.818 -431.042 -111.667 -0.430 0.169 0.880 0.110
-46.015 -431.582 -111.547 -0.430 0.167 0.881 0.106
-46.206 -432.125 -111.428 -0.430 0.165 0.882 0.102
-46.393 -432.670 -111.309 -0.430 0.162 0.883 0.098
-46.575 -433.218 -111.190 -0.430 0.160 0.884 0.095
-46.753 -433.768 -111.072 -0.430 0.158 0.884 0.091
-46.925 -434.319 -110.954 -0.430 0.155 0.885 0.088
-47.093 -434.873 -110.837 -0.430 0.153 0.886 0.084
-47.256 -435.428 -110.720 -0.430 0.150 0.887 0.080
-47.414 -435.985 -110.604 -0.430 0.148 0.888 0.077
-47.567 -436.545 -110.488 -0.430 0.145 0.888 0.074
-47.716 -437.106 -110.373 -0.430 0.143 0.889 0.070
-47.860 -437.669 -110.259 -0.430 0.140 0.890 0.067
-47.999 -438.234 -110.146 -0.430 0.138 0.890 0.063
-48.133 -438.800 -110.033 -0.430 0.135 0.891 0.060
-48.263 -439.368 -109.922 -0.430 0.132 0.891 0.057
-48.389 -439.938 -109.811 -0.429 0.130 0.892 0.054
-48.509 -440.509 -109.702 -0.429 0.127 0.893 0.051
-48.626 -441.082 -109.593 -0.429 0.124 0.893 0.047
-48.737 -441.657 -109.486 -0.429 0.122 0.894 0.044
-48.844 -442.233 -109.380 -0.429 0.119 0.894 0.041
-48.947 -442.810 -109.275 -0.429 0.116 0.895 0.038
-49.045 -443.389 -109.171 -0.429 0.114 0.895 0.035
-49.139 -443.970 -109.068 -0.429 0.111 0.896 0.033
-49.228 -444.552 -108.967 -0.429 0.108 0.896 0.030
