21.502 -475.402 -70.113 -0.002 0.000 -0.003 1.000
21.507 -474.792 -70.117 -0.004 0.000 -0.006 1.000
21.516 -474.182 -70.123 -0.006 0.000 -0.008 1.000
21.528 -473.571 -70.132 -0.008 0.000 -0.011 1.000
21.543 -472.961 -70.144 -0.011 0.000 -0.014 1.000
21.562 -472.352 -70.158 -0.013 0.000 -0.017 1.000
21.584 -471.742 -70.175 -0.015 0.000 -0.019 1.000
21.609 -471.132 -70.194 -0.017 0.000 -0.022 1.000
21.638 -470.523 -70.217 -0.019 0.000 -0.025 1.000
21.670 -469.914 -70.241 -0.021 0.000 -0.027 0.999
21.705 -469.304 -70.269 -0.024 0.000 -0.030 0.999
21.743 -468.695 -70.299 -0.026 0.000 -0.032 0.999
21.784 -468.087 -70.332 -0.028 0.000 -0.035 0.999
21.828 -467.478 -70.368 -0.030 0.000 -0.037 0.999
21.875 -466.870 -70.406 -0.033 0.000 -0.040 0.999
21.925 -466.263 -70.447 -0.035 0.000 -0.042 0.999
21.978 -465.655 -70.491 -0.037 0.000 -0.044 0.998
22.034 -465.047 -70.538 -0.039 0.000 -0.047 0.998
22.092 -464.441 -70.588 -0.042 0.000 -0.049 0.998
22.153 -463.834 -70.640 -0.044 0.000 -0.051 0.998
22.217 -463.229 -70.696 -0.047 0.000 -0.053 0.997
22.284 -462.623 -70.754 -0.049 0.000 -0.055 0.997
22.353 -462.018 -70.815 -0.051 0.000 -0.058 0.997
22.424 -461.414 -70.880 -0.054 0.000 -0.060 0.997
22.498 -460.809 -70.947 -0.056 0.000 -0.061 0.997
22.574 -460.206 -71.017 -0.059 0.000 -0.063 0.996
22.652 -459.603 -71.090 -0.061 0.000 -0.065 0.996
22.733 -459.000 -71.167 -0.064 0.000 -0.067 0.996
22.816 -458.399 -71.246 -0.066 0.001 -0.069 0.995
22.900 -457.797 -71.328 -0.069 0.001 -0.070 0.995
22.987 -457.197 -71.414 -0.071 0.001 -0.072 0.995
23.076 -456.597 -71.503 -0.074 0.001 -0.073 0.995
23.166 -455.998 -71.595 -0.077 0.001 -0.075 0.994
23.258 -455.399 -71.690 -0.079 0.001 -0.076 0.994
23.351 -454.801 -71.789 -0.082 0.001 -0.077 0.994
23.446 -454.204 -71.891 -0.085 0.001 -0.079 0.993
23.543 -453.608 -71.996 -0.088 0.001 -0.080 0.993
23.640 -453.012 -72.104 -0.090 0.001 -0.081 0.993
23.739 -452.418 -72.216 -0.093 0.002 -0.082 0.992
23.839 -451.824 -72.331 -0.096 0.002 -0.083 0.992
23.939 -451.231 -72.450 -0.099 0.002 -0.083 0.992
24.041 -450.640 -72.572 -0.102 0.002 -0.084 0.991
24.143 -450.049 -72.698 -0.105 0.002 -0.085 0.991
24.246 -449.460 -72.827 -0.108 0.002 -0.085 0.991
24.349 -448.871 -72.960 -0.111 0.003 -0.086 0.990
24.453 -448.283 -73.096 -0.114 0.003 -0.086 0.990
24.557 -447.697 -73.236 -0.117 0.003 -0.086 0.989
24.661 -447.112 -73.380 -0.120 0.003 -0.086 0.989
24.765 -446.528 -73.527 -0.123 0.004 -0.086 0.989
24.869 -445.945 -73.678 -0.126 0.004 -0.086 0.988
24.973 -445.363 -73.833 -0.129 0.004 -0.086 0.988
25.076 -444.783 -73.992 -0.133 0.005 -0.086 0.987
25.179 -444.204 -74.154 -0.136 0.005 -0.086 0.987
25.281 -443.626 -74.320 -0.139 0.005 -0.085 0.987
25.382 -443.049 -74.490 -0.143 0.006 -0.085 0.986
25.482 -442.474 -74.664 -0.146 0.006 -0.084 0.986
25.581 -441.901 -74.841 -0.149 0.006 -0.083 0.985
25.679 -441.330 -75.023 -0.153 0.007 -0.082 0.985
25.776 -440.759 -75.208 -0.156 0.007 -0.081 0.984
25.871 -440.191 -75.398 -0.160 0.008 -0.080 0.984
25.964 -439.625 -75.591 -0.163 0.008 -0.079 0.983
26.056 -439.060 -75.788 -0.167 0.009 -0.078 0.983
26.146 -438.497 -75.990 -0.170 0.009 -0.076 0.982
26.234 -437.936 -76.195 -0.174 0.010 -0.075 0.982
26.319 -437.377 -76.404 -0.178 0.010 -0.073 0.981
26.403 -436.820 -76.617 -0.181 0.011 -0.072 0.981
26.483 -436.265 -76.834 -0.185 0.011 -0.070 0.980
26.562 -435.712 -77.055 -0.189 0.012 -0.068 0.980
26.637 -435.161 -77.280 -0.193 0.013 -0.066 0.979
26.710 -434.612 -77.509 -0.196 0.013 -0.063 0.978
26.779 -434.067 -77.741 -0.200 0.014 -0.061 0.978
26.845 -433.523 -77.978 -0.204 0.015 -0.059 0.977
26.908 -432.982 -78.218 -0.208 0.016 -0.056 0.976
26.968 -432.443 -78.463 -0.212 0.016 -0.054 0.976
27.024 -431.907 -78.711 -0.216 0.017 -0.051 0.975
27.077 -431.374 -78.963 -0.219 0.018 -0.048 0.974
27.125 -430.844 -79.219 -0.223 0.019 -0.045 0.974
27.170 -430.317 -79.479 -0.227 0.020 -0.042 0.973
27.210 -429.792 -79.742 -0.231 0.021 -0.039 0.972
27.247 -429.272 -80.009 -0.235 0.022 -0.035 0.971
27.279 -428.754 -80.279 -0.239 0.022 -0.032 0.970
27.307 -428.240 -80.553 -0.243 0.023 -0.029 0.969
27.330 -427.729 -80.830 -0.247 0.024 -0.025 0.968
27.348 -427.223 -81.110 -0.251 0.025 -0.021 0.967
27.362 -426.719 -81.394 -0.255 0.027 -0.017 0.966
27.372 -426.220 -81.680 -0.259 0.028 -0.013 0.965
27.376 -425.724 -81.970 -0.263 0.029 -0.009 0.964
27.375 -425.233 -82.263 -0.267 0.030 -0.005 0.963
27.369 -424.745 -82.559 -0.271 0.031 -0.001 0.962
27.358 -424.261 -82.857 -0.275 0.032 0.003 0.961
27.342 -423.782 -83.158 -0.279 0.033 0.008 0.960
27.321 -423.307 -83.462 -0.283 0.035 0.012 0.958
27.294 -422.836 -83.769 -0.287 0.036 0.017 0.957
27.261 -422.369 -84.078 -0.291 0.037 0.021 0.956
27.224 -421.906 -84.390 -0.295 0.038 0.026 0.954
27.180 -421.448 -84.704 -0.298 0.040 0.031 0.953
27.131 -420.994 -85.020 -0.302 0.041 0.036 0.952
27.076 -420.544 -85.339 -0.306 0.043 0.041 0.950
27.015 -420.098 -85.660 -0.310 0.044 0.046 0.949
26.948 -419.657 -85.983 -0.313 0.046 0.052 0.947
26.876 -419.219 -86.308 -0.317 0.047 0.057 0.946
26.797 -418.786 -86.636 -0.321 0.049 0.062 0.944
26.713 -418.358 -86.965 -0.324 0.050 0.068 0.942
26.622 -417.933 -87.296 -0.328 0.052 0.073 0.941
26.526 -417.513 -87.629 -0.331 0.053 0.079 0.939
26.423 -417.097 -87.963 -0.334 0.055 0.084 0.937
26.315 -416.686 -88.298 -0.338 0.056 0.090 0.935
26.200 -416.279 -88.635 -0.341 0.058 0.095 0.933
26.080 -415.877 -88.974 -0.344 0.060 0.101 0.932
25.953 -415.479 -89.313 -0.347 0.061 0.107 0.930
25.821 -415.086 -89.653 -0.350 0.063 0.112 0.928
25.683 -414.697 -89.994 -0.353 0.064 0.118 0.926
25.539 -414.312 -90.337 -0.356 0.066 0.123 0.924
25.389 -413.932 -90.679 -0.359 0.068 0.129 0.922
25.233 -413.557 -91.023 -0.362 0.069 0.135 0.920
25.072 -413.186 -91.367 -0.364 0.071 0.140 0.918
24.905 -412.820 -91.711 -0.367 0.073 0.146 0.916
24.732 -412.459 -92.056 -0.370 0.074 0.152 0.914
24.554 -412.102 -92.401 -0.372 0.076 0.157 0.912
24.369 -411.749 -92.746 -0.375 0.078 0.163 0.909
24.180 -411.401 -93.091 -0.377 0.079 0.169 0.907
23.985 -411.057 -93.437 -0.380 0.081 0.175 0.905
23.784 -410.718 -93.782 -0.382 0.083 0.180 0.903
23.577 -410.384 -94.128 -0.384 0.085 0.186 0.900
23.365 -410.054 -94.473 -0.386 0.086 0.192 0.898
23.148 -409.728 -94.818 -0.389 0.088 0.197 0.896
22.925 -409.407 -95.162 -0.391 0.090 0.203 0.893
22.697 -409.091 -95.506 -0.393 0.092 0.209 0.891
22.464 -408.779 -95.850 -0.395 0.094 0.214 0.888
22.225 -408.472 -96.194 -0.397 0.095 0.220 0.886
21.980 -408.169 -96.536 -0.399 0.097 0.226 0.883
21.731 -407.871 -96.878 -0.401 0.099 0.232 0.881
21.476 -407.577 -97.220 -0.403 0.101 0.237 0.878
21.216 -407.288 -97.560 -0.404 0.103 0.243 0.876
20.950 -407.004 -97.900 -0.406 0.104 0.249 0.873
20.680 -406.724 -98.239 -0.408 0.106 0.254 0.870
20.404 -406.449 -98.576 -0.410 0.108 0.260 0.868
20.124 -406.179 -98.913 -0.411 0.110 0.266 0.865
19.838 -405.914 -99.248 -0.413 0.112 0.271 0.862
19.547 -405.653 -99.582 -0.414 0.114 0.277 0.859
19.252 -405.397 -99.915 -0.416 0.116 0.283 0.857
18.951 -405.146 -100.247 -0.417 0.117 0.288 0.854
18.645 -404.899 -100.577 -0.419 0.119 0.294 0.851
18.335 -404.657 -100.906 -0.420 0.121 0.300 0.848
18.020 -404.420 -101.233 -0.422 0.123 0.305 0.845
17.700 -404.188 -101.558 -0.423 0.125 0.311 0.842
17.376 -403.961 -101.882 -0.424 0.127 0.317 0.839
17.046 -403.738 -102.204 -0.425 0.129 0.322 0.836
16.713 -403.521 -102.524 -0.427 0.131 0.328 0.833
16.374 -403.308 -102.842 -0.428 0.133 0.333 0.830
16.031 -403.100 -103.159 -0.429 0.135 0.339 0.826
15.684 -402.898 -103.473 -0.430 0.136 0.345 0.823
15.332 -402.700 -103.785 -0.431 0.138 0.350 0.820
14.976 -402.507 -104.095 -0.432 0.140 0.356 0.817
14.616 -402.319 -104.403 -0.433 0.142 0.361 0.813
14.251 -402.136 -104.709 -0.434 0.144 0.367 0.810
13.883 -401.959 -105.012 -0.435 0.146 0.372 0.807
13.510 -401.786 -105.313 -0.436 0.148 0.378 0.803
13.133 -401.619 -105.611 -0.437 0.150 0.383 0.800
12.752 -401.456 -105.908 -0.438 0.152 0.389 0.796
12.367 -401.299 -106.201 -0.439 0.154 0.394 0.793
11.978 -401.147 -106.492 -0.440 0.156 0.400 0.789
11.585 -401.000 -106.781 -0.440 0.158 0.405 0.786
11.189 -400.858 -107.066 -0.441 0.159 0.411 0.782
10.789 -400.722 -107.349 -0.442 0.161 0.416 0.778
10.386 -400.591 -107.629 -0.443 0.163 0.421 0.775
9.978 -400.465 -107.907 -0.443 0.165 0.427 0.771
9.568 -400.344 -108.181 -0.444 0.167 0.432 0.767
9.153 -400.228 -108.452 -0.445 0.169 0.437 0.763
8.736 -400.118 -108.721 -0.445 0.171 0.443 0.759
8.315 -400.013 -108.986 -0.446 0.173 0.448 0.755
7.892 -399.914 -109.248 -0.446 0.174 0.453 0.752
7.464 -399.820 -109.508 -0.447 0.176 0.458 0.748
7.034 -399.731 -109.764 -0.448 0.178 0.464 0.744
6.601 -399.648 -110.016 -0.448 0.180 0.469 0.740
6.165 -399.570 -110.266 -0.449 0.182 0.474 0.736
5.726 -399.497 -110.512 -0.449 0.184 0.479 0.731
5.284 -399.430 -110.755 -0.450 0.185 0.484 0.727
4.840 -399.368 -110.995 -0.450 0.187 0.489 0.723
4.393 -399.312 -111.230 -0.450 0.189 0.494 0.719
3.944 -399.261 -111.463 -0.451 0.191 0.499 0.715
3.492 -399.216 -111.692 -0.451 0.193 0.504 0.710
3.038 -399.176 -111.918 -0.452 0.194 0.509 0.706
2.582 -399.142 -112.139 -0.452 0.196 0.514 0.702
2.123 -399.113 -112.358 -0.452 0.198 0.519 0.697
1.662 -399.090 -112.573 -0.453 0.199 0.524 0.693
1.199 -399.072 -112.784 -0.453 0.201 0.529 0.689
0.735 -399.060 -112.991 -0.453 0.203 0.534 0.684
0.268 -399.053 -113.194 -0.454 0.204 0.539 0.680
-0.201 -399.052 -113.394 -0.454 0.206 0.544 0.675
-0.671 -399.057 -113.590 -0.454 0.208 0.549 0.671
-1.142 -399.067 -113.782 -0.454 0.209 0.553 0.666
-1.616 -399.083 -113.971 -0.455 0.211 0.558 0.661
-2.091 -399.104 -114.155 -0.455 0.213 0.563 0.657
-2.566 -399.131 -114.336 -0.455 0.214 0.567 0.652
-3.044 -399.163 -114.512 -0.455 0.216 0.572 0.647
-3.523 -399.201 -114.685 -0.455 0.217 0.577 0.643
-4.002 -399.244 -114.854 -0.455 0.219 0.581 0.638
-4.483 -399.294 -115.019 -0.456 0.220 0.586 0.633
-4.965 -399.348 -115.180 -0.456 0.222 0.590 0.628
-5.448 -399.409 -115.336 -0.456 0.223 0.595 0.623
-5.931 -399.475 -115.489 -0.456 0.225 0.599 0.618
-6.415 -399.546 -115.637 -0.456 0.226 0.604 0.613
-6.899 -399.623 -115.782 -0.456 0.227 0.608 0.608
-7.385 -399.706 -115.922 -0.456 0.229 0.613 0.603
-7.870 -399.794 -116.059 -0.456 0.230 0.617 0.598
-8.356 -399.888 -116.191 -0.456 0.231 0.621 0.593
-8.842 -399.988 -116.319 -0.456 0.233 0.626 0.588
-9.328 -400.093 -116.442 -0.456 0.234 0.630 0.583
-9.814 -400.204 -116.562 -0.456 0.235 0.634 0.578
-10.301 -400.320 -116.677 -0.456 0.236 0.639 0.573
-10.786 -400.442 -116.789 -0.456 0.238 0.643 0.568
-11.273 -400.569 -116.896 -0.456 0.239 0.647 0.562
-11.758 -400.702 -116.998 -0.456 0.240 0.651 0.557
-12.243 -400.840 -117.097 -0.456 0.241 0.655 0.552
-12.728 -400.984 -117.191 -0.456 0.242 0.659 0.547
-13.212 -401.134 -117.281 -0.456 0.243 0.663 0.541
-13.695 -401.289 -117.367 -0.456 0.244 0.667 0.536
-14.178 -401.449 -117.448 -0.456 0.245 0.671 0.531
-14.660 -401.615 -117.526 -0.456 0.246 0.675 0.525
-15.141 -401.787 -117.599 -0.456 0.247 0.679 0.520
-15.621 -401.963 -117.668 -0.456 0.248 0.683 0.514
-16.100 -402.146 -117.732 -0.455 0.249 0.687 0.509
-16.578 -402.334 -117.793 -0.455 0.250 0.691 0.503
-17.054 -402.527 -117.849 -0.455 0.251 0.694 0.498
-17.530 -402.726 -117.901 -0.455 0.252 0.698 0.492
-18.004 -402.931 -117.948 -0.455 0.253 0.702 0.486
-18.477 -403.140 -117.992 -0.455 0.253 0.706 0.481
-18.948 -403.355 -118.031 -0.455 0.254 0.709 0.475
-19.417 -403.576 -118.066 -0.454 0.255 0.713 0.469
-19.885 -403.802 -118.096 -0.454 0.256 0.717 0.464
-20.351 -404.034 -118.123 -0.454 0.256 0.720 0.458
-20.815 -404.270 -118.145 -0.454 0.257 0.724 0.452
-21.277 -404.513 -118.163 -0.454 0.257 0.727 0.446
-21.737 -404.761 -118.177 -0.453 0.258 0.731 0.441
-22.195 -405.014 -118.187 -0.453 0.258 0.734 0.435
-22.651 -405.273 -118.193 -0.453 0.259 0.738 0.429
-23.104 -405.537 -118.195 -0.453 0.259 0.741 0.423
-23.556 -405.807 -118.192 -0.453 0.259 0.744 0.417
-24.005 -406.082 -118.185 -0.452 0.260 0.748 0.411
-24.451 -406.363 -118.175 -0.452 0.260 0.751 0.405
-24.894 -406.649 -118.160 -0.452 0.260 0.754 0.399
-25.335 -406.940 -118.141 -0.452 0.260 0.757 0.393
-25.774 -407.237 -118.118 -0.451 0.260 0.761 0.387
-26.209 -407.539 -118.091 -0.451 0.260 0.764 0.381
-26.642 -407.847 -118.061 -0.451 0.260 0.767 0.375
-27.071 -408.160 -118.026 -0.451 0.260 0.770 0.369
-27.498 -408.478 -117.988 -0.451 0.260 0.773 0.363
-27.921 -408.802 -117.946 -0.450 0.260 0.776 0.357
-28.341 -409.131 -117.900 -0.450 0.260 0.779 0.351
-28.757 -409.465 -117.851 -0.450 0.259 0.782 0.345
-29.170 -409.805 -117.798 -0.450 0.259 0.785 0.339
-29.580 -410.149 -117.741 -0.450 0.259 0.787 0.333
-29.986 -410.499 -117.682 -0.450 0.258 0.790 0.327
-30.389 -410.854 -117.619 -0.449 0.258 0.793 0.322
-30.789 -411.214 -117.552 -0.449 0.257 0.795 0.316
-31.185 -411.580 -117.483 -0.449 0.256 0.798 0.310
-31.577 -411.950 -117.410 -0.449 0.256 0.800 0.304
-31.966 -412.325 -117.335 -0.449 0.255 0.803 0.299
-32.351 -412.706 -117.256 -0.449 0.254 0.805 0.293
-32.733 -413.092 -117.175 -0.449 0.253 0.807 0.288
-33.111 -413.483 -117.091 -0.449 0.252 0.810 0.282
-33.486 -413.878 -117.005 -0.448 0.251 0.812 0.277
-33.856 -414.278 -116.915 -0.448 0.250 0.814 0.272
-34.223 -414.683 -116.824 -0.448 0.249 0.816 0.266
-34.586 -415.093 -116.729 -0.448 0.248 0.818 0.261
-34.945 -415.507 -116.633 -0.448 0.247 0.820 0.256
-35.300 -415.926 -116.534 -0.448 0.245 0.822 0.251
-35.651 -416.350 -116.433 -0.448 0.244 0.824 0.246
-35.998 -416.777 -116.330 -0.448 0.243 0.826 0.241
-36.341 -417.209 -116.225 -0.448 0.241 0.828 0.236
-36.680 -417.645 -116.118 -0.448 0.240 0.830 0.231
-37.014 -418.085 -116.009 -0.448 0.239 0.832 0.226
-37.343 -418.528 -115.899 -0.448 0.237 0.833 0.221
-37.669 -418.975 -115.786 -0.448 0.236 0.835 0.216
-37.989 -419.427 -115.672 -0.447 0.234 0.837 0.211
-38.306 -419.881 -115.556 -0.447 0.233 0.838 0.207
-38.618 -420.340 -115.439 -0.447 0.231 0.840 0.202
-38.925 -420.802 -115.320 -0.447 0.230 0.842 0.197
-39.228 -421.267 -115.200 -0.447 0.228 0.843 0.193
-39.526 -421.736 -115.078 -0.447 0.227 0.845 0.188
-39.820 -422.208 -114.955 -0.447 0.225 0.846 0.183
-40.110 -422.684 -114.830 -0.447 0.224 0.848 0.179
-40.394 -423.162 -114.704 -0.447 0.222 0.849 0.174
-40.674 -423.644 -114.577 -0.447 0.220 0.850 0.170
-40.950 -424.129 -114.449 -0.447 0.219 0.852 0.166
-41.221 -424.617 -114.320 -0.446 0.217 0.853 0.161
-41.487 -425.108 -114.190 -0.446 0.215 0.854 0.157
-41.749 -425.602 -114.058 -0.446 0.214 0.856 0.153
-42.007 -426.099 -113.926 -0.446 0.212 0.857 0.148
-42.259 -426.599 -113.793 -0.446 0.210 0.858 0.144
-42.508 -427.101 -113.659 -0.446 0.208 0.859 0.140
-42.751 -427.607 -113.524 -0.446 0.207 0.860 0.136
-42.990 -428.115 -113.388 -0.446 0.205 0.861 0.132
-43.224 -428.626 -113.252 -0.446 0.203 0.863 0.128
-43.454 -429.139 -113.115 -0.446 0.201 0.864 0.124
-43.679 -429.655 -112.978 -0.445 0.199 0.865 0.120
-43.900 -430.173 -112.840 -0.445 0.197 0.866 0.116
-44.116 -430.694 -112.702 -0.445 0.195 0.867 0.112
-44.328 -431.218 -112.563 -0.445 0.193 0.868 0.108
-44.535 -431.743 -112.424 -0.445 0.191 0.869 0.105
-44.738 -432.271 -112.284 -0.445 0.189 0.870 0.101
-44.936 -432.801 -112.145 -0.445 0.187 0.870 0.097
-45.130 -433.334 -112.005 -0.445 0.185 0.871 0.094
-45.319 -433.869 -111.865 -0.445 0.183 0.872 0.090
-45.504 -434.406 -111.725 -0.444 0.181 0.873 0.086
-45.684 -434.945 -111.584 -0.444 0.179 0.874 0.083
-45.860 -435.486 -111.444 -0.444 0.177 0.875 0.080
-46.032 -436.029 -111.304 -0.444 0.175 0.875 0.076
-46.199 -436.574 -111.164 -0.444 0.173 0.876 0.073
-46.362 -437.121 -111.024 -0.444 0.171 0.877 0.069
-46.520 -437.670 -110.884 -0.444 0.169 0.878 0.066
-46.674 -438.220 -110.745 -0.444 0.166 0.878 0.063
-46.824 -438.773 -110.606 -0.444 0.164 0.879 0.060
-46.970 -439.328 -110.467 -0.444 0.162 0.880 0.057
-47.112 -439.884 -110.329 -0.443 0.160 0.880 0.054
-47.249 -440.442 -110.191 -0.443 0.158 0.881 0.051
-47.382 -441.001 -110.054 -0.443 0.155 0.882 0.048
-47.511 -441.563 -109.917 -0.443 0.153 0.882 0.045
-47.636 -442.126 -109.781 -0.443 0.151 0.883 0.042
-47.757 -442.690 -109.646 -0.443 0.148 0.883 0.039
-47.873 -443.256 -109.511 -0.443 0.146 0.884 0.036
