21.502 -475.419 -70.113 -0.002 0.000 -0.003 1.000
21.506 -474.821 -70.116 -0.003 0.000 -0.005 1.000
21.515 -474.223 -70.121 -0.005 0.000 -0.008 1.000
21.527 -473.590 -70.129 -0.007 0.000 -0.011 1.000
21.541 -472.996 -70.139 -0.009 0.000 -0.014 1.000
21.559 -472.410 -70.151 -0.011 0.000 -0.016 1.000
21.581 -471.799 -70.165 -0.013 0.000 -0.019 1.000
21.606 -471.182 -70.182 -0.014 0.000 -0.022 1.000
21.634 -470.582 -70.200 -0.016 0.000 -0.024 1.000
21.664 -470.008 -70.220 -0.018 0.000 -0.027 0.999
21.698 -469.407 -70.242 -0.020 0.000 -0.030 0.999
21.735 -468.814 -70.267 -0.021 0.000 -0.033 0.999
21.778 -468.191 -70.294 -0.023 0.000 -0.036 0.999
21.824 -467.580 -70.324 -0.025 0.000 -0.039 0.999
21.871 -466.992 -70.355 -0.027 0.000 -0.041 0.999
21.923 -466.382 -70.390 -0.029 0.000 -0.044 0.999
21.977 -465.791 -70.425 -0.030 0.000 -0.047 0.998
22.034 -465.194 -70.463 -0.032 0.000 -0.049 0.998
22.094 -464.605 -70.502 -0.034 0.000 -0.052 0.998
22.157 -464.024 -70.543 -0.036 0.000 -0.055 0.998
22.225 -463.415 -70.589 -0.038 0.000 -0.057 0.998
22.296 -462.814 -70.636 -0.040 0.000 -0.060 0.997
22.370 -462.217 -70.686 -0.042 0.000 -0.062 0.997
22.446 -461.620 -70.737 -0.044 0.000 -0.064 0.997
22.525 -461.022 -70.792 -0.046 0.000 -0.066 0.997
22.606 -460.428 -70.848 -0.048 0.000 -0.069 0.996
22.691 -459.825 -70.908 -0.050 0.000 -0.071 0.996
22.778 -459.236 -70.970 -0.053 0.000 -0.074 0.996
22.870 -458.628 -71.036 -0.055 0.000 -0.076 0.996
22.965 -458.025 -71.104 -0.057 0.000 -0.079 0.995
23.063 -457.425 -71.175 -0.059 0.000 -0.081 0.995
23.164 -456.821 -71.250 -0.062 0.000 -0.084 0.995
23.264 -456.240 -71.324 -0.064 0.000 -0.086 0.994
23.372 -455.633 -71.404 -0.066 0.000 -0.088 0.994
23.478 -455.050 -71.483 -0.068 0.001 -0.090 0.994
23.592 -454.438 -71.570 -0.070 0.001 -0.092 0.993
23.703 -453.855 -71.656 -0.073 0.001 -0.094 0.993
23.822 -453.243 -71.749 -0.076 0.001 -0.096 0.992
23.940 -452.648 -71.843 -0.078 0.001 -0.098 0.992
24.064 -452.039 -71.942 -0.081 0.001 -0.100 0.992
24.186 -451.445 -72.043 -0.084 0.001 -0.102 0.991
24.312 -450.847 -72.147 -0.086 0.001 -0.103 0.991
24.439 -450.249 -72.255 -0.089 0.001 -0.105 0.991
24.565 -449.668 -72.364 -0.092 0.002 -0.106 0.990
24.690 -449.100 -72.474 -0.095 0.002 -0.107 0.990
24.819 -448.518 -72.591 -0.098 0.002 -0.108 0.989
24.956 -447.908 -72.717 -0.101 0.002 -0.109 0.989
25.093 -447.306 -72.846 -0.105 0.003 -0.110 0.988
25.225 -446.731 -72.973 -0.108 0.003 -0.111 0.988
25.361 -446.143 -73.107 -0.111 0.003 -0.112 0.987
25.494 -445.576 -73.241 -0.115 0.003 -0.113 0.987
25.635 -444.974 -73.388 -0.119 0.004 -0.114 0.986
25.774 -444.387 -73.537 -0.122 0.004 -0.114 0.986
25.905 -443.835 -73.681 -0.126 0.005 -0.114 0.985
26.039 -443.268 -73.833 -0.130 0.005 -0.114 0.985
26.172 -442.707 -73.989 -0.134 0.006 -0.114 0.984
26.305 -442.147 -74.149 -0.137 0.006 -0.113 0.984
26.438 -441.586 -74.315 -0.141 0.007 -0.113 0.983
26.565 -441.045 -74.479 -0.145 0.007 -0.113 0.983
26.693 -440.501 -74.649 -0.149 0.008 -0.112 0.982
26.819 -439.960 -74.822 -0.153 0.008 -0.111 0.982
26.941 -439.431 -74.997 -0.157 0.009 -0.110 0.981
27.063 -438.900 -75.178 -0.162 0.009 -0.109 0.981
27.183 -438.371 -75.363 -0.166 0.010 -0.108 0.980
27.304 -437.830 -75.558 -0.170 0.011 -0.106 0.980
27.425 -437.281 -75.761 -0.175 0.012 -0.104 0.979
27.537 -436.766 -75.957 -0.179 0.012 -0.103 0.978
27.651 -436.230 -76.167 -0.183 0.013 -0.101 0.978
27.762 -435.697 -76.381 -0.188 0.014 -0.099 0.977
27.869 -435.172 -76.598 -0.193 0.015 -0.097 0.976
27.972 -434.655 -76.817 -0.197 0.016 -0.095 0.976
28.069 -434.154 -77.035 -0.202 0.017 -0.092 0.975
28.170 -433.623 -77.271 -0.206 0.018 -0.090 0.974
28.264 -433.113 -77.505 -0.211 0.019 -0.087 0.973
28.353 -432.612 -77.739 -0.216 0.019 -0.085 0.973
28.436 -432.127 -77.971 -0.220 0.020 -0.082 0.972
28.520 -431.620 -78.220 -0.224 0.021 -0.079 0.971
28.599 -431.121 -78.469 -0.229 0.023 -0.076 0.970
28.672 -430.633 -78.720 -0.234 0.024 -0.072 0.969
28.741 -430.152 -78.972 -0.238 0.025 -0.069 0.968
28.807 -429.667 -79.232 -0.243 0.026 -0.066 0.967
28.868 -429.182 -79.498 -0.247 0.027 -0.062 0.967
28.927 -428.685 -79.776 -0.252 0.028 -0.059 0.966
28.979 -428.215 -80.045 -0.257 0.029 -0.055 0.965
29.028 -427.725 -80.331 -0.261 0.031 -0.051 0.963
29.069 -427.275 -80.600 -0.266 0.032 -0.047 0.962
29.107 -426.815 -80.880 -0.270 0.033 -0.044 0.961
29.141 -426.340 -81.175 -0.275 0.035 -0.040 0.960
29.169 -425.906 -81.450 -0.280 0.036 -0.036 0.959
29.192 -425.456 -81.742 -0.284 0.037 -0.031 0.957
29.210 -425.006 -82.039 -0.289 0.039 -0.027 0.956
29.224 -424.555 -82.342 -0.293 0.040 -0.022 0.955
29.231 -424.111 -82.647 -0.298 0.041 -0.018 0.954
29.233 -423.671 -82.954 -0.302 0.043 -0.013 0.952
29.230 -423.236 -83.265 -0.307 0.045 -0.008 0.951
29.220 -422.792 -83.587 -0.311 0.046 -0.003 0.949
29.205 -422.365 -83.904 -0.316 0.048 0.002 0.948
29.185 -421.951 -84.216 -0.320 0.049 0.007 0.946
29.159 -421.536 -84.533 -0.324 0.051 0.011 0.945
29.128 -421.126 -84.853 -0.328 0.052 0.017 0.943
29.091 -420.722 -85.173 -0.332 0.054 0.022 0.942
29.048 -420.311 -85.505 -0.336 0.056 0.027 0.940
28.998 -419.905 -85.837 -0.339 0.057 0.032 0.938
28.942 -419.497 -86.176 -0.344 0.059 0.037 0.937
28.882 -419.102 -86.511 -0.347 0.061 0.043 0.935
28.813 -418.702 -86.855 -0.351 0.063 0.049 0.933
28.741 -418.319 -87.190 -0.355 0.064 0.054 0.931
28.660 -417.931 -87.533 -0.358 0.066 0.060 0.929
28.574 -417.548 -87.878 -0.362 0.068 0.065 0.928
28.482 -417.169 -88.225 -0.365 0.070 0.071 0.926
28.383 -416.791 -88.576 -0.369 0.072 0.077 0.924
28.281 -416.427 -88.918 -0.372 0.073 0.082 0.922
28.169 -416.058 -89.271 -0.375 0.076 0.089 0.920
28.050 -415.687 -89.630 -0.378 0.078 0.095 0.918
27.925 -415.326 -89.984 -0.381 0.080 0.101 0.916
27.795 -414.970 -90.337 -0.383 0.081 0.106 0.914
27.660 -414.621 -90.688 -0.386 0.083 0.112 0.912
27.515 -414.267 -91.049 -0.388 0.086 0.119 0.910
27.368 -413.927 -91.399 -0.391 0.088 0.124 0.908
27.211 -413.583 -91.759 -0.393 0.090 0.130 0.906
27.049 -413.245 -92.116 -0.396 0.092 0.136 0.904
26.879 -412.907 -92.476 -0.398 0.094 0.142 0.901
26.704 -412.576 -92.834 -0.400 0.096 0.148 0.899
26.520 -412.243 -93.197 -0.402 0.098 0.155 0.897
26.322 -411.902 -93.574 -0.404 0.100 0.161 0.895
26.122 -411.572 -93.942 -0.405 0.103 0.167 0.893
25.921 -411.253 -94.300 -0.407 0.105 0.173 0.891
25.710 -410.934 -94.664 -0.409 0.107 0.179 0.889
25.492 -410.618 -95.027 -0.410 0.109 0.185 0.886
25.260 -410.294 -95.402 -0.411 0.111 0.191 0.884
25.018 -409.968 -95.784 -0.413 0.114 0.197 0.882
24.783 -409.665 -96.141 -0.415 0.116 0.203 0.880
24.549 -409.373 -96.490 -0.416 0.118 0.208 0.877
24.299 -409.073 -96.851 -0.417 0.120 0.214 0.875
24.047 -408.780 -97.207 -0.418 0.122 0.220 0.873
23.775 -408.477 -97.578 -0.419 0.124 0.226 0.871
23.507 -408.186 -97.937 -0.419 0.126 0.231 0.869
23.229 -407.894 -98.299 -0.420 0.129 0.237 0.866
22.951 -407.612 -98.653 -0.421 0.131 0.242 0.864
22.665 -407.331 -99.007 -0.422 0.133 0.248 0.862
22.359 -407.042 -99.377 -0.423 0.135 0.254 0.859
22.045 -406.755 -99.746 -0.424 0.138 0.260 0.857
21.727 -406.475 -100.111 -0.424 0.140 0.266 0.854
21.403 -406.197 -100.474 -0.425 0.142 0.272 0.852
21.069 -405.920 -100.839 -0.425 0.145 0.278 0.849
20.723 -405.644 -101.207 -0.426 0.147 0.284 0.846
20.387 -405.384 -101.557 -0.427 0.149 0.289 0.844
20.035 -405.121 -101.914 -0.427 0.151 0.295 0.841
19.680 -404.863 -102.267 -0.428 0.154 0.301 0.839
19.324 -404.614 -102.613 -0.428 0.156 0.306 0.836
18.955 -404.363 -102.963 -0.429 0.158 0.312 0.833
18.579 -404.116 -103.312 -0.429 0.160 0.318 0.830
18.194 -403.871 -103.661 -0.429 0.163 0.324 0.827
17.805 -403.632 -104.006 -0.429 0.165 0.329 0.825
17.417 -403.401 -104.341 -0.430 0.167 0.335 0.822
17.016 -403.170 -104.681 -0.430 0.169 0.341 0.819
16.610 -402.944 -105.016 -0.430 0.172 0.346 0.816
16.196 -402.722 -105.351 -0.430 0.174 0.352 0.813
15.781 -402.507 -105.678 -0.431 0.176 0.358 0.810
15.365 -402.298 -105.999 -0.431 0.179 0.364 0.806
14.930 -402.088 -106.327 -0.431 0.181 0.369 0.803
14.499 -401.887 -106.645 -0.431 0.183 0.375 0.800
14.055 -401.688 -106.965 -0.431 0.185 0.381 0.797
13.597 -401.489 -107.287 -0.431 0.188 0.386 0.794
13.153 -401.304 -107.592 -0.431 0.190 0.392 0.790
12.683 -401.115 -107.908 -0.431 0.192 0.398 0.787
12.242 -400.944 -108.198 -0.431 0.194 0.403 0.783
11.773 -400.770 -108.499 -0.431 0.196 0.409 0.780
11.318 -400.608 -108.785 -0.432 0.198 0.414 0.776
10.845 -400.446 -109.075 -0.432 0.200 0.420 0.773
10.374 -400.292 -109.359 -0.432 0.203 0.425 0.769
9.869 -400.133 -109.655 -0.432 0.205 0.431 0.766
9.392 -399.991 -109.928 -0.432 0.207 0.436 0.762
8.901 -399.851 -110.203 -0.432 0.209 0.442 0.758
8.416 -399.719 -110.468 -0.432 0.211 0.447 0.754
7.927 -399.593 -110.730 -0.432 0.213 0.452 0.751
7.432 -399.472 -110.989 -0.432 0.215 0.458 0.747
6.943 -399.358 -111.238 -0.432 0.217 0.463 0.743
6.439 -399.247 -111.489 -0.432 0.219 0.468 0.739
5.939 -399.143 -111.732 -0.432 0.221 0.474 0.735
5.414 -399.042 -111.981 -0.432 0.223 0.479 0.731
4.921 -398.952 -112.209 -0.432 0.225 0.485 0.727
4.412 -398.867 -112.438 -0.432 0.227 0.490 0.723
3.910 -398.788 -112.659 -0.432 0.228 0.495 0.718
3.397 -398.714 -112.878 -0.432 0.231 0.501 0.714
2.858 -398.643 -113.103 -0.432 0.232 0.506 0.710
2.347 -398.582 -113.310 -0.432 0.234 0.511 0.705
1.830 -398.527 -113.514 -0.432 0.236 0.516 0.701
1.317 -398.478 -113.712 -0.432 0.237 0.521 0.697
0.799 -398.435 -113.906 -0.432 0.239 0.527 0.692
0.281 -398.398 -114.095 -0.432 0.241 0.532 0.688
-0.251 -398.367 -114.284 -0.432 0.242 0.537 0.683
-0.769 -398.343 -114.462 -0.432 0.244 0.542 0.678
-1.269 -398.325 -114.629 -0.432 0.245 0.547 0.674
-1.795 -398.313 -114.800 -0.432 0.247 0.553 0.669
-2.328 -398.308 -114.968 -0.432 0.249 0.558 0.664
-2.844 -398.309 -115.125 -0.432 0.250 0.563 0.659
-3.389 -398.316 -115.287 -0.432 0.251 0.568 0.654
-3.933 -398.331 -115.443 -0.433 0.252 0.573 0.648
-4.462 -398.352 -115.589 -0.433 0.254 0.579 0.643
-4.990 -398.379 -115.731 -0.433 0.255 0.584 0.638
-5.522 -398.413 -115.868 -0.433 0.256 0.589 0.633
-6.069 -398.455 -116.005 -0.433 0.258 0.594 0.627
-6.587 -398.502 -116.129 -0.433 0.259 0.599 0.622
-7.123 -398.556 -116.254 -0.433 0.260 0.604 0.617
-7.618 -398.613 -116.364 -0.434 0.261 0.609 0.611
-8.136 -398.678 -116.476 -0.434 0.262 0.613 0.606
-8.684 -398.754 -116.589 -0.434 0.263 0.618 0.600
-9.207 -398.834 -116.693 -0.434 0.263 0.623 0.595
-9.733 -398.920 -116.792 -0.434 0.264 0.628 0.589
-10.240 -399.010 -116.884 -0.434 0.265 0.633 0.584
-10.755 -399.108 -116.974 -0.435 0.266 0.637 0.578
-11.269 -399.212 -117.058 -0.435 0.267 0.642 0.573
-11.786 -399.323 -117.139 -0.435 0.268 0.646 0.567
-12.306 -399.441 -117.216 -0.435 0.268 0.651 0.561
-12.817 -399.565 -117.287 -0.435 0.269 0.656 0.556
-13.337 -399.696 -117.355 -0.435 0.270 0.660 0.550
-13.857 -399.835 -117.418 -0.435 0.271 0.665 0.544
-14.364 -399.978 -117.476 -0.435 0.271 0.670 0.538
-14.869 -400.126 -117.529 -0.435 0.272 0.674 0.532
-15.378 -400.282 -117.578 -0.435 0.272 0.678 0.526
-15.885 -400.445 -117.623 -0.435 0.273 0.683 0.520
-16.390 -400.614 -117.664 -0.435 0.273 0.687 0.514
-16.893 -400.789 -117.699 -0.435 0.274 0.691 0.508
-17.382 -400.966 -117.730 -0.435 0.274 0.696 0.502
-17.868 -401.148 -117.756 -0.435 0.275 0.700 0.496
-18.381 -401.348 -117.779 -0.434 0.275 0.704 0.490
-18.861 -401.542 -117.797 -0.434 0.276 0.708 0.484
-19.353 -401.748 -117.811 -0.434 0.276 0.712 0.478
-19.845 -401.960 -117.820 -0.434 0.276 0.716 0.472
-20.348 -402.186 -117.826 -0.434 0.276 0.720 0.465
-20.865 -402.425 -117.827 -0.434 0.277 0.724 0.459
-21.364 -402.664 -117.823 -0.434 0.277 0.729 0.452
-21.839 -402.900 -117.815 -0.434 0.277 0.732 0.446
-22.298 -403.134 -117.804 -0.434 0.277 0.736 0.440
-22.779 -403.387 -117.788 -0.434 0.277 0.740 0.434
-23.245 -403.640 -117.768 -0.433 0.277 0.743 0.428
-23.712 -403.900 -117.744 -0.433 0.277 0.747 0.422
-24.180 -404.168 -117.716 -0.433 0.276 0.751 0.415
-24.647 -404.445 -117.684 -0.433 0.276 0.754 0.409
-25.115 -404.730 -117.648 -0.433 0.276 0.758 0.402
-25.565 -405.011 -117.609 -0.433 0.276 0.761 0.396
-26.021 -405.305 -117.565 -0.433 0.275 0.765 0.390
-26.483 -405.611 -117.516 -0.432 0.275 0.768 0.384
-26.925 -405.910 -117.466 -0.432 0.275 0.771 0.378
-27.373 -406.223 -117.410 -0.432 0.274 0.775 0.371
-27.822 -406.544 -117.350 -0.432 0.274 0.778 0.365
-28.256 -406.863 -117.288 -0.432 0.274 0.781 0.359
-28.685 -407.186 -117.222 -0.431 0.273 0.784 0.353
-29.113 -407.517 -117.153 -0.431 0.273 0.787 0.347
-29.564 -407.874 -117.075 -0.431 0.272 0.790 0.341
-29.988 -408.218 -116.997 -0.430 0.272 0.793 0.335
-30.399 -408.560 -116.919 -0.430 0.271 0.796 0.329
-30.813 -408.912 -116.836 -0.430 0.271 0.798 0.323
-31.225 -409.271 -116.749 -0.430 0.270 0.801 0.317
-31.631 -409.632 -116.659 -0.429 0.270 0.804 0.312
-32.047 -410.012 -116.563 -0.429 0.269 0.806 0.306
-32.451 -410.388 -116.466 -0.429 0.268 0.809 0.301
-32.835 -410.755 -116.370 -0.429 0.267 0.811 0.295
-33.216 -411.126 -116.271 -0.428 0.266 0.813 0.290
-33.603 -411.510 -116.167 -0.428 0.266 0.815 0.285
-33.980 -411.893 -116.062 -0.428 0.265 0.817 0.280
-34.358 -412.286 -115.953 -0.428 0.264 0.820 0.275
-34.735 -412.685 -115.840 -0.427 0.263 0.822 0.270
-35.115 -413.096 -115.723 -0.427 0.263 0.824 0.264
-35.494 -413.516 -115.602 -0.427 0.262 0.826 0.259
-35.848 -413.916 -115.486 -0.426 0.261 0.828 0.254
-36.201 -414.322 -115.366 -0.426 0.260 0.830 0.249
-36.557 -414.742 -115.242 -0.426 0.259 0.832 0.244
-36.919 -415.178 -115.111 -0.426 0.258 0.834 0.239
-37.274 -415.615 -114.979 -0.425 0.257 0.836 0.235
-37.615 -416.043 -114.849 -0.425 0.256 0.837 0.230
-37.968 -416.496 -114.711 -0.425 0.254 0.839 0.225
