24.701 -457.950 -70.113 -0.002 0.000 -0.002 1.000
24.705 -457.368 -70.116 -0.003 0.000 -0.004 1.000
24.712 -456.773 -70.121 -0.005 0.000 -0.007 1.000
24.721 -456.177 -70.128 -0.007 0.000 -0.009 1.000
24.734 -455.570 -70.138 -0.009 0.000 -0.011 1.000
24.748 -454.969 -70.150 -0.011 0.000 -0.013 1.000
24.766 -454.374 -70.164 -0.013 0.000 -0.016 1.000
24.786 -453.778 -70.181 -0.015 0.000 -0.018 1.000
24.809 -453.163 -70.201 -0.017 0.000 -0.020 1.000
24.834 -452.565 -70.223 -0.019 0.000 -0.022 1.000
24.863 -451.962 -70.248 -0.022 0.000 -0.025 0.999
24.893 -451.363 -70.275 -0.024 0.000 -0.027 0.999
24.926 -450.771 -70.305 -0.026 0.000 -0.029 0.999
24.961 -450.193 -70.337 -0.029 0.000 -0.031 0.999
24.998 -449.603 -70.373 -0.031 0.000 -0.033 0.999
25.038 -449.016 -70.411 -0.034 0.000 -0.035 0.999
25.081 -448.415 -70.453 -0.037 0.000 -0.037 0.999
25.125 -447.831 -70.498 -0.039 0.000 -0.038 0.998
25.171 -447.240 -70.546 -0.042 0.000 -0.040 0.998
25.222 -446.625 -70.599 -0.045 0.000 -0.042 0.998
25.273 -446.037 -70.654 -0.047 0.000 -0.044 0.998
25.325 -445.450 -70.711 -0.050 0.000 -0.045 0.998
25.381 -444.839 -70.775 -0.053 0.000 -0.047 0.998
25.436 -444.268 -70.837 -0.056 0.000 -0.048 0.997
25.495 -443.667 -70.907 -0.059 0.001 -0.049 0.997
25.554 -443.081 -70.978 -0.062 0.001 -0.051 0.997
25.613 -442.503 -71.052 -0.065 0.001 -0.052 0.997
25.677 -441.904 -71.132 -0.068 0.001 -0.053 0.996
25.740 -441.319 -71.215 -0.071 0.001 -0.054 0.996
25.806 -440.723 -71.303 -0.075 0.001 -0.055 0.996
25.870 -440.149 -71.392 -0.078 0.001 -0.056 0.995
25.936 -439.575 -71.485 -0.081 0.001 -0.057 0.995
26.002 -439.003 -71.581 -0.085 0.001 -0.058 0.995
26.071 -438.421 -71.684 -0.088 0.001 -0.058 0.994
26.141 -437.831 -71.792 -0.092 0.002 -0.059 0.994
26.211 -437.244 -71.905 -0.096 0.002 -0.059 0.994
26.282 -436.656 -72.022 -0.100 0.002 -0.059 0.993
26.350 -436.084 -72.141 -0.103 0.002 -0.059 0.993
26.421 -435.502 -72.267 -0.107 0.003 -0.059 0.992
26.491 -434.921 -72.397 -0.111 0.003 -0.059 0.992
26.561 -434.340 -72.532 -0.115 0.003 -0.059 0.992
26.630 -433.764 -72.671 -0.119 0.003 -0.059 0.991
26.699 -433.184 -72.816 -0.124 0.004 -0.058 0.991
26.766 -432.616 -72.964 -0.128 0.004 -0.058 0.990
26.835 -432.026 -73.122 -0.132 0.004 -0.057 0.990
26.899 -431.475 -73.275 -0.136 0.005 -0.056 0.989
26.962 -430.923 -73.434 -0.141 0.005 -0.055 0.989
27.025 -430.357 -73.602 -0.145 0.005 -0.054 0.988
27.087 -429.795 -73.774 -0.149 0.006 -0.053 0.987
27.146 -429.247 -73.948 -0.154 0.006 -0.052 0.987
27.203 -428.694 -74.128 -0.158 0.007 -0.050 0.986
27.259 -428.148 -74.312 -0.163 0.007 -0.049 0.985
27.311 -427.618 -74.495 -0.167 0.008 -0.047 0.985
27.362 -427.071 -74.689 -0.172 0.008 -0.046 0.984
27.412 -426.525 -74.890 -0.176 0.009 -0.043 0.983
27.457 -426.003 -75.087 -0.181 0.009 -0.042 0.983
27.500 -425.473 -75.292 -0.185 0.010 -0.039 0.982
27.541 -424.937 -75.505 -0.190 0.010 -0.037 0.981
27.579 -424.412 -75.719 -0.194 0.011 -0.035 0.980
27.613 -423.890 -75.938 -0.199 0.012 -0.032 0.979
27.645 -423.363 -76.165 -0.203 0.012 -0.029 0.979
27.673 -422.839 -76.395 -0.208 0.013 -0.026 0.978
27.698 -422.315 -76.632 -0.212 0.014 -0.024 0.977
27.718 -421.819 -76.862 -0.217 0.015 -0.021 0.976
27.735 -421.315 -77.101 -0.222 0.015 -0.017 0.975
27.748 -420.827 -77.338 -0.226 0.016 -0.014 0.974
27.757 -420.341 -77.580 -0.231 0.017 -0.011 0.973
27.763 -419.852 -77.828 -0.235 0.018 -0.008 0.972
27.764 -419.355 -78.087 -0.240 0.019 -0.004 0.971
27.761 -418.872 -78.344 -0.244 0.020 0.000 0.969
27.754 -418.391 -78.606 -0.249 0.020 0.003 0.968
27.744 -417.929 -78.863 -0.253 0.021 0.007 0.967
27.728 -417.461 -79.128 -0.258 0.022 0.011 0.966
27.709 -416.994 -79.399 -0.262 0.023 0.015 0.965
27.685 -416.542 -79.667 -0.266 0.024 0.019 0.963
27.657 -416.091 -79.939 -0.270 0.025 0.023 0.962
27.624 -415.632 -80.222 -0.275 0.026 0.027 0.961
27.587 -415.193 -80.497 -0.279 0.027 0.031 0.959
27.544 -414.752 -80.780 -0.284 0.029 0.036 0.958
27.497 -414.309 -81.069 -0.288 0.030 0.040 0.956
27.445 -413.874 -81.359 -0.292 0.031 0.045 0.955
27.387 -413.434 -81.657 -0.296 0.032 0.050 0.953
27.327 -413.021 -81.943 -0.300 0.033 0.054 0.952
27.263 -412.614 -82.229 -0.304 0.034 0.059 0.950
27.192 -412.197 -82.528 -0.308 0.036 0.063 0.949
27.115 -411.777 -82.835 -0.312 0.037 0.068 0.947
27.034 -411.368 -83.139 -0.316 0.038 0.073 0.945
26.948 -410.965 -83.444 -0.320 0.039 0.078 0.943
26.856 -410.562 -83.754 -0.324 0.041 0.083 0.942
26.765 -410.187 -84.049 -0.328 0.042 0.088 0.940
26.666 -409.804 -84.354 -0.331 0.043 0.093 0.938
26.560 -409.418 -84.667 -0.335 0.045 0.098 0.936
26.452 -409.045 -84.974 -0.338 0.046 0.103 0.934
26.334 -408.661 -85.296 -0.342 0.047 0.108 0.932
26.212 -408.287 -85.615 -0.346 0.049 0.114 0.930
26.087 -407.922 -85.932 -0.349 0.050 0.119 0.928
25.961 -407.573 -86.239 -0.353 0.052 0.124 0.926
25.828 -407.221 -86.555 -0.356 0.053 0.130 0.924
25.687 -406.868 -86.876 -0.359 0.054 0.135 0.922
25.543 -406.523 -87.195 -0.362 0.056 0.140 0.920
25.391 -406.174 -87.523 -0.365 0.058 0.146 0.918
25.238 -405.842 -87.841 -0.369 0.059 0.151 0.915
25.080 -405.513 -88.159 -0.371 0.061 0.157 0.913
24.910 -405.174 -88.493 -0.374 0.062 0.162 0.911
24.735 -404.839 -88.828 -0.377 0.064 0.168 0.909
24.564 -404.526 -89.145 -0.380 0.065 0.173 0.906
24.381 -404.205 -89.476 -0.383 0.067 0.178 0.904
24.196 -403.893 -89.802 -0.385 0.069 0.184 0.902
24.001 -403.579 -90.136 -0.388 0.070 0.190 0.899
23.801 -403.267 -90.471 -0.390 0.072 0.195 0.897
23.592 -402.956 -90.811 -0.393 0.074 0.201 0.894
23.378 -402.649 -91.152 -0.395 0.076 0.207 0.892
23.170 -402.361 -91.476 -0.397 0.077 0.212 0.890
22.941 -402.058 -91.822 -0.399 0.079 0.218 0.887
22.712 -401.765 -92.161 -0.401 0.081 0.224 0.885
22.477 -401.476 -92.500 -0.403 0.083 0.229 0.882
22.233 -401.188 -92.843 -0.405 0.085 0.235 0.879
21.985 -400.904 -93.184 -0.407 0.087 0.241 0.877
21.731 -400.625 -93.527 -0.408 0.089 0.247 0.874
21.467 -400.345 -93.873 -0.410 0.091 0.253 0.872
21.207 -400.078 -94.208 -0.411 0.093 0.258 0.869
20.933 -399.808 -94.552 -0.413 0.095 0.264 0.867
20.653 -399.541 -94.895 -0.414 0.097 0.269 0.864
20.357 -399.268 -95.251 -0.415 0.099 0.275 0.861
20.071 -399.013 -95.587 -0.416 0.101 0.281 0.859
19.775 -398.759 -95.926 -0.417 0.103 0.286 0.856
19.471 -398.506 -96.269 -0.418 0.105 0.292 0.854
19.156 -398.253 -96.614 -0.419 0.107 0.298 0.851
18.836 -398.005 -96.959 -0.420 0.110 0.304 0.848
18.509 -397.760 -97.302 -0.421 0.112 0.309 0.845
18.181 -397.522 -97.640 -0.421 0.114 0.315 0.843
17.847 -397.289 -97.976 -0.422 0.116 0.321 0.840
17.500 -397.054 -98.319 -0.423 0.118 0.326 0.837
17.142 -396.821 -98.664 -0.423 0.121 0.332 0.834
16.783 -396.595 -99.003 -0.424 0.123 0.338 0.831
16.435 -396.383 -99.324 -0.425 0.125 0.343 0.828
16.075 -396.171 -99.651 -0.425 0.127 0.349 0.825
15.692 -395.954 -99.991 -0.426 0.129 0.355 0.822
15.317 -395.750 -100.316 -0.426 0.132 0.360 0.819
14.945 -395.553 -100.633 -0.427 0.134 0.366 0.816
14.562 -395.359 -100.952 -0.427 0.136 0.371 0.813
14.169 -395.166 -101.274 -0.428 0.138 0.376 0.810
13.773 -394.979 -101.591 -0.429 0.140 0.382 0.807
13.382 -394.802 -101.899 -0.429 0.142 0.387 0.804
12.983 -394.628 -102.206 -0.430 0.144 0.393 0.800
12.574 -394.456 -102.515 -0.430 0.146 0.398 0.797
12.162 -394.291 -102.821 -0.431 0.148 0.404 0.793
11.752 -394.133 -103.120 -0.432 0.150 0.409 0.790
11.334 -393.979 -103.418 -0.433 0.152 0.415 0.786
10.925 -393.836 -103.704 -0.433 0.154 0.420 0.783
10.501 -393.693 -103.995 -0.434 0.156 0.425 0.779
10.082 -393.558 -104.278 -0.434 0.158 0.431 0.775
9.656 -393.428 -104.560 -0.435 0.160 0.436 0.772
9.215 -393.300 -104.847 -0.436 0.161 0.441 0.768
8.771 -393.179 -105.129 -0.436 0.163 0.447 0.764
8.341 -393.068 -105.397 -0.437 0.165 0.452 0.760
7.899 -392.960 -105.668 -0.437 0.167 0.458 0.756
7.447 -392.857 -105.939 -0.438 0.169 0.463 0.752
6.988 -392.758 -106.209 -0.438 0.171 0.469 0.747
6.553 -392.672 -106.459 -0.439 0.173 0.474 0.743
6.120 -392.591 -106.704 -0.440 0.174 0.479 0.739
5.675 -392.515 -106.951 -0.440 0.176 0.484 0.735
5.209 -392.441 -107.205 -0.441 0.178 0.490 0.731
4.755 -392.375 -107.448 -0.442 0.179 0.495 0.727
4.298 -392.316 -107.687 -0.442 0.181 0.500 0.722
3.835 -392.262 -107.925 -0.443 0.182 0.505 0.718
3.355 -392.213 -108.168 -0.444 0.184 0.510 0.713
2.894 -392.173 -108.396 -0.445 0.185 0.516 0.708
2.439 -392.139 -108.617 -0.446 0.187 0.521 0.704
1.953 -392.110 -108.848 -0.446 0.188 0.526 0.699
1.488 -392.088 -109.065 -0.447 0.190 0.531 0.694
0.999 -392.072 -109.288 -0.448 0.191 0.536 0.689
0.518 -392.063 -109.504 -0.449 0.193 0.542 0.684
0.035 -392.061 -109.715 -0.449 0.194 0.547 0.679
-0.449 -392.065 -109.923 -0.450 0.196 0.552 0.674
-0.924 -392.076 -110.123 -0.451 0.197 0.557 0.669
-1.399 -392.093 -110.318 -0.451 0.198 0.562 0.664
-1.880 -392.117 -110.512 -0.452 0.199 0.567 0.659
-2.348 -392.147 -110.697 -0.453 0.201 0.572 0.654
-2.826 -392.184 -110.881 -0.454 0.202 0.577 0.648
-3.310 -392.228 -111.064 -0.455 0.203 0.582 0.643
-3.793 -392.278 -111.242 -0.455 0.204 0.587 0.638
-4.268 -392.334 -111.414 -0.456 0.205 0.592 0.632
-4.749 -392.397 -111.583 -0.457 0.206 0.597 0.627
-5.215 -392.464 -111.744 -0.457 0.207 0.601 0.622
-5.689 -392.539 -111.903 -0.458 0.208 0.606 0.616
-6.166 -392.620 -112.060 -0.459 0.209 0.611 0.611
-6.622 -392.704 -112.207 -0.459 0.210 0.615 0.606
-7.091 -392.795 -112.354 -0.460 0.211 0.620 0.600
-7.573 -392.897 -112.501 -0.460 0.212 0.624 0.594
-8.047 -393.003 -112.642 -0.461 0.213 0.629 0.589
-8.504 -393.111 -112.774 -0.462 0.214 0.633 0.583
-8.962 -393.226 -112.904 -0.462 0.215 0.638 0.578
-9.432 -393.350 -113.033 -0.463 0.215 0.642 0.572
-9.913 -393.483 -113.161 -0.463 0.216 0.646 0.566
-10.367 -393.615 -113.279 -0.464 0.217 0.651 0.561
-10.840 -393.759 -113.398 -0.464 0.218 0.655 0.555
-11.304 -393.907 -113.511 -0.465 0.218 0.659 0.549
-11.779 -394.065 -113.623 -0.465 0.219 0.664 0.543
-12.237 -394.224 -113.728 -0.466 0.220 0.668 0.537
-12.698 -394.391 -113.829 -0.466 0.220 0.672 0.531
-13.164 -394.566 -113.929 -0.467 0.221 0.676 0.525
-13.626 -394.746 -114.024 -0.467 0.221 0.680 0.519
-14.085 -394.932 -114.115 -0.468 0.222 0.684 0.513
-14.541 -395.123 -114.201 -0.468 0.222 0.688 0.507
-14.990 -395.318 -114.284 -0.469 0.223 0.692 0.501
-15.454 -395.526 -114.365 -0.469 0.223 0.696 0.495
-15.913 -395.739 -114.441 -0.469 0.224 0.700 0.489
-16.381 -395.964 -114.516 -0.470 0.224 0.704 0.483
-16.841 -396.191 -114.585 -0.470 0.224 0.708 0.477
-17.277 -396.413 -114.648 -0.471 0.225 0.712 0.471
-17.730 -396.651 -114.709 -0.471 0.225 0.715 0.465
-18.180 -396.894 -114.767 -0.471 0.225 0.719 0.458
-18.625 -397.142 -114.820 -0.471 0.225 0.723 0.452
-19.068 -397.396 -114.870 -0.472 0.225 0.726 0.446
-19.507 -397.655 -114.916 -0.472 0.226 0.730 0.440
-19.941 -397.917 -114.958 -0.472 0.226 0.733 0.434
-20.371 -398.185 -114.997 -0.473 0.226 0.736 0.428
-20.813 -398.467 -115.032 -0.473 0.226 0.740 0.422
-21.253 -398.755 -115.064 -0.473 0.226 0.743 0.416
-21.691 -399.051 -115.092 -0.473 0.226 0.747 0.409
-22.114 -399.343 -115.116 -0.473 0.226 0.750 0.403
-22.539 -399.645 -115.136 -0.474 0.226 0.753 0.397
-22.955 -399.947 -115.153 -0.474 0.226 0.756 0.391
-23.383 -400.266 -115.166 -0.474 0.226 0.759 0.384
-23.808 -400.591 -115.176 -0.474 0.226 0.762 0.378
-24.209 -400.906 -115.181 -0.474 0.225 0.765 0.372
-24.622 -401.238 -115.184 -0.474 0.225 0.768 0.366
-25.032 -401.576 -115.183 -0.475 0.225 0.771 0.360
-25.440 -401.919 -115.178 -0.475 0.224 0.774 0.353
-25.844 -402.269 -115.170 -0.475 0.224 0.777 0.347
-26.241 -402.621 -115.158 -0.475 0.224 0.780 0.341
-26.642 -402.985 -115.142 -0.475 0.224 0.783 0.335
-27.019 -403.336 -115.124 -0.475 0.223 0.785 0.329
-27.399 -403.696 -115.102 -0.475 0.223 0.788 0.323
-27.782 -404.070 -115.076 -0.475 0.222 0.791 0.316
-28.151 -404.438 -115.048 -0.475 0.222 0.793 0.310
-28.515 -404.810 -115.017 -0.475 0.222 0.795 0.304
-28.876 -405.186 -114.982 -0.475 0.221 0.798 0.299
-29.241 -405.576 -114.943 -0.475 0.220 0.800 0.293
-29.609 -405.977 -114.901 -0.475 0.220 0.803 0.286
-29.962 -406.372 -114.856 -0.475 0.220 0.805 0.281
-30.319 -406.781 -114.807 -0.475 0.219 0.807 0.275
-30.677 -407.200 -114.754 -0.474 0.218 0.809 0.269
-31.011 -407.600 -114.701 -0.474 0.217 0.811 0.263
-31.356 -408.023 -114.644 -0.474 0.217 0.813 0.258
-31.685 -408.435 -114.585 -0.474 0.216 0.815 0.252
-32.019 -408.862 -114.522 -0.474 0.215 0.817 0.247
-32.345 -409.288 -114.458 -0.474 0.214 0.819 0.241
-32.670 -409.723 -114.390 -0.474 0.213 0.821 0.236
-32.994 -410.167 -114.319 -0.474 0.212 0.823 0.230
-33.321 -410.626 -114.244 -0.474 0.211 0.825 0.225
-33.647 -411.094 -114.165 -0.474 0.210 0.826 0.220
-33.967 -411.563 -114.084 -0.474 0.209 0.828 0.214
-34.273 -412.022 -114.003 -0.474 0.208 0.830 0.209
-34.575 -412.485 -113.919 -0.474 0.207 0.831 0.204
-34.884 -412.970 -113.830 -0.473 0.206 0.833 0.199
-35.194 -413.466 -113.737 -0.473 0.205 0.834 0.194
-35.490 -413.952 -113.644 -0.473 0.204 0.836 0.189
-35.780 -414.440 -113.550 -0.473 0.203 0.837 0.184
-36.066 -414.930 -113.453 -0.473 0.202 0.839 0.179
-36.348 -415.425 -113.354 -0.473 0.201 0.840 0.175
-36.633 -415.936 -113.251 -0.473 0.200 0.841 0.170
-36.904 -416.435 -113.149 -0.472 0.199 0.843 0.165
-37.170 -416.936 -113.045 -0.472 0.198 0.844 0.161
-37.430 -417.434 -112.940 -0.472 0.197 0.845 0.156
-37.694 -417.955 -112.830 -0.472 0.195 0.846 0.152
-37.949 -418.469 -112.719 -0.472 0.194 0.848 0.147
-38.199 -418.985 -112.608 -0.472 0.193 0.849 0.142
-38.438 -419.491 -112.497 -0.471 0.191 0.850 0.138
-38.678 -420.011 -112.382 -0.471 0.190 0.851 0.133
-38.911 -420.530 -112.267 -0.471 0.189 0.852 0.129
-39.145 -421.063 -112.148 -0.471 0.187 0.853 0.125
-39.367 -421.580 -112.031 -0.471 0.186 0.854 0.121
-39.594 -422.124 -111.907 -0.470 0.185 0.855 0.117
