24.701 -457.923 -70.113 -0.002 0.000 -0.002 1.000
24.706 -457.322 -70.117 -0.004 0.000 -0.005 1.000
24.712 -456.741 -70.122 -0.006 0.000 -0.007 1.000
24.722 -456.139 -70.130 -0.008 0.000 -0.009 1.000
24.734 -455.547 -70.141 -0.010 0.000 -0.011 1.000
24.749 -454.943 -70.154 -0.012 0.000 -0.014 1.000
24.767 -454.341 -70.169 -0.014 0.000 -0.016 1.000
24.788 -453.753 -70.187 -0.016 0.000 -0.019 1.000
24.812 -453.139 -70.208 -0.018 0.000 -0.021 1.000
24.839 -452.521 -70.233 -0.021 0.000 -0.023 1.000
24.868 -451.919 -70.259 -0.023 0.000 -0.025 0.999
24.899 -451.329 -70.288 -0.026 0.000 -0.027 0.999
24.934 -450.722 -70.321 -0.028 0.000 -0.030 0.999
24.971 -450.123 -70.356 -0.030 0.000 -0.032 0.999
25.011 -449.518 -70.394 -0.033 0.000 -0.034 0.999
25.054 -448.902 -70.435 -0.035 0.000 -0.036 0.999
25.098 -448.304 -70.479 -0.038 0.000 -0.037 0.999
25.144 -447.706 -70.526 -0.040 0.000 -0.040 0.998
25.194 -447.093 -70.577 -0.043 0.000 -0.041 0.998
25.245 -446.494 -70.630 -0.045 0.000 -0.043 0.998
25.296 -445.914 -70.684 -0.048 0.000 -0.045 0.998
25.352 -445.310 -70.745 -0.051 0.000 -0.046 0.998
25.408 -444.717 -70.807 -0.054 0.000 -0.048 0.997
25.467 -444.120 -70.874 -0.057 0.000 -0.050 0.997
25.527 -443.525 -70.944 -0.060 0.000 -0.051 0.997
25.590 -442.921 -71.019 -0.063 0.001 -0.052 0.997
25.651 -442.347 -71.094 -0.066 0.001 -0.053 0.996
25.716 -441.751 -71.175 -0.069 0.001 -0.054 0.996
25.783 -441.151 -71.261 -0.072 0.001 -0.055 0.996
25.850 -440.559 -71.350 -0.076 0.001 -0.056 0.996
25.918 -439.970 -71.443 -0.079 0.001 -0.057 0.995
25.986 -439.386 -71.539 -0.082 0.001 -0.058 0.995
26.056 -438.797 -71.640 -0.086 0.001 -0.059 0.995
26.126 -438.210 -71.745 -0.090 0.002 -0.059 0.994
26.197 -437.628 -71.854 -0.093 0.002 -0.060 0.994
26.267 -437.050 -71.966 -0.097 0.002 -0.060 0.993
26.337 -436.480 -72.081 -0.101 0.002 -0.061 0.993
26.409 -435.902 -72.203 -0.105 0.002 -0.061 0.993
26.479 -435.336 -72.326 -0.109 0.003 -0.061 0.992
26.551 -434.753 -72.459 -0.113 0.003 -0.061 0.992
26.623 -434.174 -72.595 -0.117 0.003 -0.060 0.991
26.693 -433.604 -72.734 -0.121 0.003 -0.060 0.991
26.763 -433.024 -72.881 -0.125 0.004 -0.060 0.990
26.832 -432.463 -73.028 -0.129 0.004 -0.059 0.990
26.899 -431.903 -73.180 -0.133 0.004 -0.058 0.989
26.966 -431.337 -73.339 -0.138 0.005 -0.058 0.989
27.031 -430.778 -73.501 -0.142 0.005 -0.057 0.988
27.094 -430.230 -73.666 -0.146 0.005 -0.055 0.988
27.155 -429.686 -73.834 -0.151 0.006 -0.054 0.987
27.216 -429.128 -74.012 -0.155 0.006 -0.053 0.986
27.274 -428.587 -74.190 -0.160 0.007 -0.052 0.986
27.329 -428.055 -74.371 -0.164 0.007 -0.050 0.985
27.384 -427.507 -74.562 -0.168 0.008 -0.048 0.985
27.437 -426.964 -74.757 -0.173 0.008 -0.046 0.984
27.486 -426.434 -74.953 -0.177 0.009 -0.044 0.983
27.532 -425.904 -75.155 -0.182 0.009 -0.042 0.982
27.575 -425.375 -75.361 -0.186 0.010 -0.040 0.982
27.618 -424.828 -75.581 -0.191 0.011 -0.037 0.981
27.656 -424.300 -75.799 -0.196 0.011 -0.035 0.980
27.689 -423.792 -76.013 -0.200 0.012 -0.032 0.979
27.721 -423.264 -76.242 -0.205 0.013 -0.030 0.978
27.749 -422.754 -76.469 -0.209 0.013 -0.027 0.977
27.775 -422.231 -76.707 -0.214 0.014 -0.024 0.976
27.795 -421.725 -76.944 -0.219 0.015 -0.021 0.975
27.813 -421.210 -77.190 -0.223 0.016 -0.018 0.975
27.826 -420.729 -77.426 -0.227 0.017 -0.014 0.974
27.835 -420.238 -77.671 -0.232 0.017 -0.011 0.973
27.841 -419.750 -77.921 -0.236 0.018 -0.008 0.972
27.842 -419.266 -78.173 -0.241 0.019 -0.004 0.970
27.840 -418.780 -78.433 -0.245 0.020 -0.001 0.969
27.833 -418.301 -78.694 -0.249 0.021 0.003 0.968
27.822 -417.826 -78.959 -0.254 0.022 0.007 0.967
27.807 -417.356 -79.227 -0.258 0.023 0.010 0.966
27.788 -416.889 -79.498 -0.263 0.024 0.014 0.964
27.765 -416.444 -79.762 -0.267 0.025 0.018 0.963
27.737 -415.994 -80.034 -0.271 0.026 0.022 0.962
27.703 -415.530 -80.321 -0.276 0.027 0.027 0.961
27.667 -415.089 -80.599 -0.280 0.028 0.031 0.959
27.625 -414.650 -80.880 -0.284 0.029 0.035 0.958
27.579 -414.218 -81.162 -0.288 0.030 0.040 0.956
27.528 -413.787 -81.450 -0.292 0.031 0.044 0.955
27.473 -413.357 -81.742 -0.296 0.032 0.048 0.953
27.413 -412.937 -82.032 -0.300 0.033 0.053 0.952
27.346 -412.514 -82.331 -0.305 0.035 0.058 0.950
27.276 -412.100 -82.628 -0.308 0.036 0.063 0.949
27.204 -411.704 -82.917 -0.312 0.037 0.068 0.947
27.124 -411.300 -83.218 -0.316 0.038 0.072 0.945
27.038 -410.890 -83.528 -0.320 0.040 0.077 0.943
26.946 -410.485 -83.839 -0.324 0.041 0.082 0.942
26.854 -410.104 -84.138 -0.328 0.042 0.087 0.940
26.754 -409.715 -84.448 -0.331 0.044 0.092 0.938
26.649 -409.328 -84.762 -0.335 0.045 0.097 0.936
26.540 -408.952 -85.072 -0.339 0.046 0.103 0.934
26.422 -408.567 -85.395 -0.343 0.048 0.108 0.932
26.304 -408.204 -85.705 -0.346 0.049 0.113 0.930
26.179 -407.838 -86.023 -0.349 0.051 0.118 0.928
26.048 -407.473 -86.345 -0.353 0.052 0.124 0.926
25.917 -407.128 -86.653 -0.356 0.054 0.129 0.924
25.774 -406.766 -86.983 -0.359 0.055 0.134 0.922
25.629 -406.418 -87.304 -0.362 0.057 0.140 0.920
25.478 -406.074 -87.628 -0.366 0.058 0.145 0.918
25.321 -405.730 -87.957 -0.369 0.060 0.150 0.915
25.154 -405.383 -88.294 -0.372 0.061 0.156 0.913
24.983 -405.040 -88.631 -0.374 0.063 0.162 0.911
24.803 -404.697 -88.974 -0.377 0.064 0.167 0.909
24.623 -404.367 -89.308 -0.379 0.066 0.173 0.907
24.434 -404.035 -89.649 -0.382 0.068 0.178 0.904
24.243 -403.712 -89.985 -0.384 0.070 0.184 0.902
24.043 -403.388 -90.326 -0.386 0.071 0.190 0.900
23.836 -403.066 -90.669 -0.388 0.073 0.195 0.898
23.626 -402.751 -91.009 -0.390 0.075 0.201 0.895
23.406 -402.436 -91.355 -0.392 0.077 0.207 0.893
23.176 -402.117 -91.708 -0.394 0.079 0.213 0.891
22.944 -401.808 -92.056 -0.396 0.081 0.219 0.888
22.701 -401.496 -92.410 -0.398 0.083 0.224 0.886
22.455 -401.193 -92.759 -0.399 0.085 0.230 0.883
22.213 -400.904 -93.095 -0.401 0.087 0.236 0.881
21.955 -400.608 -93.445 -0.402 0.089 0.242 0.879
21.690 -400.314 -93.794 -0.403 0.091 0.247 0.876
21.413 -400.018 -94.152 -0.405 0.093 0.253 0.874
21.133 -399.728 -94.505 -0.406 0.095 0.259 0.871
20.847 -399.443 -94.856 -0.407 0.097 0.265 0.869
20.556 -399.164 -95.206 -0.408 0.099 0.271 0.866
20.259 -398.889 -95.553 -0.409 0.102 0.277 0.863
19.958 -398.619 -95.898 -0.410 0.104 0.283 0.861
19.643 -398.347 -96.250 -0.411 0.106 0.289 0.858
19.320 -398.077 -96.602 -0.412 0.108 0.295 0.855
19.011 -397.829 -96.932 -0.413 0.110 0.301 0.853
18.693 -397.581 -97.265 -0.414 0.112 0.307 0.850
18.363 -397.334 -97.601 -0.415 0.114 0.312 0.847
18.028 -397.090 -97.937 -0.416 0.117 0.318 0.844
17.684 -396.848 -98.274 -0.416 0.119 0.324 0.841
17.337 -396.614 -98.606 -0.417 0.121 0.329 0.838
16.985 -396.383 -98.937 -0.418 0.123 0.335 0.836
16.635 -396.162 -99.258 -0.418 0.125 0.341 0.833
16.272 -395.941 -99.585 -0.419 0.127 0.346 0.829
15.905 -395.725 -99.908 -0.420 0.129 0.352 0.826
15.535 -395.514 -100.229 -0.420 0.132 0.358 0.823
15.177 -395.318 -100.531 -0.421 0.133 0.363 0.820
14.800 -395.119 -100.844 -0.422 0.136 0.369 0.817
14.427 -394.928 -101.148 -0.422 0.138 0.374 0.814
14.028 -394.732 -101.466 -0.423 0.140 0.380 0.811
13.642 -394.549 -101.768 -0.423 0.142 0.385 0.808
13.239 -394.365 -102.076 -0.424 0.144 0.391 0.804
12.840 -394.190 -102.376 -0.424 0.146 0.396 0.801
12.435 -394.019 -102.674 -0.425 0.148 0.402 0.798
12.024 -393.853 -102.970 -0.425 0.150 0.407 0.794
11.612 -393.693 -103.261 -0.425 0.152 0.412 0.791
11.202 -393.540 -103.546 -0.426 0.154 0.418 0.788
10.784 -393.391 -103.830 -0.426 0.156 0.423 0.784
10.361 -393.246 -104.112 -0.427 0.158 0.428 0.781
9.939 -393.107 -104.388 -0.427 0.160 0.433 0.777
9.504 -392.971 -104.667 -0.427 0.162 0.439 0.774
9.086 -392.846 -104.930 -0.428 0.164 0.444 0.770
8.651 -392.723 -105.199 -0.428 0.166 0.449 0.767
8.206 -392.602 -105.469 -0.429 0.167 0.454 0.763
7.772 -392.491 -105.726 -0.429 0.169 0.459 0.759
7.326 -392.384 -105.986 -0.429 0.171 0.464 0.755
6.875 -392.281 -106.244 -0.430 0.173 0.470 0.752
6.428 -392.184 -106.494 -0.430 0.175 0.475 0.748
5.980 -392.094 -106.740 -0.430 0.177 0.480 0.744
5.513 -392.007 -106.991 -0.431 0.178 0.485 0.740
5.047 -391.926 -107.236 -0.431 0.180 0.490 0.736
4.572 -391.849 -107.482 -0.432 0.182 0.496 0.731
4.101 -391.780 -107.721 -0.432 0.184 0.501 0.727
3.632 -391.717 -107.954 -0.433 0.185 0.506 0.723
3.145 -391.658 -108.190 -0.433 0.187 0.511 0.718
2.683 -391.609 -108.410 -0.433 0.189 0.516 0.714
2.212 -391.564 -108.630 -0.434 0.190 0.521 0.710
1.734 -391.524 -108.848 -0.434 0.192 0.526 0.706
1.246 -391.491 -109.066 -0.435 0.193 0.531 0.701
0.762 -391.463 -109.278 -0.435 0.195 0.536 0.697
0.260 -391.441 -109.493 -0.436 0.196 0.541 0.692
-0.216 -391.426 -109.693 -0.436 0.198 0.546 0.687
-0.707 -391.417 -109.895 -0.436 0.199 0.551 0.683
-1.189 -391.414 -110.089 -0.437 0.201 0.556 0.678
-1.671 -391.417 -110.278 -0.437 0.202 0.561 0.673
-2.156 -391.426 -110.465 -0.438 0.203 0.565 0.669
-2.638 -391.441 -110.647 -0.438 0.205 0.570 0.664
-3.126 -391.462 -110.826 -0.439 0.206 0.575 0.659
-3.622 -391.490 -111.005 -0.439 0.207 0.580 0.654
-4.116 -391.524 -111.178 -0.440 0.208 0.585 0.649
-4.623 -391.565 -111.352 -0.440 0.210 0.590 0.644
-5.117 -391.612 -111.517 -0.441 0.211 0.594 0.639
-5.619 -391.665 -111.681 -0.441 0.212 0.599 0.634
-6.122 -391.726 -111.841 -0.442 0.213 0.604 0.628
-6.607 -391.790 -111.991 -0.442 0.214 0.609 0.623
-7.104 -391.862 -112.141 -0.443 0.215 0.613 0.618
-7.597 -391.940 -112.286 -0.443 0.216 0.618 0.612
-8.103 -392.027 -112.431 -0.443 0.217 0.623 0.607
-8.592 -392.117 -112.567 -0.444 0.218 0.627 0.602
-9.082 -392.214 -112.700 -0.444 0.219 0.632 0.596
-9.571 -392.317 -112.829 -0.445 0.220 0.636 0.591
-10.067 -392.427 -112.955 -0.445 0.221 0.641 0.585
-10.556 -392.543 -113.076 -0.446 0.222 0.645 0.580
-11.045 -392.665 -113.194 -0.446 0.222 0.650 0.574
-11.539 -392.795 -113.309 -0.446 0.223 0.654 0.568
-12.039 -392.933 -113.421 -0.447 0.224 0.659 0.563
-12.522 -393.073 -113.526 -0.447 0.225 0.663 0.557
-13.007 -393.220 -113.628 -0.448 0.225 0.667 0.551
-13.500 -393.377 -113.727 -0.448 0.226 0.671 0.545
-13.987 -393.538 -113.822 -0.448 0.227 0.676 0.539
-14.476 -393.707 -113.913 -0.449 0.227 0.680 0.534
-14.949 -393.877 -113.997 -0.449 0.228 0.684 0.528
-15.421 -394.053 -114.078 -0.449 0.228 0.688 0.522
-15.916 -394.245 -114.159 -0.450 0.229 0.692 0.516
-16.392 -394.436 -114.233 -0.450 0.230 0.696 0.510
-16.871 -394.635 -114.304 -0.450 0.230 0.700 0.504
-17.350 -394.841 -114.371 -0.450 0.230 0.704 0.498
-17.830 -395.055 -114.435 -0.451 0.231 0.708 0.492
-18.304 -395.273 -114.494 -0.451 0.231 0.712 0.486
-18.785 -395.502 -114.551 -0.451 0.231 0.716 0.480
-19.256 -395.733 -114.603 -0.451 0.232 0.720 0.474
-19.727 -395.970 -114.651 -0.452 0.232 0.723 0.468
-20.194 -396.213 -114.695 -0.452 0.232 0.727 0.462
-20.661 -396.463 -114.735 -0.452 0.233 0.731 0.456
-21.126 -396.719 -114.771 -0.452 0.233 0.734 0.450
-21.600 -396.987 -114.805 -0.452 0.233 0.738 0.444
-22.050 -397.250 -114.833 -0.452 0.233 0.741 0.438
-22.505 -397.522 -114.859 -0.453 0.233 0.744 0.432
-22.962 -397.803 -114.881 -0.453 0.233 0.748 0.426
-23.415 -398.088 -114.899 -0.453 0.233 0.751 0.421
-23.865 -398.379 -114.914 -0.453 0.233 0.754 0.415
-24.332 -398.688 -114.925 -0.453 0.233 0.757 0.409
-24.775 -398.990 -114.933 -0.453 0.233 0.760 0.403
-25.215 -399.296 -114.937 -0.453 0.233 0.763 0.397
-25.652 -399.607 -114.938 -0.453 0.233 0.766 0.392
-26.102 -399.936 -114.936 -0.454 0.232 0.769 0.386
-26.537 -400.261 -114.931 -0.454 0.232 0.772 0.381
-26.965 -400.588 -114.922 -0.454 0.232 0.774 0.375
-27.393 -400.922 -114.910 -0.454 0.232 0.777 0.369
-27.833 -401.274 -114.894 -0.454 0.231 0.780 0.364
-28.262 -401.624 -114.876 -0.454 0.231 0.782 0.358
-28.693 -401.983 -114.854 -0.454 0.231 0.785 0.353
-29.119 -402.348 -114.829 -0.454 0.230 0.787 0.348
-29.534 -402.708 -114.801 -0.454 0.230 0.790 0.343
-29.952 -403.080 -114.771 -0.454 0.229 0.792 0.338
-30.378 -403.466 -114.736 -0.454 0.229 0.794 0.332
-30.789 -403.847 -114.700 -0.454 0.228 0.797 0.327
-31.200 -404.236 -114.661 -0.454 0.228 0.799 0.322
-31.615 -404.635 -114.619 -0.454 0.227 0.801 0.318
-32.009 -405.022 -114.576 -0.454 0.226 0.803 0.313
-32.414 -405.428 -114.529 -0.454 0.226 0.805 0.308
-32.812 -405.835 -114.480 -0.454 0.225 0.807 0.303
-33.200 -406.238 -114.430 -0.454 0.224 0.809 0.298
-33.581 -406.642 -114.377 -0.454 0.224 0.811 0.294
-33.967 -407.059 -114.322 -0.454 0.223 0.812 0.289
-34.353 -407.483 -114.263 -0.454 0.222 0.814 0.285
-34.728 -407.903 -114.204 -0.454 0.222 0.816 0.280
-35.100 -408.328 -114.142 -0.454 0.221 0.818 0.276
-35.472 -408.760 -114.079 -0.455 0.220 0.819 0.272
-35.838 -409.192 -114.013 -0.455 0.219 0.821 0.267
-36.200 -409.629 -113.946 -0.455 0.218 0.823 0.263
-36.573 -410.086 -113.875 -0.455 0.217 0.824 0.259
-36.931 -410.534 -113.803 -0.455 0.216 0.826 0.254
-37.290 -410.991 -113.729 -0.455 0.214 0.827 0.250
-37.638 -411.443 -113.655 -0.455 0.213 0.829 0.246
-37.986 -411.902 -113.579 -0.455 0.212 0.830 0.242
-38.332 -412.368 -113.500 -0.455 0.211 0.832 0.237
-38.669 -412.830 -113.421 -0.455 0.210 0.833 0.233
-39.000 -413.292 -113.341 -0.455 0.209 0.835 0.229
-39.343 -413.781 -113.255 -0.455 0.208 0.836 0.225
-39.677 -414.265 -113.169 -0.455 0.207 0.838 0.221
-40.002 -414.746 -113.083 -0.455 0.206 0.839 0.216
-40.328 -415.238 -112.994 -0.455 0.204 0.840 0.212
