24.701 -457.911 -70.113 -0.002 0.000 -0.002 1.000
24.705 -457.280 -70.118 -0.005 0.000 -0.004 1.000
24.712 -456.649 -70.126 -0.007 0.000 -0.007 1.000
24.722 -456.026 -70.137 -0.010 0.000 -0.009 1.000
24.734 -455.406 -70.150 -0.012 0.000 -0.011 1.000
24.749 -454.788 -70.167 -0.015 0.000 -0.013 1.000
24.765 -454.180 -70.186 -0.017 0.000 -0.015 1.000
24.785 -453.552 -70.209 -0.020 0.000 -0.017 1.000
24.807 -452.936 -70.235 -0.022 0.000 -0.018 1.000
24.831 -452.313 -70.264 -0.024 0.000 -0.020 0.999
24.857 -451.707 -70.295 -0.027 0.000 -0.022 0.999
24.885 -451.090 -70.329 -0.029 0.000 -0.024 0.999
24.916 -450.472 -70.367 -0.032 0.000 -0.025 0.999
24.948 -449.867 -70.407 -0.034 0.000 -0.027 0.999
24.982 -449.260 -70.451 -0.037 0.000 -0.029 0.999
25.017 -448.655 -70.497 -0.039 0.000 -0.030 0.999
25.055 -448.044 -70.547 -0.042 0.000 -0.031 0.999
25.094 -447.437 -70.600 -0.045 0.000 -0.033 0.998
25.134 -446.831 -70.656 -0.048 0.000 -0.034 0.998
25.176 -446.227 -70.716 -0.050 0.000 -0.035 0.998
25.219 -445.619 -70.779 -0.053 0.000 -0.036 0.998
25.263 -445.022 -70.844 -0.056 0.000 -0.037 0.998
25.309 -444.423 -70.913 -0.058 0.000 -0.038 0.998
25.356 -443.820 -70.985 -0.061 0.000 -0.039 0.997
25.403 -443.227 -71.060 -0.064 0.000 -0.040 0.997
25.451 -442.628 -71.138 -0.067 0.001 -0.040 0.997
25.499 -442.042 -71.219 -0.069 0.001 -0.041 0.997
25.548 -441.455 -71.303 -0.072 0.001 -0.042 0.997
25.598 -440.864 -71.391 -0.075 0.001 -0.042 0.996
25.648 -440.273 -71.483 -0.078 0.001 -0.042 0.996
25.698 -439.695 -71.576 -0.081 0.001 -0.043 0.996
25.749 -439.106 -71.674 -0.084 0.001 -0.043 0.996
25.800 -438.521 -71.775 -0.087 0.001 -0.043 0.995
25.851 -437.937 -71.879 -0.090 0.001 -0.043 0.995
25.903 -437.345 -71.989 -0.093 0.001 -0.043 0.995
25.954 -436.757 -72.102 -0.096 0.002 -0.043 0.994
26.005 -436.169 -72.218 -0.099 0.002 -0.043 0.994
26.055 -435.597 -72.336 -0.102 0.002 -0.042 0.994
26.103 -435.028 -72.456 -0.105 0.002 -0.042 0.994
26.152 -434.452 -72.582 -0.108 0.002 -0.041 0.993
26.200 -433.881 -72.710 -0.112 0.002 -0.041 0.993
26.247 -433.311 -72.842 -0.115 0.003 -0.040 0.993
26.292 -432.748 -72.977 -0.118 0.003 -0.039 0.992
26.338 -432.172 -73.118 -0.121 0.003 -0.038 0.992
26.381 -431.603 -73.261 -0.124 0.003 -0.037 0.992
26.424 -431.032 -73.409 -0.128 0.004 -0.036 0.991
26.465 -430.466 -73.560 -0.131 0.004 -0.035 0.991
26.505 -429.898 -73.715 -0.134 0.004 -0.034 0.990
26.542 -429.334 -73.874 -0.138 0.005 -0.032 0.990
26.578 -428.768 -74.037 -0.141 0.005 -0.031 0.990
26.612 -428.206 -74.202 -0.145 0.005 -0.029 0.989
26.643 -427.647 -74.372 -0.148 0.006 -0.027 0.989
26.673 -427.085 -74.547 -0.151 0.006 -0.025 0.988
26.699 -426.535 -74.722 -0.155 0.006 -0.023 0.988
26.723 -425.988 -74.900 -0.159 0.007 -0.021 0.987
26.744 -425.437 -75.085 -0.162 0.007 -0.019 0.987
26.762 -424.893 -75.271 -0.166 0.008 -0.016 0.986
26.778 -424.341 -75.465 -0.170 0.008 -0.014 0.985
26.790 -423.790 -75.663 -0.173 0.009 -0.011 0.985
26.799 -423.241 -75.865 -0.177 0.009 -0.008 0.984
26.805 -422.705 -76.067 -0.181 0.010 -0.005 0.983
26.807 -422.166 -76.274 -0.184 0.010 -0.002 0.983
26.806 -421.630 -76.485 -0.188 0.011 0.001 0.982
26.801 -421.097 -76.699 -0.192 0.011 0.004 0.981
26.792 -420.567 -76.918 -0.196 0.012 0.007 0.981
26.780 -420.047 -77.136 -0.200 0.013 0.011 0.980
26.763 -419.524 -77.362 -0.204 0.013 0.014 0.979
26.742 -419.005 -77.589 -0.207 0.014 0.018 0.978
26.717 -418.495 -77.818 -0.211 0.015 0.022 0.977
26.688 -417.989 -78.050 -0.215 0.016 0.025 0.976
26.654 -417.476 -78.290 -0.219 0.016 0.029 0.975
26.615 -416.967 -78.533 -0.223 0.017 0.033 0.974
26.574 -416.473 -78.773 -0.226 0.018 0.037 0.973
26.527 -415.975 -79.020 -0.230 0.019 0.041 0.972
26.476 -415.487 -79.267 -0.234 0.019 0.045 0.971
26.421 -415.005 -79.516 -0.238 0.020 0.049 0.970
26.362 -414.525 -79.768 -0.241 0.021 0.053 0.969
26.297 -414.046 -80.025 -0.245 0.022 0.057 0.968
26.229 -413.578 -80.280 -0.249 0.023 0.062 0.966
26.156 -413.104 -80.543 -0.252 0.023 0.066 0.965
26.078 -412.639 -80.806 -0.256 0.024 0.071 0.964
25.994 -412.171 -81.076 -0.260 0.025 0.075 0.962
25.907 -411.712 -81.346 -0.263 0.026 0.080 0.961
25.814 -411.253 -81.620 -0.267 0.027 0.084 0.960
25.718 -410.809 -81.890 -0.271 0.028 0.089 0.958
25.616 -410.363 -82.166 -0.274 0.029 0.094 0.957
25.509 -409.918 -82.446 -0.278 0.030 0.098 0.955
25.398 -409.479 -82.727 -0.282 0.031 0.103 0.953
25.282 -409.047 -83.009 -0.285 0.032 0.108 0.952
25.158 -408.609 -83.300 -0.289 0.033 0.113 0.950
25.032 -408.184 -83.587 -0.292 0.034 0.118 0.949
24.901 -407.762 -83.877 -0.295 0.035 0.123 0.947
24.765 -407.346 -84.168 -0.299 0.036 0.128 0.945
24.624 -406.932 -84.462 -0.302 0.037 0.133 0.943
24.476 -406.520 -84.759 -0.305 0.038 0.138 0.941
24.327 -406.120 -85.053 -0.309 0.039 0.143 0.940
24.169 -405.714 -85.356 -0.312 0.040 0.148 0.938
24.007 -405.318 -85.657 -0.315 0.042 0.154 0.936
23.841 -404.926 -85.959 -0.318 0.043 0.159 0.934
23.669 -404.538 -86.263 -0.322 0.044 0.164 0.932
23.491 -404.153 -86.570 -0.325 0.045 0.170 0.929
23.307 -403.770 -86.881 -0.328 0.046 0.175 0.927
23.118 -403.392 -87.192 -0.331 0.048 0.181 0.925
22.924 -403.020 -87.503 -0.334 0.049 0.186 0.923
22.722 -402.648 -87.820 -0.337 0.050 0.192 0.921
22.518 -402.285 -88.134 -0.339 0.052 0.197 0.918
22.305 -401.921 -88.453 -0.342 0.053 0.203 0.916
22.087 -401.565 -88.772 -0.345 0.054 0.209 0.913
21.869 -401.220 -89.085 -0.348 0.056 0.214 0.911
21.642 -400.875 -89.404 -0.351 0.057 0.220 0.909
21.406 -400.528 -89.730 -0.353 0.059 0.226 0.906
21.166 -400.190 -90.052 -0.356 0.060 0.232 0.903
20.919 -399.854 -90.378 -0.359 0.061 0.237 0.901
20.671 -399.528 -90.700 -0.361 0.063 0.243 0.898
20.417 -399.207 -91.022 -0.364 0.064 0.249 0.895
20.156 -398.889 -91.347 -0.366 0.066 0.255 0.893
19.889 -398.576 -91.672 -0.368 0.067 0.261 0.890
19.617 -398.266 -91.999 -0.371 0.069 0.266 0.887
19.336 -397.959 -92.329 -0.373 0.070 0.272 0.884
19.054 -397.662 -92.653 -0.375 0.072 0.278 0.881
18.762 -397.365 -92.984 -0.377 0.073 0.284 0.878
18.468 -397.077 -93.310 -0.380 0.075 0.290 0.875
18.175 -396.799 -93.630 -0.382 0.077 0.295 0.872
17.867 -396.519 -93.960 -0.384 0.078 0.301 0.869
17.560 -396.248 -94.283 -0.386 0.080 0.307 0.866
17.245 -395.980 -94.609 -0.388 0.081 0.313 0.863
16.928 -395.720 -94.931 -0.389 0.083 0.318 0.860
16.607 -395.466 -95.252 -0.391 0.084 0.324 0.857
16.280 -395.215 -95.574 -0.393 0.086 0.330 0.854
15.946 -394.969 -95.896 -0.395 0.088 0.335 0.851
15.611 -394.731 -96.214 -0.396 0.089 0.341 0.848
15.269 -394.496 -96.533 -0.398 0.091 0.346 0.845
14.919 -394.264 -96.854 -0.399 0.093 0.352 0.841
14.563 -394.037 -97.175 -0.401 0.094 0.358 0.838
14.207 -393.818 -97.491 -0.402 0.096 0.363 0.835
13.843 -393.603 -97.808 -0.404 0.098 0.369 0.832
13.483 -393.398 -98.117 -0.405 0.099 0.374 0.828
13.117 -393.197 -98.426 -0.406 0.101 0.380 0.825
12.750 -393.004 -98.730 -0.407 0.103 0.385 0.822
12.375 -392.813 -99.036 -0.409 0.105 0.391 0.818
11.998 -392.630 -99.338 -0.410 0.106 0.396 0.815
11.611 -392.448 -99.645 -0.411 0.108 0.402 0.811
11.224 -392.275 -99.946 -0.412 0.110 0.407 0.808
10.833 -392.106 -100.245 -0.413 0.111 0.412 0.804
10.436 -391.943 -100.543 -0.414 0.113 0.417 0.801
10.038 -391.785 -100.838 -0.415 0.115 0.423 0.797
9.632 -391.632 -101.134 -0.416 0.116 0.428 0.794
9.225 -391.485 -101.425 -0.417 0.118 0.433 0.790
8.823 -391.346 -101.709 -0.418 0.120 0.438 0.787
8.407 -391.209 -101.997 -0.419 0.122 0.444 0.783
7.994 -391.080 -102.279 -0.420 0.123 0.449 0.779
7.569 -390.954 -102.565 -0.421 0.125 0.454 0.775
7.142 -390.834 -102.846 -0.422 0.127 0.459 0.772
6.711 -390.720 -103.127 -0.422 0.128 0.464 0.768
6.274 -390.610 -103.406 -0.423 0.130 0.470 0.764
5.840 -390.508 -103.678 -0.424 0.132 0.475 0.760
5.407 -390.413 -103.946 -0.425 0.133 0.480 0.756
4.962 -390.321 -104.217 -0.426 0.135 0.485 0.752
4.521 -390.237 -104.481 -0.427 0.137 0.490 0.748
4.076 -390.159 -104.743 -0.427 0.138 0.495 0.744
3.625 -390.086 -105.004 -0.428 0.140 0.500 0.740
3.174 -390.019 -105.260 -0.429 0.141 0.505 0.735
2.726 -389.960 -105.511 -0.430 0.143 0.510 0.731
2.269 -389.905 -105.763 -0.430 0.145 0.515 0.727
1.813 -389.856 -106.010 -0.431 0.146 0.520 0.722
1.342 -389.813 -106.260 -0.432 0.148 0.525 0.718
0.875 -389.777 -106.504 -0.433 0.149 0.531 0.713
0.400 -389.747 -106.747 -0.433 0.151 0.536 0.709
-0.078 -389.723 -106.988 -0.434 0.153 0.541 0.704
-0.556 -389.706 -107.225 -0.435 0.154 0.546 0.699
-1.035 -389.696 -107.457 -0.436 0.156 0.551 0.695
-1.519 -389.691 -107.688 -0.436 0.157 0.556 0.690
-2.007 -389.694 -107.917 -0.437 0.159 0.561 0.685
-2.499 -389.703 -108.143 -0.438 0.160 0.566 0.680
-2.980 -389.719 -108.360 -0.439 0.161 0.571 0.675
-3.465 -389.742 -108.576 -0.439 0.163 0.575 0.670
-3.951 -389.771 -108.787 -0.440 0.164 0.580 0.665
-4.446 -389.807 -108.999 -0.441 0.165 0.585 0.660
-4.939 -389.850 -109.205 -0.442 0.167 0.590 0.655
-5.427 -389.900 -109.406 -0.442 0.168 0.595 0.650
-5.921 -389.956 -109.605 -0.443 0.169 0.600 0.645
-6.411 -390.019 -109.799 -0.444 0.170 0.604 0.639
-6.899 -390.088 -109.988 -0.445 0.171 0.609 0.634
-7.398 -390.166 -110.178 -0.445 0.173 0.614 0.629
-7.890 -390.249 -110.361 -0.446 0.174 0.618 0.623
-8.380 -390.338 -110.539 -0.447 0.175 0.623 0.618
-8.869 -390.434 -110.714 -0.447 0.176 0.628 0.612
-9.356 -390.536 -110.884 -0.448 0.177 0.632 0.607
-9.847 -390.646 -111.052 -0.449 0.178 0.637 0.602
-10.342 -390.763 -111.218 -0.449 0.179 0.641 0.596
-10.832 -390.886 -111.378 -0.450 0.180 0.645 0.590
-11.325 -391.017 -111.537 -0.451 0.181 0.650 0.585
-11.805 -391.151 -111.687 -0.451 0.181 0.654 0.579
-12.287 -391.292 -111.834 -0.452 0.182 0.658 0.573
-12.770 -391.440 -111.979 -0.453 0.183 0.663 0.568
-13.251 -391.595 -112.120 -0.454 0.184 0.667 0.562
-13.728 -391.755 -112.256 -0.454 0.184 0.671 0.556
-14.208 -391.922 -112.390 -0.455 0.185 0.675 0.551
-14.687 -392.096 -112.520 -0.455 0.186 0.679 0.545
-15.163 -392.276 -112.646 -0.456 0.186 0.683 0.539
-15.638 -392.463 -112.769 -0.457 0.187 0.687 0.533
-16.108 -392.654 -112.888 -0.457 0.187 0.691 0.528
-16.589 -392.858 -113.006 -0.458 0.188 0.695 0.522
-17.064 -393.065 -113.119 -0.459 0.188 0.699 0.516
-17.534 -393.278 -113.228 -0.459 0.188 0.703 0.510
-18.001 -393.496 -113.334 -0.460 0.189 0.706 0.504
-18.464 -393.720 -113.435 -0.461 0.189 0.710 0.498
-18.924 -393.950 -113.533 -0.461 0.189 0.714 0.492
-19.380 -394.184 -113.627 -0.462 0.189 0.717 0.486
-19.838 -394.427 -113.718 -0.462 0.190 0.721 0.480
-20.285 -394.671 -113.805 -0.463 0.190 0.724 0.475
-20.736 -394.924 -113.889 -0.464 0.190 0.728 0.469
-21.183 -395.182 -113.970 -0.464 0.190 0.731 0.463
-21.623 -395.443 -114.047 -0.465 0.190 0.734 0.457
-22.055 -395.707 -114.119 -0.465 0.190 0.738 0.451
-22.497 -395.984 -114.191 -0.466 0.190 0.741 0.445
-22.939 -396.269 -114.260 -0.466 0.190 0.744 0.439
-23.376 -396.558 -114.326 -0.467 0.190 0.747 0.433
-23.810 -396.852 -114.388 -0.467 0.190 0.750 0.427
-24.232 -397.146 -114.446 -0.468 0.190 0.753 0.422
-24.657 -397.449 -114.501 -0.468 0.189 0.756 0.416
-25.083 -397.761 -114.555 -0.469 0.189 0.759 0.410
-25.510 -398.082 -114.605 -0.469 0.189 0.762 0.404
-25.923 -398.400 -114.652 -0.470 0.188 0.765 0.398
-26.335 -398.725 -114.696 -0.470 0.188 0.768 0.392
-26.740 -399.051 -114.737 -0.471 0.187 0.770 0.387
-27.149 -399.389 -114.775 -0.471 0.187 0.773 0.381
-27.567 -399.743 -114.812 -0.472 0.186 0.776 0.375
-27.971 -400.094 -114.846 -0.472 0.186 0.778 0.369
-28.371 -400.448 -114.876 -0.473 0.185 0.781 0.363
-28.769 -400.810 -114.904 -0.473 0.185 0.784 0.358
-29.167 -401.181 -114.930 -0.474 0.184 0.786 0.352
-29.549 -401.545 -114.952 -0.474 0.183 0.788 0.346
-29.932 -401.918 -114.972 -0.475 0.182 0.791 0.341
-30.309 -402.294 -114.989 -0.475 0.182 0.793 0.335
-30.685 -402.677 -115.004 -0.476 0.181 0.795 0.329
-31.058 -403.065 -115.017 -0.476 0.180 0.798 0.324
-31.427 -403.459 -115.027 -0.476 0.179 0.800 0.318
-31.791 -403.857 -115.035 -0.477 0.178 0.802 0.313
-32.151 -404.259 -115.040 -0.477 0.177 0.804 0.307
-32.507 -404.665 -115.044 -0.478 0.176 0.806 0.302
-32.856 -405.072 -115.045 -0.478 0.175 0.808 0.296
-33.207 -405.492 -115.044 -0.478 0.174 0.810 0.291
-33.550 -405.911 -115.040 -0.479 0.173 0.812 0.285
-33.888 -406.333 -115.035 -0.479 0.172 0.814 0.280
-34.222 -406.760 -115.027 -0.479 0.171 0.816 0.274
-34.560 -407.202 -115.017 -0.480 0.170 0.818 0.269
-34.883 -407.634 -115.005 -0.480 0.169 0.820 0.263
-35.205 -408.075 -114.991 -0.480 0.168 0.821 0.258
-35.521 -408.517 -114.975 -0.480 0.167 0.823 0.253
-35.833 -408.964 -114.956 -0.481 0.166 0.825 0.247
-36.135 -409.408 -114.937 -0.481 0.164 0.826 0.242
-36.438 -409.863 -114.914 -0.481 0.163 0.828 0.237
-36.736 -410.321 -114.890 -0.481 0.162 0.830 0.232
-37.032 -410.786 -114.864 -0.482 0.161 0.831 0.227
-37.319 -411.249 -114.837 -0.482 0.159 0.833 0.221
-37.602 -411.716 -114.807 -0.482 0.158 0.834 0.216
-37.888 -412.199 -114.775 -0.482 0.157 0.836 0.211
-38.165 -412.679 -114.742 -0.483 0.155 0.837 0.206
-38.440 -413.166 -114.707 -0.483 0.154 0.838 0.201
-38.706 -413.651 -114.670 -0.483 0.152 0.840 0.196
-38.968 -414.139 -114.632 -0.483 0.151 0.841 0.191
-39.225 -414.631 -114.593 -0.483 0.149 0.842 0.186
-39.480 -415.131 -114.552 -0.484 0.148 0.844 0.181
-39.729 -415.632 -114.509 -0.484 0.146 0.845 0.176
-39.971 -416.133 -114.465 -0.484 0.145 0.846 0.171
-40.205 -416.630 -114.421 -0.484 0.144 0.847 0.166
-40.436 -417.131 -114.375 -0.484 0.142 0.848 0.161
-40.663 -417.639 -114.327 -0.484 0.140 0.849 0.157
-40.883 -418.146 -114.278 -0.484 0.139 0.850 0.152
-41.104 -418.668 -114.226 -0.484 0.137 0.851 0.147
-41.323 -419.200 -114.173 -0.484 0.136 0.852 0.142
-41.533 -419.728 -114.119 -0.485 0.134 0.853 0.138
-41.739 -420.258 -114.064 -0.485 0.132 0.854 0.133
-41.937 -420.785 -114.009 -0.485 0.131 0.855 0.128
-42.131 -421.316 -113.952 -0.485 0.129 0.856 0.124
-42.320 -421.849 -113.894 -0.485 0.127 0.857 0.119
-42.501 -422.378 -113.836 -0.485 0.125 0.858 0.114
