24.702 -457.883 -70.113 -0.002 0.000 -0.003 1.000
24.708 -457.254 -70.117 -0.004 0.000 -0.006 1.000
24.717 -456.630 -70.124 -0.007 0.000 -0.009 1.000
24.730 -456.006 -70.134 -0.009 0.000 -0.012 1.000
24.748 -455.378 -70.147 -0.011 0.000 -0.015 1.000
24.768 -454.750 -70.163 -0.014 0.000 -0.018 1.000
24.792 -454.126 -70.182 -0.016 0.000 -0.021 1.000
24.820 -453.501 -70.203 -0.019 0.000 -0.024 1.000
24.851 -452.878 -70.228 -0.021 0.000 -0.026 0.999
24.886 -452.258 -70.256 -0.024 0.000 -0.029 0.999
24.923 -451.635 -70.288 -0.026 0.000 -0.032 0.999
24.964 -451.017 -70.322 -0.029 0.000 -0.034 0.999
25.008 -450.400 -70.360 -0.032 0.000 -0.037 0.999
25.055 -449.783 -70.401 -0.034 0.000 -0.039 0.999
25.105 -449.170 -70.445 -0.037 0.000 -0.041 0.998
25.157 -448.556 -70.493 -0.040 0.000 -0.044 0.998
25.213 -447.944 -70.544 -0.043 0.000 -0.046 0.998
25.271 -447.333 -70.598 -0.046 0.000 -0.048 0.998
25.331 -446.722 -70.657 -0.049 0.000 -0.050 0.998
25.394 -446.116 -70.718 -0.052 0.000 -0.052 0.997
25.459 -445.507 -70.784 -0.055 0.000 -0.054 0.997
25.527 -444.901 -70.853 -0.058 0.000 -0.056 0.997
25.596 -444.300 -70.925 -0.061 0.001 -0.058 0.996
25.668 -443.699 -71.001 -0.064 0.001 -0.060 0.996
25.741 -443.102 -71.081 -0.068 0.001 -0.061 0.996
25.816 -442.505 -71.165 -0.071 0.001 -0.063 0.996
25.892 -441.908 -71.253 -0.074 0.001 -0.064 0.995
25.970 -441.317 -71.344 -0.078 0.001 -0.065 0.995
26.049 -440.725 -71.440 -0.081 0.001 -0.067 0.994
26.130 -440.134 -71.540 -0.085 0.001 -0.068 0.994
26.212 -439.545 -71.644 -0.088 0.001 -0.069 0.994
26.295 -438.959 -71.752 -0.092 0.002 -0.070 0.993
26.378 -438.375 -71.865 -0.096 0.002 -0.071 0.993
26.462 -437.794 -71.981 -0.100 0.002 -0.071 0.992
26.547 -437.215 -72.101 -0.103 0.002 -0.072 0.992
26.632 -436.639 -72.226 -0.107 0.002 -0.072 0.992
26.717 -436.064 -72.355 -0.111 0.003 -0.073 0.991
26.802 -435.492 -72.489 -0.115 0.003 -0.073 0.991
26.887 -434.923 -72.627 -0.119 0.003 -0.073 0.990
26.972 -434.357 -72.769 -0.123 0.004 -0.073 0.990
27.057 -433.794 -72.915 -0.128 0.004 -0.073 0.989
27.140 -433.234 -73.066 -0.132 0.004 -0.073 0.989
27.223 -432.679 -73.220 -0.136 0.005 -0.072 0.988
27.305 -432.125 -73.380 -0.140 0.005 -0.072 0.987
27.386 -431.573 -73.544 -0.145 0.005 -0.071 0.987
27.466 -431.024 -73.713 -0.149 0.006 -0.070 0.986
27.545 -430.475 -73.887 -0.154 0.006 -0.069 0.986
27.623 -429.931 -74.065 -0.158 0.007 -0.068 0.985
27.698 -429.392 -74.247 -0.163 0.007 -0.067 0.984
27.772 -428.855 -74.433 -0.167 0.008 -0.066 0.984
27.844 -428.322 -74.624 -0.172 0.008 -0.065 0.983
27.914 -427.790 -74.820 -0.176 0.009 -0.063 0.982
27.981 -427.261 -75.021 -0.181 0.009 -0.061 0.982
28.046 -426.739 -75.225 -0.186 0.010 -0.060 0.981
28.109 -426.216 -75.434 -0.190 0.011 -0.058 0.980
28.170 -425.698 -75.648 -0.195 0.011 -0.056 0.979
28.227 -425.184 -75.866 -0.200 0.012 -0.054 0.978
28.282 -424.671 -76.088 -0.204 0.013 -0.051 0.977
28.334 -424.161 -76.316 -0.209 0.013 -0.049 0.977
28.382 -423.655 -76.547 -0.214 0.014 -0.046 0.976
28.428 -423.153 -76.782 -0.219 0.015 -0.044 0.975
28.470 -422.654 -77.022 -0.223 0.016 -0.041 0.974
28.509 -422.157 -77.267 -0.228 0.017 -0.038 0.973
28.544 -421.664 -77.515 -0.233 0.018 -0.035 0.972
28.575 -421.174 -77.768 -0.237 0.018 -0.032 0.971
28.603 -420.689 -78.024 -0.242 0.019 -0.029 0.970
28.627 -420.208 -78.284 -0.247 0.020 -0.026 0.969
28.647 -419.731 -78.548 -0.251 0.021 -0.022 0.967
28.663 -419.257 -78.816 -0.256 0.022 -0.019 0.966
28.674 -418.786 -79.088 -0.261 0.023 -0.015 0.965
28.682 -418.319 -79.363 -0.265 0.024 -0.012 0.964
28.685 -417.855 -79.642 -0.270 0.025 -0.008 0.963
28.684 -417.396 -79.924 -0.274 0.026 -0.004 0.961
28.678 -416.939 -80.211 -0.279 0.028 0.000 0.960
28.667 -416.485 -80.502 -0.283 0.029 0.004 0.959
28.652 -416.036 -80.795 -0.288 0.030 0.008 0.957
28.633 -415.592 -81.091 -0.292 0.031 0.012 0.956
28.608 -415.150 -81.390 -0.296 0.032 0.016 0.954
28.578 -414.711 -81.694 -0.300 0.033 0.021 0.953
28.544 -414.276 -82.000 -0.305 0.035 0.025 0.951
28.504 -413.844 -82.310 -0.309 0.036 0.030 0.950
28.459 -413.416 -82.623 -0.313 0.037 0.035 0.948
28.410 -412.993 -82.938 -0.317 0.039 0.039 0.947
28.355 -412.573 -83.255 -0.321 0.040 0.044 0.945
28.294 -412.156 -83.576 -0.325 0.041 0.049 0.944
28.228 -411.743 -83.900 -0.329 0.043 0.054 0.942
28.157 -411.334 -84.227 -0.333 0.044 0.059 0.940
28.080 -410.928 -84.555 -0.336 0.046 0.064 0.938
27.997 -410.525 -84.887 -0.340 0.047 0.069 0.937
27.909 -410.127 -85.220 -0.344 0.049 0.074 0.935
27.815 -409.732 -85.557 -0.347 0.050 0.080 0.933
27.715 -409.339 -85.896 -0.351 0.052 0.085 0.931
27.609 -408.950 -86.237 -0.354 0.054 0.090 0.929
27.498 -408.566 -86.579 -0.357 0.055 0.096 0.927
27.380 -408.187 -86.923 -0.360 0.057 0.101 0.925
27.257 -407.810 -87.269 -0.364 0.059 0.107 0.924
27.127 -407.436 -87.617 -0.367 0.060 0.113 0.922
26.991 -407.065 -87.967 -0.370 0.062 0.118 0.919
26.850 -406.701 -88.317 -0.373 0.064 0.124 0.917
26.702 -406.339 -88.670 -0.376 0.066 0.130 0.915
26.548 -405.981 -89.023 -0.378 0.068 0.136 0.913
26.387 -405.626 -89.378 -0.381 0.069 0.141 0.911
26.221 -405.276 -89.732 -0.384 0.071 0.147 0.909
26.048 -404.929 -90.089 -0.386 0.073 0.153 0.907
25.870 -404.588 -90.445 -0.389 0.075 0.159 0.904
25.685 -404.250 -90.802 -0.391 0.077 0.165 0.902
25.494 -403.915 -91.159 -0.393 0.079 0.171 0.900
25.295 -403.584 -91.519 -0.395 0.081 0.177 0.898
25.092 -403.258 -91.877 -0.398 0.083 0.183 0.895
24.881 -402.935 -92.236 -0.400 0.085 0.189 0.893
24.665 -402.616 -92.595 -0.402 0.087 0.195 0.891
24.442 -402.301 -92.954 -0.404 0.089 0.201 0.888
24.212 -401.991 -93.313 -0.406 0.091 0.207 0.886
23.977 -401.685 -93.671 -0.407 0.093 0.213 0.883
23.736 -401.383 -94.028 -0.409 0.096 0.219 0.881
23.488 -401.085 -94.386 -0.411 0.098 0.225 0.878
23.234 -400.791 -94.743 -0.412 0.100 0.231 0.875
22.973 -400.501 -95.100 -0.414 0.102 0.237 0.873
22.707 -400.216 -95.455 -0.415 0.104 0.244 0.870
22.435 -399.935 -95.809 -0.417 0.106 0.250 0.868
22.156 -399.659 -96.162 -0.418 0.108 0.256 0.865
21.872 -399.387 -96.514 -0.420 0.111 0.262 0.862
21.583 -399.121 -96.864 -0.421 0.113 0.268 0.859
21.286 -398.858 -97.214 -0.423 0.115 0.274 0.856
20.985 -398.600 -97.562 -0.424 0.117 0.280 0.853
20.679 -398.348 -97.907 -0.425 0.119 0.286 0.851
20.368 -398.101 -98.249 -0.426 0.121 0.292 0.848
20.051 -397.859 -98.591 -0.428 0.124 0.298 0.845
19.730 -397.622 -98.929 -0.429 0.126 0.304 0.842
19.401 -397.389 -99.268 -0.430 0.128 0.310 0.838
19.069 -397.162 -99.603 -0.431 0.130 0.315 0.835
18.733 -396.939 -99.936 -0.432 0.132 0.321 0.832
18.391 -396.722 -100.266 -0.433 0.134 0.327 0.829
18.042 -396.509 -100.596 -0.434 0.136 0.333 0.826
17.691 -396.302 -100.922 -0.435 0.138 0.339 0.823
17.334 -396.100 -101.246 -0.436 0.141 0.344 0.819
16.973 -395.903 -101.568 -0.437 0.143 0.350 0.816
16.606 -395.710 -101.887 -0.438 0.145 0.356 0.813
16.234 -395.523 -102.205 -0.439 0.147 0.362 0.809
15.859 -395.341 -102.519 -0.440 0.149 0.367 0.806
15.479 -395.164 -102.831 -0.441 0.151 0.373 0.803
15.092 -394.992 -103.142 -0.441 0.153 0.379 0.799
14.707 -394.827 -103.446 -0.442 0.155 0.384 0.796
14.314 -394.665 -103.749 -0.443 0.157 0.390 0.792
13.916 -394.509 -104.050 -0.444 0.159 0.395 0.788
13.517 -394.359 -104.347 -0.444 0.161 0.401 0.785
13.111 -394.213 -104.642 -0.445 0.163 0.406 0.781
12.703 -394.074 -104.933 -0.446 0.165 0.412 0.778
12.289 -393.938 -105.223 -0.446 0.167 0.417 0.774
11.873 -393.809 -105.508 -0.447 0.169 0.423 0.770
11.454 -393.685 -105.789 -0.447 0.171 0.428 0.766
11.031 -393.567 -106.068 -0.448 0.173 0.434 0.763
10.603 -393.453 -106.345 -0.448 0.175 0.439 0.759
10.174 -393.346 -106.617 -0.449 0.177 0.444 0.755
9.739 -393.243 -106.886 -0.449 0.179 0.450 0.751
9.306 -393.147 -107.149 -0.450 0.181 0.455 0.747
8.868 -393.055 -107.411 -0.450 0.183 0.460 0.743
8.424 -392.969 -107.670 -0.451 0.185 0.465 0.739
7.977 -392.888 -107.925 -0.451 0.187 0.471 0.735
7.529 -392.813 -108.177 -0.452 0.189 0.476 0.731
7.076 -392.743 -108.425 -0.452 0.191 0.481 0.727
6.621 -392.679 -108.670 -0.452 0.192 0.486 0.723
6.166 -392.620 -108.910 -0.453 0.194 0.491 0.718
5.708 -392.568 -109.146 -0.453 0.196 0.496 0.714
5.251 -392.521 -109.377 -0.453 0.198 0.501 0.710
4.788 -392.479 -109.606 -0.454 0.200 0.506 0.706
4.323 -392.443 -109.831 -0.454 0.201 0.511 0.701
3.856 -392.412 -110.052 -0.454 0.203 0.516 0.697
3.387 -392.387 -110.269 -0.455 0.205 0.521 0.693
2.911 -392.367 -110.485 -0.455 0.207 0.526 0.688
2.437 -392.354 -110.695 -0.455 0.208 0.531 0.684
1.960 -392.345 -110.902 -0.456 0.210 0.536 0.679
1.483 -392.343 -111.103 -0.456 0.212 0.541 0.675
1.003 -392.346 -111.302 -0.456 0.213 0.546 0.670
0.521 -392.355 -111.497 -0.456 0.215 0.550 0.665
0.038 -392.370 -111.687 -0.457 0.216 0.555 0.661
-0.449 -392.390 -111.875 -0.457 0.218 0.560 0.656
-0.938 -392.416 -112.059 -0.457 0.219 0.565 0.651
-1.425 -392.448 -112.237 -0.457 0.221 0.569 0.646
-1.914 -392.486 -112.412 -0.458 0.222 0.574 0.642
-2.405 -392.530 -112.584 -0.458 0.224 0.579 0.637
-2.896 -392.579 -112.750 -0.458 0.225 0.583 0.632
-3.389 -392.635 -112.914 -0.458 0.226 0.588 0.627
-3.880 -392.696 -113.072 -0.459 0.228 0.593 0.622
-4.376 -392.763 -113.227 -0.459 0.229 0.597 0.617
-4.871 -392.836 -113.378 -0.459 0.230 0.602 0.612
-5.367 -392.916 -113.525 -0.459 0.232 0.606 0.607
-5.864 -393.001 -113.668 -0.460 0.233 0.611 0.602
-6.359 -393.091 -113.806 -0.460 0.234 0.615 0.596
-6.856 -393.188 -113.940 -0.460 0.235 0.619 0.591
-7.352 -393.291 -114.070 -0.460 0.236 0.624 0.586
-7.851 -393.400 -114.197 -0.460 0.237 0.628 0.581
-8.346 -393.514 -114.318 -0.461 0.238 0.632 0.575
-8.843 -393.635 -114.436 -0.461 0.239 0.637 0.570
-9.340 -393.762 -114.550 -0.461 0.240 0.641 0.565
-9.837 -393.895 -114.660 -0.461 0.241 0.645 0.559
-10.335 -394.034 -114.765 -0.461 0.242 0.650 0.554
-10.831 -394.179 -114.867 -0.462 0.243 0.654 0.548
-11.328 -394.330 -114.964 -0.462 0.244 0.658 0.543
-11.822 -394.487 -115.057 -0.462 0.245 0.662 0.537
-12.317 -394.650 -115.146 -0.462 0.245 0.666 0.532
-12.811 -394.820 -115.231 -0.462 0.246 0.670 0.526
-13.303 -394.995 -115.311 -0.462 0.247 0.674 0.520
-13.794 -395.176 -115.388 -0.463 0.247 0.678 0.515
-14.282 -395.362 -115.460 -0.463 0.248 0.682 0.509
-14.772 -395.556 -115.528 -0.463 0.249 0.686 0.503
-15.259 -395.755 -115.592 -0.463 0.249 0.690 0.498
-15.744 -395.960 -115.652 -0.463 0.250 0.694 0.492
-16.228 -396.171 -115.708 -0.463 0.250 0.698 0.486
-16.712 -396.388 -115.760 -0.463 0.251 0.701 0.480
-17.190 -396.610 -115.807 -0.464 0.251 0.705 0.474
-17.667 -396.838 -115.851 -0.464 0.251 0.709 0.468
-18.144 -397.072 -115.890 -0.464 0.252 0.712 0.463
-18.618 -397.312 -115.926 -0.464 0.252 0.716 0.457
-19.091 -397.559 -115.958 -0.464 0.252 0.720 0.451
-19.559 -397.810 -115.985 -0.464 0.252 0.723 0.445
-20.027 -398.068 -116.009 -0.464 0.252 0.727 0.439
-20.490 -398.330 -116.028 -0.464 0.253 0.730 0.433
-20.952 -398.599 -116.044 -0.464 0.253 0.734 0.427
-21.411 -398.873 -116.055 -0.464 0.253 0.737 0.421
-21.866 -399.152 -116.063 -0.464 0.253 0.740 0.415
-22.321 -399.438 -116.067 -0.464 0.253 0.744 0.409
-22.773 -399.730 -116.067 -0.464 0.253 0.747 0.403
-23.220 -400.026 -116.063 -0.464 0.253 0.750 0.397
-23.662 -400.326 -116.055 -0.464 0.253 0.753 0.391
-24.103 -400.633 -116.044 -0.464 0.253 0.757 0.385
-24.539 -400.944 -116.029 -0.464 0.252 0.760 0.379
-24.975 -401.263 -116.010 -0.464 0.252 0.763 0.373
-25.403 -401.583 -115.988 -0.464 0.252 0.766 0.367
-25.828 -401.910 -115.962 -0.464 0.252 0.769 0.361
-26.253 -402.243 -115.933 -0.464 0.251 0.771 0.355
-26.673 -402.582 -115.900 -0.464 0.251 0.774 0.349
-27.088 -402.923 -115.864 -0.464 0.250 0.777 0.344
-27.501 -403.272 -115.824 -0.464 0.250 0.780 0.338
-27.909 -403.624 -115.781 -0.464 0.249 0.782 0.332
-28.314 -403.980 -115.736 -0.464 0.249 0.785 0.327
-28.714 -404.342 -115.687 -0.464 0.248 0.787 0.321
-29.112 -404.708 -115.635 -0.464 0.247 0.790 0.315
-29.506 -405.080 -115.580 -0.464 0.247 0.792 0.310
-29.894 -405.454 -115.523 -0.464 0.246 0.795 0.305
-30.279 -405.833 -115.463 -0.464 0.245 0.797 0.299
-30.661 -406.217 -115.400 -0.464 0.244 0.799 0.294
-31.039 -406.605 -115.334 -0.464 0.243 0.801 0.289
-31.414 -406.999 -115.266 -0.464 0.242 0.803 0.284
-31.786 -407.397 -115.196 -0.464 0.241 0.805 0.279
-32.152 -407.798 -115.123 -0.464 0.241 0.807 0.274
-32.517 -408.205 -115.048 -0.464 0.240 0.809 0.269
-32.877 -408.615 -114.970 -0.464 0.239 0.811 0.264
-33.233 -409.029 -114.891 -0.464 0.238 0.813 0.259
-33.587 -409.448 -114.809 -0.464 0.236 0.815 0.255
-33.936 -409.870 -114.726 -0.464 0.235 0.817 0.250
-34.283 -410.297 -114.640 -0.464 0.234 0.818 0.246
-34.627 -410.728 -114.553 -0.464 0.233 0.820 0.241
-34.963 -411.158 -114.464 -0.464 0.232 0.821 0.237
-35.300 -411.596 -114.373 -0.464 0.231 0.823 0.233
-35.632 -412.037 -114.281 -0.464 0.230 0.824 0.229
-35.961 -412.481 -114.187 -0.464 0.229 0.826 0.225
-36.288 -412.930 -114.091 -0.464 0.227 0.827 0.221
-36.611 -413.383 -113.994 -0.464 0.226 0.829 0.217
-36.931 -413.839 -113.895 -0.464 0.225 0.830 0.213
-37.250 -414.301 -113.794 -0.464 0.224 0.831 0.209
-37.565 -414.765 -113.692 -0.464 0.223 0.832 0.206
-37.879 -415.235 -113.588 -0.464 0.221 0.834 0.202
-38.189 -415.709 -113.483 -0.464 0.220 0.835 0.198
-38.497 -416.187 -113.377 -0.464 0.219 0.836 0.195
