24.701 -457.908 -70.113 -0.002 0.000 -0.002 1.000
24.706 -457.292 -70.117 -0.004 0.000 -0.004 1.000
24.712 -456.675 -70.123 -0.006 0.000 -0.007 1.000
24.722 -456.059 -70.132 -0.008 0.000 -0.009 1.000
24.735 -455.443 -70.144 -0.011 0.000 -0.011 1.000
24.750 -454.831 -70.158 -0.013 0.000 -0.014 1.000
24.768 -454.218 -70.175 -0.015 0.000 -0.016 1.000
24.789 -453.607 -70.195 -0.017 0.000 -0.018 1.000
24.812 -452.996 -70.217 -0.020 0.000 -0.020 1.000
24.838 -452.384 -70.243 -0.022 0.000 -0.022 1.000
24.867 -451.773 -70.271 -0.024 0.000 -0.024 0.999
24.898 -451.164 -70.302 -0.027 0.000 -0.026 0.999
24.931 -450.558 -70.337 -0.029 0.000 -0.029 0.999
24.967 -449.951 -70.374 -0.032 0.000 -0.031 0.999
25.005 -449.348 -70.414 -0.035 0.000 -0.032 0.999
25.046 -448.743 -70.458 -0.037 0.000 -0.034 0.999
25.088 -448.140 -70.505 -0.040 0.000 -0.036 0.999
25.133 -447.538 -70.555 -0.043 0.000 -0.038 0.998
25.180 -446.937 -70.608 -0.046 0.000 -0.040 0.998
25.229 -446.339 -70.665 -0.048 0.000 -0.041 0.998
25.280 -445.741 -70.725 -0.051 0.000 -0.043 0.998
25.333 -445.146 -70.788 -0.054 0.000 -0.045 0.998
25.387 -444.551 -70.856 -0.058 0.000 -0.046 0.997
25.444 -443.958 -70.926 -0.061 0.000 -0.048 0.997
25.501 -443.367 -71.001 -0.064 0.001 -0.049 0.997
25.560 -442.779 -71.079 -0.067 0.001 -0.050 0.996
25.621 -442.192 -71.161 -0.071 0.001 -0.051 0.996
25.682 -441.605 -71.247 -0.074 0.001 -0.053 0.996
25.745 -441.020 -71.337 -0.078 0.001 -0.054 0.996
25.809 -440.436 -71.431 -0.081 0.001 -0.055 0.995
25.874 -439.856 -71.529 -0.085 0.001 -0.056 0.995
25.940 -439.276 -71.631 -0.089 0.001 -0.056 0.994
26.007 -438.698 -71.738 -0.092 0.001 -0.057 0.994
26.074 -438.120 -71.849 -0.096 0.002 -0.058 0.994
26.142 -437.547 -71.964 -0.100 0.002 -0.058 0.993
26.210 -436.974 -72.084 -0.104 0.002 -0.058 0.993
26.278 -436.403 -72.208 -0.108 0.002 -0.059 0.992
26.346 -435.834 -72.337 -0.113 0.002 -0.059 0.992
26.414 -435.267 -72.471 -0.117 0.003 -0.059 0.991
26.482 -434.701 -72.610 -0.121 0.003 -0.059 0.991
26.550 -434.136 -72.753 -0.126 0.003 -0.059 0.990
26.617 -433.576 -72.901 -0.130 0.004 -0.058 0.990
26.683 -433.017 -73.054 -0.134 0.004 -0.058 0.989
26.749 -432.461 -73.211 -0.139 0.004 -0.057 0.989
26.813 -431.906 -73.374 -0.144 0.005 -0.056 0.988
26.877 -431.354 -73.542 -0.148 0.005 -0.056 0.987
26.939 -430.803 -73.715 -0.153 0.005 -0.055 0.987
27.000 -430.256 -73.892 -0.158 0.006 -0.053 0.986
27.058 -429.713 -74.074 -0.162 0.006 -0.052 0.985
27.116 -429.170 -74.262 -0.167 0.007 -0.051 0.985
27.171 -428.634 -74.453 -0.172 0.007 -0.049 0.984
27.224 -428.098 -74.651 -0.177 0.008 -0.048 0.983
27.275 -427.565 -74.853 -0.182 0.008 -0.046 0.982
27.323 -427.035 -75.060 -0.187 0.009 -0.044 0.981
27.369 -426.509 -75.271 -0.191 0.009 -0.042 0.981
27.412 -425.986 -75.487 -0.196 0.010 -0.040 0.980
27.452 -425.466 -75.708 -0.201 0.011 -0.037 0.979
27.489 -424.949 -75.934 -0.206 0.011 -0.035 0.978
27.523 -424.434 -76.165 -0.211 0.012 -0.032 0.977
27.554 -423.923 -76.400 -0.216 0.013 -0.029 0.976
27.581 -423.416 -76.639 -0.220 0.014 -0.027 0.975
27.605 -422.911 -76.883 -0.225 0.014 -0.024 0.974
27.625 -422.413 -77.130 -0.230 0.015 -0.020 0.973
27.642 -421.918 -77.382 -0.235 0.016 -0.017 0.972
27.654 -421.428 -77.636 -0.239 0.017 -0.014 0.971
27.663 -420.940 -77.896 -0.244 0.018 -0.011 0.970
27.667 -420.455 -78.160 -0.249 0.019 -0.007 0.968
27.667 -419.972 -78.428 -0.253 0.020 -0.003 0.967
27.663 -419.495 -78.699 -0.258 0.021 0.000 0.966
27.655 -419.022 -78.974 -0.262 0.022 0.004 0.965
27.642 -418.551 -79.253 -0.267 0.023 0.008 0.964
27.624 -418.084 -79.535 -0.271 0.024 0.012 0.962
27.602 -417.624 -79.819 -0.275 0.025 0.016 0.961
27.575 -417.165 -80.107 -0.279 0.026 0.020 0.960
27.544 -416.711 -80.398 -0.284 0.027 0.025 0.958
27.507 -416.261 -80.692 -0.288 0.028 0.029 0.957
27.466 -415.816 -80.988 -0.292 0.029 0.034 0.955
27.420 -415.373 -81.288 -0.296 0.031 0.038 0.954
27.369 -414.933 -81.591 -0.300 0.032 0.043 0.953
27.313 -414.499 -81.896 -0.303 0.033 0.047 0.951
27.251 -414.068 -82.203 -0.307 0.034 0.052 0.950
27.185 -413.641 -82.513 -0.311 0.036 0.057 0.948
27.114 -413.219 -82.824 -0.314 0.037 0.061 0.947
27.037 -412.799 -83.139 -0.318 0.038 0.066 0.945
26.955 -412.382 -83.456 -0.322 0.040 0.071 0.943
26.868 -411.972 -83.774 -0.325 0.041 0.076 0.942
26.776 -411.566 -84.093 -0.328 0.042 0.081 0.940
26.679 -411.163 -84.415 -0.332 0.044 0.086 0.938
26.576 -410.763 -84.739 -0.335 0.045 0.091 0.937
26.468 -410.368 -85.063 -0.338 0.047 0.097 0.935
26.354 -409.977 -85.389 -0.341 0.048 0.102 0.933
26.235 -409.589 -85.718 -0.344 0.049 0.107 0.931
26.110 -409.204 -86.048 -0.347 0.051 0.112 0.930
25.981 -408.824 -86.379 -0.350 0.053 0.117 0.928
25.845 -408.447 -86.711 -0.353 0.054 0.123 0.926
25.704 -408.074 -87.046 -0.356 0.056 0.128 0.924
25.558 -407.704 -87.381 -0.359 0.057 0.134 0.922
25.406 -407.339 -87.717 -0.361 0.059 0.139 0.920
25.248 -406.976 -88.055 -0.364 0.060 0.144 0.918
25.086 -406.621 -88.391 -0.366 0.062 0.150 0.916
24.917 -406.266 -88.730 -0.369 0.064 0.155 0.914
24.743 -405.916 -89.069 -0.371 0.065 0.161 0.912
24.564 -405.571 -89.408 -0.374 0.067 0.166 0.910
24.379 -405.228 -89.749 -0.376 0.069 0.172 0.908
24.187 -404.888 -90.091 -0.378 0.070 0.177 0.906
23.991 -404.554 -90.433 -0.380 0.072 0.183 0.904
23.789 -404.222 -90.776 -0.383 0.074 0.188 0.902
23.581 -403.895 -91.119 -0.385 0.075 0.194 0.899
23.368 -403.573 -91.461 -0.387 0.077 0.199 0.897
23.149 -403.252 -91.806 -0.389 0.079 0.205 0.895
22.924 -402.936 -92.150 -0.391 0.081 0.211 0.892
22.694 -402.625 -92.492 -0.393 0.083 0.216 0.890
22.457 -402.315 -92.838 -0.395 0.084 0.222 0.888
22.215 -402.011 -93.183 -0.396 0.086 0.227 0.885
21.968 -401.711 -93.526 -0.398 0.088 0.233 0.883
21.715 -401.415 -93.870 -0.400 0.090 0.239 0.880
21.458 -401.124 -94.212 -0.402 0.092 0.244 0.878
21.194 -400.837 -94.554 -0.403 0.094 0.250 0.875
20.925 -400.554 -94.897 -0.405 0.095 0.256 0.873
20.650 -400.275 -95.238 -0.407 0.097 0.261 0.870
20.370 -400.001 -95.578 -0.408 0.099 0.267 0.867
20.084 -399.730 -95.919 -0.410 0.101 0.273 0.865
19.794 -399.465 -96.257 -0.411 0.103 0.278 0.862
19.497 -399.202 -96.597 -0.412 0.105 0.284 0.859
19.195 -398.945 -96.934 -0.414 0.107 0.290 0.856
18.889 -398.693 -97.269 -0.415 0.109 0.295 0.854
18.576 -398.444 -97.605 -0.416 0.111 0.301 0.851
18.257 -398.200 -97.940 -0.418 0.113 0.307 0.848
17.934 -397.961 -98.273 -0.419 0.115 0.312 0.845
17.605 -397.726 -98.605 -0.420 0.117 0.318 0.842
17.271 -397.495 -98.935 -0.421 0.119 0.324 0.839
16.934 -397.271 -99.263 -0.422 0.121 0.329 0.836
16.591 -397.050 -99.590 -0.424 0.122 0.335 0.833
16.243 -396.835 -99.914 -0.425 0.124 0.340 0.830
15.890 -396.624 -100.237 -0.426 0.126 0.346 0.826
15.532 -396.419 -100.558 -0.427 0.128 0.352 0.823
15.169 -396.218 -100.878 -0.428 0.130 0.357 0.820
14.801 -396.022 -101.195 -0.429 0.132 0.363 0.817
14.428 -395.831 -101.512 -0.430 0.134 0.368 0.813
14.051 -395.645 -101.825 -0.431 0.136 0.374 0.810
13.671 -395.465 -102.135 -0.431 0.138 0.380 0.807
13.287 -395.291 -102.443 -0.432 0.140 0.385 0.803
12.897 -395.121 -102.749 -0.433 0.142 0.390 0.800
12.503 -394.956 -103.053 -0.434 0.144 0.396 0.796
12.105 -394.796 -103.354 -0.435 0.146 0.401 0.793
11.704 -394.642 -103.652 -0.436 0.148 0.407 0.789
11.302 -394.495 -103.946 -0.437 0.150 0.412 0.786
10.892 -394.351 -104.239 -0.437 0.152 0.418 0.782
10.478 -394.213 -104.530 -0.438 0.153 0.423 0.778
10.062 -394.081 -104.816 -0.439 0.155 0.428 0.774
9.642 -393.955 -105.101 -0.440 0.157 0.434 0.771
9.218 -393.833 -105.382 -0.440 0.159 0.439 0.767
8.790 -393.718 -105.662 -0.441 0.161 0.444 0.763
8.360 -393.608 -105.937 -0.442 0.163 0.450 0.759
7.929 -393.504 -106.208 -0.442 0.165 0.455 0.755
7.494 -393.405 -106.476 -0.443 0.166 0.460 0.751
7.055 -393.312 -106.742 -0.444 0.168 0.465 0.747
6.612 -393.225 -107.005 -0.444 0.170 0.471 0.743
6.167 -393.143 -107.264 -0.445 0.172 0.476 0.739
5.720 -393.067 -107.520 -0.445 0.173 0.481 0.735
5.270 -392.997 -107.773 -0.446 0.175 0.486 0.731
4.817 -392.932 -108.022 -0.447 0.177 0.491 0.727
4.364 -392.873 -108.267 -0.447 0.179 0.496 0.723
3.906 -392.820 -108.509 -0.448 0.180 0.501 0.718
3.445 -392.772 -108.749 -0.448 0.182 0.506 0.714
2.982 -392.730 -108.984 -0.449 0.184 0.511 0.710
2.517 -392.694 -109.216 -0.449 0.186 0.516 0.705
2.052 -392.664 -109.444 -0.450 0.187 0.521 0.701
1.583 -392.639 -109.668 -0.450 0.189 0.526 0.697
1.113 -392.620 -109.889 -0.450 0.190 0.531 0.692
0.641 -392.607 -110.106 -0.451 0.192 0.536 0.688
0.166 -392.600 -110.320 -0.451 0.194 0.541 0.683
-0.309 -392.599 -110.529 -0.452 0.195 0.545 0.679
-0.784 -392.603 -110.734 -0.452 0.197 0.550 0.674
-1.262 -392.613 -110.936 -0.452 0.198 0.555 0.669
-1.741 -392.629 -111.134 -0.453 0.200 0.560 0.665
-2.219 -392.651 -111.327 -0.453 0.201 0.564 0.660
-2.698 -392.678 -111.516 -0.453 0.203 0.569 0.655
-3.178 -392.711 -111.701 -0.454 0.204 0.574 0.651
-3.661 -392.751 -111.883 -0.454 0.206 0.578 0.646
-4.143 -392.796 -112.061 -0.454 0.207 0.583 0.641
-4.628 -392.846 -112.235 -0.454 0.209 0.588 0.636
-5.112 -392.903 -112.405 -0.455 0.210 0.592 0.631
-5.596 -392.965 -112.571 -0.455 0.211 0.597 0.626
-6.079 -393.032 -112.732 -0.455 0.213 0.601 0.621
-6.564 -393.106 -112.890 -0.456 0.214 0.605 0.617
-7.048 -393.185 -113.044 -0.456 0.215 0.610 0.612
-7.533 -393.269 -113.193 -0.456 0.217 0.614 0.607
-8.017 -393.360 -113.339 -0.456 0.218 0.619 0.602
-8.503 -393.456 -113.480 -0.456 0.219 0.623 0.596
-8.987 -393.558 -113.618 -0.457 0.220 0.627 0.591
-9.472 -393.665 -113.752 -0.457 0.221 0.631 0.586
-9.955 -393.778 -113.881 -0.457 0.223 0.636 0.581
-10.438 -393.897 -114.006 -0.457 0.224 0.640 0.576
-10.921 -394.021 -114.128 -0.457 0.225 0.644 0.571
-11.402 -394.151 -114.245 -0.458 0.226 0.648 0.565
-11.886 -394.287 -114.359 -0.458 0.227 0.652 0.560
-12.367 -394.428 -114.468 -0.458 0.228 0.656 0.555
-12.845 -394.574 -114.573 -0.458 0.229 0.660 0.550
-13.326 -394.726 -114.674 -0.458 0.230 0.664 0.544
-13.802 -394.883 -114.771 -0.458 0.231 0.668 0.539
-14.280 -395.047 -114.865 -0.458 0.231 0.672 0.534
-14.754 -395.215 -114.954 -0.459 0.232 0.676 0.528
-15.228 -395.389 -115.039 -0.459 0.233 0.680 0.523
-15.702 -395.568 -115.120 -0.459 0.234 0.683 0.517
-16.173 -395.753 -115.198 -0.459 0.235 0.687 0.512
-16.643 -395.943 -115.271 -0.459 0.235 0.691 0.506
-17.113 -396.139 -115.341 -0.459 0.236 0.695 0.501
-17.582 -396.341 -115.407 -0.459 0.237 0.698 0.496
-18.048 -396.547 -115.469 -0.459 0.237 0.702 0.490
-18.513 -396.760 -115.527 -0.459 0.238 0.705 0.484
-18.974 -396.976 -115.582 -0.459 0.238 0.709 0.479
-19.436 -397.199 -115.632 -0.460 0.239 0.713 0.473
-19.896 -397.427 -115.679 -0.460 0.239 0.716 0.468
-20.353 -397.661 -115.722 -0.460 0.240 0.719 0.462
-20.809 -397.900 -115.762 -0.460 0.240 0.723 0.457
-21.262 -398.144 -115.798 -0.460 0.240 0.726 0.451
-21.715 -398.394 -115.830 -0.460 0.241 0.730 0.445
-22.164 -398.649 -115.858 -0.460 0.241 0.733 0.440
-22.611 -398.908 -115.883 -0.460 0.241 0.736 0.434
-23.055 -399.173 -115.905 -0.460 0.241 0.739 0.429
-23.498 -399.444 -115.922 -0.460 0.241 0.742 0.423
-23.938 -399.719 -115.937 -0.460 0.241 0.745 0.418
-24.376 -400.000 -115.948 -0.460 0.241 0.748 0.412
-24.810 -400.285 -115.955 -0.460 0.241 0.751 0.406
-25.244 -400.576 -115.959 -0.460 0.241 0.754 0.401
-25.675 -400.872 -115.960 -0.460 0.241 0.757 0.395
-26.105 -401.175 -115.958 -0.460 0.241 0.760 0.390
-26.532 -401.482 -115.952 -0.461 0.241 0.763 0.384
-26.958 -401.796 -115.943 -0.461 0.241 0.766 0.379
-27.381 -402.114 -115.931 -0.461 0.240 0.769 0.373
-27.802 -402.439 -115.916 -0.461 0.240 0.771 0.368
-28.221 -402.768 -115.897 -0.461 0.240 0.774 0.362
-28.636 -403.103 -115.876 -0.461 0.239 0.776 0.357
-29.048 -403.442 -115.852 -0.461 0.239 0.779 0.352
-29.456 -403.785 -115.824 -0.461 0.238 0.782 0.346
-29.864 -404.135 -115.794 -0.461 0.238 0.784 0.341
-30.269 -404.490 -115.761 -0.461 0.237 0.786 0.336
-30.671 -404.850 -115.725 -0.461 0.237 0.789 0.330
-31.070 -405.216 -115.687 -0.461 0.236 0.791 0.325
-31.467 -405.587 -115.645 -0.461 0.235 0.793 0.320
-31.859 -405.961 -115.602 -0.461 0.234 0.796 0.315
-32.250 -406.341 -115.555 -0.462 0.234 0.798 0.310
-32.639 -406.729 -115.506 -0.462 0.233 0.800 0.305
-33.026 -407.122 -115.455 -0.462 0.232 0.802 0.300
-33.410 -407.520 -115.401 -0.462 0.231 0.804 0.295
-33.790 -407.922 -115.345 -0.462 0.230 0.806 0.290
-34.168 -408.329 -115.286 -0.462 0.229 0.808 0.285
-34.542 -408.740 -115.225 -0.462 0.228 0.810 0.280
-34.914 -409.157 -115.163 -0.462 0.227 0.812 0.276
-35.283 -409.580 -115.098 -0.462 0.226 0.813 0.271
-35.649 -410.008 -115.031 -0.462 0.225 0.815 0.267
-36.013 -410.441 -114.961 -0.463 0.223 0.817 0.262
-36.376 -410.880 -114.890 -0.463 0.222 0.819 0.258
-36.734 -411.324 -114.817 -0.463 0.221 0.820 0.253
-37.088 -411.770 -114.743 -0.463 0.220 0.822 0.249
-37.440 -412.222 -114.666 -0.463 0.218 0.823 0.245
-37.789 -412.679 -114.588 -0.463 0.217 0.825 0.240
-38.136 -413.142 -114.509 -0.463 0.216 0.826 0.236
-38.479 -413.609 -114.427 -0.463 0.214 0.828 0.232
-38.818 -414.079 -114.345 -0.464 0.213 0.829 0.228
-39.155 -414.555 -114.261 -0.464 0.212 0.831 0.224
-39.489 -415.035 -114.176 -0.464 0.210 0.832 0.220
-39.821 -415.521 -114.089 -0.464 0.209 0.833 0.216
-40.148 -416.010 -114.001 -0.464 0.207 0.835 0.212
-40.472 -416.502 -113.911 -0.464 0.206 0.836 0.209
-40.793 -417.000 -113.821 -0.464 0.204 0.837 0.205
-41.110 -417.502 -113.729 -0.464 0.203 0.838 0.201
-41.424 -418.007 -113.637 -0.465 0.201 0.840 0.197
-41.735 -418.515 -113.543 -0.465 0.200 0.841 0.193
-42.042 -419.030 -113.448 -0.465 0.198 0.842 0.190
-42.346 -419.547 -113.352 -0.465 0.197 0.843 0.186
-42.645 -420.065 -113.256 -0.465 0.195 0.844 0.182
-42.940 -420.588 -113.158 -0.465 0.194 0.845 0.179
-43.230 -421.112 -113.060 -0.465 0.192 0.846 0.175
