24.701 -457.925 -70.113 -0.002 0.000 -0.002 1.000
24.705 -457.315 -70.116 -0.004 0.000 -0.004 1.000
24.712 -456.703 -70.123 -0.006 0.000 -0.007 1.000
24.722 -456.091 -70.131 -0.008 0.000 -0.009 1.000
24.734 -455.479 -70.142 -0.010 0.000 -0.011 1.000
24.749 -454.868 -70.156 -0.013 0.000 -0.013 1.000
24.767 -454.255 -70.173 -0.015 0.000 -0.016 1.000
24.788 -453.641 -70.193 -0.017 0.000 -0.018 1.000
24.811 -453.029 -70.215 -0.019 0.000 -0.020 1.000
24.836 -452.415 -70.241 -0.022 0.000 -0.022 1.000
24.864 -451.803 -70.269 -0.024 0.000 -0.024 0.999
24.895 -451.192 -70.301 -0.027 0.000 -0.026 0.999
24.928 -450.580 -70.335 -0.030 0.000 -0.028 0.999
24.963 -449.969 -70.373 -0.032 0.000 -0.030 0.999
25.000 -449.358 -70.415 -0.035 0.000 -0.032 0.999
25.040 -448.746 -70.459 -0.038 0.000 -0.033 0.999
25.082 -448.136 -70.507 -0.041 0.000 -0.035 0.999
25.126 -447.526 -70.559 -0.044 0.000 -0.037 0.998
25.172 -446.917 -70.614 -0.047 0.000 -0.038 0.998
25.220 -446.309 -70.673 -0.050 0.000 -0.040 0.998
25.269 -445.701 -70.736 -0.053 0.000 -0.041 0.998
25.320 -445.095 -70.803 -0.056 0.000 -0.043 0.998
25.373 -444.489 -70.873 -0.059 0.000 -0.044 0.997
25.427 -443.885 -70.947 -0.062 0.001 -0.045 0.997
25.483 -443.282 -71.025 -0.066 0.001 -0.046 0.997
25.539 -442.680 -71.107 -0.069 0.001 -0.047 0.996
25.597 -442.079 -71.193 -0.073 0.001 -0.048 0.996
25.656 -441.479 -71.284 -0.076 0.001 -0.049 0.996
25.716 -440.882 -71.378 -0.080 0.001 -0.050 0.996
25.776 -440.285 -71.477 -0.083 0.001 -0.050 0.995
25.837 -439.691 -71.579 -0.087 0.001 -0.051 0.995
25.899 -439.098 -71.687 -0.091 0.001 -0.051 0.995
25.961 -438.507 -71.798 -0.094 0.002 -0.052 0.994
26.023 -437.917 -71.913 -0.098 0.002 -0.052 0.994
26.085 -437.329 -72.033 -0.102 0.002 -0.052 0.993
26.148 -436.744 -72.158 -0.106 0.002 -0.052 0.993
26.210 -436.160 -72.286 -0.110 0.002 -0.052 0.993
26.271 -435.579 -72.419 -0.114 0.003 -0.052 0.992
26.332 -435.000 -72.556 -0.117 0.003 -0.052 0.992
26.393 -434.424 -72.698 -0.121 0.003 -0.051 0.991
26.453 -433.849 -72.844 -0.125 0.003 -0.051 0.991
26.512 -433.276 -72.995 -0.129 0.004 -0.050 0.990
26.570 -432.705 -73.150 -0.134 0.004 -0.050 0.990
26.627 -432.136 -73.309 -0.138 0.004 -0.049 0.989
26.683 -431.571 -73.473 -0.142 0.005 -0.048 0.989
26.738 -431.008 -73.641 -0.146 0.005 -0.047 0.988
26.790 -430.447 -73.814 -0.150 0.005 -0.046 0.988
26.842 -429.889 -73.991 -0.154 0.006 -0.044 0.987
26.891 -429.334 -74.173 -0.159 0.006 -0.043 0.986
26.939 -428.781 -74.359 -0.163 0.006 -0.041 0.986
26.984 -428.231 -74.549 -0.167 0.007 -0.040 0.985
27.027 -427.685 -74.743 -0.172 0.007 -0.038 0.984
27.068 -427.142 -74.942 -0.176 0.008 -0.036 0.984
27.107 -426.603 -75.144 -0.180 0.008 -0.034 0.983
27.143 -426.065 -75.351 -0.185 0.009 -0.032 0.982
27.176 -425.531 -75.563 -0.189 0.009 -0.030 0.981
27.207 -425.001 -75.778 -0.193 0.010 -0.028 0.981
27.234 -424.475 -75.997 -0.198 0.011 -0.025 0.980
27.258 -423.952 -76.220 -0.202 0.011 -0.023 0.979
27.280 -423.433 -76.447 -0.206 0.012 -0.020 0.978
27.298 -422.918 -76.678 -0.211 0.013 -0.018 0.977
27.312 -422.406 -76.912 -0.215 0.013 -0.015 0.976
27.324 -421.897 -77.151 -0.220 0.014 -0.012 0.975
27.331 -421.393 -77.394 -0.224 0.015 -0.009 0.974
27.335 -420.892 -77.640 -0.229 0.015 -0.006 0.973
27.335 -420.395 -77.890 -0.233 0.016 -0.002 0.972
27.332 -419.903 -78.143 -0.237 0.017 0.001 0.971
27.324 -419.414 -78.400 -0.242 0.018 0.005 0.970
27.312 -418.929 -78.660 -0.246 0.019 0.008 0.969
27.296 -418.447 -78.925 -0.251 0.020 0.012 0.968
27.276 -417.970 -79.192 -0.255 0.020 0.016 0.967
27.252 -417.496 -79.463 -0.259 0.021 0.020 0.965
27.223 -417.026 -79.738 -0.264 0.022 0.024 0.964
27.189 -416.560 -80.016 -0.268 0.023 0.028 0.963
27.151 -416.098 -80.296 -0.272 0.024 0.032 0.961
27.109 -415.639 -80.581 -0.276 0.025 0.036 0.960
27.061 -415.185 -80.869 -0.281 0.026 0.040 0.959
27.009 -414.734 -81.159 -0.285 0.027 0.045 0.957
26.952 -414.287 -81.454 -0.289 0.029 0.049 0.956
26.891 -413.845 -81.750 -0.293 0.030 0.054 0.954
26.824 -413.406 -82.050 -0.297 0.031 0.058 0.952
26.752 -412.971 -82.352 -0.301 0.032 0.063 0.951
26.675 -412.540 -82.658 -0.305 0.033 0.068 0.949
26.592 -412.113 -82.967 -0.309 0.034 0.073 0.948
26.505 -411.690 -83.278 -0.313 0.036 0.078 0.946
26.412 -411.270 -83.592 -0.317 0.037 0.083 0.944
26.314 -410.855 -83.908 -0.321 0.038 0.088 0.942
26.210 -410.444 -84.227 -0.325 0.040 0.093 0.940
26.101 -410.036 -84.548 -0.328 0.041 0.098 0.939
25.986 -409.634 -84.871 -0.332 0.042 0.103 0.937
25.866 -409.234 -85.197 -0.336 0.044 0.109 0.935
25.741 -408.840 -85.524 -0.339 0.045 0.114 0.933
25.609 -408.449 -85.853 -0.342 0.047 0.119 0.931
25.472 -408.062 -86.185 -0.346 0.048 0.125 0.929
25.329 -407.679 -86.519 -0.349 0.050 0.130 0.927
25.180 -407.298 -86.856 -0.352 0.051 0.136 0.925
25.025 -406.923 -87.193 -0.355 0.053 0.142 0.922
24.865 -406.553 -87.531 -0.358 0.054 0.147 0.920
24.698 -406.186 -87.871 -0.361 0.056 0.153 0.918
24.526 -405.823 -88.212 -0.364 0.057 0.159 0.916
24.348 -405.465 -88.555 -0.367 0.059 0.164 0.914
24.164 -405.111 -88.898 -0.370 0.061 0.170 0.911
23.974 -404.760 -89.243 -0.372 0.062 0.176 0.909
23.778 -404.415 -89.588 -0.375 0.064 0.182 0.907
23.577 -404.073 -89.934 -0.377 0.066 0.187 0.904
23.369 -403.736 -90.281 -0.380 0.068 0.193 0.902
23.155 -403.403 -90.628 -0.382 0.069 0.199 0.900
22.936 -403.074 -90.976 -0.384 0.071 0.205 0.897
22.710 -402.750 -91.324 -0.387 0.073 0.211 0.895
22.479 -402.430 -91.672 -0.389 0.075 0.217 0.892
22.241 -402.114 -92.020 -0.391 0.077 0.223 0.890
21.998 -401.803 -92.368 -0.393 0.079 0.229 0.887
21.748 -401.496 -92.716 -0.395 0.081 0.235 0.885
21.493 -401.193 -93.064 -0.396 0.083 0.241 0.882
21.232 -400.895 -93.411 -0.398 0.085 0.247 0.880
20.964 -400.601 -93.758 -0.400 0.087 0.253 0.877
20.691 -400.312 -94.105 -0.401 0.089 0.259 0.874
20.412 -400.027 -94.451 -0.403 0.091 0.264 0.872
20.127 -399.747 -94.795 -0.404 0.093 0.270 0.869
19.836 -399.471 -95.139 -0.406 0.095 0.276 0.866
19.540 -399.199 -95.483 -0.407 0.097 0.282 0.863
19.238 -398.933 -95.824 -0.408 0.099 0.288 0.860
18.930 -398.671 -96.165 -0.410 0.101 0.294 0.858
18.617 -398.414 -96.504 -0.411 0.103 0.300 0.855
18.299 -398.162 -96.841 -0.412 0.105 0.306 0.852
17.974 -397.914 -97.177 -0.413 0.107 0.312 0.849
17.645 -397.671 -97.511 -0.414 0.109 0.318 0.846
17.309 -397.432 -97.845 -0.415 0.112 0.324 0.843
16.968 -397.199 -98.176 -0.416 0.114 0.330 0.840
16.623 -396.970 -98.504 -0.417 0.116 0.336 0.837
16.273 -396.747 -98.831 -0.417 0.118 0.341 0.834
15.917 -396.528 -99.155 -0.418 0.120 0.347 0.831
15.556 -396.314 -99.477 -0.419 0.122 0.353 0.828
15.191 -396.105 -99.796 -0.419 0.125 0.359 0.825
14.821 -395.901 -100.113 -0.420 0.127 0.365 0.821
14.445 -395.701 -100.428 -0.420 0.129 0.370 0.818
14.064 -395.507 -100.740 -0.421 0.131 0.376 0.815
13.679 -395.317 -101.049 -0.421 0.133 0.382 0.812
13.289 -395.133 -101.356 -0.422 0.136 0.387 0.808
12.894 -394.953 -101.660 -0.422 0.138 0.393 0.805
12.495 -394.779 -101.962 -0.423 0.140 0.399 0.802
12.093 -394.610 -102.259 -0.423 0.142 0.404 0.798
11.685 -394.446 -102.554 -0.424 0.144 0.410 0.795
11.274 -394.288 -102.846 -0.424 0.146 0.416 0.791
10.859 -394.135 -103.135 -0.424 0.148 0.421 0.788
10.439 -393.987 -103.420 -0.425 0.151 0.427 0.784
10.017 -393.845 -103.703 -0.425 0.153 0.432 0.780
9.589 -393.708 -103.982 -0.426 0.155 0.438 0.777
9.158 -393.577 -104.259 -0.426 0.157 0.443 0.773
8.722 -393.451 -104.533 -0.427 0.159 0.449 0.769
8.284 -393.330 -104.803 -0.427 0.161 0.454 0.765
7.841 -393.216 -105.070 -0.428 0.163 0.460 0.761
7.396 -393.107 -105.333 -0.428 0.165 0.465 0.757
6.947 -393.003 -105.593 -0.428 0.166 0.471 0.753
6.496 -392.906 -105.850 -0.429 0.168 0.476 0.749
6.041 -392.814 -106.103 -0.429 0.170 0.481 0.745
5.583 -392.729 -106.353 -0.430 0.172 0.487 0.741
5.121 -392.649 -106.600 -0.430 0.174 0.492 0.737
4.658 -392.575 -106.843 -0.431 0.176 0.497 0.732
4.193 -392.507 -107.082 -0.431 0.177 0.503 0.728
3.724 -392.445 -107.317 -0.432 0.179 0.508 0.724
3.254 -392.389 -107.549 -0.432 0.181 0.513 0.719
2.781 -392.340 -107.778 -0.433 0.182 0.518 0.715
2.305 -392.296 -108.003 -0.433 0.184 0.523 0.710
1.828 -392.258 -108.224 -0.434 0.185 0.528 0.706
1.349 -392.227 -108.442 -0.434 0.187 0.533 0.701
0.866 -392.202 -108.657 -0.435 0.189 0.539 0.697
0.382 -392.183 -108.868 -0.435 0.190 0.544 0.692
-0.102 -392.171 -109.074 -0.436 0.191 0.549 0.687
-0.589 -392.164 -109.278 -0.436 0.193 0.554 0.683
-1.077 -392.164 -109.478 -0.437 0.194 0.559 0.678
-1.566 -392.171 -109.674 -0.438 0.196 0.563 0.673
-2.058 -392.183 -109.866 -0.438 0.197 0.568 0.668
-2.550 -392.202 -110.055 -0.439 0.198 0.573 0.663
-3.042 -392.228 -110.240 -0.439 0.199 0.578 0.658
-3.536 -392.259 -110.422 -0.440 0.200 0.583 0.653
-4.030 -392.298 -110.599 -0.440 0.202 0.588 0.648
-4.525 -392.342 -110.774 -0.441 0.203 0.592 0.643
-5.021 -392.393 -110.944 -0.442 0.204 0.597 0.638
-5.517 -392.451 -111.111 -0.442 0.205 0.602 0.633
-6.014 -392.515 -111.275 -0.443 0.206 0.606 0.628
-6.510 -392.585 -111.434 -0.444 0.207 0.611 0.623
-7.007 -392.662 -111.590 -0.444 0.207 0.615 0.617
-7.505 -392.745 -111.743 -0.445 0.208 0.620 0.612
-8.002 -392.835 -111.892 -0.445 0.209 0.624 0.607
-8.500 -392.931 -112.037 -0.446 0.210 0.629 0.601
-8.996 -393.034 -112.179 -0.447 0.211 0.633 0.596
-9.491 -393.143 -112.317 -0.447 0.211 0.638 0.591
-9.987 -393.258 -112.451 -0.448 0.212 0.642 0.585
-10.481 -393.380 -112.582 -0.449 0.213 0.646 0.580
-10.976 -393.508 -112.709 -0.449 0.213 0.650 0.574
-11.470 -393.643 -112.833 -0.450 0.214 0.655 0.569
-11.964 -393.784 -112.954 -0.450 0.214 0.659 0.563
-12.456 -393.931 -113.071 -0.451 0.215 0.663 0.558
-12.946 -394.085 -113.184 -0.452 0.215 0.667 0.552
-13.436 -394.245 -113.294 -0.452 0.216 0.671 0.547
-13.925 -394.411 -113.400 -0.453 0.216 0.675 0.541
-14.412 -394.583 -113.503 -0.453 0.216 0.679 0.536
-14.899 -394.761 -113.603 -0.454 0.217 0.683 0.530
-15.383 -394.946 -113.699 -0.454 0.217 0.687 0.525
-15.866 -395.136 -113.791 -0.455 0.217 0.690 0.519
-16.347 -395.333 -113.881 -0.456 0.217 0.694 0.513
-16.828 -395.536 -113.967 -0.456 0.218 0.698 0.508
-17.306 -395.745 -114.049 -0.457 0.218 0.701 0.502
-17.782 -395.959 -114.128 -0.457 0.218 0.705 0.497
-18.255 -396.180 -114.204 -0.458 0.218 0.709 0.491
-18.727 -396.406 -114.276 -0.458 0.218 0.712 0.485
-19.197 -396.638 -114.346 -0.459 0.218 0.715 0.480
-19.666 -396.877 -114.412 -0.459 0.218 0.719 0.474
-20.132 -397.120 -114.475 -0.460 0.218 0.722 0.469
-20.596 -397.370 -114.535 -0.460 0.218 0.726 0.463
-21.058 -397.626 -114.591 -0.460 0.218 0.729 0.457
-21.517 -397.887 -114.645 -0.461 0.218 0.732 0.452
-21.974 -398.154 -114.695 -0.461 0.218 0.735 0.446
-22.427 -398.426 -114.742 -0.462 0.218 0.738 0.441
-22.879 -398.704 -114.786 -0.462 0.217 0.741 0.435
-23.328 -398.987 -114.827 -0.463 0.217 0.745 0.430
-23.775 -399.276 -114.865 -0.463 0.217 0.748 0.424
-24.218 -399.569 -114.900 -0.463 0.217 0.750 0.419
-24.658 -399.868 -114.932 -0.464 0.216 0.753 0.413
-25.097 -400.173 -114.961 -0.464 0.216 0.756 0.408
-25.532 -400.483 -114.988 -0.465 0.215 0.759 0.402
-25.964 -400.798 -115.011 -0.465 0.215 0.762 0.397
-26.394 -401.118 -115.032 -0.465 0.215 0.765 0.391
-26.820 -401.444 -115.049 -0.466 0.214 0.767 0.386
-27.243 -401.774 -115.064 -0.466 0.214 0.770 0.380
-27.663 -402.110 -115.077 -0.466 0.213 0.772 0.375
-28.080 -402.450 -115.086 -0.467 0.213 0.775 0.369
-28.495 -402.796 -115.093 -0.467 0.212 0.778 0.364
-28.906 -403.147 -115.097 -0.467 0.211 0.780 0.359
-29.314 -403.503 -115.099 -0.467 0.211 0.782 0.353
-29.719 -403.864 -115.097 -0.468 0.210 0.785 0.348
-30.121 -404.230 -115.094 -0.468 0.210 0.787 0.343
-30.520 -404.601 -115.088 -0.468 0.209 0.789 0.338
-30.914 -404.976 -115.079 -0.468 0.208 0.792 0.332
-31.306 -405.356 -115.068 -0.469 0.207 0.794 0.327
-31.694 -405.742 -115.054 -0.469 0.207 0.796 0.322
-32.080 -406.132 -115.038 -0.469 0.206 0.798 0.317
-32.462 -406.527 -115.019 -0.469 0.205 0.800 0.311
-32.840 -406.926 -114.998 -0.470 0.204 0.802 0.306
-33.214 -407.330 -114.975 -0.470 0.203 0.804 0.301
-33.586 -407.738 -114.950 -0.470 0.202 0.806 0.296
-33.953 -408.151 -114.922 -0.470 0.202 0.808 0.291
-34.318 -408.569 -114.892 -0.470 0.201 0.810 0.286
-34.678 -408.991 -114.860 -0.471 0.200 0.812 0.281
-35.035 -409.418 -114.825 -0.471 0.199 0.814 0.276
-35.388 -409.849 -114.789 -0.471 0.198 0.816 0.271
-35.737 -410.283 -114.750 -0.471 0.197 0.818 0.266
-36.084 -410.724 -114.710 -0.471 0.196 0.819 0.261
-36.426 -411.168 -114.667 -0.471 0.195 0.821 0.257
-36.765 -411.617 -114.622 -0.472 0.194 0.823 0.252
-37.101 -412.070 -114.575 -0.472 0.193 0.824 0.247
-37.432 -412.527 -114.526 -0.472 0.192 0.826 0.242
-37.759 -412.988 -114.475 -0.472 0.190 0.827 0.237
-38.083 -413.454 -114.423 -0.472 0.189 0.829 0.233
-38.402 -413.922 -114.368 -0.472 0.188 0.830 0.228
-38.717 -414.395 -114.312 -0.472 0.187 0.832 0.223
-39.030 -414.872 -114.254 -0.472 0.186 0.833 0.219
-39.338 -415.354 -114.194 -0.472 0.185 0.835 0.214
-39.643 -415.841 -114.132 -0.473 0.183 0.836 0.210
-39.943 -416.330 -114.068 -0.473 0.182 0.837 0.205
-40.241 -416.825 -114.003 -0.473 0.181 0.839 0.201
-40.534 -417.323 -113.936 -0.473 0.180 0.840 0.196
-40.822 -417.824 -113.867 -0.473 0.179 0.841 0.192
