24.701 -457.950 -70.113 -0.002 0.000 -0.002 1.000
24.705 -457.339 -70.116 -0.004 0.000 -0.004 1.000
24.712 -456.728 -70.122 -0.006 0.000 -0.007 1.000
24.721 -456.115 -70.131 -0.008 0.000 -0.009 1.000
24.734 -455.503 -70.142 -0.010 0.000 -0.011 1.000
24.749 -454.891 -70.156 -0.012 0.000 -0.013 1.000
24.766 -454.278 -70.173 -0.015 0.000 -0.015 1.000
24.787 -453.666 -70.192 -0.017 0.000 -0.018 1.000
24.810 -453.053 -70.215 -0.020 0.000 -0.020 1.000
24.835 -452.441 -70.240 -0.022 0.000 -0.022 1.000
24.863 -451.830 -70.269 -0.024 0.000 -0.024 0.999
24.893 -451.217 -70.300 -0.027 0.000 -0.026 0.999
24.926 -450.605 -70.335 -0.030 0.000 -0.028 0.999
24.961 -449.994 -70.373 -0.032 0.000 -0.030 0.999
24.999 -449.382 -70.415 -0.035 0.000 -0.031 0.999
25.038 -448.772 -70.459 -0.038 0.000 -0.033 0.999
25.080 -448.163 -70.508 -0.041 0.000 -0.035 0.999
25.124 -447.554 -70.559 -0.044 0.000 -0.037 0.998
25.169 -446.945 -70.615 -0.047 0.000 -0.038 0.998
25.217 -446.336 -70.674 -0.050 0.000 -0.040 0.998
25.266 -445.729 -70.736 -0.053 0.000 -0.041 0.998
25.317 -445.123 -70.803 -0.056 0.000 -0.042 0.998
25.370 -444.518 -70.873 -0.059 0.000 -0.044 0.997
25.424 -443.913 -70.948 -0.062 0.001 -0.045 0.997
25.479 -443.311 -71.026 -0.066 0.001 -0.046 0.997
25.536 -442.708 -71.108 -0.069 0.001 -0.047 0.996
25.594 -442.107 -71.194 -0.073 0.001 -0.048 0.996
25.652 -441.508 -71.285 -0.076 0.001 -0.049 0.996
25.712 -440.909 -71.379 -0.080 0.001 -0.050 0.996
25.772 -440.313 -71.478 -0.083 0.001 -0.050 0.995
25.833 -439.719 -71.581 -0.087 0.001 -0.051 0.995
25.894 -439.126 -71.688 -0.091 0.001 -0.051 0.995
25.956 -438.535 -71.799 -0.094 0.002 -0.052 0.994
26.018 -437.946 -71.915 -0.098 0.002 -0.052 0.994
26.080 -437.359 -72.035 -0.102 0.002 -0.052 0.993
26.142 -436.773 -72.160 -0.106 0.002 -0.052 0.993
26.204 -436.190 -72.288 -0.110 0.002 -0.052 0.993
26.265 -435.609 -72.421 -0.114 0.003 -0.052 0.992
26.326 -435.030 -72.559 -0.118 0.003 -0.052 0.992
26.387 -434.452 -72.701 -0.122 0.003 -0.051 0.991
26.446 -433.877 -72.847 -0.126 0.003 -0.051 0.991
26.505 -433.305 -72.998 -0.130 0.004 -0.050 0.990
26.563 -432.735 -73.153 -0.134 0.004 -0.049 0.990
26.619 -432.166 -73.313 -0.138 0.004 -0.048 0.989
26.675 -431.601 -73.476 -0.142 0.005 -0.048 0.989
26.729 -431.038 -73.645 -0.146 0.005 -0.046 0.988
26.781 -430.478 -73.817 -0.150 0.005 -0.045 0.988
26.832 -429.921 -73.994 -0.155 0.006 -0.044 0.987
26.881 -429.366 -74.176 -0.159 0.006 -0.043 0.986
26.928 -428.814 -74.362 -0.163 0.006 -0.041 0.986
26.973 -428.265 -74.552 -0.167 0.007 -0.040 0.985
27.016 -427.719 -74.746 -0.172 0.007 -0.038 0.984
27.057 -427.176 -74.945 -0.176 0.008 -0.036 0.984
27.095 -426.635 -75.148 -0.180 0.008 -0.034 0.983
27.131 -426.099 -75.355 -0.185 0.009 -0.032 0.982
27.163 -425.565 -75.566 -0.189 0.009 -0.030 0.981
27.194 -425.036 -75.781 -0.193 0.010 -0.028 0.981
27.221 -424.510 -76.000 -0.198 0.011 -0.025 0.980
27.245 -423.987 -76.223 -0.202 0.011 -0.023 0.979
27.266 -423.467 -76.451 -0.207 0.012 -0.020 0.978
27.284 -422.951 -76.682 -0.211 0.012 -0.017 0.977
27.298 -422.439 -76.917 -0.215 0.013 -0.014 0.976
27.309 -421.931 -77.155 -0.220 0.014 -0.011 0.975
27.316 -421.427 -77.398 -0.224 0.015 -0.008 0.974
27.320 -420.927 -77.644 -0.229 0.015 -0.005 0.973
27.319 -420.429 -77.894 -0.233 0.016 -0.002 0.972
27.315 -419.937 -78.147 -0.237 0.017 0.001 0.971
27.307 -419.448 -78.404 -0.242 0.018 0.005 0.970
27.295 -418.963 -78.665 -0.246 0.019 0.009 0.969
27.279 -418.482 -78.929 -0.251 0.020 0.012 0.968
27.258 -418.004 -79.196 -0.255 0.020 0.016 0.967
27.233 -417.531 -79.467 -0.259 0.021 0.020 0.965
27.204 -417.061 -79.742 -0.264 0.022 0.024 0.964
27.170 -416.595 -80.020 -0.268 0.023 0.028 0.963
27.132 -416.133 -80.301 -0.272 0.024 0.032 0.961
27.089 -415.674 -80.586 -0.277 0.025 0.036 0.960
27.041 -415.221 -80.873 -0.281 0.026 0.041 0.959
26.989 -414.770 -81.163 -0.285 0.027 0.045 0.957
26.931 -414.325 -81.457 -0.289 0.029 0.050 0.956
26.869 -413.882 -81.754 -0.293 0.030 0.054 0.954
26.802 -413.442 -82.054 -0.297 0.031 0.059 0.952
26.729 -413.007 -82.357 -0.301 0.032 0.064 0.951
26.651 -412.576 -82.663 -0.305 0.033 0.068 0.949
26.569 -412.149 -82.971 -0.309 0.034 0.073 0.947
26.481 -411.726 -83.282 -0.313 0.036 0.078 0.946
26.387 -411.307 -83.596 -0.317 0.037 0.083 0.944
26.289 -410.892 -83.912 -0.321 0.038 0.088 0.942
26.185 -410.481 -84.231 -0.325 0.040 0.093 0.940
26.075 -410.074 -84.552 -0.328 0.041 0.099 0.938
25.960 -409.671 -84.875 -0.332 0.042 0.104 0.937
25.839 -409.272 -85.201 -0.336 0.044 0.109 0.935
25.713 -408.876 -85.529 -0.339 0.045 0.115 0.933
25.580 -408.485 -85.859 -0.342 0.047 0.120 0.931
25.443 -408.098 -86.190 -0.346 0.048 0.125 0.929
25.299 -407.715 -86.524 -0.349 0.050 0.131 0.927
25.150 -407.336 -86.859 -0.352 0.051 0.137 0.924
24.995 -406.962 -87.195 -0.355 0.053 0.142 0.922
24.834 -406.591 -87.534 -0.358 0.054 0.148 0.920
24.667 -406.225 -87.874 -0.361 0.056 0.153 0.918
24.495 -405.862 -88.215 -0.364 0.057 0.159 0.916
24.316 -405.504 -88.557 -0.367 0.059 0.165 0.914
24.132 -405.150 -88.900 -0.370 0.061 0.171 0.911
23.941 -404.800 -89.245 -0.372 0.062 0.176 0.909
23.745 -404.455 -89.590 -0.375 0.064 0.182 0.907
23.543 -404.114 -89.936 -0.377 0.066 0.188 0.904
23.334 -403.777 -90.282 -0.380 0.068 0.194 0.902
23.120 -403.443 -90.630 -0.382 0.069 0.200 0.900
22.899 -403.114 -90.978 -0.384 0.071 0.206 0.897
22.673 -402.790 -91.326 -0.387 0.073 0.212 0.895
22.441 -402.470 -91.674 -0.389 0.075 0.217 0.892
22.203 -402.154 -92.022 -0.391 0.077 0.223 0.890
21.958 -401.843 -92.371 -0.393 0.079 0.229 0.887
21.708 -401.536 -92.719 -0.394 0.081 0.235 0.885
21.452 -401.233 -93.067 -0.396 0.083 0.241 0.882
21.189 -400.935 -93.415 -0.398 0.085 0.247 0.879
20.921 -400.640 -93.762 -0.400 0.087 0.253 0.877
20.647 -400.351 -94.109 -0.401 0.089 0.259 0.874
20.367 -400.067 -94.455 -0.403 0.091 0.265 0.871
20.082 -399.787 -94.799 -0.404 0.093 0.271 0.869
19.791 -399.512 -95.143 -0.406 0.095 0.277 0.866
19.495 -399.241 -95.485 -0.407 0.097 0.283 0.863
19.192 -398.975 -95.826 -0.408 0.099 0.289 0.860
18.883 -398.713 -96.167 -0.410 0.101 0.295 0.857
18.569 -398.456 -96.506 -0.411 0.103 0.301 0.854
18.250 -398.204 -96.844 -0.412 0.105 0.307 0.852
17.925 -397.957 -97.180 -0.413 0.107 0.313 0.849
17.595 -397.714 -97.515 -0.414 0.109 0.319 0.846
17.260 -397.477 -97.846 -0.415 0.111 0.324 0.843
16.919 -397.244 -98.177 -0.416 0.114 0.330 0.840
16.573 -397.015 -98.506 -0.417 0.116 0.336 0.837
16.221 -396.792 -98.832 -0.417 0.118 0.342 0.834
15.866 -396.574 -99.156 -0.418 0.120 0.348 0.831
15.504 -396.360 -99.478 -0.419 0.122 0.354 0.827
15.139 -396.152 -99.797 -0.419 0.125 0.359 0.824
14.768 -395.948 -100.113 -0.420 0.127 0.365 0.821
14.392 -395.749 -100.428 -0.420 0.129 0.371 0.818
14.011 -395.555 -100.740 -0.421 0.131 0.377 0.815
13.626 -395.366 -101.049 -0.421 0.133 0.382 0.812
13.237 -395.183 -101.354 -0.422 0.136 0.388 0.808
12.844 -395.005 -101.657 -0.422 0.138 0.394 0.805
12.445 -394.831 -101.958 -0.423 0.140 0.399 0.801
12.043 -394.663 -102.255 -0.423 0.142 0.405 0.798
11.635 -394.499 -102.550 -0.424 0.144 0.410 0.795
11.224 -394.341 -102.842 -0.424 0.146 0.416 0.791
10.808 -394.188 -103.131 -0.425 0.148 0.422 0.787
10.388 -394.041 -103.417 -0.425 0.150 0.427 0.784
9.965 -393.899 -103.699 -0.426 0.152 0.433 0.780
9.538 -393.763 -103.979 -0.426 0.154 0.438 0.776
9.107 -393.632 -104.256 -0.426 0.156 0.444 0.773
8.672 -393.506 -104.529 -0.427 0.158 0.449 0.769
8.234 -393.387 -104.799 -0.427 0.160 0.455 0.765
7.792 -393.273 -105.066 -0.428 0.162 0.460 0.761
7.347 -393.164 -105.329 -0.428 0.164 0.465 0.757
6.899 -393.062 -105.589 -0.429 0.166 0.471 0.753
6.448 -392.965 -105.846 -0.429 0.168 0.476 0.749
5.992 -392.873 -106.100 -0.430 0.170 0.482 0.745
5.534 -392.788 -106.350 -0.430 0.172 0.487 0.741
5.074 -392.709 -106.597 -0.431 0.173 0.492 0.736
4.610 -392.635 -106.840 -0.431 0.175 0.497 0.732
4.145 -392.568 -107.079 -0.432 0.177 0.503 0.728
3.676 -392.507 -107.316 -0.432 0.179 0.508 0.723
3.207 -392.451 -107.548 -0.433 0.180 0.513 0.719
2.733 -392.402 -107.777 -0.433 0.182 0.518 0.715
2.258 -392.359 -108.002 -0.434 0.183 0.523 0.710
1.781 -392.322 -108.224 -0.434 0.185 0.528 0.706
1.302 -392.291 -108.443 -0.435 0.186 0.534 0.701
0.820 -392.267 -108.658 -0.435 0.188 0.539 0.696
0.338 -392.248 -108.868 -0.436 0.189 0.544 0.692
-0.147 -392.236 -109.076 -0.436 0.191 0.549 0.687
-0.633 -392.230 -109.280 -0.437 0.192 0.554 0.682
-1.120 -392.231 -109.480 -0.438 0.194 0.559 0.678
-1.609 -392.238 -109.677 -0.438 0.195 0.563 0.673
-2.100 -392.251 -109.871 -0.439 0.196 0.568 0.668
-2.592 -392.270 -110.060 -0.439 0.197 0.573 0.663
-3.085 -392.296 -110.246 -0.440 0.199 0.578 0.658
-3.577 -392.329 -110.428 -0.441 0.200 0.583 0.653
-4.072 -392.367 -110.607 -0.441 0.201 0.587 0.648
-4.567 -392.413 -110.782 -0.442 0.202 0.592 0.643
-5.061 -392.464 -110.953 -0.442 0.203 0.597 0.638
-5.557 -392.522 -111.121 -0.443 0.204 0.602 0.633
-6.054 -392.587 -111.285 -0.444 0.205 0.606 0.627
-6.552 -392.658 -111.446 -0.444 0.206 0.611 0.622
-7.048 -392.735 -111.603 -0.445 0.207 0.615 0.617
-7.544 -392.819 -111.756 -0.446 0.208 0.620 0.612
-8.042 -392.910 -111.906 -0.446 0.208 0.624 0.606
-8.538 -393.006 -112.052 -0.447 0.209 0.629 0.601
-9.034 -393.110 -112.195 -0.448 0.210 0.633 0.596
-9.530 -393.219 -112.334 -0.448 0.211 0.637 0.590
-10.026 -393.335 -112.470 -0.449 0.211 0.642 0.585
-10.520 -393.458 -112.601 -0.449 0.212 0.646 0.580
-11.014 -393.587 -112.730 -0.450 0.212 0.650 0.574
-11.507 -393.721 -112.855 -0.451 0.213 0.654 0.569
-12.000 -393.863 -112.976 -0.451 0.213 0.658 0.563
-12.492 -394.011 -113.094 -0.452 0.214 0.663 0.558
-12.982 -394.165 -113.208 -0.453 0.214 0.667 0.552
-13.471 -394.326 -113.319 -0.453 0.215 0.671 0.547
-13.959 -394.492 -113.427 -0.454 0.215 0.675 0.541
-14.448 -394.666 -113.531 -0.454 0.215 0.679 0.535
-14.933 -394.845 -113.632 -0.455 0.216 0.682 0.530
-15.418 -395.030 -113.729 -0.455 0.216 0.686 0.524
-15.900 -395.221 -113.823 -0.456 0.216 0.690 0.519
-16.381 -395.418 -113.913 -0.457 0.217 0.694 0.513
-16.860 -395.621 -114.000 -0.457 0.217 0.697 0.508
-17.338 -395.831 -114.084 -0.458 0.217 0.701 0.502
-17.813 -396.046 -114.164 -0.458 0.217 0.705 0.496
-18.285 -396.266 -114.241 -0.459 0.217 0.708 0.491
-18.757 -396.493 -114.315 -0.459 0.217 0.712 0.485
-19.227 -396.727 -114.386 -0.460 0.217 0.715 0.480
-19.695 -396.965 -114.453 -0.460 0.217 0.719 0.474
-20.160 -397.209 -114.517 -0.461 0.217 0.722 0.468
-20.623 -397.460 -114.578 -0.461 0.217 0.725 0.463
-21.083 -397.715 -114.636 -0.462 0.217 0.728 0.457
-21.542 -397.977 -114.691 -0.462 0.217 0.732 0.452
-21.998 -398.244 -114.742 -0.463 0.217 0.735 0.446
-22.452 -398.517 -114.791 -0.463 0.216 0.738 0.441
-22.903 -398.796 -114.836 -0.463 0.216 0.741 0.435
-23.352 -399.080 -114.879 -0.464 0.216 0.744 0.430
-23.797 -399.369 -114.918 -0.464 0.216 0.747 0.424
-24.241 -399.664 -114.955 -0.465 0.215 0.750 0.418
-24.681 -399.963 -114.989 -0.465 0.215 0.753 0.413
-25.119 -400.269 -115.019 -0.466 0.215 0.756 0.407
-25.554 -400.580 -115.047 -0.466 0.214 0.759 0.402
-25.986 -400.896 -115.072 -0.466 0.214 0.761 0.396
-26.416 -401.217 -115.095 -0.467 0.213 0.764 0.391
-26.843 -401.544 -115.114 -0.467 0.213 0.767 0.386
-27.266 -401.876 -115.131 -0.467 0.212 0.769 0.380
-27.686 -402.213 -115.145 -0.468 0.212 0.772 0.375
-28.102 -402.554 -115.156 -0.468 0.211 0.775 0.369
-28.517 -402.901 -115.164 -0.468 0.211 0.777 0.364
-28.927 -403.252 -115.170 -0.469 0.210 0.780 0.359
-29.335 -403.610 -115.173 -0.469 0.209 0.782 0.353
-29.739 -403.972 -115.174 -0.469 0.209 0.784 0.348
-30.141 -404.339 -115.172 -0.470 0.208 0.787 0.343
-30.539 -404.712 -115.168 -0.470 0.207 0.789 0.337
-30.934 -405.088 -115.161 -0.470 0.207 0.791 0.332
-31.325 -405.469 -115.152 -0.470 0.206 0.793 0.327
-31.713 -405.856 -115.140 -0.471 0.205 0.796 0.322
-32.097 -406.246 -115.126 -0.471 0.204 0.798 0.316
-32.478 -406.642 -115.109 -0.471 0.203 0.800 0.311
-32.856 -407.042 -115.090 -0.471 0.203 0.802 0.306
-33.229 -407.446 -115.069 -0.472 0.202 0.804 0.301
-33.600 -407.856 -115.046 -0.472 0.201 0.806 0.296
-33.966 -408.269 -115.020 -0.472 0.200 0.808 0.291
-34.330 -408.688 -114.992 -0.472 0.199 0.810 0.286
-34.690 -409.111 -114.962 -0.472 0.198 0.812 0.281
-35.046 -409.539 -114.930 -0.473 0.197 0.813 0.276
-35.398 -409.970 -114.895 -0.473 0.196 0.815 0.271
-35.747 -410.407 -114.859 -0.473 0.195 0.817 0.266
-36.091 -410.846 -114.820 -0.473 0.194 0.819 0.261
-36.432 -411.291 -114.780 -0.473 0.193 0.820 0.256
-36.771 -411.741 -114.737 -0.474 0.192 0.822 0.252
-37.104 -412.194 -114.693 -0.474 0.191 0.824 0.247
-37.435 -412.653 -114.647 -0.474 0.190 0.825 0.242
-37.762 -413.116 -114.598 -0.474 0.188 0.827 0.237
-38.084 -413.581 -114.548 -0.474 0.187 0.828 0.233
-38.403 -414.051 -114.496 -0.474 0.186 0.830 0.228
-38.718 -414.526 -114.442 -0.474 0.185 0.831 0.223
-39.029 -415.004 -114.387 -0.475 0.184 0.833 0.219
-39.337 -415.487 -114.330 -0.475 0.182 0.834 0.214
-39.640 -415.974 -114.271 -0.475 0.181 0.835 0.210
-39.940 -416.465 -114.210 -0.475 0.180 0.837 0.205
-40.236 -416.960 -114.147 -0.475 0.179 0.838 0.201
-40.527 -417.459 -114.084 -0.475 0.177 0.839 0.196
-40.815 -417.961 -114.018 -0.475 0.176 0.841 0.192
-41.098 -418.468 -113.951 -0.475 0.175 0.842 0.187
-41.378 -418.978 -113.882 -0.475 0.173 0.843 0.183
-41.653 -419.492 -113.812 -0.475 0.172 0.844 0.179
-41.925 -420.009 -113.741 -0.475 0.171 0.845 0.174
-42.192 -420.530 -113.668 -0.475 0.169 0.846 0.170
-42.455 -421.055 -113.594 -0.475 0.168 0.847 0.166
-42.714 -421.584 -113.518 -0.476 0.166 0.849 0.162
-42.969 -422.115 -113.441 -0.476 0.165 0.850 0.158
-43.220 -422.651 -113.363 -0.476 0.163 0.851 0.153
-43.467 -423.190 -113.283 -0.476 0.162 0.852 0.149
-43.709 -423.732 -113.202 -0.476 0.161 0.853 0.145
-43.947 -424.278 -113.120 -0.476 0.159 0.854 0.141
-44.181 -424.828 -113.037 -0.476 0.158 0.854 0.137
-44.410 -425.379 -112.953 -0.476 0.156 0.855 0.133
-44.636 -425.935 -112.867 -0.476 0.155 0.856 0.129
-44.857 -426.494 -112.780 -0.476 0.153 0.857 0.125
-45.073 -427.055 -112.693 -0.476 0.152 0.858 0.121
-45.284 -427.618 -112.604 -0.476 0.150 0.859 0.117
-45.492 -428.185 -112.515 -0.476 0.148 0.860 0.113
-45.694 -428.756 -112.424 -0.476 0.147 0.860 0.109
-45.893 -429.329 -112.332 -0.476 0.145 0.861 0.105
-46.086 -429.903 -112.240 -0.475 0.144 0.862 0.101
-46.275 -430.482 -112.146 -0.475 0.142 0.863 0.097
-46.460 -431.063 -112.052 -0.475 0.140 0.863 0.093
-46.640 -431.647 -111.956 -0.475 0.139 0.864 0.090
-46.815 -432.234 -111.860 -0.475 0.137 0.865 0.086
