24.700 -457.905 -70.114 -0.003 0.000 -0.001 1.000
24.702 -457.294 -70.120 -0.007 0.000 -0.002 1.000
24.705 -456.680 -70.131 -0.010 0.000 -0.003 1.000
24.710 -456.064 -70.146 -0.014 0.000 -0.005 1.000
24.716 -455.445 -70.165 -0.017 0.000 -0.006 1.000
24.726 -454.822 -70.189 -0.021 0.000 -0.009 1.000
24.738 -454.198 -70.218 -0.024 0.000 -0.011 1.000
24.753 -453.572 -70.250 -0.028 0.000 -0.013 1.000
24.772 -452.945 -70.287 -0.031 0.000 -0.016 0.999
24.794 -452.316 -70.329 -0.035 0.000 -0.019 0.999
24.820 -451.687 -70.375 -0.038 0.000 -0.022 0.999
24.849 -451.057 -70.425 -0.042 0.000 -0.025 0.999
24.882 -450.428 -70.480 -0.045 0.000 -0.028 0.999
24.920 -449.798 -70.539 -0.048 0.000 -0.031 0.998
24.961 -449.170 -70.603 -0.052 0.000 -0.034 0.998
25.006 -448.543 -70.670 -0.055 0.000 -0.037 0.998
25.054 -447.917 -70.742 -0.059 0.000 -0.040 0.997
25.106 -447.294 -70.819 -0.062 0.000 -0.043 0.997
25.161 -446.673 -70.899 -0.066 0.000 -0.045 0.997
25.219 -446.054 -70.983 -0.069 0.000 -0.048 0.996
25.281 -445.437 -71.072 -0.073 0.000 -0.050 0.996
25.345 -444.824 -71.164 -0.076 0.000 -0.052 0.996
25.411 -444.213 -71.260 -0.079 0.000 -0.054 0.995
25.479 -443.606 -71.360 -0.083 0.000 -0.056 0.995
25.549 -443.002 -71.464 -0.086 0.000 -0.058 0.995
25.621 -442.401 -71.572 -0.090 0.000 -0.059 0.994
25.694 -441.804 -71.683 -0.093 0.000 -0.060 0.994
25.767 -441.210 -71.799 -0.097 0.000 -0.061 0.993
25.841 -440.621 -71.917 -0.100 0.000 -0.062 0.993
25.916 -440.034 -72.040 -0.104 0.000 -0.062 0.993
25.991 -439.451 -72.166 -0.107 0.001 -0.063 0.992
26.065 -438.871 -72.295 -0.111 0.001 -0.063 0.992
26.139 -438.294 -72.428 -0.114 0.001 -0.062 0.991
26.212 -437.721 -72.565 -0.118 0.001 -0.062 0.991
26.284 -437.151 -72.705 -0.121 0.002 -0.061 0.991
26.355 -436.585 -72.848 -0.125 0.002 -0.061 0.990
26.424 -436.021 -72.995 -0.128 0.002 -0.059 0.990
26.492 -435.461 -73.145 -0.132 0.003 -0.058 0.990
26.558 -434.904 -73.299 -0.135 0.003 -0.057 0.989
26.621 -434.349 -73.456 -0.138 0.003 -0.055 0.989
26.683 -433.798 -73.616 -0.142 0.004 -0.054 0.988
26.742 -433.249 -73.780 -0.145 0.004 -0.052 0.988
26.799 -432.703 -73.947 -0.149 0.005 -0.050 0.988
26.853 -432.160 -74.118 -0.152 0.005 -0.048 0.987
26.904 -431.618 -74.292 -0.156 0.006 -0.045 0.987
26.953 -431.080 -74.469 -0.159 0.006 -0.043 0.986
26.998 -430.544 -74.649 -0.163 0.007 -0.040 0.986
27.041 -430.009 -74.833 -0.166 0.007 -0.038 0.985
27.080 -429.477 -75.020 -0.169 0.008 -0.035 0.985
27.116 -428.947 -75.211 -0.173 0.009 -0.032 0.984
27.148 -428.419 -75.404 -0.176 0.009 -0.029 0.984
27.177 -427.894 -75.601 -0.180 0.010 -0.026 0.983
27.203 -427.371 -75.802 -0.183 0.010 -0.023 0.983
27.225 -426.849 -76.005 -0.186 0.011 -0.020 0.982
27.243 -426.331 -76.212 -0.190 0.012 -0.017 0.982
27.257 -425.814 -76.422 -0.193 0.012 -0.014 0.981
27.268 -425.298 -76.635 -0.196 0.013 -0.011 0.980
27.275 -424.785 -76.851 -0.200 0.014 -0.007 0.980
27.277 -424.275 -77.071 -0.203 0.015 -0.004 0.979
27.276 -423.766 -77.294 -0.206 0.015 0.000 0.978
27.271 -423.259 -77.520 -0.210 0.016 0.003 0.978
27.262 -422.755 -77.748 -0.213 0.017 0.007 0.977
27.249 -422.253 -77.980 -0.216 0.017 0.010 0.976
27.231 -421.752 -78.215 -0.220 0.018 0.014 0.975
27.210 -421.254 -78.453 -0.223 0.019 0.018 0.974
27.184 -420.760 -78.694 -0.226 0.020 0.021 0.974
27.154 -420.267 -78.938 -0.229 0.021 0.025 0.973
27.119 -419.776 -79.184 -0.233 0.021 0.029 0.972
27.080 -419.289 -79.433 -0.236 0.022 0.033 0.971
27.037 -418.804 -79.685 -0.239 0.023 0.037 0.970
26.989 -418.322 -79.940 -0.242 0.024 0.041 0.969
26.937 -417.843 -80.197 -0.246 0.025 0.045 0.968
26.880 -417.366 -80.456 -0.249 0.026 0.049 0.967
26.819 -416.892 -80.719 -0.252 0.027 0.054 0.966
26.753 -416.421 -80.984 -0.255 0.027 0.058 0.965
26.682 -415.953 -81.251 -0.258 0.028 0.062 0.964
26.607 -415.488 -81.520 -0.261 0.029 0.066 0.963
26.527 -415.027 -81.791 -0.264 0.030 0.071 0.961
26.442 -414.569 -82.065 -0.267 0.031 0.075 0.960
26.352 -414.114 -82.341 -0.270 0.032 0.080 0.959
26.258 -413.662 -82.619 -0.273 0.033 0.085 0.958
26.158 -413.214 -82.899 -0.276 0.034 0.089 0.956
26.054 -412.769 -83.181 -0.279 0.035 0.094 0.955
25.944 -412.327 -83.464 -0.282 0.036 0.099 0.954
25.830 -411.890 -83.750 -0.285 0.037 0.104 0.952
25.710 -411.455 -84.037 -0.288 0.039 0.109 0.951
25.586 -411.025 -84.326 -0.291 0.040 0.114 0.949
25.456 -410.598 -84.617 -0.294 0.041 0.119 0.948
25.321 -410.174 -84.909 -0.297 0.042 0.124 0.946
25.180 -409.754 -85.203 -0.300 0.043 0.129 0.944
25.035 -409.339 -85.498 -0.303 0.044 0.134 0.943
24.884 -408.927 -85.795 -0.305 0.046 0.139 0.941
24.728 -408.519 -86.093 -0.308 0.047 0.145 0.939
24.566 -408.114 -86.392 -0.311 0.048 0.150 0.937
24.399 -407.714 -86.693 -0.313 0.049 0.155 0.935
24.226 -407.317 -86.995 -0.316 0.051 0.161 0.934
24.048 -406.925 -87.298 -0.319 0.052 0.166 0.932
23.865 -406.537 -87.602 -0.321 0.053 0.172 0.930
23.677 -406.154 -87.907 -0.324 0.055 0.178 0.928
23.482 -405.774 -88.212 -0.327 0.056 0.183 0.926
23.283 -405.400 -88.519 -0.329 0.057 0.189 0.923
23.078 -405.029 -88.825 -0.331 0.059 0.195 0.921
22.867 -404.663 -89.133 -0.334 0.060 0.200 0.919
22.652 -404.302 -89.441 -0.336 0.062 0.206 0.917
22.431 -403.946 -89.749 -0.339 0.063 0.212 0.915
22.204 -403.594 -90.057 -0.341 0.064 0.218 0.912
21.972 -403.247 -90.366 -0.343 0.066 0.224 0.910
21.735 -402.904 -90.675 -0.345 0.067 0.229 0.908
21.492 -402.567 -90.983 -0.347 0.069 0.235 0.905
21.244 -402.234 -91.292 -0.350 0.070 0.241 0.903
20.991 -401.906 -91.601 -0.352 0.072 0.247 0.900
20.732 -401.582 -91.910 -0.354 0.074 0.253 0.897
20.468 -401.264 -92.218 -0.356 0.075 0.259 0.895
20.199 -400.951 -92.526 -0.358 0.077 0.265 0.892
19.924 -400.642 -92.834 -0.360 0.078 0.271 0.889
19.644 -400.338 -93.142 -0.362 0.080 0.277 0.887
19.359 -400.039 -93.449 -0.363 0.081 0.283 0.884
19.068 -399.745 -93.756 -0.365 0.083 0.289 0.881
18.773 -399.456 -94.063 -0.367 0.085 0.295 0.878
18.471 -399.172 -94.369 -0.369 0.086 0.300 0.875
18.165 -398.893 -94.674 -0.371 0.088 0.306 0.872
17.854 -398.619 -94.979 -0.373 0.089 0.312 0.869
17.538 -398.350 -95.284 -0.374 0.091 0.318 0.866
17.216 -398.086 -95.587 -0.376 0.092 0.324 0.863
16.890 -397.828 -95.890 -0.378 0.094 0.330 0.860
16.559 -397.575 -96.192 -0.379 0.096 0.336 0.857
16.223 -397.327 -96.493 -0.381 0.097 0.342 0.854
15.883 -397.084 -96.793 -0.383 0.099 0.347 0.850
15.538 -396.847 -97.092 -0.384 0.100 0.353 0.847
15.188 -396.616 -97.390 -0.386 0.102 0.359 0.844
14.833 -396.389 -97.687 -0.387 0.103 0.365 0.840
14.474 -396.169 -97.983 -0.389 0.105 0.370 0.837
14.111 -395.954 -98.277 -0.391 0.107 0.376 0.834
13.743 -395.745 -98.571 -0.392 0.108 0.382 0.830
13.371 -395.541 -98.862 -0.394 0.110 0.387 0.826
12.995 -395.343 -99.153 -0.395 0.111 0.393 0.823
12.615 -395.151 -99.442 -0.397 0.113 0.399 0.819
12.230 -394.965 -99.729 -0.398 0.114 0.404 0.816
11.842 -394.784 -100.015 -0.399 0.116 0.410 0.812
11.449 -394.610 -100.299 -0.401 0.117 0.416 0.808
11.053 -394.441 -100.582 -0.402 0.119 0.421 0.804
10.653 -394.278 -100.863 -0.404 0.120 0.427 0.800
10.250 -394.121 -101.142 -0.405 0.122 0.432 0.797
9.843 -393.971 -101.419 -0.406 0.123 0.438 0.793
9.432 -393.826 -101.694 -0.408 0.125 0.443 0.789
9.018 -393.687 -101.968 -0.409 0.126 0.449 0.785
8.601 -393.555 -102.239 -0.410 0.127 0.454 0.781
8.180 -393.428 -102.508 -0.411 0.129 0.459 0.777
7.756 -393.308 -102.775 -0.413 0.130 0.465 0.773
7.329 -393.194 -103.041 -0.414 0.132 0.470 0.768
6.899 -393.086 -103.304 -0.415 0.133 0.475 0.764
6.465 -392.984 -103.565 -0.416 0.134 0.481 0.760
6.029 -392.888 -103.823 -0.418 0.136 0.486 0.756
5.590 -392.799 -104.080 -0.419 0.137 0.491 0.751
5.148 -392.716 -104.334 -0.420 0.139 0.496 0.747
4.703 -392.640 -104.586 -0.421 0.140 0.502 0.743
4.255 -392.569 -104.836 -0.422 0.141 0.507 0.738
3.805 -392.505 -105.083 -0.423 0.142 0.512 0.734
3.353 -392.448 -105.328 -0.425 0.144 0.517 0.729
2.898 -392.397 -105.571 -0.426 0.145 0.522 0.725
2.441 -392.352 -105.811 -0.427 0.146 0.527 0.720
1.981 -392.314 -106.049 -0.428 0.147 0.532 0.716
1.519 -392.282 -106.284 -0.429 0.149 0.537 0.711
1.055 -392.257 -106.517 -0.430 0.150 0.542 0.706
0.589 -392.238 -106.747 -0.431 0.151 0.547 0.702
0.122 -392.226 -106.974 -0.432 0.152 0.552 0.697
-0.348 -392.220 -107.199 -0.433 0.153 0.557 0.692
-0.820 -392.221 -107.422 -0.434 0.154 0.561 0.687
-1.293 -392.229 -107.642 -0.436 0.155 0.566 0.682
-1.768 -392.243 -107.859 -0.437 0.156 0.571 0.677
-2.244 -392.263 -108.073 -0.438 0.157 0.576 0.673
-2.721 -392.291 -108.284 -0.439 0.159 0.580 0.668
-3.200 -392.325 -108.493 -0.440 0.160 0.585 0.663
-3.679 -392.365 -108.698 -0.441 0.161 0.590 0.658
-4.159 -392.412 -108.901 -0.442 0.162 0.594 0.653
-4.640 -392.466 -109.100 -0.442 0.162 0.599 0.647
-5.122 -392.526 -109.297 -0.443 0.163 0.603 0.642
-5.603 -392.593 -109.490 -0.444 0.164 0.608 0.637
-6.086 -392.666 -109.681 -0.445 0.165 0.612 0.632
-6.569 -392.747 -109.868 -0.446 0.166 0.617 0.627
-7.053 -392.833 -110.052 -0.447 0.167 0.621 0.622
-7.536 -392.926 -110.233 -0.448 0.168 0.625 0.616
-8.019 -393.026 -110.411 -0.449 0.169 0.630 0.611
-8.503 -393.132 -110.586 -0.449 0.170 0.634 0.606
-8.986 -393.244 -110.757 -0.450 0.170 0.638 0.601
-9.469 -393.364 -110.925 -0.451 0.171 0.643 0.595
-9.952 -393.489 -111.090 -0.452 0.172 0.647 0.590
-10.434 -393.621 -111.251 -0.453 0.173 0.651 0.584
-10.916 -393.759 -111.409 -0.453 0.174 0.655 0.579
-11.397 -393.904 -111.563 -0.454 0.175 0.659 0.574
-11.878 -394.055 -111.714 -0.455 0.175 0.663 0.568
-12.358 -394.213 -111.862 -0.455 0.176 0.667 0.562
-12.836 -394.377 -112.006 -0.456 0.177 0.671 0.557
-13.314 -394.547 -112.146 -0.456 0.178 0.675 0.551
-13.790 -394.723 -112.283 -0.457 0.178 0.679 0.546
-14.265 -394.905 -112.416 -0.458 0.179 0.683 0.540
-14.739 -395.093 -112.545 -0.458 0.180 0.687 0.534
-15.211 -395.288 -112.671 -0.459 0.181 0.691 0.529
-15.683 -395.489 -112.793 -0.459 0.181 0.695 0.523
-16.152 -395.696 -112.911 -0.460 0.182 0.699 0.517
-16.620 -395.909 -113.026 -0.460 0.183 0.702 0.512
-17.086 -396.128 -113.137 -0.461 0.183 0.706 0.506
-17.550 -396.352 -113.244 -0.461 0.184 0.710 0.500
-18.012 -396.583 -113.347 -0.461 0.185 0.713 0.494
-18.472 -396.820 -113.446 -0.462 0.185 0.717 0.488
-18.930 -397.063 -113.542 -0.462 0.186 0.721 0.482
-19.386 -397.311 -113.634 -0.462 0.187 0.724 0.476
-19.840 -397.565 -113.722 -0.463 0.187 0.728 0.471
-20.291 -397.825 -113.806 -0.463 0.188 0.731 0.465
-20.740 -398.090 -113.886 -0.463 0.188 0.734 0.459
-21.186 -398.361 -113.962 -0.464 0.189 0.738 0.453
-21.630 -398.637 -114.035 -0.464 0.189 0.741 0.447
-22.072 -398.920 -114.103 -0.464 0.190 0.744 0.441
-22.510 -399.207 -114.168 -0.464 0.190 0.748 0.435
-22.946 -399.500 -114.230 -0.464 0.191 0.751 0.429
-23.380 -399.799 -114.287 -0.465 0.191 0.754 0.423
-23.810 -400.102 -114.341 -0.465 0.192 0.757 0.417
-24.238 -400.412 -114.390 -0.465 0.192 0.760 0.411
-24.662 -400.726 -114.437 -0.465 0.192 0.763 0.405
-25.084 -401.045 -114.479 -0.465 0.193 0.766 0.399
-25.503 -401.371 -114.518 -0.465 0.193 0.769 0.393
-25.919 -401.701 -114.553 -0.466 0.193 0.772 0.388
-26.331 -402.036 -114.585 -0.466 0.193 0.775 0.382
-26.740 -402.376 -114.612 -0.466 0.194 0.777 0.376
-27.147 -402.722 -114.637 -0.466 0.194 0.780 0.370
-27.550 -403.073 -114.658 -0.466 0.194 0.783 0.364
-27.950 -403.429 -114.675 -0.466 0.194 0.785 0.358
-28.346 -403.789 -114.689 -0.466 0.194 0.788 0.352
-28.740 -404.155 -114.700 -0.466 0.194 0.791 0.347
-29.130 -404.525 -114.708 -0.466 0.194 0.793 0.341
-29.517 -404.901 -114.712 -0.466 0.194 0.795 0.335
-29.900 -405.282 -114.713 -0.467 0.193 0.798 0.329
-30.280 -405.667 -114.710 -0.467 0.193 0.800 0.324
-30.657 -406.057 -114.705 -0.467 0.193 0.802 0.318
-31.030 -406.452 -114.696 -0.467 0.193 0.805 0.313
-31.400 -406.852 -114.685 -0.467 0.192 0.807 0.307
-31.766 -407.257 -114.671 -0.467 0.192 0.809 0.302
-32.129 -407.666 -114.654 -0.467 0.191 0.811 0.296
-32.489 -408.080 -114.634 -0.467 0.191 0.813 0.291
-32.845 -408.499 -114.611 -0.467 0.190 0.815 0.285
-33.197 -408.923 -114.586 -0.467 0.190 0.817 0.280
-33.546 -409.351 -114.558 -0.467 0.189 0.819 0.275
-33.891 -409.783 -114.527 -0.467 0.188 0.821 0.270
-34.233 -410.220 -114.494 -0.467 0.188 0.822 0.265
-34.571 -410.662 -114.459 -0.468 0.187 0.824 0.260
-34.905 -411.108 -114.421 -0.468 0.186 0.826 0.255
-35.235 -411.558 -114.382 -0.468 0.185 0.827 0.250
-35.562 -412.012 -114.340 -0.468 0.184 0.829 0.245
-35.885 -412.471 -114.296 -0.468 0.183 0.831 0.240
-36.204 -412.934 -114.250 -0.468 0.182 0.832 0.235
-36.519 -413.401 -114.202 -0.468 0.181 0.834 0.230
-36.831 -413.872 -114.152 -0.468 0.180 0.835 0.226
-37.138 -414.347 -114.100 -0.468 0.179 0.837 0.221
-37.442 -414.826 -114.047 -0.469 0.178 0.838 0.216
-37.741 -415.309 -113.992 -0.469 0.176 0.839 0.212
-38.037 -415.795 -113.936 -0.469 0.175 0.841 0.207
-38.329 -416.285 -113.878 -0.469 0.174 0.842 0.203
-38.616 -416.778 -113.819 -0.469 0.172 0.843 0.199
-38.899 -417.276 -113.759 -0.469 0.171 0.844 0.194
-39.179 -417.777 -113.697 -0.469 0.169 0.846 0.190
-39.454 -418.281 -113.634 -0.469 0.168 0.847 0.186
-39.724 -418.788 -113.570 -0.470 0.166 0.848 0.182
-39.991 -419.298 -113.505 -0.470 0.165 0.849 0.177
-40.253 -419.811 -113.439 -0.470 0.163 0.850 0.173
-40.511 -420.328 -113.372 -0.470 0.162 0.851 0.169
-40.765 -420.848 -113.304 -0.470 0.160 0.852 0.165
-41.014 -421.370 -113.235 -0.470 0.158 0.853 0.161
-41.259 -421.895 -113.166 -0.470 0.157 0.854 0.157
-41.500 -422.423 -113.096 -0.470 0.155 0.855 0.153
-41.736 -422.954 -113.025 -0.471 0.153 0.856 0.149
-41.968 -423.486 -112.953 -0.471 0.151 0.857 0.145
-42.195 -424.022 -112.882 -0.471 0.149 0.858 0.142
-42.418 -424.560 -112.809 -0.471 0.148 0.859 0.138
-42.636 -425.100 -112.736 -0.471 0.146 0.860 0.134
-42.850 -425.643 -112.663 -0.471 0.144 0.860 0.130
-43.059 -426.187 -112.589 -0.471 0.142 0.861 0.126
-43.264 -426.734 -112.515 -0.471 0.140 0.862 0.123
-43.464 -427.283 -112.441 -0.471 0.138 0.863 0.119
-43.659 -427.834 -112.367 -0.472 0.136 0.864 0.115
-43.850 -428.388 -112.292 -0.472 0.134 0.864 0.112
-44.037 -428.943 -112.217 -0.472 0.132 0.865 0.108
-44.218 -429.501 -112.141 -0.472 0.130 0.866 0.104
-44.396 -430.060 -112.066 -0.472 0.128 0.866 0.101
-44.568 -430.620 -111.990 -0.472 0.126 0.867 0.097
-44.736 -431.182 -111.915 -0.472 0.124 0.868 0.093
-44.899 -431.746 -111.839 -0.472 0.122 0.868 0.090
-45.057 -432.312 -111.764 -0.472 0.120 0.869 0.086
-45.211 -432.878 -111.688 -0.472 0.118 0.870 0.083
-45.360 -433.447 -111.612 -0.472 0.116 0.870 0.079
-45.504 -434.017 -111.536 -0.472 0.114 0.871 0.075
-45.643 -434.588 -111.460 -0.472 0.112 0.871 0.072
-45.778 -435.160 -111.385 -0.472 0.110 0.872 0.068
-45.907 -435.734 -111.309 -0.472 0.108 0.872 0.064
-46.032 -436.309 -111.233 -0.472 0.106 0.873 0.061
-46.152 -436.885 -111.157 -0.472 0.104 0.874 0.057
-46.267 -437.462 -111.081 -0.472 0.102 0.874 0.053
-46.377 -438.041 -111.005 -0.472 0.100 0.874 0.050
-46.482 -438.621 -110.929 -0.472 0.098 0.875 0.046
-46.582 -439.201 -110.853 -0.472 0.096 0.875 0.042
-46.678 -439.783 -110.777 -0.472 0.094 0.876 0.039
-46.768 -440.365 -110.701 -0.472 0.092 0.876 0.035
-46.853 -440.948 -110.624 -0.472 0.090 0.877 0.031
-46.933 -441.532 -110.548 -0.472 0.088 0.877 0.027
-47.008 -442.117 -110.472 -0.471 0.086 0.877 0.023
-47.078 -442.702 -110.395 -0.471 0.084 0.878 0.019
-47.142 -443.289 -110.319 -0.471 0.082 0.878 0.016
-47.202 -443.876 -110.242 -0.471 0.080 0.878 0.012
-47.256 -444.463 -110.165 -0.471 0.078 0.879 0.008
