24.700 -457.942 -70.114 -0.003 0.000 -0.001 1.000
24.702 -457.332 -70.120 -0.007 0.000 -0.002 1.000
24.705 -456.719 -70.130 -0.010 0.000 -0.003 1.000
24.709 -456.102 -70.145 -0.014 0.000 -0.004 1.000
24.716 -455.483 -70.164 -0.017 0.000 -0.006 1.000
24.725 -454.862 -70.188 -0.021 0.000 -0.008 1.000
24.737 -454.238 -70.216 -0.024 0.000 -0.011 1.000
24.751 -453.613 -70.248 -0.028 0.000 -0.013 1.000
24.770 -452.986 -70.285 -0.031 0.000 -0.016 0.999
24.791 -452.357 -70.326 -0.034 0.000 -0.019 0.999
24.817 -451.728 -70.372 -0.038 0.000 -0.021 0.999
24.846 -451.098 -70.422 -0.041 0.000 -0.024 0.999
24.879 -450.469 -70.476 -0.045 0.000 -0.028 0.999
24.915 -449.840 -70.535 -0.048 0.000 -0.031 0.998
24.956 -449.212 -70.598 -0.052 0.000 -0.034 0.998
25.000 -448.584 -70.666 -0.055 0.000 -0.037 0.998
25.048 -447.959 -70.737 -0.059 0.000 -0.040 0.998
25.100 -447.335 -70.813 -0.062 0.000 -0.042 0.997
25.155 -446.714 -70.893 -0.065 0.000 -0.045 0.997
25.213 -446.095 -70.977 -0.069 0.000 -0.048 0.996
25.273 -445.479 -71.065 -0.072 0.000 -0.050 0.996
25.337 -444.865 -71.157 -0.076 0.000 -0.052 0.996
25.403 -444.254 -71.253 -0.079 0.000 -0.054 0.995
25.471 -443.647 -71.353 -0.083 0.000 -0.056 0.995
25.541 -443.043 -71.457 -0.086 0.000 -0.058 0.995
25.612 -442.442 -71.565 -0.090 0.000 -0.059 0.994
25.685 -441.844 -71.676 -0.093 0.000 -0.060 0.994
25.758 -441.251 -71.791 -0.097 0.000 -0.061 0.993
25.833 -440.660 -71.909 -0.100 0.000 -0.062 0.993
25.907 -440.074 -72.031 -0.104 0.000 -0.062 0.993
25.981 -439.491 -72.157 -0.107 0.000 -0.063 0.992
26.056 -438.911 -72.286 -0.110 0.001 -0.063 0.992
26.130 -438.334 -72.419 -0.114 0.001 -0.062 0.992
26.203 -437.761 -72.556 -0.117 0.001 -0.062 0.991
26.275 -437.191 -72.695 -0.121 0.001 -0.061 0.991
26.346 -436.625 -72.839 -0.124 0.002 -0.061 0.990
26.415 -436.061 -72.985 -0.128 0.002 -0.060 0.990
26.483 -435.501 -73.135 -0.131 0.003 -0.058 0.990
26.549 -434.944 -73.289 -0.135 0.003 -0.057 0.989
26.613 -434.389 -73.445 -0.138 0.003 -0.055 0.989
26.675 -433.838 -73.605 -0.142 0.004 -0.054 0.988
26.734 -433.289 -73.769 -0.145 0.004 -0.052 0.988
26.791 -432.743 -73.936 -0.149 0.005 -0.050 0.988
26.845 -432.199 -74.106 -0.152 0.005 -0.048 0.987
26.897 -431.657 -74.280 -0.155 0.006 -0.046 0.987
26.946 -431.118 -74.457 -0.159 0.006 -0.043 0.986
26.992 -430.581 -74.637 -0.162 0.007 -0.041 0.986
27.034 -430.046 -74.821 -0.166 0.007 -0.038 0.985
27.074 -429.514 -75.007 -0.169 0.008 -0.035 0.985
27.110 -428.984 -75.198 -0.173 0.008 -0.033 0.984
27.142 -428.457 -75.391 -0.176 0.009 -0.030 0.984
27.172 -427.931 -75.588 -0.179 0.010 -0.027 0.983
27.198 -427.407 -75.788 -0.183 0.010 -0.024 0.983
27.220 -426.886 -75.991 -0.186 0.011 -0.021 0.982
27.238 -426.367 -76.198 -0.190 0.012 -0.017 0.982
27.253 -425.849 -76.408 -0.193 0.012 -0.014 0.981
27.264 -425.334 -76.621 -0.196 0.013 -0.011 0.980
27.271 -424.820 -76.837 -0.200 0.014 -0.008 0.980
27.274 -424.309 -77.057 -0.203 0.014 -0.004 0.979
27.274 -423.801 -77.279 -0.206 0.015 -0.001 0.978
27.269 -423.294 -77.505 -0.210 0.016 0.003 0.978
27.260 -422.790 -77.733 -0.213 0.017 0.006 0.977
27.247 -422.288 -77.965 -0.216 0.017 0.010 0.976
27.230 -421.788 -78.199 -0.219 0.018 0.014 0.975
27.209 -421.290 -78.437 -0.223 0.019 0.017 0.975
27.183 -420.795 -78.677 -0.226 0.020 0.021 0.974
27.154 -420.303 -78.921 -0.229 0.021 0.025 0.973
27.120 -419.813 -79.167 -0.232 0.021 0.029 0.972
27.081 -419.326 -79.416 -0.236 0.022 0.033 0.971
27.038 -418.841 -79.667 -0.239 0.023 0.037 0.970
26.991 -418.358 -79.921 -0.242 0.024 0.041 0.969
26.939 -417.879 -80.178 -0.245 0.025 0.045 0.968
26.883 -417.402 -80.438 -0.248 0.026 0.049 0.967
26.822 -416.928 -80.700 -0.252 0.026 0.053 0.966
26.757 -416.457 -80.964 -0.255 0.027 0.057 0.965
26.686 -415.989 -81.231 -0.258 0.028 0.062 0.964
26.612 -415.524 -81.500 -0.261 0.029 0.066 0.963
26.532 -415.062 -81.772 -0.264 0.030 0.070 0.961
26.448 -414.604 -82.045 -0.267 0.031 0.075 0.960
26.358 -414.149 -82.321 -0.270 0.032 0.079 0.959
26.264 -413.697 -82.599 -0.273 0.033 0.084 0.958
26.165 -413.248 -82.878 -0.276 0.034 0.089 0.956
26.061 -412.803 -83.160 -0.279 0.035 0.093 0.955
25.953 -412.361 -83.444 -0.282 0.036 0.098 0.954
25.839 -411.922 -83.729 -0.285 0.037 0.103 0.952
25.720 -411.488 -84.017 -0.288 0.038 0.108 0.951
25.596 -411.057 -84.306 -0.291 0.040 0.113 0.949
25.466 -410.629 -84.596 -0.294 0.041 0.118 0.948
25.332 -410.206 -84.889 -0.297 0.042 0.123 0.946
25.192 -409.786 -85.182 -0.300 0.043 0.128 0.944
25.047 -409.370 -85.478 -0.302 0.044 0.133 0.943
24.897 -408.957 -85.775 -0.305 0.045 0.139 0.941
24.741 -408.548 -86.073 -0.308 0.047 0.144 0.939
24.580 -408.143 -86.372 -0.311 0.048 0.149 0.937
24.414 -407.743 -86.673 -0.313 0.049 0.155 0.936
24.242 -407.346 -86.975 -0.316 0.050 0.160 0.934
24.065 -406.954 -87.278 -0.319 0.052 0.166 0.932
23.882 -406.565 -87.582 -0.321 0.053 0.171 0.930
23.694 -406.182 -87.887 -0.324 0.054 0.177 0.928
23.500 -405.802 -88.193 -0.326 0.056 0.183 0.926
23.301 -405.427 -88.499 -0.329 0.057 0.188 0.924
23.097 -405.057 -88.806 -0.331 0.059 0.194 0.922
22.887 -404.690 -89.113 -0.334 0.060 0.200 0.919
22.672 -404.328 -89.421 -0.336 0.061 0.205 0.917
22.451 -403.971 -89.730 -0.339 0.063 0.211 0.915
22.226 -403.619 -90.038 -0.341 0.064 0.217 0.912
21.994 -403.272 -90.347 -0.343 0.066 0.223 0.910
21.758 -402.929 -90.656 -0.345 0.067 0.229 0.908
21.516 -402.591 -90.965 -0.347 0.069 0.235 0.905
21.268 -402.258 -91.273 -0.350 0.070 0.241 0.903
21.015 -401.929 -91.583 -0.352 0.072 0.247 0.900
20.757 -401.605 -91.892 -0.354 0.073 0.252 0.898
20.493 -401.286 -92.201 -0.356 0.075 0.258 0.895
20.224 -400.972 -92.509 -0.358 0.077 0.264 0.892
19.950 -400.663 -92.818 -0.360 0.078 0.270 0.890
19.670 -400.358 -93.126 -0.362 0.080 0.276 0.887
19.385 -400.059 -93.433 -0.363 0.081 0.282 0.884
19.095 -399.764 -93.740 -0.365 0.083 0.288 0.881
18.800 -399.475 -94.047 -0.367 0.084 0.294 0.878
18.499 -399.190 -94.354 -0.369 0.086 0.300 0.876
18.194 -398.911 -94.659 -0.371 0.088 0.306 0.873
17.883 -398.636 -94.964 -0.373 0.089 0.312 0.870
17.567 -398.367 -95.269 -0.374 0.091 0.318 0.867
17.247 -398.103 -95.572 -0.376 0.092 0.323 0.863
16.921 -397.844 -95.875 -0.378 0.094 0.329 0.860
16.591 -397.591 -96.177 -0.379 0.096 0.335 0.857
16.255 -397.342 -96.479 -0.381 0.097 0.341 0.854
15.915 -397.099 -96.779 -0.383 0.099 0.347 0.851
15.571 -396.862 -97.078 -0.384 0.100 0.352 0.847
15.221 -396.630 -97.376 -0.386 0.102 0.358 0.844
14.867 -396.403 -97.673 -0.387 0.103 0.364 0.841
14.509 -396.182 -97.969 -0.389 0.105 0.370 0.837
14.147 -395.967 -98.264 -0.391 0.106 0.375 0.834
13.780 -395.758 -98.557 -0.392 0.108 0.381 0.830
13.408 -395.554 -98.849 -0.394 0.109 0.387 0.827
13.033 -395.356 -99.139 -0.395 0.111 0.392 0.823
12.653 -395.163 -99.428 -0.397 0.113 0.398 0.820
12.270 -394.977 -99.716 -0.398 0.114 0.404 0.816
11.882 -394.796 -100.002 -0.399 0.116 0.409 0.812
11.490 -394.621 -100.286 -0.401 0.117 0.415 0.808
11.095 -394.451 -100.569 -0.402 0.119 0.420 0.805
10.696 -394.288 -100.850 -0.404 0.120 0.426 0.801
10.293 -394.131 -101.129 -0.405 0.121 0.431 0.797
9.886 -393.980 -101.406 -0.406 0.123 0.437 0.793
9.476 -393.835 -101.682 -0.408 0.124 0.442 0.789
9.063 -393.696 -101.955 -0.409 0.126 0.448 0.785
8.645 -393.563 -102.227 -0.410 0.127 0.453 0.781
8.225 -393.436 -102.497 -0.411 0.129 0.459 0.777
7.802 -393.315 -102.764 -0.413 0.130 0.464 0.773
7.375 -393.200 -103.030 -0.414 0.132 0.469 0.769
6.945 -393.092 -103.293 -0.415 0.133 0.475 0.765
6.512 -392.989 -103.554 -0.416 0.134 0.480 0.760
6.076 -392.893 -103.814 -0.418 0.136 0.485 0.756
5.637 -392.803 -104.070 -0.419 0.137 0.490 0.752
5.197 -392.720 -104.324 -0.420 0.138 0.495 0.748
4.755 -392.643 -104.577 -0.422 0.139 0.500 0.743
4.311 -392.573 -104.827 -0.423 0.140 0.505 0.739
3.864 -392.508 -105.076 -0.425 0.141 0.510 0.735
3.416 -392.450 -105.322 -0.426 0.142 0.515 0.730
2.965 -392.398 -105.567 -0.428 0.143 0.520 0.726
2.512 -392.353 -105.809 -0.429 0.144 0.524 0.721
2.057 -392.314 -106.050 -0.430 0.145 0.529 0.717
1.600 -392.281 -106.289 -0.432 0.145 0.534 0.712
1.142 -392.255 -106.525 -0.433 0.146 0.538 0.708
0.683 -392.234 -106.759 -0.434 0.147 0.543 0.703
0.221 -392.221 -106.991 -0.436 0.148 0.548 0.699
-0.242 -392.213 -107.221 -0.437 0.149 0.552 0.694
-0.707 -392.212 -107.448 -0.438 0.150 0.557 0.690
-1.173 -392.218 -107.673 -0.439 0.151 0.561 0.685
-1.640 -392.229 -107.896 -0.441 0.152 0.566 0.680
-2.109 -392.247 -108.116 -0.442 0.153 0.570 0.675
-2.579 -392.272 -108.334 -0.443 0.153 0.575 0.671
-3.051 -392.303 -108.550 -0.444 0.154 0.579 0.666
-3.523 -392.340 -108.763 -0.445 0.155 0.584 0.661
-3.996 -392.384 -108.974 -0.446 0.156 0.588 0.656
-4.471 -392.434 -109.182 -0.448 0.157 0.592 0.651
-4.946 -392.490 -109.388 -0.449 0.158 0.597 0.647
-5.423 -392.553 -109.591 -0.450 0.158 0.601 0.642
-5.901 -392.622 -109.792 -0.451 0.159 0.605 0.637
-6.379 -392.698 -109.990 -0.452 0.160 0.609 0.632
-6.859 -392.780 -110.186 -0.453 0.161 0.613 0.627
-7.339 -392.869 -110.379 -0.454 0.161 0.618 0.622
-7.820 -392.964 -110.569 -0.455 0.162 0.622 0.617
-8.301 -393.065 -110.757 -0.456 0.163 0.626 0.612
-8.783 -393.173 -110.942 -0.457 0.164 0.630 0.607
-9.266 -393.288 -111.124 -0.458 0.164 0.634 0.602
-9.748 -393.408 -111.304 -0.458 0.165 0.638 0.597
-10.231 -393.536 -111.480 -0.459 0.166 0.642 0.591
-10.713 -393.669 -111.654 -0.460 0.166 0.646 0.586
-11.196 -393.809 -111.825 -0.461 0.167 0.650 0.581
-11.677 -393.955 -111.993 -0.462 0.167 0.653 0.576
-12.159 -394.107 -112.158 -0.463 0.168 0.657 0.571
-12.640 -394.265 -112.320 -0.464 0.169 0.661 0.566
-13.121 -394.430 -112.479 -0.464 0.169 0.665 0.560
-13.601 -394.601 -112.634 -0.465 0.170 0.668 0.555
-14.079 -394.777 -112.787 -0.466 0.170 0.672 0.550
-14.557 -394.960 -112.936 -0.467 0.171 0.676 0.545
-15.035 -395.149 -113.083 -0.467 0.171 0.679 0.539
-15.511 -395.345 -113.226 -0.468 0.172 0.683 0.534
-15.985 -395.545 -113.366 -0.469 0.172 0.686 0.529
-16.459 -395.752 -113.503 -0.469 0.173 0.690 0.523
-16.931 -395.965 -113.636 -0.470 0.173 0.693 0.518
-17.401 -396.184 -113.766 -0.471 0.174 0.697 0.513
-17.871 -396.409 -113.893 -0.471 0.174 0.700 0.507
-18.338 -396.639 -114.017 -0.472 0.175 0.704 0.502
-18.804 -396.875 -114.137 -0.473 0.175 0.707 0.496
-19.268 -397.117 -114.255 -0.473 0.176 0.710 0.491
-19.731 -397.365 -114.368 -0.474 0.176 0.713 0.486
-20.192 -397.618 -114.479 -0.474 0.176 0.717 0.480
-20.650 -397.877 -114.586 -0.475 0.177 0.720 0.475
-21.107 -398.142 -114.690 -0.475 0.177 0.723 0.469
-21.562 -398.412 -114.791 -0.476 0.177 0.726 0.464
-22.015 -398.688 -114.888 -0.476 0.178 0.729 0.458
-22.466 -398.970 -114.982 -0.477 0.178 0.732 0.453
-22.915 -399.257 -115.073 -0.477 0.178 0.735 0.447
-23.361 -399.549 -115.160 -0.477 0.179 0.738 0.442
-23.805 -399.847 -115.244 -0.478 0.179 0.741 0.436
-24.246 -400.150 -115.325 -0.478 0.179 0.744 0.431
-24.686 -400.459 -115.402 -0.479 0.179 0.747 0.426
-25.122 -400.773 -115.476 -0.479 0.180 0.750 0.420
-25.556 -401.092 -115.547 -0.479 0.180 0.752 0.415
-25.988 -401.416 -115.614 -0.480 0.180 0.755 0.409
-26.416 -401.745 -115.678 -0.480 0.180 0.758 0.404
-26.842 -402.080 -115.738 -0.480 0.180 0.760 0.398
-27.265 -402.419 -115.796 -0.481 0.180 0.763 0.393
-27.685 -402.764 -115.850 -0.481 0.180 0.766 0.387
-28.102 -403.114 -115.901 -0.481 0.181 0.768 0.382
-28.517 -403.469 -115.948 -0.481 0.181 0.771 0.376
-28.928 -403.828 -115.992 -0.482 0.181 0.773 0.371
-29.336 -404.193 -116.033 -0.482 0.181 0.776 0.365
-29.741 -404.562 -116.071 -0.482 0.181 0.778 0.360
-30.143 -404.936 -116.105 -0.482 0.181 0.781 0.354
-30.542 -405.315 -116.136 -0.483 0.181 0.783 0.349
-30.937 -405.698 -116.164 -0.483 0.181 0.785 0.343
-31.329 -406.086 -116.189 -0.483 0.181 0.787 0.338
-31.717 -406.478 -116.211 -0.483 0.180 0.790 0.332
-32.101 -406.875 -116.229 -0.483 0.180 0.792 0.327
-32.483 -407.277 -116.244 -0.483 0.180 0.794 0.322
-32.860 -407.682 -116.256 -0.484 0.180 0.796 0.316
-33.235 -408.093 -116.265 -0.484 0.180 0.798 0.311
-33.604 -408.506 -116.271 -0.484 0.180 0.800 0.305
-33.971 -408.925 -116.274 -0.484 0.179 0.802 0.300
-34.334 -409.347 -116.274 -0.484 0.179 0.804 0.295
-34.693 -409.774 -116.271 -0.484 0.179 0.806 0.289
-35.048 -410.204 -116.265 -0.484 0.179 0.808 0.284
-35.399 -410.639 -116.256 -0.484 0.178 0.810 0.279
-35.746 -411.078 -116.243 -0.484 0.178 0.812 0.274
-36.089 -411.521 -116.228 -0.484 0.178 0.814 0.268
-36.428 -411.967 -116.211 -0.484 0.177 0.815 0.263
-36.763 -412.417 -116.190 -0.484 0.177 0.817 0.258
-37.095 -412.871 -116.166 -0.484 0.176 0.819 0.253
-37.422 -413.330 -116.140 -0.484 0.176 0.820 0.247
-37.745 -413.791 -116.111 -0.484 0.176 0.822 0.242
-38.063 -414.256 -116.079 -0.484 0.175 0.824 0.237
-38.378 -414.724 -116.044 -0.484 0.175 0.825 0.232
-38.688 -415.196 -116.007 -0.484 0.174 0.827 0.227
-38.994 -415.671 -115.967 -0.484 0.174 0.828 0.222
-39.295 -416.150 -115.925 -0.484 0.173 0.830 0.217
-39.592 -416.632 -115.880 -0.484 0.172 0.831 0.212
-39.885 -417.118 -115.832 -0.484 0.172 0.833 0.207
-40.174 -417.607 -115.782 -0.484 0.171 0.834 0.202
-40.458 -418.098 -115.729 -0.484 0.170 0.835 0.197
-40.737 -418.594 -115.674 -0.484 0.170 0.837 0.192
-41.012 -419.092 -115.617 -0.484 0.169 0.838 0.187
-41.283 -419.593 -115.557 -0.484 0.168 0.839 0.182
-41.550 -420.098 -115.494 -0.484 0.168 0.841 0.177
-41.811 -420.604 -115.430 -0.483 0.167 0.842 0.172
-42.068 -421.114 -115.363 -0.483 0.166 0.843 0.167
-42.321 -421.627 -115.294 -0.483 0.165 0.844 0.163
-42.569 -422.143 -115.222 -0.483 0.164 0.845 0.158
-42.812 -422.662 -115.149 -0.483 0.164 0.846 0.153
-43.050 -423.183 -115.073 -0.483 0.163 0.848 0.148
-43.284 -423.706 -114.995 -0.483 0.162 0.849 0.143
-43.513 -424.233 -114.915 -0.483 0.161 0.850 0.139
-43.738 -424.762 -114.833 -0.482 0.160 0.851 0.134
-43.958 -425.294 -114.749 -0.482 0.159 0.852 0.129
-44.173 -425.828 -114.663 -0.482 0.158 0.853 0.125
-44.383 -426.364 -114.575 -0.482 0.157 0.854 0.120
-44.588 -426.903 -114.485 -0.482 0.156 0.855 0.115
-44.789 -427.445 -114.393 -0.482 0.155 0.855 0.111
-44.985 -427.988 -114.300 -0.481 0.154 0.856 0.106
-45.176 -428.534 -114.204 -0.481 0.153 0.857 0.102
-45.362 -429.082 -114.107 -0.481 0.152 0.858 0.097
-45.543 -429.632 -114.008 -0.481 0.151 0.859 0.093
-45.720 -430.184 -113.907 -0.480 0.150 0.860 0.088
-45.891 -430.738 -113.805 -0.480 0.149 0.860 0.084
-46.058 -431.294 -113.701 -0.480 0.147 0.861 0.079
-46.220 -431.852 -113.595 -0.480 0.146 0.862 0.075
-46.377 -432.413 -113.488 -0.480 0.145 0.863 0.071
-46.529 -432.975 -113.379 -0.479 0.144 0.863 0.066
-46.676 -433.540 -113.268 -0.479 0.143 0.864 0.062
-46.818 -434.106 -113.157 -0.479 0.141 0.865 0.058
-46.955 -434.674 -113.043 -0.478 0.140 0.865 0.053
-47.087 -435.243 -112.929 -0.478 0.139 0.866 0.049
-47.214 -435.814 -112.813 -0.478 0.137 0.866 0.045
-47.336 -436.387 -112.695 -0.478 0.136 0.867 0.040
-47.453 -436.962 -112.576 -0.477 0.135 0.868 0.036
-47.566 -437.539 -112.456 -0.477 0.133 0.868 0.032
-47.673 -438.116 -112.335 -0.477 0.132 0.869 0.028
-47.775 -438.696 -112.212 -0.476 0.131 0.869 0.024
-47.872 -439.277 -112.089 -0.476 0.129 0.870 0.020
-47.964 -439.860 -111.964 -0.476 0.128 0.870 0.016
-48.052 -440.444 -111.838 -0.475 0.126 0.871 0.011
-48.134 -441.030 -111.711 -0.475 0.125 0.871 0.007
-48.211 -441.616 -111.583 -0.475 0.123 0.871 0.003
-48.283 -442.205 -111.454 -0.474 0.122 0.872 -0.001
-48.350 -442.795 -111.324 -0.474 0.120 0.872 -0.005
-48.412 -443.386 -111.193 -0.474 0.119 0.873 -0.009
-48.469 -443.979 -111.062 -0.473 0.117 0.873 -0.012
-48.521 -444.572 -110.929 -0.473 0.116 0.873 -0.016
-48.568 -445.166 -110.796 -0.473 0.114 0.874 -0.020
