24.701 -457.910 -70.114 -0.003 0.000 -0.002 1.000
24.706 -457.296 -70.119 -0.006 0.000 -0.005 1.000
24.713 -456.682 -70.128 -0.009 0.000 -0.007 1.000
24.724 -456.068 -70.141 -0.012 0.000 -0.010 1.000
24.737 -455.455 -70.158 -0.015 0.000 -0.012 1.000
24.753 -454.842 -70.179 -0.018 0.000 -0.014 1.000
24.772 -454.229 -70.203 -0.021 0.000 -0.017 1.000
24.794 -453.617 -70.231 -0.024 0.000 -0.019 1.000
24.818 -453.005 -70.263 -0.028 0.000 -0.021 0.999
24.845 -452.394 -70.299 -0.031 0.000 -0.023 0.999
24.875 -451.782 -70.338 -0.034 0.000 -0.025 0.999
24.907 -451.172 -70.381 -0.037 0.000 -0.027 0.999
24.941 -450.561 -70.428 -0.040 0.000 -0.029 0.999
24.978 -449.952 -70.479 -0.043 0.000 -0.031 0.999
25.017 -449.343 -70.534 -0.046 0.000 -0.033 0.998
25.058 -448.734 -70.592 -0.049 0.000 -0.035 0.998
25.102 -448.127 -70.654 -0.052 0.000 -0.037 0.998
25.148 -447.519 -70.719 -0.055 0.000 -0.039 0.998
25.196 -446.912 -70.789 -0.058 0.000 -0.040 0.997
25.247 -446.306 -70.862 -0.061 0.000 -0.042 0.997
25.299 -445.700 -70.939 -0.064 0.000 -0.044 0.997
25.354 -445.095 -71.019 -0.068 0.000 -0.046 0.997
25.410 -444.491 -71.104 -0.071 0.000 -0.047 0.996
25.469 -443.888 -71.192 -0.074 0.000 -0.049 0.996
25.530 -443.286 -71.284 -0.077 0.000 -0.050 0.996
25.592 -442.684 -71.379 -0.080 0.000 -0.052 0.995
25.656 -442.084 -71.479 -0.083 0.000 -0.054 0.995
25.722 -441.485 -71.581 -0.086 0.000 -0.055 0.995
25.790 -440.887 -71.688 -0.089 0.000 -0.056 0.994
25.859 -440.289 -71.798 -0.092 0.001 -0.058 0.994
25.930 -439.694 -71.912 -0.095 0.001 -0.059 0.994
26.002 -439.100 -72.030 -0.098 0.001 -0.060 0.993
26.076 -438.507 -72.151 -0.102 0.001 -0.061 0.993
26.151 -437.916 -72.276 -0.105 0.001 -0.062 0.993
26.226 -437.327 -72.404 -0.108 0.001 -0.063 0.992
26.303 -436.740 -72.536 -0.111 0.001 -0.064 0.992
26.380 -436.155 -72.672 -0.114 0.001 -0.065 0.991
26.458 -435.572 -72.811 -0.118 0.001 -0.065 0.991
26.535 -434.992 -72.953 -0.121 0.002 -0.066 0.991
26.613 -434.415 -73.099 -0.124 0.002 -0.066 0.990
26.691 -433.841 -73.248 -0.127 0.002 -0.066 0.990
26.768 -433.269 -73.401 -0.131 0.002 -0.065 0.989
26.843 -432.701 -73.556 -0.134 0.002 -0.065 0.989
26.918 -432.138 -73.715 -0.138 0.003 -0.064 0.988
26.991 -431.577 -73.877 -0.141 0.003 -0.063 0.988
27.063 -431.021 -74.043 -0.145 0.004 -0.062 0.988
27.132 -430.468 -74.211 -0.148 0.004 -0.060 0.987
27.199 -429.920 -74.382 -0.152 0.005 -0.058 0.987
27.263 -429.376 -74.557 -0.155 0.005 -0.056 0.986
27.324 -428.836 -74.734 -0.159 0.006 -0.054 0.986
27.381 -428.299 -74.915 -0.163 0.006 -0.051 0.985
27.436 -427.767 -75.099 -0.166 0.007 -0.048 0.985
27.486 -427.240 -75.285 -0.170 0.008 -0.046 0.984
27.533 -426.716 -75.474 -0.174 0.008 -0.042 0.984
27.576 -426.196 -75.667 -0.177 0.009 -0.039 0.983
27.615 -425.679 -75.863 -0.181 0.010 -0.036 0.983
27.649 -425.165 -76.061 -0.185 0.011 -0.032 0.982
27.680 -424.656 -76.263 -0.189 0.011 -0.028 0.982
27.706 -424.150 -76.468 -0.192 0.012 -0.025 0.981
27.727 -423.648 -76.676 -0.196 0.013 -0.021 0.980
27.745 -423.148 -76.886 -0.200 0.014 -0.017 0.980
27.758 -422.652 -77.101 -0.204 0.015 -0.013 0.979
27.767 -422.158 -77.318 -0.208 0.016 -0.010 0.978
27.771 -421.667 -77.539 -0.211 0.016 -0.006 0.977
27.771 -421.180 -77.762 -0.215 0.017 -0.002 0.976
27.767 -420.695 -77.990 -0.219 0.018 0.002 0.976
27.758 -420.212 -78.220 -0.223 0.019 0.006 0.975
27.746 -419.731 -78.454 -0.227 0.020 0.009 0.974
27.729 -419.254 -78.692 -0.231 0.020 0.013 0.973
27.709 -418.779 -78.933 -0.235 0.021 0.017 0.972
27.684 -418.306 -79.178 -0.239 0.022 0.020 0.971
27.655 -417.835 -79.427 -0.243 0.023 0.024 0.969
27.622 -417.367 -79.680 -0.247 0.024 0.027 0.968
27.586 -416.902 -79.937 -0.252 0.024 0.031 0.967
27.546 -416.440 -80.197 -0.256 0.025 0.034 0.966
27.502 -415.980 -80.461 -0.261 0.026 0.038 0.964
27.454 -415.525 -80.729 -0.265 0.026 0.041 0.963
27.403 -415.074 -81.000 -0.270 0.027 0.044 0.962
27.349 -414.628 -81.273 -0.274 0.028 0.048 0.960
27.291 -414.187 -81.550 -0.279 0.028 0.051 0.959
27.230 -413.751 -81.829 -0.283 0.029 0.055 0.957
27.165 -413.321 -82.110 -0.288 0.030 0.058 0.955
27.097 -412.897 -82.393 -0.293 0.031 0.062 0.954
27.026 -412.479 -82.678 -0.297 0.031 0.065 0.952
26.952 -412.068 -82.964 -0.301 0.032 0.069 0.950
26.874 -411.662 -83.252 -0.306 0.033 0.073 0.949
26.793 -411.262 -83.541 -0.310 0.034 0.077 0.947
26.708 -410.868 -83.832 -0.314 0.035 0.081 0.945
26.619 -410.477 -84.125 -0.317 0.036 0.085 0.944
26.525 -410.091 -84.420 -0.321 0.037 0.090 0.942
26.427 -409.708 -84.716 -0.324 0.038 0.095 0.940
26.325 -409.329 -85.015 -0.328 0.040 0.099 0.939
26.217 -408.952 -85.316 -0.331 0.041 0.104 0.937
26.104 -408.578 -85.620 -0.334 0.042 0.110 0.935
25.985 -408.205 -85.926 -0.336 0.044 0.115 0.934
25.861 -407.835 -86.235 -0.339 0.045 0.120 0.932
25.731 -407.466 -86.546 -0.342 0.047 0.126 0.930
25.594 -407.098 -86.860 -0.344 0.049 0.131 0.928
25.452 -406.733 -87.175 -0.346 0.050 0.137 0.927
25.303 -406.370 -87.493 -0.349 0.052 0.143 0.925
25.148 -406.009 -87.813 -0.351 0.054 0.149 0.923
24.986 -405.650 -88.134 -0.353 0.056 0.155 0.921
24.818 -405.294 -88.457 -0.355 0.057 0.160 0.919
24.643 -404.940 -88.781 -0.357 0.059 0.166 0.917
24.463 -404.589 -89.107 -0.359 0.061 0.172 0.915
24.275 -404.241 -89.433 -0.361 0.063 0.178 0.913
24.082 -403.896 -89.760 -0.363 0.065 0.184 0.911
23.883 -403.555 -90.088 -0.365 0.066 0.190 0.909
23.677 -403.217 -90.417 -0.367 0.068 0.196 0.907
23.465 -402.882 -90.746 -0.369 0.070 0.202 0.904
23.248 -402.552 -91.075 -0.371 0.072 0.208 0.902
23.024 -402.225 -91.404 -0.373 0.074 0.214 0.900
22.794 -401.902 -91.734 -0.375 0.076 0.220 0.897
22.559 -401.583 -92.064 -0.377 0.077 0.226 0.895
22.317 -401.268 -92.394 -0.379 0.079 0.232 0.893
22.069 -400.957 -92.724 -0.380 0.081 0.237 0.890
21.816 -400.650 -93.055 -0.382 0.083 0.243 0.888
21.557 -400.348 -93.384 -0.384 0.085 0.249 0.885
21.292 -400.049 -93.714 -0.386 0.086 0.255 0.882
21.021 -399.755 -94.044 -0.387 0.088 0.261 0.880
20.745 -399.465 -94.373 -0.389 0.090 0.267 0.877
20.463 -399.179 -94.702 -0.391 0.092 0.273 0.874
20.175 -398.899 -95.031 -0.393 0.094 0.279 0.871
19.882 -398.622 -95.359 -0.394 0.095 0.284 0.869
19.584 -398.351 -95.686 -0.396 0.097 0.290 0.866
19.280 -398.084 -96.012 -0.398 0.099 0.296 0.863
18.971 -397.823 -96.337 -0.399 0.101 0.302 0.860
18.657 -397.566 -96.662 -0.401 0.103 0.308 0.857
18.338 -397.314 -96.985 -0.402 0.104 0.313 0.854
18.014 -397.068 -97.308 -0.404 0.106 0.319 0.851
17.686 -396.827 -97.628 -0.405 0.108 0.325 0.848
17.353 -396.591 -97.947 -0.407 0.110 0.331 0.844
17.015 -396.361 -98.265 -0.408 0.111 0.336 0.841
16.673 -396.136 -98.581 -0.410 0.113 0.342 0.838
16.326 -395.916 -98.896 -0.411 0.115 0.348 0.835
15.976 -395.702 -99.209 -0.413 0.116 0.353 0.831
15.621 -395.493 -99.520 -0.414 0.118 0.359 0.828
15.262 -395.290 -99.829 -0.416 0.120 0.364 0.825
14.899 -395.093 -100.136 -0.417 0.122 0.370 0.821
14.532 -394.901 -100.441 -0.418 0.123 0.375 0.818
14.163 -394.716 -100.744 -0.420 0.125 0.381 0.814
13.789 -394.535 -101.044 -0.421 0.126 0.386 0.811
13.412 -394.361 -101.343 -0.423 0.128 0.392 0.807
13.031 -394.192 -101.639 -0.424 0.130 0.397 0.804
12.647 -394.029 -101.933 -0.425 0.131 0.403 0.800
12.260 -393.871 -102.225 -0.426 0.133 0.408 0.796
11.870 -393.720 -102.515 -0.428 0.134 0.413 0.793
11.476 -393.574 -102.802 -0.429 0.136 0.419 0.789
11.080 -393.434 -103.087 -0.430 0.137 0.424 0.785
10.681 -393.299 -103.370 -0.432 0.139 0.429 0.781
10.279 -393.171 -103.650 -0.433 0.140 0.434 0.777
9.875 -393.048 -103.927 -0.434 0.142 0.439 0.774
9.467 -392.931 -104.203 -0.435 0.143 0.444 0.770
9.057 -392.820 -104.476 -0.437 0.145 0.449 0.766
8.644 -392.715 -104.747 -0.438 0.146 0.454 0.762
8.228 -392.615 -105.016 -0.439 0.148 0.459 0.758
7.810 -392.521 -105.282 -0.440 0.149 0.464 0.754
7.389 -392.432 -105.546 -0.442 0.150 0.469 0.750
6.965 -392.350 -105.808 -0.443 0.152 0.474 0.746
6.538 -392.273 -106.068 -0.444 0.153 0.479 0.741
6.108 -392.202 -106.326 -0.445 0.154 0.484 0.737
5.676 -392.136 -106.581 -0.446 0.156 0.489 0.733
5.241 -392.077 -106.834 -0.447 0.157 0.494 0.729
4.803 -392.023 -107.084 -0.448 0.159 0.499 0.725
4.363 -391.975 -107.332 -0.449 0.160 0.504 0.720
3.920 -391.933 -107.577 -0.450 0.161 0.509 0.716
3.474 -391.896 -107.820 -0.451 0.163 0.514 0.712
3.027 -391.866 -108.059 -0.452 0.164 0.519 0.707
2.576 -391.842 -108.297 -0.453 0.166 0.523 0.703
2.123 -391.823 -108.531 -0.454 0.167 0.528 0.698
1.669 -391.810 -108.763 -0.454 0.169 0.533 0.694
1.211 -391.804 -108.991 -0.455 0.170 0.538 0.689
0.752 -391.803 -109.217 -0.456 0.171 0.543 0.684
0.290 -391.808 -109.440 -0.457 0.173 0.547 0.680
-0.174 -391.819 -109.660 -0.457 0.174 0.552 0.675
-0.639 -391.837 -109.876 -0.458 0.176 0.557 0.670
-1.107 -391.860 -110.090 -0.458 0.177 0.562 0.666
-1.577 -391.890 -110.300 -0.459 0.179 0.566 0.661
-2.048 -391.925 -110.507 -0.460 0.180 0.571 0.656
-2.522 -391.967 -110.710 -0.460 0.182 0.576 0.651
-2.997 -392.014 -110.910 -0.461 0.183 0.580 0.646
-3.473 -392.068 -111.107 -0.461 0.184 0.585 0.641
-3.951 -392.128 -111.300 -0.462 0.186 0.589 0.636
-4.431 -392.194 -111.490 -0.462 0.187 0.594 0.631
-4.912 -392.266 -111.676 -0.463 0.189 0.598 0.626
-5.395 -392.345 -111.859 -0.463 0.190 0.603 0.621
-5.879 -392.429 -112.037 -0.463 0.191 0.607 0.616
-6.364 -392.520 -112.213 -0.464 0.193 0.612 0.611
-6.851 -392.618 -112.385 -0.464 0.194 0.616 0.606
-7.338 -392.721 -112.552 -0.465 0.196 0.621 0.601
-7.827 -392.831 -112.716 -0.465 0.197 0.625 0.595
-8.317 -392.947 -112.877 -0.465 0.198 0.629 0.590
-8.808 -393.069 -113.033 -0.466 0.199 0.634 0.585
-9.299 -393.198 -113.186 -0.466 0.201 0.638 0.579
-9.790 -393.332 -113.335 -0.466 0.202 0.642 0.574
-10.283 -393.474 -113.480 -0.467 0.203 0.646 0.569
-10.775 -393.621 -113.621 -0.467 0.204 0.650 0.563
-11.268 -393.775 -113.758 -0.467 0.205 0.655 0.558
-11.760 -393.935 -113.890 -0.467 0.206 0.659 0.552
-12.252 -394.101 -114.019 -0.468 0.207 0.663 0.547
-12.744 -394.273 -114.144 -0.468 0.208 0.667 0.542
-13.236 -394.451 -114.265 -0.468 0.209 0.671 0.536
-13.726 -394.636 -114.382 -0.468 0.210 0.674 0.531
-14.216 -394.826 -114.494 -0.469 0.211 0.678 0.525
-14.705 -395.023 -114.603 -0.469 0.212 0.682 0.519
-15.194 -395.225 -114.707 -0.469 0.213 0.686 0.514
-15.681 -395.433 -114.807 -0.469 0.214 0.690 0.508
-16.167 -395.648 -114.903 -0.469 0.215 0.693 0.503
-16.651 -395.868 -114.995 -0.470 0.216 0.697 0.497
-17.135 -396.094 -115.083 -0.470 0.216 0.701 0.491
-17.617 -396.326 -115.166 -0.470 0.217 0.704 0.486
-18.097 -396.564 -115.246 -0.470 0.218 0.708 0.480
-18.575 -396.808 -115.321 -0.470 0.219 0.711 0.474
-19.052 -397.057 -115.392 -0.470 0.219 0.715 0.469
-19.528 -397.312 -115.459 -0.470 0.220 0.718 0.463
-20.001 -397.573 -115.522 -0.470 0.221 0.722 0.457
-20.472 -397.840 -115.581 -0.470 0.221 0.725 0.452
-20.941 -398.111 -115.636 -0.470 0.222 0.728 0.446
-21.408 -398.389 -115.686 -0.470 0.222 0.732 0.440
-21.873 -398.672 -115.733 -0.471 0.223 0.735 0.434
-22.336 -398.961 -115.775 -0.471 0.223 0.738 0.429
-22.795 -399.255 -115.814 -0.471 0.224 0.741 0.423
-23.253 -399.555 -115.848 -0.471 0.224 0.744 0.417
-23.708 -399.860 -115.878 -0.471 0.224 0.748 0.412
-24.160 -400.170 -115.905 -0.471 0.225 0.751 0.406
-24.610 -400.486 -115.927 -0.471 0.225 0.754 0.400
-25.056 -400.807 -115.946 -0.471 0.225 0.756 0.394
-25.500 -401.133 -115.960 -0.471 0.226 0.759 0.389
-25.941 -401.465 -115.971 -0.471 0.226 0.762 0.383
-26.378 -401.801 -115.978 -0.471 0.226 0.765 0.377
-26.814 -402.143 -115.981 -0.470 0.226 0.768 0.371
-27.245 -402.490 -115.980 -0.470 0.226 0.771 0.366
-27.673 -402.841 -115.976 -0.470 0.226 0.773 0.360
-28.098 -403.198 -115.968 -0.470 0.226 0.776 0.354
-28.520 -403.559 -115.956 -0.470 0.226 0.779 0.349
-28.938 -403.926 -115.941 -0.470 0.226 0.781 0.343
-29.353 -404.297 -115.922 -0.470 0.226 0.784 0.337
-29.764 -404.673 -115.899 -0.470 0.226 0.786 0.332
-30.172 -405.054 -115.873 -0.470 0.226 0.789 0.326
-30.576 -405.439 -115.843 -0.470 0.226 0.791 0.320
-30.975 -405.829 -115.810 -0.470 0.225 0.793 0.315
-31.371 -406.223 -115.774 -0.470 0.225 0.796 0.309
-31.763 -406.622 -115.735 -0.470 0.225 0.798 0.304
-32.152 -407.025 -115.692 -0.469 0.224 0.800 0.298
-32.536 -407.433 -115.645 -0.469 0.224 0.802 0.293
-32.916 -407.844 -115.596 -0.469 0.224 0.805 0.287
-33.292 -408.260 -115.544 -0.469 0.223 0.807 0.282
-33.664 -408.681 -115.488 -0.469 0.223 0.809 0.276
-34.031 -409.105 -115.429 -0.469 0.222 0.811 0.271
-34.393 -409.531 -115.368 -0.469 0.222 0.813 0.265
-34.749 -409.959 -115.305 -0.469 0.221 0.815 0.260
-35.100 -410.390 -115.238 -0.469 0.220 0.817 0.255
-35.447 -410.825 -115.169 -0.468 0.220 0.818 0.250
-35.789 -411.264 -115.098 -0.468 0.219 0.820 0.245
-36.128 -411.706 -115.024 -0.468 0.218 0.822 0.240
-36.462 -412.152 -114.947 -0.468 0.217 0.824 0.235
-36.792 -412.601 -114.868 -0.468 0.216 0.826 0.230
-37.117 -413.054 -114.786 -0.468 0.216 0.827 0.225
-37.438 -413.510 -114.703 -0.468 0.215 0.829 0.220
-37.754 -413.969 -114.616 -0.468 0.214 0.830 0.215
-38.066 -414.432 -114.528 -0.467 0.213 0.832 0.210
-38.374 -414.898 -114.437 -0.467 0.212 0.834 0.205
-38.676 -415.367 -114.344 -0.467 0.211 0.835 0.200
-38.975 -415.838 -114.250 -0.467 0.210 0.837 0.195
-39.268 -416.313 -114.152 -0.467 0.209 0.838 0.190
-39.557 -416.791 -114.053 -0.467 0.208 0.839 0.185
-39.842 -417.272 -113.952 -0.466 0.207 0.841 0.181
-40.121 -417.756 -113.849 -0.466 0.206 0.842 0.176
-40.397 -418.242 -113.744 -0.466 0.205 0.844 0.171
-40.667 -418.732 -113.637 -0.466 0.204 0.845 0.166
-40.933 -419.224 -113.528 -0.466 0.203 0.846 0.162
-41.194 -419.719 -113.418 -0.465 0.201 0.847 0.157
-41.450 -420.216 -113.305 -0.465 0.200 0.849 0.152
-41.701 -420.717 -113.191 -0.465 0.199 0.850 0.148
-41.948 -421.219 -113.075 -0.465 0.198 0.851 0.143
-42.190 -421.724 -112.958 -0.465 0.197 0.852 0.138
-42.427 -422.232 -112.839 -0.464 0.195 0.853 0.134
-42.659 -422.741 -112.718 -0.464 0.194 0.855 0.129
-42.886 -423.253 -112.596 -0.464 0.193 0.856 0.124
-43.108 -423.766 -112.472 -0.464 0.191 0.857 0.120
-43.325 -424.283 -112.347 -0.463 0.190 0.858 0.115
-43.537 -424.801 -112.221 -0.463 0.189 0.859 0.111
-43.745 -425.322 -112.092 -0.463 0.187 0.860 0.106
-43.947 -425.844 -111.963 -0.463 0.186 0.861 0.102
-44.145 -426.369 -111.832 -0.462 0.185 0.862 0.097
-44.337 -426.895 -111.700 -0.462 0.183 0.863 0.093
-44.525 -427.423 -111.567 -0.462 0.182 0.864 0.089
-44.707 -427.953 -111.432 -0.461 0.180 0.865 0.084
-44.885 -428.485 -111.297 -0.461 0.179 0.865 0.080
-45.057 -429.019 -111.160 -0.461 0.178 0.866 0.075
-45.224 -429.554 -111.021 -0.460 0.176 0.867 0.071
-45.386 -430.090 -110.882 -0.460 0.175 0.868 0.067
-45.544 -430.628 -110.742 -0.460 0.173 0.869 0.062
-45.696 -431.167 -110.601 -0.459 0.172 0.870 0.058
-45.842 -431.708 -110.458 -0.459 0.170 0.870 0.054
-45.984 -432.250 -110.315 -0.459 0.169 0.871 0.049
-46.121 -432.794 -110.170 -0.458 0.167 0.872 0.045
-46.253 -433.339 -110.025 -0.458 0.166 0.872 0.041
-46.379 -433.885 -109.879 -0.458 0.164 0.873 0.036
-46.501 -434.433 -109.731 -0.457 0.163 0.874 0.032
-46.617 -434.981 -109.583 -0.457 0.161 0.874 0.028
-46.728 -435.531 -109.434 -0.456 0.159 0.875 0.024
-46.834 -436.081 -109.285 -0.456 0.158 0.876 0.019
-46.934 -436.632 -109.134 -0.455 0.156 0.876 0.015
-47.030 -437.185 -108.982 -0.455 0.155 0.877 0.011
-47.120 -437.737 -108.830 -0.455 0.153 0.877 0.007
-47.205 -438.290 -108.678 -0.454 0.152 0.878 0.003
