21.502 -475.397 -70.113 
21.508 -474.755 -70.117 
21.517 -474.115 -70.124 
21.531 -473.474 -70.134 
21.548 -472.835 -70.147 
21.569 -472.197 -70.163 
21.594 -471.560 -70.182 
21.622 -470.923 -70.203 
21.654 -470.288 -70.228 
21.690 -469.653 -70.255 
21.728 -469.019 -70.285 
21.770 -468.387 -70.319 
21.815 -467.755 -70.355 
21.864 -467.125 -70.394 
21.915 -466.495 -70.436 
21.969 -465.867 -70.482 
22.027 -465.240 -70.530 
22.087 -464.615 -70.581 
22.149 -463.990 -70.635 
22.215 -463.367 -70.692 
22.283 -462.746 -70.752 
22.353 -462.125 -70.816 
22.426 -461.506 -70.882 
22.501 -460.889 -70.951 
22.579 -460.272 -71.024 
22.658 -459.658 -71.099 
22.740 -459.044 -71.178 
22.823 -458.432 -71.259 
22.908 -457.822 -71.344 
22.995 -457.213 -71.432 
23.084 -456.605 -71.523 
23.174 -455.999 -71.617 
23.265 -455.395 -71.714 
23.358 -454.792 -71.814 
23.452 -454.191 -71.918 
23.547 -453.591 -72.024 
23.643 -452.993 -72.134 
23.740 -452.397 -72.247 
23.835 -451.816 -72.361 
23.930 -451.248 -72.475 
24.025 -450.680 -72.593 
24.121 -450.114 -72.714 
24.217 -449.549 -72.839 
24.314 -448.985 -72.966 
24.411 -448.422 -73.097 
24.509 -447.860 -73.232 
24.607 -447.299 -73.370 
24.705 -446.740 -73.511 
24.803 -446.181 -73.656 
24.901 -445.625 -73.804 
24.999 -445.069 -73.956 
25.097 -444.515 -74.111 
25.194 -443.961 -74.270 
25.291 -443.410 -74.433 
25.387 -442.859 -74.599 
25.483 -442.310 -74.768 
25.577 -441.763 -74.941 
25.671 -441.216 -75.118 
25.765 -440.672 -75.298 
25.856 -440.129 -75.482 
25.947 -439.587 -75.670 
26.037 -439.046 -75.861 
26.125 -438.507 -76.056 
26.212 -437.970 -76.255 
26.297 -437.434 -76.458 
26.380 -436.899 -76.664 
26.462 -436.367 -76.874 
26.541 -435.835 -77.087 
26.619 -435.305 -77.305 
26.694 -434.777 -77.526 
26.767 -434.250 -77.751 
26.837 -433.725 -77.980 
26.905 -433.201 -78.213 
26.971 -432.679 -78.449 
27.033 -432.159 -78.689 
27.093 -431.640 -78.933 
27.150 -431.123 -79.181 
27.203 -430.608 -79.432 
27.253 -430.094 -79.687 
27.300 -429.582 -79.946 
27.343 -429.073 -80.208 
27.382 -428.564 -80.474 
27.418 -428.058 -80.744 
27.449 -427.554 -81.017 
27.477 -427.052 -81.294 
27.500 -426.552 -81.574 
27.519 -426.054 -81.858 
27.534 -425.558 -82.144 
27.544 -425.065 -82.434 
27.549 -424.573 -82.727 
27.549 -424.085 -83.024 
27.544 -423.599 -83.323 
27.534 -423.116 -83.625 
27.519 -422.635 -83.930 
27.499 -422.158 -84.237 
27.473 -421.684 -84.547 
27.442 -421.213 -84.859 
27.405 -420.746 -85.173 
27.362 -420.282 -85.489 
27.313 -419.821 -85.808 
27.259 -419.365 -86.127 
27.199 -418.912 -86.449 
27.132 -418.463 -86.772 
27.060 -418.019 -87.096 
26.982 -417.578 -87.422 
26.898 -417.142 -87.748 
26.807 -416.710 -88.075 
26.711 -416.282 -88.403 
26.609 -415.859 -88.732 
26.500 -415.441 -89.061 
26.386 -415.027 -89.390 
26.265 -414.617 -89.720 
26.139 -414.212 -90.050 
26.007 -413.812 -90.379 
25.869 -413.416 -90.709 
25.725 -413.024 -91.039 
25.575 -412.637 -91.369 
25.419 -412.255 -91.699 
25.258 -411.877 -92.028 
25.091 -411.504 -92.357 
24.918 -411.135 -92.686 
24.739 -410.770 -93.014 
24.555 -410.410 -93.342 
24.365 -410.054 -93.670 
24.170 -409.703 -93.997 
23.969 -409.356 -94.323 
23.762 -409.013 -94.649 
23.550 -408.675 -94.975 
23.333 -408.341 -95.300 
23.110 -408.012 -95.624 
22.882 -407.687 -95.947 
22.649 -407.367 -96.270 
22.411 -407.051 -96.591 
22.167 -406.740 -96.912 
21.918 -406.433 -97.232 
21.664 -406.131 -97.551 
21.405 -405.833 -97.868 
21.142 -405.540 -98.185 
20.873 -405.252 -98.500 
20.600 -404.968 -98.814 
20.322 -404.689 -99.126 
20.039 -404.415 -99.437 
19.752 -404.145 -99.747 
19.460 -403.880 -100.056 
19.163 -403.620 -100.362 
18.862 -403.365 -100.667 
18.557 -403.114 -100.971 
18.247 -402.868 -101.273 
17.933 -402.628 -101.573 
17.615 -402.391 -101.871 
17.292 -402.160 -102.168 
16.966 -401.933 -102.463 
16.635 -401.712 -102.756 
16.300 -401.495 -103.046 
15.962 -401.283 -103.335 
15.620 -401.077 -103.622 
15.274 -400.875 -103.906 
14.923 -400.677 -104.189 
14.570 -400.485 -104.469 
14.213 -400.298 -104.747 
13.852 -400.116 -105.023 
13.487 -399.939 -105.297 
13.119 -399.766 -105.567 
12.748 -399.599 -105.836 
12.374 -399.437 -106.102 
11.997 -399.280 -106.365 
11.616 -399.128 -106.626 
11.232 -398.981 -106.884 
10.845 -398.839 -107.140 
10.455 -398.703 -107.392 
10.062 -398.571 -107.642 
9.667 -398.444 -107.890 
9.268 -398.322 -108.134 
8.867 -398.206 -108.375 
8.463 -398.094 -108.614 
8.056 -397.988 -108.850 
7.646 -397.886 -109.083 
7.233 -397.790 -109.313 
6.818 -397.698 -109.540 
6.400 -397.612 -109.765 
5.980 -397.531 -109.986 
5.556 -397.455 -110.204 
5.130 -397.383 -110.420 
4.701 -397.317 -110.633 
4.269 -397.256 -110.843 
3.835 -397.200 -111.049 
3.398 -397.150 -111.253 
2.959 -397.104 -111.454 
2.517 -397.064 -111.652 
2.073 -397.029 -111.847 
1.627 -396.999 -112.039 
1.178 -396.974 -112.227 
0.728 -396.955 -112.413 
0.275 -396.941 -112.595 
-0.179 -396.932 -112.774 
-0.636 -396.929 -112.950 
-1.094 -396.931 -113.123 
-1.554 -396.938 -113.292 
-2.016 -396.951 -113.458 
-2.479 -396.969 -113.620 
-2.943 -396.993 -113.779 
-3.409 -397.022 -113.935 
-3.876 -397.056 -114.087 
-4.344 -397.096 -114.236 
-4.814 -397.142 -114.381 
-5.284 -397.193 -114.523 
-5.755 -397.249 -114.661 
-6.227 -397.311 -114.795 
-6.700 -397.378 -114.926 
-7.173 -397.451 -115.053 
-7.647 -397.529 -115.176 
-8.121 -397.613 -115.296 
-8.596 -397.702 -115.412 
-9.072 -397.797 -115.525 
-9.548 -397.897 -115.633 
-10.024 -398.003 -115.738 
-10.500 -398.114 -115.839 
-10.976 -398.231 -115.937 
-11.453 -398.353 -116.030 
-11.930 -398.482 -116.120 
-12.407 -398.615 -116.206 
-12.884 -398.754 -116.288 
-13.361 -398.899 -116.367 
-13.838 -399.050 -116.441 
-14.315 -399.206 -116.512 
-14.791 -399.368 -116.579 
-15.267 -399.535 -116.642 
-15.742 -399.708 -116.701 
-16.217 -399.887 -116.757 
-16.692 -400.072 -116.808 
-17.166 -400.262 -116.856 
-17.640 -400.459 -116.900 
-18.113 -400.661 -116.940 
-18.585 -400.869 -116.976 
-19.056 -401.082 -117.009 
-19.527 -401.302 -117.037 
-19.996 -401.527 -117.062 
-20.464 -401.758 -117.083 
-20.932 -401.995 -117.100 
-21.398 -402.238 -117.114 
-21.862 -402.487 -117.124 
-22.326 -402.741 -117.130 
-22.787 -403.001 -117.132 
-23.247 -403.268 -117.131 
-23.706 -403.540 -117.126 
-24.163 -403.818 -117.117 
-24.617 -404.101 -117.105 
-25.070 -404.391 -117.089 
-25.521 -404.687 -117.069 
-25.970 -404.988 -117.046 
-26.417 -405.296 -117.020 
-26.862 -405.609 -116.990 
-27.304 -405.928 -116.957 
-27.743 -406.252 -116.920 
-28.181 -406.582 -116.880 
-28.615 -406.918 -116.837 
-29.047 -407.260 -116.791 
-29.476 -407.608 -116.741 
-29.902 -407.961 -116.689 
-30.325 -408.320 -116.633 
-30.745 -408.684 -116.574 
-31.162 -409.053 -116.513 
-31.575 -409.428 -116.449 
-31.985 -409.808 -116.382 
-32.391 -410.193 -116.312 
-32.794 -410.584 -116.240 
-33.193 -410.979 -116.165 
-33.587 -411.380 -116.087 
-33.979 -411.785 -116.008 
-34.365 -412.195 -115.926 
-34.748 -412.609 -115.842 
-35.127 -413.028 -115.755 
-35.501 -413.451 -115.667 
-35.871 -413.879 -115.576 
-36.236 -414.311 -115.484 
-36.597 -414.747 -115.390 
-36.953 -415.187 -115.294 
-37.304 -415.631 -115.196 
-37.651 -416.079 -115.097 
-37.994 -416.531 -114.996 
-38.331 -416.986 -114.894 
-38.664 -417.445 -114.790 
-38.993 -417.908 -114.685 
-39.316 -418.375 -114.578 
-39.635 -418.845 -114.470 
-39.948 -419.319 -114.361 
-40.258 -419.796 -114.251 
-40.562 -420.276 -114.140 
-40.861 -420.760 -114.028 
-41.155 -421.247 -113.915 
-41.445 -421.737 -113.801 
-41.730 -422.230 -113.686 
-42.010 -422.726 -113.571 
-42.284 -423.225 -113.455 
-42.554 -423.728 -113.338 
-42.820 -424.233 -113.220 
-43.080 -424.741 -113.102 
-43.335 -425.252 -112.984 
-43.585 -425.765 -112.865 
-43.831 -426.281 -112.746 
-44.071 -426.800 -112.627 
-44.307 -427.322 -112.507 
-44.537 -427.846 -112.387 
-44.763 -428.372 -112.267 
-44.984 -428.901 -112.147 
-45.200 -429.433 -112.027 
-45.411 -429.967 -111.907 
-45.617 -430.503 -111.787 
-45.818 -431.042 -111.667 
-46.015 -431.582 -111.547 
-46.206 -432.125 -111.428 
-46.393 -432.670 -111.309 
-46.575 -433.218 -111.190 
-46.753 -433.768 -111.072 
-46.925 -434.319 -110.954 
-47.093 -434.873 -110.837 
-47.256 -435.428 -110.720 
-47.414 -435.985 -110.604 
-47.567 -436.545 -110.488 
-47.716 -437.106 -110.373 
-47.860 -437.669 -110.259 
-47.999 -438.234 -110.146 
-48.133 -438.800 -110.033 
-48.263 -439.368 -109.922 
-48.389 -439.938 -109.811 
-48.509 -440.509 -109.702 
-48.626 -441.082 -109.593 
-48.737 -441.657 -109.486 
-48.844 -442.233 -109.380 
-48.947 -442.810 -109.275 
-49.045 -443.389 -109.171 
-49.139 -443.970 -109.068 
-49.228 -444.552 -108.967 
