24.700 -457.905 -70.114 
24.702 -457.294 -70.120 
24.705 -456.680 -70.131 
24.710 -456.064 -70.146 
24.716 -455.445 -70.165 
24.726 -454.822 -70.189 
24.738 -454.198 -70.218 
24.753 -453.572 -70.250 
24.772 -452.945 -70.287 
24.794 -452.316 -70.329 
24.820 -451.687 -70.375 
24.849 -451.057 -70.425 
24.882 -450.428 -70.480 
24.920 -449.798 -70.539 
24.961 -449.170 -70.603 
25.006 -448.543 -70.670 
25.054 -447.917 -70.742 
25.106 -447.294 -70.819 
25.161 -446.673 -70.899 
25.219 -446.054 -70.983 
25.281 -445.437 -71.072 
25.345 -444.824 -71.164 
25.411 -444.213 -71.260 
25.479 -443.606 -71.360 
25.549 -443.002 -71.464 
25.621 -442.401 -71.572 
25.694 -441.804 -71.683 
25.767 -441.210 -71.799 
25.841 -440.621 -71.917 
25.916 -440.034 -72.040 
25.991 -439.451 -72.166 
26.065 -438.871 -72.295 
26.139 -438.294 -72.428 
26.212 -437.721 -72.565 
26.284 -437.151 -72.705 
26.355 -436.585 -72.848 
26.424 -436.021 -72.995 
26.492 -435.461 -73.145 
26.558 -434.904 -73.299 
26.621 -434.349 -73.456 
26.683 -433.798 -73.616 
26.742 -433.249 -73.780 
26.799 -432.703 -73.947 
26.853 -432.160 -74.118 
26.904 -431.618 -74.292 
26.953 -431.080 -74.469 
26.998 -430.544 -74.649 
27.041 -430.009 -74.833 
27.080 -429.477 -75.020 
27.116 -428.947 -75.211 
27.148 -428.419 -75.404 
27.177 -427.894 -75.601 
27.203 -427.371 -75.802 
27.225 -426.849 -76.005 
27.243 -426.331 -76.212 
27.257 -425.814 -76.422 
27.268 -425.298 -76.635 
27.275 -424.785 -76.851 
27.277 -424.275 -77.071 
27.276 -423.766 -77.294 
27.271 -423.259 -77.520 
27.262 -422.755 -77.748 
27.249 -422.253 -77.980 
27.231 -421.752 -78.215 
27.210 -421.254 -78.453 
27.184 -420.760 -78.694 
27.154 -420.267 -78.938 
27.119 -419.776 -79.184 
27.080 -419.289 -79.433 
27.037 -418.804 -79.685 
26.989 -418.322 -79.940 
26.937 -417.843 -80.197 
26.880 -417.366 -80.456 
26.819 -416.892 -80.719 
26.753 -416.421 -80.984 
26.682 -415.953 -81.251 
26.607 -415.488 -81.520 
26.527 -415.027 -81.791 
26.442 -414.569 -82.065 
26.352 -414.114 -82.341 
26.258 -413.662 -82.619 
26.158 -413.214 -82.899 
26.054 -412.769 -83.181 
25.944 -412.327 -83.464 
25.830 -411.890 -83.750 
25.710 -411.455 -84.037 
25.586 -411.025 -84.326 
25.456 -410.598 -84.617 
25.321 -410.174 -84.909 
25.180 -409.754 -85.203 
25.035 -409.339 -85.498 
24.884 -408.927 -85.795 
24.728 -408.519 -86.093 
24.566 -408.114 -86.392 
24.399 -407.714 -86.693 
24.226 -407.317 -86.995 
24.048 -406.925 -87.298 
23.865 -406.537 -87.602 
23.677 -406.154 -87.907 
23.482 -405.774 -88.212 
23.283 -405.400 -88.519 
23.078 -405.029 -88.825 
22.867 -404.663 -89.133 
22.652 -404.302 -89.441 
22.431 -403.946 -89.749 
22.204 -403.594 -90.057 
21.972 -403.247 -90.366 
21.735 -402.904 -90.675 
21.492 -402.567 -90.983 
21.244 -402.234 -91.292 
20.991 -401.906 -91.601 
20.732 -401.582 -91.910 
20.468 -401.264 -92.218 
20.199 -400.951 -92.526 
19.924 -400.642 -92.834 
19.644 -400.338 -93.142 
19.359 -400.039 -93.449 
19.068 -399.745 -93.756 
18.773 -399.456 -94.063 
18.471 -399.172 -94.369 
18.165 -398.893 -94.674 
17.854 -398.619 -94.979 
17.538 -398.350 -95.284 
17.216 -398.086 -95.587 
16.890 -397.828 -95.890 
16.559 -397.575 -96.192 
16.223 -397.327 -96.493 
15.883 -397.084 -96.793 
15.538 -396.847 -97.092 
15.188 -396.616 -97.390 
14.833 -396.389 -97.687 
14.474 -396.169 -97.983 
14.111 -395.954 -98.277 
13.743 -395.745 -98.571 
13.371 -395.541 -98.862 
12.995 -395.343 -99.153 
12.615 -395.151 -99.442 
12.230 -394.965 -99.729 
11.842 -394.784 -100.015 
11.449 -394.610 -100.299 
11.053 -394.441 -100.582 
10.653 -394.278 -100.863 
10.250 -394.121 -101.142 
9.843 -393.971 -101.419 
9.432 -393.826 -101.694 
9.018 -393.687 -101.968 
8.601 -393.555 -102.239 
8.180 -393.428 -102.508 
7.756 -393.308 -102.775 
7.329 -393.194 -103.041 
6.899 -393.086 -103.304 
6.465 -392.984 -103.565 
6.029 -392.888 -103.823 
5.590 -392.799 -104.080 
5.148 -392.716 -104.334 
4.703 -392.640 -104.586 
4.255 -392.569 -104.836 
3.805 -392.505 -105.083 
3.353 -392.448 -105.328 
2.898 -392.397 -105.571 
2.441 -392.352 -105.811 
1.981 -392.314 -106.049 
1.519 -392.282 -106.284 
1.055 -392.257 -106.517 
0.589 -392.238 -106.747 
0.122 -392.226 -106.974 
-0.348 -392.220 -107.199 
-0.820 -392.221 -107.422 
-1.293 -392.229 -107.642 
-1.768 -392.243 -107.859 
-2.244 -392.263 -108.073 
-2.721 -392.291 -108.284 
-3.200 -392.325 -108.493 
-3.679 -392.365 -108.698 
-4.159 -392.412 -108.901 
-4.640 -392.466 -109.100 
-5.122 -392.526 -109.297 
-5.603 -392.593 -109.490 
-6.086 -392.666 -109.681 
-6.569 -392.747 -109.868 
-7.053 -392.833 -110.052 
-7.536 -392.926 -110.233 
-8.019 -393.026 -110.411 
-8.503 -393.132 -110.586 
-8.986 -393.244 -110.757 
-9.469 -393.364 -110.925 
-9.952 -393.489 -111.090 
-10.434 -393.621 -111.251 
-10.916 -393.759 -111.409 
-11.397 -393.904 -111.563 
-11.878 -394.055 -111.714 
-12.358 -394.213 -111.862 
-12.836 -394.377 -112.006 
-13.314 -394.547 -112.146 
-13.790 -394.723 -112.283 
-14.265 -394.905 -112.416 
-14.739 -395.093 -112.545 
-15.211 -395.288 -112.671 
-15.683 -395.489 -112.793 
-16.152 -395.696 -112.911 
-16.620 -395.909 -113.026 
-17.086 -396.128 -113.137 
-17.550 -396.352 -113.244 
-18.012 -396.583 -113.347 
-18.472 -396.820 -113.446 
-18.930 -397.063 -113.542 
-19.386 -397.311 -113.634 
-19.840 -397.565 -113.722 
-20.291 -397.825 -113.806 
-20.740 -398.090 -113.886 
-21.186 -398.361 -113.962 
-21.630 -398.637 -114.035 
-22.072 -398.920 -114.103 
-22.510 -399.207 -114.168 
-22.946 -399.500 -114.230 
-23.380 -399.799 -114.287 
-23.810 -400.102 -114.341 
-24.238 -400.412 -114.390 
-24.662 -400.726 -114.437 
-25.084 -401.045 -114.479 
-25.503 -401.371 -114.518 
-25.919 -401.701 -114.553 
-26.331 -402.036 -114.585 
-26.740 -402.376 -114.612 
-27.147 -402.722 -114.637 
-27.550 -403.073 -114.658 
-27.950 -403.429 -114.675 
-28.346 -403.789 -114.689 
-28.740 -404.155 -114.700 
-29.130 -404.525 -114.708 
-29.517 -404.901 -114.712 
-29.900 -405.282 -114.713 
-30.280 -405.667 -114.710 
-30.657 -406.057 -114.705 
-31.030 -406.452 -114.696 
-31.400 -406.852 -114.685 
-31.766 -407.257 -114.671 
-32.129 -407.666 -114.654 
-32.489 -408.080 -114.634 
-32.845 -408.499 -114.611 
-33.197 -408.923 -114.586 
-33.546 -409.351 -114.558 
-33.891 -409.783 -114.527 
-34.233 -410.220 -114.494 
-34.571 -410.662 -114.459 
-34.905 -411.108 -114.421 
-35.235 -411.558 -114.382 
-35.562 -412.012 -114.340 
-35.885 -412.471 -114.296 
-36.204 -412.934 -114.250 
-36.519 -413.401 -114.202 
-36.831 -413.872 -114.152 
-37.138 -414.347 -114.100 
-37.442 -414.826 -114.047 
-37.741 -415.309 -113.992 
-38.037 -415.795 -113.936 
-38.329 -416.285 -113.878 
-38.616 -416.778 -113.819 
-38.899 -417.276 -113.759 
-39.179 -417.777 -113.697 
-39.454 -418.281 -113.634 
-39.724 -418.788 -113.570 
-39.991 -419.298 -113.505 
-40.253 -419.811 -113.439 
-40.511 -420.328 -113.372 
-40.765 -420.848 -113.304 
-41.014 -421.370 -113.235 
-41.259 -421.895 -113.166 
-41.500 -422.423 -113.096 
-41.736 -422.954 -113.025 
-41.968 -423.486 -112.953 
-42.195 -424.022 -112.882 
-42.418 -424.560 -112.809 
-42.636 -425.100 -112.736 
-42.850 -425.643 -112.663 
-43.059 -426.187 -112.589 
-43.264 -426.734 -112.515 
-43.464 -427.283 -112.441 
-43.659 -427.834 -112.367 
-43.850 -428.388 -112.292 
-44.037 -428.943 -112.217 
-44.218 -429.501 -112.141 
-44.396 -430.060 -112.066 
-44.568 -430.620 -111.990 
-44.736 -431.182 -111.915 
-44.899 -431.746 -111.839 
-45.057 -432.312 -111.764 
-45.211 -432.878 -111.688 
-45.360 -433.447 -111.612 
-45.504 -434.017 -111.536 
-45.643 -434.588 -111.460 
-45.778 -435.160 -111.385 
-45.907 -435.734 -111.309 
-46.032 -436.309 -111.233 
-46.152 -436.885 -111.157 
-46.267 -437.462 -111.081 
-46.377 -438.041 -111.005 
-46.482 -438.621 -110.929 
-46.582 -439.201 -110.853 
-46.678 -439.783 -110.777 
-46.768 -440.365 -110.701 
-46.853 -440.948 -110.624 
-46.933 -441.532 -110.548 
-47.008 -442.117 -110.472 
-47.078 -442.702 -110.395 
-47.142 -443.289 -110.319 
-47.202 -443.876 -110.242 
-47.256 -444.463 -110.165 
