21.501 -475.404 -70.113 
21.506 -474.797 -70.115 
21.513 -474.189 -70.120 
21.524 -473.580 -70.126 
21.537 -472.973 -70.133 
21.554 -472.365 -70.143 
21.574 -471.758 -70.154 
21.597 -471.151 -70.167 
21.623 -470.544 -70.182 
21.653 -469.936 -70.199 
21.685 -469.330 -70.217 
21.721 -468.723 -70.238 
21.760 -468.116 -70.260 
21.803 -467.509 -70.285 
21.849 -466.903 -70.311 
21.898 -466.297 -70.339 
21.950 -465.692 -70.369 
22.006 -465.087 -70.402 
22.064 -464.483 -70.437 
22.127 -463.879 -70.473 
22.192 -463.274 -70.512 
22.261 -462.672 -70.554 
22.333 -462.069 -70.597 
22.408 -461.466 -70.643 
22.487 -460.865 -70.692 
22.569 -460.264 -70.743 
22.653 -459.664 -70.797 
22.741 -459.065 -70.853 
22.832 -458.466 -70.912 
22.927 -457.868 -70.974 
23.024 -457.270 -71.039 
23.124 -456.674 -71.107 
23.226 -456.079 -71.178 
23.332 -455.484 -71.252 
23.441 -454.890 -71.329 
23.552 -454.297 -71.410 
23.665 -453.704 -71.494 
23.781 -453.114 -71.581 
23.899 -452.524 -71.671 
24.020 -451.935 -71.766 
24.143 -451.346 -71.863 
24.267 -450.759 -71.965 
24.394 -450.174 -72.070 
24.522 -449.589 -72.179 
24.651 -449.006 -72.292 
24.782 -448.424 -72.409 
24.914 -447.844 -72.530 
25.048 -447.265 -72.654 
25.182 -446.688 -72.783 
25.317 -446.112 -72.915 
25.452 -445.538 -73.052 
25.587 -444.966 -73.192 
25.723 -444.395 -73.337 
25.859 -443.826 -73.486 
25.994 -443.260 -73.638 
26.129 -442.695 -73.795 
26.263 -442.132 -73.956 
26.397 -441.571 -74.120 
26.529 -441.013 -74.289 
26.660 -440.458 -74.462 
26.789 -439.905 -74.638 
26.918 -439.353 -74.819 
27.044 -438.804 -75.003 
27.168 -438.258 -75.191 
27.291 -437.713 -75.383 
27.411 -437.172 -75.579 
27.528 -436.634 -75.778 
27.643 -436.099 -75.981 
27.755 -435.565 -76.188 
27.864 -435.035 -76.399 
27.970 -434.507 -76.613 
28.073 -433.982 -76.830 
28.173 -433.459 -77.052 
28.269 -432.939 -77.276 
28.362 -432.423 -77.504 
28.450 -431.910 -77.736 
28.535 -431.399 -77.971 
28.616 -430.893 -78.208 
28.693 -430.388 -78.450 
28.766 -429.887 -78.694 
28.834 -429.389 -78.941 
28.898 -428.895 -79.191 
28.958 -428.404 -79.444 
29.012 -427.916 -79.700 
29.062 -427.432 -79.959 
29.108 -426.952 -80.220 
29.148 -426.475 -80.483 
29.183 -426.002 -80.750 
29.213 -425.532 -81.019 
29.238 -425.066 -81.290 
29.258 -424.603 -81.564 
29.273 -424.143 -81.840 
29.282 -423.687 -82.118 
29.286 -423.234 -82.399 
29.284 -422.786 -82.681 
29.277 -422.340 -82.966 
29.264 -421.898 -83.252 
29.246 -421.459 -83.541 
29.223 -421.023 -83.833 
29.193 -420.590 -84.126 
29.158 -420.160 -84.421 
29.117 -419.734 -84.718 
29.071 -419.310 -85.017 
29.018 -418.889 -85.318 
28.960 -418.472 -85.620 
28.896 -418.058 -85.924 
28.826 -417.647 -86.229 
28.751 -417.239 -86.537 
28.669 -416.834 -86.845 
28.582 -416.432 -87.155 
28.488 -416.033 -87.467 
28.389 -415.638 -87.780 
28.284 -415.245 -88.094 
28.173 -414.856 -88.409 
28.055 -414.470 -88.725 
27.932 -414.086 -89.042 
27.803 -413.706 -89.360 
27.668 -413.329 -89.679 
27.527 -412.954 -89.999 
27.379 -412.583 -90.320 
27.226 -412.215 -90.641 
27.067 -411.851 -90.963 
26.902 -411.490 -91.286 
26.730 -411.132 -91.609 
26.553 -410.777 -91.932 
26.370 -410.425 -92.255 
26.180 -410.077 -92.579 
25.985 -409.732 -92.902 
25.784 -409.390 -93.226 
25.577 -409.052 -93.549 
25.363 -408.717 -93.873 
25.144 -408.385 -94.196 
24.919 -408.057 -94.519 
24.688 -407.733 -94.841 
24.451 -407.412 -95.163 
24.208 -407.094 -95.485 
23.960 -406.780 -95.805 
23.705 -406.470 -96.124 
23.445 -406.164 -96.443 
23.179 -405.861 -96.761 
22.908 -405.563 -97.077 
22.631 -405.267 -97.392 
22.348 -404.976 -97.707 
22.059 -404.688 -98.019 
21.765 -404.405 -98.330 
21.466 -404.126 -98.640 
21.161 -403.850 -98.948 
20.850 -403.578 -99.254 
20.535 -403.311 -99.559 
20.213 -403.047 -99.861 
19.887 -402.787 -100.162 
19.555 -402.532 -100.461 
19.218 -402.281 -100.757 
18.877 -402.034 -101.051 
18.530 -401.792 -101.343 
18.179 -401.554 -101.632 
17.822 -401.320 -101.919 
17.461 -401.091 -102.204 
17.096 -400.866 -102.486 
16.725 -400.646 -102.765 
16.350 -400.430 -103.042 
15.971 -400.219 -103.316 
15.587 -400.013 -103.587 
15.199 -399.811 -103.855 
14.806 -399.613 -104.120 
14.410 -399.421 -104.383 
14.009 -399.234 -104.642 
13.605 -399.051 -104.899 
13.196 -398.873 -105.153 
12.783 -398.699 -105.403 
12.367 -398.531 -105.650 
11.947 -398.368 -105.895 
11.522 -398.209 -106.136 
11.095 -398.056 -106.374 
10.665 -397.908 -106.608 
10.230 -397.765 -106.840 
9.792 -397.627 -107.068 
9.350 -397.494 -107.294 
8.906 -397.366 -107.516 
8.458 -397.244 -107.735 
8.007 -397.127 -107.950 
7.554 -397.015 -108.162 
7.097 -396.909 -108.371 
6.636 -396.808 -108.577 
6.174 -396.713 -108.780 
5.709 -396.623 -108.979 
5.242 -396.539 -109.175 
4.771 -396.460 -109.367 
4.298 -396.387 -109.556 
3.823 -396.320 -109.742 
3.346 -396.258 -109.924 
2.866 -396.202 -110.103 
2.385 -396.152 -110.278 
1.902 -396.108 -110.450 
1.418 -396.069 -110.618 
0.931 -396.037 -110.783 
0.442 -396.010 -110.945 
-0.048 -395.990 -111.103 
-0.539 -395.975 -111.257 
-1.032 -395.966 -111.408 
-1.525 -395.963 -111.555 
-2.020 -395.967 -111.698 
-2.516 -395.976 -111.838 
-3.013 -395.991 -111.975 
-3.510 -396.012 -112.108 
-4.009 -396.040 -112.237 
-4.508 -396.073 -112.363 
-5.007 -396.113 -112.485 
-5.507 -396.158 -112.604 
-6.008 -396.210 -112.719 
-6.508 -396.268 -112.830 
-7.009 -396.332 -112.938 
-7.511 -396.402 -113.042 
-8.012 -396.479 -113.143 
-8.513 -396.561 -113.240 
-9.014 -396.650 -113.334 
-9.515 -396.745 -113.424 
-10.016 -396.846 -113.510 
-10.515 -396.953 -113.593 
-11.015 -397.066 -113.673 
-11.513 -397.186 -113.748 
-12.012 -397.311 -113.821 
-12.509 -397.443 -113.890 
-13.006 -397.581 -113.955 
-13.501 -397.725 -114.017 
-13.995 -397.875 -114.076 
-14.487 -398.031 -114.131 
-14.979 -398.194 -114.182 
-15.469 -398.362 -114.231 
-15.959 -398.537 -114.276 
-16.446 -398.718 -114.317 
-16.932 -398.905 -114.356 
-17.417 -399.097 -114.391 
-17.899 -399.296 -114.422 
-18.381 -399.502 -114.451 
-18.860 -399.713 -114.476 
-19.338 -399.930 -114.498 
-19.813 -400.153 -114.517 
-20.287 -400.382 -114.533 
-20.758 -400.617 -114.546 
-21.226 -400.858 -114.556 
-21.693 -401.105 -114.562 
-22.157 -401.358 -114.566 
-22.619 -401.617 -114.566 
-23.079 -401.882 -114.564 
-23.536 -402.152 -114.558 
-23.990 -402.429 -114.550 
-24.442 -402.711 -114.539 
-24.892 -402.999 -114.525 
-25.338 -403.293 -114.508 
-25.782 -403.593 -114.489 
-26.223 -403.899 -114.466 
-26.660 -404.209 -114.441 
-27.095 -404.526 -114.413 
-27.527 -404.848 -114.383 
-27.955 -405.176 -114.350 
-28.381 -405.510 -114.315 
-28.803 -405.849 -114.277 
-29.222 -406.194 -114.236 
-29.638 -406.544 -114.193 
-30.051 -406.900 -114.148 
-30.460 -407.261 -114.100 
-30.865 -407.627 -114.050 
-31.268 -407.999 -113.998 
-31.666 -408.375 -113.943 
-32.061 -408.758 -113.887 
-32.453 -409.146 -113.828 
-32.840 -409.538 -113.767 
-33.224 -409.936 -113.704 
-33.605 -410.339 -113.639 
-33.981 -410.746 -113.573 
-34.354 -411.159 -113.504 
-34.723 -411.577 -113.434 
-35.088 -411.999 -113.361 
-35.449 -412.426 -113.288 
-35.806 -412.858 -113.212 
-36.158 -413.293 -113.135 
-36.507 -413.734 -113.057 
-36.852 -414.180 -112.976 
-37.192 -414.629 -112.895 
-37.528 -415.083 -112.812 
-37.860 -415.540 -112.728 
-38.188 -416.003 -112.643 
-38.511 -416.469 -112.556 
-38.830 -416.939 -112.468 
-39.145 -417.414 -112.379 
-39.455 -417.892 -112.290 
-39.760 -418.374 -112.199 
-40.062 -418.860 -112.107 
-40.359 -419.350 -112.014 
-40.651 -419.843 -111.920 
-40.939 -420.340 -111.826 
-41.222 -420.840 -111.731 
-41.500 -421.343 -111.635 
-41.774 -421.851 -111.538 
-42.044 -422.360 -111.441 
-42.308 -422.874 -111.344 
-42.569 -423.391 -111.245 
-42.824 -423.911 -111.147 
-43.075 -424.434 -111.048 
-43.321 -424.959 -110.948 
-43.563 -425.488 -110.848 
-43.800 -426.020 -110.748 
-44.032 -426.554 -110.648 
-44.260 -427.091 -110.548 
-44.482 -427.631 -110.447 
-44.700 -428.173 -110.347 
-44.914 -428.718 -110.246 
-45.122 -429.265 -110.145 
-45.326 -429.816 -110.045 
-45.525 -430.367 -109.944 
-45.719 -430.921 -109.844 
-45.909 -431.477 -109.743 
-46.094 -432.036 -109.643 
-46.274 -432.597 -109.543 
-46.449 -433.160 -109.444 
-46.620 -433.724 -109.344 
-46.786 -434.291 -109.245 
-46.947 -434.859 -109.147 
-47.103 -435.430 -109.049 
-47.255 -436.001 -108.951 
-47.402 -436.575 -108.854 
-47.544 -437.150 -108.757 
-47.682 -437.726 -108.661 
-47.814 -438.304 -108.566 
-47.942 -438.883 -108.471 
-48.065 -439.464 -108.377 
-48.184 -440.046 -108.284 
-48.298 -440.630 -108.191 
-48.407 -441.214 -108.099 
-48.512 -441.800 -108.008 
-48.612 -442.387 -107.918 
-48.707 -442.975 -107.829 
-48.798 -443.565 -107.740 
-48.884 -444.155 -107.653 
-48.966 -444.745 -107.567 
