24.701 -457.910 -70.114 
24.706 -457.296 -70.119 
24.713 -456.682 -70.128 
24.724 -456.068 -70.141 
24.737 -455.455 -70.158 
24.753 -454.842 -70.179 
24.772 -454.229 -70.203 
24.794 -453.617 -70.231 
24.818 -453.005 -70.263 
24.845 -452.394 -70.299 
24.875 -451.782 -70.338 
24.907 -451.172 -70.381 
24.941 -450.561 -70.428 
24.978 -449.952 -70.479 
25.017 -449.343 -70.534 
25.058 -448.734 -70.592 
25.102 -448.127 -70.654 
25.148 -447.519 -70.719 
25.196 -446.912 -70.789 
25.247 -446.306 -70.862 
25.299 -445.700 -70.939 
25.354 -445.095 -71.019 
25.410 -444.491 -71.104 
25.469 -443.888 -71.192 
25.530 -443.286 -71.284 
25.592 -442.684 -71.379 
25.656 -442.084 -71.479 
25.722 -441.485 -71.581 
25.790 -440.887 -71.688 
25.859 -440.289 -71.798 
25.930 -439.694 -71.912 
26.002 -439.100 -72.030 
26.076 -438.507 -72.151 
26.151 -437.916 -72.276 
26.226 -437.327 -72.404 
26.303 -436.740 -72.536 
26.380 -436.155 -72.672 
26.458 -435.572 -72.811 
26.535 -434.992 -72.953 
26.613 -434.415 -73.099 
26.691 -433.841 -73.248 
26.768 -433.269 -73.401 
26.843 -432.701 -73.556 
26.918 -432.138 -73.715 
26.991 -431.577 -73.877 
27.063 -431.021 -74.043 
27.132 -430.468 -74.211 
27.199 -429.920 -74.382 
27.263 -429.376 -74.557 
27.324 -428.836 -74.734 
27.381 -428.299 -74.915 
27.436 -427.767 -75.099 
27.486 -427.240 -75.285 
27.533 -426.716 -75.474 
27.576 -426.196 -75.667 
27.615 -425.679 -75.863 
27.649 -425.165 -76.061 
27.680 -424.656 -76.263 
27.706 -424.150 -76.468 
27.727 -423.648 -76.676 
27.745 -423.148 -76.886 
27.758 -422.652 -77.101 
27.767 -422.158 -77.318 
27.771 -421.667 -77.539 
27.771 -421.180 -77.762 
27.767 -420.695 -77.990 
27.758 -420.212 -78.220 
27.746 -419.731 -78.454 
27.729 -419.254 -78.692 
27.709 -418.779 -78.933 
27.684 -418.306 -79.178 
27.655 -417.835 -79.427 
27.622 -417.367 -79.680 
27.586 -416.902 -79.937 
27.546 -416.440 -80.197 
27.502 -415.980 -80.461 
27.454 -415.525 -80.729 
27.403 -415.074 -81.000 
27.349 -414.628 -81.273 
27.291 -414.187 -81.550 
27.230 -413.751 -81.829 
27.165 -413.321 -82.110 
27.097 -412.897 -82.393 
27.026 -412.479 -82.678 
26.952 -412.068 -82.964 
26.874 -411.662 -83.252 
26.793 -411.262 -83.541 
26.708 -410.868 -83.832 
26.619 -410.477 -84.125 
26.525 -410.091 -84.420 
26.427 -409.708 -84.716 
26.325 -409.329 -85.015 
26.217 -408.952 -85.316 
26.104 -408.578 -85.620 
25.985 -408.205 -85.926 
25.861 -407.835 -86.235 
25.731 -407.466 -86.546 
25.594 -407.098 -86.860 
25.452 -406.733 -87.175 
25.303 -406.370 -87.493 
25.148 -406.009 -87.813 
24.986 -405.650 -88.134 
24.818 -405.294 -88.457 
24.643 -404.940 -88.781 
24.463 -404.589 -89.107 
24.275 -404.241 -89.433 
24.082 -403.896 -89.760 
23.883 -403.555 -90.088 
23.677 -403.217 -90.417 
23.465 -402.882 -90.746 
23.248 -402.552 -91.075 
23.024 -402.225 -91.404 
22.794 -401.902 -91.734 
22.559 -401.583 -92.064 
22.317 -401.268 -92.394 
22.069 -400.957 -92.724 
21.816 -400.650 -93.055 
21.557 -400.348 -93.384 
21.292 -400.049 -93.714 
21.021 -399.755 -94.044 
20.745 -399.465 -94.373 
20.463 -399.179 -94.702 
20.175 -398.899 -95.031 
19.882 -398.622 -95.359 
19.584 -398.351 -95.686 
19.280 -398.084 -96.012 
18.971 -397.823 -96.337 
18.657 -397.566 -96.662 
18.338 -397.314 -96.985 
18.014 -397.068 -97.308 
17.686 -396.827 -97.628 
17.353 -396.591 -97.947 
17.015 -396.361 -98.265 
16.673 -396.136 -98.581 
16.326 -395.916 -98.896 
15.976 -395.702 -99.209 
15.621 -395.493 -99.520 
15.262 -395.290 -99.829 
14.899 -395.093 -100.136 
14.532 -394.901 -100.441 
14.163 -394.716 -100.744 
13.789 -394.535 -101.044 
13.412 -394.361 -101.343 
13.031 -394.192 -101.639 
12.647 -394.029 -101.933 
12.260 -393.871 -102.225 
11.870 -393.720 -102.515 
11.476 -393.574 -102.802 
11.080 -393.434 -103.087 
10.681 -393.299 -103.370 
10.279 -393.171 -103.650 
9.875 -393.048 -103.927 
9.467 -392.931 -104.203 
9.057 -392.820 -104.476 
8.644 -392.715 -104.747 
8.228 -392.615 -105.016 
7.810 -392.521 -105.282 
7.389 -392.432 -105.546 
6.965 -392.350 -105.808 
6.538 -392.273 -106.068 
6.108 -392.202 -106.326 
5.676 -392.136 -106.581 
5.241 -392.077 -106.834 
4.803 -392.023 -107.084 
4.363 -391.975 -107.332 
3.920 -391.933 -107.577 
3.474 -391.896 -107.820 
3.027 -391.866 -108.059 
2.576 -391.842 -108.297 
2.123 -391.823 -108.531 
1.669 -391.810 -108.763 
1.211 -391.804 -108.991 
0.752 -391.803 -109.217 
0.290 -391.808 -109.440 
-0.174 -391.819 -109.660 
-0.639 -391.837 -109.876 
-1.107 -391.860 -110.090 
-1.577 -391.890 -110.300 
-2.048 -391.925 -110.507 
-2.522 -391.967 -110.710 
-2.997 -392.014 -110.910 
-3.473 -392.068 -111.107 
-3.951 -392.128 -111.300 
-4.431 -392.194 -111.490 
-4.912 -392.266 -111.676 
-5.395 -392.345 -111.859 
-5.879 -392.429 -112.037 
-6.364 -392.520 -112.213 
-6.851 -392.618 -112.385 
-7.338 -392.721 -112.552 
-7.827 -392.831 -112.716 
-8.317 -392.947 -112.877 
-8.808 -393.069 -113.033 
-9.299 -393.198 -113.186 
-9.790 -393.332 -113.335 
-10.283 -393.474 -113.480 
-10.775 -393.621 -113.621 
-11.268 -393.775 -113.758 
-11.760 -393.935 -113.890 
-12.252 -394.101 -114.019 
-12.744 -394.273 -114.144 
-13.236 -394.451 -114.265 
-13.726 -394.636 -114.382 
-14.216 -394.826 -114.494 
-14.705 -395.023 -114.603 
-15.194 -395.225 -114.707 
-15.681 -395.433 -114.807 
-16.167 -395.648 -114.903 
-16.651 -395.868 -114.995 
-17.135 -396.094 -115.083 
-17.617 -396.326 -115.166 
-18.097 -396.564 -115.246 
-18.575 -396.808 -115.321 
-19.052 -397.057 -115.392 
-19.528 -397.312 -115.459 
-20.001 -397.573 -115.522 
-20.472 -397.840 -115.581 
-20.941 -398.111 -115.636 
-21.408 -398.389 -115.686 
-21.873 -398.672 -115.733 
-22.336 -398.961 -115.775 
-22.795 -399.255 -115.814 
-23.253 -399.555 -115.848 
-23.708 -399.860 -115.878 
-24.160 -400.170 -115.905 
-24.610 -400.486 -115.927 
-25.056 -400.807 -115.946 
-25.500 -401.133 -115.960 
-25.941 -401.465 -115.971 
-26.378 -401.801 -115.978 
-26.814 -402.143 -115.981 
-27.245 -402.490 -115.980 
-27.673 -402.841 -115.976 
-28.098 -403.198 -115.968 
-28.520 -403.559 -115.956 
-28.938 -403.926 -115.941 
-29.353 -404.297 -115.922 
-29.764 -404.673 -115.899 
-30.172 -405.054 -115.873 
-30.576 -405.439 -115.843 
-30.975 -405.829 -115.810 
-31.371 -406.223 -115.774 
-31.763 -406.622 -115.735 
-32.152 -407.025 -115.692 
-32.536 -407.433 -115.645 
-32.916 -407.844 -115.596 
-33.292 -408.260 -115.544 
-33.664 -408.681 -115.488 
-34.031 -409.105 -115.429 
-34.393 -409.531 -115.368 
-34.749 -409.959 -115.305 
-35.100 -410.390 -115.238 
-35.447 -410.825 -115.169 
-35.789 -411.264 -115.098 
-36.128 -411.706 -115.024 
-36.462 -412.152 -114.947 
-36.792 -412.601 -114.868 
-37.117 -413.054 -114.786 
-37.438 -413.510 -114.703 
-37.754 -413.969 -114.616 
-38.066 -414.432 -114.528 
-38.374 -414.898 -114.437 
-38.676 -415.367 -114.344 
-38.975 -415.838 -114.250 
-39.268 -416.313 -114.152 
-39.557 -416.791 -114.053 
-39.842 -417.272 -113.952 
-40.121 -417.756 -113.849 
-40.397 -418.242 -113.744 
-40.667 -418.732 -113.637 
-40.933 -419.224 -113.528 
-41.194 -419.719 -113.418 
-41.450 -420.216 -113.305 
-41.701 -420.717 -113.191 
-41.948 -421.219 -113.075 
-42.190 -421.724 -112.958 
-42.427 -422.232 -112.839 
-42.659 -422.741 -112.718 
-42.886 -423.253 -112.596 
-43.108 -423.766 -112.472 
-43.325 -424.283 -112.347 
-43.537 -424.801 -112.221 
-43.745 -425.322 -112.092 
-43.947 -425.844 -111.963 
-44.145 -426.369 -111.832 
-44.337 -426.895 -111.700 
-44.525 -427.423 -111.567 
-44.707 -427.953 -111.432 
-44.885 -428.485 -111.297 
-45.057 -429.019 -111.160 
-45.224 -429.554 -111.021 
-45.386 -430.090 -110.882 
-45.544 -430.628 -110.742 
-45.696 -431.167 -110.601 
-45.842 -431.708 -110.458 
-45.984 -432.250 -110.315 
-46.121 -432.794 -110.170 
-46.253 -433.339 -110.025 
-46.379 -433.885 -109.879 
-46.501 -434.433 -109.731 
-46.617 -434.981 -109.583 
-46.728 -435.531 -109.434 
-46.834 -436.081 -109.285 
-46.934 -436.632 -109.134 
-47.030 -437.185 -108.982 
-47.120 -437.737 -108.830 
-47.205 -438.290 -108.678 
