24.700 -457.942 -70.114 
24.702 -457.332 -70.120 
24.705 -456.719 -70.130 
24.709 -456.102 -70.145 
24.716 -455.483 -70.164 
24.725 -454.862 -70.188 
24.737 -454.238 -70.216 
24.751 -453.613 -70.248 
24.770 -452.986 -70.285 
24.791 -452.357 -70.326 
24.817 -451.728 -70.372 
24.846 -451.098 -70.422 
24.879 -450.469 -70.476 
24.915 -449.840 -70.535 
24.956 -449.212 -70.598 
25.000 -448.584 -70.666 
25.048 -447.959 -70.737 
25.100 -447.335 -70.813 
25.155 -446.714 -70.893 
25.213 -446.095 -70.977 
25.273 -445.479 -71.065 
25.337 -444.865 -71.157 
25.403 -444.254 -71.253 
25.471 -443.647 -71.353 
25.541 -443.043 -71.457 
25.612 -442.442 -71.565 
25.685 -441.844 -71.676 
25.758 -441.251 -71.791 
25.833 -440.660 -71.909 
25.907 -440.074 -72.031 
25.981 -439.491 -72.157 
26.056 -438.911 -72.286 
26.130 -438.334 -72.419 
26.203 -437.761 -72.556 
26.275 -437.191 -72.695 
26.346 -436.625 -72.839 
26.415 -436.061 -72.985 
26.483 -435.501 -73.135 
26.549 -434.944 -73.289 
26.613 -434.389 -73.445 
26.675 -433.838 -73.605 
26.734 -433.289 -73.769 
26.791 -432.743 -73.936 
26.845 -432.199 -74.106 
26.897 -431.657 -74.280 
26.946 -431.118 -74.457 
26.992 -430.581 -74.637 
27.034 -430.046 -74.821 
27.074 -429.514 -75.007 
27.110 -428.984 -75.198 
27.142 -428.457 -75.391 
27.172 -427.931 -75.588 
27.198 -427.407 -75.788 
27.220 -426.886 -75.991 
27.238 -426.367 -76.198 
27.253 -425.849 -76.408 
27.264 -425.334 -76.621 
27.271 -424.820 -76.837 
27.274 -424.309 -77.057 
27.274 -423.801 -77.279 
27.269 -423.294 -77.505 
27.260 -422.790 -77.733 
27.247 -422.288 -77.965 
27.230 -421.788 -78.199 
27.209 -421.290 -78.437 
27.183 -420.795 -78.677 
27.154 -420.303 -78.921 
27.120 -419.813 -79.167 
27.081 -419.326 -79.416 
27.038 -418.841 -79.667 
26.991 -418.358 -79.921 
26.939 -417.879 -80.178 
26.883 -417.402 -80.438 
26.822 -416.928 -80.700 
26.757 -416.457 -80.964 
26.686 -415.989 -81.231 
26.612 -415.524 -81.500 
26.532 -415.062 -81.772 
26.448 -414.604 -82.045 
26.358 -414.149 -82.321 
26.264 -413.697 -82.599 
26.165 -413.248 -82.878 
26.061 -412.803 -83.160 
25.953 -412.361 -83.444 
25.839 -411.922 -83.729 
25.720 -411.488 -84.017 
25.596 -411.057 -84.306 
25.466 -410.629 -84.596 
25.332 -410.206 -84.889 
25.192 -409.786 -85.182 
25.047 -409.370 -85.478 
24.897 -408.957 -85.775 
24.741 -408.548 -86.073 
24.580 -408.143 -86.372 
24.414 -407.743 -86.673 
24.242 -407.346 -86.975 
24.065 -406.954 -87.278 
23.882 -406.565 -87.582 
23.694 -406.182 -87.887 
23.500 -405.802 -88.193 
23.301 -405.427 -88.499 
23.097 -405.057 -88.806 
22.887 -404.690 -89.113 
22.672 -404.328 -89.421 
22.451 -403.971 -89.730 
22.226 -403.619 -90.038 
21.994 -403.272 -90.347 
21.758 -402.929 -90.656 
21.516 -402.591 -90.965 
21.268 -402.258 -91.273 
21.015 -401.929 -91.583 
20.757 -401.605 -91.892 
20.493 -401.286 -92.201 
20.224 -400.972 -92.509 
19.950 -400.663 -92.818 
19.670 -400.358 -93.126 
19.385 -400.059 -93.433 
19.095 -399.764 -93.740 
18.800 -399.475 -94.047 
18.499 -399.190 -94.354 
18.194 -398.911 -94.659 
17.883 -398.636 -94.964 
17.567 -398.367 -95.269 
17.247 -398.103 -95.572 
16.921 -397.844 -95.875 
16.591 -397.591 -96.177 
16.255 -397.342 -96.479 
15.915 -397.099 -96.779 
15.571 -396.862 -97.078 
15.221 -396.630 -97.376 
14.867 -396.403 -97.673 
14.509 -396.182 -97.969 
14.147 -395.967 -98.264 
13.780 -395.758 -98.557 
13.408 -395.554 -98.849 
13.033 -395.356 -99.139 
12.653 -395.163 -99.428 
12.270 -394.977 -99.716 
11.882 -394.796 -100.002 
11.490 -394.621 -100.286 
11.095 -394.451 -100.569 
10.696 -394.288 -100.850 
10.293 -394.131 -101.129 
9.886 -393.980 -101.406 
9.476 -393.835 -101.682 
9.063 -393.696 -101.955 
8.645 -393.563 -102.227 
8.225 -393.436 -102.497 
7.802 -393.315 -102.764 
7.375 -393.200 -103.030 
6.945 -393.092 -103.293 
6.512 -392.989 -103.554 
6.076 -392.893 -103.814 
5.637 -392.803 -104.070 
5.197 -392.720 -104.324 
4.755 -392.643 -104.577 
4.311 -392.573 -104.827 
3.864 -392.508 -105.076 
3.416 -392.450 -105.322 
2.965 -392.398 -105.567 
2.512 -392.353 -105.809 
2.057 -392.314 -106.050 
1.600 -392.281 -106.289 
1.142 -392.255 -106.525 
0.683 -392.234 -106.759 
0.221 -392.221 -106.991 
-0.242 -392.213 -107.221 
-0.707 -392.212 -107.448 
-1.173 -392.218 -107.673 
-1.640 -392.229 -107.896 
-2.109 -392.247 -108.116 
-2.579 -392.272 -108.334 
-3.051 -392.303 -108.550 
-3.523 -392.340 -108.763 
-3.996 -392.384 -108.974 
-4.471 -392.434 -109.182 
-4.946 -392.490 -109.388 
-5.423 -392.553 -109.591 
-5.901 -392.622 -109.792 
-6.379 -392.698 -109.990 
-6.859 -392.780 -110.186 
-7.339 -392.869 -110.379 
-7.820 -392.964 -110.569 
-8.301 -393.065 -110.757 
-8.783 -393.173 -110.942 
-9.266 -393.288 -111.124 
-9.748 -393.408 -111.304 
-10.231 -393.536 -111.480 
-10.713 -393.669 -111.654 
-11.196 -393.809 -111.825 
-11.677 -393.955 -111.993 
-12.159 -394.107 -112.158 
-12.640 -394.265 -112.320 
-13.121 -394.430 -112.479 
-13.601 -394.601 -112.634 
-14.079 -394.777 -112.787 
-14.557 -394.960 -112.936 
-15.035 -395.149 -113.083 
-15.511 -395.345 -113.226 
-15.985 -395.545 -113.366 
-16.459 -395.752 -113.503 
-16.931 -395.965 -113.636 
-17.401 -396.184 -113.766 
-17.871 -396.409 -113.893 
-18.338 -396.639 -114.017 
-18.804 -396.875 -114.137 
-19.268 -397.117 -114.255 
-19.731 -397.365 -114.368 
-20.192 -397.618 -114.479 
-20.650 -397.877 -114.586 
-21.107 -398.142 -114.690 
-21.562 -398.412 -114.791 
-22.015 -398.688 -114.888 
-22.466 -398.970 -114.982 
-22.915 -399.257 -115.073 
-23.361 -399.549 -115.160 
-23.805 -399.847 -115.244 
-24.246 -400.150 -115.325 
-24.686 -400.459 -115.402 
-25.122 -400.773 -115.476 
-25.556 -401.092 -115.547 
-25.988 -401.416 -115.614 
-26.416 -401.745 -115.678 
-26.842 -402.080 -115.738 
-27.265 -402.419 -115.796 
-27.685 -402.764 -115.850 
-28.102 -403.114 -115.901 
-28.517 -403.469 -115.948 
-28.928 -403.828 -115.992 
-29.336 -404.193 -116.033 
-29.741 -404.562 -116.071 
-30.143 -404.936 -116.105 
-30.542 -405.315 -116.136 
-30.937 -405.698 -116.164 
-31.329 -406.086 -116.189 
-31.717 -406.478 -116.211 
-32.101 -406.875 -116.229 
-32.483 -407.277 -116.244 
-32.860 -407.682 -116.256 
-33.235 -408.093 -116.265 
-33.604 -408.506 -116.271 
-33.971 -408.925 -116.274 
-34.334 -409.347 -116.274 
-34.693 -409.774 -116.271 
-35.048 -410.204 -116.265 
-35.399 -410.639 -116.256 
-35.746 -411.078 -116.243 
-36.089 -411.521 -116.228 
-36.428 -411.967 -116.211 
-36.763 -412.417 -116.190 
-37.095 -412.871 -116.166 
-37.422 -413.330 -116.140 
-37.745 -413.791 -116.111 
-38.063 -414.256 -116.079 
-38.378 -414.724 -116.044 
-38.688 -415.196 -116.007 
-38.994 -415.671 -115.967 
-39.295 -416.150 -115.925 
-39.592 -416.632 -115.880 
-39.885 -417.118 -115.832 
-40.174 -417.607 -115.782 
-40.458 -418.098 -115.729 
-40.737 -418.594 -115.674 
-41.012 -419.092 -115.617 
-41.283 -419.593 -115.557 
-41.550 -420.098 -115.494 
-41.811 -420.604 -115.430 
-42.068 -421.114 -115.363 
-42.321 -421.627 -115.294 
-42.569 -422.143 -115.222 
-42.812 -422.662 -115.149 
-43.050 -423.183 -115.073 
-43.284 -423.706 -114.995 
-43.513 -424.233 -114.915 
-43.738 -424.762 -114.833 
-43.958 -425.294 -114.749 
-44.173 -425.828 -114.663 
-44.383 -426.364 -114.575 
-44.588 -426.903 -114.485 
-44.789 -427.445 -114.393 
-44.985 -427.988 -114.300 
-45.176 -428.534 -114.204 
-45.362 -429.082 -114.107 
-45.543 -429.632 -114.008 
-45.720 -430.184 -113.907 
-45.891 -430.738 -113.805 
-46.058 -431.294 -113.701 
-46.220 -431.852 -113.595 
-46.377 -432.413 -113.488 
-46.529 -432.975 -113.379 
-46.676 -433.540 -113.268 
-46.818 -434.106 -113.157 
-46.955 -434.674 -113.043 
-47.087 -435.243 -112.929 
-47.214 -435.814 -112.813 
-47.336 -436.387 -112.695 
-47.453 -436.962 -112.576 
-47.566 -437.539 -112.456 
-47.673 -438.116 -112.335 
-47.775 -438.696 -112.212 
-47.872 -439.277 -112.089 
-47.964 -439.860 -111.964 
-48.052 -440.444 -111.838 
-48.134 -441.030 -111.711 
-48.211 -441.616 -111.583 
-48.283 -442.205 -111.454 
-48.350 -442.795 -111.324 
-48.412 -443.386 -111.193 
-48.469 -443.979 -111.062 
-48.521 -444.572 -110.929 
-48.568 -445.166 -110.796 
