24.701 -457.922 -70.114 
24.706 -457.307 -70.119 
24.714 -456.692 -70.128 
24.725 -456.078 -70.141 
24.738 -455.463 -70.158 
24.755 -454.849 -70.178 
24.775 -454.235 -70.202 
24.797 -453.622 -70.230 
24.822 -453.009 -70.262 
24.850 -452.397 -70.298 
24.881 -451.785 -70.337 
24.914 -451.174 -70.380 
24.950 -450.562 -70.426 
24.989 -449.952 -70.477 
25.030 -449.342 -70.531 
25.073 -448.733 -70.589 
25.118 -448.124 -70.651 
25.167 -447.515 -70.716 
25.217 -446.908 -70.785 
25.269 -446.301 -70.858 
25.324 -445.695 -70.935 
25.381 -445.090 -71.015 
25.440 -444.486 -71.099 
25.501 -443.882 -71.187 
25.564 -443.280 -71.278 
25.629 -442.678 -71.373 
25.696 -442.078 -71.472 
25.765 -441.479 -71.574 
25.835 -440.881 -71.681 
25.907 -440.285 -71.790 
25.980 -439.689 -71.904 
26.055 -439.096 -72.021 
26.131 -438.504 -72.141 
26.208 -437.915 -72.266 
26.286 -437.327 -72.393 
26.364 -436.742 -72.524 
26.443 -436.159 -72.659 
26.522 -435.578 -72.797 
26.601 -435.000 -72.939 
26.680 -434.425 -73.084 
26.758 -433.853 -73.233 
26.835 -433.284 -73.384 
26.911 -432.718 -73.540 
26.986 -432.156 -73.698 
27.058 -431.599 -73.859 
27.129 -431.045 -74.024 
27.197 -430.496 -74.191 
27.262 -429.950 -74.362 
27.325 -429.409 -74.536 
27.384 -428.872 -74.713 
27.440 -428.338 -74.893 
27.492 -427.808 -75.076 
27.540 -427.282 -75.262 
27.585 -426.761 -75.451 
27.625 -426.243 -75.643 
27.661 -425.728 -75.838 
27.693 -425.217 -76.036 
27.721 -424.709 -76.238 
27.744 -424.205 -76.442 
27.763 -423.703 -76.650 
27.778 -423.205 -76.860 
27.788 -422.709 -77.074 
27.794 -422.217 -77.292 
27.796 -421.726 -77.512 
27.793 -421.239 -77.737 
27.786 -420.755 -77.964 
27.775 -420.273 -78.195 
27.760 -419.793 -78.429 
27.741 -419.316 -78.667 
27.718 -418.842 -78.908 
27.690 -418.369 -79.154 
27.659 -417.900 -79.403 
27.624 -417.432 -79.656 
27.585 -416.968 -79.913 
27.543 -416.506 -80.174 
27.496 -416.049 -80.438 
27.446 -415.594 -80.706 
27.393 -415.145 -80.977 
27.336 -414.700 -81.251 
27.276 -414.259 -81.528 
27.213 -413.826 -81.807 
27.146 -413.397 -82.088 
27.076 -412.975 -82.371 
27.003 -412.559 -82.655 
26.926 -412.149 -82.942 
26.846 -411.745 -83.229 
26.762 -411.346 -83.518 
26.675 -410.952 -83.809 
26.583 -410.563 -84.102 
26.487 -410.178 -84.397 
26.387 -409.796 -84.693 
26.282 -409.417 -84.992 
26.171 -409.041 -85.293 
26.056 -408.667 -85.597 
25.934 -408.295 -85.903 
25.807 -407.925 -86.212 
25.674 -407.557 -86.523 
25.535 -407.190 -86.837 
25.390 -406.826 -87.152 
25.238 -406.463 -87.470 
25.080 -406.102 -87.789 
24.915 -405.744 -88.111 
24.744 -405.388 -88.433 
24.567 -405.035 -88.757 
24.383 -404.685 -89.082 
24.193 -404.339 -89.408 
23.997 -403.995 -89.734 
23.795 -403.655 -90.062 
23.586 -403.318 -90.390 
23.372 -402.985 -90.718 
23.151 -402.656 -91.047 
22.925 -402.330 -91.376 
22.692 -402.008 -91.705 
22.454 -401.690 -92.034 
22.210 -401.377 -92.364 
21.960 -401.067 -92.693 
21.704 -400.762 -93.022 
21.442 -400.460 -93.351 
21.175 -400.163 -93.680 
20.901 -399.870 -94.009 
20.623 -399.582 -94.337 
20.338 -399.298 -94.665 
20.048 -399.019 -94.993 
19.753 -398.744 -95.320 
19.452 -398.474 -95.647 
19.145 -398.209 -95.972 
18.834 -397.949 -96.297 
18.518 -397.694 -96.620 
18.197 -397.445 -96.942 
17.871 -397.200 -97.263 
17.540 -396.961 -97.583 
17.205 -396.727 -97.901 
16.865 -396.498 -98.218 
16.521 -396.275 -98.533 
16.172 -396.057 -98.846 
15.820 -395.845 -99.158 
15.463 -395.639 -99.467 
15.103 -395.438 -99.775 
14.739 -395.243 -100.080 
14.371 -395.053 -100.384 
13.999 -394.869 -100.685 
13.624 -394.691 -100.985 
13.245 -394.519 -101.282 
12.864 -394.352 -101.577 
12.478 -394.191 -101.869 
12.090 -394.036 -102.159 
11.698 -393.886 -102.448 
11.304 -393.742 -102.734 
10.906 -393.604 -103.017 
10.505 -393.472 -103.299 
10.102 -393.346 -103.578 
9.696 -393.225 -103.855 
9.287 -393.110 -104.129 
8.875 -393.001 -104.401 
8.461 -392.898 -104.671 
8.043 -392.800 -104.939 
7.623 -392.708 -105.205 
7.200 -392.622 -105.468 
6.774 -392.541 -105.729 
6.345 -392.466 -105.988 
5.913 -392.397 -106.244 
5.479 -392.334 -106.498 
5.043 -392.277 -106.750 
4.603 -392.225 -106.999 
4.161 -392.180 -107.246 
3.716 -392.140 -107.490 
3.268 -392.106 -107.731 
2.819 -392.078 -107.970 
2.366 -392.055 -108.206 
1.912 -392.039 -108.439 
1.454 -392.029 -108.670 
0.995 -392.025 -108.897 
0.534 -392.026 -109.121 
0.070 -392.034 -109.343 
-0.396 -392.048 -109.561 
-0.863 -392.068 -109.776 
-1.334 -392.094 -109.988 
-1.805 -392.126 -110.196 
-2.278 -392.164 -110.401 
-2.753 -392.208 -110.603 
-3.229 -392.259 -110.801 
-3.708 -392.315 -110.996 
-4.188 -392.378 -111.188 
-4.670 -392.447 -111.376 
-5.153 -392.522 -111.560 
-5.637 -392.603 -111.741 
-6.123 -392.691 -111.919 
-6.610 -392.785 -112.092 
-7.098 -392.885 -112.262 
-7.587 -392.991 -112.428 
-8.078 -393.104 -112.591 
-8.569 -393.223 -112.750 
-9.061 -393.349 -112.904 
-9.553 -393.481 -113.055 
-10.047 -393.619 -113.203 
-10.540 -393.763 -113.346 
-11.034 -393.914 -113.485 
-11.527 -394.071 -113.621 
-12.020 -394.234 -113.752 
-12.513 -394.403 -113.880 
-13.006 -394.579 -114.003 
-13.498 -394.760 -114.122 
-13.989 -394.948 -114.238 
-14.480 -395.142 -114.349 
-14.969 -395.341 -114.456 
-15.458 -395.547 -114.559 
-15.945 -395.759 -114.658 
-16.431 -395.976 -114.753 
-16.916 -396.200 -114.844 
-17.400 -396.429 -114.931 
-17.882 -396.665 -115.014 
-18.362 -396.906 -115.092 
-18.841 -397.153 -115.167 
-19.318 -397.406 -115.237 
-19.793 -397.664 -115.304 
-20.266 -397.929 -115.366 
-20.737 -398.198 -115.425 
-21.206 -398.474 -115.479 
-21.673 -398.755 -115.529 
-22.137 -399.042 -115.576 
-22.599 -399.334 -115.618 
-23.059 -399.631 -115.656 
-23.516 -399.934 -115.691 
-23.971 -400.243 -115.722 
-24.422 -400.557 -115.748 
-24.872 -400.876 -115.771 
-25.318 -401.200 -115.790 
-25.761 -401.530 -115.806 
-26.201 -401.864 -115.817 
-26.639 -402.205 -115.825 
-27.074 -402.550 -115.829 
-27.505 -402.901 -115.830 
-27.933 -403.256 -115.827 
-28.358 -403.617 -115.820 
-28.779 -403.982 -115.810 
-29.197 -404.352 -115.796 
-29.611 -404.726 -115.779 
-30.022 -405.106 -115.758 
-30.429 -405.490 -115.734 
-30.833 -405.879 -115.707 
-31.232 -406.272 -115.677 
-31.628 -406.671 -115.643 
-32.020 -407.073 -115.606 
-32.408 -407.480 -115.566 
-32.791 -407.891 -115.523 
-33.171 -408.306 -115.477 
-33.547 -408.726 -115.428 
-33.919 -409.149 -115.376 
-34.286 -409.577 -115.321 
-34.649 -410.009 -115.263 
-35.008 -410.445 -115.202 
-35.363 -410.885 -115.139 
-35.713 -411.328 -115.073 
-36.059 -411.775 -115.005 
-36.400 -412.226 -114.934 
-36.737 -412.681 -114.860 
-37.069 -413.139 -114.784 
-37.397 -413.600 -114.706 
-37.720 -414.065 -114.625 
-38.039 -414.533 -114.543 
-38.353 -415.005 -114.457 
-38.662 -415.480 -114.370 
-38.967 -415.958 -114.280 
-39.267 -416.440 -114.189 
-39.563 -416.924 -114.095 
-39.853 -417.412 -114.000 
-40.139 -417.902 -113.903 
-40.421 -418.396 -113.803 
-40.697 -418.892 -113.702 
-40.969 -419.391 -113.599 
-41.236 -419.893 -113.495 
-41.498 -420.397 -113.389 
-41.755 -420.903 -113.281 
-42.007 -421.412 -113.172 
-42.255 -421.924 -113.062 
-42.498 -422.439 -112.950 
-42.735 -422.955 -112.836 
-42.968 -423.474 -112.721 
-43.196 -423.995 -112.605 
-43.420 -424.518 -112.488 
-43.638 -425.043 -112.370 
-43.852 -425.570 -112.250 
-44.061 -426.100 -112.130 
-44.265 -426.630 -112.008 
-44.464 -427.163 -111.885 
-44.658 -427.698 -111.762 
-44.847 -428.234 -111.637 
-45.032 -428.772 -111.512 
-45.211 -429.312 -111.386 
-45.386 -429.854 -111.259 
-45.557 -430.397 -111.131 
-45.722 -430.942 -111.003 
-45.883 -431.488 -110.874 
-46.038 -432.036 -110.744 
-46.190 -432.585 -110.614 
-46.336 -433.136 -110.484 
-46.478 -433.687 -110.352 
-46.615 -434.241 -110.221 
-46.747 -434.796 -110.089 
-46.875 -435.351 -109.956 
-46.997 -435.908 -109.824 
-47.116 -436.465 -109.691 
-47.229 -437.024 -109.558 
-47.338 -437.583 -109.425 
-47.443 -438.144 -109.291 
-47.542 -438.706 -109.157 
-47.638 -439.268 -109.024 
-47.728 -439.832 -108.890 
-47.815 -440.396 -108.756 
-47.896 -440.961 -108.622 
-47.974 -441.527 -108.488 
