24.702 -457.903 -70.113 
24.706 -457.282 -70.117 
24.714 -456.661 -70.123 
24.725 -456.041 -70.133 
24.739 -455.421 -70.145 
24.756 -454.802 -70.160 
24.776 -454.183 -70.178 
24.799 -453.565 -70.198 
24.824 -452.948 -70.222 
24.853 -452.331 -70.249 
24.884 -451.716 -70.279 
24.917 -451.101 -70.313 
24.954 -450.487 -70.349 
24.992 -449.874 -70.389 
25.033 -449.261 -70.433 
25.076 -448.650 -70.480 
25.122 -448.041 -70.530 
25.169 -447.432 -70.584 
25.219 -446.824 -70.642 
25.270 -446.217 -70.704 
25.324 -445.613 -70.769 
25.379 -445.009 -70.838 
25.435 -444.406 -70.911 
25.494 -443.805 -70.988 
25.553 -443.206 -71.070 
25.614 -442.608 -71.155 
25.676 -442.012 -71.244 
25.739 -441.417 -71.338 
25.803 -440.824 -71.436 
25.868 -440.234 -71.538 
25.933 -439.645 -71.644 
25.999 -439.057 -71.755 
26.065 -438.472 -71.870 
26.132 -437.890 -71.990 
26.199 -437.310 -72.114 
26.266 -436.731 -72.242 
26.332 -436.155 -72.375 
26.399 -435.581 -72.512 
26.465 -435.010 -72.653 
26.531 -434.441 -72.799 
26.596 -433.876 -72.950 
26.660 -433.312 -73.105 
26.723 -432.752 -73.264 
26.786 -432.194 -73.428 
26.847 -431.640 -73.596 
26.907 -431.089 -73.768 
26.965 -430.540 -73.945 
27.022 -429.995 -74.126 
27.078 -429.453 -74.311 
27.131 -428.914 -74.501 
27.183 -428.378 -74.695 
27.233 -427.846 -74.893 
27.280 -427.317 -75.095 
27.326 -426.791 -75.301 
27.369 -426.269 -75.511 
27.409 -425.751 -75.725 
27.447 -425.236 -75.944 
27.482 -424.725 -76.166 
27.514 -424.217 -76.392 
27.543 -423.714 -76.621 
27.569 -423.214 -76.855 
27.592 -422.717 -77.092 
27.612 -422.225 -77.333 
27.628 -421.736 -77.577 
27.641 -421.252 -77.825 
27.650 -420.771 -78.076 
27.656 -420.294 -78.331 
27.658 -419.820 -78.589 
27.656 -419.351 -78.850 
27.650 -418.885 -79.115 
27.639 -418.423 -79.383 
27.625 -417.966 -79.653 
27.607 -417.512 -79.927 
27.584 -417.062 -80.204 
27.556 -416.616 -80.484 
27.525 -416.173 -80.766 
27.488 -415.735 -81.052 
27.447 -415.300 -81.340 
27.401 -414.869 -81.631 
27.350 -414.442 -81.925 
27.294 -414.018 -82.221 
27.233 -413.598 -82.521 
27.167 -413.182 -82.822 
27.095 -412.769 -83.126 
27.018 -412.360 -83.433 
26.935 -411.955 -83.743 
26.847 -411.553 -84.055 
26.753 -411.154 -84.369 
26.653 -410.759 -84.685 
26.548 -410.368 -85.004 
26.437 -409.981 -85.324 
26.320 -409.597 -85.647 
26.197 -409.217 -85.972 
26.068 -408.841 -86.298 
25.933 -408.468 -86.626 
25.792 -408.100 -86.957 
25.645 -407.734 -87.289 
25.492 -407.373 -87.622 
25.333 -407.016 -87.956 
25.168 -406.663 -88.292 
24.998 -406.314 -88.629 
24.821 -405.969 -88.966 
24.639 -405.628 -89.305 
24.450 -405.292 -89.644 
24.256 -404.959 -89.984 
24.056 -404.631 -90.325 
23.850 -404.306 -90.666 
23.638 -403.985 -91.008 
23.421 -403.669 -91.349 
23.197 -403.358 -91.691 
22.968 -403.050 -92.033 
22.733 -402.746 -92.374 
22.492 -402.447 -92.715 
22.246 -402.152 -93.056 
21.994 -401.861 -93.396 
21.737 -401.574 -93.736 
21.473 -401.292 -94.075 
21.205 -401.013 -94.413 
20.931 -400.739 -94.751 
20.651 -400.469 -95.087 
20.367 -400.203 -95.422 
20.076 -399.941 -95.756 
19.781 -399.684 -96.088 
19.481 -399.430 -96.419 
19.175 -399.181 -96.749 
18.864 -398.935 -97.076 
18.549 -398.694 -97.402 
18.228 -398.458 -97.726 
17.903 -398.225 -98.048 
17.573 -397.996 -98.367 
17.238 -397.772 -98.685 
16.899 -397.552 -99.000 
16.555 -397.336 -99.313 
16.206 -397.124 -99.623 
15.853 -396.917 -99.931 
15.496 -396.714 -100.236 
15.135 -396.516 -100.539 
14.769 -396.321 -100.838 
14.399 -396.131 -101.135 
14.025 -395.945 -101.429 
13.647 -395.764 -101.721 
13.265 -395.587 -102.009 
12.879 -395.415 -102.295 
12.489 -395.247 -102.577 
12.095 -395.084 -102.857 
11.697 -394.926 -103.134 
11.296 -394.772 -103.408 
10.890 -394.623 -103.679 
10.481 -394.479 -103.947 
10.068 -394.340 -104.212 
9.652 -394.205 -104.475 
9.231 -394.076 -104.735 
8.807 -393.952 -104.992 
8.380 -393.833 -105.246 
7.948 -393.720 -105.497 
7.513 -393.612 -105.746 
7.075 -393.509 -105.992 
6.633 -393.411 -106.235 
6.188 -393.320 -106.475 
5.739 -393.234 -106.712 
5.287 -393.154 -106.947 
4.832 -393.079 -107.179 
4.373 -393.011 -107.408 
3.912 -392.948 -107.634 
3.446 -392.892 -107.857 
2.979 -392.842 -108.077 
2.509 -392.798 -108.294 
2.035 -392.760 -108.509 
1.559 -392.729 -108.720 
1.081 -392.704 -108.929 
0.600 -392.685 -109.134 
0.117 -392.673 -109.336 
-0.369 -392.668 -109.535 
-0.856 -392.669 -109.731 
-1.346 -392.677 -109.924 
-1.837 -392.692 -110.113 
-2.330 -392.713 -110.300 
-2.825 -392.741 -110.483 
-3.321 -392.777 -110.662 
-3.819 -392.819 -110.839 
-4.319 -392.868 -111.012 
-4.819 -392.923 -111.181 
-5.320 -392.986 -111.347 
-5.822 -393.056 -111.510 
-6.326 -393.133 -111.669 
-6.830 -393.217 -111.825 
-7.334 -393.308 -111.977 
-7.840 -393.406 -112.125 
-8.344 -393.511 -112.270 
-8.850 -393.623 -112.411 
-9.356 -393.743 -112.549 
-9.861 -393.869 -112.683 
-10.366 -394.002 -112.813 
-10.871 -394.143 -112.940 
-11.375 -394.290 -113.063 
-11.879 -394.445 -113.182 
-12.381 -394.606 -113.297 
-12.884 -394.775 -113.409 
-13.385 -394.951 -113.517 
-13.884 -395.133 -113.621 
-14.383 -395.323 -113.721 
-14.880 -395.519 -113.817 
-15.375 -395.722 -113.910 
-15.868 -395.932 -113.998 
-16.359 -396.148 -114.083 
-16.847 -396.370 -114.164 
-17.334 -396.600 -114.241 
-17.818 -396.835 -114.314 
-18.300 -397.077 -114.384 
-18.778 -397.325 -114.449 
-19.254 -397.579 -114.511 
-19.727 -397.838 -114.569 
-20.197 -398.104 -114.623 
-20.664 -398.375 -114.673 
-21.128 -398.653 -114.720 
-21.589 -398.935 -114.763 
-22.046 -399.224 -114.802 
-22.500 -399.518 -114.838 
-22.951 -399.817 -114.870 
-23.399 -400.121 -114.898 
-23.843 -400.431 -114.923 
-24.284 -400.746 -114.945 
-24.721 -401.066 -114.963 
-25.155 -401.392 -114.978 
-25.585 -401.722 -114.989 
-26.012 -402.057 -114.997 
-26.435 -402.397 -115.002 
-26.854 -402.742 -115.003 
-27.270 -403.091 -115.002 
-27.682 -403.445 -114.997 
-28.091 -403.804 -114.990 
-28.496 -404.168 -114.979 
-28.897 -404.537 -114.966 
-29.295 -404.909 -114.949 
-29.689 -405.287 -114.930 
-30.080 -405.669 -114.908 
-30.466 -406.056 -114.883 
-30.849 -406.446 -114.856 
-31.228 -406.841 -114.826 
-31.603 -407.241 -114.793 
-31.974 -407.644 -114.758 
-32.342 -408.052 -114.721 
-32.705 -408.464 -114.681 
-33.065 -408.880 -114.639 
-33.421 -409.300 -114.595 
-33.773 -409.724 -114.548 
-34.121 -410.153 -114.500 
-34.466 -410.585 -114.449 
-34.806 -411.021 -114.396 
-35.143 -411.461 -114.342 
-35.475 -411.905 -114.285 
-35.804 -412.353 -114.226 
-36.129 -412.805 -114.166 
-36.450 -413.261 -114.104 
-36.767 -413.721 -114.040 
-37.081 -414.185 -113.974 
-37.390 -414.652 -113.907 
-37.696 -415.123 -113.838 
-37.997 -415.598 -113.767 
-38.294 -416.077 -113.695 
-38.588 -416.560 -113.621 
-38.877 -417.047 -113.545 
-39.163 -417.537 -113.468 
-39.444 -418.031 -113.389 
-39.721 -418.529 -113.309 
-39.994 -419.030 -113.227 
-40.263 -419.536 -113.144 
-40.527 -420.044 -113.059 
-40.787 -420.556 -112.973 
-41.042 -421.071 -112.885 
-41.293 -421.589 -112.796 
-41.540 -422.110 -112.706 
-41.782 -422.635 -112.614 
-42.019 -423.162 -112.520 
-42.252 -423.693 -112.426 
-42.480 -424.227 -112.330 
-42.703 -424.763 -112.232 
-42.922 -425.302 -112.133 
-43.136 -425.844 -112.033 
-43.345 -426.389 -111.932 
-43.549 -426.936 -111.830 
-43.748 -427.485 -111.726 
-43.943 -428.037 -111.621 
-44.133 -428.592 -111.514 
-44.317 -429.148 -111.407 
-44.497 -429.706 -111.298 
-44.673 -430.267 -111.188 
-44.843 -430.829 -111.077 
-45.008 -431.394 -110.965 
-45.169 -431.960 -110.852 
-45.324 -432.528 -110.738 
-45.475 -433.098 -110.622 
-45.620 -433.669 -110.506 
-45.761 -434.242 -110.389 
-45.897 -434.816 -110.270 
-46.028 -435.392 -110.150 
-46.154 -435.970 -110.030 
-46.275 -436.549 -109.909 
-46.392 -437.128 -109.786 
-46.503 -437.709 -109.663 
-46.610 -438.291 -109.539 
-46.712 -438.874 -109.414 
-46.809 -439.458 -109.288 
-46.902 -440.043 -109.161 
-46.989 -440.629 -109.033 
-47.073 -441.215 -108.905 
-47.151 -441.802 -108.776 
-47.225 -442.390 -108.646 
-47.294 -442.979 -108.515 
-47.359 -443.568 -108.383 
-47.419 -444.158 -108.251 
-47.475 -444.748 -108.118 
