24.701 -457.916 -70.113 
24.706 -457.295 -70.117 
24.714 -456.674 -70.124 
24.725 -456.053 -70.133 
24.739 -455.434 -70.146 
24.755 -454.815 -70.161 
24.775 -454.196 -70.179 
24.798 -453.579 -70.201 
24.823 -452.962 -70.225 
24.851 -452.346 -70.253 
24.882 -451.731 -70.284 
24.915 -451.116 -70.319 
24.951 -450.503 -70.356 
24.989 -449.890 -70.397 
25.030 -449.278 -70.442 
25.073 -448.668 -70.490 
25.118 -448.058 -70.542 
25.165 -447.450 -70.598 
25.214 -446.843 -70.657 
25.264 -446.237 -70.720 
25.317 -445.632 -70.787 
25.371 -445.029 -70.858 
25.427 -444.426 -70.933 
25.484 -443.826 -71.012 
25.543 -443.226 -71.095 
25.603 -442.629 -71.183 
25.663 -442.034 -71.274 
25.725 -441.440 -71.370 
25.788 -440.848 -71.470 
25.851 -440.258 -71.574 
25.915 -439.671 -71.682 
25.979 -439.085 -71.795 
26.044 -438.501 -71.913 
26.109 -437.919 -72.034 
26.174 -437.340 -72.161 
26.239 -436.763 -72.291 
26.304 -436.188 -72.426 
26.368 -435.616 -72.566 
26.433 -435.046 -72.710 
26.496 -434.479 -72.858 
26.559 -433.915 -73.011 
26.621 -433.353 -73.168 
26.682 -432.794 -73.330 
26.742 -432.239 -73.496 
26.800 -431.685 -73.666 
26.858 -431.135 -73.841 
26.914 -430.589 -74.020 
26.968 -430.045 -74.203 
27.021 -429.505 -74.391 
27.071 -428.968 -74.583 
27.120 -428.434 -74.779 
27.167 -427.903 -74.979 
27.211 -427.377 -75.183 
27.253 -426.853 -75.392 
27.293 -426.333 -75.605 
27.330 -425.816 -75.821 
27.364 -425.304 -76.041 
27.396 -424.795 -76.266 
27.425 -424.290 -76.494 
27.450 -423.788 -76.725 
27.473 -423.290 -76.961 
27.492 -422.796 -77.200 
27.508 -422.306 -77.443 
27.521 -421.820 -77.689 
27.530 -421.337 -77.939 
27.535 -420.858 -78.192 
27.537 -420.383 -78.449 
27.535 -419.912 -78.709 
27.529 -419.445 -78.972 
27.519 -418.982 -79.239 
27.504 -418.522 -79.508 
27.486 -418.067 -79.780 
27.463 -417.615 -80.056 
27.436 -417.168 -80.334 
27.405 -416.724 -80.616 
27.369 -416.284 -80.900 
27.328 -415.848 -81.187 
27.282 -415.416 -81.477 
27.232 -414.987 -81.770 
27.177 -414.562 -82.065 
27.116 -414.141 -82.363 
27.051 -413.723 -82.664 
26.980 -413.309 -82.967 
26.904 -412.898 -83.273 
26.822 -412.492 -83.581 
26.735 -412.088 -83.892 
26.642 -411.689 -84.205 
26.543 -411.293 -84.521 
26.439 -410.901 -84.838 
26.328 -410.512 -85.158 
26.212 -410.127 -85.481 
26.090 -409.745 -85.805 
25.962 -409.368 -86.130 
25.828 -408.994 -86.458 
25.688 -408.625 -86.788 
25.542 -408.259 -87.119 
25.390 -407.897 -87.451 
25.233 -407.539 -87.785 
25.069 -407.186 -88.120 
24.899 -406.836 -88.456 
24.723 -406.490 -88.794 
24.542 -406.148 -89.132 
24.354 -405.811 -89.471 
24.161 -405.477 -89.811 
23.961 -405.148 -90.151 
23.756 -404.823 -90.492 
23.545 -404.503 -90.834 
23.328 -404.186 -91.175 
23.105 -403.874 -91.517 
22.876 -403.566 -91.858 
22.642 -403.262 -92.200 
22.402 -402.962 -92.541 
22.156 -402.667 -92.882 
21.905 -402.376 -93.222 
21.648 -402.090 -93.562 
21.386 -401.807 -93.901 
21.117 -401.529 -94.239 
20.844 -401.255 -94.577 
20.565 -400.985 -94.913 
20.280 -400.719 -95.249 
19.991 -400.457 -95.583 
19.696 -400.200 -95.916 
19.396 -399.947 -96.247 
19.091 -399.698 -96.577 
18.781 -399.454 -96.905 
18.465 -399.213 -97.232 
18.145 -398.977 -97.556 
17.820 -398.745 -97.879 
17.491 -398.517 -98.199 
17.156 -398.293 -98.517 
16.817 -398.074 -98.833 
16.473 -397.859 -99.147 
16.125 -397.648 -99.458 
15.772 -397.441 -99.766 
15.415 -397.239 -100.072 
15.054 -397.041 -100.375 
14.688 -396.847 -100.676 
14.319 -396.658 -100.974 
13.944 -396.473 -101.269 
13.566 -396.292 -101.560 
13.184 -396.116 -101.850 
12.799 -395.944 -102.136 
12.409 -395.777 -102.419 
12.015 -395.615 -102.699 
11.617 -395.457 -102.976 
11.216 -395.304 -103.250 
10.811 -395.155 -103.522 
10.402 -395.011 -103.790 
9.990 -394.872 -104.056 
9.574 -394.738 -104.318 
9.154 -394.609 -104.578 
8.730 -394.485 -104.835 
8.304 -394.367 -105.088 
7.873 -394.253 -105.339 
7.439 -394.145 -105.588 
7.001 -394.041 -105.833 
6.561 -393.944 -106.075 
6.116 -393.852 -106.315 
5.669 -393.765 -106.551 
5.218 -393.684 -106.785 
4.764 -393.609 -107.016 
4.307 -393.540 -107.244 
3.846 -393.476 -107.468 
3.383 -393.419 -107.691 
2.916 -393.367 -107.910 
2.447 -393.322 -108.126 
1.975 -393.283 -108.339 
1.500 -393.250 -108.549 
1.023 -393.223 -108.757 
0.543 -393.203 -108.961 
0.061 -393.189 -109.161 
-0.423 -393.182 -109.359 
-0.909 -393.181 -109.554 
-1.398 -393.187 -109.745 
-1.888 -393.199 -109.933 
-2.380 -393.218 -110.118 
-2.874 -393.244 -110.300 
-3.369 -393.276 -110.478 
-3.866 -393.316 -110.653 
-4.364 -393.362 -110.824 
-4.863 -393.415 -110.992 
-5.363 -393.474 -111.157 
-5.865 -393.541 -111.318 
-6.367 -393.615 -111.476 
-6.871 -393.695 -111.630 
-7.375 -393.783 -111.781 
-7.879 -393.878 -111.928 
-8.384 -393.979 -112.072 
-8.889 -394.088 -112.212 
-9.394 -394.203 -112.348 
-9.899 -394.326 -112.481 
-10.404 -394.456 -112.610 
-10.909 -394.592 -112.736 
-11.414 -394.736 -112.858 
-11.918 -394.887 -112.976 
-12.421 -395.045 -113.090 
-12.923 -395.209 -113.201 
-13.424 -395.381 -113.308 
-13.925 -395.560 -113.411 
-14.424 -395.745 -113.510 
-14.921 -395.937 -113.606 
-15.418 -396.136 -113.698 
-15.912 -396.342 -113.786 
-16.404 -396.554 -113.870 
-16.894 -396.773 -113.950 
-17.382 -396.998 -114.027 
-17.867 -397.230 -114.099 
-18.350 -397.467 -114.168 
-18.830 -397.711 -114.234 
-19.308 -397.962 -114.295 
-19.783 -398.218 -114.353 
-20.255 -398.480 -114.406 
-20.724 -398.748 -114.457 
-21.190 -399.021 -114.503 
-21.652 -399.300 -114.546 
-22.112 -399.585 -114.585 
-22.568 -399.876 -114.621 
-23.021 -400.172 -114.653 
-23.471 -400.473 -114.681 
-23.917 -400.779 -114.707 
-24.360 -401.091 -114.728 
-24.799 -401.408 -114.747 
-25.235 -401.730 -114.762 
-25.668 -402.057 -114.773 
-26.097 -402.389 -114.782 
-26.522 -402.725 -114.787 
-26.945 -403.067 -114.789 
-27.363 -403.414 -114.788 
-27.779 -403.766 -114.784 
-28.190 -404.122 -114.777 
-28.598 -404.483 -114.767 
-29.002 -404.849 -114.754 
-29.403 -405.219 -114.738 
-29.800 -405.594 -114.720 
-30.193 -405.973 -114.699 
-30.582 -406.357 -114.675 
-30.968 -406.745 -114.648 
-31.350 -407.138 -114.619 
-31.728 -407.535 -114.588 
-32.102 -407.936 -114.554 
-32.473 -408.342 -114.517 
-32.840 -408.752 -114.479 
-33.203 -409.166 -114.438 
-33.562 -409.584 -114.395 
-33.918 -410.006 -114.349 
-34.269 -410.432 -114.302 
-34.617 -410.862 -114.253 
-34.961 -411.297 -114.201 
-35.301 -411.735 -114.148 
-35.637 -412.177 -114.093 
-35.970 -412.624 -114.036 
-36.298 -413.074 -113.977 
-36.623 -413.528 -113.916 
-36.944 -413.986 -113.854 
-37.261 -414.448 -113.790 
-37.574 -414.914 -113.724 
-37.883 -415.384 -113.657 
-38.188 -415.857 -113.588 
-38.490 -416.335 -113.518 
-38.787 -416.816 -113.446 
-39.081 -417.302 -113.372 
-39.370 -417.791 -113.297 
-39.655 -418.283 -113.221 
-39.937 -418.780 -113.143 
-40.213 -419.280 -113.063 
-40.486 -419.783 -112.983 
-40.755 -420.290 -112.900 
-41.019 -420.800 -112.817 
-41.279 -421.314 -112.732 
-41.534 -421.830 -112.645 
-41.785 -422.351 -112.557 
-42.032 -422.874 -112.468 
-42.274 -423.401 -112.378 
-42.512 -423.930 -112.286 
-42.745 -424.462 -112.194 
-42.974 -424.998 -112.099 
-43.198 -425.536 -112.004 
-43.417 -426.077 -111.908 
-43.632 -426.621 -111.810 
-43.842 -427.167 -111.711 
-44.048 -427.715 -111.611 
-44.249 -428.266 -111.510 
-44.445 -428.819 -111.408 
-44.636 -429.375 -111.304 
-44.823 -429.933 -111.200 
-45.006 -430.493 -111.095 
-45.183 -431.056 -110.988 
-45.356 -431.620 -110.881 
-45.524 -432.186 -110.773 
-45.688 -432.754 -110.663 
-45.847 -433.324 -110.553 
-46.001 -433.895 -110.442 
-46.151 -434.469 -110.330 
-46.297 -435.044 -110.218 
-46.438 -435.621 -110.104 
-46.575 -436.199 -109.990 
-46.707 -436.778 -109.875 
-46.835 -437.359 -109.760 
-46.958 -437.940 -109.644 
