0.311
0.304
0.298
0.283
0.283
0.290
0.261
0.324
0.323
0.303
0.297
0.304
0.275
0.304
0.313
0.283
0.297
0.289
0.285
0.314
0.289
0.264
0.296
0.255
0.299
0.289
0.268
0.304
0.309
0.307
0.290
0.287
0.290
0.287
0.308
0.297
0.315
0.295
0.299
0.294
0.299
0.303
0.302
0.298
0.307
0.300
0.301
0.307
0.277
0.279
0.299
0.292
0.257
0.301
0.280
0.292
0.295
0.272
0.290
0.256
0.266
0.286
0.275
0.265
0.253
0.296
0.287
0.285
0.299
0.300
0.274
0.276
0.264
0.266
0.269
0.267
0.260
0.239
0.254
0.244
0.247
0.261
0.245
0.262
0.263
0.264
0.286
0.264
0.261
0.253
0.243
0.253
0.261
0.259
0.261
0.234
0.250
0.272
0.246
0.250
0.288
0.246
0.235
0.237
0.242
0.237
0.264
0.223
0.290
0.239
0.249
0.250
0.219
0.246
0.254
0.243
0.230
0.243
0.242
0.264
0.243
0.255
0.244
0.281
0.285
0.274
0.227
0.281
0.265
0.279
0.282
0.271
0.252
0.281
0.282
0.258
0.273
0.279
0.279
0.235
0.280
0.240
0.267
0.268
0.244
0.267
0.245
0.282
0.274
0.278
0.250
0.270
0.259
0.274
0.265
0.273
0.281
0.270
0.287
0.242
0.271
0.266
0.251
0.273
0.262
0.260
0.268
0.246
0.228
0.266
0.239
0.245
0.263
0.292
0.276
0.234
0.250
0.261
0.246
0.256
0.254
0.260
0.275
0.272
0.257
0.255
0.283
0.234
0.241
0.249
0.243
0.244
0.239
0.229
0.254
0.265
0.245
0.247
0.253
0.272
0.229
0.243
0.250
0.254
0.249
0.245
0.292
0.233
0.239
0.241
0.241
0.265
0.280
0.268
0.270
0.280
0.234
0.247
0.276
0.275
0.256
0.264
0.249
0.233
0.247
0.261
0.251
0.259
0.275
0.264
0.260
0.234
0.269
0.256
0.268
0.285
0.265
0.263
0.235
0.275
0.292
0.254
0.290
0.259
0.271
0.273
0.256
0.296
0.266
0.291
0.280
0.289
0.299
0.269
0.265
0.282
0.262
0.281
0.265
0.293
0.293
0.292
0.291
0.297
0.255
0.275
0.275
0.294
0.292
0.272
0.318
0.308
0.314
0.287
0.304
