0.307
0.304
0.306
0.308
0.308
0.308
0.307
0.307
0.306
0.305
0.305
0.308
0.308
0.305
0.307
0.307
0.305
0.305
0.306
0.307
0.306
0.303
0.306
0.303
0.306
0.305
0.305
0.303
0.304
0.304
0.303
0.303
0.304
0.300
0.302
0.301
0.303
0.299
0.299
0.299
0.299
0.298
0.297
0.298
0.296
0.295
0.295
0.293
0.293
0.293
0.291
0.291
0.290
0.288
0.289
0.287
0.287
0.284
0.285
0.285
0.282
0.280
0.282
0.279
0.277
0.280
0.279
0.275
0.276
0.274
0.273
0.272
0.273
0.271
0.271
0.272
0.270
0.269
0.268
0.269
0.268
0.268
0.267
0.265
0.266
0.267
0.265
0.264
0.266
0.265
0.263
0.264
0.264
0.264
0.266
0.263
0.263
0.264
0.262
0.264
0.262
0.262
0.264
0.262
0.264
0.263
0.263
0.263
0.265
0.263
0.265
0.263
0.264
0.263
0.263
0.264
0.263
0.265
0.263
0.264
0.264
0.264
0.266
0.266
0.264
0.263
0.265
0.264
0.264
0.264
0.263
0.265
0.265
0.264
0.264
0.265
0.265
0.266
0.262
0.265
0.265
0.264
0.264
0.263
0.264
0.263
0.265
0.264
0.265
0.264
0.264
0.266
0.264
0.263
0.264
0.265
0.263
0.266
0.265
0.263
0.266
0.263
0.265
0.265
0.265
0.265
0.263
0.265
0.264
0.263
0.263
0.264
0.263
0.264
0.263
0.263
0.263
0.263
0.262
0.263
0.263
0.264
0.264
0.262
0.266
0.263
0.263
0.264
0.264
0.263
0.263
0.264
0.263
0.263
0.264
0.263
0.263
0.264
0.265
0.264
0.261
0.265
0.265
0.265
0.264
0.263
0.266
0.265
0.264
0.265
0.264
0.264
0.266
0.265
0.266
0.267
0.266
0.267
0.267
0.268
0.267
0.269
0.268
0.269
0.269
0.271
0.271
0.271
0.270
0.271
0.272
0.272
0.272
0.272
0.273
0.273
0.272
0.276
0.275
0.275
0.274
0.275
0.276
0.277
0.278
0.279
0.280
0.280
0.280
0.282
0.281
0.282
0.283
0.284
0.286
0.286
0.286
0.287
0.287
0.289
0.287
0.289
0.291
0.292
0.294
0.293
0.294
0.294
0.295
0.298
0.296
0.297
0.299
0.298
0.302
0.301
0.300
0.302
0.303
0.304
0.305
0.303
0.306
0.304
0.308
0.307
0.307
0.310
0.310
0.310
