0.308
0.307
0.309
0.308
0.307
0.306
0.308
0.307
0.306
0.304
0.303
0.305
0.305
0.302
0.304
0.308
0.308
0.305
0.306
0.307
0.304
0.303
0.308
0.306
0.307
0.305
0.310
0.307
0.309
0.309
0.307
0.308
0.311
0.305
0.309
0.308
0.307
0.305
0.306
0.303
0.301
0.301
0.301
0.301
0.298
0.296
0.298
0.295
0.294
0.291
0.291
0.291
0.290
0.285
0.282
0.283
0.281
0.281
0.277
0.277
0.275
0.274
0.276
0.272
0.270
0.275
0.271
0.265
0.270
0.267
0.266
0.267
0.265
0.259
0.263
0.260
0.261
0.260
0.260
0.261
0.260
0.258
0.258
0.257
0.260
0.259
0.258
0.259
0.257
0.259
0.258
0.256
0.260
0.256
0.252
0.255
0.258
0.255
0.260
0.255
0.256
0.259
0.255
0.255
0.253
0.256
0.258
0.256
0.257
0.257
0.254
0.257
0.258
0.256
0.256
0.259
0.259
0.259
0.261
0.256
0.261
0.262
0.260
0.260
0.263
0.260
0.258
0.259
0.261
0.264
0.260
0.264
0.263
0.263
0.262
0.262
0.261
0.265
0.265
0.263
0.263
0.266
0.265
0.267
0.267
0.263
0.266
0.265
0.264
0.264
0.263
0.266
0.264
0.264
0.265
0.267
0.264
0.260
0.264
0.261
0.265
0.263
0.267
0.264
0.263
0.264
0.264
0.264
0.265
0.264
0.265
0.261
0.262
0.265
0.263
0.263
0.262
0.260
0.260
0.258
0.261
0.260
0.257
0.262
0.259
0.260
0.259
0.261
0.260
0.261
0.262
0.259
0.260
0.264
0.262
0.261
0.257
0.262
0.262
0.259
0.263
0.265
0.260
0.260
0.261
0.261
0.259
0.259
0.259
0.260
0.260
0.259
0.261
0.261
0.266
0.263
0.262
0.261
0.266
0.261
0.262
0.262
0.264
0.264
0.265
0.267
0.267
0.269
0.270
0.271
0.269
0.269
0.271
0.272
0.270
0.279
0.275
0.274
0.277
0.278
0.277
0.280
0.282
0.281
0.286
0.282
0.285
0.282
0.286
0.291
0.288
0.286
0.285
0.290
0.290
0.291
0.292
0.289
0.290
0.291
0.294
0.296
0.295
