0.295
0.312
0.281
0.338
0.319
0.293
0.285
0.324
0.336
0.276
0.302
0.315
0.323
0.317
0.258
0.273
0.306
0.316
0.302
0.288
0.297
0.309
0.315
0.270
0.325
0.295
0.343
0.263
0.296
0.303
0.297
0.286
0.295
0.324
0.279
0.332
0.300
0.325
0.290
0.274
0.301
0.329
0.309
0.320
0.303
0.310
0.315
0.311
0.308
0.333
0.305
0.328
0.317
0.303
0.287
0.299
0.316
0.307
0.293
0.318
0.264
0.283
0.310
0.280
0.308
0.301
0.284
0.306
0.272
0.313
0.299
0.277
0.337
0.271
0.259
0.263
0.284
0.267
0.299
0.267
0.292
0.294
0.287
0.268
0.279
0.266
0.293
0.276
0.243
0.257
0.253
0.294
0.249
0.276
0.279
0.260
0.274
0.269
0.227
0.265
0.270
0.271
0.281
0.267
0.277
0.274
0.271
0.288
0.278
0.226
0.282
0.232
0.270
0.280
0.260
0.256
0.296
0.271
0.267
0.241
0.259
0.329
0.239
0.278
0.278
0.253
0.234
0.267
0.253
0.274
0.269
0.253
0.245
0.280
0.273
0.264
0.255
0.254
0.258
0.283
0.248
0.255
0.285
0.291
0.255
0.302
0.271
0.254
0.282
0.298
0.252
0.292
0.274
0.268
0.290
0.258
0.302
0.288
0.301
0.274
0.306
0.272
0.324
0.305
0.264
0.282
0.268
0.280
0.290
0.307
0.284
0.285
0.238
0.294
0.297
0.268
0.271
0.286
0.333
0.276
0.305
0.299
0.251
0.282
0.280
0.285
0.276
0.233
0.311
0.253
0.269
0.280
0.281
0.264
0.289
0.254
0.259
0.267
0.268
0.251
0.278
0.295
0.272
0.269
0.263
0.266
0.262
0.268
0.285
0.276
0.294
0.261
0.214
0.264
0.272
0.298
0.291
0.283
0.267
0.272
0.272
0.313
0.242
0.270
0.239
0.310
0.292
0.251
0.259
0.264
0.261
0.294
0.289
0.290
0.259
0.304
0.237
0.263
0.234
0.279
0.278
0.274
0.280
0.256
0.271
0.283
0.288
0.276
0.262
0.249
0.295
0.282
0.276
0.270
0.271
0.278
0.294
0.275
0.259
0.270
0.258
0.248
0.295
0.307
0.269
0.272
0.270
0.270
0.285
0.312
0.272
0.302
0.310
