0.308
0.306
0.307
0.307
0.307
0.307
0.307
0.307
0.308
0.308
0.308
0.308
0.308
0.308
0.309
0.308
0.307
0.308
0.308
0.307
0.308
0.308
0.308
0.307
0.307
0.307
0.306
0.306
0.306
0.306
0.305
0.305
0.305
0.303
0.304
0.303
0.301
0.301
0.300
0.300
0.299
0.297
0.297
0.295
0.295
0.293
0.292
0.292
0.290
0.289
0.287
0.287
0.287
0.285
0.283
0.282
0.283
0.281
0.280
0.280
0.279
0.278
0.278
0.276
0.276
0.276
0.275
0.274
0.273
0.273
0.272
0.271
0.271
0.271
0.270
0.269
0.269
0.267
0.266
0.266
0.265
0.263
0.262
0.261
0.260
0.259
0.257
0.256
0.255
0.254
0.253
0.253
0.252
0.252
0.252
0.252
0.251
0.252
0.252
0.251
0.252
0.252
0.253
0.253
0.253
0.253
0.254
0.254
0.254
0.254
0.254
0.254
0.253
0.254
0.254
0.254
0.255
0.255
0.255
0.255
0.255
0.255
0.255
0.255
0.256
0.255
0.255
0.255
0.256
0.256
0.256
0.256
0.256
0.256
0.256
0.256
0.256
0.255
0.256
0.256
0.256
0.257
0.257
0.257
0.257
0.256
0.256
0.257
0.257
0.257
0.257
0.257
0.257
0.257
0.258
0.257
0.258
0.258
0.258
0.258
0.258
0.258
0.258
0.258
0.258
0.259
0.259
0.259
0.258
0.260
0.259
0.260
0.259
0.260
0.260
0.261
0.261
0.261
0.261
0.261
0.262
0.262
0.262
0.262
0.262
0.262
0.263
0.263
0.264
0.264
0.264
0.265
0.265
0.265
0.266
0.266
0.267
0.266
0.267
0.267
0.268
0.268
0.268
0.268
0.268
0.268
0.267
0.268
0.268
0.268
0.269
0.269
0.270
0.270
0.270
0.271
0.270
0.270
0.271
0.271
0.271
0.271
0.271
0.272
0.272
0.272
0.273
0.273
0.273
0.273
0.273
0.274
0.274
0.274
0.276
0.275
0.276
0.276
0.276
0.276
0.277
0.276
0.276
0.277
0.278
0.278
0.279
0.279
0.279
0.279
0.279
0.279
0.280
0.280
0.281
0.280
0.281
0.282
0.282
0.282
0.282
0.282
0.283
0.284
0.284
0.283
0.284
0.284
0.285
0.285
0.285
0.285
0.285
0.286
0.287
0.286
0.286
0.287
0.287
0.288
0.287
0.288
0.288
0.289
0.289
0.289
0.289
0.289
0.290
0.290
0.290
0.290
0.290
0.290
0.290
0.291
0.291
0.291
0.291
0.292
0.292
0.291
0.292
0.293
0.293
0.293
0.292
0.294
0.294
0.293
0.293
0.294
0.294
0.294
0.295
0.295
