24.702 -457.932 -70.112 
24.706 -457.354 -70.114 
24.709 -456.844 -70.117 
24.717 -456.223 -70.123 
24.727 -455.698 -70.130 
24.740 -455.097 -70.139 
24.753 -454.484 -70.154 
24.766 -453.956 -70.168 
24.783 -453.398 -70.185 
24.804 -452.775 -70.208 
24.827 -452.153 -70.235 
24.848 -451.660 -70.261 
24.880 -451.018 -70.300 
24.920 -450.315 -70.348 
24.957 -449.674 -70.394 
24.985 -449.186 -70.431 
25.016 -448.670 -70.472 
25.063 -447.921 -70.538 
25.100 -447.370 -70.590 
25.137 -446.831 -70.645 
25.184 -446.215 -70.712 
25.228 -445.642 -70.779 
25.267 -445.171 -70.836 
25.327 -444.475 -70.923 
25.368 -444.027 -70.982 
25.425 -443.420 -71.066 
25.479 -442.854 -71.148 
25.528 -442.340 -71.225 
25.584 -441.737 -71.319 
25.636 -441.175 -71.412 
25.693 -440.582 -71.512 
25.766 -439.853 -71.640 
25.832 -439.235 -71.754 
25.895 -438.632 -71.867 
25.963 -437.964 -71.999 
26.018 -437.406 -72.113 
26.066 -436.932 -72.212 
26.120 -436.397 -72.328 
26.182 -435.787 -72.466 
26.235 -435.262 -72.588 
26.305 -434.547 -72.759 
26.348 -434.111 -72.868 
26.398 -433.604 -72.998 
26.449 -433.105 -73.131 
26.525 -432.343 -73.343 
26.588 -431.717 -73.524 
26.638 -431.218 -73.672 
26.698 -430.600 -73.862 
26.747 -430.081 -74.029 
26.791 -429.608 -74.187 
26.839 -429.052 -74.379 
26.880 -428.533 -74.564 
26.920 -427.968 -74.773 
26.958 -427.445 -74.973 
26.981 -427.128 -75.096 
27.019 -426.593 -75.311 
27.052 -426.158 -75.489 
27.080 -425.760 -75.657 
27.108 -425.352 -75.831 
27.140 -424.848 -76.050 
27.170 -424.353 -76.273 
27.197 -423.868 -76.496 
27.224 -423.316 -76.758 
27.248 -422.722 -77.046 
27.264 -422.204 -77.303 
27.283 -421.466 -77.678 
27.291 -421.034 -77.902 
27.296 -420.639 -78.112 
27.299 -420.246 -78.326 
27.297 -419.791 -78.579 
27.291 -419.353 -78.830 
27.279 -418.880 -79.108 
27.259 -418.342 -79.433 
27.236 -417.872 -79.721 
27.212 -417.429 -79.998 
27.172 -416.860 -80.362 
27.139 -416.457 -80.625 
27.107 -416.104 -80.859 
27.063 -415.668 -81.155 
27.006 -415.183 -81.494 
26.960 -414.819 -81.755 
26.922 -414.538 -81.961 
26.860 -414.124 -82.271 
26.791 -413.702 -82.596 
26.691 -413.153 -83.032 
26.598 -412.686 -83.411 
26.525 -412.346 -83.695 
26.419 -411.879 -84.091 
26.306 -411.423 -84.486 
26.188 -410.982 -84.877 
26.099 -410.672 -85.158 
26.010 -410.378 -85.428 
25.905 -410.046 -85.739 
25.776 -409.665 -86.106 
25.647 -409.304 -86.460 
25.532 -408.999 -86.765 
25.375 -408.599 -87.172 
25.259 -408.316 -87.464 
25.116 -407.985 -87.814 
24.980 -407.686 -88.137 
24.799 -407.306 -88.556 
24.663 -407.031 -88.865 
24.530 -406.771 -89.162 
24.379 -406.488 -89.491 
24.187 -406.146 -89.893 
23.932 -405.720 -90.404 
23.745 -405.422 -90.767 
23.484 -405.022 -91.265 
23.273 -404.714 -91.657 
23.049 -404.401 -92.064 
22.813 -404.083 -92.486 
22.599 -403.808 -92.857 
22.373 -403.527 -93.240 
22.096 -403.199 -93.697 
21.872 -402.945 -94.052 
21.630 -402.679 -94.430 
21.424 -402.460 -94.747 
21.145 -402.175 -95.163 
20.874 -401.911 -95.555 
20.597 -401.653 -95.946 
20.361 -401.442 -96.271 
20.087 -401.205 -96.639 
19.717 -400.899 -97.124 
19.441 -400.680 -97.479 
19.162 -400.466 -97.830 
18.832 -400.222 -98.236 
18.571 -400.034 -98.549 
18.210 -399.786 -98.968 
17.841 -399.544 -99.387 
17.448 -399.298 -99.821 
17.087 -399.081 -100.210 
16.700 -398.860 -100.617 
16.433 -398.713 -100.891 
16.178 -398.576 -101.151 
15.816 -398.389 -101.511 
15.364 -398.165 -101.947 
14.897 -397.943 -102.389 
14.512 -397.770 -102.745 
14.266 -397.664 -102.969 
13.938 -397.527 -103.264 
13.546 -397.369 -103.609 
13.034 -397.171 -104.049 
12.665 -397.035 -104.359 
12.397 -396.939 -104.583 
11.914 -396.773 -104.979 
11.425 -396.613 -105.369 
10.949 -396.469 -105.738 
10.608 -396.371 -105.998 
10.141 -396.243 -106.348 
9.723 -396.134 -106.656 
9.294 -396.032 -106.965 
8.793 -395.921 -107.319 
8.357 -395.830 -107.619 
7.904 -395.742 -107.923 
7.460 -395.661 -108.218 
7.003 -395.585 -108.515 
6.482 -395.507 -108.847 
5.926 -395.432 -109.193 
5.500 -395.380 -109.452 
5.080 -395.334 -109.703 
4.618 -395.290 -109.973 
4.223 -395.256 -110.199 
3.855 -395.230 -110.408 
3.484 -395.207 -110.615 
2.971 -395.180 -110.896 
2.543 -395.162 -111.124 
2.072 -395.148 -111.373 
1.667 -395.141 -111.584 
1.291 -395.141 -111.778 
0.704 -395.151 -112.076 
0.255 -395.167 -112.299 
-0.212 -395.191 -112.526 
-0.767 -395.228 -112.791 
-1.215 -395.264 -113.000 
-1.746 -395.314 -113.242 
-2.347 -395.377 -113.511 
-2.883 -395.439 -113.747 
-3.503 -395.522 -114.012 
-3.953 -395.591 -114.199 
-4.503 -395.683 -114.421 
-5.040 -395.783 -114.631 
-5.596 -395.897 -114.846 
-6.098 -396.007 -115.037 
-6.552 -396.114 -115.205 
-7.035 -396.233 -115.378 
-7.550 -396.368 -115.556 
-8.080 -396.514 -115.733 
-8.586 -396.660 -115.898 
-8.982 -396.779 -116.023 
-9.574 -396.965 -116.204 
-10.072 -397.129 -116.351 
-10.394 -397.240 -116.443 
-11.014 -397.461 -116.617 
-11.540 -397.656 -116.762 
-12.158 -397.894 -116.927 
-12.553 -398.052 -117.029 
-12.993 -398.233 -117.140 
-13.449 -398.425 -117.251 
-13.928 -398.634 -117.366 
-14.425 -398.859 -117.482 
-15.064 -399.158 -117.621 
-15.597 -399.418 -117.732 
-16.141 -399.694 -117.841 
-16.727 -400.001 -117.953 
-17.183 -400.246 -118.038 
-17.677 -400.522 -118.126 
-18.088 -400.760 -118.197 
-18.442 -400.970 -118.255 
-18.908 -401.254 -118.329 
-19.371 -401.543 -118.398 
-19.828 -401.836 -118.464 
-20.324 -402.159 -118.530 
-20.692 -402.404 -118.576 
-21.231 -402.770 -118.641 
-21.693 -403.094 -118.693 
-22.122 -403.402 -118.740 
-22.642 -403.783 -118.790 
-23.123 -404.146 -118.830 
-23.628 -404.537 -118.866 
-24.024 -404.853 -118.891 
-24.428 -405.182 -118.912 
-24.941 -405.607 -118.935 
-25.410 -406.007 -118.950 
-25.924 -406.460 -118.960 
-26.331 -406.827 -118.964 
-26.705 -407.171 -118.964 
-27.171 -407.609 -118.961 
-27.561 -407.984 -118.953 
-28.048 -408.464 -118.940 
-28.544 -408.970 -118.920 
-28.928 -409.375 -118.901 
-29.340 -409.820 -118.876 
-29.756 -410.280 -118.843 
-30.196 -410.774 -118.805 
-30.590 -411.224 -118.765 
-30.978 -411.676 -118.721 
-31.326 -412.088 -118.676 
-31.699 -412.542 -118.620 
-32.040 -412.967 -118.565 
-32.424 -413.458 -118.499 
-32.856 -414.025 -118.424 
-33.205 -414.500 -118.359 
-33.556 -414.990 -118.288 
-33.937 -415.536 -118.206 
-34.373 -416.181 -118.107 
-34.740 -416.741 -118.016 
-35.055 -417.236 -117.933 
-35.349 -417.710 -117.850 
-35.681 -418.254 -117.752 
-36.000 -418.787 -117.654 
-36.286 -419.276 -117.561 
-36.559 -419.755 -117.469 
-36.829 -420.240 -117.374 
-37.098 -420.736 -117.276 
-37.348 -421.205 -117.182 
-37.573 -421.636 -117.094 
