24.701 -457.923 -70.113 
24.706 -457.322 -70.117 
24.712 -456.741 -70.122 
24.722 -456.139 -70.130 
24.734 -455.547 -70.141 
24.749 -454.943 -70.154 
24.767 -454.341 -70.169 
24.788 -453.753 -70.187 
24.812 -453.139 -70.208 
24.839 -452.521 -70.233 
24.868 -451.919 -70.259 
24.899 -451.329 -70.288 
24.934 -450.722 -70.321 
24.971 -450.123 -70.356 
25.011 -449.518 -70.394 
25.054 -448.902 -70.435 
25.098 -448.304 -70.479 
25.144 -447.706 -70.526 
25.194 -447.093 -70.577 
25.245 -446.494 -70.630 
25.296 -445.914 -70.684 
25.352 -445.310 -70.745 
25.408 -444.717 -70.807 
25.467 -444.120 -70.874 
25.527 -443.525 -70.944 
25.590 -442.921 -71.019 
25.651 -442.347 -71.094 
25.716 -441.751 -71.175 
25.783 -441.151 -71.261 
25.850 -440.559 -71.350 
25.918 -439.970 -71.443 
25.986 -439.386 -71.539 
26.056 -438.797 -71.640 
26.126 -438.210 -71.745 
26.197 -437.628 -71.854 
26.267 -437.050 -71.966 
26.337 -436.480 -72.081 
26.409 -435.902 -72.203 
26.479 -435.336 -72.326 
26.551 -434.753 -72.459 
26.623 -434.174 -72.595 
26.693 -433.604 -72.734 
26.763 -433.024 -72.881 
26.832 -432.463 -73.028 
26.899 -431.903 -73.180 
26.966 -431.337 -73.339 
27.031 -430.778 -73.501 
27.094 -430.230 -73.666 
27.155 -429.686 -73.834 
27.216 -429.128 -74.012 
27.274 -428.587 -74.190 
27.329 -428.055 -74.371 
27.384 -427.507 -74.562 
27.437 -426.964 -74.757 
27.486 -426.434 -74.953 
27.532 -425.904 -75.155 
27.575 -425.375 -75.361 
27.618 -424.828 -75.581 
27.656 -424.300 -75.799 
27.689 -423.792 -76.013 
27.721 -423.264 -76.242 
27.749 -422.754 -76.469 
27.775 -422.231 -76.707 
27.795 -421.725 -76.944 
27.813 -421.210 -77.190 
27.826 -420.729 -77.426 
27.835 -420.238 -77.671 
27.841 -419.750 -77.921 
27.842 -419.266 -78.173 
27.840 -418.780 -78.433 
27.833 -418.301 -78.694 
27.822 -417.826 -78.959 
27.807 -417.356 -79.227 
27.788 -416.889 -79.498 
27.765 -416.444 -79.762 
27.737 -415.994 -80.034 
27.703 -415.530 -80.321 
27.667 -415.089 -80.599 
27.625 -414.650 -80.880 
27.579 -414.218 -81.162 
27.528 -413.787 -81.450 
27.473 -413.357 -81.742 
27.413 -412.937 -82.032 
27.346 -412.514 -82.331 
27.276 -412.100 -82.628 
27.204 -411.704 -82.917 
27.124 -411.300 -83.218 
27.038 -410.890 -83.528 
26.946 -410.485 -83.839 
26.854 -410.104 -84.138 
26.754 -409.715 -84.448 
26.649 -409.328 -84.762 
26.540 -408.952 -85.072 
26.422 -408.567 -85.395 
26.304 -408.204 -85.705 
26.179 -407.838 -86.023 
26.048 -407.473 -86.345 
25.917 -407.128 -86.653 
25.774 -406.766 -86.983 
25.629 -406.418 -87.304 
25.478 -406.074 -87.628 
25.321 -405.730 -87.957 
25.154 -405.383 -88.294 
24.983 -405.040 -88.631 
24.803 -404.697 -88.974 
24.623 -404.367 -89.308 
24.434 -404.035 -89.649 
24.243 -403.712 -89.985 
24.043 -403.388 -90.326 
23.836 -403.066 -90.669 
23.626 -402.751 -91.009 
23.406 -402.436 -91.355 
23.176 -402.117 -91.708 
22.944 -401.808 -92.056 
22.701 -401.496 -92.410 
22.455 -401.193 -92.759 
22.213 -400.904 -93.095 
21.955 -400.608 -93.445 
21.690 -400.314 -93.794 
21.413 -400.018 -94.152 
21.133 -399.728 -94.505 
20.847 -399.443 -94.856 
20.556 -399.164 -95.206 
20.259 -398.889 -95.553 
19.958 -398.619 -95.898 
19.643 -398.347 -96.250 
19.320 -398.077 -96.602 
19.011 -397.829 -96.932 
18.693 -397.581 -97.265 
18.363 -397.334 -97.601 
18.028 -397.090 -97.937 
17.684 -396.848 -98.274 
17.337 -396.614 -98.606 
16.985 -396.383 -98.937 
16.635 -396.162 -99.258 
16.272 -395.941 -99.585 
15.905 -395.725 -99.908 
15.535 -395.514 -100.229 
15.177 -395.318 -100.531 
14.800 -395.119 -100.844 
14.427 -394.928 -101.148 
14.028 -394.732 -101.466 
13.642 -394.549 -101.768 
13.239 -394.365 -102.076 
12.840 -394.190 -102.376 
12.435 -394.019 -102.674 
12.024 -393.853 -102.970 
11.612 -393.693 -103.261 
11.202 -393.540 -103.546 
10.784 -393.391 -103.830 
10.361 -393.246 -104.112 
9.939 -393.107 -104.388 
9.504 -392.971 -104.667 
9.086 -392.846 -104.930 
8.651 -392.723 -105.199 
8.206 -392.602 -105.469 
7.772 -392.491 -105.726 
7.326 -392.384 -105.986 
6.875 -392.281 -106.244 
6.428 -392.184 -106.494 
5.980 -392.094 -106.740 
5.513 -392.007 -106.991 
5.047 -391.926 -107.236 
4.572 -391.849 -107.482 
4.101 -391.780 -107.721 
3.632 -391.717 -107.954 
3.145 -391.658 -108.190 
2.683 -391.609 -108.410 
2.212 -391.564 -108.630 
1.734 -391.524 -108.848 
1.246 -391.491 -109.066 
0.762 -391.463 -109.278 
0.260 -391.441 -109.493 
-0.216 -391.426 -109.693 
-0.707 -391.417 -109.895 
-1.189 -391.414 -110.089 
-1.671 -391.417 -110.278 
-2.156 -391.426 -110.465 
-2.638 -391.441 -110.647 
-3.126 -391.462 -110.826 
-3.622 -391.490 -111.005 
-4.116 -391.524 -111.178 
-4.623 -391.565 -111.352 
-5.117 -391.612 -111.517 
-5.619 -391.665 -111.681 
-6.122 -391.726 -111.841 
-6.607 -391.790 -111.991 
-7.104 -391.862 -112.141 
-7.597 -391.940 -112.286 
-8.103 -392.027 -112.431 
-8.592 -392.117 -112.567 
-9.082 -392.214 -112.700 
-9.571 -392.317 -112.829 
-10.067 -392.427 -112.955 
-10.556 -392.543 -113.076 
-11.045 -392.665 -113.194 
-11.539 -392.795 -113.309 
-12.039 -392.933 -113.421 
-12.522 -393.073 -113.526 
-13.007 -393.220 -113.628 
-13.500 -393.377 -113.727 
-13.987 -393.538 -113.822 
-14.476 -393.707 -113.913 
-14.949 -393.877 -113.997 
-15.421 -394.053 -114.078 
-15.916 -394.245 -114.159 
-16.392 -394.436 -114.233 
-16.871 -394.635 -114.304 
-17.350 -394.841 -114.371 
-17.830 -395.055 -114.435 
-18.304 -395.273 -114.494 
-18.785 -395.502 -114.551 
-19.256 -395.733 -114.603 
-19.727 -395.970 -114.651 
-20.194 -396.213 -114.695 
-20.661 -396.463 -114.735 
-21.126 -396.719 -114.771 
-21.600 -396.987 -114.805 
-22.050 -397.250 -114.833 
-22.505 -397.522 -114.859 
-22.962 -397.803 -114.881 
-23.415 -398.088 -114.899 
-23.865 -398.379 -114.914 
-24.332 -398.688 -114.925 
-24.775 -398.990 -114.933 
-25.215 -399.296 -114.937 
-25.652 -399.607 -114.938 
-26.102 -399.936 -114.936 
-26.537 -400.261 -114.931 
-26.965 -400.588 -114.922 
-27.393 -400.922 -114.910 
-27.833 -401.274 -114.894 
-28.262 -401.624 -114.876 
-28.693 -401.983 -114.854 
-29.119 -402.348 -114.829 
-29.534 -402.708 -114.801 
-29.952 -403.080 -114.771 
-30.378 -403.466 -114.736 
-30.789 -403.847 -114.700 
-31.200 -404.236 -114.661 
-31.615 -404.635 -114.619 
-32.009 -405.022 -114.576 
-32.414 -405.428 -114.529 
-32.812 -405.835 -114.480 
-33.200 -406.238 -114.430 
-33.581 -406.642 -114.377 
-33.967 -407.059 -114.322 
-34.353 -407.483 -114.263 
-34.728 -407.903 -114.204 
-35.100 -408.328 -114.142 
-35.472 -408.760 -114.079 
-35.838 -409.192 -114.013 
-36.200 -409.629 -113.946 
-36.573 -410.086 -113.875 
-36.931 -410.534 -113.803 
-37.290 -410.991 -113.729 
-37.638 -411.443 -113.655 
-37.986 -411.902 -113.579 
-38.332 -412.368 -113.500 
-38.669 -412.830 -113.421 
-39.000 -413.292 -113.341 
-39.343 -413.781 -113.255 
-39.677 -414.265 -113.169 
-40.002 -414.746 -113.083 
-40.328 -415.238 -112.994 
