24.702 -457.939 -70.113 
24.706 -457.310 -70.117 
24.714 -456.694 -70.124 
24.724 -456.116 -70.132 
24.738 -455.491 -70.144 
24.755 -454.856 -70.159 
24.775 -454.258 -70.176 
24.798 -453.647 -70.196 
24.825 -453.027 -70.220 
24.856 -452.399 -70.247 
24.887 -451.819 -70.275 
24.925 -451.183 -70.308 
24.966 -450.533 -70.346 
25.006 -449.942 -70.384 
25.049 -449.350 -70.425 
25.096 -448.734 -70.470 
25.141 -448.178 -70.514 
25.193 -447.579 -70.565 
25.242 -447.029 -70.614 
25.297 -446.435 -70.670 
25.355 -445.839 -70.729 
25.413 -445.248 -70.791 
25.472 -444.667 -70.856 
25.532 -444.097 -70.922 
25.596 -443.508 -70.994 
25.661 -442.927 -71.068 
25.725 -442.360 -71.145 
25.797 -441.731 -71.234 
25.867 -441.142 -71.322 
25.936 -440.556 -71.413 
26.012 -439.934 -71.515 
26.079 -439.394 -71.606 
26.156 -438.776 -71.715 
26.226 -438.227 -71.817 
26.298 -437.655 -71.926 
26.373 -437.072 -72.042 
26.448 -436.484 -72.164 
26.515 -435.958 -72.277 
26.590 -435.379 -72.404 
26.660 -434.842 -72.527 
26.735 -434.260 -72.665 
26.804 -433.723 -72.797 
26.877 -433.152 -72.942 
26.953 -432.564 -73.097 
27.020 -432.036 -73.241 
27.087 -431.504 -73.390 
27.152 -430.980 -73.541 
27.218 -430.444 -73.700 
27.282 -429.907 -73.865 
27.346 -429.355 -74.039 
27.405 -428.839 -74.206 
27.460 -428.335 -74.373 
27.519 -427.789 -74.561 
27.575 -427.257 -74.748 
27.632 -426.693 -74.952 
27.689 -426.111 -75.169 
27.740 -425.564 -75.379 
27.787 -425.037 -75.586 
27.831 -424.508 -75.800 
27.874 -423.953 -76.028 
27.914 -423.415 -76.256 
27.948 -422.911 -76.475 
27.981 -422.360 -76.721 
28.011 -421.810 -76.972 
28.035 -421.296 -77.212 
28.057 -420.730 -77.485 
28.073 -420.204 -77.744 
28.084 -419.721 -77.988 
28.092 -419.203 -78.255 
28.095 -418.700 -78.519 
28.093 -418.234 -78.770 
28.087 -417.782 -79.018 
28.077 -417.292 -79.292 
28.063 -416.841 -79.550 
28.042 -416.354 -79.833 
28.018 -415.894 -80.107 
27.988 -415.424 -80.392 
27.954 -414.971 -80.674 
27.915 -414.522 -80.957 
27.870 -414.071 -81.249 
27.820 -413.625 -81.544 
27.770 -413.228 -81.810 
27.715 -412.829 -82.084 
27.656 -412.428 -82.363 
27.587 -412.001 -82.666 
27.510 -411.565 -82.981 
27.434 -411.165 -83.275 
27.352 -410.763 -83.577 
27.260 -410.341 -83.900 
27.170 -409.959 -84.197 
27.074 -409.573 -84.501 
26.970 -409.182 -84.815 
26.864 -408.804 -85.123 
26.750 -408.419 -85.440 
26.637 -408.053 -85.747 
26.508 -407.659 -86.083 
26.379 -407.285 -86.407 
26.247 -406.921 -86.727 
26.105 -406.549 -87.058 
25.973 -406.221 -87.355 
25.827 -405.872 -87.674 
25.665 -405.505 -88.015 
25.488 -405.121 -88.376 
25.321 -404.776 -88.707 
25.157 -404.449 -89.024 
24.991 -404.132 -89.335 
24.815 -403.809 -89.656 
24.624 -403.472 -89.995 
24.435 -403.152 -90.322 
24.244 -402.841 -90.643 
24.042 -402.524 -90.974 
23.805 -402.167 -91.353 
23.591 -401.858 -91.685 
23.367 -401.545 -92.024 
23.131 -401.230 -92.371 
22.884 -400.911 -92.727 
22.646 -400.615 -93.062 
22.401 -400.321 -93.399 
22.153 -400.034 -93.733 
21.892 -399.742 -94.076 
21.653 -399.484 -94.384 
21.391 -399.211 -94.714 
21.126 -398.943 -95.041 
20.837 -398.661 -95.391 
20.550 -398.391 -95.729 
20.236 -398.105 -96.092 
19.941 -397.847 -96.426 
19.650 -397.601 -96.747 
19.339 -397.345 -97.084 
19.004 -397.079 -97.440 
18.667 -396.823 -97.788 
18.363 -396.599 -98.097 
18.034 -396.365 -98.424 
17.702 -396.137 -98.748 
17.369 -395.917 -99.066 
17.025 -395.696 -99.388 
16.695 -395.492 -99.691 
16.335 -395.277 -100.016 
15.941 -395.050 -100.363 
15.611 -394.866 -100.648 
15.258 -394.677 -100.947 
14.876 -394.479 -101.265 
14.499 -394.291 -101.571 
14.095 -394.096 -101.894 
13.712 -393.919 -102.193 
13.298 -393.734 -102.510 
12.891 -393.560 -102.814 
12.505 -393.402 -103.095 
12.120 -393.249 -103.372 
11.771 -393.116 -103.618 
11.339 -392.958 -103.919 
10.926 -392.814 -104.201 
10.506 -392.674 -104.481 
10.088 -392.541 -104.755 
9.642 -392.406 -105.042 
9.215 -392.282 -105.310 
8.797 -392.168 -105.568 
8.348 -392.052 -105.839 
7.905 -391.943 -106.101 
7.457 -391.839 -106.361 
7.004 -391.741 -106.618 
6.585 -391.656 -106.851 
6.146 -391.572 -107.091 
5.696 -391.493 -107.332 
5.230 -391.417 -107.577 
4.735 -391.343 -107.832 
4.291 -391.283 -108.056 
3.812 -391.224 -108.293 
3.340 -391.173 -108.521 
2.880 -391.129 -108.739 
2.397 -391.089 -108.964 
1.900 -391.053 -109.190 
1.423 -391.026 -109.403 
0.949 -391.004 -109.609 
0.487 -390.989 -109.807 
0.009 -390.979 -110.007 
-0.431 -390.974 -110.187 
-0.898 -390.975 -110.375 
-1.376 -390.981 -110.562 
-1.887 -390.995 -110.758 
-2.374 -391.014 -110.941 
-2.884 -391.040 -111.127 
-3.390 -391.073 -111.307 
-3.876 -391.111 -111.476 
-4.429 -391.160 -111.663 
-4.913 -391.210 -111.822 
-5.429 -391.270 -111.988 
-5.954 -391.337 -112.152 
-6.471 -391.409 -112.309 
-6.994 -391.489 -112.463 
-7.487 -391.571 -112.605 
-8.014 -391.665 -112.752 
-8.540 -391.765 -112.895 
-9.028 -391.865 -113.024 
-9.569 -391.983 -113.161 
-10.082 -392.102 -113.288 
-10.617 -392.234 -113.416 
-11.130 -392.367 -113.535 
-11.643 -392.507 -113.650 
-12.132 -392.647 -113.756 
-12.635 -392.798 -113.861 
-13.134 -392.955 -113.963 
-13.656 -393.127 -114.065 
-14.145 -393.296 -114.157 
-14.651 -393.477 -114.248 
-15.162 -393.668 -114.337 
-15.621 -393.845 -114.414 
-16.120 -394.046 -114.495 
-16.585 -394.240 -114.566 
-17.071 -394.449 -114.637 
-17.549 -394.662 -114.702 
-18.042 -394.890 -114.767 
-18.521 -395.118 -114.825 
-18.998 -395.352 -114.880 
-19.493 -395.603 -114.933 
-19.961 -395.847 -114.980 
-20.436 -396.101 -115.024 
-20.946 -396.383 -115.068 
-21.424 -396.654 -115.106 
-21.934 -396.951 -115.141 
-22.402 -397.232 -115.170 
-22.842 -397.502 -115.193 
-23.282 -397.780 -115.214 
-23.719 -398.062 -115.231 
-24.126 -398.331 -115.245 
-24.590 -398.645 -115.257 
-25.032 -398.952 -115.266 
-25.467 -399.262 -115.271 
-25.885 -399.566 -115.273 
-26.313 -399.885 -115.272 
-26.752 -400.220 -115.267 
-27.170 -400.547 -115.260 
-27.624 -400.909 -115.247 
-28.060 -401.265 -115.232 
-28.464 -401.602 -115.214 
-28.865 -401.943 -115.194 
-29.264 -402.290 -115.172 
-29.658 -402.639 -115.146 
-30.089 -403.030 -115.115 
-30.475 -403.387 -115.084 
-30.847 -403.737 -115.051 
-31.236 -404.111 -115.013 
-31.631 -404.498 -114.972 
-32.029 -404.896 -114.928 
-32.401 -405.274 -114.884 
-32.777 -405.664 -114.836 
-33.154 -406.064 -114.785 
-33.531 -406.470 -114.730 
-33.906 -406.883 -114.673 
-34.277 -407.300 -114.613 
-34.654 -407.734 -114.549 
-34.991 -408.129 -114.489 
-35.372 -408.584 -114.418 
-35.699 -408.982 -114.354 
-36.040 -409.405 -114.284 
-36.372 -409.823 -114.214 
-36.725 -410.277 -114.136 
-37.075 -410.736 -114.056 
-37.418 -411.195 -113.973 
-37.735 -411.628 -113.893 
-38.079 -412.108 -113.804 
-38.387 -412.548 -113.721 
-38.702 -413.006 -113.634 
-39.011 -413.465 -113.545 
-39.338 -413.961 -113.448 
-39.652 -414.445 -113.352 
-39.965 -414.940 -113.253 
-40.262 -415.417 -113.156 
-40.561 -415.908 -113.055 
-40.864 -416.415 -112.948 
-41.154 -416.908 -112.844 
-41.438 -417.403 -112.738 
-41.713 -417.893 -112.633 
-41.985 -418.387 -112.526 
-42.246 -418.872 -112.422 
-42.516 -419.386 -112.310 
-42.769 -419.875 -112.204 
-43.025 -420.384 -112.093 
