24.701 -458.004 -70.113 
24.704 -457.381 -70.118 
24.708 -456.818 -70.124 
24.714 -456.270 -70.133 
24.724 -455.605 -70.148 
24.734 -455.080 -70.162 
24.746 -454.515 -70.180 
24.761 -453.863 -70.204 
24.776 -453.298 -70.228 
24.793 -452.708 -70.258 
24.815 -452.049 -70.293 
24.836 -451.465 -70.328 
24.860 -450.874 -70.366 
24.887 -450.269 -70.409 
24.916 -449.681 -70.454 
24.944 -449.149 -70.499 
24.976 -448.591 -70.548 
25.009 -448.048 -70.600 
25.049 -447.401 -70.664 
25.083 -446.875 -70.720 
25.121 -446.312 -70.783 
25.164 -445.698 -70.857 
25.203 -445.159 -70.925 
25.246 -444.589 -71.000 
25.293 -443.992 -71.084 
25.336 -443.440 -71.164 
25.379 -442.920 -71.243 
25.419 -442.438 -71.319 
25.467 -441.865 -71.414 
25.516 -441.263 -71.518 
25.566 -440.686 -71.621 
25.621 -440.065 -71.737 
25.678 -439.416 -71.865 
25.735 -438.780 -71.996 
25.782 -438.247 -72.111 
25.835 -437.655 -72.242 
25.887 -437.084 -72.373 
25.939 -436.501 -72.512 
25.991 -435.926 -72.653 
26.049 -435.265 -72.822 
26.099 -434.700 -72.973 
26.158 -434.035 -73.155 
26.208 -433.462 -73.317 
26.254 -432.939 -73.471 
26.308 -432.304 -73.663 
26.351 -431.781 -73.827 
26.394 -431.234 -74.002 
26.443 -430.607 -74.210 
26.484 -430.053 -74.401 
26.520 -429.550 -74.578 
26.554 -429.060 -74.756 
26.588 -428.537 -74.951 
26.621 -427.976 -75.164 
26.653 -427.372 -75.402 
26.679 -426.821 -75.623 
26.703 -426.293 -75.842 
26.721 -425.812 -76.047 
26.739 -425.332 -76.256 
26.753 -424.884 -76.457 
26.768 -424.366 -76.694 
26.780 -423.832 -76.944 
26.787 -423.301 -77.198 
26.790 -422.814 -77.436 
26.789 -422.230 -77.727 
26.783 -421.699 -77.998 
26.773 -421.200 -78.258 
26.762 -420.748 -78.498 
26.744 -420.210 -78.789 
26.720 -419.640 -79.106 
26.695 -419.174 -79.371 
26.663 -418.663 -79.669 
26.626 -418.158 -79.969 
26.585 -417.673 -80.263 
26.539 -417.198 -80.557 
26.492 -416.763 -80.832 
26.441 -416.331 -81.109 
26.384 -415.879 -81.406 
26.318 -415.413 -81.718 
26.261 -415.036 -81.975 
26.196 -414.640 -82.250 
26.126 -414.241 -82.531 
26.034 -413.755 -82.879 
25.954 -413.361 -83.169 
25.865 -412.954 -83.472 
25.788 -412.621 -83.725 
25.708 -412.293 -83.978 
25.608 -411.908 -84.280 
25.508 -411.540 -84.574 
25.408 -411.193 -84.856 
25.303 -410.848 -85.140 
25.183 -410.472 -85.457 
25.074 -410.149 -85.733 
24.938 -409.763 -86.068 
24.782 -409.346 -86.437 
24.663 -409.046 -86.706 
24.526 -408.713 -87.009 
24.383 -408.381 -87.316 
24.224 -408.030 -87.645 
24.067 -407.698 -87.960 
23.883 -407.327 -88.318 
23.675 -406.929 -88.708 
23.490 -406.591 -89.044 
23.298 -406.255 -89.381 
23.096 -405.916 -89.726 
22.903 -405.605 -90.047 
22.717 -405.318 -90.347 
22.504 -405.000 -90.683 
22.314 -404.729 -90.973 
22.064 -404.384 -91.346 
21.847 -404.098 -91.659 
21.636 -403.829 -91.958 
21.381 -403.515 -92.309 
21.083 -403.163 -92.707 
20.832 -402.878 -93.033 
20.553 -402.573 -93.386 
20.267 -402.272 -93.739 
20.022 -402.024 -94.033 
19.749 -401.755 -94.355 
19.469 -401.488 -94.678 
19.173 -401.216 -95.009 
18.865 -400.941 -95.349 
18.560 -400.679 -95.677 
18.196 -400.377 -96.061 
17.892 -400.134 -96.374 
17.562 -399.879 -96.707 
17.234 -399.634 -97.031 
16.896 -399.390 -97.356 
16.524 -399.130 -97.709 
16.184 -398.902 -98.023 
15.827 -398.671 -98.347 
15.479 -398.452 -98.657 
15.109 -398.226 -98.982 
14.728 -398.002 -99.309 
14.326 -397.776 -99.647 
13.909 -397.551 -99.989 
13.545 -397.360 -100.282 
13.155 -397.164 -100.589 
12.804 -396.992 -100.861 
12.387 -396.796 -101.176 
11.981 -396.612 -101.477 
11.605 -396.449 -101.750 
11.199 -396.279 -102.040 
10.798 -396.119 -102.321 
10.398 -395.965 -102.597 
10.048 -395.835 -102.835 
9.660 -395.697 -103.095 
9.200 -395.541 -103.398 
8.827 -395.421 -103.641 
8.340 -395.271 -103.951 
7.949 -395.157 -104.196 
7.536 -395.042 -104.450 
7.126 -394.934 -104.700 
6.729 -394.834 -104.937 
6.266 -394.724 -105.209 
5.812 -394.623 -105.471 
5.397 -394.536 -105.706 
4.976 -394.455 -105.940 
4.539 -394.377 -106.180 
4.014 -394.291 -106.464 
3.530 -394.219 -106.721 
3.021 -394.151 -106.987 
2.529 -394.092 -107.240 
2.071 -394.044 -107.472 
1.564 -393.997 -107.724 
1.066 -393.958 -107.967 
0.604 -393.928 -108.190 
0.162 -393.905 -108.399 
-0.299 -393.888 -108.615 
-0.842 -393.876 -108.865 
-1.283 -393.873 -109.064 
-1.738 -393.875 -109.267 
-2.215 -393.884 -109.476 
-2.664 -393.898 -109.670 
-3.121 -393.919 -109.865 
-3.652 -393.951 -110.088 
-4.136 -393.988 -110.287 
-4.607 -394.030 -110.477 
-5.118 -394.083 -110.680 
-5.584 -394.137 -110.861 
-6.040 -394.196 -111.036 
-6.481 -394.259 -111.203 
-6.927 -394.329 -111.367 
-7.439 -394.417 -111.553 
-7.904 -394.503 -111.719 
-8.471 -394.617 -111.918 
-9.032 -394.739 -112.109 
-9.522 -394.853 -112.271 
-10.037 -394.981 -112.440 
-10.545 -395.115 -112.602 
-10.963 -395.232 -112.733 
-11.423 -395.365 -112.874 
-11.837 -395.490 -112.998 
-12.277 -395.629 -113.126 
-12.741 -395.781 -113.260 
-13.188 -395.934 -113.386 
-13.646 -396.097 -113.513 
-14.153 -396.284 -113.649 
-14.622 -396.465 -113.772 
-15.004 -396.618 -113.870 
-15.451 -396.802 -113.981 
-15.934 -397.009 -114.097 
-16.410 -397.220 -114.208 
-16.880 -397.435 -114.314 
-17.345 -397.655 -114.416 
-17.755 -397.856 -114.503 
-18.216 -398.089 -114.599 
-18.731 -398.359 -114.702 
-19.178 -398.601 -114.789 
-19.646 -398.861 -114.876 
-20.104 -399.123 -114.959 
-20.579 -399.404 -115.041 
-21.008 -399.664 -115.112 
-21.489 -399.966 -115.189 
-21.889 -400.223 -115.250 
-22.347 -400.524 -115.317 
-22.806 -400.836 -115.382 
-23.204 -401.114 -115.434 
-23.601 -401.396 -115.483 
-24.056 -401.727 -115.537 
-24.505 -402.062 -115.586 
-24.954 -402.406 -115.633 
-25.378 -402.737 -115.674 
-25.829 -403.099 -115.714 
-26.308 -403.494 -115.756 
-26.736 -403.854 -115.790 
-27.113 -404.179 -115.817 
-27.481 -404.502 -115.842 
-27.915 -404.890 -115.867 
-28.283 -405.226 -115.886 
-28.714 -405.629 -115.906 
-29.133 -406.032 -115.922 
-29.549 -406.438 -115.936 
-29.940 -406.829 -115.945 
-30.334 -407.230 -115.951 
-30.761 -407.676 -115.955 
-31.153 -408.094 -115.956 
-31.536 -408.511 -115.955 
-31.915 -408.933 -115.951 
-32.289 -409.359 -115.945 
-32.651 -409.781 -115.936 
-33.005 -410.200 -115.924 
-33.314 -410.574 -115.910 
-33.693 -411.041 -115.892 
-34.071 -411.514 -115.871 
-34.380 -411.910 -115.852 
-34.755 -412.401 -115.826 
-35.125 -412.896 -115.797 
-35.430 -413.314 -115.771 
-35.750 -413.761 -115.742 
-36.064 -414.207 -115.710 
-36.399 -414.692 -115.674 
-36.748 -415.210 -115.632 
-37.033 -415.642 -115.594 
-37.337 -416.110 -115.552 
-37.619 -416.555 -115.511 
-37.955 -417.098 -115.459 
-38.259 -417.602 -115.407 
-38.570 -418.129 -115.350 
-38.864 -418.639 -115.293 
-39.159 -419.162 -115.231 
-39.427 -419.649 -115.172 
-39.678 -420.115 -115.113 
-39.945 -420.624 -115.047 
-40.185 -421.093 -114.984 
-40.462 -421.651 -114.905 
-40.744 -422.232 -114.821 
-40.988 -422.751 -114.742 
-41.245 -423.312 -114.655 
-41.494 -423.870 -114.565 
-41.736 -424.427 -114.473 
-41.980 -425.009 -114.374 
-42.198 -425.544 -114.282 
-42.421 -426.102 -114.184 
-42.656 -426.710 -114.075 
-42.868 -427.275 -113.969 
-43.086 -427.882 -113.852 
-43.310 -428.525 -113.725 
