24.701 -457.921 -70.113 
24.706 -457.305 -70.116 
24.713 -456.687 -70.122 
24.723 -456.073 -70.130 
24.736 -455.458 -70.141 
24.751 -454.846 -70.154 
24.770 -454.232 -70.169 
24.791 -453.620 -70.187 
24.816 -453.007 -70.208 
24.843 -452.397 -70.232 
24.872 -451.788 -70.258 
24.905 -451.178 -70.288 
24.940 -450.569 -70.321 
24.978 -449.960 -70.356 
25.019 -449.351 -70.395 
25.062 -448.743 -70.438 
25.107 -448.137 -70.483 
25.155 -447.528 -70.533 
25.205 -446.923 -70.586 
25.258 -446.315 -70.643 
25.313 -445.710 -70.704 
25.370 -445.103 -70.769 
25.429 -444.496 -70.838 
25.489 -443.892 -70.911 
25.552 -443.286 -70.989 
25.616 -442.680 -71.071 
25.682 -442.074 -71.158 
25.749 -441.469 -71.250 
25.818 -440.866 -71.346 
25.887 -440.263 -71.447 
25.958 -439.661 -71.552 
26.029 -439.058 -71.663 
26.102 -438.454 -71.779 
26.175 -437.854 -71.900 
26.248 -437.255 -72.025 
26.321 -436.659 -72.156 
26.393 -436.067 -72.290 
26.466 -435.477 -72.430 
26.538 -434.888 -72.574 
26.609 -434.305 -72.723 
26.680 -433.724 -72.877 
26.749 -433.146 -73.035 
26.818 -432.572 -73.197 
26.885 -432.002 -73.364 
26.950 -431.434 -73.536 
27.014 -430.870 -73.711 
27.077 -430.310 -73.891 
27.137 -429.754 -74.075 
27.196 -429.202 -74.264 
27.252 -428.655 -74.456 
27.306 -428.115 -74.651 
27.357 -427.576 -74.852 
27.406 -427.042 -75.055 
27.452 -426.514 -75.262 
27.495 -425.990 -75.473 
27.536 -425.470 -75.687 
27.573 -424.954 -75.906 
27.608 -424.444 -76.127 
27.639 -423.938 -76.351 
27.667 -423.436 -76.580 
27.691 -422.937 -76.812 
27.712 -422.441 -77.049 
27.730 -421.949 -77.289 
27.743 -421.463 -77.532 
27.753 -420.981 -77.778 
27.759 -420.502 -78.028 
27.761 -420.026 -78.281 
27.759 -419.556 -78.538 
27.753 -419.088 -78.798 
27.743 -418.626 -79.060 
27.729 -418.166 -79.327 
27.710 -417.710 -79.596 
27.687 -417.257 -79.870 
27.659 -416.811 -80.144 
27.627 -416.367 -80.422 
27.590 -415.928 -80.703 
27.549 -415.492 -80.987 
27.502 -415.060 -81.274 
27.451 -414.630 -81.565 
27.395 -414.204 -81.858 
27.334 -413.781 -82.155 
27.268 -413.362 -82.454 
27.197 -412.949 -82.754 
27.121 -412.538 -83.057 
27.040 -412.130 -83.363 
26.954 -411.726 -83.672 
26.862 -411.326 -83.983 
26.765 -410.929 -84.296 
26.663 -410.537 -84.610 
26.556 -410.148 -84.928 
26.443 -409.762 -85.247 
26.325 -409.380 -85.568 
26.202 -409.003 -85.890 
26.072 -408.628 -86.215 
25.938 -408.257 -86.540 
25.798 -407.889 -86.869 
25.653 -407.526 -87.197 
25.501 -407.165 -87.528 
25.344 -406.807 -87.861 
25.182 -406.454 -88.195 
25.014 -406.105 -88.528 
24.840 -405.759 -88.864 
24.661 -405.417 -89.200 
24.476 -405.078 -89.538 
24.286 -404.744 -89.876 
24.089 -404.412 -90.215 
23.887 -404.083 -90.556 
23.680 -403.760 -90.895 
23.467 -403.440 -91.236 
23.249 -403.125 -91.575 
23.024 -402.812 -91.917 
22.794 -402.502 -92.259 
22.558 -402.198 -92.600 
22.318 -401.898 -92.940 
22.070 -401.600 -93.282 
21.818 -401.308 -93.622 
21.560 -401.019 -93.962 
21.296 -400.733 -94.303 
21.026 -400.451 -94.643 
20.753 -400.175 -94.981 
20.472 -399.901 -95.321 
20.184 -399.630 -95.661 
19.892 -399.364 -95.999 
19.594 -399.103 -96.336 
19.292 -398.846 -96.671 
18.983 -398.593 -97.007 
18.669 -398.344 -97.341 
18.351 -398.101 -97.672 
18.026 -397.861 -98.003 
17.695 -397.625 -98.334 
17.360 -397.394 -98.662 
17.017 -397.166 -98.991 
16.669 -396.943 -99.318 
16.318 -396.725 -99.642 
15.961 -396.512 -99.964 
15.599 -396.303 -100.284 
15.233 -396.099 -100.602 
14.861 -395.900 -100.918 
14.485 -395.706 -101.231 
14.104 -395.517 -101.542 
13.717 -395.333 -101.852 
13.326 -395.153 -102.158 
12.931 -394.979 -102.462 
12.531 -394.809 -102.764 
12.128 -394.645 -103.062 
11.719 -394.486 -103.358 
11.306 -394.332 -103.652 
10.890 -394.183 -103.942 
10.472 -394.040 -104.228 
10.049 -393.903 -104.511 
9.623 -393.771 -104.790 
9.194 -393.644 -105.066 
8.760 -393.522 -105.340 
8.323 -393.406 -105.611 
7.882 -393.295 -105.878 
7.438 -393.189 -106.142 
6.991 -393.089 -106.402 
6.542 -392.995 -106.659 
6.088 -392.906 -106.913 
5.631 -392.823 -107.163 
5.172 -392.745 -107.410 
4.711 -392.673 -107.652 
4.247 -392.607 -107.891 
3.781 -392.546 -108.126 
3.313 -392.491 -108.357 
2.843 -392.442 -108.585 
2.368 -392.398 -108.809 
1.892 -392.360 -109.029 
1.414 -392.327 -109.246 
0.935 -392.301 -109.458 
0.453 -392.280 -109.667 
-0.029 -392.265 -109.871 
-0.513 -392.256 -110.071 
-1.000 -392.252 -110.268 
-1.486 -392.254 -110.460 
-1.974 -392.262 -110.648 
-2.464 -392.276 -110.833 
-2.955 -392.296 -111.013 
-3.446 -392.321 -111.189 
-3.937 -392.353 -111.361 
-4.430 -392.390 -111.529 
-4.924 -392.433 -111.693 
-5.417 -392.481 -111.853 
-5.912 -392.536 -112.009 
-6.406 -392.596 -112.160 
-6.900 -392.662 -112.307 
-7.393 -392.734 -112.450 
-7.889 -392.812 -112.590 
-8.384 -392.896 -112.725 
-8.881 -392.986 -112.857 
-9.376 -393.081 -112.984 
-9.871 -393.182 -113.107 
-10.366 -393.289 -113.226 
-10.862 -393.403 -113.341 
-11.354 -393.522 -113.452 
-11.848 -393.647 -113.559 
-12.341 -393.777 -113.662 
-12.833 -393.914 -113.761 
-13.325 -394.057 -113.856 
-13.814 -394.204 -113.947 
-14.304 -394.359 -114.035 
-14.790 -394.518 -114.118 
-15.276 -394.683 -114.197 
-15.761 -394.854 -114.272 
-16.245 -395.032 -114.344 
-16.726 -395.214 -114.411 
-17.205 -395.402 -114.475 
-17.684 -395.597 -114.535 
-18.160 -395.796 -114.591 
-18.636 -396.002 -114.643 
-19.109 -396.213 -114.692 
-19.581 -396.431 -114.737 
-20.050 -396.653 -114.778 
-20.518 -396.881 -114.816 
-20.985 -397.117 -114.850 
-21.450 -397.357 -114.880 
-21.914 -397.605 -114.908 
-22.374 -397.856 -114.931 
-22.833 -398.114 -114.951 
-23.287 -398.377 -114.968 
-23.741 -398.646 -114.981 
-24.193 -398.921 -114.992 
-24.643 -399.202 -114.998 
-25.091 -399.490 -115.002 
-25.535 -399.782 -115.002 
-25.980 -400.081 -114.999 
-26.419 -400.385 -114.993 
-26.856 -400.694 -114.984 
-27.291 -401.009 -114.972 
-27.723 -401.330 -114.957 
-28.152 -401.656 -114.940 
-28.579 -401.988 -114.919 
-29.004 -402.326 -114.895 
-29.427 -402.671 -114.868 
-29.846 -403.020 -114.839 
-30.264 -403.375 -114.807 
-30.677 -403.735 -114.773 
-31.089 -404.102 -114.736 
-31.497 -404.472 -114.696 
-31.904 -404.850 -114.654 
-32.308 -405.233 -114.610 
-32.708 -405.621 -114.563 
-33.106 -406.013 -114.514 
-33.500 -406.411 -114.462 
-33.892 -406.814 -114.409 
-34.280 -407.223 -114.353 
-34.665 -407.635 -114.295 
-35.047 -408.053 -114.236 
-35.426 -408.475 -114.174 
-35.802 -408.902 -114.111 
-36.176 -409.335 -114.046 
-36.545 -409.770 -113.979 
-36.910 -410.209 -113.910 
-37.273 -410.654 -113.840 
-37.630 -411.100 -113.769 
-37.984 -411.550 -113.696 
-38.336 -412.006 -113.622 
-38.684 -412.465 -113.547 
-39.029 -412.928 -113.470 
-39.369 -413.394 -113.392 
-39.708 -413.865 -113.312 
-40.043 -414.340 -113.232 
