24.702 -457.923 -70.112 
24.704 -457.451 -70.111 
24.710 -456.864 -70.111 
24.719 -456.292 -70.112 
24.726 -455.889 -70.115 
24.739 -455.262 -70.121 
24.755 -454.636 -70.130 
24.767 -454.082 -70.144 
24.786 -453.432 -70.164 
24.810 -452.676 -70.188 
24.831 -452.042 -70.214 
24.855 -451.365 -70.245 
24.880 -450.786 -70.276 
24.901 -450.301 -70.303 
24.931 -449.651 -70.344 
24.961 -449.055 -70.383 
24.989 -448.483 -70.423 
25.030 -447.730 -70.484 
25.070 -447.007 -70.550 
25.102 -446.477 -70.601 
25.138 -445.918 -70.657 
25.183 -445.251 -70.727 
25.228 -444.639 -70.795 
25.288 -443.902 -70.882 
25.346 -443.188 -70.969 
25.409 -442.463 -71.065 
25.465 -441.812 -71.159 
25.519 -441.211 -71.249 
25.576 -440.580 -71.348 
25.624 -440.053 -71.436 
25.674 -439.525 -71.526 
25.731 -438.949 -71.626 
25.790 -438.352 -71.734 
25.854 -437.716 -71.853 
25.912 -437.158 -71.958 
25.974 -436.566 -72.075 
26.045 -435.895 -72.212 
26.102 -435.372 -72.323 
26.154 -434.900 -72.426 
26.214 -434.366 -72.545 
26.273 -433.833 -72.668 
26.324 -433.364 -72.780 
26.376 -432.897 -72.894 
26.451 -432.213 -73.069 
26.511 -431.645 -73.220 
26.556 -431.204 -73.339 
26.621 -430.561 -73.517 
26.688 -429.912 -73.703 
26.730 -429.483 -73.832 
26.778 -428.967 -73.990 
26.828 -428.376 -74.176 
26.863 -427.949 -74.315 
26.904 -427.425 -74.489 
26.943 -426.922 -74.659 
26.994 -426.235 -74.900 
27.036 -425.660 -75.108 
27.074 -425.097 -75.316 
27.118 -424.455 -75.563 
27.156 -423.897 -75.786 
27.184 -423.455 -75.969 
27.210 -422.981 -76.169 
27.230 -422.618 -76.325 
27.254 -422.119 -76.542 
27.286 -421.405 -76.862 
27.302 -420.946 -77.074 
27.320 -420.366 -77.350 
27.330 -420.006 -77.526 
27.341 -419.514 -77.772 
27.350 -418.952 -78.060 
27.353 -418.586 -78.252 
27.352 -418.143 -78.489 
27.346 -417.651 -78.757 
27.336 -417.188 -79.013 
27.322 -416.720 -79.278 
27.305 -416.264 -79.544 
27.285 -415.826 -79.804 
27.260 -415.406 -80.056 
27.232 -414.987 -80.311 
27.198 -414.540 -80.589 
27.158 -414.101 -80.868 
27.114 -413.669 -81.147 
27.044 -413.058 -81.552 
26.971 -412.523 -81.916 
26.903 -412.085 -82.221 
26.828 -411.642 -82.534 
26.748 -411.191 -82.857 
26.661 -410.740 -83.190 
26.581 -410.357 -83.476 
26.495 -409.968 -83.773 
26.396 -409.555 -84.097 
26.266 -409.048 -84.504 
26.180 -408.740 -84.755 
26.093 -408.436 -85.005 
25.975 -408.045 -85.331 
25.880 -407.747 -85.583 
25.710 -407.251 -86.008 
25.564 -406.855 -86.353 
25.400 -406.437 -86.727 
25.281 -406.147 -86.991 
25.061 -405.639 -87.458 
24.899 -405.285 -87.787 
24.736 -404.947 -88.105 
24.566 -404.605 -88.432 
24.405 -404.293 -88.734 
24.179 -403.877 -89.143 
24.011 -403.583 -89.437 
23.799 -403.224 -89.802 
23.537 -402.800 -90.241 
23.293 -402.423 -90.634 
23.020 -402.020 -91.059 
22.798 -401.709 -91.395 
22.482 -401.287 -91.857 
22.199 -400.926 -92.257 
21.876 -400.533 -92.695 
21.617 -400.228 -93.037 
21.345 -399.919 -93.386 
21.009 -399.555 -93.805 
20.717 -399.250 -94.162 
20.511 -399.041 -94.409 
20.171 -398.710 -94.806 
19.852 -398.410 -95.169 
19.546 -398.133 -95.510 
19.145 -397.783 -95.948 
18.828 -397.519 -96.285 
18.399 -397.176 -96.731 
18.120 -396.962 -97.012 
17.805 -396.728 -97.322 
17.488 -396.501 -97.626 
17.065 -396.208 -98.021 
16.722 -395.978 -98.336 
16.316 -395.716 -98.699 
15.943 -395.484 -99.024 
15.445 -395.185 -99.450 
15.078 -394.975 -99.757 
14.660 -394.743 -100.099 
14.264 -394.530 -100.416 
13.828 -394.305 -100.759 
13.235 -394.014 -101.208 
12.751 -393.789 -101.563 
12.229 -393.558 -101.938 
11.758 -393.360 -102.271 
11.224 -393.145 -102.639 
10.788 -392.979 -102.932 
10.286 -392.798 -103.260 
9.941 -392.680 -103.481 
9.512 -392.538 -103.751 
9.171 -392.428 -103.960 
8.779 -392.307 -104.196 
8.317 -392.172 -104.469 
7.982 -392.078 -104.661 
7.557 -391.963 -104.901 
7.217 -391.876 -105.090 
6.653 -391.742 -105.397 
6.290 -391.661 -105.592 
5.695 -391.537 -105.907 
5.332 -391.467 -106.096 
4.803 -391.373 -106.368 
4.293 -391.291 -106.624 
3.911 -391.233 -106.813 
3.531 -391.180 -106.997 
3.155 -391.131 -107.176 
2.658 -391.074 -107.409 
2.119 -391.017 -107.652 
1.599 -390.969 -107.881 
1.053 -390.927 -108.118 
0.477 -390.891 -108.359 
0.115 -390.874 -108.507 
-0.376 -390.858 -108.706 
-0.785 -390.851 -108.868 
-1.242 -390.849 -109.047 
-1.725 -390.853 -109.233 
-2.238 -390.865 -109.425 
-2.740 -390.885 -109.610 
-3.077 -390.903 -109.733 
-3.478 -390.928 -109.877 
-3.912 -390.960 -110.030 
-4.462 -391.008 -110.221 
-4.966 -391.060 -110.392 
-5.508 -391.125 -110.571 
-6.115 -391.207 -110.765 
-6.694 -391.296 -110.944 
-7.262 -391.395 -111.113 
-7.733 -391.485 -111.249 
-8.353 -391.614 -111.420 
-8.745 -391.702 -111.525 
-9.275 -391.829 -111.664 
-9.838 -391.973 -111.809 
-10.318 -392.106 -111.930 
-10.720 -392.223 -112.027 
-11.100 -392.337 -112.117 
-11.512 -392.465 -112.214 
-11.900 -392.589 -112.304 
-12.453 -392.773 -112.429 
-12.867 -392.917 -112.520 
-13.264 -393.059 -112.604 
-13.739 -393.238 -112.701 
-14.289 -393.454 -112.810 
-14.853 -393.686 -112.915 
-15.305 -393.881 -112.994 
-15.769 -394.088 -113.072 
-16.345 -394.354 -113.164 
-16.880 -394.613 -113.247 
-17.231 -394.786 -113.299 
-17.785 -395.067 -113.377 
-18.328 -395.354 -113.450 
-18.783 -395.602 -113.506 
-19.252 -395.868 -113.559 
-19.761 -396.166 -113.610 
-20.288 -396.480 -113.660 
-20.661 -396.707 -113.692 
-21.188 -397.034 -113.733 
-21.697 -397.362 -113.769 
-22.175 -397.680 -113.797 
-22.723 -398.057 -113.825 
-23.153 -398.360 -113.842 
-23.502 -398.613 -113.853 
-23.886 -398.895 -113.863 
-24.426 -399.301 -113.872 
-24.800 -399.591 -113.875 
-25.253 -399.952 -113.875 
-25.654 -400.281 -113.870 
-26.153 -400.700 -113.859 
-26.445 -400.949 -113.849 
-26.800 -401.258 -113.837 
-27.220 -401.625 -113.820 
-27.701 -402.058 -113.796 
-28.240 -402.558 -113.764 
-28.622 -402.921 -113.738 
-29.053 -403.341 -113.707 
-29.326 -403.611 -113.686 
-29.736 -404.029 -113.655 
-30.069 -404.377 -113.628 
-30.481 -404.818 -113.591 
-30.885 -405.259 -113.552 
-31.249 -405.666 -113.512 
-31.542 -405.999 -113.477 
-31.906 -406.422 -113.430 
-32.293 -406.881 -113.376 
-32.604 -407.252 -113.331 
-32.897 -407.607 -113.286 
-33.312 -408.116 -113.222 
-33.669 -408.560 -113.163 
-33.936 -408.898 -113.118 
-34.368 -409.463 -113.040 
-34.770 -409.996 -112.963 
-35.216 -410.601 -112.870 
-35.537 -411.046 -112.801 
-35.841 -411.478 -112.734 
-36.109 -411.867 -112.669 
-36.425 -412.336 -112.592 
-36.709 -412.765 -112.522 
-36.916 -413.083 -112.468 
-37.143 -413.438 -112.409 
-37.475 -413.965 -112.320 
-37.759 -414.423 -112.240 
-38.069 -414.932 -112.151 
-38.334 -415.374 -112.075 
-38.664 -415.936 -111.977 
-39.025 -416.567 -111.868 
-39.358 -417.161 -111.767 
-39.694 -417.771 -111.660 
-40.013 -418.366 -111.556 
-40.256 -418.833 -111.474 
-40.482 -419.278 -111.395 
-40.723 -419.765 -111.307 
-40.951 -420.231 -111.221 
-41.176 -420.704 -111.133 
-41.358 -421.096 -111.060 
-41.557 -421.531 -110.976 
-41.737 -421.933 -110.898 
-41.927 -422.367 -110.812 
-42.101 -422.770 -110.730 
-42.348 -423.356 -110.608 
-42.558 -423.869 -110.502 
-42.794 -424.463 -110.380 
-43.030 -425.087 -110.253 
-43.255 -425.699 -110.129 
-43.401 -426.101 -110.048 
-43.572 -426.591 -109.947 
-43.738 -427.086 -109.847 
-43.952 -427.751 -109.714 
