21.502 -475.419 -70.113 
21.506 -474.821 -70.116 
21.515 -474.223 -70.121 
21.527 -473.590 -70.129 
21.541 -472.996 -70.139 
21.559 -472.410 -70.151 
21.581 -471.799 -70.165 
21.606 -471.182 -70.182 
21.634 -470.582 -70.200 
21.664 -470.008 -70.220 
21.698 -469.407 -70.242 
21.735 -468.814 -70.267 
21.778 -468.191 -70.294 
21.824 -467.580 -70.324 
21.871 -466.992 -70.355 
21.923 -466.382 -70.390 
21.977 -465.791 -70.425 
22.034 -465.194 -70.463 
22.094 -464.605 -70.502 
22.157 -464.024 -70.543 
22.225 -463.415 -70.589 
22.296 -462.814 -70.636 
22.370 -462.217 -70.686 
22.446 -461.620 -70.737 
22.525 -461.022 -70.792 
22.606 -460.428 -70.848 
22.691 -459.825 -70.908 
22.778 -459.236 -70.970 
22.870 -458.628 -71.036 
22.965 -458.025 -71.104 
23.063 -457.425 -71.175 
23.164 -456.821 -71.250 
23.264 -456.240 -71.324 
23.372 -455.633 -71.404 
23.478 -455.050 -71.483 
23.592 -454.438 -71.570 
23.703 -453.855 -71.656 
23.822 -453.243 -71.749 
23.940 -452.648 -71.843 
24.064 -452.039 -71.942 
24.186 -451.445 -72.043 
24.312 -450.847 -72.147 
24.439 -450.249 -72.255 
24.565 -449.668 -72.364 
24.690 -449.100 -72.474 
24.819 -448.518 -72.591 
24.956 -447.908 -72.717 
25.093 -447.306 -72.846 
25.225 -446.731 -72.973 
25.361 -446.143 -73.107 
25.494 -445.576 -73.241 
25.635 -444.974 -73.388 
25.774 -444.387 -73.537 
25.905 -443.835 -73.681 
26.039 -443.268 -73.833 
26.172 -442.707 -73.989 
26.305 -442.147 -74.149 
26.438 -441.586 -74.315 
26.565 -441.045 -74.479 
26.693 -440.501 -74.649 
26.819 -439.960 -74.822 
26.941 -439.431 -74.997 
27.063 -438.900 -75.178 
27.183 -438.371 -75.363 
27.304 -437.830 -75.558 
27.425 -437.281 -75.761 
27.537 -436.766 -75.957 
27.651 -436.230 -76.167 
27.762 -435.697 -76.381 
27.869 -435.172 -76.598 
27.972 -434.655 -76.817 
28.069 -434.154 -77.035 
28.170 -433.623 -77.271 
28.264 -433.113 -77.505 
28.353 -432.612 -77.739 
28.436 -432.127 -77.971 
28.520 -431.620 -78.220 
28.599 -431.121 -78.469 
28.672 -430.633 -78.720 
28.741 -430.152 -78.972 
28.807 -429.667 -79.232 
28.868 -429.182 -79.498 
28.927 -428.685 -79.776 
28.979 -428.215 -80.045 
29.028 -427.725 -80.331 
29.069 -427.275 -80.600 
29.107 -426.815 -80.880 
29.141 -426.340 -81.175 
29.169 -425.906 -81.450 
29.192 -425.456 -81.742 
29.210 -425.006 -82.039 
29.224 -424.555 -82.342 
29.231 -424.111 -82.647 
29.233 -423.671 -82.954 
29.230 -423.236 -83.265 
29.220 -422.792 -83.587 
29.205 -422.365 -83.904 
29.185 -421.951 -84.216 
29.159 -421.536 -84.533 
29.128 -421.126 -84.853 
29.091 -420.722 -85.173 
29.048 -420.311 -85.505 
28.998 -419.905 -85.837 
28.942 -419.497 -86.176 
28.882 -419.102 -86.511 
28.813 -418.702 -86.855 
28.741 -418.319 -87.190 
28.660 -417.931 -87.533 
28.574 -417.548 -87.878 
28.482 -417.169 -88.225 
28.383 -416.791 -88.576 
28.281 -416.427 -88.918 
28.169 -416.058 -89.271 
28.050 -415.687 -89.630 
27.925 -415.326 -89.984 
27.795 -414.970 -90.337 
27.660 -414.621 -90.688 
27.515 -414.267 -91.049 
27.368 -413.927 -91.399 
27.211 -413.583 -91.759 
27.049 -413.245 -92.116 
26.879 -412.907 -92.476 
26.704 -412.576 -92.834 
26.520 -412.243 -93.197 
26.322 -411.902 -93.574 
26.122 -411.572 -93.942 
25.921 -411.253 -94.300 
25.710 -410.934 -94.664 
25.492 -410.618 -95.027 
25.260 -410.294 -95.402 
25.018 -409.968 -95.784 
24.783 -409.665 -96.141 
24.549 -409.373 -96.490 
24.299 -409.073 -96.851 
24.047 -408.780 -97.207 
23.775 -408.477 -97.578 
23.507 -408.186 -97.937 
23.229 -407.894 -98.299 
22.951 -407.612 -98.653 
22.665 -407.331 -99.007 
22.359 -407.042 -99.377 
22.045 -406.755 -99.746 
21.727 -406.475 -100.111 
21.403 -406.197 -100.474 
21.069 -405.920 -100.839 
20.723 -405.644 -101.207 
20.387 -405.384 -101.557 
20.035 -405.121 -101.914 
19.680 -404.863 -102.267 
19.324 -404.614 -102.613 
18.955 -404.363 -102.963 
18.579 -404.116 -103.312 
18.194 -403.871 -103.661 
17.805 -403.632 -104.006 
17.417 -403.401 -104.341 
17.016 -403.170 -104.681 
16.610 -402.944 -105.016 
16.196 -402.722 -105.351 
15.781 -402.507 -105.678 
15.365 -402.298 -105.999 
14.930 -402.088 -106.327 
14.499 -401.887 -106.645 
14.055 -401.688 -106.965 
13.597 -401.489 -107.287 
13.153 -401.304 -107.592 
12.683 -401.115 -107.908 
12.242 -400.944 -108.198 
11.773 -400.770 -108.499 
11.318 -400.608 -108.785 
10.845 -400.446 -109.075 
10.374 -400.292 -109.359 
9.869 -400.133 -109.655 
9.392 -399.991 -109.928 
8.901 -399.851 -110.203 
8.416 -399.719 -110.468 
7.927 -399.593 -110.730 
7.432 -399.472 -110.989 
6.943 -399.358 -111.238 
6.439 -399.247 -111.489 
5.939 -399.143 -111.732 
5.414 -399.042 -111.981 
4.921 -398.952 -112.209 
4.412 -398.867 -112.438 
3.910 -398.788 -112.659 
3.397 -398.714 -112.878 
2.858 -398.643 -113.103 
2.347 -398.582 -113.310 
1.830 -398.527 -113.514 
1.317 -398.478 -113.712 
0.799 -398.435 -113.906 
0.281 -398.398 -114.095 
-0.251 -398.367 -114.284 
-0.769 -398.343 -114.462 
-1.269 -398.325 -114.629 
-1.795 -398.313 -114.800 
-2.328 -398.308 -114.968 
-2.844 -398.309 -115.125 
-3.389 -398.316 -115.287 
-3.933 -398.331 -115.443 
-4.462 -398.352 -115.589 
-4.990 -398.379 -115.731 
-5.522 -398.413 -115.868 
-6.069 -398.455 -116.005 
-6.587 -398.502 -116.129 
-7.123 -398.556 -116.254 
-7.618 -398.613 -116.364 
-8.136 -398.678 -116.476 
-8.684 -398.754 -116.589 
-9.207 -398.834 -116.693 
-9.733 -398.920 -116.792 
-10.240 -399.010 -116.884 
-10.755 -399.108 -116.974 
-11.269 -399.212 -117.058 
-11.786 -399.323 -117.139 
-12.306 -399.441 -117.216 
-12.817 -399.565 -117.287 
-13.337 -399.696 -117.355 
-13.857 -399.835 -117.418 
-14.364 -399.978 -117.476 
-14.869 -400.126 -117.529 
-15.378 -400.282 -117.578 
-15.885 -400.445 -117.623 
-16.390 -400.614 -117.664 
-16.893 -400.789 -117.699 
-17.382 -400.966 -117.730 
-17.868 -401.148 -117.756 
-18.381 -401.348 -117.779 
-18.861 -401.542 -117.797 
-19.353 -401.748 -117.811 
-19.845 -401.960 -117.820 
-20.348 -402.186 -117.826 
-20.865 -402.425 -117.827 
-21.364 -402.664 -117.823 
-21.839 -402.900 -117.815 
-22.298 -403.134 -117.804 
-22.779 -403.387 -117.788 
-23.245 -403.640 -117.768 
-23.712 -403.900 -117.744 
-24.180 -404.168 -117.716 
-24.647 -404.445 -117.684 
-25.115 -404.730 -117.648 
-25.565 -405.011 -117.609 
-26.021 -405.305 -117.565 
-26.483 -405.611 -117.516 
-26.925 -405.910 -117.466 
-27.373 -406.223 -117.410 
-27.822 -406.544 -117.350 
-28.256 -406.863 -117.288 
-28.685 -407.186 -117.222 
-29.113 -407.517 -117.153 
-29.564 -407.874 -117.075 
-29.988 -408.218 -116.997 
-30.399 -408.560 -116.919 
-30.813 -408.912 -116.836 
-31.225 -409.271 -116.749 
-31.631 -409.632 -116.659 
-32.047 -410.012 -116.563 
-32.451 -410.388 -116.466 
-32.835 -410.755 -116.370 
-33.216 -411.126 -116.271 
-33.603 -411.510 -116.167 
-33.980 -411.893 -116.062 
-34.358 -412.286 -115.953 
-34.735 -412.685 -115.840 
-35.115 -413.096 -115.723 
-35.494 -413.516 -115.602 
-35.848 -413.916 -115.486 
-36.201 -414.322 -115.366 
-36.557 -414.742 -115.242 
-36.919 -415.178 -115.111 
-37.274 -415.615 -114.979 
-37.615 -416.043 -114.849 
-37.968 -416.496 -114.711 
