24.701 -457.924 -70.113 
24.706 -457.313 -70.116 
24.714 -456.699 -70.122 
24.725 -456.086 -70.131 
24.739 -455.473 -70.141 
24.755 -454.861 -70.155 
24.775 -454.250 -70.171 
24.798 -453.638 -70.190 
24.824 -453.027 -70.211 
24.853 -452.416 -70.235 
24.884 -451.805 -70.262 
24.919 -451.196 -70.292 
24.955 -450.588 -70.325 
24.995 -449.979 -70.361 
25.037 -449.373 -70.400 
25.082 -448.765 -70.442 
25.129 -448.159 -70.487 
25.178 -447.553 -70.536 
25.230 -446.950 -70.587 
25.284 -446.344 -70.643 
25.340 -445.741 -70.701 
25.398 -445.140 -70.763 
25.458 -444.540 -70.829 
25.520 -443.938 -70.899 
25.583 -443.338 -70.972 
25.649 -442.741 -71.049 
25.716 -442.143 -71.129 
25.784 -441.547 -71.214 
25.853 -440.954 -71.302 
25.924 -440.362 -71.395 
25.996 -439.770 -71.491 
26.068 -439.183 -71.591 
26.141 -438.596 -71.696 
26.215 -438.012 -71.804 
26.290 -437.428 -71.917 
26.365 -436.846 -72.035 
26.440 -436.268 -72.156 
26.515 -435.691 -72.282 
26.591 -435.113 -72.413 
26.666 -434.540 -72.548 
26.741 -433.969 -72.687 
26.816 -433.398 -72.832 
26.889 -432.832 -72.980 
26.962 -432.270 -73.132 
27.035 -431.709 -73.290 
27.106 -431.151 -73.451 
27.176 -430.596 -73.617 
27.244 -430.044 -73.788 
27.311 -429.495 -73.963 
27.377 -428.946 -74.144 
27.441 -428.401 -74.329 
27.503 -427.862 -74.517 
27.562 -427.324 -74.710 
27.620 -426.787 -74.909 
27.675 -426.258 -75.110 
27.728 -425.731 -75.316 
27.779 -425.206 -75.527 
27.826 -424.687 -75.741 
27.871 -424.171 -75.959 
27.913 -423.658 -76.182 
27.952 -423.149 -76.409 
27.988 -422.642 -76.640 
28.021 -422.138 -76.876 
28.050 -421.639 -77.115 
28.076 -421.143 -77.358 
28.099 -420.650 -77.606 
28.118 -420.159 -77.858 
28.133 -419.676 -78.111 
28.145 -419.194 -78.370 
28.153 -418.719 -78.631 
28.157 -418.248 -78.895 
28.156 -417.778 -79.164 
28.152 -417.312 -79.437 
28.144 -416.850 -79.712 
28.131 -416.392 -79.991 
28.114 -415.938 -80.273 
28.093 -415.487 -80.558 
28.067 -415.042 -80.846 
28.037 -414.601 -81.136 
28.003 -414.164 -81.429 
27.963 -413.730 -81.725 
27.919 -413.302 -82.023 
27.871 -412.877 -82.324 
27.817 -412.456 -82.628 
27.759 -412.039 -82.934 
27.696 -411.625 -83.243 
27.628 -411.217 -83.553 
27.555 -410.811 -83.867 
27.477 -410.412 -84.181 
27.394 -410.016 -84.498 
27.306 -409.624 -84.816 
27.213 -409.236 -85.137 
27.114 -408.851 -85.460 
27.010 -408.470 -85.785 
26.902 -408.096 -86.110 
26.787 -407.725 -86.436 
26.668 -407.358 -86.764 
26.543 -406.995 -87.093 
26.413 -406.636 -87.424 
26.276 -406.280 -87.756 
26.135 -405.929 -88.088 
25.988 -405.581 -88.422 
25.835 -405.236 -88.758 
25.676 -404.895 -89.095 
25.511 -404.557 -89.434 
25.342 -404.225 -89.771 
25.165 -403.894 -90.111 
24.984 -403.569 -90.450 
24.797 -403.247 -90.789 
24.604 -402.928 -91.130 
24.404 -402.612 -91.473 
24.198 -402.298 -91.817 
23.986 -401.989 -92.161 
23.768 -401.683 -92.506 
23.544 -401.381 -92.851 
23.315 -401.083 -93.195 
23.078 -400.787 -93.542 
22.834 -400.494 -93.889 
22.586 -400.205 -94.235 
22.332 -399.921 -94.581 
22.071 -399.640 -94.927 
21.804 -399.363 -95.273 
21.531 -399.089 -95.619 
21.252 -398.819 -95.965 
20.967 -398.554 -96.309 
20.676 -398.292 -96.654 
20.380 -398.035 -96.997 
20.076 -397.780 -97.341 
19.766 -397.529 -97.686 
19.451 -397.283 -98.028 
19.131 -397.042 -98.368 
18.806 -396.806 -98.706 
18.475 -396.574 -99.044 
18.137 -396.346 -99.381 
17.798 -396.124 -99.713 
17.454 -395.908 -100.044 
17.103 -395.696 -100.373 
16.748 -395.488 -100.701 
16.387 -395.285 -101.028 
16.019 -395.086 -101.354 
15.648 -394.892 -101.676 
15.272 -394.704 -101.997 
14.894 -394.522 -102.314 
14.508 -394.344 -102.630 
14.120 -394.171 -102.943 
13.728 -394.004 -103.253 
13.332 -393.843 -103.560 
12.930 -393.686 -103.866 
12.525 -393.535 -104.169 
12.118 -393.389 -104.468 
11.705 -393.249 -104.765 
11.287 -393.113 -105.060 
10.866 -392.983 -105.352 
10.441 -392.859 -105.641 
10.013 -392.740 -105.926 
9.580 -392.626 -106.210 
9.146 -392.519 -106.488 
8.708 -392.417 -106.765 
8.266 -392.320 -107.038 
7.824 -392.230 -107.307 
7.376 -392.144 -107.574 
6.926 -392.065 -107.837 
6.474 -391.991 -108.096 
6.018 -391.923 -108.352 
5.560 -391.860 -108.604 
5.100 -391.803 -108.853 
4.637 -391.753 -109.098 
4.170 -391.707 -109.341 
3.704 -391.668 -109.578 
3.233 -391.634 -109.813 
2.761 -391.606 -110.044 
2.286 -391.584 -110.271 
1.810 -391.568 -110.494 
1.331 -391.557 -110.714 
0.850 -391.553 -110.931 
0.370 -391.554 -111.142 
-0.113 -391.561 -111.349 
-0.597 -391.574 -111.553 
-1.083 -391.592 -111.753 
-1.570 -391.617 -111.949 
-2.059 -391.647 -112.141 
-2.549 -391.683 -112.329 
-3.040 -391.725 -112.513 
-3.530 -391.772 -112.692 
-4.020 -391.825 -112.867 
-4.512 -391.884 -113.038 
-5.005 -391.949 -113.205 
-5.501 -392.020 -113.369 
-5.994 -392.097 -113.527 
-6.489 -392.179 -113.682 
-6.984 -392.267 -113.833 
-7.479 -392.361 -113.979 
-7.974 -392.461 -114.122 
-8.472 -392.567 -114.260 
-8.967 -392.678 -114.394 
-9.463 -392.795 -114.524 
-9.960 -392.918 -114.649 
-10.455 -393.047 -114.771 
-10.950 -393.181 -114.887 
-11.444 -393.321 -115.000 
-11.937 -393.466 -115.108 
-12.430 -393.618 -115.212 
-12.921 -393.774 -115.312 
-13.412 -393.937 -115.407 
-13.903 -394.105 -115.499 
-14.392 -394.279 -115.585 
-14.879 -394.458 -115.668 
-15.366 -394.643 -115.747 
-15.853 -394.834 -115.821 
-16.339 -395.031 -115.891 
-16.825 -395.234 -115.957 
-17.308 -395.442 -116.019 
-17.789 -395.655 -116.076 
-18.270 -395.875 -116.130 
-18.749 -396.100 -116.179 
-19.226 -396.331 -116.224 
-19.701 -396.567 -116.264 
-20.174 -396.807 -116.301 
-20.645 -397.054 -116.333 
-21.113 -397.306 -116.361 
-21.579 -397.563 -116.385 
-22.045 -397.827 -116.405 
-22.508 -398.096 -116.421 
-22.967 -398.369 -116.433 
-23.427 -398.650 -116.441 
-23.882 -398.934 -116.445 
-24.336 -399.225 -116.444 
-24.787 -399.521 -116.440 
-25.234 -399.821 -116.432 
-25.680 -400.127 -116.421 
-26.122 -400.439 -116.405 
-26.562 -400.755 -116.386 
-26.999 -401.077 -116.363 
-27.434 -401.405 -116.336 
-27.864 -401.736 -116.306 
-28.293 -402.075 -116.272 
-28.718 -402.418 -116.235 
-29.141 -402.766 -116.195 
-29.559 -403.118 -116.151 
-29.976 -403.477 -116.104 
-30.390 -403.841 -116.054 
-30.799 -404.209 -116.001 
-31.206 -404.583 -115.945 
-31.610 -404.961 -115.886 
-32.011 -405.345 -115.824 
-32.410 -405.734 -115.759 
-32.804 -406.128 -115.692 
-33.195 -406.526 -115.622 
-33.582 -406.927 -115.550 
-33.966 -407.335 -115.475 
-34.345 -407.745 -115.399 
-34.722 -408.160 -115.320 
-35.095 -408.580 -115.239 
-35.467 -409.005 -115.156 
-35.834 -409.435 -115.071 
-36.197 -409.867 -114.984 
-36.557 -410.305 -114.896 
-36.914 -410.745 -114.806 
-37.266 -411.189 -114.715 
-37.615 -411.637 -114.623 
-37.961 -412.089 -114.529 
-38.304 -412.546 -114.434 
-38.643 -413.005 -114.338 
-38.979 -413.468 -114.240 
-39.311 -413.934 -114.142 
-39.640 -414.403 -114.043 
-39.966 -414.878 -113.942 
-40.290 -415.357 -113.840 
-40.610 -415.838 -113.738 
-40.927 -416.325 -113.634 
-41.242 -416.815 -113.529 
-41.551 -417.307 -113.424 
-41.860 -417.806 -113.317 
-42.165 -418.308 -113.209 
-42.467 -418.815 -113.100 
-42.765 -419.324 -112.989 
-43.061 -419.839 -112.878 
