24.701 -457.944 -70.113 
24.703 -457.354 -70.118 
24.708 -456.696 -70.128 
24.715 -456.041 -70.141 
24.722 -455.472 -70.156 
24.734 -454.813 -70.177 
24.746 -454.201 -70.200 
24.759 -453.618 -70.225 
24.774 -453.006 -70.256 
24.791 -452.408 -70.289 
24.807 -451.873 -70.323 
24.827 -451.249 -70.366 
24.850 -450.628 -70.413 
24.877 -449.949 -70.468 
24.902 -449.349 -70.521 
24.934 -448.651 -70.587 
24.968 -447.980 -70.655 
25.001 -447.364 -70.722 
25.037 -446.747 -70.793 
25.071 -446.189 -70.862 
25.108 -445.599 -70.938 
25.148 -444.989 -71.020 
25.186 -444.411 -71.102 
25.225 -443.830 -71.188 
25.267 -443.213 -71.285 
25.304 -442.665 -71.375 
25.347 -442.055 -71.480 
25.388 -441.477 -71.583 
25.426 -440.940 -71.684 
25.463 -440.408 -71.787 
25.502 -439.857 -71.898 
25.542 -439.288 -72.017 
25.583 -438.712 -72.142 
25.627 -438.100 -72.279 
25.666 -437.563 -72.404 
25.708 -436.987 -72.542 
25.753 -436.367 -72.697 
25.796 -435.765 -72.852 
25.835 -435.218 -72.998 
25.872 -434.698 -73.141 
25.911 -434.119 -73.304 
25.947 -433.590 -73.457 
25.985 -433.007 -73.631 
26.020 -432.458 -73.799 
26.055 -431.910 -73.972 
26.089 -431.334 -74.159 
26.120 -430.792 -74.342 
26.148 -430.262 -74.524 
26.176 -429.700 -74.723 
26.201 -429.168 -74.916 
26.224 -428.627 -75.119 
26.243 -428.148 -75.302 
26.260 -427.635 -75.503 
26.277 -427.080 -75.726 
26.290 -426.562 -75.939 
26.300 -426.072 -76.144 
26.308 -425.554 -76.366 
26.314 -425.022 -76.598 
26.316 -424.544 -76.812 
26.315 -424.054 -77.035 
26.312 -423.583 -77.255 
26.305 -423.096 -77.487 
26.294 -422.592 -77.733 
26.280 -422.112 -77.972 
26.260 -421.607 -78.229 
26.236 -421.085 -78.500 
26.209 -420.590 -78.763 
26.177 -420.113 -79.022 
26.146 -419.689 -79.256 
26.110 -419.253 -79.501 
26.067 -418.779 -79.773 
26.020 -418.316 -80.043 
25.967 -417.836 -80.328 
25.912 -417.390 -80.598 
25.856 -416.967 -80.858 
25.795 -416.546 -81.122 
25.723 -416.079 -81.419 
25.643 -415.606 -81.726 
25.555 -415.123 -82.046 
25.473 -414.704 -82.328 
25.390 -414.304 -82.601 
25.295 -413.870 -82.903 
25.196 -413.452 -83.198 
25.083 -413.001 -83.523 
24.962 -412.551 -83.851 
24.831 -412.091 -84.193 
24.721 -411.724 -84.471 
24.592 -411.315 -84.786 
24.472 -410.955 -85.068 
24.334 -410.561 -85.382 
24.184 -410.157 -85.710 
24.030 -409.758 -86.038 
23.879 -409.388 -86.350 
23.702 -408.972 -86.705 
23.526 -408.578 -87.047 
23.335 -408.171 -87.407 
23.151 -407.797 -87.744 
22.974 -407.454 -88.059 
22.772 -407.076 -88.411 
22.568 -406.711 -88.757 
22.342 -406.325 -89.129 
22.134 -405.983 -89.465 
21.909 -405.630 -89.818 
21.699 -405.311 -90.141 
21.481 -404.993 -90.468 
21.234 -404.648 -90.830 
21.016 -404.354 -91.143 
20.764 -404.026 -91.499 
20.529 -403.733 -91.822 
20.277 -403.430 -92.162 
20.006 -403.118 -92.519 
19.756 -402.839 -92.843 
19.493 -402.558 -93.176 
19.217 -402.272 -93.519 
18.946 -402.001 -93.849 
18.661 -401.726 -94.189 
18.329 -401.418 -94.578 
18.044 -401.164 -94.904 
17.705 -400.872 -95.284 
17.396 -400.616 -95.622 
17.041 -400.333 -96.004 
16.693 -400.066 -96.372 
16.338 -399.804 -96.739 
16.048 -399.597 -97.033 
15.708 -399.362 -97.372 
15.370 -399.137 -97.703 
15.008 -398.907 -98.049 
14.643 -398.684 -98.392 
14.266 -398.462 -98.737 
13.882 -398.245 -99.083 
13.537 -398.057 -99.387 
13.173 -397.867 -99.702 
12.837 -397.698 -99.989 
12.468 -397.520 -100.298 
12.119 -397.357 -100.586 
11.747 -397.190 -100.887 
11.393 -397.037 -101.170 
11.016 -396.879 -101.466 
10.583 -396.706 -101.800 
10.211 -396.563 -102.081 
9.837 -396.425 -102.360 
9.502 -396.307 -102.605 
9.079 -396.163 -102.910 
8.669 -396.031 -103.201 
8.205 -395.888 -103.525 
7.793 -395.768 -103.807 
7.374 -395.652 -104.090 
6.982 -395.549 -104.349 
6.537 -395.438 -104.639 
6.112 -395.339 -104.909 
5.678 -395.243 -105.180 
5.254 -395.155 -105.441 
4.808 -395.071 -105.710 
4.376 -394.994 -105.967 
3.940 -394.924 -106.221 
3.520 -394.861 -106.462 
3.061 -394.798 -106.720 
2.576 -394.738 -106.987 
2.090 -394.686 -107.248 
1.604 -394.640 -107.504 
1.162 -394.604 -107.733 
0.737 -394.575 -107.948 
0.294 -394.549 -108.169 
-0.200 -394.528 -108.410 
-0.725 -394.512 -108.661 
-1.192 -394.505 -108.880 
-1.640 -394.504 -109.085 
-2.139 -394.508 -109.311 
-2.605 -394.518 -109.516 
-3.104 -394.535 -109.732 
-3.558 -394.556 -109.924 
-4.033 -394.585 -110.122 
-4.540 -394.622 -110.328 
-5.026 -394.665 -110.521 
-5.490 -394.712 -110.702 
-5.991 -394.768 -110.893 
-6.489 -394.830 -111.078 
-6.954 -394.895 -111.248 
-7.424 -394.965 -111.416 
-7.935 -395.049 -111.595 
-8.422 -395.135 -111.761 
-8.951 -395.236 -111.938 
-9.402 -395.328 -112.086 
-9.906 -395.436 -112.247 
-10.382 -395.544 -112.395 
-10.859 -395.659 -112.540 
-11.337 -395.780 -112.682 
-11.828 -395.912 -112.825 
-12.319 -396.050 -112.963 
-12.793 -396.190 -113.092 
-13.245 -396.329 -113.212 
-13.721 -396.481 -113.336 
-14.184 -396.635 -113.453 
-14.697 -396.812 -113.579 
-15.201 -396.993 -113.699 
-15.686 -397.175 -113.811 
-16.173 -397.365 -113.920 
-16.663 -397.564 -114.026 
-17.197 -397.788 -114.137 
-17.683 -397.999 -114.233 
-18.125 -398.197 -114.317 
-18.608 -398.422 -114.406 
-19.085 -398.651 -114.490 
-19.569 -398.891 -114.571 
-20.067 -399.148 -114.651 
-20.550 -399.404 -114.726 
-21.024 -399.663 -114.795 
-21.532 -399.951 -114.864 
-22.029 -400.241 -114.929 
-22.487 -400.516 -114.984 
-22.939 -400.795 -115.035 
-23.417 -401.098 -115.086 
-23.833 -401.370 -115.127 
-24.275 -401.667 -115.168 
-24.732 -401.982 -115.206 
-25.174 -402.295 -115.241 
-25.634 -402.630 -115.273 
-26.075 -402.961 -115.300 
-26.526 -403.307 -115.324 
-26.955 -403.645 -115.344 
-27.411 -404.012 -115.361 
-27.836 -404.362 -115.373 
-28.287 -404.743 -115.382 
-28.710 -405.110 -115.387 
-29.138 -405.490 -115.388 
-29.557 -405.873 -115.384 
-29.930 -406.221 -115.379 
-30.354 -406.626 -115.370 
-30.792 -407.055 -115.356 
-31.166 -407.430 -115.341 
-31.566 -407.840 -115.321 
-31.972 -408.265 -115.298 
-32.368 -408.690 -115.271 
-32.754 -409.114 -115.240 
-33.114 -409.518 -115.208 
-33.500 -409.960 -115.169 
-33.836 -410.353 -115.132 
-34.200 -410.787 -115.088 
-34.560 -411.227 -115.041 
-34.904 -411.656 -114.993 
-35.251 -412.100 -114.940 
-35.594 -412.548 -114.885 
-35.927 -412.994 -114.829 
-36.300 -413.504 -114.762 
-36.646 -413.989 -114.696 
-36.954 -414.431 -114.634 
-37.262 -414.884 -114.568 
-37.588 -415.373 -114.494 
-37.908 -415.864 -114.417 
-38.235 -416.380 -114.335 
-38.521 -416.841 -114.260 
-38.840 -417.364 -114.172 
-39.132 -417.856 -114.089 
-39.448 -418.403 -113.993 
-39.717 -418.879 -113.907 
-39.997 -419.389 -113.814 
-40.268 -419.895 -113.720 
-40.542 -420.421 -113.620 
-40.813 -420.957 -113.516 
-41.071 -421.482 -113.412 
-41.283 -421.929 -113.321 
-41.527 -422.455 -113.212 
-41.761 -422.974 -113.102 
-41.967 -423.444 -113.001 
-42.164 -423.904 -112.900 
