24.701 -457.925 -70.113 
24.705 -457.315 -70.116 
24.712 -456.703 -70.123 
24.722 -456.091 -70.131 
24.734 -455.479 -70.142 
24.749 -454.868 -70.156 
24.767 -454.255 -70.173 
24.788 -453.641 -70.193 
24.811 -453.029 -70.215 
24.836 -452.415 -70.241 
24.864 -451.803 -70.269 
24.895 -451.192 -70.301 
24.928 -450.580 -70.335 
24.963 -449.969 -70.373 
25.000 -449.358 -70.415 
25.040 -448.746 -70.459 
25.082 -448.136 -70.507 
25.126 -447.526 -70.559 
25.172 -446.917 -70.614 
25.220 -446.309 -70.673 
25.269 -445.701 -70.736 
25.320 -445.095 -70.803 
25.373 -444.489 -70.873 
25.427 -443.885 -70.947 
25.483 -443.282 -71.025 
25.539 -442.680 -71.107 
25.597 -442.079 -71.193 
25.656 -441.479 -71.284 
25.716 -440.882 -71.378 
25.776 -440.285 -71.477 
25.837 -439.691 -71.579 
25.899 -439.098 -71.687 
25.961 -438.507 -71.798 
26.023 -437.917 -71.913 
26.085 -437.329 -72.033 
26.148 -436.744 -72.158 
26.210 -436.160 -72.286 
26.271 -435.579 -72.419 
26.332 -435.000 -72.556 
26.393 -434.424 -72.698 
26.453 -433.849 -72.844 
26.512 -433.276 -72.995 
26.570 -432.705 -73.150 
26.627 -432.136 -73.309 
26.683 -431.571 -73.473 
26.738 -431.008 -73.641 
26.790 -430.447 -73.814 
26.842 -429.889 -73.991 
26.891 -429.334 -74.173 
26.939 -428.781 -74.359 
26.984 -428.231 -74.549 
27.027 -427.685 -74.743 
27.068 -427.142 -74.942 
27.107 -426.603 -75.144 
27.143 -426.065 -75.351 
27.176 -425.531 -75.563 
27.207 -425.001 -75.778 
27.234 -424.475 -75.997 
27.258 -423.952 -76.220 
27.280 -423.433 -76.447 
27.298 -422.918 -76.678 
27.312 -422.406 -76.912 
27.324 -421.897 -77.151 
27.331 -421.393 -77.394 
27.335 -420.892 -77.640 
27.335 -420.395 -77.890 
27.332 -419.903 -78.143 
27.324 -419.414 -78.400 
27.312 -418.929 -78.660 
27.296 -418.447 -78.925 
27.276 -417.970 -79.192 
27.252 -417.496 -79.463 
27.223 -417.026 -79.738 
27.189 -416.560 -80.016 
27.151 -416.098 -80.296 
27.109 -415.639 -80.581 
27.061 -415.185 -80.869 
27.009 -414.734 -81.159 
26.952 -414.287 -81.454 
26.891 -413.845 -81.750 
26.824 -413.406 -82.050 
26.752 -412.971 -82.352 
26.675 -412.540 -82.658 
26.592 -412.113 -82.967 
26.505 -411.690 -83.278 
26.412 -411.270 -83.592 
26.314 -410.855 -83.908 
26.210 -410.444 -84.227 
26.101 -410.036 -84.548 
25.986 -409.634 -84.871 
25.866 -409.234 -85.197 
25.741 -408.840 -85.524 
25.609 -408.449 -85.853 
25.472 -408.062 -86.185 
25.329 -407.679 -86.519 
25.180 -407.298 -86.856 
25.025 -406.923 -87.193 
24.865 -406.553 -87.531 
24.698 -406.186 -87.871 
24.526 -405.823 -88.212 
24.348 -405.465 -88.555 
24.164 -405.111 -88.898 
23.974 -404.760 -89.243 
23.778 -404.415 -89.588 
23.577 -404.073 -89.934 
23.369 -403.736 -90.281 
23.155 -403.403 -90.628 
22.936 -403.074 -90.976 
22.710 -402.750 -91.324 
22.479 -402.430 -91.672 
22.241 -402.114 -92.020 
21.998 -401.803 -92.368 
21.748 -401.496 -92.716 
21.493 -401.193 -93.064 
21.232 -400.895 -93.411 
20.964 -400.601 -93.758 
20.691 -400.312 -94.105 
20.412 -400.027 -94.451 
20.127 -399.747 -94.795 
19.836 -399.471 -95.139 
19.540 -399.199 -95.483 
19.238 -398.933 -95.824 
18.930 -398.671 -96.165 
18.617 -398.414 -96.504 
18.299 -398.162 -96.841 
17.974 -397.914 -97.177 
17.645 -397.671 -97.511 
17.309 -397.432 -97.845 
16.968 -397.199 -98.176 
16.623 -396.970 -98.504 
16.273 -396.747 -98.831 
15.917 -396.528 -99.155 
15.556 -396.314 -99.477 
15.191 -396.105 -99.796 
14.821 -395.901 -100.113 
14.445 -395.701 -100.428 
14.064 -395.507 -100.740 
13.679 -395.317 -101.049 
13.289 -395.133 -101.356 
12.894 -394.953 -101.660 
12.495 -394.779 -101.962 
12.093 -394.610 -102.259 
11.685 -394.446 -102.554 
11.274 -394.288 -102.846 
10.859 -394.135 -103.135 
10.439 -393.987 -103.420 
10.017 -393.845 -103.703 
9.589 -393.708 -103.982 
9.158 -393.577 -104.259 
8.722 -393.451 -104.533 
8.284 -393.330 -104.803 
7.841 -393.216 -105.070 
7.396 -393.107 -105.333 
6.947 -393.003 -105.593 
6.496 -392.906 -105.850 
6.041 -392.814 -106.103 
5.583 -392.729 -106.353 
5.121 -392.649 -106.600 
4.658 -392.575 -106.843 
4.193 -392.507 -107.082 
3.724 -392.445 -107.317 
3.254 -392.389 -107.549 
2.781 -392.340 -107.778 
2.305 -392.296 -108.003 
1.828 -392.258 -108.224 
1.349 -392.227 -108.442 
0.866 -392.202 -108.657 
0.382 -392.183 -108.868 
-0.102 -392.171 -109.074 
-0.589 -392.164 -109.278 
-1.077 -392.164 -109.478 
-1.566 -392.171 -109.674 
-2.058 -392.183 -109.866 
-2.550 -392.202 -110.055 
-3.042 -392.228 -110.240 
-3.536 -392.259 -110.422 
-4.030 -392.298 -110.599 
-4.525 -392.342 -110.774 
-5.021 -392.393 -110.944 
-5.517 -392.451 -111.111 
-6.014 -392.515 -111.275 
-6.510 -392.585 -111.434 
-7.007 -392.662 -111.590 
-7.505 -392.745 -111.743 
-8.002 -392.835 -111.892 
-8.500 -392.931 -112.037 
-8.996 -393.034 -112.179 
-9.491 -393.143 -112.317 
-9.987 -393.258 -112.451 
-10.481 -393.380 -112.582 
-10.976 -393.508 -112.709 
-11.470 -393.643 -112.833 
-11.964 -393.784 -112.954 
-12.456 -393.931 -113.071 
-12.946 -394.085 -113.184 
-13.436 -394.245 -113.294 
-13.925 -394.411 -113.400 
-14.412 -394.583 -113.503 
-14.899 -394.761 -113.603 
-15.383 -394.946 -113.699 
-15.866 -395.136 -113.791 
-16.347 -395.333 -113.881 
-16.828 -395.536 -113.967 
-17.306 -395.745 -114.049 
-17.782 -395.959 -114.128 
-18.255 -396.180 -114.204 
-18.727 -396.406 -114.276 
-19.197 -396.638 -114.346 
-19.666 -396.877 -114.412 
-20.132 -397.120 -114.475 
-20.596 -397.370 -114.535 
-21.058 -397.626 -114.591 
-21.517 -397.887 -114.645 
-21.974 -398.154 -114.695 
-22.427 -398.426 -114.742 
-22.879 -398.704 -114.786 
-23.328 -398.987 -114.827 
-23.775 -399.276 -114.865 
-24.218 -399.569 -114.900 
-24.658 -399.868 -114.932 
-25.097 -400.173 -114.961 
-25.532 -400.483 -114.988 
-25.964 -400.798 -115.011 
-26.394 -401.118 -115.032 
-26.820 -401.444 -115.049 
-27.243 -401.774 -115.064 
-27.663 -402.110 -115.077 
-28.080 -402.450 -115.086 
-28.495 -402.796 -115.093 
-28.906 -403.147 -115.097 
-29.314 -403.503 -115.099 
-29.719 -403.864 -115.097 
-30.121 -404.230 -115.094 
-30.520 -404.601 -115.088 
-30.914 -404.976 -115.079 
-31.306 -405.356 -115.068 
-31.694 -405.742 -115.054 
-32.080 -406.132 -115.038 
-32.462 -406.527 -115.019 
-32.840 -406.926 -114.998 
-33.214 -407.330 -114.975 
-33.586 -407.738 -114.950 
-33.953 -408.151 -114.922 
-34.318 -408.569 -114.892 
-34.678 -408.991 -114.860 
-35.035 -409.418 -114.825 
-35.388 -409.849 -114.789 
-35.737 -410.283 -114.750 
-36.084 -410.724 -114.710 
-36.426 -411.168 -114.667 
-36.765 -411.617 -114.622 
-37.101 -412.070 -114.575 
-37.432 -412.527 -114.526 
-37.759 -412.988 -114.475 
-38.083 -413.454 -114.423 
-38.402 -413.922 -114.368 
-38.717 -414.395 -114.312 
-39.030 -414.872 -114.254 
-39.338 -415.354 -114.194 
-39.643 -415.841 -114.132 
-39.943 -416.330 -114.068 
-40.241 -416.825 -114.003 
-40.534 -417.323 -113.936 
-40.822 -417.824 -113.867 
