24.816 -447.592 -72.813 -0.096 0.002 -0.110 0.989
25.183 -445.983 -73.132 -0.096 0.002 -0.111 0.989
25.540 -444.415 -73.445 -0.097 0.002 -0.110 0.989
25.894 -442.869 -73.765 -0.103 0.003 -0.112 0.988
26.244 -441.372 -74.096 -0.109 0.003 -0.113 0.987
26.581 -439.940 -74.431 -0.115 0.004 -0.113 0.987
26.910 -438.533 -74.778 -0.120 0.005 -0.113 0.986
27.243 -437.105 -75.147 -0.126 0.005 -0.112 0.986
27.573 -435.680 -75.535 -0.133 0.006 -0.111 0.985
27.905 -434.238 -75.949 -0.140 0.007 -0.110 0.984
28.245 -432.771 -76.396 -0.148 0.008 -0.112 0.983
28.596 -431.264 -76.883 -0.156 0.009 -0.111 0.981
28.943 -429.746 -77.405 -0.166 0.010 -0.107 0.980
29.272 -428.235 -77.961 -0.177 0.013 -0.101 0.979
29.576 -426.733 -78.558 -0.190 0.016 -0.093 0.977
29.848 -425.221 -79.203 -0.203 0.019 -0.081 0.976
30.077 -423.713 -79.887 -0.211 0.022 -0.071 0.975
30.291 -422.173 -80.597 -0.212 0.023 -0.067 0.975
30.489 -420.618 -81.317 -0.213 0.024 -0.061 0.975
30.657 -419.059 -82.046 -0.217 0.027 -0.050 0.975
30.772 -417.563 -82.765 -0.226 0.031 -0.034 0.973
30.829 -416.110 -83.501 -0.237 0.035 -0.018 0.971
30.829 -414.675 -84.268 -0.248 0.039 -0.001 0.968
30.774 -413.258 -85.067 -0.260 0.043 0.015 0.965
30.663 -411.864 -85.894 -0.271 0.047 0.031 0.961
30.497 -410.495 -86.748 -0.281 0.051 0.047 0.957
30.277 -409.150 -87.624 -0.291 0.055 0.063 0.953
30.001 -407.830 -88.519 -0.298 0.059 0.080 0.949
