24.773 -409.270 -94.457 -0.366 0.104 0.194 0.904
24.055 -408.231 -95.448 -0.368 0.111 0.214 0.898
23.280 -407.227 -96.424 -0.371 0.117 0.233 0.892
22.451 -406.259 -97.390 -0.374 0.122 0.250 0.884
21.573 -405.331 -98.346 -0.379 0.127 0.268 0.877
20.645 -404.443 -99.296 -0.384 0.132 0.285 0.868
19.668 -403.598 -100.239 -0.389 0.136 0.302 0.859
18.639 -402.796 -101.174 -0.394 0.141 0.320 0.850
17.559 -402.039 -102.098 -0.397 0.147 0.338 0.840
16.425 -401.327 -103.008 -0.400 0.153 0.357 0.830
15.239 -400.661 -103.900 -0.403 0.159 0.375 0.820
14.007 -400.044 -104.769 -0.404 0.165 0.393 0.809
12.734 -399.479 -105.609 -0.406 0.171 0.411 0.798
11.417 -398.963 -106.421 -0.407 0.176 0.429 0.787
10.074 -398.500 -107.202 -0.409 0.181 0.444 0.776
8.710 -398.088 -107.954 -0.411 0.185 0.459 0.766
7.326 -397.725 -108.684 -0.414 0.188 0.472 0.755
5.917 -397.410 -109.397 -0.417 0.190 0.485 0.745
4.481 -397.141 -110.096 -0.421 0.192 0.497 0.734
3.052 -396.929 -110.768 -0.426 0.194 0.511 0.721
1.642 -396.782 -111.403 -0.430 0.196 0.527 0.707
0.219 -396.696 -112.014 -0.435 0.198 0.542 0.692
-1.211 -396.674 -112.602 -0.439 0.199 0.557 0.677
-2.650 -396.715 -113.168 -0.444 0.200 0.571 0.661
-4.101 -396.821 -113.716 -0.450 0.200 0.585 0.645
