21.554 -472.026 -70.177 -0.017 0.000 -0.019 1.000
21.646 -470.372 -70.243 -0.022 0.000 -0.036 0.999
21.792 -468.735 -70.323 -0.027 0.000 -0.052 0.998
21.986 -467.105 -70.415 -0.028 -0.001 -0.068 0.997
22.242 -465.471 -70.505 -0.026 -0.001 -0.083 0.996
22.532 -463.821 -70.591 -0.025 -0.002 -0.090 0.996
22.845 -462.179 -70.671 -0.023 -0.002 -0.098 0.995
23.183 -460.548 -70.745 -0.022 -0.002 -0.105 0.994
23.548 -458.904 -70.817 -0.022 -0.002 -0.113 0.993
23.942 -457.243 -70.903 -0.030 -0.002 -0.119 0.992
24.352 -455.603 -71.016 -0.038 -0.001 -0.123 0.992
24.759 -454.002 -71.151 -0.044 0.000 -0.124 0.991
25.172 -452.370 -71.304 -0.047 0.000 -0.122 0.991
25.573 -450.744 -71.466 -0.050 0.001 -0.118 0.992
25.955 -449.146 -71.633 -0.052 0.001 -0.115 0.992
26.333 -447.543 -71.813 -0.060 0.002 -0.116 0.991
26.718 -445.938 -72.031 -0.071 0.004 -0.117 0.991
27.100 -444.355 -72.281 -0.080 0.005 -0.117 0.990
27.480 -442.765 -72.564 -0.090 0.006 -0.115 0.989
27.853 -441.177 -72.879 -0.100 0.007 -0.112 0.989
28.211 -439.593 -73.222 -0.108 0.009 -0.108 0.988
28.553 -438.006 -73.593 -0.115 0.010 -0.102 0.988
28.876 -436.409 -73.993 -0.124 0.012 -0.095 0.988
29.174 -434.823 -74.418 -0.132 0.013 -0.088 0.987
29.446 -433.237 -74.872 -0.141 0.015 -0.081 0.987
29.692 -431.641 -75.366 -0.153 0.017 -0.072 0.985
