21.650 -469.672 -70.240 -0.015 0.000 -0.036 0.999
21.795 -468.041 -70.298 -0.021 0.000 -0.052 0.998
21.987 -466.406 -70.375 -0.025 0.000 -0.064 0.998
22.204 -464.733 -70.457 -0.024 0.000 -0.065 0.998
22.427 -463.060 -70.539 -0.024 0.000 -0.067 0.997
22.661 -461.393 -70.620 -0.024 0.000 -0.072 0.997
22.914 -459.734 -70.695 -0.022 -0.001 -0.078 0.997
23.186 -458.085 -70.763 -0.020 -0.001 -0.085 0.996
23.477 -456.451 -70.828 -0.020 -0.001 -0.091 0.996
23.784 -454.841 -70.895 -0.022 -0.001 -0.096 0.995
24.105 -453.227 -70.973 -0.027 -0.001 -0.100 0.995
24.439 -451.619 -71.067 -0.031 0.000 -0.104 0.994
24.785 -450.038 -71.175 -0.036 0.000 -0.111 0.993
25.157 -448.470 -71.299 -0.040 0.000 -0.119 0.992
25.549 -446.903 -71.430 -0.042 0.000 -0.125 0.991
25.960 -445.342 -71.572 -0.047 0.001 -0.131 0.990
26.391 -443.785 -71.734 -0.053 0.001 -0.136 0.989
26.832 -442.239 -71.915 -0.061 0.002 -0.139 0.988
27.282 -440.683 -72.130 -0.072 0.003 -0.140 0.988
27.728 -439.157 -72.383 -0.086 0.005 -0.141 0.986
28.183 -437.605 -72.695 -0.104 0.008 -0.140 0.985
28.627 -436.027 -73.066 -0.118 0.011 -0.131 0.984
