28.432 -418.541 -86.369 -0.311 0.059 0.051 0.947
28.180 -417.250 -87.320 -0.317 0.065 0.071 0.944
27.857 -415.972 -88.283 -0.321 0.072 0.092 0.940
27.460 -414.705 -89.251 -0.324 0.079 0.113 0.936
26.989 -413.457 -90.223 -0.328 0.085 0.135 0.931
26.445 -412.240 -91.190 -0.332 0.092 0.157 0.926
25.836 -411.061 -92.145 -0.335 0.099 0.178 0.920
25.151 -409.907 -93.094 -0.338 0.106 0.201 0.914
24.384 -408.776 -94.046 -0.341 0.112 0.223 0.906
23.557 -407.699 -94.975 -0.344 0.119 0.246 0.898
22.668 -406.673 -95.883 -0.347 0.125 0.268 0.890
21.721 -405.694 -96.774 -0.351 0.131 0.288 0.881
20.723 -404.763 -97.653 -0.356 0.135 0.306 0.873
19.663 -403.867 -98.533 -0.359 0.140 0.324 0.864
18.539 -403.003 -99.403 -0.360 0.146 0.343 0.855
17.361 -402.183 -100.246 -0.359 0.153 0.362 0.846
16.135 -401.410 -101.050 -0.356 0.161 0.383 0.837
14.867 -400.690 -101.806 -0.354 0.169 0.403 0.827
13.572 -400.028 -102.513 -0.352 0.176 0.423 0.816
12.270 -399.430 -103.164 -0.350 0.183 0.441 0.806
10.933 -398.879 -103.779 -0.348 0.190 0.459 0.795
9.564 -398.372 -104.357 -0.346 0.195 0.475 0.785
8.156 -397.901 -104.906 -0.344 0.201 0.489 0.776
6.697 -397.466 -105.438 -0.345 0.204 0.504 0.766
5.200 -397.077 -105.951 -0.347 0.206 0.519 0.753
3.672 -396.748 -106.445 -0.349 0.209 0.536 0.740
2.132 -396.485 -106.914 -0.354 0.209 0.552 0.726
0.579 -396.290 -107.368 -0.359 0.209 0.567 0.711
-0.988 -396.165 -107.804 -0.363 0.209 0.584 0.696
-2.541 -396.112 -108.215 -0.367 0.209 0.599 0.680
-4.101 -396.128 -108.605 -0.371 0.209 0.615 0.664
-5.667 -396.211 -108.973 -0.374 0.209 0.630 0.648
-7.236 -396.362 -109.313 -0.375 0.211 0.645 0.632
-8.804 -396.577 -109.624 -0.377 0.213 0.659 0.615
-10.370 -396.857 -109.903 -0.378 0.215 0.673 0.598
-11.929 -397.199 -110.146 -0.378 0.218 0.688 0.581
-13.478 -397.602 -110.349 -0.376 0.222 0.702 0.563
-15.022 -398.065 -110.508 -0.374 0.226 0.715 0.545
-16.558 -398.588 -110.625 -0.373 0.229 0.728 0.527
-18.083 -399.172 -110.706 -0.373 0.231 0.740 0.509
-19.585 -399.813 -110.750 -0.372 0.232 0.752 0.491
-21.058 -400.509 -110.759 -0.371 0.233 0.764 0.473
-22.500 -401.258 -110.732 -0.371 0.235 0.775 0.454
-23.907 -402.058 -110.670 -0.370 0.235 0.786 0.436
-25.288 -402.914 -110.576 -0.369 0.236 0.796 0.418
-26.660 -403.835 -110.448 -0.368 0.236 0.806 0.399
-28.019 -404.820 -110.287 -0.367 0.236 0.815 0.382
-29.356 -405.850 -110.102 -0.367 0.235 0.820 0.371
-30.668 -406.903 -109.908 -0.367 0.232 0.824 0.363
-31.952 -407.973 -109.705 -0.366 0.233 0.828 0.354
-33.202 -409.050 -109.481 -0.364 0.235 0.833 0.344
-34.431 -410.148 -109.240 -0.364 0.234 0.837 0.335
-35.621 -411.266 -108.991 -0.365 0.229 0.843 0.321
-36.802 -412.461 -108.725 -0.365 0.225 0.852 0.302
-37.908 -413.687 -108.446 -0.366 0.218 0.859 0.284
-38.934 -414.904 -108.190 -0.370 0.204 0.864 0.275
-39.924 -416.168 -107.977 -0.378 0.180 0.869 0.265
-40.856 -417.480 -107.832 -0.387 0.149 0.874 0.253
-41.713 -418.835 -107.772 -0.397 0.114 0.879 0.239
-42.484 -420.244 -107.797 -0.406 0.078 0.884 0.219
-43.151 -421.681 -107.904 -0.415 0.041 0.886 0.201
-43.720 -423.152 -108.093 -0.423 0.007 0.888 0.181
-44.176 -424.610 -108.346 -0.429 -0.027 0.888 0.160
-44.534 -426.105 -108.664 -0.435 -0.055 0.888 0.139
-44.797 -427.600 -109.026 -0.440 -0.080 0.887 0.117
-44.962 -429.099 -109.430 -0.444 -0.106 0.885 0.096
-45.031 -430.597 -109.873 -0.448 -0.129 0.882 0.073
-45.001 -432.084 -110.339 -0.452 -0.149 0.879 0.047
-44.863 -433.598 -110.828 -0.455 -0.165 0.875 0.019
-44.643 -435.101 -111.313 -0.457 -0.173 0.872 0.002
-44.377 -436.573 -111.791 -0.458 -0.181 0.870 -0.009
-44.082 -438.023 -112.275 -0.458 -0.188 0.869 -0.012
-43.778 -439.475 -112.769 -0.458 -0.189 0.868 -0.014
-43.459 -440.959 -113.270 -0.459 -0.189 0.868 -0.017
-43.109 -442.515 -113.784 -0.460 -0.186 0.868 -0.025
-42.714 -444.177 -114.296 -0.463 -0.177 0.868 -0.037
-42.254 -445.993 -114.787 -0.467 -0.164 0.867 -0.054
-41.732 -447.895 -115.209 -0.472 -0.148 0.866 -0.075
