28.877 -424.194 -82.457 -0.269 0.038 -0.020 0.962
28.883 -422.781 -83.329 -0.276 0.042 -0.006 0.960
28.834 -421.399 -84.211 -0.284 0.047 0.011 0.957
28.726 -420.042 -85.108 -0.293 0.052 0.029 0.954
28.552 -418.699 -86.024 -0.300 0.058 0.049 0.951
28.308 -417.379 -86.949 -0.305 0.064 0.070 0.948
27.994 -416.081 -87.880 -0.310 0.070 0.090 0.944
27.606 -414.794 -88.822 -0.315 0.076 0.112 0.940
27.145 -413.525 -89.769 -0.319 0.082 0.133 0.935
26.610 -412.284 -90.718 -0.324 0.089 0.155 0.929
26.005 -411.073 -91.666 -0.328 0.095 0.176 0.923
25.330 -409.896 -92.607 -0.331 0.101 0.198 0.917
24.578 -408.746 -93.547 -0.335 0.108 0.220 0.910
23.760 -407.642 -94.474 -0.338 0.114 0.242 0.902
22.881 -406.592 -95.376 -0.341 0.121 0.265 0.894
21.941 -405.589 -96.260 -0.344 0.127 0.286 0.885
20.942 -404.629 -97.131 -0.346 0.132 0.305 0.877
19.888 -403.713 -97.981 -0.347 0.139 0.325 0.869
18.776 -402.839 -98.806 -0.347 0.146 0.346 0.860
17.606 -402.008 -99.608 -0.347 0.152 0.366 0.850
16.391 -401.232 -100.375 -0.347 0.159 0.387 0.840
15.146 -400.517 -101.095 -0.346 0.166 0.407 0.829
13.881 -399.869 -101.767 -0.345 0.173 0.428 0.817
12.592 -399.281 -102.396 -0.344 0.179 0.447 0.806
11.265 -398.743 -102.990 -0.343 0.185 0.465 0.795
9.887 -398.244 -103.558 -0.341 0.191 0.482 0.784
8.453 -397.784 -104.103 -0.341 0.195 0.498 0.773
6.972 -397.369 -104.632 -0.343 0.197 0.513 0.762
5.461 -397.013 -105.148 -0.348 0.198 0.530 0.748
3.937 -396.730 -105.644 -0.353 0.199 0.547 0.733
2.387 -396.519 -106.124 -0.358 0.199 0.565 0.717
0.825 -396.382 -106.585 -0.362 0.200 0.581 0.701
-0.738 -396.317 -107.022 -0.367 0.199 0.597 0.685
-2.308 -396.323 -107.440 -0.370 0.200 0.613 0.669
-3.886 -396.397 -107.834 -0.373 0.201 0.628 0.653
-5.465 -396.540 -108.199 -0.374 0.204 0.644 0.636
-7.053 -396.751 -108.529 -0.375 0.206 0.659 0.619
-8.637 -397.027 -108.825 -0.375 0.209 0.673 0.602
-10.220 -397.369 -109.085 -0.375 0.211 0.688 0.584
-11.794 -397.773 -109.306 -0.374 0.216 0.701 0.568
-13.353 -398.227 -109.483 -0.372 0.221 0.713 0.552
-14.903 -398.733 -109.617 -0.369 0.226 0.725 0.536
-16.446 -399.292 -109.703 -0.366 0.231 0.737 0.519
-17.982 -399.903 -109.741 -0.362 0.238 0.749 0.501
-19.509 -400.570 -109.727 -0.359 0.242 0.761 0.483
-21.018 -401.291 -109.662 -0.354 0.248 0.773 0.465
-22.505 -402.062 -109.543 -0.349 0.255 0.784 0.446
-23.957 -402.874 -109.368 -0.345 0.261 0.794 0.428
-25.376 -403.724 -109.144 -0.340 0.266 0.803 0.411
-26.803 -404.632 -108.871 -0.337 0.270 0.810 0.398
-28.215 -405.565 -108.572 -0.335 0.271 0.813 0.391
-29.608 -406.515 -108.256 -0.333 0.272 0.819 0.379
-30.951 -407.486 -107.913 -0.331 0.274 0.825 0.367
-32.230 -408.444 -107.559 -0.329 0.277 0.828 0.360
-33.519 -409.430 -107.172 -0.324 0.283 0.832 0.350
-34.819 -410.462 -106.738 -0.321 0.285 0.838 0.338
-36.097 -411.541 -106.282 -0.322 0.278 0.846 0.321
-37.328 -412.693 -105.827 -0.325 0.263 0.857 0.302
-38.498 -413.911 -105.395 -0.329 0.246 0.866 0.284
-39.588 -415.175 -105.010 -0.336 0.223 0.875 0.268
-40.599 -416.479 -104.683 -0.342 0.199 0.883 0.253
-41.538 -417.818 -104.417 -0.348 0.175 0.889 0.241
-42.437 -419.221 -104.213 -0.356 0.148 0.893 0.233
