17.492 -402.252 -102.317 -0.395 0.150 0.340 0.840
16.348 -401.535 -103.218 -0.398 0.156 0.358 0.830
15.155 -400.866 -104.100 -0.400 0.161 0.376 0.820
13.916 -400.246 -104.959 -0.402 0.167 0.395 0.809
12.637 -399.678 -105.790 -0.404 0.173 0.413 0.798
11.318 -399.162 -106.592 -0.406 0.178 0.430 0.787
9.974 -398.699 -107.364 -0.408 0.183 0.445 0.776
8.610 -398.288 -108.108 -0.410 0.186 0.460 0.765
7.224 -397.926 -108.832 -0.414 0.189 0.473 0.755
5.813 -397.612 -109.539 -0.417 0.191 0.486 0.744
4.375 -397.346 -110.234 -0.421 0.193 0.499 0.733
2.948 -397.137 -110.897 -0.425 0.195 0.513 0.720
1.532 -396.992 -111.526 -0.429 0.197 0.528 0.706
0.105 -396.910 -112.132 -0.434 0.199 0.543 0.691
-1.328 -396.890 -112.713 -0.439 0.200 0.558 0.675
-2.768 -396.935 -113.274 -0.444 0.200 0.573 0.660
-4.222 -397.045 -113.817 -0.449 0.200 0.587 0.644
