25.611 -410.622 -93.142 -0.360 0.095 0.171 0.912
24.953 -409.518 -94.154 -0.360 0.103 0.192 0.907
24.238 -408.456 -95.136 -0.361 0.110 0.212 0.901
23.473 -407.436 -96.094 -0.363 0.116 0.231 0.895
22.653 -406.452 -97.039 -0.366 0.122 0.249 0.888
21.781 -405.503 -97.974 -0.370 0.127 0.267 0.881
20.856 -404.592 -98.899 -0.374 0.132 0.284 0.873
19.881 -403.722 -99.816 -0.378 0.137 0.302 0.864
18.852 -402.892 -100.723 -0.382 0.142 0.320 0.855
17.769 -402.104 -101.620 -0.385 0.148 0.339 0.846
16.631 -401.359 -102.505 -0.388 0.153 0.357 0.836
15.444 -400.661 -103.372 -0.391 0.159 0.375 0.826
14.214 -400.012 -104.216 -0.393 0.164 0.392 0.815
12.950 -399.417 -105.030 -0.394 0.170 0.410 0.805
11.664 -398.876 -105.810 -0.396 0.174 0.426 0.795
10.361 -398.389 -106.559 -0.398 0.178 0.440 0.785
9.045 -397.949 -107.284 -0.401 0.181 0.453 0.775
7.709 -397.554 -107.993 -0.405 0.183 0.465 0.766
6.345 -397.201 -108.695 -0.409 0.184 0.477 0.756
4.961 -396.894 -109.387 -0.413 0.186 0.489 0.745
3.551 -396.633 -110.070 -0.418 0.187 0.501 0.734
2.124 -396.432 -110.735 -0.422 0.190 0.519 0.718
0.695 -396.306 -111.363 -0.427 0.192 0.538 0.701
-0.756 -396.255 -111.967 -0.432 0.194 0.555 0.684
-2.229 -396.277 -112.550 -0.438 0.195 0.571 0.666
-3.725 -396.373 -113.117 -0.444 0.195 0.586 0.649
-5.248 -396.543 -113.674 -0.450 0.194 0.601 0.632
-6.796 -396.790 -114.223 -0.456 0.192 0.614 0.615
-8.366 -397.114 -114.765 -0.462 0.190 0.626 0.598
-9.944 -397.515 -115.296 -0.469 0.188 0.639 0.581
