-38.040 -415.362 -114.215 -0.417 0.219 0.848 0.241
-39.028 -416.747 -113.887 -0.413 0.223 0.857 0.213
-39.924 -418.145 -113.503 -0.408 0.228 0.865 0.184
-40.703 -419.513 -113.075 -0.403 0.230 0.872 0.153
-41.389 -420.875 -112.609 -0.399 0.231 0.878 0.128
-42.012 -422.266 -112.105 -0.395 0.231 0.883 0.105
-42.585 -423.712 -111.554 -0.391 0.230 0.887 0.083
-43.096 -425.191 -110.968 -0.388 0.228 0.891 0.061
-43.540 -426.696 -110.345 -0.383 0.228 0.894 0.037
-43.910 -428.215 -109.678 -0.377 0.230 0.897 0.011
-44.204 -429.750 -108.964 -0.372 0.231 0.899 -0.013
-44.426 -431.278 -108.231 -0.368 0.227 0.901 -0.030
-44.597 -432.789 -107.499 -0.366 0.225 0.902 -0.041
-44.738 -434.306 -106.761 -0.365 0.223 0.903 -0.047
