-42.998 -423.016 -112.893 -0.424 0.178 0.871 0.174
-43.712 -424.485 -112.625 -0.425 0.166 0.877 0.154
-44.347 -425.973 -112.366 -0.426 0.152 0.882 0.133
-44.890 -427.454 -112.127 -0.427 0.135 0.887 0.112
-45.341 -428.946 -111.914 -0.429 0.114 0.892 0.090
-45.699 -430.464 -111.734 -0.430 0.091 0.896 0.067
-45.963 -431.998 -111.588 -0.431 0.068 0.899 0.045
-46.138 -433.554 -111.473 -0.431 0.048 0.901 0.025
-46.232 -435.140 -111.383 -0.431 0.030 0.902 0.005
-46.249 -436.731 -111.311 -0.431 0.016 0.902 -0.014
-46.195 -438.331 -111.255 -0.431 0.001 0.902 -0.032
-46.066 -439.933 -111.215 -0.430 -0.013 0.901 -0.052
-45.852 -441.524 -111.185 -0.429 -0.027 0.900 -0.076
-45.540 -443.128 -111.163 -0.427 -0.042 0.897 -0.102
-45.122 -444.778 -111.156 -0.425 -0.060 0.895 -0.122
-44.631 -446.395 -111.167 -0.423 -0.070 0.893 -0.138
-44.100 -447.974 -111.181 -0.422 -0.076 0.891 -0.150
-43.535 -449.526 -111.191 -0.422 -0.078 0.889 -0.160
-42.950 -451.054 -111.196 -0.421 -0.082 0.888 -0.166
