19.283 -403.506 -100.776 -0.394 0.139 0.308 0.855
18.236 -402.727 -101.716 -0.398 0.144 0.326 0.845
17.135 -401.993 -102.643 -0.402 0.150 0.345 0.835
15.981 -401.303 -103.554 -0.404 0.155 0.363 0.825
14.778 -400.661 -104.446 -0.407 0.161 0.381 0.815
13.529 -400.067 -105.313 -0.408 0.167 0.399 0.804
12.240 -399.526 -106.150 -0.410 0.174 0.417 0.793
10.907 -399.035 -106.961 -0.411 0.179 0.434 0.781
9.546 -398.595 -107.742 -0.413 0.184 0.450 0.770
8.165 -398.209 -108.494 -0.416 0.187 0.464 0.759
6.760 -397.872 -109.224 -0.419 0.190 0.478 0.749
5.330 -397.584 -109.936 -0.422 0.193 0.491 0.737
3.883 -397.349 -110.629 -0.427 0.194 0.505 0.725
2.461 -397.181 -111.284 -0.431 0.196 0.520 0.711
1.026 -397.076 -111.916 -0.436 0.198 0.535 0.696
-0.415 -397.035 -112.524 -0.441 0.199 0.550 0.681
-1.854 -397.057 -113.106 -0.445 0.200 0.564 0.666
