28.844 -425.583 -81.605 -0.260 0.035 -0.035 0.964
28.910 -424.166 -82.453 -0.269 0.038 -0.025 0.962
28.934 -422.754 -83.327 -0.277 0.041 -0.012 0.960
28.905 -421.376 -84.209 -0.285 0.046 0.004 0.957
28.817 -420.020 -85.109 -0.292 0.052 0.023 0.955
28.659 -418.676 -86.024 -0.299 0.058 0.044 0.952
28.433 -417.354 -86.945 -0.304 0.064 0.064 0.948
28.135 -416.050 -87.874 -0.308 0.070 0.085 0.945
27.763 -414.753 -88.811 -0.312 0.076 0.107 0.941
27.317 -413.473 -89.750 -0.315 0.083 0.128 0.937
26.797 -412.220 -90.688 -0.319 0.089 0.150 0.931
26.208 -410.999 -91.621 -0.323 0.095 0.171 0.926
25.552 -409.811 -92.546 -0.326 0.101 0.192 0.920
24.833 -408.661 -93.461 -0.330 0.107 0.213 0.914
24.054 -407.551 -94.364 -0.333 0.113 0.232 0.907
23.214 -406.479 -95.256 -0.336 0.119 0.253 0.900
22.308 -405.446 -96.137 -0.339 0.124 0.274 0.891
21.338 -404.446 -97.010 -0.341 0.130 0.293 0.884
20.316 -403.489 -97.860 -0.341 0.136 0.313 0.876
19.232 -402.569 -98.688 -0.340 0.143 0.333 0.868
18.092 -401.691 -99.489 -0.340 0.150 0.353 0.859
16.893 -400.858 -100.261 -0.338 0.157 0.374 0.849
15.651 -400.078 -100.991 -0.336 0.164 0.395 0.839
14.384 -399.364 -101.668 -0.334 0.172 0.416 0.828
13.092 -398.711 -102.295 -0.332 0.179 0.437 0.817
11.760 -398.108 -102.884 -0.329 0.185 0.456 0.806
10.371 -397.545 -103.445 -0.328 0.191 0.474 0.795
8.944 -397.031 -103.980 -0.331 0.193 0.488 0.784
7.478 -396.563 -104.515 -0.336 0.193 0.502 0.773
5.980 -396.151 -105.044 -0.341 0.193 0.518 0.760
4.459 -395.811 -105.561 -0.347 0.193 0.535 0.745
2.916 -395.542 -106.065 -0.352 0.193 0.553 0.730
1.367 -395.350 -106.548 -0.357 0.193 0.569 0.715
-0.183 -395.231 -107.011 -0.363 0.193 0.586 0.699
-1.738 -395.186 -107.458 -0.368 0.193 0.602 0.682
-3.295 -395.213 -107.882 -0.371 0.193 0.617 0.666
-4.858 -395.310 -108.285 -0.375 0.194 0.633 0.649
-6.422 -395.477 -108.665 -0.378 0.194 0.647 0.633
-7.983 -395.713 -109.020 -0.381 0.195 0.662 0.616
-9.538 -396.015 -109.349 -0.383 0.195 0.676 0.599
-11.088 -396.384 -109.650 -0.385 0.197 0.689 0.581
-12.628 -396.817 -109.919 -0.386 0.199 0.703 0.563
-14.154 -397.312 -110.149 -0.385 0.203 0.717 0.545
-15.665 -397.864 -110.336 -0.383 0.207 0.730 0.527
-17.172 -398.480 -110.483 -0.383 0.210 0.742 0.509
-18.656 -399.151 -110.592 -0.382 0.212 0.754 0.491
-20.113 -399.877 -110.663 -0.381 0.214 0.765 0.472
-21.538 -400.656 -110.696 -0.381 0.216 0.777 0.453
-22.927 -401.485 -110.693 -0.380 0.218 0.787 0.434
-24.282 -402.364 -110.653 -0.379 0.219 0.798 0.415
-25.616 -403.303 -110.577 -0.377 0.220 0.808 0.396
-26.924 -404.302 -110.465 -0.376 0.220 0.818 0.375
-28.212 -405.372 -110.318 -0.376 0.219 0.827 0.356
-29.461 -406.487 -110.146 -0.376 0.218 0.834 0.341
-30.688 -407.639 -109.960 -0.376 0.215 0.838 0.332
-31.895 -408.809 -109.773 -0.377 0.212 0.840 0.326
-33.061 -409.972 -109.578 -0.375 0.215 0.843 0.318
-34.191 -411.128 -109.363 -0.374 0.218 0.847 0.309
-35.303 -412.299 -109.131 -0.373 0.218 0.850 0.302
-36.396 -413.492 -108.892 -0.374 0.213 0.854 0.292
-37.462 -414.733 -108.654 -0.376 0.203 0.860 0.278
-38.476 -416.017 -108.432 -0.380 0.189 0.867 0.262
-39.424 -417.329 -108.237 -0.384 0.173 0.873 0.247
-40.303 -418.667 -108.069 -0.388 0.157 0.878 0.231
-41.134 -420.075 -107.939 -0.395 0.131 0.883 0.216
-41.888 -421.514 -107.871 -0.401 0.104 0.888 0.202
-42.557 -422.974 -107.866 -0.407 0.077 0.891 0.185
-43.140 -424.455 -107.915 -0.412 0.051 0.894 0.168
-43.655 -425.979 -108.013 -0.416 0.030 0.896 0.152
-44.098 -427.531 -108.145 -0.419 0.013 0.898 0.133
-44.463 -429.125 -108.308 -0.423 -0.007 0.899 0.112
-44.740 -430.754 -108.502 -0.426 -0.027 0.900 0.089
-44.927 -432.413 -108.716 -0.428 -0.040 0.901 0.067
-45.032 -434.065 -108.933 -0.429 -0.050 0.900 0.047
-45.064 -435.725 -109.153 -0.431 -0.059 0.900 0.028
-45.030 -437.359 -109.363 -0.432 -0.065 0.900 0.009
-44.936 -438.973 -109.562 -0.433 -0.071 0.899 -0.008
-44.787 -440.581 -109.759 -0.433 -0.078 0.898 -0.022
-44.586 -442.189 -109.956 -0.434 -0.085 0.896 -0.035
-44.343 -443.798 -110.159 -0.434 -0.091 0.895 -0.044
