22.153 -462.981 -70.621 -0.035 0.000 -0.057 0.998
22.356 -461.334 -70.739 -0.036 0.000 -0.063 0.997
22.569 -459.675 -70.858 -0.035 0.000 -0.065 0.997
22.793 -458.037 -70.969 -0.032 -0.001 -0.070 0.997
23.037 -456.386 -71.071 -0.030 -0.001 -0.076 0.997
23.303 -454.739 -71.165 -0.027 -0.001 -0.083 0.996
23.587 -453.113 -71.253 -0.027 -0.002 -0.089 0.996
23.896 -451.481 -71.342 -0.028 -0.002 -0.096 0.995
24.218 -449.863 -71.434 -0.029 -0.002 -0.100 0.995
24.550 -448.280 -71.531 -0.031 -0.002 -0.106 0.994
24.903 -446.696 -71.634 -0.033 -0.002 -0.112 0.993
25.273 -445.125 -71.742 -0.036 -0.001 -0.119 0.992
25.665 -443.557 -71.860 -0.037 -0.001 -0.124 0.992
26.073 -441.992 -71.984 -0.042 -0.001 -0.129 0.991
26.493 -440.425 -72.128 -0.048 0.000 -0.132 0.990
26.923 -438.866 -72.295 -0.056 0.001 -0.135 0.989
27.363 -437.300 -72.499 -0.070 0.002 -0.137 0.988
27.808 -435.751 -72.750 -0.086 0.004 -0.139 0.987
28.255 -434.212 -73.057 -0.103 0.007 -0.140 0.985
28.699 -432.665 -73.428 -0.122 0.010 -0.134 0.983
