28.861 -422.846 -83.325 -0.280 0.043 -0.004 0.959
28.806 -421.477 -84.213 -0.288 0.048 0.013 0.956
28.692 -420.149 -85.108 -0.298 0.053 0.030 0.953
28.513 -418.823 -86.035 -0.305 0.058 0.050 0.949
28.266 -417.519 -86.972 -0.311 0.064 0.070 0.946
27.950 -416.240 -87.915 -0.317 0.070 0.091 0.942
27.558 -414.966 -88.874 -0.321 0.077 0.112 0.937
27.093 -413.714 -89.837 -0.325 0.083 0.134 0.932
26.556 -412.494 -90.797 -0.330 0.090 0.156 0.927
25.947 -411.304 -91.756 -0.334 0.096 0.177 0.921
25.267 -410.146 -92.707 -0.337 0.103 0.200 0.914
24.506 -409.011 -93.660 -0.341 0.110 0.222 0.907
23.679 -407.923 -94.599 -0.344 0.116 0.244 0.899
22.793 -406.889 -95.515 -0.347 0.123 0.266 0.891
21.847 -405.903 -96.414 -0.351 0.128 0.286 0.882
20.850 -404.966 -97.299 -0.356 0.133 0.305 0.873
19.790 -404.064 -98.185 -0.359 0.138 0.323 0.865
18.669 -403.198 -99.060 -0.361 0.144 0.342 0.856
17.496 -402.377 -99.914 -0.361 0.150 0.361 0.847
16.274 -401.605 -100.731 -0.359 0.158 0.381 0.837
15.008 -400.884 -101.505 -0.357 0.166 0.402 0.827
13.708 -400.219 -102.231 -0.355 0.173 0.422 0.816
12.394 -399.619 -102.900 -0.352 0.181 0.441 0.805
11.044 -399.067 -103.528 -0.349 0.188 0.460 0.795
9.661 -398.561 -104.114 -0.346 0.195 0.477 0.784
8.238 -398.093 -104.664 -0.343 0.201 0.492 0.774
6.754 -397.661 -105.191 -0.342 0.206 0.508 0.763
5.237 -397.280 -105.685 -0.342 0.210 0.525 0.750
3.700 -396.962 -106.151 -0.344 0.213 0.542 0.737
2.152 -396.713 -106.588 -0.348 0.213 0.560 0.721
0.599 -396.539 -107.008 -0.354 0.212 0.576 0.705
-0.961 -396.440 -107.416 -0.360 0.210 0.592 0.690
-2.526 -396.414 -107.810 -0.366 0.208 0.607 0.674
-4.089 -396.459 -108.188 -0.370 0.208 0.622 0.658
-5.652 -396.571 -108.540 -0.372 0.209 0.637 0.641
-7.218 -396.747 -108.864 -0.374 0.211 0.652 0.625
-8.786 -396.988 -109.158 -0.375 0.213 0.666 0.609
-10.348 -397.292 -109.422 -0.376 0.214 0.680 0.592
-11.918 -397.662 -109.654 -0.376 0.216 0.694 0.575
-13.482 -398.097 -109.855 -0.377 0.217 0.707 0.557
-15.035 -398.595 -110.024 -0.378 0.218 0.720 0.539
-16.545 -399.144 -110.157 -0.378 0.220 0.732 0.522
-18.030 -399.746 -110.256 -0.377 0.222 0.744 0.505
-19.485 -400.399 -110.321 -0.377 0.223 0.756 0.487
-20.911 -401.106 -110.354 -0.377 0.224 0.767 0.469
-22.318 -401.872 -110.353 -0.376 0.224 0.778 0.450
-23.716 -402.705 -110.315 -0.375 0.226 0.789 0.430
-25.083 -403.589 -110.239 -0.373 0.228 0.799 0.412
-26.415 -404.525 -110.129 -0.373 0.228 0.810 0.391
-27.713 -405.521 -109.985 -0.372 0.228 0.820 0.371
-28.988 -406.579 -109.807 -0.371 0.227 0.828 0.353
-30.245 -407.695 -109.603 -0.371 0.225 0.835 0.339
-31.486 -408.852 -109.388 -0.372 0.222 0.839 0.330
-32.699 -410.023 -109.172 -0.372 0.220 0.842 0.324
-33.872 -411.180 -108.953 -0.371 0.221 0.843 0.320
-35.021 -412.315 -108.726 -0.370 0.224 0.843 0.319
-36.153 -413.448 -108.492 -0.370 0.222 0.846 0.312
-37.267 -414.617 -108.259 -0.372 0.214 0.852 0.301
-38.336 -415.820 -108.042 -0.376 0.201 0.857 0.288
-39.353 -417.058 -107.853 -0.382 0.183 0.863 0.275
-40.351 -418.391 -107.705 -0.390 0.157 0.869 0.262
-41.278 -419.771 -107.630 -0.399 0.127 0.873 0.249
-42.121 -421.175 -107.628 -0.407 0.098 0.877 0.236
-42.882 -422.601 -107.694 -0.414 0.069 0.880 0.222
-43.561 -424.055 -107.835 -0.422 0.037 0.882 0.207
-44.149 -425.521 -108.042 -0.429 0.008 0.883 0.190
-44.652 -427.012 -108.309 -0.434 -0.018 0.884 0.173
-45.081 -428.554 -108.624 -0.439 -0.037 0.885 0.152
-45.422 -430.125 -108.958 -0.443 -0.054 0.885 0.129
-45.672 -431.710 -109.311 -0.447 -0.070 0.885 0.106
-45.837 -433.313 -109.676 -0.450 -0.083 0.885 0.084
-45.919 -434.918 -110.042 -0.453 -0.094 0.884 0.062
-45.919 -436.553 -110.423 -0.455 -0.108 0.883 0.044
-45.849 -438.177 -110.815 -0.457 -0.121 0.881 0.028
-45.717 -439.763 -111.215 -0.458 -0.135 0.879 0.014
-45.518 -441.344 -111.638 -0.459 -0.150 0.876 -0.002
-45.250 -442.916 -112.079 -0.460 -0.165 0.872 -0.018
