-49.464 -440.701 -109.896 -0.425 0.102 0.898 0.053
-49.729 -442.275 -109.696 -0.426 0.081 0.900 0.049
-49.991 -443.910 -109.544 -0.427 0.070 0.900 0.055
-50.235 -445.518 -109.441 -0.429 0.051 0.901 0.048
-50.410 -447.135 -109.378 -0.429 0.029 0.902 0.032
-50.495 -448.702 -109.364 -0.430 0.003 0.903 0.013
-50.502 -450.266 -109.398 -0.430 -0.019 0.902 0.000
-50.446 -451.827 -109.475 -0.430 -0.040 0.902 -0.011
-50.333 -453.399 -109.595 -0.430 -0.059 0.901 -0.021
-50.164 -454.977 -109.754 -0.430 -0.076 0.899 -0.031
-49.942 -456.605 -109.955 -0.429 -0.091 0.898 -0.038
-49.678 -458.226 -110.190 -0.428 -0.107 0.896 -0.044
-49.383 -459.813 -110.460 -0.427 -0.121 0.895 -0.048
-49.058 -461.386 -110.765 -0.426 -0.136 0.893 -0.053
-48.704 -462.871 -111.089 -0.425 -0.152 0.890 -0.063
-48.289 -464.379 -111.453 -0.425 -0.167 0.887 -0.074
