-22.323 -401.952 -115.632 -0.416 0.242 0.749 0.455
-23.822 -402.798 -115.647 -0.419 0.237 0.762 0.433
-25.274 -403.715 -115.637 -0.422 0.232 0.774 0.411
-26.675 -404.701 -115.603 -0.425 0.227 0.786 0.389
-28.029 -405.759 -115.548 -0.427 0.221 0.797 0.366
-29.334 -406.890 -115.463 -0.428 0.217 0.808 0.341
-30.563 -408.072 -115.351 -0.430 0.211 0.818 0.318
-31.722 -409.303 -115.218 -0.431 0.205 0.828 0.295
-32.798 -410.558 -115.071 -0.433 0.198 0.835 0.276
-33.813 -411.856 -114.911 -0.434 0.191 0.843 0.255
-34.762 -413.188 -114.740 -0.435 0.183 0.850 0.233
-35.634 -414.559 -114.554 -0.436 0.175 0.857 0.210
-36.420 -415.953 -114.359 -0.437 0.165 0.865 0.184
-37.073 -417.314 -114.168 -0.439 0.148 0.873 0.152
-37.658 -418.791 -113.973 -0.440 0.131 0.879 0.127
-38.171 -420.329 -113.785 -0.442 0.117 0.883 0.108
-38.639 -421.918 -113.604 -0.442 0.109 0.885 0.098
-39.083 -423.510 -113.424 -0.442 0.110 0.885 0.095
-39.536 -425.154 -113.233 -0.442 0.107 0.885 0.094
-39.980 -426.826 -113.062 -0.444 0.095 0.886 0.092
-40.388 -428.506 -112.942 -0.446 0.076 0.887 0.090
-40.765 -430.158 -112.862 -0.447 0.068 0.888 0.089
-41.110 -431.765 -112.800 -0.447 0.062 0.888 0.082
-41.429 -433.392 -112.740 -0.448 0.058 0.889 0.075
-41.725 -435.015 -112.684 -0.448 0.053 0.890 0.071
-41.994 -436.609 -112.635 -0.448 0.050 0.890 0.064
-42.242 -438.233 -112.583 -0.448 0.047 0.891 0.058
-42.471 -439.860 -112.528 -0.448 0.045 0.891 0.053
-42.682 -441.490 -112.476 -0.448 0.042 0.892 0.048
-42.874 -443.141 -112.424 -0.449 0.039 0.892 0.042
