0.530 -396.938 -111.502 -0.408 0.214 0.549 0.698
-0.942 -396.870 -112.014 -0.413 0.214 0.564 0.682
-2.451 -396.873 -112.511 -0.418 0.215 0.581 0.664
-3.989 -396.950 -112.993 -0.423 0.215 0.597 0.647
-5.556 -397.102 -113.460 -0.428 0.214 0.612 0.630
-7.135 -397.330 -113.907 -0.433 0.213 0.626 0.613
-8.729 -397.632 -114.337 -0.437 0.213 0.640 0.595
-10.322 -398.008 -114.742 -0.441 0.212 0.654 0.577
-11.907 -398.455 -115.119 -0.445 0.212 0.667 0.559
-13.474 -398.972 -115.467 -0.448 0.211 0.680 0.541
-15.020 -399.556 -115.783 -0.451 0.211 0.693 0.521
-16.543 -400.207 -116.063 -0.453 0.211 0.706 0.502
-18.040 -400.923 -116.305 -0.454 0.212 0.718 0.482
-19.503 -401.696 -116.506 -0.455 0.213 0.731 0.462
-20.906 -402.515 -116.667 -0.457 0.213 0.742 0.442
-22.267 -403.385 -116.789 -0.458 0.213 0.753 0.421
-23.575 -404.302 -116.877 -0.459 0.212 0.764 0.400
-24.842 -405.270 -116.928 -0.460 0.212 0.775 0.379
-26.072 -406.288 -116.938 -0.459 0.214 0.784 0.359
-27.269 -407.353 -116.905 -0.458 0.216 0.793 0.338
-28.432 -408.472 -116.831 -0.457 0.216 0.802 0.317
-29.547 -409.628 -116.718 -0.456 0.218 0.811 0.296
-30.620 -410.821 -116.563 -0.454 0.219 0.818 0.277
-31.676 -412.096 -116.381 -0.456 0.209 0.826 0.258
-32.671 -413.419 -116.195 -0.459 0.199 0.832 0.239
-33.603 -414.785 -116.011 -0.461 0.186 0.839 0.219
-34.462 -416.197 -115.833 -0.464 0.171 0.846 0.198
-35.229 -417.646 -115.660 -0.467 0.155 0.854 0.170
-35.880 -419.156 -115.481 -0.469 0.135 0.863 0.132
-36.383 -420.653 -115.304 -0.469 0.119 0.869 0.098
-36.794 -422.234 -115.122 -0.470 0.102 0.874 0.073
-37.119 -423.832 -114.947 -0.470 0.088 0.877 0.051
-37.367 -425.571 -114.757 -0.470 0.076 0.879 0.025
-37.550 -427.342 -114.549 -0.469 0.072 0.880 0.011
-37.673 -429.023 -114.361 -0.469 0.060 0.881 0.005
-37.757 -430.556 -114.220 -0.469 0.049 0.882 -0.002
-37.815 -432.161 -114.078 -0.469 0.044 0.882 -0.008
-37.842 -433.812 -113.943 -0.469 0.034 0.882 -0.015
-37.829 -435.387 -113.836 -0.469 0.023 0.883 -0.024
-37.782 -436.925 -113.749 -0.468 0.013 0.883 -0.030
-37.710 -438.389 -113.678 -0.468 0.007 0.883 -0.036
-37.625 -439.734 -113.616 -0.468 0.005 0.883 -0.041
-37.524 -441.169 -113.548 -0.468 0.004 0.883 -0.043
-37.408 -442.796 -113.464 -0.468 0.009 0.883 -0.044
-37.286 -444.481 -113.360 -0.468 0.012 0.882 -0.050
-37.146 -446.175 -113.231 -0.468 0.016 0.882 -0.058
-36.998 -447.844 -113.095 -0.468 0.015 0.882 -0.059
-36.863 -449.331 -112.983 -0.468 0.009 0.882 -0.053
-36.747 -450.738 -112.908 -0.467 0.000 0.883 -0.043
-36.647 -452.135 -112.869 -0.467 -0.007 0.883 -0.033
-36.551 -453.707 -112.848 -0.467 -0.009 0.884 -0.027
-36.465 -455.296 -112.836 -0.467 -0.008 0.884 -0.025
-36.385 -456.912 -112.821 -0.467 -0.006 0.884 -0.023
-36.324 -458.355 -112.806 -0.467 -0.005 0.884 -0.017
-36.301 -459.310 -112.804 -0.468 -0.005 0.884 -0.007
-36.293 -459.993 -112.806 -0.468 -0.003 0.884 -0.002
-36.292 -460.585 -112.809 -0.467 -0.002 0.884 0.003
-36.295 -461.080 -112.813 -0.467 -0.002 0.884 0.007
-36.301 -461.474 -112.818 -0.467 -0.001 0.884 0.011
-36.309 -461.828 -112.823 -0.467 -0.001 0.884 0.015
-36.318 -462.157 -112.828 -0.467 0.000 0.884 0.018
-36.335 -462.622 -112.836 -0.467 0.000 0.884 0.023
-36.360 -463.169 -112.849 -0.467 0.001 0.884 0.028
-36.398 -463.849 -112.867 -0.467 0.001 0.884 0.032
-36.455 -464.798 -112.894 -0.467 0.001 0.883 0.035
-36.521 -465.807 -112.926 -0.467 0.002 0.883 0.038
-36.633 -467.390 -112.971 -0.467 0.006 0.884 0.037
-36.759 -469.089 -112.997 -0.467 0.015 0.884 0.036
-36.908 -470.715 -112.997 -0.466 0.027 0.883 0.044
-37.099 -472.435 -112.992 -0.466 0.025 0.883 0.052
-37.304 -474.185 -113.010 -0.467 0.019 0.883 0.055
-37.479 -475.879 -113.062 -0.468 0.001 0.883 0.049
