-47.371 -433.083 -111.100 -0.422 0.150 0.889 0.092
-47.749 -434.413 -110.823 -0.420 0.146 0.893 0.069
-48.060 -435.748 -110.527 -0.418 0.143 0.896 0.045
-48.315 -437.113 -110.199 -0.415 0.143 0.898 0.021
-48.517 -438.547 -109.818 -0.411 0.148 0.899 -0.004
-48.658 -440.027 -109.373 -0.407 0.153 0.900 -0.032
-48.728 -441.533 -108.869 -0.403 0.157 0.900 -0.059
-48.725 -443.117 -108.287 -0.398 0.162 0.899 -0.085
-48.645 -444.667 -107.673 -0.393 0.160 0.899 -0.110
-48.498 -446.126 -107.083 -0.389 0.150 0.900 -0.128
-48.283 -447.616 -106.496 -0.385 0.136 0.902 -0.141
-48.007 -449.162 -105.938 -0.383 0.112 0.905 -0.146
-47.676 -450.766 -105.440 -0.379 0.084 0.909 -0.149
-47.295 -452.403 -105.025 -0.376 0.056 0.913 -0.150
-46.880 -454.010 -104.703 -0.372 0.028 0.915 -0.155
-46.418 -455.580 -104.462 -0.368 0.004 0.915 -0.163
-45.905 -457.137 -104.277 -0.365 -0.014 0.915 -0.172
-45.351 -458.675 -104.132 -0.362 -0.028 0.914 -0.180
-44.761 -460.193 -104.011 -0.360 -0.036 0.913 -0.189
-44.140 -461.692 -103.900 -0.359 -0.041 0.911 -0.199
-43.485 -463.173 -103.787 -0.358 -0.043 0.909 -0.211
-42.794 -464.631 -103.661 -0.357 -0.043 0.905 -0.226
-42.061 -466.064 -103.516 -0.357 -0.042 0.901 -0.243
-41.278 -467.467 -103.346 -0.356 -0.041 0.896 -0.263
-40.443 -468.834 -103.146 -0.355 -0.039 0.890 -0.284
-39.554 -470.161 -102.919 -0.353 -0.038 0.883 -0.306
-38.613 -471.442 -102.668 -0.352 -0.038 0.876 -0.328
-37.621 -472.675 -102.395 -0.349 -0.039 0.869 -0.348
-36.584 -473.857 -102.107 -0.347 -0.041 0.862 -0.369
-35.507 -474.984 -101.808 -0.343 -0.046 0.854 -0.388
