-24.612 -403.254 -115.667 -0.420 0.236 0.766 0.425
-26.031 -404.193 -115.654 -0.425 0.227 0.779 0.402
-27.389 -405.204 -115.630 -0.430 0.217 0.790 0.379
-28.700 -406.299 -115.586 -0.433 0.210 0.802 0.353
-29.933 -407.454 -115.524 -0.436 0.201 0.813 0.328
-31.087 -408.665 -115.449 -0.439 0.191 0.823 0.304
-32.166 -409.936 -115.362 -0.442 0.181 0.833 0.279
-33.161 -411.246 -115.270 -0.445 0.171 0.841 0.255
-34.078 -412.608 -115.166 -0.447 0.160 0.849 0.232
-34.920 -414.018 -115.054 -0.450 0.149 0.856 0.206
-35.677 -415.475 -114.939 -0.452 0.136 0.863 0.181
-36.318 -416.939 -114.828 -0.455 0.115 0.871 0.146
-36.835 -418.478 -114.719 -0.456 0.098 0.877 0.110
-37.257 -420.098 -114.587 -0.457 0.089 0.882 0.081
-37.591 -421.724 -114.448 -0.457 0.079 0.884 0.064
-37.896 -423.388 -114.315 -0.457 0.074 0.884 0.061
-38.180 -425.028 -114.189 -0.457 0.072 0.885 0.057
-38.436 -426.650 -114.072 -0.458 0.063 0.885 0.049
-38.658 -428.259 -113.973 -0.458 0.055 0.886 0.045
-38.847 -429.712 -113.900 -0.458 0.050 0.886 0.047
-38.993 -430.857 -113.849 -0.459 0.048 0.886 0.044
-39.134 -432.081 -113.794 -0.459 0.044 0.887 0.038
-39.266 -433.380 -113.743 -0.459 0.038 0.887 0.033
-39.386 -434.792 -113.693 -0.459 0.033 0.887 0.026
-39.491 -436.433 -113.649 -0.459 0.019 0.888 0.018
-39.542 -438.046 -113.639 -0.459 0.004 0.888 0.005
-39.531 -439.675 -113.629 -0.459 0.000 0.888 -0.013
-39.469 -441.315 -113.602 -0.459 -0.005 0.888 -0.026
-39.366 -442.969 -113.573 -0.459 -0.008 0.888 -0.038
-39.223 -444.634 -113.528 -0.459 -0.006 0.887 -0.047
-39.079 -446.281 -113.467 -0.459 -0.001 0.887 -0.046
-38.962 -447.819 -113.402 -0.460 0.003 0.887 -0.041
-38.857 -449.362 -113.332 -0.460 0.005 0.887 -0.040
-38.751 -450.956 -113.264 -0.460 0.002 0.887 -0.037
