-37.024 -414.078 -114.430 -0.417 0.223 0.842 0.258
-38.101 -415.477 -114.104 -0.412 0.229 0.851 0.230
-39.084 -416.892 -113.717 -0.407 0.233 0.860 0.200
-39.954 -418.299 -113.278 -0.402 0.236 0.869 0.168
-40.695 -419.661 -112.804 -0.397 0.238 0.875 0.140
-41.369 -421.063 -112.284 -0.393 0.237 0.881 0.115
-41.965 -422.479 -111.733 -0.389 0.235 0.886 0.091
-42.498 -423.929 -111.148 -0.385 0.233 0.890 0.069
-42.967 -425.416 -110.529 -0.381 0.230 0.894 0.047
-43.367 -426.923 -109.875 -0.376 0.231 0.897 0.022
-43.692 -428.450 -109.177 -0.371 0.231 0.899 -0.002
-43.946 -429.988 -108.450 -0.367 0.228 0.901 -0.020
-44.144 -431.498 -107.724 -0.364 0.227 0.903 -0.033
-44.307 -433.008 -106.987 -0.362 0.227 0.903 -0.041
-44.450 -434.510 -106.248 -0.361 0.224 0.904 -0.047
