-21.393 -401.471 -115.596 -0.414 0.246 0.742 0.467
-22.931 -402.270 -115.618 -0.415 0.244 0.753 0.448
-24.414 -403.123 -115.609 -0.416 0.242 0.765 0.428
-25.849 -404.037 -115.573 -0.418 0.238 0.776 0.407
-27.228 -405.006 -115.511 -0.420 0.234 0.787 0.386
-28.600 -406.065 -115.413 -0.418 0.235 0.798 0.364
-29.916 -407.158 -115.264 -0.415 0.240 0.807 0.345
-31.182 -408.272 -115.070 -0.412 0.245 0.814 0.328
-32.420 -409.422 -114.825 -0.408 0.250 0.821 0.310
-33.626 -410.607 -114.526 -0.403 0.257 0.828 0.292
-34.800 -411.831 -114.167 -0.398 0.263 0.836 0.271
-35.930 -413.094 -113.742 -0.392 0.270 0.844 0.248
-36.983 -414.368 -113.263 -0.387 0.274 0.851 0.225
-37.957 -415.654 -112.743 -0.382 0.276 0.859 0.201
-38.853 -416.949 -112.184 -0.377 0.278 0.865 0.178
-39.664 -418.230 -111.598 -0.373 0.280 0.871 0.157
-40.403 -419.503 -110.987 -0.368 0.283 0.876 0.136
-41.074 -420.775 -110.347 -0.362 0.284 0.880 0.114
-41.680 -422.054 -109.677 -0.357 0.285 0.885 0.092
-42.225 -423.337 -108.988 -0.354 0.283 0.888 0.077
-42.725 -424.636 -108.274 -0.349 0.283 0.891 0.059
-43.176 -425.962 -107.533 -0.345 0.279 0.895 0.041
-43.569 -427.299 -106.785 -0.342 0.273 0.899 0.026
-43.916 -428.667 -106.033 -0.340 0.263 0.903 0.013
-44.219 -430.064 -105.298 -0.339 0.248 0.907 0.003
-44.470 -431.474 -104.603 -0.338 0.230 0.912 -0.007
-44.669 -432.914 -103.946 -0.337 0.211 0.917 -0.020
-44.801 -434.393 -103.320 -0.334 0.189 0.923 -0.037
-44.862 -435.888 -102.746 -0.332 0.167 0.927 -0.050
-44.861 -437.396 -102.222 -0.330 0.147 0.930 -0.062
-44.805 -438.910 -101.744 -0.328 0.128 0.933 -0.073
-44.699 -440.425 -101.312 -0.326 0.111 0.935 -0.082
-44.549 -441.941 -100.922 -0.324 0.094 0.937 -0.091
-44.346 -443.484 -100.562 -0.322 0.080 0.938 -0.104
-44.094 -445.013 -100.233 -0.320 0.067 0.938 -0.116
-43.794 -446.523 -99.930 -0.317 0.056 0.938 -0.130
-43.442 -448.012 -99.650 -0.315 0.044 0.937 -0.144
