28.766 -426.965 -80.795 -0.248 0.031 -0.047 0.967
28.877 -425.559 -81.591 -0.258 0.033 -0.041 0.965
28.961 -424.123 -82.440 -0.266 0.036 -0.031 0.963
29.005 -422.702 -83.308 -0.274 0.040 -0.018 0.961
28.997 -421.315 -84.185 -0.282 0.044 -0.002 0.958
28.929 -419.952 -85.076 -0.289 0.050 0.017 0.956
28.791 -418.597 -85.980 -0.294 0.056 0.039 0.954
28.582 -417.263 -86.888 -0.298 0.062 0.059 0.951
28.302 -415.944 -87.802 -0.302 0.068 0.080 0.948
27.948 -414.633 -88.719 -0.304 0.075 0.102 0.944
27.518 -413.336 -89.638 -0.307 0.081 0.124 0.940
27.015 -412.060 -90.557 -0.311 0.087 0.146 0.935
26.443 -410.818 -91.467 -0.314 0.093 0.167 0.930
25.805 -409.608 -92.369 -0.317 0.099 0.187 0.924
25.104 -408.434 -93.262 -0.320 0.105 0.208 0.918
24.342 -407.299 -94.145 -0.323 0.110 0.227 0.912
23.528 -406.205 -95.013 -0.326 0.115 0.246 0.905
22.655 -405.143 -95.869 -0.327 0.121 0.265 0.899
21.727 -404.117 -96.708 -0.329 0.126 0.284 0.892
20.744 -403.127 -97.535 -0.330 0.132 0.303 0.884
19.695 -402.165 -98.351 -0.330 0.138 0.322 0.876
18.587 -401.242 -99.143 -0.330 0.144 0.343 0.868
17.425 -400.367 -99.905 -0.329 0.151 0.364 0.858
16.211 -399.542 -100.630 -0.327 0.159 0.386 0.848
14.959 -398.776 -101.308 -0.324 0.166 0.407 0.838
13.671 -398.068 -101.941 -0.322 0.173 0.428 0.827
12.331 -397.405 -102.542 -0.322 0.178 0.445 0.816
10.960 -396.795 -103.123 -0.322 0.182 0.463 0.806
9.558 -396.234 -103.682 -0.327 0.183 0.476 0.796
8.124 -395.718 -104.241 -0.331 0.183 0.489 0.786
6.654 -395.250 -104.795 -0.336 0.184 0.504 0.774
5.153 -394.847 -105.342 -0.342 0.184 0.521 0.760
3.628 -394.515 -105.875 -0.347 0.185 0.538 0.746
2.091 -394.256 -106.387 -0.351 0.185 0.555 0.730
0.549 -394.072 -106.879 -0.356 0.186 0.572 0.715
-1.006 -393.955 -107.346 -0.357 0.189 0.588 0.700
-2.570 -393.904 -107.781 -0.358 0.193 0.605 0.685
-4.135 -393.919 -108.185 -0.361 0.194 0.620 0.669
-5.707 -394.003 -108.568 -0.365 0.194 0.635 0.653
-7.278 -394.157 -108.929 -0.368 0.194 0.650 0.636
-8.846 -394.378 -109.269 -0.371 0.194 0.664 0.619
-10.407 -394.668 -109.585 -0.374 0.194 0.678 0.603
-11.957 -395.022 -109.874 -0.376 0.195 0.692 0.585
-13.494 -395.441 -110.134 -0.377 0.196 0.705 0.568
-15.012 -395.922 -110.364 -0.378 0.197 0.718 0.550
-16.509 -396.463 -110.560 -0.379 0.199 0.731 0.531
-17.987 -397.066 -110.722 -0.379 0.201 0.744 0.513
-19.444 -397.729 -110.849 -0.379 0.202 0.756 0.494
-20.881 -398.455 -110.945 -0.380 0.202 0.768 0.474
-22.296 -399.244 -111.009 -0.380 0.203 0.779 0.455
-23.689 -400.095 -111.039 -0.379 0.204 0.790 0.436
-25.060 -401.002 -111.034 -0.379 0.206 0.800 0.418
-26.406 -401.959 -110.997 -0.378 0.207 0.808 0.402
-27.732 -402.957 -110.939 -0.378 0.206 0.813 0.391
-29.056 -403.993 -110.871 -0.379 0.204 0.817 0.384
-30.374 -405.066 -110.786 -0.377 0.206 0.823 0.371
-31.680 -406.184 -110.669 -0.376 0.208 0.829 0.358
-32.946 -407.329 -110.523 -0.375 0.209 0.836 0.342
-34.170 -408.504 -110.353 -0.374 0.209 0.843 0.326
-35.347 -409.711 -110.161 -0.374 0.205 0.848 0.313
-36.452 -410.901 -109.980 -0.377 0.197 0.853 0.303
