-9.463 -397.521 -114.201 -0.411 0.236 0.644 0.600
-11.088 -397.839 -114.504 -0.413 0.236 0.659 0.583
-12.702 -398.226 -114.776 -0.416 0.236 0.672 0.565
-14.302 -398.679 -115.013 -0.417 0.237 0.686 0.547
-15.878 -399.194 -115.211 -0.417 0.239 0.699 0.529
-17.433 -399.770 -115.368 -0.417 0.241 0.713 0.510
-18.965 -400.405 -115.482 -0.416 0.244 0.726 0.491
-20.488 -401.105 -115.549 -0.415 0.246 0.738 0.471
-22.018 -401.895 -115.581 -0.418 0.242 0.752 0.448
-23.479 -402.743 -115.589 -0.422 0.236 0.764 0.427
-24.888 -403.660 -115.582 -0.426 0.228 0.776 0.406
-26.244 -404.645 -115.562 -0.430 0.219 0.787 0.384
-27.538 -405.694 -115.538 -0.436 0.208 0.797 0.364
-28.795 -406.828 -115.507 -0.439 0.199 0.807 0.341
-29.975 -408.013 -115.469 -0.443 0.188 0.816 0.319
-31.083 -409.246 -115.427 -0.447 0.177 0.825 0.297
-32.118 -410.523 -115.385 -0.451 0.166 0.832 0.277
-33.086 -411.846 -115.343 -0.455 0.154 0.839 0.256
-33.986 -413.216 -115.301 -0.458 0.142 0.846 0.235
-34.813 -414.635 -115.259 -0.461 0.129 0.852 0.212
-35.534 -416.056 -115.217 -0.464 0.116 0.859 0.183
-36.130 -417.511 -115.169 -0.467 0.094 0.867 0.142
-36.618 -419.084 -115.111 -0.469 0.081 0.873 0.108
-37.008 -420.698 -115.033 -0.469 0.073 0.876 0.079
-37.298 -422.269 -114.939 -0.469 0.066 0.879 0.055
-37.527 -423.875 -114.831 -0.469 0.058 0.880 0.037
-37.670 -425.575 -114.713 -0.469 0.044 0.882 0.008
-37.744 -427.355 -114.592 -0.469 0.037 0.883 -0.003
-37.772 -429.143 -114.473 -0.468 0.030 0.883 -0.013
-37.770 -430.819 -114.368 -0.468 0.024 0.883 -0.017
-37.749 -432.349 -114.285 -0.468 0.017 0.883 -0.022
-37.697 -433.801 -114.214 -0.468 0.010 0.883 -0.034
-37.599 -435.289 -114.135 -0.467 0.006 0.883 -0.049
-37.461 -436.703 -114.049 -0.466 0.003 0.882 -0.062
-37.304 -438.065 -113.956 -0.466 0.003 0.882 -0.072
-37.108 -439.496 -113.839 -0.466 0.006 0.881 -0.083
-36.858 -441.174 -113.675 -0.466 0.009 0.880 -0.092
-36.581 -442.882 -113.485 -0.466 0.014 0.879 -0.101
-36.296 -444.526 -113.272 -0.466 0.019 0.878 -0.109
-36.012 -446.102 -113.044 -0.466 0.024 0.877 -0.113
-35.736 -447.648 -112.803 -0.466 0.028 0.877 -0.113
-35.499 -449.031 -112.590 -0.466 0.027 0.878 -0.107
-35.273 -450.406 -112.389 -0.467 0.025 0.878 -0.102
-35.053 -451.821 -112.190 -0.467 0.026 0.878 -0.098
-34.838 -453.275 -111.981 -0.467 0.030 0.878 -0.098
-34.619 -454.752 -111.756 -0.467 0.033 0.878 -0.100
-34.398 -456.278 -111.531 -0.467 0.028 0.879 -0.093
-34.190 -457.852 -111.330 -0.468 0.022 0.880 -0.080
-34.011 -459.433 -111.169 -0.468 0.015 0.881 -0.066
-33.867 -460.986 -111.046 -0.469 0.012 0.882 -0.052
-33.770 -462.474 -110.949 -0.469 0.015 0.882 -0.038
-33.718 -463.867 -110.867 -0.470 0.019 0.882 -0.022
-33.711 -465.023 -110.807 -0.470 0.024 0.882 -0.008
-33.720 -465.578 -110.781 -0.470 0.025 0.882 0.000
-33.736 -466.105 -110.760 -0.470 0.025 0.882 0.007
-33.768 -466.840 -110.733 -0.470 0.027 0.882 0.014
-33.803 -467.451 -110.714 -0.471 0.028 0.882 0.021
-33.837 -467.936 -110.701 -0.471 0.029 0.881 0.029
-33.878 -468.419 -110.691 -0.471 0.029 0.881 0.036
-33.926 -468.904 -110.683 -0.471 0.030 0.881 0.043
-33.965 -469.256 -110.680 -0.471 0.031 0.880 0.049
-33.971 -469.312 -110.679 -0.471 0.031 0.880 0.050
-33.977 -469.361 -110.679 -0.471 0.031 0.880 0.051
-33.983 -469.406 -110.678 -0.471 0.031 0.880 0.052
-33.988 -469.448 -110.678 -0.471 0.031 0.880 0.053
-33.992 -469.486 -110.678 -0.471 0.031 0.880 0.054
-33.997 -469.523 -110.678 -0.471 0.031 0.880 0.054
-34.001 -469.556 -110.678 -0.471 0.032 0.880 0.055
-34.005 -469.588 -110.678 -0.471 0.032 0.880 0.056
-34.009 -469.618 -110.678 -0.471 0.032 0.880 0.056
-34.013 -469.647 -110.678 -0.471 0.032 0.880 0.057
-34.017 -469.675 -110.678 -0.471 0.032 0.880 0.057
-34.020 -469.702 -110.678 -0.471 0.032 0.880 0.058
-34.045 -469.890 -110.678 -0.471 0.032 0.880 0.059
-34.048 -469.912 -110.678 -0.471 0.032 0.880 0.059
-34.051 -469.935 -110.678 -0.471 0.032 0.880 0.060
-34.054 -469.956 -110.678 -0.471 0.032 0.880 0.060
-34.057 -469.977 -110.678 -0.471 0.032 0.880 0.060
-34.083 -470.162 -110.678 -0.471 0.032 0.880 0.061
-34.086 -470.183 -110.678 -0.471 0.032 0.880 0.061
-34.112 -470.367 -110.678 -0.471 0.032 0.880 0.062
-34.138 -470.553 -110.678 -0.471 0.032 0.879 0.063
-34.142 -470.582 -110.678 -0.471 0.033 0.879 0.063
-34.151 -470.644 -110.679 -0.471 0.033 0.879 0.064
-34.175 -470.809 -110.679 -0.471 0.033 0.879 0.065
-34.181 -470.846 -110.679 -0.471 0.033 0.879 0.066
-34.187 -470.885 -110.679 -0.471 0.033 0.879 0.067
-34.264 -471.384 -110.682 -0.471 0.034 0.879 0.072
-34.345 -471.872 -110.688 -0.470 0.034 0.878 0.079
-34.403 -472.193 -110.693 -0.470 0.035 0.878 0.085
-34.459 -472.488 -110.699 -0.470 0.036 0.877 0.089
-34.642 -473.383 -110.718 -0.470 0.040 0.877 0.097
-34.917 -474.610 -110.742 -0.469 0.046 0.876 0.105
-35.295 -476.215 -110.761 -0.468 0.052 0.876 0.102
