-26.017 -404.126 -115.632 -0.416 0.241 0.776 0.408
-27.442 -405.115 -115.557 -0.417 0.238 0.787 0.386
-28.842 -406.187 -115.438 -0.416 0.239 0.800 0.362
-30.177 -407.317 -115.270 -0.415 0.239 0.811 0.336
-31.438 -408.496 -115.060 -0.413 0.237 0.822 0.311
-32.629 -409.721 -114.810 -0.412 0.235 0.832 0.287
-33.735 -410.968 -114.534 -0.411 0.232 0.841 0.265
-34.769 -412.251 -114.231 -0.410 0.228 0.849 0.242
-35.722 -413.560 -113.904 -0.409 0.224 0.858 0.217
-36.597 -414.900 -113.555 -0.408 0.219 0.865 0.194
-37.408 -416.279 -113.176 -0.405 0.216 0.872 0.171
-38.153 -417.690 -112.769 -0.403 0.214 0.877 0.149
-38.845 -419.131 -112.337 -0.401 0.212 0.881 0.133
-39.496 -420.584 -111.889 -0.400 0.211 0.883 0.123
-40.119 -422.023 -111.433 -0.399 0.214 0.884 0.117
-40.717 -423.460 -110.960 -0.397 0.214 0.887 0.104
-41.265 -424.928 -110.462 -0.394 0.209 0.891 0.084
-41.747 -426.420 -109.949 -0.392 0.202 0.895 0.063
-42.146 -427.921 -109.434 -0.389 0.191 0.900 0.037
-42.446 -429.398 -108.929 -0.386 0.182 0.904 0.013
-42.671 -430.877 -108.419 -0.383 0.176 0.907 -0.008
-42.838 -432.427 -107.887 -0.381 0.164 0.910 -0.024
-42.941 -433.967 -107.384 -0.379 0.150 0.912 -0.037
-42.994 -435.504 -106.915 -0.378 0.135 0.915 -0.045
-43.006 -437.026 -106.494 -0.378 0.115 0.917 -0.049
-42.985 -438.525 -106.145 -0.377 0.091 0.920 -0.051
-42.927 -440.044 -105.862 -0.377 0.065 0.922 -0.054
-42.826 -441.587 -105.642 -0.376 0.042 0.924 -0.059
-42.681 -443.156 -105.478 -0.374 0.021 0.925 -0.065
-42.491 -444.760 -105.362 -0.373 0.002 0.925 -0.071
