28.614 -419.724 -85.489 -0.304 0.055 0.036 0.951
28.411 -418.399 -86.437 -0.310 0.061 0.057 0.947
28.138 -417.099 -87.392 -0.317 0.067 0.077 0.943
27.792 -415.813 -88.363 -0.322 0.073 0.098 0.939
27.372 -414.544 -89.339 -0.326 0.080 0.119 0.935
26.880 -413.302 -90.314 -0.330 0.086 0.141 0.929
26.319 -412.096 -91.285 -0.335 0.093 0.162 0.924
25.694 -410.932 -92.240 -0.337 0.099 0.184 0.918
24.994 -409.793 -93.190 -0.340 0.106 0.206 0.911
24.215 -408.681 -94.141 -0.344 0.113 0.228 0.904
23.381 -407.624 -95.064 -0.346 0.120 0.250 0.896
22.488 -406.617 -95.965 -0.349 0.126 0.271 0.888
21.541 -405.658 -96.846 -0.352 0.132 0.291 0.880
20.546 -404.746 -97.710 -0.356 0.136 0.309 0.871
19.490 -403.866 -98.569 -0.357 0.142 0.328 0.863
18.370 -403.019 -99.409 -0.356 0.149 0.347 0.855
17.196 -402.213 -100.220 -0.354 0.157 0.367 0.846
15.976 -401.453 -100.990 -0.352 0.164 0.387 0.836
14.728 -400.750 -101.712 -0.350 0.171 0.407 0.826
13.460 -400.105 -102.388 -0.349 0.177 0.425 0.816
12.181 -399.517 -103.021 -0.349 0.183 0.442 0.806
10.869 -398.974 -103.627 -0.349 0.187 0.457 0.796
9.539 -398.476 -104.203 -0.349 0.191 0.471 0.787
8.165 -398.010 -104.776 -0.352 0.192 0.483 0.778
6.728 -397.581 -105.351 -0.357 0.193 0.498 0.767
5.243 -397.205 -105.919 -0.361 0.195 0.514 0.753
3.731 -396.895 -106.471 -0.365 0.197 0.532 0.739
2.211 -396.658 -107.002 -0.372 0.196 0.548 0.724
0.678 -396.495 -107.523 -0.379 0.194 0.564 0.708
-0.862 -396.410 -108.030 -0.385 0.194 0.580 0.691
-2.406 -396.398 -108.515 -0.389 0.195 0.597 0.674
-3.962 -396.458 -108.978 -0.392 0.196 0.612 0.658
-5.533 -396.586 -109.412 -0.394 0.199 0.628 0.641
-7.098 -396.778 -109.808 -0.395 0.202 0.643 0.625
-8.652 -397.031 -110.165 -0.395 0.206 0.657 0.608
-10.197 -397.345 -110.482 -0.395 0.210 0.671 0.591
-11.733 -397.717 -110.759 -0.394 0.213 0.685 0.574
-13.260 -398.146 -110.995 -0.393 0.217 0.698 0.557
-14.770 -398.628 -111.189 -0.392 0.221 0.711 0.540
-16.256 -399.158 -111.341 -0.390 0.225 0.723 0.524
-17.717 -399.734 -111.453 -0.389 0.228 0.734 0.508
-19.141 -400.349 -111.529 -0.388 0.231 0.745 0.491
-20.551 -401.013 -111.569 -0.387 0.232 0.755 0.475
-21.956 -401.736 -111.583 -0.388 0.232 0.765 0.458
-23.319 -402.497 -111.574 -0.389 0.230 0.775 0.443
-24.642 -403.293 -111.548 -0.390 0.228 0.782 0.429
-25.953 -404.133 -111.513 -0.392 0.223 0.788 0.419
-27.268 -405.015 -111.475 -0.393 0.221 0.793 0.410
-28.618 -405.973 -111.418 -0.393 0.220 0.800 0.396
-29.930 -406.966 -111.338 -0.393 0.220 0.808 0.380
-31.194 -407.989 -111.228 -0.391 0.222 0.817 0.361
-32.420 -409.042 -111.072 -0.387 0.229 0.824 0.346
-33.633 -410.133 -110.868 -0.383 0.236 0.830 0.331
-34.838 -411.265 -110.611 -0.378 0.243 0.836 0.315
-36.020 -412.431 -110.302 -0.374 0.249 0.842 0.298
-37.151 -413.621 -109.944 -0.369 0.254 0.850 0.276
-38.204 -414.828 -109.541 -0.365 0.256 0.859 0.251
-39.170 -416.048 -109.109 -0.362 0.254 0.867 0.228
-40.056 -417.279 -108.670 -0.362 0.246 0.875 0.209
-40.870 -418.531 -108.235 -0.362 0.235 0.882 0.189
-41.606 -419.807 -107.813 -0.362 0.221 0.890 0.168
-42.271 -421.117 -107.412 -0.364 0.203 0.897 0.148
-42.895 -422.516 -107.015 -0.364 0.190 0.902 0.132
-43.460 -423.943 -106.631 -0.364 0.179 0.907 0.115
-43.969 -425.400 -106.254 -0.364 0.169 0.911 0.099
-44.422 -426.878 -105.888 -0.364 0.157 0.914 0.085
-44.824 -428.387 -105.538 -0.364 0.144 0.917 0.071
-45.169 -429.913 -105.210 -0.364 0.128 0.921 0.055
-45.442 -431.454 -104.915 -0.364 0.110 0.924 0.038
-45.642 -433.008 -104.648 -0.364 0.094 0.927 0.018
-45.765 -434.572 -104.403 -0.363 0.079 0.929 -0.002
-45.809 -436.148 -104.177 -0.361 0.065 0.930 -0.023
-45.772 -437.735 -103.963 -0.360 0.052 0.930 -0.047
-45.646 -439.343 -103.750 -0.358 0.044 0.930 -0.072
-45.440 -440.954 -103.526 -0.356 0.038 0.929 -0.093
-45.174 -442.540 -103.309 -0.354 0.029 0.929 -0.108
-44.854 -444.124 -103.100 -0.352 0.022 0.928 -0.122
-44.488 -445.697 -102.904 -0.351 0.012 0.927 -0.133
-44.085 -447.262 -102.725 -0.349 0.005 0.926 -0.141
-43.654 -448.823 -102.550 -0.349 0.003 0.925 -0.148
-43.174 -450.399 -102.360 -0.348 0.002 0.923 -0.166
-42.652 -451.926 -102.166 -0.345 -0.005 0.921 -0.182
-42.085 -453.409 -101.986 -0.343 -0.013 0.918 -0.197
-41.473 -454.853 -101.820 -0.340 -0.025 0.916 -0.212
-40.818 -456.243 -101.683 -0.335 -0.041 0.913 -0.228
-40.108 -457.604 -101.575 -0.332 -0.052 0.910 -0.242
-39.360 -458.941 -101.483 -0.329 -0.061 0.907 -0.253
-38.572 -460.245 -101.409 -0.326 -0.073 0.904 -0.268
-37.736 -461.529 -101.346 -0.324 -0.079 0.900 -0.282
-36.816 -462.846 -101.280 -0.322 -0.083 0.895 -0.297
-35.811 -464.183 -101.203 -0.321 -0.085 0.889 -0.314
-34.761 -465.483 -101.117 -0.319 -0.089 0.884 -0.330
-33.653 -466.761 -101.025 -0.317 -0.093 0.878 -0.346
