-40.590 -418.970 -113.596 -0.419 0.203 0.861 0.203
-41.361 -420.281 -113.294 -0.416 0.204 0.869 0.176
-42.064 -421.625 -112.947 -0.413 0.205 0.875 0.148
-42.711 -423.045 -112.547 -0.409 0.203 0.882 0.119
-43.267 -424.451 -112.124 -0.406 0.202 0.886 0.097
-43.769 -425.883 -111.668 -0.403 0.202 0.889 0.077
-44.234 -427.388 -111.161 -0.400 0.203 0.892 0.056
-44.642 -428.931 -110.605 -0.395 0.206 0.895 0.033
-44.986 -430.517 -109.981 -0.390 0.212 0.896 0.005
-45.247 -432.086 -109.299 -0.383 0.219 0.897 -0.023
-45.418 -433.582 -108.595 -0.377 0.220 0.898 -0.049
-45.512 -435.117 -107.853 -0.373 0.213 0.901 -0.069
