24.655 -448.314 -72.662 -0.097 0.002 -0.109 0.989
25.022 -446.695 -72.985 -0.096 0.002 -0.111 0.989
25.382 -445.120 -73.299 -0.096 0.002 -0.111 0.989
25.735 -443.582 -73.609 -0.100 0.002 -0.112 0.989
26.093 -442.066 -73.934 -0.107 0.003 -0.116 0.987
26.447 -440.616 -74.269 -0.115 0.003 -0.119 0.986
26.798 -439.204 -74.621 -0.123 0.004 -0.120 0.985
27.158 -437.776 -75.004 -0.131 0.005 -0.121 0.984
27.528 -436.325 -75.422 -0.141 0.006 -0.123 0.982
27.905 -434.866 -75.874 -0.150 0.007 -0.123 0.981
28.290 -433.394 -76.364 -0.161 0.008 -0.124 0.979
28.681 -431.890 -76.903 -0.172 0.010 -0.122 0.977
29.061 -430.386 -77.486 -0.185 0.013 -0.117 0.976
29.418 -428.890 -78.114 -0.199 0.016 -0.109 0.974
29.746 -427.387 -78.798 -0.214 0.019 -0.099 0.972
30.049 -425.889 -79.518 -0.218 0.020 -0.097 0.971
30.355 -424.359 -80.258 -0.219 0.021 -0.095 0.971
30.657 -422.802 -81.012 -0.220 0.022 -0.091 0.971
