28.421 -418.482 -86.408 -0.311 0.060 0.053 0.947
28.162 -417.188 -87.360 -0.317 0.066 0.073 0.943
27.831 -415.909 -88.322 -0.321 0.073 0.094 0.940
27.427 -414.643 -89.290 -0.324 0.079 0.116 0.936
26.948 -413.395 -90.260 -0.328 0.086 0.137 0.931
26.398 -412.178 -91.228 -0.332 0.092 0.159 0.925
25.781 -411.000 -92.182 -0.335 0.099 0.180 0.920
25.088 -409.847 -93.131 -0.338 0.106 0.203 0.913
24.314 -408.718 -94.082 -0.341 0.113 0.225 0.906
23.481 -407.645 -95.008 -0.344 0.120 0.248 0.898
22.585 -406.620 -95.913 -0.347 0.126 0.270 0.889
21.629 -405.643 -96.800 -0.350 0.132 0.291 0.881
20.622 -404.717 -97.672 -0.355 0.136 0.309 0.872
19.549 -403.826 -98.543 -0.357 0.142 0.328 0.863
18.416 -402.972 -99.397 -0.358 0.148 0.348 0.854
17.231 -402.163 -100.223 -0.357 0.155 0.367 0.845
16.002 -401.406 -101.007 -0.355 0.163 0.388 0.835
14.742 -400.708 -101.743 -0.354 0.170 0.408 0.824
13.464 -400.073 -102.431 -0.353 0.176 0.427 0.813
12.176 -399.501 -103.071 -0.352 0.182 0.445 0.803
10.843 -398.970 -103.682 -0.351 0.188 0.462 0.792
9.482 -398.484 -104.260 -0.349 0.194 0.478 0.782
8.076 -398.034 -104.813 -0.348 0.199 0.493 0.772
6.604 -397.618 -105.354 -0.348 0.203 0.508 0.761
5.090 -397.252 -105.870 -0.350 0.206 0.525 0.748
3.547 -396.947 -106.362 -0.351 0.209 0.542 0.734
1.985 -396.708 -106.823 -0.354 0.211 0.559 0.720
0.429 -396.543 -107.261 -0.360 0.210 0.575 0.704
-1.138 -396.452 -107.683 -0.365 0.209 0.592 0.688
-2.714 -396.434 -108.085 -0.368 0.210 0.608 0.671
-4.295 -396.487 -108.462 -0.371 0.211 0.624 0.655
-5.883 -396.607 -108.808 -0.372 0.214 0.639 0.638
-7.478 -396.794 -109.119 -0.372 0.217 0.655 0.621
-9.071 -397.048 -109.392 -0.372 0.219 0.670 0.604
-10.658 -397.366 -109.627 -0.372 0.222 0.685 0.586
-12.241 -397.749 -109.821 -0.371 0.226 0.699 0.568
-13.821 -398.196 -109.977 -0.371 0.228 0.712 0.551
-15.392 -398.704 -110.095 -0.370 0.231 0.725 0.534
-16.930 -399.260 -110.170 -0.367 0.236 0.737 0.517
-18.459 -399.868 -110.198 -0.364 0.241 0.749 0.500
-19.977 -400.532 -110.177 -0.360 0.246 0.760 0.482
-21.485 -401.251 -110.104 -0.355 0.252 0.772 0.463
-22.977 -402.021 -109.974 -0.350 0.259 0.783 0.445
-24.444 -402.837 -109.789 -0.346 0.265 0.792 0.427
-25.903 -403.703 -109.552 -0.341 0.270 0.800 0.412
-27.300 -404.585 -109.278 -0.338 0.273 0.810 0.395
-28.666 -405.512 -108.966 -0.336 0.274 0.818 0.379
-30.021 -406.496 -108.617 -0.333 0.275 0.826 0.363
-31.323 -407.493 -108.251 -0.332 0.275 0.830 0.353
-32.582 -408.488 -107.877 -0.330 0.277 0.834 0.345
-33.838 -409.516 -107.467 -0.326 0.281 0.839 0.333
-35.090 -410.589 -107.015 -0.323 0.282 0.845 0.319
-36.316 -411.712 -106.540 -0.322 0.278 0.853 0.303
-37.492 -412.884 -106.063 -0.324 0.266 0.861 0.286
-38.616 -414.124 -105.602 -0.328 0.248 0.871 0.268
-39.660 -415.411 -105.187 -0.334 0.225 0.880 0.251
-40.624 -416.741 -104.829 -0.340 0.201 0.888 0.236
-41.514 -418.106 -104.532 -0.345 0.177 0.894 0.223
-42.352 -419.522 -104.290 -0.351 0.154 0.900 0.210
-43.119 -420.976 -104.100 -0.355 0.132 0.905 0.193
-43.819 -422.464 -103.956 -0.359 0.111 0.909 0.180
