-18.508 -400.150 -115.424 -0.409 0.252 0.719 0.503
-20.143 -400.823 -115.473 -0.403 0.261 0.731 0.485
-21.795 -401.561 -115.455 -0.398 0.268 0.743 0.466
-23.403 -402.343 -115.376 -0.394 0.273 0.755 0.447
-24.973 -403.176 -115.244 -0.391 0.276 0.767 0.428
-26.512 -404.061 -115.060 -0.388 0.280 0.777 0.409
-28.016 -404.992 -114.825 -0.384 0.284 0.787 0.391
-29.524 -405.989 -114.523 -0.378 0.292 0.796 0.371
-30.999 -407.028 -114.140 -0.369 0.303 0.806 0.349
-32.438 -408.118 -113.663 -0.360 0.314 0.817 0.323
-33.783 -409.225 -113.103 -0.350 0.323 0.828 0.296
-35.030 -410.353 -112.477 -0.341 0.330 0.839 0.267
-36.188 -411.515 -111.774 -0.331 0.337 0.849 0.236
