-3.467 -396.887 -112.758 -0.408 0.226 0.591 0.659
-5.077 -396.971 -113.195 -0.410 0.227 0.606 0.643
-6.729 -397.128 -113.608 -0.412 0.229 0.621 0.626
-8.394 -397.351 -113.986 -0.412 0.233 0.635 0.610
-10.075 -397.640 -114.322 -0.411 0.237 0.650 0.593
-11.761 -397.990 -114.611 -0.410 0.242 0.664 0.577
-13.445 -398.399 -114.847 -0.407 0.248 0.678 0.560
-15.121 -398.862 -115.025 -0.403 0.256 0.691 0.543
-16.783 -399.375 -115.138 -0.397 0.264 0.704 0.526
-18.451 -399.942 -115.184 -0.392 0.272 0.717 0.508
-20.148 -400.577 -115.161 -0.386 0.281 0.730 0.489
-21.819 -401.258 -115.066 -0.380 0.288 0.742 0.471
-23.458 -401.989 -114.907 -0.375 0.294 0.754 0.452
-25.044 -402.760 -114.695 -0.371 0.297 0.766 0.433
-26.604 -403.585 -114.430 -0.367 0.301 0.776 0.415
-28.132 -404.456 -114.112 -0.363 0.306 0.786 0.397
-29.648 -405.369 -113.728 -0.354 0.316 0.794 0.380
-31.122 -406.310 -113.265 -0.345 0.327 0.804 0.358
-32.536 -407.289 -112.725 -0.336 0.334 0.815 0.333
-33.880 -408.312 -112.111 -0.328 0.340 0.827 0.306
-35.135 -409.366 -111.430 -0.318 0.347 0.838 0.278
