24.919 -447.145 -72.918 -0.101 0.003 -0.112 0.989
25.286 -445.566 -73.248 -0.101 0.003 -0.112 0.989
25.646 -444.023 -73.574 -0.103 0.003 -0.114 0.988
26.009 -442.506 -73.912 -0.111 0.004 -0.117 0.987
26.363 -441.064 -74.259 -0.119 0.004 -0.119 0.986
26.718 -439.640 -74.627 -0.127 0.005 -0.120 0.985
27.072 -438.234 -75.016 -0.135 0.006 -0.121 0.983
27.439 -436.790 -75.445 -0.144 0.007 -0.122 0.982
27.806 -435.362 -75.899 -0.154 0.008 -0.122 0.980
28.181 -433.918 -76.393 -0.164 0.009 -0.123 0.979
28.568 -432.423 -76.942 -0.175 0.011 -0.122 0.977
28.947 -430.925 -77.533 -0.188 0.013 -0.117 0.975
29.305 -429.433 -78.168 -0.202 0.016 -0.110 0.973
29.634 -427.948 -78.852 -0.214 0.019 -0.103 0.971
29.956 -426.466 -79.556 -0.215 0.019 -0.103 0.971
30.286 -424.941 -80.283 -0.215 0.020 -0.102 0.971
30.615 -423.383 -81.027 -0.217 0.020 -0.099 0.971
