23.360 -454.718 -71.515 -0.062 0.001 -0.095 0.993
23.675 -453.115 -71.719 -0.063 0.001 -0.097 0.993
24.007 -451.476 -71.933 -0.066 0.001 -0.102 0.993
24.356 -449.843 -72.155 -0.067 0.000 -0.106 0.992
24.709 -448.249 -72.379 -0.069 0.000 -0.108 0.992
25.060 -446.658 -72.599 -0.067 0.000 -0.107 0.992
25.408 -445.068 -72.814 -0.065 0.000 -0.106 0.992
25.751 -443.491 -73.024 -0.066 0.000 -0.107 0.992
26.099 -441.919 -73.240 -0.069 0.000 -0.110 0.992
26.458 -440.357 -73.466 -0.073 0.000 -0.115 0.991
26.843 -438.789 -73.713 -0.081 0.001 -0.123 0.989
27.262 -437.212 -73.995 -0.092 0.001 -0.133 0.987
27.717 -435.641 -74.319 -0.105 0.002 -0.142 0.984
28.188 -434.084 -74.683 -0.116 0.004 -0.145 0.983
28.669 -432.506 -75.097 -0.129 0.006 -0.144 0.981
29.137 -430.938 -75.555 -0.143 0.008 -0.139 0.980
29.580 -429.388 -76.060 -0.160 0.012 -0.131 0.978
29.990 -427.858 -76.620 -0.178 0.016 -0.123 0.976
30.366 -426.343 -77.240 -0.196 0.020 -0.114 0.974
