-13.553 -398.456 -114.896 -0.412 0.241 0.680 0.557
-15.147 -398.930 -115.096 -0.413 0.243 0.693 0.539
-16.718 -399.466 -115.257 -0.413 0.244 0.707 0.520
-18.268 -400.063 -115.375 -0.412 0.247 0.720 0.501
-19.805 -400.722 -115.448 -0.411 0.249 0.733 0.482
-21.366 -401.474 -115.485 -0.413 0.246 0.747 0.460
-22.862 -402.289 -115.490 -0.416 0.242 0.759 0.438
-24.299 -403.166 -115.477 -0.420 0.235 0.771 0.417
-25.684 -404.112 -115.449 -0.424 0.227 0.783 0.395
-27.012 -405.123 -115.413 -0.429 0.217 0.793 0.374
-28.292 -406.207 -115.374 -0.433 0.206 0.803 0.353
-29.515 -407.361 -115.326 -0.437 0.196 0.813 0.330
-30.662 -408.564 -115.273 -0.441 0.185 0.822 0.309
-31.736 -409.813 -115.220 -0.445 0.174 0.830 0.288
-32.741 -411.106 -115.167 -0.448 0.162 0.837 0.268
-33.679 -412.447 -115.115 -0.452 0.151 0.844 0.246
-34.545 -413.837 -115.062 -0.455 0.138 0.851 0.224
-35.334 -415.272 -115.012 -0.458 0.125 0.857 0.200
-35.997 -416.684 -114.961 -0.461 0.108 0.865 0.167
-36.545 -418.195 -114.910 -0.465 0.085 0.872 0.126
-36.985 -419.774 -114.850 -0.466 0.075 0.877 0.096
-37.332 -421.380 -114.773 -0.466 0.066 0.880 0.070
-37.590 -422.955 -114.684 -0.466 0.060 0.881 0.050
-37.799 -424.600 -114.586 -0.466 0.049 0.883 0.031
-37.915 -426.200 -114.488 -0.466 0.040 0.884 0.007
-37.980 -427.984 -114.377 -0.465 0.031 0.885 -0.003
-38.003 -429.710 -114.282 -0.465 0.025 0.885 -0.009
-38.007 -431.335 -114.208 -0.465 0.015 0.885 -0.011
-37.988 -432.719 -114.163 -0.465 0.009 0.885 -0.016
-37.951 -434.036 -114.124 -0.465 0.006 0.885 -0.024
-37.882 -435.414 -114.071 -0.465 0.004 0.885 -0.038
-37.769 -436.899 -114.002 -0.464 0.002 0.884 -0.050
-37.633 -438.287 -113.928 -0.464 0.001 0.884 -0.062
-37.487 -439.542 -113.848 -0.464 0.002 0.883 -0.069
-37.296 -441.044 -113.744 -0.463 0.000 0.883 -0.073
-37.069 -442.714 -113.628 -0.463 -0.001 0.883 -0.077
-36.830 -444.389 -113.510 -0.463 -0.003 0.883 -0.080
-36.582 -446.033 -113.392 -0.463 -0.003 0.882 -0.084
-36.327 -447.653 -113.269 -0.463 -0.002 0.882 -0.089
-36.101 -449.064 -113.167 -0.462 -0.009 0.883 -0.084
-35.883 -450.433 -113.097 -0.462 -0.018 0.883 -0.080
-35.653 -451.859 -113.047 -0.461 -0.025 0.883 -0.078
-35.430 -453.210 -113.015 -0.461 -0.029 0.884 -0.077
-35.205 -454.595 -112.995 -0.461 -0.032 0.884 -0.072
-34.993 -455.937 -112.987 -0.461 -0.035 0.884 -0.070
-34.791 -457.206 -112.987 -0.460 -0.038 0.884 -0.069
-34.562 -458.654 -112.993 -0.460 -0.038 0.884 -0.068
-34.348 -460.051 -113.000 -0.460 -0.037 0.885 -0.064
-34.164 -461.315 -113.010 -0.460 -0.037 0.885 -0.061
-34.011 -462.403 -113.020 -0.460 -0.036 0.885 -0.059
-33.866 -463.462 -113.029 -0.460 -0.035 0.885 -0.057
-33.686 -464.832 -113.040 -0.461 -0.032 0.885 -0.055
-33.564 -465.827 -113.048 -0.461 -0.031 0.886 -0.048
-33.472 -466.709 -113.060 -0.461 -0.029 0.886 -0.039
-33.394 -467.600 -113.074 -0.461 -0.026 0.887 -0.030
-33.354 -468.162 -113.086 -0.461 -0.025 0.887 -0.024
-33.336 -468.443 -113.092 -0.461 -0.025 0.887 -0.021
-33.322 -468.689 -113.099 -0.461 -0.025 0.887 -0.017
-33.320 -468.732 -113.100 -0.461 -0.025 0.887 -0.017
-33.318 -468.774 -113.101 -0.461 -0.025 0.887 -0.016
-33.316 -468.815 -113.103 -0.461 -0.025 0.887 -0.016
-33.314 -468.857 -113.104 -0.461 -0.025 0.887 -0.015
-33.311 -468.899 -113.105 -0.461 -0.025 0.887 -0.014
-33.309 -468.942 -113.107 -0.461 -0.025 0.887 -0.014
-33.307 -468.984 -113.108 -0.461 -0.025 0.887 -0.013
-33.306 -469.027 -113.110 -0.461 -0.025 0.887 -0.012
-33.304 -469.068 -113.111 -0.461 -0.025 0.887 -0.012
-33.302 -469.110 -113.113 -0.461 -0.025 0.887 -0.011
-33.300 -469.151 -113.114 -0.461 -0.025 0.887 -0.011
-33.298 -469.193 -113.116 -0.461 -0.025 0.887 -0.010
-33.290 -469.403 -113.123 -0.461 -0.025 0.887 -0.009
-33.288 -469.447 -113.125 -0.461 -0.025 0.887 -0.008
-33.287 -469.491 -113.126 -0.461 -0.025 0.887 -0.008
-33.285 -469.536 -113.128 -0.461 -0.025 0.887 -0.007
-33.284 -469.579 -113.129 -0.460 -0.025 0.887 -0.006
-33.282 -469.624 -113.131 -0.460 -0.025 0.887 -0.006
-33.281 -469.668 -113.133 -0.460 -0.025 0.887 -0.005
-33.274 -469.880 -113.142 -0.460 -0.024 0.887 -0.004
-33.273 -469.927 -113.144 -0.460 -0.024 0.887 -0.003
-33.270 -470.030 -113.148 -0.460 -0.024 0.887 -0.002
-33.261 -470.421 -113.165 -0.460 -0.024 0.887 0.001
-33.255 -470.824 -113.183 -0.460 -0.025 0.887 0.005
-33.250 -471.245 -113.205 -0.460 -0.025 0.887 0.009
-33.249 -471.653 -113.228 -0.460 -0.025 0.887 0.013
-33.250 -471.968 -113.246 -0.460 -0.025 0.887 0.016
-33.251 -472.101 -113.254 -0.460 -0.025 0.887 0.017
-33.252 -472.199 -113.260 -0.460 -0.025 0.887 0.018
-33.253 -472.303 -113.267 -0.460 -0.026 0.887 0.019
-33.254 -472.412 -113.274 -0.460 -0.026 0.887 0.019
-33.255 -472.527 -113.281 -0.460 -0.026 0.887 0.020
-33.256 -472.648 -113.289 -0.460 -0.026 0.887 0.021
-33.258 -472.776 -113.297 -0.460 -0.025 0.887 0.022
-33.260 -472.912 -113.306 -0.460 -0.025 0.887 0.023
-33.263 -473.056 -113.315 -0.460 -0.025 0.887 0.024
-33.276 -473.690 -113.358 -0.460 -0.024 0.887 0.026
-33.303 -474.679 -113.424 -0.460 -0.022 0.887 0.028
-33.354 -476.047 -113.507 -0.459 -0.016 0.888 0.033
-33.440 -477.672 -113.603 -0.459 -0.012 0.887 0.042
