12.058 -399.469 -106.141 -0.400 0.177 0.418 0.796
10.725 -398.957 -106.923 -0.402 0.182 0.435 0.785
9.362 -398.496 -107.680 -0.404 0.186 0.450 0.775
7.979 -398.085 -108.411 -0.406 0.189 0.464 0.764
6.571 -397.721 -109.123 -0.409 0.192 0.477 0.754
5.137 -397.404 -109.819 -0.412 0.194 0.490 0.743
3.674 -397.136 -110.503 -0.416 0.196 0.503 0.732
2.255 -396.933 -111.141 -0.421 0.197 0.518 0.718
0.827 -396.793 -111.756 -0.426 0.199 0.533 0.704
-0.610 -396.717 -112.350 -0.431 0.200 0.547 0.689
-2.055 -396.704 -112.924 -0.436 0.200 0.562 0.674
-3.511 -396.757 -113.481 -0.442 0.200 0.576 0.658
