25.827 -443.252 -73.944 -0.131 0.005 -0.120 0.984
26.175 -441.867 -74.338 -0.138 0.006 -0.120 0.983
26.510 -440.537 -74.738 -0.145 0.007 -0.120 0.982
26.838 -439.223 -75.157 -0.153 0.008 -0.119 0.981
27.174 -437.874 -75.613 -0.162 0.009 -0.118 0.980
27.519 -436.497 -76.109 -0.172 0.010 -0.120 0.978
27.875 -435.110 -76.641 -0.182 0.011 -0.122 0.976
28.254 -433.653 -77.237 -0.192 0.012 -0.122 0.974
28.632 -432.183 -77.877 -0.204 0.014 -0.119 0.972
28.984 -430.771 -78.534 -0.215 0.016 -0.117 0.970
29.325 -429.427 -79.185 -0.219 0.016 -0.120 0.968
29.701 -427.984 -79.894 -0.220 0.015 -0.122 0.968
30.099 -426.482 -80.629 -0.219 0.015 -0.123 0.968
