4.861 -397.442 -109.829 -0.405 0.201 0.499 0.739
3.398 -397.187 -110.467 -0.410 0.202 0.511 0.728
1.979 -396.993 -111.065 -0.414 0.203 0.525 0.715
0.561 -396.861 -111.639 -0.419 0.204 0.539 0.701
-0.857 -396.789 -112.186 -0.423 0.206 0.554 0.687
-2.336 -396.781 -112.733 -0.428 0.206 0.570 0.670
-3.855 -396.843 -113.269 -0.434 0.206 0.585 0.654
-5.411 -396.979 -113.795 -0.439 0.205 0.599 0.637
-6.984 -397.191 -114.308 -0.445 0.204 0.613 0.620
-8.574 -397.480 -114.809 -0.451 0.202 0.627 0.602
-10.166 -397.847 -115.295 -0.457 0.199 0.640 0.584
