25.391 -410.247 -93.498 -0.361 0.098 0.178 0.910
24.713 -409.160 -94.502 -0.361 0.106 0.200 0.905
23.976 -408.114 -95.479 -0.363 0.113 0.219 0.899
23.185 -407.106 -96.439 -0.366 0.118 0.238 0.892
22.342 -406.138 -97.388 -0.370 0.124 0.256 0.884
21.449 -405.208 -98.329 -0.375 0.128 0.273 0.877
20.509 -404.320 -99.264 -0.380 0.133 0.289 0.868
19.519 -403.474 -100.193 -0.385 0.137 0.307 0.859
18.480 -402.672 -101.116 -0.390 0.142 0.325 0.850
17.386 -401.915 -102.029 -0.394 0.147 0.343 0.840
16.238 -401.203 -102.929 -0.397 0.153 0.362 0.830
15.039 -400.539 -103.809 -0.399 0.159 0.381 0.819
13.792 -399.927 -104.664 -0.401 0.165 0.399 0.808
12.505 -399.368 -105.487 -0.402 0.171 0.417 0.797
11.192 -398.865 -106.279 -0.405 0.176 0.433 0.786
9.860 -398.415 -107.042 -0.407 0.179 0.448 0.775
8.515 -398.016 -107.780 -0.411 0.182 0.461 0.765
7.139 -397.661 -108.507 -0.414 0.184 0.474 0.755
5.733 -397.349 -109.224 -0.417 0.186 0.486 0.745
4.296 -397.082 -109.931 -0.421 0.189 0.498 0.734
2.863 -396.868 -110.609 -0.424 0.191 0.512 0.722
1.487 -396.721 -111.234 -0.429 0.192 0.526 0.708
0.070 -396.633 -111.848 -0.433 0.195 0.542 0.693
-1.424 -396.609 -112.462 -0.437 0.197 0.559 0.677
-2.952 -396.654 -113.057 -0.441 0.199 0.574 0.660
-4.515 -396.771 -113.634 -0.445 0.200 0.589 0.644
-6.107 -396.958 -114.194 -0.449 0.201 0.603 0.628
-7.720 -397.219 -114.733 -0.454 0.202 0.616 0.611
