28.880 -423.621 -82.822 -0.273 0.040 -0.015 0.961
28.867 -422.225 -83.702 -0.281 0.045 0.000 0.959
28.796 -420.873 -84.583 -0.290 0.050 0.017 0.956
28.663 -419.526 -85.495 -0.298 0.055 0.036 0.952
28.461 -418.200 -86.420 -0.304 0.061 0.057 0.949
28.192 -416.901 -87.349 -0.310 0.067 0.077 0.945
27.848 -415.609 -88.294 -0.315 0.073 0.098 0.941
27.431 -414.332 -89.246 -0.319 0.080 0.120 0.937
26.940 -413.080 -90.199 -0.323 0.086 0.141 0.932
26.377 -411.857 -91.152 -0.328 0.092 0.163 0.926
25.745 -410.668 -92.098 -0.331 0.099 0.184 0.920
25.039 -409.507 -93.042 -0.335 0.105 0.207 0.913
24.253 -408.374 -93.986 -0.339 0.112 0.229 0.906
23.411 -407.300 -94.904 -0.341 0.119 0.251 0.898
22.506 -406.274 -95.803 -0.345 0.125 0.273 0.890
21.544 -405.296 -96.685 -0.348 0.130 0.293 0.881
20.522 -404.357 -97.560 -0.351 0.135 0.312 0.873
19.445 -403.460 -98.414 -0.351 0.142 0.332 0.864
18.304 -402.600 -99.249 -0.352 0.148 0.351 0.855
17.113 -401.789 -100.055 -0.351 0.155 0.372 0.845
15.875 -401.028 -100.822 -0.349 0.163 0.392 0.835
14.607 -400.330 -101.539 -0.348 0.170 0.413 0.824
13.316 -399.695 -102.205 -0.346 0.178 0.434 0.813
11.994 -399.115 -102.827 -0.343 0.185 0.453 0.802
10.639 -398.586 -103.407 -0.340 0.192 0.471 0.791
9.227 -398.094 -103.956 -0.338 0.198 0.489 0.780
7.763 -397.643 -104.477 -0.336 0.204 0.505 0.768
6.260 -397.241 -104.973 -0.339 0.204 0.520 0.757
4.738 -396.905 -105.454 -0.344 0.205 0.538 0.742
3.193 -396.641 -105.919 -0.349 0.205 0.555 0.726
1.635 -396.453 -106.367 -0.355 0.205 0.573 0.710
0.072 -396.341 -106.797 -0.360 0.204 0.589 0.694
-1.489 -396.301 -107.211 -0.366 0.203 0.604 0.678
-3.055 -396.332 -107.607 -0.370 0.203 0.620 0.662
-4.620 -396.434 -107.981 -0.373 0.203 0.635 0.646
-6.185 -396.604 -108.327 -0.375 0.204 0.650 0.629
-7.760 -396.841 -108.643 -0.375 0.207 0.665 0.612
-9.333 -397.140 -108.923 -0.375 0.210 0.679 0.595
-10.904 -397.504 -109.168 -0.375 0.213 0.693 0.578
-12.457 -397.924 -109.376 -0.375 0.216 0.705 0.562
-13.998 -398.399 -109.545 -0.374 0.219 0.718 0.545
-15.525 -398.929 -109.675 -0.372 0.223 0.730 0.528
-17.036 -399.511 -109.766 -0.371 0.226 0.742 0.511
-18.527 -400.146 -109.816 -0.369 0.229 0.753 0.494
-20.000 -400.838 -109.828 -0.368 0.231 0.765 0.475
-21.441 -401.582 -109.803 -0.367 0.233 0.777 0.457
-22.855 -402.380 -109.740 -0.365 0.235 0.788 0.438
-24.242 -403.232 -109.637 -0.363 0.237 0.798 0.419
-25.610 -404.142 -109.496 -0.361 0.238 0.808 0.401
-26.961 -405.105 -109.320 -0.359 0.241 0.815 0.385
-28.292 -406.101 -109.114 -0.358 0.242 0.820 0.376
-29.626 -407.128 -108.894 -0.357 0.241 0.824 0.367
-30.939 -408.191 -108.652 -0.356 0.242 0.830 0.355
-32.216 -409.267 -108.389 -0.354 0.245 0.833 0.347
-33.466 -410.332 -108.107 -0.351 0.251 0.835 0.343
-34.711 -411.402 -107.794 -0.347 0.256 0.837 0.336
-35.933 -412.490 -107.455 -0.346 0.256 0.843 0.323
-37.115 -413.615 -107.107 -0.347 0.248 0.850 0.307
-38.231 -414.771 -106.770 -0.350 0.235 0.859 0.290
-39.306 -416.003 -106.453 -0.356 0.215 0.867 0.275
-40.349 -417.326 -106.182 -0.364 0.190 0.874 0.260
-41.314 -418.690 -105.970 -0.370 0.166 0.881 0.245
-42.206 -420.082 -105.814 -0.376 0.143 0.885 0.233
-43.032 -421.494 -105.714 -0.382 0.121 0.889 0.223
-43.804 -422.928 -105.668 -0.387 0.099 0.891 0.215
-44.530 -424.386 -105.686 -0.393 0.074 0.892 0.209
