28.826 -425.963 -81.378 -0.255 0.033 -0.038 0.966
28.905 -424.565 -82.198 -0.265 0.035 -0.030 0.963
28.947 -423.144 -83.062 -0.273 0.039 -0.017 0.961
28.939 -421.745 -83.942 -0.281 0.044 -0.001 0.959
28.874 -420.387 -84.827 -0.289 0.049 0.016 0.956
28.742 -419.033 -85.734 -0.295 0.055 0.037 0.953
28.539 -417.700 -86.648 -0.300 0.061 0.057 0.950
28.267 -416.388 -87.568 -0.305 0.067 0.078 0.947
27.921 -415.083 -88.498 -0.308 0.073 0.099 0.943
27.501 -413.793 -89.430 -0.311 0.079 0.121 0.939
27.006 -412.524 -90.364 -0.316 0.086 0.143 0.934
26.442 -411.288 -91.292 -0.319 0.092 0.164 0.929
25.810 -410.084 -92.214 -0.323 0.098 0.185 0.923
25.113 -408.916 -93.127 -0.326 0.104 0.206 0.917
24.355 -407.788 -94.029 -0.329 0.109 0.226 0.910
23.541 -406.702 -94.916 -0.332 0.115 0.245 0.904
22.675 -405.655 -95.789 -0.335 0.120 0.264 0.897
21.736 -404.626 -96.664 -0.336 0.126 0.282 0.890
20.745 -403.638 -97.517 -0.336 0.132 0.302 0.882
19.693 -402.687 -98.349 -0.336 0.139 0.322 0.874
18.583 -401.776 -99.155 -0.336 0.145 0.343 0.865
17.415 -400.909 -99.932 -0.334 0.152 0.364 0.856
16.192 -400.088 -100.675 -0.332 0.160 0.385 0.846
14.943 -399.333 -101.367 -0.330 0.167 0.406 0.836
13.667 -398.640 -102.009 -0.328 0.174 0.426 0.825
12.349 -397.995 -102.611 -0.325 0.181 0.446 0.814
10.978 -397.395 -103.185 -0.324 0.186 0.464 0.803
9.571 -396.846 -103.730 -0.326 0.189 0.480 0.792
8.129 -396.343 -104.272 -0.332 0.189 0.493 0.782
6.650 -395.890 -104.813 -0.337 0.189 0.508 0.770
5.142 -395.505 -105.346 -0.343 0.189 0.525 0.756
3.610 -395.191 -105.866 -0.349 0.189 0.543 0.741
2.062 -394.952 -106.369 -0.354 0.190 0.560 0.725
0.518 -394.789 -106.849 -0.359 0.190 0.576 0.709
-1.033 -394.699 -107.312 -0.364 0.190 0.593 0.693
-2.583 -394.681 -107.751 -0.367 0.190 0.608 0.677
-4.144 -394.733 -108.168 -0.371 0.191 0.624 0.661
-5.710 -394.856 -108.564 -0.374 0.191 0.639 0.644
-7.276 -395.048 -108.936 -0.377 0.192 0.654 0.627
-8.836 -395.308 -109.284 -0.380 0.192 0.668 0.610
-10.390 -395.634 -109.606 -0.382 0.193 0.682 0.593
-11.936 -396.027 -109.898 -0.383 0.195 0.695 0.576
-13.469 -396.482 -110.155 -0.383 0.198 0.709 0.558
-14.986 -396.997 -110.372 -0.383 0.201 0.722 0.540
-16.485 -397.570 -110.548 -0.382 0.205 0.735 0.521
-17.966 -398.200 -110.680 -0.380 0.209 0.748 0.503
-19.438 -398.892 -110.775 -0.380 0.211 0.759 0.484
-20.880 -399.639 -110.836 -0.380 0.212 0.771 0.466
-22.283 -400.437 -110.864 -0.380 0.212 0.782 0.447
-23.649 -401.287 -110.862 -0.380 0.212 0.792 0.428
-24.995 -402.198 -110.828 -0.380 0.212 0.802 0.409
-26.314 -403.159 -110.766 -0.379 0.212 0.810 0.394
-27.643 -404.197 -110.676 -0.379 0.211 0.818 0.377
-28.941 -405.275 -110.565 -0.379 0.210 0.824 0.364
-30.224 -406.385 -110.445 -0.380 0.207 0.827 0.358
-31.478 -407.506 -110.319 -0.380 0.207 0.832 0.348
-32.697 -408.635 -110.173 -0.378 0.210 0.836 0.339
-33.889 -409.779 -110.003 -0.376 0.212 0.840 0.328
-35.061 -410.951 -109.806 -0.375 0.214 0.845 0.315
-36.218 -412.178 -109.581 -0.374 0.212 0.852 0.298
-37.333 -413.464 -109.331 -0.374 0.207 0.861 0.276
-38.368 -414.783 -109.073 -0.376 0.198 0.869 0.254
-39.306 -416.100 -108.831 -0.379 0.183 0.874 0.241
-40.182 -417.429 -108.634 -0.385 0.162 0.879 0.231
-41.002 -418.791 -108.497 -0.392 0.134 0.883 0.221
-41.753 -420.188 -108.435 -0.400 0.102 0.887 0.209
-42.426 -421.615 -108.458 -0.408 0.066 0.889 0.195
-43.015 -423.080 -108.566 -0.415 0.031 0.891 0.178
-43.495 -424.522 -108.741 -0.422 0.000 0.893 0.159
-43.889 -426.024 -108.975 -0.427 -0.025 0.894 0.135
-44.189 -427.541 -109.239 -0.430 -0.044 0.894 0.113
-44.408 -429.092 -109.533 -0.434 -0.062 0.894 0.093
-44.551 -430.683 -109.850 -0.436 -0.075 0.894 0.073
-44.618 -432.305 -110.177 -0.438 -0.084 0.893 0.052
-44.616 -433.934 -110.492 -0.440 -0.086 0.893 0.032
-44.549 -435.575 -110.778 -0.442 -0.085 0.893 0.009
-44.414 -437.260 -111.024 -0.444 -0.080 0.892 -0.015
-44.192 -439.102 -111.234 -0.446 -0.075 0.891 -0.041
-43.878 -441.022 -111.400 -0.447 -0.074 0.889 -0.064
-43.520 -442.802 -111.519 -0.448 -0.074 0.888 -0.079
