28.557 -429.176 -79.594 -0.235 0.025 -0.069 0.969
28.751 -427.762 -80.345 -0.242 0.026 -0.067 0.968
28.940 -426.322 -81.133 -0.248 0.027 -0.064 0.966
29.118 -424.906 -81.935 -0.255 0.028 -0.061 0.965
29.278 -423.447 -82.785 -0.262 0.031 -0.052 0.963
29.397 -422.007 -83.651 -0.269 0.035 -0.040 0.962
29.471 -420.591 -84.527 -0.275 0.039 -0.026 0.960
29.481 -419.199 -85.407 -0.279 0.045 -0.005 0.959
29.418 -417.810 -86.293 -0.282 0.051 0.017 0.958
29.280 -416.429 -87.180 -0.283 0.058 0.039 0.957
29.066 -415.067 -88.048 -0.281 0.064 0.062 0.956
28.775 -413.707 -88.902 -0.278 0.071 0.085 0.954
28.397 -412.315 -89.761 -0.274 0.078 0.107 0.952
27.949 -410.948 -90.591 -0.271 0.085 0.130 0.950
27.432 -409.612 -91.390 -0.268 0.091 0.152 0.947
26.849 -408.300 -92.165 -0.267 0.097 0.173 0.943
26.196 -407.004 -92.925 -0.265 0.103 0.194 0.939
25.478 -405.738 -93.660 -0.263 0.109 0.216 0.934
24.691 -404.495 -94.375 -0.261 0.115 0.238 0.929
23.838 -403.282 -95.067 -0.260 0.120 0.259 0.923
22.921 -402.102 -95.739 -0.259 0.126 0.280 0.916
21.947 -400.962 -96.388 -0.259 0.130 0.300 0.909
20.926 -399.870 -97.021 -0.262 0.134 0.319 0.901
19.854 -398.820 -97.643 -0.264 0.137 0.337 0.893
18.732 -397.812 -98.252 -0.266 0.140 0.355 0.885
17.554 -396.845 -98.852 -0.268 0.144 0.375 0.876
16.325 -395.929 -99.439 -0.271 0.147 0.394 0.866
15.047 -395.066 -100.012 -0.273 0.150 0.414 0.855
13.734 -394.262 -100.564 -0.275 0.153 0.432 0.845
12.400 -393.511 -101.093 -0.275 0.156 0.445 0.838
11.036 -392.804 -101.598 -0.273 0.161 0.462 0.828
9.633 -392.138 -102.085 -0.274 0.164 0.477 0.819
8.181 -391.518 -102.555 -0.274 0.167 0.495 0.807
6.705 -390.958 -102.997 -0.275 0.170 0.513 0.795
5.204 -390.467 -103.415 -0.277 0.173 0.532 0.781
3.673 -390.039 -103.806 -0.276 0.177 0.550 0.768
2.106 -389.671 -104.168 -0.275 0.181 0.568 0.754
0.514 -389.364 -104.491 -0.271 0.187 0.585 0.741
-1.088 -389.114 -104.766 -0.265 0.194 0.602 0.728
-2.696 -388.921 -104.989 -0.259 0.202 0.618 0.714
-4.315 -388.787 -105.163 -0.256 0.206 0.635 0.699
-5.948 -388.719 -105.305 -0.256 0.208 0.651 0.684
-7.590 -388.720 -105.421 -0.256 0.209 0.667 0.668
-9.229 -388.789 -105.512 -0.256 0.209 0.683 0.652
-10.855 -388.927 -105.577 -0.256 0.210 0.698 0.635
-12.478 -389.133 -105.616 -0.256 0.211 0.713 0.618
-14.080 -389.407 -105.628 -0.255 0.211 0.728 0.601
-15.681 -389.752 -105.612 -0.254 0.212 0.742 0.583
-17.242 -390.157 -105.567 -0.253 0.214 0.756 0.565
-18.697 -390.599 -105.495 -0.251 0.215 0.769 0.547
-20.180 -391.117 -105.391 -0.250 0.216 0.782 0.528
-21.690 -391.718 -105.254 -0.248 0.218 0.795 0.509
-23.168 -392.381 -105.085 -0.246 0.218 0.808 0.489
-24.612 -393.105 -104.889 -0.244 0.219 0.820 0.470
-26.014 -393.882 -104.665 -0.241 0.220 0.831 0.451
-27.367 -394.705 -104.415 -0.239 0.220 0.841 0.432
