-42.926 -422.859 -112.915 -0.422 0.186 0.869 0.177
-43.582 -424.127 -112.653 -0.421 0.184 0.873 0.162
-44.198 -425.415 -112.375 -0.420 0.182 0.877 0.146
-44.769 -426.721 -112.083 -0.419 0.177 0.881 0.129
-45.285 -428.038 -111.782 -0.418 0.172 0.885 0.110
-45.741 -429.358 -111.475 -0.417 0.166 0.889 0.091
-46.139 -430.681 -111.161 -0.416 0.159 0.893 0.072
-46.479 -432.017 -110.841 -0.414 0.151 0.896 0.053
-46.762 -433.378 -110.514 -0.413 0.143 0.899 0.033
-46.986 -434.780 -110.176 -0.411 0.134 0.902 0.011
-47.146 -436.239 -109.822 -0.409 0.125 0.904 -0.012
-47.229 -437.751 -109.452 -0.406 0.116 0.906 -0.036
-47.229 -439.302 -109.070 -0.403 0.105 0.907 -0.062
-47.136 -440.893 -108.675 -0.400 0.094 0.908 -0.087
-46.954 -442.468 -108.287 -0.396 0.082 0.908 -0.112
-46.690 -444.015 -107.895 -0.392 0.077 0.906 -0.136
-46.340 -445.582 -107.476 -0.389 0.074 0.904 -0.160
-45.921 -447.125 -107.035 -0.386 0.073 0.901 -0.182
-45.440 -448.635 -106.573 -0.383 0.073 0.898 -0.204
-44.898 -450.118 -106.085 -0.380 0.073 0.895 -0.224
-44.303 -451.551 -105.593 -0.375 0.067 0.892 -0.244
-43.658 -452.939 -105.106 -0.372 0.063 0.889 -0.261
-42.972 -454.284 -104.621 -0.368 0.057 0.886 -0.277
-42.260 -455.550 -104.168 -0.362 0.045 0.884 -0.294
-41.484 -456.800 -103.726 -0.356 0.036 0.880 -0.311
-40.658 -458.014 -103.293 -0.352 0.028 0.876 -0.328
-39.768 -459.224 -102.854 -0.348 0.024 0.872 -0.344
-38.809 -460.426 -102.404 -0.343 0.018 0.867 -0.361
-37.785 -461.602 -101.956 -0.337 0.010 0.862 -0.379
-36.698 -462.743 -101.517 -0.330 0.001 0.856 -0.398
-35.576 -463.820 -101.099 -0.324 -0.008 0.850 -0.415
-34.442 -464.821 -100.708 -0.318 -0.015 0.844 -0.432
-33.259 -465.781 -100.317 -0.314 -0.020 0.836 -0.450
-32.042 -466.687 -99.932 -0.307 -0.028 0.829 -0.467
-30.798 -467.532 -99.573 -0.298 -0.040 0.822 -0.483
