26.433 -440.608 -74.758 -0.149 0.008 -0.116 0.982
26.749 -439.306 -75.183 -0.157 0.009 -0.115 0.981
27.069 -437.976 -75.643 -0.166 0.010 -0.114 0.979
27.397 -436.618 -76.142 -0.175 0.011 -0.116 0.978
27.741 -435.235 -76.682 -0.185 0.011 -0.119 0.976
28.107 -433.790 -77.281 -0.195 0.012 -0.119 0.973
28.476 -432.326 -77.927 -0.206 0.014 -0.117 0.971
28.817 -430.940 -78.579 -0.217 0.016 -0.116 0.969
29.149 -429.614 -79.230 -0.223 0.016 -0.118 0.968
29.525 -428.136 -79.971 -0.225 0.016 -0.117 0.967
29.898 -426.644 -80.725 -0.225 0.016 -0.117 0.967
