24.152 -450.645 -72.188 -0.083 0.001 -0.104 0.991
24.506 -449.019 -72.477 -0.089 0.001 -0.108 0.990
24.864 -447.422 -72.773 -0.091 0.001 -0.110 0.990
25.216 -445.871 -73.065 -0.091 0.001 -0.110 0.990
25.565 -444.333 -73.354 -0.092 0.002 -0.111 0.990
25.913 -442.828 -73.650 -0.098 0.002 -0.114 0.989
26.272 -441.337 -73.966 -0.106 0.002 -0.119 0.987
26.629 -439.918 -74.292 -0.114 0.003 -0.122 0.986
26.989 -438.515 -74.643 -0.123 0.004 -0.124 0.985
27.371 -437.064 -75.037 -0.134 0.005 -0.128 0.983
27.762 -435.620 -75.462 -0.143 0.006 -0.129 0.981
28.166 -434.144 -75.931 -0.154 0.007 -0.130 0.979
28.582 -432.644 -76.447 -0.166 0.008 -0.131 0.977
28.995 -431.139 -77.008 -0.178 0.011 -0.127 0.976
29.389 -429.647 -77.612 -0.193 0.014 -0.121 0.974
29.761 -428.149 -78.273 -0.208 0.017 -0.113 0.971
30.099 -426.655 -78.990 -0.222 0.021 -0.103 0.969
30.426 -425.135 -79.742 -0.222 0.021 -0.101 0.969
30.748 -423.587 -80.508 -0.223 0.022 -0.098 0.970
