22.598 -406.524 -97.334 -0.383 0.118 0.245 0.883
21.738 -405.609 -98.315 -0.387 0.124 0.263 0.875
20.826 -404.734 -99.287 -0.392 0.129 0.281 0.867
19.860 -403.901 -100.250 -0.396 0.135 0.299 0.858
18.841 -403.110 -101.204 -0.400 0.141 0.317 0.848
17.766 -402.364 -102.145 -0.403 0.147 0.336 0.838
16.636 -401.662 -103.070 -0.406 0.153 0.355 0.828
15.452 -401.005 -103.978 -0.408 0.159 0.373 0.818
14.219 -400.397 -104.862 -0.410 0.165 0.392 0.807
12.944 -399.840 -105.717 -0.412 0.171 0.410 0.796
11.632 -399.338 -106.539 -0.413 0.177 0.428 0.784
10.290 -398.889 -107.331 -0.415 0.182 0.444 0.773
8.928 -398.493 -108.094 -0.418 0.186 0.458 0.762
7.547 -398.149 -108.832 -0.421 0.189 0.472 0.751
6.143 -397.856 -109.552 -0.425 0.191 0.485 0.740
4.714 -397.611 -110.257 -0.429 0.193 0.499 0.728
3.307 -397.427 -110.923 -0.432 0.196 0.513 0.715
1.882 -397.304 -111.565 -0.437 0.198 0.529 0.700
0.447 -397.244 -112.183 -0.441 0.200 0.544 0.685
-0.992 -397.247 -112.774 -0.446 0.201 0.559 0.670
-2.433 -397.315 -113.342 -0.451 0.201 0.573 0.654
