28.862 -425.120 -81.888 -0.264 0.036 -0.031 0.963
28.907 -423.695 -82.752 -0.272 0.039 -0.018 0.961
28.903 -422.294 -83.632 -0.280 0.044 -0.003 0.959
28.840 -420.932 -84.518 -0.290 0.049 0.015 0.956
28.710 -419.572 -85.436 -0.297 0.055 0.035 0.953
28.510 -418.233 -86.367 -0.304 0.061 0.056 0.949
28.238 -416.917 -87.305 -0.310 0.067 0.077 0.945
27.891 -415.614 -88.256 -0.314 0.073 0.099 0.941
27.471 -414.331 -89.211 -0.319 0.080 0.120 0.937
26.979 -413.076 -90.166 -0.323 0.086 0.141 0.932
26.417 -411.855 -91.119 -0.328 0.092 0.163 0.926
25.790 -410.669 -92.064 -0.332 0.098 0.183 0.920
25.093 -409.515 -93.003 -0.335 0.105 0.205 0.914
24.319 -408.387 -93.944 -0.339 0.111 0.227 0.906
23.489 -407.316 -94.858 -0.341 0.118 0.249 0.899
22.600 -406.294 -95.750 -0.344 0.124 0.270 0.891
21.657 -405.320 -96.622 -0.347 0.130 0.290 0.883
20.655 -404.383 -97.482 -0.348 0.136 0.309 0.875
19.595 -403.484 -98.317 -0.346 0.143 0.330 0.867
18.475 -402.621 -99.123 -0.345 0.150 0.350 0.858
17.300 -401.800 -99.899 -0.343 0.158 0.370 0.849
16.082 -401.031 -100.634 -0.341 0.165 0.391 0.839
14.837 -400.322 -101.319 -0.339 0.172 0.411 0.828
13.563 -399.669 -101.960 -0.337 0.179 0.431 0.818
12.268 -399.074 -102.554 -0.335 0.186 0.450 0.807
10.925 -398.521 -103.118 -0.334 0.191 0.468 0.796
9.515 -398.007 -103.664 -0.334 0.196 0.486 0.783
8.065 -397.547 -104.192 -0.338 0.196 0.502 0.772
6.555 -397.140 -104.726 -0.345 0.196 0.518 0.758
5.014 -396.805 -105.251 -0.351 0.196 0.536 0.742
3.455 -396.549 -105.760 -0.357 0.195 0.554 0.726
1.883 -396.371 -106.255 -0.364 0.195 0.571 0.710
0.308 -396.273 -106.732 -0.369 0.194 0.587 0.694
-1.262 -396.249 -107.189 -0.375 0.193 0.603 0.677
-2.832 -396.297 -107.626 -0.379 0.194 0.618 0.661
-4.398 -396.415 -108.040 -0.382 0.194 0.633 0.644
-5.957 -396.601 -108.423 -0.384 0.196 0.648 0.627
-7.507 -396.854 -108.773 -0.386 0.198 0.663 0.610
-9.047 -397.174 -109.093 -0.388 0.199 0.678 0.592
-10.598 -397.563 -109.381 -0.388 0.202 0.692 0.574
-12.139 -398.015 -109.631 -0.388 0.205 0.706 0.556
-13.669 -398.527 -109.841 -0.387 0.209 0.718 0.539
-15.173 -399.087 -110.010 -0.386 0.213 0.730 0.523
-16.659 -399.694 -110.139 -0.384 0.217 0.741 0.507
-18.125 -400.347 -110.229 -0.382 0.221 0.751 0.491
-19.569 -401.046 -110.280 -0.380 0.224 0.762 0.475
-20.987 -401.788 -110.292 -0.379 0.227 0.772 0.457
-22.386 -402.587 -110.270 -0.379 0.227 0.783 0.439
-23.748 -403.433 -110.218 -0.378 0.227 0.793 0.421
-25.069 -404.322 -110.136 -0.378 0.226 0.802 0.404
-26.353 -405.245 -110.034 -0.378 0.226 0.808 0.391
-27.634 -406.206 -109.921 -0.379 0.223 0.811 0.386
-28.900 -407.179 -109.809 -0.380 0.221 0.815 0.379
-30.169 -408.197 -109.684 -0.379 0.220 0.820 0.367
-31.412 -409.250 -109.537 -0.378 0.221 0.827 0.353
-32.604 -410.313 -109.365 -0.376 0.224 0.833 0.339
-33.758 -411.397 -109.156 -0.373 0.229 0.839 0.323
-34.901 -412.512 -108.905 -0.369 0.235 0.843 0.313
-36.040 -413.660 -108.621 -0.367 0.237 0.847 0.302
-37.166 -414.860 -108.312 -0.367 0.233 0.854 0.285
-38.251 -416.119 -107.986 -0.367 0.226 0.863 0.265
-39.271 -417.427 -107.649 -0.367 0.219 0.871 0.243
-40.210 -418.761 -107.301 -0.366 0.214 0.878 0.220
-41.066 -420.106 -106.935 -0.364 0.211 0.885 0.198
-41.868 -421.497 -106.567 -0.366 0.197 0.891 0.182
-42.606 -422.914 -106.223 -0.368 0.182 0.896 0.168
-43.286 -424.355 -105.905 -0.370 0.169 0.901 0.155
-43.914 -425.816 -105.612 -0.372 0.154 0.904 0.143
-44.491 -427.296 -105.354 -0.374 0.137 0.907 0.134
-45.019 -428.799 -105.147 -0.378 0.112 0.911 0.124
-45.486 -430.327 -105.004 -0.381 0.086 0.914 0.114
-45.889 -431.867 -104.922 -0.384 0.061 0.916 0.101
-46.222 -433.416 -104.895 -0.386 0.037 0.918 0.087
-46.481 -434.973 -104.917 -0.388 0.015 0.919 0.070
-46.660 -436.539 -104.980 -0.390 -0.006 0.919 0.051
-46.755 -438.116 -105.077 -0.391 -0.026 0.920 0.029
-46.760 -439.710 -105.201 -0.392 -0.043 0.919 0.004
-46.668 -441.333 -105.343 -0.393 -0.058 0.917 -0.021
-46.478 -442.983 -105.498 -0.393 -0.072 0.915 -0.046
-46.195 -444.650 -105.663 -0.393 -0.084 0.913 -0.068
-45.831 -446.321 -105.838 -0.393 -0.094 0.911 -0.085
-45.416 -447.943 -106.024 -0.392 -0.106 0.908 -0.098
-44.952 -449.543 -106.226 -0.392 -0.116 0.906 -0.111
-44.447 -451.079 -106.422 -0.392 -0.121 0.903 -0.127
-43.896 -452.597 -106.613 -0.392 -0.125 0.900 -0.142
-43.296 -454.100 -106.795 -0.392 -0.129 0.897 -0.157
-42.655 -455.577 -106.959 -0.393 -0.129 0.894 -0.172
-41.967 -457.049 -107.107 -0.393 -0.131 0.891 -0.185
-41.236 -458.512 -107.247 -0.393 -0.134 0.888 -0.198
-40.448 -459.996 -107.381 -0.393 -0.136 0.885 -0.209
-39.603 -461.521 -107.519 -0.392 -0.141 0.885 -0.210
-38.736 -463.122 -107.692 -0.390 -0.145 0.888 -0.198
-37.884 -464.779 -107.892 -0.390 -0.144 0.890 -0.189
-37.036 -466.453 -108.095 -0.391 -0.141 0.889 -0.191
-36.196 -468.110 -108.259 -0.394 -0.127 0.888 -0.199
-35.244 -469.927 -108.368 -0.397 -0.118 0.885 -0.215
-34.201 -471.820 -108.406 -0.401 -0.104 0.881 -0.230
-33.227 -473.540 -108.375 -0.404 -0.093 0.878 -0.240
