-12.519 -398.175 -114.736 -0.410 0.242 0.670 0.569
-14.160 -398.610 -114.959 -0.410 0.245 0.684 0.552
-15.785 -399.102 -115.136 -0.408 0.249 0.697 0.534
-17.392 -399.651 -115.261 -0.406 0.254 0.710 0.516
-18.991 -400.256 -115.332 -0.402 0.260 0.723 0.498
-20.629 -400.945 -115.350 -0.400 0.263 0.737 0.478
-22.223 -401.694 -115.319 -0.399 0.264 0.750 0.457
-23.754 -402.494 -115.247 -0.400 0.262 0.762 0.436
-25.238 -403.355 -115.142 -0.400 0.260 0.774 0.416
-26.677 -404.277 -115.007 -0.401 0.257 0.786 0.395
-28.069 -405.258 -114.847 -0.402 0.253 0.796 0.375
-29.437 -406.318 -114.649 -0.400 0.252 0.808 0.352
-30.744 -407.431 -114.410 -0.399 0.251 0.819 0.328
-31.983 -408.594 -114.134 -0.398 0.249 0.829 0.304
-33.160 -409.811 -113.819 -0.395 0.248 0.839 0.280
-34.246 -411.039 -113.476 -0.394 0.246 0.847 0.259
-35.254 -412.275 -113.115 -0.392 0.244 0.854 0.238
-36.207 -413.558 -112.715 -0.388 0.244 0.863 0.214
-37.096 -414.884 -112.271 -0.385 0.245 0.870 0.189
-37.924 -416.240 -111.783 -0.381 0.247 0.875 0.168
-38.706 -417.620 -111.256 -0.377 0.251 0.879 0.152
-39.441 -419.002 -110.697 -0.373 0.253 0.882 0.136
-40.116 -420.381 -110.115 -0.370 0.253 0.887 0.116
-40.728 -421.778 -109.514 -0.367 0.247 0.892 0.097
-41.271 -423.190 -108.915 -0.365 0.237 0.897 0.079
-41.744 -424.627 -108.317 -0.363 0.226 0.902 0.058
-42.138 -426.085 -107.722 -0.359 0.217 0.907 0.034
-42.450 -427.559 -107.120 -0.356 0.208 0.911 0.011
-42.700 -429.127 -106.504 -0.354 0.189 0.916 -0.005
-42.867 -430.698 -105.938 -0.352 0.167 0.921 -0.023
-42.954 -432.240 -105.433 -0.350 0.149 0.924 -0.039
-42.975 -433.761 -104.960 -0.348 0.136 0.926 -0.054
-42.939 -435.294 -104.514 -0.346 0.118 0.928 -0.066
-42.849 -436.832 -104.119 -0.344 0.097 0.931 -0.074
-42.718 -438.383 -103.777 -0.343 0.077 0.933 -0.078
-42.549 -439.967 -103.487 -0.342 0.056 0.935 -0.082
-42.335 -441.608 -103.253 -0.340 0.032 0.936 -0.086
-42.078 -443.290 -103.090 -0.338 0.007 0.937 -0.090
-41.770 -444.996 -102.999 -0.335 -0.018 0.937 -0.095
-41.427 -446.878 -102.981 -0.334 -0.032 0.939 -0.078
-41.130 -448.776 -103.020 -0.333 -0.042 0.940 -0.062
-40.861 -450.718 -103.145 -0.331 -0.063 0.940 -0.046
-40.624 -452.653 -103.369 -0.329 -0.084 0.940 -0.033
-40.404 -454.487 -103.657 -0.328 -0.100 0.939 -0.030
-40.177 -456.197 -103.960 -0.328 -0.107 0.938 -0.036
-39.933 -457.856 -104.269 -0.328 -0.112 0.937 -0.041
-39.682 -459.440 -104.562 -0.329 -0.111 0.937 -0.044
-39.424 -461.010 -104.850 -0.329 -0.111 0.936 -0.049
-39.148 -462.575 -105.129 -0.330 -0.110 0.936 -0.056
-38.845 -464.158 -105.399 -0.331 -0.109 0.935 -0.064
-38.534 -465.673 -105.642 -0.332 -0.105 0.935 -0.073
-38.202 -467.160 -105.858 -0.333 -0.102 0.934 -0.084
-37.832 -468.661 -106.056 -0.334 -0.100 0.932 -0.097
-37.407 -470.241 -106.245 -0.335 -0.098 0.931 -0.109
-36.943 -471.818 -106.417 -0.336 -0.097 0.929 -0.122
-36.451 -473.341 -106.569 -0.336 -0.098 0.927 -0.137
-35.907 -474.886 -106.715 -0.336 -0.101 0.925 -0.147
-35.333 -476.412 -106.859 -0.336 -0.105 0.923 -0.157
-34.727 -477.917 -106.999 -0.336 -0.108 0.920 -0.169
-34.086 -479.394 -107.133 -0.336 -0.111 0.917 -0.183
