-38.333 -415.739 -114.177 -0.423 0.204 0.848 0.247
-39.306 -417.107 -113.949 -0.426 0.192 0.854 0.231
-40.209 -418.500 -113.741 -0.429 0.176 0.859 0.215
-41.044 -419.927 -113.555 -0.432 0.160 0.865 0.198
-41.803 -421.382 -113.391 -0.435 0.144 0.870 0.181
-42.485 -422.863 -113.249 -0.438 0.127 0.875 0.162
-43.085 -424.364 -113.129 -0.441 0.109 0.879 0.142
-43.598 -425.880 -113.037 -0.444 0.088 0.883 0.122
-44.021 -427.409 -112.979 -0.446 0.067 0.887 0.102
-44.372 -428.974 -112.936 -0.447 0.056 0.889 0.084
-44.665 -430.554 -112.900 -0.448 0.048 0.890 0.069
-44.898 -432.119 -112.862 -0.448 0.040 0.891 0.052
-45.077 -433.727 -112.824 -0.449 0.031 0.892 0.037
-45.196 -435.358 -112.791 -0.449 0.020 0.893 0.020
-45.248 -436.988 -112.770 -0.449 0.006 0.894 0.003
-45.236 -438.582 -112.769 -0.449 -0.008 0.894 -0.010
-45.172 -440.174 -112.790 -0.449 -0.021 0.893 -0.019
-45.065 -441.775 -112.837 -0.448 -0.034 0.893 -0.026
-44.923 -443.340 -112.911 -0.448 -0.048 0.892 -0.034
-44.736 -444.887 -113.014 -0.447 -0.064 0.891 -0.043
-44.507 -446.420 -113.149 -0.446 -0.081 0.890 -0.049
-44.233 -447.971 -113.328 -0.445 -0.099 0.888 -0.056
