15.242 -400.931 -104.038 -0.396 0.163 0.375 0.822
13.998 -400.294 -104.891 -0.398 0.169 0.394 0.811
12.706 -399.710 -105.715 -0.399 0.175 0.413 0.800
11.396 -399.189 -106.501 -0.402 0.179 0.430 0.788
10.067 -398.723 -107.257 -0.405 0.183 0.445 0.777
8.720 -398.311 -107.990 -0.409 0.186 0.459 0.767
7.349 -397.947 -108.707 -0.413 0.188 0.472 0.756
5.951 -397.630 -109.413 -0.416 0.190 0.485 0.745
4.520 -397.360 -110.108 -0.420 0.192 0.498 0.734
3.090 -397.145 -110.777 -0.424 0.194 0.512 0.722
1.701 -396.996 -111.398 -0.428 0.196 0.527 0.707
0.287 -396.908 -112.001 -0.432 0.198 0.543 0.692
-1.149 -396.883 -112.583 -0.436 0.200 0.558 0.677
-2.588 -396.922 -113.137 -0.441 0.202 0.573 0.661
-4.032 -397.024 -113.669 -0.446 0.202 0.587 0.645
-5.500 -397.194 -114.188 -0.451 0.201 0.601 0.628
