28.682 -428.006 -80.217 -0.240 0.027 -0.060 0.968
28.842 -426.549 -81.014 -0.249 0.029 -0.054 0.967
28.977 -425.134 -81.822 -0.259 0.032 -0.047 0.964
29.085 -423.689 -82.678 -0.266 0.034 -0.037 0.963
29.149 -422.262 -83.548 -0.272 0.039 -0.023 0.961
29.161 -420.866 -84.425 -0.280 0.043 -0.008 0.959
29.109 -419.478 -85.321 -0.286 0.049 0.013 0.957
28.981 -418.099 -86.228 -0.290 0.056 0.036 0.955
28.775 -416.728 -87.142 -0.293 0.062 0.058 0.952
28.496 -415.385 -88.046 -0.294 0.069 0.080 0.950
28.141 -414.053 -88.944 -0.295 0.075 0.102 0.947
27.707 -412.726 -89.843 -0.297 0.082 0.124 0.943
27.206 -411.431 -90.731 -0.299 0.088 0.145 0.939
26.640 -410.172 -91.603 -0.301 0.093 0.166 0.934
26.012 -408.946 -92.463 -0.304 0.099 0.186 0.929
25.324 -407.753 -93.314 -0.307 0.104 0.206 0.923
24.578 -406.599 -94.152 -0.309 0.110 0.225 0.918
23.773 -405.475 -94.973 -0.308 0.116 0.246 0.912
22.906 -404.381 -95.773 -0.307 0.122 0.266 0.906
21.979 -403.316 -96.561 -0.309 0.127 0.285 0.899
20.989 -402.283 -97.339 -0.310 0.132 0.304 0.891
19.940 -401.284 -98.102 -0.311 0.138 0.324 0.883
18.833 -400.326 -98.843 -0.310 0.144 0.344 0.875
17.678 -399.416 -99.552 -0.308 0.150 0.364 0.866
16.489 -398.565 -100.222 -0.309 0.155 0.384 0.856
15.256 -397.766 -100.865 -0.309 0.161 0.404 0.846
13.928 -396.995 -101.518 -0.316 0.162 0.423 0.833
12.591 -396.307 -102.155 -0.324 0.162 0.440 0.822
11.225 -395.684 -102.794 -0.333 0.161 0.456 0.809
9.832 -395.126 -103.430 -0.340 0.161 0.472 0.797
8.409 -394.628 -104.069 -0.347 0.161 0.487 0.785
6.947 -394.191 -104.706 -0.353 0.162 0.503 0.772
5.452 -393.820 -105.332 -0.358 0.164 0.521 0.758
3.926 -393.520 -105.940 -0.362 0.166 0.539 0.742
2.392 -393.298 -106.522 -0.367 0.168 0.557 0.726
0.850 -393.153 -107.080 -0.371 0.169 0.574 0.710
-0.697 -393.084 -107.614 -0.376 0.171 0.591 0.693
-2.259 -393.091 -108.128 -0.380 0.171 0.607 0.676
-3.824 -393.173 -108.623 -0.385 0.171 0.622 0.659
-5.388 -393.328 -109.098 -0.390 0.171 0.637 0.643
-6.954 -393.555 -109.554 -0.394 0.171 0.651 0.626
-8.510 -393.852 -109.988 -0.398 0.171 0.665 0.609
-10.057 -394.216 -110.399 -0.401 0.171 0.678 0.591
-11.596 -394.648 -110.783 -0.404 0.172 0.692 0.574
-13.139 -395.150 -111.147 -0.407 0.172 0.703 0.557
-14.662 -395.710 -111.486 -0.409 0.172 0.714 0.541
-16.166 -396.332 -111.797 -0.411 0.173 0.727 0.522
-17.653 -397.022 -112.071 -0.412 0.175 0.740 0.502
-19.118 -397.782 -112.307 -0.413 0.178 0.753 0.481
-20.544 -398.598 -112.499 -0.413 0.180 0.765 0.461
-21.897 -399.440 -112.653 -0.415 0.178 0.774 0.445
-23.195 -400.314 -112.803 -0.420 0.171 0.780 0.432
-24.459 -401.226 -112.956 -0.424 0.164 0.786 0.419
-25.684 -402.172 -113.106 -0.427 0.159 0.792 0.405
-26.876 -403.154 -113.246 -0.429 0.156 0.798 0.392
-28.070 -404.192 -113.371 -0.429 0.159 0.806 0.377
-29.252 -405.277 -113.456 -0.427 0.165 0.812 0.362
-30.425 -406.402 -113.504 -0.425 0.169 0.818 0.349
-31.616 -407.603 -113.515 -0.423 0.175 0.826 0.329
-32.767 -408.856 -113.470 -0.421 0.180 0.835 0.306
-33.864 -410.137 -113.374 -0.419 0.183 0.842 0.288
-34.911 -411.429 -113.248 -0.418 0.184 0.847 0.273
-35.928 -412.764 -113.087 -0.416 0.186 0.853 0.254
-36.896 -414.136 -112.886 -0.414 0.189 0.860 0.233
-37.804 -415.533 -112.644 -0.412 0.190 0.866 0.212
-38.652 -416.948 -112.366 -0.410 0.191 0.871 0.192
-39.443 -418.373 -112.059 -0.408 0.192 0.875 0.175
-40.182 -419.800 -111.726 -0.406 0.194 0.879 0.160
-40.871 -421.226 -111.370 -0.404 0.195 0.882 0.144
-41.509 -422.656 -110.989 -0.401 0.195 0.886 0.126
-42.093 -424.097 -110.582 -0.399 0.195 0.890 0.108
-42.626 -425.559 -110.146 -0.396 0.195 0.893 0.088
-43.092 -426.995 -109.696 -0.393 0.195 0.896 0.071
-43.512 -428.453 -109.213 -0.390 0.197 0.898 0.053
-43.884 -429.905 -108.699 -0.387 0.202 0.899 0.035
-44.206 -431.352 -108.149 -0.383 0.206 0.900 0.017
-44.482 -432.801 -107.572 -0.380 0.206 0.902 0.002
-44.717 -434.261 -106.976 -0.378 0.203 0.903 -0.011
-44.909 -435.735 -106.378 -0.376 0.194 0.906 -0.023
-45.044 -437.210 -105.801 -0.374 0.180 0.909 -0.039
-45.101 -438.694 -105.236 -0.369 0.168 0.912 -0.063
-45.073 -440.188 -104.674 -0.365 0.157 0.913 -0.087
-44.959 -441.674 -104.121 -0.360 0.144 0.915 -0.110
-44.763 -443.148 -103.585 -0.356 0.133 0.916 -0.132
-44.497 -444.605 -103.057 -0.352 0.124 0.915 -0.151
-44.172 -446.044 -102.540 -0.348 0.115 0.916 -0.165
-43.805 -447.471 -102.046 -0.345 0.104 0.916 -0.175
-43.402 -448.889 -101.572 -0.343 0.096 0.916 -0.184
-42.949 -450.326 -101.107 -0.339 0.085 0.916 -0.196
-42.452 -451.742 -100.660 -0.336 0.077 0.915 -0.210
-41.911 -453.132 -100.226 -0.332 0.070 0.913 -0.224
-41.324 -454.496 -99.805 -0.328 0.058 0.912 -0.239
-40.678 -455.849 -99.418 -0.322 0.041 0.911 -0.254
-39.970 -457.186 -99.067 -0.316 0.024 0.909 -0.269
-39.199 -458.505 -98.753 -0.310 0.007 0.907 -0.286
-38.364 -459.800 -98.478 -0.303 -0.011 0.904 -0.302
