-17.989 -399.948 -115.390 -0.411 0.247 0.716 0.508
-19.542 -400.585 -115.472 -0.409 0.252 0.728 0.489
-21.131 -401.309 -115.507 -0.409 0.252 0.742 0.468
-22.677 -402.101 -115.501 -0.410 0.251 0.755 0.446
-24.160 -402.950 -115.466 -0.412 0.246 0.767 0.425
-25.597 -403.866 -115.406 -0.414 0.242 0.779 0.404
-26.983 -404.847 -115.324 -0.416 0.236 0.790 0.383
-28.326 -405.898 -115.224 -0.419 0.230 0.801 0.361
-29.620 -407.019 -115.097 -0.420 0.225 0.812 0.338
-30.843 -408.190 -114.948 -0.421 0.218 0.822 0.315
-31.994 -409.404 -114.782 -0.423 0.212 0.831 0.294
-33.071 -410.649 -114.606 -0.424 0.204 0.838 0.275
-34.087 -411.932 -114.422 -0.426 0.196 0.845 0.256
-35.041 -413.258 -114.230 -0.427 0.188 0.853 0.232
-35.913 -414.625 -114.021 -0.428 0.179 0.861 0.207
-36.713 -416.049 -113.799 -0.428 0.170 0.868 0.182
-37.457 -417.528 -113.558 -0.428 0.166 0.873 0.166
-38.145 -418.972 -113.314 -0.428 0.165 0.875 0.158
-38.812 -420.425 -113.061 -0.427 0.164 0.876 0.153
-39.478 -421.922 -112.801 -0.428 0.160 0.877 0.148
-40.130 -423.437 -112.556 -0.430 0.151 0.878 0.145
-40.755 -424.954 -112.337 -0.432 0.140 0.880 0.142
-41.352 -426.483 -112.145 -0.433 0.129 0.881 0.137
-41.922 -428.032 -111.978 -0.435 0.118 0.883 0.131
-42.444 -429.585 -111.823 -0.435 0.110 0.886 0.115
-42.894 -431.137 -111.663 -0.435 0.103 0.889 0.093
-43.263 -432.679 -111.495 -0.435 0.095 0.893 0.070
-43.558 -434.222 -111.317 -0.435 0.089 0.895 0.050
-43.802 -435.798 -111.127 -0.434 0.085 0.896 0.036
-44.003 -437.377 -110.938 -0.434 0.077 0.897 0.027
-44.168 -438.965 -110.766 -0.434 0.062 0.898 0.019
-44.287 -440.571 -110.635 -0.435 0.043 0.899 0.011
-44.351 -442.194 -110.552 -0.435 0.021 0.900 0.002
-44.353 -443.850 -110.509 -0.435 0.004 0.900 -0.012
