0.640 -396.947 -111.465 -0.408 0.214 0.548 0.698
-0.822 -396.876 -111.975 -0.413 0.214 0.563 0.683
-2.331 -396.874 -112.476 -0.418 0.215 0.580 0.666
-3.876 -396.945 -112.963 -0.423 0.215 0.595 0.649
-5.452 -397.090 -113.435 -0.427 0.215 0.610 0.632
-7.046 -397.308 -113.887 -0.431 0.214 0.624 0.615
-8.662 -397.599 -114.320 -0.435 0.215 0.638 0.599
-10.284 -397.960 -114.724 -0.437 0.216 0.651 0.582
-11.904 -398.389 -115.097 -0.439 0.217 0.664 0.564
-13.515 -398.885 -115.435 -0.441 0.219 0.677 0.547
-15.113 -399.444 -115.734 -0.442 0.221 0.690 0.529
-16.693 -400.066 -115.989 -0.442 0.224 0.703 0.510
-18.254 -400.747 -116.199 -0.441 0.227 0.716 0.491
-19.790 -401.483 -116.357 -0.440 0.231 0.728 0.472
-21.253 -402.252 -116.468 -0.440 0.233 0.739 0.453
-22.676 -403.069 -116.537 -0.440 0.234 0.751 0.434
-24.054 -403.934 -116.569 -0.440 0.234 0.762 0.414
-25.405 -404.854 -116.561 -0.439 0.236 0.772 0.395
-26.730 -405.825 -116.506 -0.437 0.240 0.782 0.375
-28.067 -406.880 -116.401 -0.435 0.241 0.792 0.353
-29.381 -408.017 -116.249 -0.435 0.239 0.803 0.329
-30.622 -409.193 -116.062 -0.434 0.237 0.813 0.308
-31.800 -410.402 -115.846 -0.434 0.235 0.820 0.289
-32.924 -411.637 -115.607 -0.433 0.233 0.827 0.274
-34.004 -412.900 -115.348 -0.433 0.230 0.832 0.259
-35.035 -414.197 -115.066 -0.432 0.227 0.840 0.239
-36.003 -415.521 -114.762 -0.431 0.223 0.847 0.217
-36.893 -416.871 -114.433 -0.430 0.218 0.854 0.195
-37.706 -418.243 -114.084 -0.429 0.214 0.861 0.171
-38.443 -419.631 -113.715 -0.427 0.209 0.867 0.149
-39.127 -421.059 -113.321 -0.425 0.206 0.871 0.132
-39.780 -422.536 -112.902 -0.424 0.203 0.874 0.119
-40.413 -424.065 -112.466 -0.424 0.198 0.877 0.110
-41.008 -425.599 -112.035 -0.424 0.192 0.879 0.100
-41.548 -427.119 -111.612 -0.423 0.186 0.883 0.085
-42.021 -428.632 -111.190 -0.422 0.178 0.887 0.066
-42.409 -430.146 -110.764 -0.419 0.169 0.891 0.039
-42.700 -431.646 -110.328 -0.416 0.163 0.895 0.012
-42.914 -433.140 -109.878 -0.413 0.157 0.897 -0.007
-43.074 -434.657 -109.419 -0.412 0.151 0.898 -0.021
-43.195 -436.179 -108.963 -0.411 0.143 0.900 -0.029
-43.277 -437.664 -108.548 -0.411 0.126 0.902 -0.034
-43.329 -439.187 -108.173 -0.411 0.108 0.905 -0.034
-43.366 -440.779 -107.847 -0.412 0.084 0.907 -0.030
-43.371 -442.404 -107.591 -0.411 0.060 0.909 -0.033
-43.327 -444.029 -107.388 -0.411 0.043 0.910 -0.042
