-14.120 -398.612 -114.965 -0.410 0.244 0.684 0.552
-15.745 -399.106 -115.142 -0.408 0.248 0.697 0.534
-17.350 -399.656 -115.268 -0.406 0.253 0.710 0.516
-18.940 -400.259 -115.340 -0.402 0.259 0.723 0.498
-20.577 -400.948 -115.358 -0.400 0.263 0.737 0.478
-22.171 -401.696 -115.327 -0.399 0.264 0.750 0.457
-23.703 -402.496 -115.254 -0.399 0.263 0.762 0.437
-25.187 -403.355 -115.148 -0.400 0.260 0.774 0.416
-26.626 -404.275 -115.012 -0.400 0.257 0.786 0.396
-28.017 -405.253 -114.850 -0.401 0.253 0.796 0.376
-29.385 -406.309 -114.655 -0.400 0.252 0.807 0.353
-30.695 -407.421 -114.419 -0.399 0.251 0.818 0.329
-31.936 -408.582 -114.145 -0.397 0.249 0.829 0.305
-33.117 -409.796 -113.833 -0.395 0.247 0.838 0.282
-34.205 -411.020 -113.496 -0.394 0.245 0.846 0.262
-35.219 -412.254 -113.139 -0.392 0.244 0.854 0.241
-36.178 -413.536 -112.744 -0.389 0.243 0.862 0.216
-37.073 -414.860 -112.303 -0.385 0.245 0.869 0.191
-37.907 -416.216 -111.819 -0.381 0.247 0.875 0.170
-38.694 -417.596 -111.294 -0.377 0.250 0.879 0.153
-39.433 -418.979 -110.737 -0.373 0.253 0.882 0.137
-40.112 -420.358 -110.157 -0.370 0.253 0.886 0.117
-40.726 -421.754 -109.558 -0.367 0.247 0.891 0.098
-41.272 -423.160 -108.961 -0.365 0.238 0.897 0.080
-41.748 -424.589 -108.361 -0.362 0.228 0.902 0.058
-42.147 -426.043 -107.760 -0.359 0.219 0.907 0.035
-42.460 -427.499 -107.158 -0.355 0.212 0.910 0.011
-42.713 -429.059 -106.531 -0.353 0.193 0.915 -0.006
-42.884 -430.624 -105.953 -0.351 0.171 0.920 -0.023
-42.973 -432.162 -105.435 -0.349 0.153 0.924 -0.040
-42.994 -433.676 -104.950 -0.347 0.140 0.926 -0.055
-42.957 -435.203 -104.490 -0.345 0.123 0.928 -0.068
-42.866 -436.736 -104.080 -0.343 0.102 0.931 -0.076
-42.734 -438.280 -103.723 -0.342 0.082 0.933 -0.080
-42.565 -439.859 -103.419 -0.340 0.060 0.935 -0.084
-42.353 -441.495 -103.172 -0.338 0.036 0.936 -0.086
-42.101 -443.174 -102.997 -0.336 0.011 0.937 -0.089
-41.804 -444.875 -102.898 -0.334 -0.016 0.938 -0.090
-41.480 -446.757 -102.893 -0.332 -0.035 0.940 -0.070
-41.208 -448.665 -102.957 -0.332 -0.043 0.941 -0.052
-40.991 -450.611 -103.076 -0.330 -0.054 0.942 -0.033
-40.812 -452.541 -103.281 -0.329 -0.075 0.941 -0.021
-40.645 -454.457 -103.565 -0.327 -0.090 0.941 -0.011
-40.508 -456.266 -103.893 -0.326 -0.103 0.940 -0.003
-40.390 -457.977 -104.252 -0.325 -0.113 0.939 0.005
-40.284 -459.634 -104.636 -0.324 -0.121 0.938 0.010
-40.179 -461.271 -105.039 -0.324 -0.126 0.938 0.009
-40.062 -462.895 -105.447 -0.325 -0.129 0.937 0.005
-39.929 -464.495 -105.853 -0.325 -0.132 0.936 0.000
-39.779 -466.070 -106.257 -0.326 -0.134 0.936 -0.006
-39.596 -467.672 -106.665 -0.327 -0.136 0.935 -0.019
-39.367 -469.267 -107.058 -0.329 -0.137 0.934 -0.033
-39.099 -470.817 -107.437 -0.330 -0.142 0.932 -0.046
-38.789 -472.341 -107.813 -0.331 -0.148 0.930 -0.058
