19.609 -403.760 -100.470 -0.393 0.137 0.304 0.857
18.569 -402.966 -101.416 -0.397 0.143 0.322 0.848
17.479 -402.220 -102.344 -0.400 0.148 0.341 0.838
16.335 -401.519 -103.256 -0.403 0.154 0.359 0.828
15.140 -400.864 -104.150 -0.405 0.160 0.378 0.817
13.898 -400.259 -105.020 -0.407 0.166 0.396 0.806
12.615 -399.706 -105.860 -0.408 0.172 0.414 0.795
11.296 -399.206 -106.670 -0.410 0.178 0.431 0.784
9.949 -398.759 -107.450 -0.412 0.182 0.447 0.773
8.583 -398.365 -108.202 -0.415 0.186 0.461 0.762
7.198 -398.021 -108.932 -0.418 0.189 0.475 0.751
5.788 -397.726 -109.645 -0.422 0.191 0.488 0.740
4.351 -397.480 -110.345 -0.426 0.193 0.501 0.729
2.937 -397.294 -111.005 -0.430 0.195 0.515 0.715
1.516 -397.170 -111.639 -0.434 0.197 0.531 0.701
0.085 -397.109 -112.249 -0.439 0.199 0.546 0.686
-1.351 -397.112 -112.834 -0.444 0.200 0.560 0.670
-2.791 -397.178 -113.396 -0.449 0.200 0.575 0.654
-4.243 -397.310 -113.941 -0.454 0.200 0.589 0.638
