2.969 -397.166 -110.604 -0.408 0.207 0.522 0.720
1.539 -397.007 -111.169 -0.413 0.207 0.536 0.707
0.117 -396.908 -111.712 -0.417 0.208 0.550 0.693
-1.328 -396.869 -112.239 -0.422 0.209 0.565 0.677
-2.853 -396.900 -112.768 -0.427 0.210 0.582 0.660
-4.398 -397.003 -113.277 -0.432 0.210 0.597 0.643
-5.982 -397.181 -113.774 -0.436 0.210 0.611 0.626
-7.569 -397.432 -114.250 -0.441 0.209 0.625 0.609
-9.178 -397.757 -114.707 -0.445 0.208 0.638 0.592
-10.787 -398.156 -115.142 -0.449 0.208 0.651 0.575
-12.383 -398.623 -115.548 -0.453 0.207 0.664 0.558
-13.968 -399.156 -115.929 -0.457 0.206 0.676 0.541
-15.520 -399.752 -116.284 -0.461 0.203 0.687 0.523
-17.035 -400.412 -116.617 -0.467 0.199 0.699 0.504
-18.509 -401.139 -116.928 -0.472 0.194 0.711 0.484
-19.943 -401.936 -117.220 -0.478 0.189 0.722 0.463
-21.336 -402.806 -117.491 -0.483 0.183 0.734 0.441
