-35.952 -412.837 -114.611 -0.414 0.229 0.841 0.262
-37.066 -414.245 -114.273 -0.411 0.231 0.850 0.234
-38.086 -415.679 -113.883 -0.407 0.232 0.859 0.206
-39.011 -417.133 -113.446 -0.403 0.233 0.867 0.179
-39.846 -418.601 -112.970 -0.400 0.232 0.873 0.154
-40.581 -420.035 -112.486 -0.398 0.228 0.878 0.137
-41.249 -421.457 -112.006 -0.397 0.221 0.882 0.123
-41.852 -422.875 -111.533 -0.396 0.213 0.887 0.106
-42.391 -424.303 -111.060 -0.395 0.207 0.891 0.087
-42.870 -425.752 -110.574 -0.392 0.201 0.895 0.068
-43.282 -427.218 -110.077 -0.390 0.194 0.899 0.047
-43.619 -428.695 -109.577 -0.388 0.183 0.903 0.025
-43.872 -430.170 -109.091 -0.385 0.170 0.907 0.002
-44.041 -431.627 -108.619 -0.382 0.161 0.910 -0.021
-44.135 -433.134 -108.123 -0.378 0.155 0.912 -0.045
-44.158 -434.688 -107.604 -0.375 0.147 0.913 -0.064
-44.119 -436.199 -107.109 -0.373 0.134 0.915 -0.077
-44.026 -437.707 -106.646 -0.371 0.118 0.917 -0.089
-43.884 -439.247 -106.215 -0.369 0.100 0.919 -0.095
-43.701 -440.799 -105.836 -0.367 0.077 0.922 -0.100
-43.475 -442.350 -105.527 -0.365 0.052 0.924 -0.106
-43.190 -443.918 -105.283 -0.362 0.027 0.925 -0.115
