26.212 -441.559 -74.447 -0.141 0.007 -0.115 0.983
26.530 -440.220 -74.857 -0.148 0.008 -0.113 0.983
26.842 -438.884 -75.288 -0.156 0.009 -0.111 0.981
27.159 -437.510 -75.759 -0.165 0.010 -0.110 0.980
27.478 -436.138 -76.259 -0.174 0.011 -0.112 0.978
27.813 -434.734 -76.803 -0.184 0.012 -0.114 0.976
28.165 -433.270 -77.405 -0.194 0.013 -0.113 0.974
28.514 -431.797 -78.049 -0.205 0.015 -0.110 0.972
28.828 -430.424 -78.689 -0.216 0.016 -0.109 0.970
29.139 -429.102 -79.331 -0.220 0.016 -0.112 0.969
29.495 -427.601 -80.073 -0.223 0.017 -0.110 0.968
29.845 -426.116 -80.811 -0.223 0.017 -0.111 0.968
30.203 -424.591 -81.571 -0.225 0.018 -0.108 0.968
