-29.615 -406.739 -115.443 -0.415 0.239 0.801 0.358
-30.956 -407.891 -115.260 -0.413 0.241 0.814 0.331
-32.224 -409.097 -115.024 -0.411 0.241 0.825 0.304
-33.409 -410.347 -114.738 -0.409 0.240 0.836 0.276
-34.494 -411.622 -114.417 -0.407 0.238 0.846 0.249
-35.483 -412.918 -114.066 -0.405 0.234 0.855 0.223
-36.384 -414.240 -113.688 -0.403 0.230 0.864 0.197
-37.213 -415.603 -113.279 -0.400 0.227 0.871 0.173
-37.976 -417.002 -112.839 -0.397 0.225 0.877 0.150
-38.675 -418.424 -112.375 -0.395 0.222 0.882 0.132
-39.331 -419.871 -111.889 -0.394 0.221 0.884 0.119
-39.953 -421.307 -111.395 -0.392 0.223 0.885 0.113
-40.548 -422.734 -110.886 -0.390 0.224 0.887 0.101
-41.100 -424.194 -110.352 -0.387 0.219 0.892 0.081
-41.583 -425.671 -109.806 -0.385 0.212 0.896 0.060
-41.990 -427.157 -109.255 -0.382 0.205 0.900 0.039
-42.321 -428.620 -108.708 -0.379 0.200 0.903 0.020
-42.586 -430.081 -108.149 -0.376 0.197 0.905 0.000
-42.805 -431.690 -107.535 -0.373 0.183 0.909 -0.018
-42.940 -433.292 -106.961 -0.371 0.163 0.913 -0.036
-42.997 -434.880 -106.444 -0.370 0.141 0.917 -0.048
-42.994 -436.449 -105.994 -0.368 0.118 0.920 -0.056
-42.959 -437.987 -105.617 -0.369 0.097 0.923 -0.053
-42.907 -439.562 -105.298 -0.368 0.076 0.925 -0.051
-42.822 -441.211 -105.033 -0.367 0.052 0.927 -0.056
-42.686 -442.888 -104.837 -0.366 0.027 0.928 -0.061
-42.502 -444.570 -104.714 -0.365 0.001 0.929 -0.066
