20.549 -404.536 -99.559 -0.390 0.131 0.286 0.865
19.567 -403.706 -100.516 -0.395 0.137 0.304 0.856
18.525 -402.916 -101.465 -0.398 0.143 0.323 0.847
17.432 -402.172 -102.398 -0.401 0.148 0.341 0.837
16.289 -401.474 -103.313 -0.404 0.154 0.359 0.827
15.096 -400.824 -104.210 -0.407 0.160 0.377 0.817
13.857 -400.222 -105.084 -0.409 0.166 0.395 0.806
12.577 -399.672 -105.929 -0.410 0.172 0.413 0.795
11.253 -399.172 -106.747 -0.412 0.178 0.430 0.783
9.898 -398.723 -107.536 -0.413 0.183 0.446 0.772
8.521 -398.327 -108.295 -0.416 0.186 0.461 0.761
7.123 -397.982 -109.030 -0.419 0.189 0.475 0.751
5.700 -397.686 -109.747 -0.422 0.192 0.488 0.739
4.249 -397.440 -110.450 -0.426 0.194 0.501 0.728
2.833 -397.258 -111.109 -0.431 0.196 0.516 0.714
1.401 -397.140 -111.747 -0.435 0.198 0.532 0.699
-0.039 -397.085 -112.361 -0.440 0.199 0.546 0.684
-1.483 -397.094 -112.952 -0.446 0.199 0.561 0.669
