25.819 -410.992 -92.794 -0.358 0.094 0.164 0.914
25.182 -409.879 -93.804 -0.358 0.102 0.186 0.909
24.480 -408.798 -94.792 -0.359 0.109 0.207 0.904
23.724 -407.761 -95.755 -0.362 0.116 0.226 0.897
22.914 -406.760 -96.705 -0.365 0.121 0.244 0.890
22.053 -405.798 -97.645 -0.369 0.126 0.261 0.883
21.144 -404.876 -98.578 -0.374 0.130 0.278 0.875
20.187 -403.995 -99.506 -0.380 0.134 0.295 0.866
19.182 -403.158 -100.429 -0.385 0.139 0.312 0.857
18.126 -402.365 -101.345 -0.390 0.144 0.330 0.848
17.017 -401.616 -102.251 -0.393 0.149 0.348 0.838
15.855 -400.914 -103.142 -0.396 0.155 0.367 0.827
14.643 -400.262 -104.011 -0.398 0.161 0.386 0.817
13.385 -399.660 -104.853 -0.400 0.167 0.405 0.805
12.088 -399.113 -105.666 -0.401 0.173 0.422 0.794
10.770 -398.620 -106.447 -0.404 0.177 0.437 0.784
9.439 -398.180 -107.197 -0.407 0.180 0.451 0.774
8.093 -397.789 -107.927 -0.410 0.182 0.464 0.764
6.707 -397.437 -108.651 -0.413 0.185 0.476 0.754
5.289 -397.128 -109.366 -0.416 0.187 0.488 0.744
3.845 -396.865 -110.067 -0.420 0.189 0.501 0.733
2.426 -396.659 -110.733 -0.424 0.191 0.514 0.721
1.008 -396.517 -111.368 -0.428 0.194 0.531 0.706
-0.470 -396.439 -111.992 -0.431 0.197 0.548 0.689
-1.978 -396.431 -112.592 -0.436 0.199 0.564 0.673
-3.519 -396.492 -113.175 -0.440 0.200 0.579 0.656
-5.094 -396.625 -113.740 -0.444 0.202 0.594 0.640
-6.697 -396.829 -114.287 -0.448 0.202 0.608 0.624
-8.317 -397.105 -114.813 -0.452 0.203 0.621 0.607
