3.563 -397.244 -110.367 -0.407 0.205 0.515 0.726
2.126 -397.057 -110.952 -0.411 0.207 0.529 0.713
0.660 -396.928 -111.518 -0.414 0.209 0.545 0.698
-0.783 -396.861 -112.043 -0.417 0.212 0.560 0.683
-2.306 -396.863 -112.567 -0.423 0.212 0.578 0.665
-3.852 -396.941 -113.071 -0.428 0.212 0.593 0.648
-5.423 -397.094 -113.560 -0.433 0.212 0.608 0.631
-7.003 -397.319 -114.032 -0.438 0.210 0.621 0.615
-8.624 -397.620 -114.496 -0.442 0.210 0.634 0.599
-10.249 -397.990 -114.939 -0.446 0.209 0.646 0.583
-11.885 -398.429 -115.360 -0.449 0.209 0.658 0.567
-13.501 -398.931 -115.754 -0.452 0.209 0.669 0.551
-15.095 -399.492 -116.121 -0.456 0.207 0.681 0.535
-16.666 -400.115 -116.466 -0.460 0.204 0.692 0.518
-18.207 -400.805 -116.789 -0.465 0.201 0.703 0.499
-19.716 -401.564 -117.089 -0.470 0.197 0.715 0.479
-21.190 -402.397 -117.365 -0.474 0.193 0.727 0.458
