21.529 -473.795 -70.130 -0.009 0.000 -0.017 1.000
21.610 -472.158 -70.170 -0.015 0.000 -0.033 0.999
21.745 -470.520 -70.226 -0.020 0.000 -0.048 0.999
21.927 -468.886 -70.296 -0.022 0.000 -0.063 0.998
22.143 -467.216 -70.367 -0.021 0.000 -0.065 0.998
22.366 -465.537 -70.438 -0.021 0.000 -0.067 0.998
22.596 -463.866 -70.507 -0.020 -0.001 -0.070 0.997
22.844 -462.195 -70.574 -0.020 -0.001 -0.076 0.997
23.109 -460.539 -70.637 -0.018 -0.001 -0.083 0.996
23.398 -458.890 -70.696 -0.017 -0.001 -0.090 0.996
23.714 -457.229 -70.755 -0.019 -0.001 -0.098 0.995
24.059 -455.565 -70.825 -0.023 -0.001 -0.105 0.994
24.411 -453.941 -70.912 -0.030 0.000 -0.107 0.994
24.770 -452.300 -71.025 -0.035 0.000 -0.107 0.994
25.119 -450.710 -71.141 -0.037 0.000 -0.109 0.993
25.480 -449.139 -71.266 -0.041 0.001 -0.116 0.992
25.861 -447.565 -71.400 -0.042 0.001 -0.120 0.992
26.258 -445.993 -71.541 -0.046 0.001 -0.125 0.991
26.667 -444.419 -71.698 -0.051 0.001 -0.128 0.990
27.082 -442.857 -71.875 -0.059 0.002 -0.130 0.990
27.502 -441.285 -72.088 -0.071 0.004 -0.129 0.989
27.921 -439.710 -72.344 -0.086 0.006 -0.127 0.988
28.327 -438.113 -72.655 -0.099 0.008 -0.119 0.988
28.706 -436.498 -73.015 -0.113 0.011 -0.109 0.988
