-49.848 -442.482 -109.626 -0.425 0.103 0.897 0.058
-50.173 -444.131 -109.407 -0.426 0.094 0.898 0.056
-50.421 -445.770 -109.239 -0.427 0.062 0.901 0.036
-50.566 -447.438 -109.132 -0.428 0.034 0.903 0.017
-50.623 -449.116 -109.072 -0.428 0.017 0.904 0.002
-50.638 -450.812 -109.029 -0.428 0.010 0.904 -0.005
-50.622 -452.481 -108.998 -0.428 0.003 0.904 -0.012
-50.573 -454.153 -108.974 -0.428 -0.003 0.904 -0.021
-50.490 -455.810 -108.954 -0.428 -0.008 0.903 -0.030
-50.371 -457.446 -108.931 -0.427 -0.009 0.903 -0.041
-50.219 -459.072 -108.889 -0.427 -0.008 0.902 -0.054
-50.035 -460.665 -108.828 -0.427 -0.007 0.902 -0.066
