21.422 -405.326 -98.653 -0.386 0.127 0.270 0.873
20.485 -404.462 -99.611 -0.390 0.133 0.289 0.864
19.484 -403.632 -100.565 -0.393 0.139 0.309 0.855
18.428 -402.847 -101.500 -0.395 0.146 0.328 0.846
17.317 -402.106 -102.418 -0.398 0.152 0.347 0.836
16.147 -401.407 -103.322 -0.401 0.158 0.365 0.825
14.926 -400.755 -104.209 -0.403 0.163 0.383 0.815
13.665 -400.154 -105.069 -0.405 0.169 0.401 0.804
12.370 -399.608 -105.898 -0.407 0.174 0.418 0.793
11.067 -399.123 -106.686 -0.410 0.179 0.434 0.782
9.744 -398.691 -107.446 -0.413 0.182 0.449 0.772
8.405 -398.312 -108.183 -0.416 0.185 0.462 0.761
7.049 -397.982 -108.901 -0.421 0.187 0.475 0.750
5.673 -397.703 -109.605 -0.425 0.188 0.488 0.739
4.277 -397.474 -110.296 -0.429 0.190 0.501 0.727
2.868 -397.300 -110.967 -0.433 0.193 0.516 0.713
1.427 -397.185 -111.614 -0.436 0.197 0.532 0.699
-0.004 -397.132 -112.218 -0.438 0.201 0.549 0.683
-1.463 -397.140 -112.796 -0.441 0.204 0.564 0.668
-2.921 -397.210 -113.342 -0.444 0.206 0.579 0.652
-4.378 -397.341 -113.859 -0.448 0.207 0.593 0.636
-5.839 -397.537 -114.355 -0.453 0.206 0.606 0.620
-7.313 -397.800 -114.836 -0.459 0.205 0.619 0.603
