28.862 -422.814 -83.342 -0.280 0.043 -0.004 0.959
28.806 -421.443 -84.230 -0.288 0.048 0.013 0.956
28.691 -420.108 -85.129 -0.297 0.053 0.031 0.953
28.509 -418.779 -86.056 -0.305 0.058 0.051 0.949
28.259 -417.473 -86.992 -0.311 0.065 0.071 0.946
27.939 -416.190 -87.936 -0.316 0.071 0.092 0.942
27.544 -414.915 -88.894 -0.321 0.077 0.113 0.937
27.076 -413.661 -89.856 -0.325 0.083 0.135 0.932
26.536 -412.441 -90.817 -0.330 0.090 0.157 0.926
25.925 -411.252 -91.775 -0.334 0.096 0.178 0.921
25.242 -410.093 -92.725 -0.337 0.103 0.201 0.914
24.478 -408.958 -93.678 -0.341 0.110 0.223 0.907
23.649 -407.871 -94.616 -0.344 0.116 0.245 0.899
22.761 -406.839 -95.529 -0.347 0.123 0.267 0.891
21.814 -405.854 -96.426 -0.351 0.129 0.287 0.882
20.815 -404.919 -97.307 -0.355 0.133 0.306 0.873
19.751 -404.019 -98.186 -0.358 0.139 0.325 0.865
18.629 -403.157 -99.051 -0.359 0.144 0.344 0.856
17.453 -402.340 -99.894 -0.359 0.151 0.363 0.846
16.231 -401.573 -100.699 -0.357 0.159 0.384 0.837
14.967 -400.860 -101.460 -0.355 0.167 0.404 0.826
13.678 -400.209 -102.169 -0.354 0.174 0.424 0.815
12.374 -399.620 -102.826 -0.352 0.181 0.444 0.804
11.031 -399.078 -103.443 -0.349 0.188 0.462 0.793
9.658 -398.583 -104.021 -0.346 0.194 0.479 0.783
8.239 -398.124 -104.567 -0.344 0.200 0.494 0.773
6.751 -397.700 -105.094 -0.343 0.205 0.511 0.761
5.235 -397.329 -105.589 -0.343 0.209 0.527 0.749
3.707 -397.025 -106.055 -0.347 0.211 0.545 0.734
2.161 -396.791 -106.497 -0.351 0.211 0.562 0.718
0.604 -396.633 -106.923 -0.357 0.210 0.579 0.703
-0.958 -396.549 -107.336 -0.363 0.208 0.595 0.687
-2.521 -396.538 -107.733 -0.367 0.208 0.610 0.670
-4.086 -396.598 -108.108 -0.371 0.207 0.625 0.654
-5.652 -396.725 -108.458 -0.373 0.209 0.641 0.638
-7.220 -396.919 -108.780 -0.375 0.210 0.655 0.621
-8.786 -397.178 -109.072 -0.377 0.212 0.670 0.604
-10.359 -397.504 -109.334 -0.377 0.214 0.684 0.587
-11.927 -397.893 -109.561 -0.377 0.216 0.697 0.570
-13.483 -398.343 -109.752 -0.377 0.219 0.710 0.553
-15.014 -398.845 -109.905 -0.376 0.222 0.722 0.536
-16.530 -399.401 -110.019 -0.375 0.225 0.734 0.519
-18.029 -400.010 -110.094 -0.373 0.228 0.746 0.502
-19.506 -400.670 -110.130 -0.371 0.231 0.758 0.484
-20.955 -401.381 -110.123 -0.369 0.234 0.769 0.466
-22.387 -402.149 -110.078 -0.368 0.236 0.780 0.447
-23.791 -402.972 -109.993 -0.366 0.239 0.791 0.428
-25.185 -403.856 -109.865 -0.363 0.241 0.801 0.410
-26.551 -404.786 -109.699 -0.361 0.244 0.809 0.394
-27.887 -405.745 -109.504 -0.359 0.245 0.816 0.380
-29.198 -406.753 -109.278 -0.358 0.245 0.824 0.364
-30.506 -407.817 -109.025 -0.358 0.244 0.830 0.353
-31.781 -408.899 -108.759 -0.357 0.244 0.834 0.343
-33.022 -409.980 -108.479 -0.355 0.248 0.836 0.339
-34.261 -411.069 -108.173 -0.351 0.253 0.838 0.333
-35.473 -412.158 -107.845 -0.350 0.254 0.842 0.323
-36.659 -413.284 -107.501 -0.350 0.249 0.849 0.308
-37.792 -414.449 -107.160 -0.353 0.238 0.857 0.292
-38.851 -415.645 -106.840 -0.356 0.222 0.865 0.274
-39.880 -416.934 -106.544 -0.363 0.199 0.873 0.259
-40.854 -418.290 -106.311 -0.371 0.171 0.879 0.246
-41.754 -419.686 -106.140 -0.377 0.147 0.885 0.231
-42.580 -421.107 -106.024 -0.383 0.125 0.889 0.218
-43.340 -422.545 -105.963 -0.388 0.103 0.892 0.208
-44.045 -424.002 -105.953 -0.393 0.082 0.894 0.199
-44.707 -425.491 -106.005 -0.398 0.057 0.895 0.194
-45.319 -426.986 -106.126 -0.403 0.032 0.895 0.189
-45.880 -428.483 -106.313 -0.408 0.007 0.894 0.183
