-1.372 -396.873 -112.128 -0.408 0.221 0.572 0.677
-2.903 -396.892 -112.595 -0.413 0.220 0.589 0.659
-4.461 -396.986 -113.048 -0.419 0.219 0.604 0.642
-6.053 -397.155 -113.488 -0.423 0.219 0.618 0.625
-7.658 -397.396 -113.910 -0.427 0.218 0.631 0.609
-9.287 -397.706 -114.315 -0.430 0.218 0.644 0.594
-10.930 -398.082 -114.697 -0.432 0.219 0.656 0.578
-12.579 -398.521 -115.050 -0.433 0.221 0.668 0.563
-14.229 -399.022 -115.369 -0.434 0.224 0.680 0.547
-15.874 -399.582 -115.646 -0.433 0.227 0.692 0.530
-17.507 -400.200 -115.876 -0.432 0.232 0.705 0.513
-19.126 -400.876 -116.054 -0.430 0.237 0.717 0.495
-20.707 -401.600 -116.175 -0.429 0.240 0.730 0.475
-22.215 -402.362 -116.254 -0.429 0.240 0.741 0.457
-23.694 -403.180 -116.296 -0.429 0.241 0.752 0.438
-25.140 -404.053 -116.301 -0.429 0.241 0.763 0.419
-26.564 -404.990 -116.268 -0.429 0.240 0.774 0.398
-27.986 -406.019 -116.190 -0.427 0.243 0.786 0.375
-29.364 -407.100 -116.051 -0.424 0.248 0.796 0.353
-30.685 -408.202 -115.855 -0.419 0.255 0.804 0.335
-31.965 -409.331 -115.602 -0.414 0.262 0.812 0.317
