21.532 -473.336 -70.139 -0.009 0.000 -0.017 1.000
21.615 -471.701 -70.176 -0.013 0.000 -0.033 0.999
21.751 -470.068 -70.225 -0.017 0.000 -0.049 0.999
21.930 -468.433 -70.287 -0.020 0.000 -0.060 0.998
22.140 -466.766 -70.351 -0.018 0.000 -0.063 0.998
22.357 -465.093 -70.410 -0.017 -0.001 -0.066 0.998
22.585 -463.426 -70.466 -0.016 -0.001 -0.071 0.997
22.832 -461.770 -70.517 -0.014 -0.001 -0.077 0.997
23.101 -460.119 -70.560 -0.012 -0.001 -0.085 0.996
23.397 -458.476 -70.599 -0.012 -0.001 -0.093 0.996
23.719 -456.841 -70.640 -0.012 -0.001 -0.101 0.995
24.060 -455.225 -70.684 -0.017 -0.001 -0.106 0.994
24.408 -453.636 -70.749 -0.024 0.000 -0.111 0.994
24.775 -452.050 -70.835 -0.029 0.000 -0.116 0.993
25.158 -450.480 -70.937 -0.035 0.001 -0.123 0.992
25.569 -448.923 -71.059 -0.041 0.001 -0.133 0.990
26.006 -447.370 -71.198 -0.045 0.001 -0.140 0.989
26.464 -445.822 -71.355 -0.053 0.002 -0.145 0.988
26.934 -444.282 -71.538 -0.061 0.003 -0.148 0.987
27.405 -442.753 -71.750 -0.072 0.005 -0.148 0.986
27.885 -441.172 -72.016 -0.087 0.008 -0.143 0.986
