-13.566 -398.457 -114.896 -0.411 0.242 0.679 0.557
-15.162 -398.928 -115.093 -0.412 0.244 0.693 0.539
-16.735 -399.460 -115.249 -0.412 0.246 0.706 0.521
-18.285 -400.051 -115.363 -0.411 0.248 0.720 0.502
-19.832 -400.710 -115.431 -0.410 0.250 0.733 0.482
-21.393 -401.460 -115.465 -0.412 0.247 0.747 0.460
-22.890 -402.273 -115.468 -0.415 0.242 0.759 0.438
-24.327 -403.149 -115.453 -0.419 0.236 0.771 0.417
-25.714 -404.093 -115.423 -0.423 0.227 0.783 0.396
-27.044 -405.103 -115.385 -0.428 0.217 0.793 0.375
-28.325 -406.186 -115.344 -0.432 0.207 0.804 0.353
-29.549 -407.339 -115.293 -0.436 0.197 0.814 0.330
-30.697 -408.542 -115.238 -0.440 0.186 0.822 0.309
-31.771 -409.790 -115.182 -0.444 0.174 0.830 0.288
-32.777 -411.083 -115.127 -0.448 0.163 0.838 0.267
-33.713 -412.422 -115.072 -0.451 0.151 0.845 0.246
-34.579 -413.811 -115.017 -0.454 0.139 0.851 0.223
-35.369 -415.249 -114.963 -0.457 0.125 0.858 0.200
-36.033 -416.662 -114.911 -0.460 0.108 0.865 0.167
-36.583 -418.170 -114.859 -0.464 0.085 0.873 0.126
-37.021 -419.750 -114.799 -0.465 0.075 0.877 0.096
-37.367 -421.357 -114.723 -0.465 0.065 0.880 0.070
-37.625 -422.936 -114.635 -0.465 0.059 0.882 0.050
-37.844 -424.560 -114.532 -0.465 0.058 0.883 0.038
-37.986 -426.224 -114.423 -0.465 0.042 0.884 0.009
-38.049 -427.927 -114.311 -0.464 0.032 0.885 -0.006
-38.062 -429.691 -114.208 -0.464 0.024 0.885 -0.014
-38.052 -431.320 -114.128 -0.464 0.017 0.886 -0.013
-38.032 -432.753 -114.073 -0.464 0.011 0.886 -0.018
-37.987 -434.109 -114.019 -0.464 0.009 0.885 -0.031
-37.898 -435.582 -113.948 -0.463 0.005 0.885 -0.044
-37.770 -437.022 -113.871 -0.463 0.001 0.885 -0.058
-37.605 -438.462 -113.791 -0.462 -0.005 0.884 -0.068
-37.399 -439.950 -113.706 -0.462 -0.008 0.884 -0.078
-37.138 -441.622 -113.602 -0.461 -0.010 0.883 -0.088
-36.846 -443.306 -113.489 -0.461 -0.009 0.882 -0.095
-36.538 -444.983 -113.354 -0.461 -0.004 0.881 -0.102
-36.223 -446.627 -113.197 -0.461 0.000 0.881 -0.107
-35.931 -448.137 -113.040 -0.461 0.001 0.881 -0.106
-35.675 -449.524 -112.909 -0.461 -0.004 0.882 -0.100
-35.406 -450.992 -112.791 -0.461 -0.008 0.882 -0.097
-35.146 -452.450 -112.685 -0.461 -0.009 0.883 -0.092
-34.888 -453.991 -112.580 -0.461 -0.007 0.883 -0.087
-34.641 -455.553 -112.472 -0.462 -0.004 0.883 -0.083
-34.421 -457.064 -112.367 -0.462 -0.001 0.883 -0.077
-34.246 -458.386 -112.276 -0.463 0.000 0.884 -0.069
-34.093 -459.756 -112.200 -0.463 -0.003 0.885 -0.054
-33.987 -461.016 -112.160 -0.463 -0.007 0.886 -0.036
-33.912 -462.369 -112.149 -0.463 -0.011 0.886 -0.019
-33.869 -463.797 -112.169 -0.463 -0.015 0.886 -0.001
-33.860 -465.016 -112.211 -0.462 -0.018 0.886 0.011
-33.868 -465.739 -112.245 -0.462 -0.019 0.886 0.021
-33.883 -466.275 -112.276 -0.462 -0.018 0.886 0.030
-33.894 -466.547 -112.292 -0.462 -0.018 0.886 0.034
-33.905 -466.769 -112.307 -0.462 -0.018 0.886 0.037
-33.915 -466.963 -112.320 -0.462 -0.018 0.886 0.040
-33.926 -467.155 -112.334 -0.462 -0.018 0.886 0.043
-33.938 -467.344 -112.348 -0.461 -0.018 0.886 0.046
-33.950 -467.531 -112.362 -0.461 -0.018 0.886 0.049
-33.964 -467.716 -112.377 -0.461 -0.018 0.886 0.052
-33.994 -468.099 -112.408 -0.461 -0.018 0.885 0.055
-34.018 -468.381 -112.432 -0.461 -0.017 0.885 0.058
-34.040 -468.624 -112.452 -0.461 -0.017 0.885 0.061
-34.062 -468.850 -112.472 -0.461 -0.017 0.885 0.064
-34.084 -469.062 -112.492 -0.460 -0.017 0.885 0.068
-34.116 -469.362 -112.520 -0.460 -0.017 0.885 0.070
-34.153 -469.685 -112.552 -0.460 -0.017 0.885 0.074
-34.214 -470.201 -112.604 -0.460 -0.018 0.884 0.078
-34.283 -470.751 -112.664 -0.460 -0.019 0.884 0.082
-34.386 -471.511 -112.751 -0.460 -0.019 0.884 0.088
-34.532 -472.506 -112.868 -0.459 -0.017 0.883 0.095
-34.641 -473.183 -112.951 -0.458 -0.016 0.883 0.101
-34.794 -474.056 -113.061 -0.458 -0.014 0.882 0.109
-35.034 -475.305 -113.223 -0.457 -0.012 0.882 0.116
-35.361 -476.879 -113.434 -0.456 -0.010 0.881 0.124
