-47.908 -434.772 -110.813 -0.422 0.142 0.892 0.078
-48.245 -436.129 -110.536 -0.420 0.138 0.895 0.055
-48.521 -437.513 -110.232 -0.418 0.137 0.898 0.030
-48.735 -438.901 -109.895 -0.415 0.139 0.899 0.007
-48.893 -440.322 -109.514 -0.412 0.142 0.900 -0.017
-49.015 -442.138 -108.975 -0.408 0.146 0.900 -0.042
-49.058 -444.114 -108.331 -0.404 0.148 0.900 -0.066
-49.024 -446.039 -107.662 -0.401 0.148 0.900 -0.084
-48.939 -447.825 -107.023 -0.399 0.145 0.900 -0.095
-48.823 -449.518 -106.418 -0.397 0.139 0.901 -0.103
-48.671 -451.214 -105.829 -0.396 0.130 0.903 -0.108
-48.495 -452.904 -105.271 -0.395 0.121 0.904 -0.110
-48.302 -454.563 -104.742 -0.394 0.115 0.905 -0.114
-48.122 -456.016 -104.289 -0.394 0.113 0.905 -0.115
