26.440 -440.571 -74.764 -0.148 0.008 -0.114 0.982
26.747 -439.268 -75.186 -0.156 0.009 -0.112 0.981
27.057 -437.938 -75.641 -0.165 0.010 -0.111 0.980
27.373 -436.583 -76.135 -0.174 0.011 -0.113 0.978
27.702 -435.214 -76.664 -0.184 0.012 -0.115 0.976
28.055 -433.773 -77.255 -0.193 0.013 -0.116 0.974
28.413 -432.309 -77.894 -0.204 0.014 -0.114 0.972
28.748 -430.904 -78.547 -0.215 0.016 -0.112 0.970
29.063 -429.608 -79.177 -0.221 0.016 -0.116 0.968
29.429 -428.142 -79.903 -0.223 0.016 -0.115 0.968
29.796 -426.650 -80.649 -0.224 0.016 -0.115 0.968
30.168 -425.136 -81.406 -0.224 0.016 -0.114 0.968
