22.675 -458.899 -70.989 -0.043 0.000 -0.078 0.996
22.943 -457.255 -71.129 -0.041 -0.001 -0.083 0.996
23.230 -455.615 -71.262 -0.039 -0.001 -0.089 0.995
23.540 -453.974 -71.387 -0.037 -0.002 -0.096 0.995
23.870 -452.346 -71.510 -0.038 -0.002 -0.103 0.994
24.216 -450.736 -71.636 -0.039 -0.002 -0.107 0.994
24.565 -449.135 -71.765 -0.040 -0.002 -0.108 0.993
24.918 -447.522 -71.893 -0.039 -0.002 -0.106 0.994
25.263 -445.909 -72.021 -0.040 -0.002 -0.105 0.994
25.607 -444.323 -72.150 -0.039 -0.002 -0.108 0.993
25.965 -442.736 -72.275 -0.039 -0.002 -0.113 0.993
26.342 -441.138 -72.405 -0.042 -0.002 -0.117 0.992
26.733 -439.545 -72.551 -0.048 -0.001 -0.122 0.991
27.142 -437.952 -72.727 -0.059 0.000 -0.127 0.990
27.576 -436.345 -72.948 -0.074 0.001 -0.134 0.988
28.021 -434.775 -73.220 -0.092 0.003 -0.139 0.986
28.480 -433.198 -73.557 -0.111 0.006 -0.139 0.984
28.918 -431.634 -73.951 -0.127 0.009 -0.130 0.983
