-16.476 -399.377 -115.249 -0.412 0.246 0.703 0.525
-18.050 -399.959 -115.371 -0.410 0.250 0.716 0.507
-19.605 -400.595 -115.442 -0.408 0.254 0.729 0.488
-21.205 -401.325 -115.467 -0.408 0.254 0.743 0.467
-22.746 -402.114 -115.452 -0.409 0.253 0.756 0.445
-24.226 -402.962 -115.408 -0.411 0.249 0.768 0.424
-25.661 -403.877 -115.339 -0.413 0.244 0.780 0.403
-27.045 -404.855 -115.248 -0.415 0.238 0.791 0.382
-28.386 -405.903 -115.140 -0.417 0.232 0.801 0.361
-29.681 -407.021 -115.005 -0.419 0.227 0.812 0.337
-30.903 -408.189 -114.848 -0.420 0.221 0.822 0.315
-32.055 -409.401 -114.674 -0.421 0.214 0.831 0.293
-33.132 -410.643 -114.491 -0.423 0.206 0.839 0.275
-34.147 -411.925 -114.300 -0.425 0.198 0.846 0.255
-35.100 -413.252 -114.099 -0.426 0.190 0.854 0.231
-35.969 -414.622 -113.882 -0.426 0.181 0.862 0.205
-36.786 -416.082 -113.639 -0.426 0.174 0.869 0.180
-37.536 -417.576 -113.377 -0.425 0.171 0.873 0.164
-38.238 -419.049 -113.103 -0.424 0.172 0.875 0.154
-38.915 -420.524 -112.811 -0.423 0.175 0.877 0.146
-39.563 -421.986 -112.508 -0.423 0.174 0.878 0.140
-40.203 -423.470 -112.195 -0.422 0.175 0.879 0.135
-40.820 -424.952 -111.872 -0.421 0.174 0.881 0.125
-41.402 -426.462 -111.535 -0.421 0.168 0.885 0.111
-41.930 -427.995 -111.208 -0.422 0.154 0.888 0.097
-42.390 -429.523 -110.909 -0.423 0.139 0.892 0.084
-42.783 -431.037 -110.640 -0.423 0.124 0.895 0.069
-43.104 -432.533 -110.389 -0.423 0.114 0.898 0.051
-43.379 -434.079 -110.133 -0.422 0.108 0.899 0.038
-43.616 -435.641 -109.873 -0.422 0.104 0.900 0.028
-43.824 -437.206 -109.611 -0.421 0.099 0.901 0.021
-44.005 -438.775 -109.363 -0.422 0.091 0.902 0.017
-44.162 -440.329 -109.143 -0.422 0.079 0.903 0.015
-44.295 -441.879 -108.957 -0.422 0.065 0.904 0.012
-44.399 -443.427 -108.807 -0.423 0.050 0.905 0.008
-44.466 -444.978 -108.704 -0.423 0.028 0.906 0.003
