16.742 -401.777 -102.917 -0.395 0.154 0.351 0.835
15.568 -401.087 -103.803 -0.398 0.160 0.369 0.824
14.348 -400.444 -104.669 -0.401 0.165 0.387 0.814
13.086 -399.852 -105.509 -0.402 0.171 0.405 0.803
11.782 -399.311 -106.322 -0.404 0.177 0.422 0.792
10.438 -398.818 -107.110 -0.406 0.182 0.439 0.781
9.069 -398.378 -107.868 -0.408 0.186 0.454 0.770
7.681 -397.988 -108.601 -0.410 0.189 0.467 0.760
6.267 -397.646 -109.315 -0.413 0.192 0.481 0.749
4.827 -397.351 -110.013 -0.416 0.194 0.494 0.739
3.369 -397.108 -110.695 -0.421 0.195 0.507 0.726
1.951 -396.934 -111.334 -0.426 0.197 0.522 0.712
0.520 -396.821 -111.952 -0.431 0.198 0.537 0.698
-0.918 -396.772 -112.547 -0.436 0.199 0.552 0.683
-2.364 -396.788 -113.121 -0.441 0.199 0.566 0.667
-3.821 -396.870 -113.679 -0.447 0.199 0.580 0.651
