-11.074 -397.831 -114.498 -0.409 0.240 0.656 0.587
-12.752 -398.201 -114.766 -0.410 0.242 0.669 0.572
-14.432 -398.631 -114.997 -0.409 0.246 0.681 0.556
-16.106 -399.117 -115.184 -0.407 0.250 0.693 0.540
-17.766 -399.657 -115.319 -0.404 0.255 0.706 0.523
-19.419 -400.253 -115.396 -0.400 0.262 0.719 0.505
-21.072 -400.916 -115.421 -0.399 0.263 0.732 0.485
-22.682 -401.640 -115.404 -0.399 0.263 0.745 0.465
-24.223 -402.413 -115.349 -0.399 0.262 0.758 0.444
-25.716 -403.249 -115.259 -0.400 0.260 0.771 0.423
-27.159 -404.150 -115.132 -0.400 0.258 0.784 0.400
-28.593 -405.143 -114.958 -0.397 0.260 0.796 0.375
-29.975 -406.190 -114.725 -0.393 0.264 0.807 0.352
-31.300 -407.277 -114.434 -0.388 0.270 0.817 0.330
-32.576 -408.404 -114.083 -0.383 0.275 0.826 0.308
-33.806 -409.573 -113.667 -0.377 0.282 0.835 0.285
-34.983 -410.780 -113.182 -0.370 0.290 0.844 0.260
