26.832 -413.081 -90.869 -0.346 0.083 0.131 0.925
26.306 -411.909 -91.870 -0.346 0.091 0.153 0.921
25.709 -410.764 -92.853 -0.347 0.098 0.175 0.916
25.042 -409.640 -93.826 -0.348 0.105 0.196 0.911
24.311 -408.550 -94.783 -0.350 0.112 0.216 0.905
23.520 -407.501 -95.724 -0.354 0.118 0.237 0.897
22.680 -406.496 -96.649 -0.358 0.123 0.253 0.890
21.789 -405.526 -97.570 -0.363 0.127 0.270 0.883
20.844 -404.594 -98.493 -0.369 0.131 0.287 0.874
19.853 -403.706 -99.416 -0.376 0.134 0.303 0.866
18.823 -402.866 -100.337 -0.383 0.137 0.318 0.857
17.757 -402.077 -101.249 -0.389 0.140 0.333 0.847
16.649 -401.334 -102.156 -0.394 0.144 0.350 0.838
15.497 -400.639 -103.051 -0.397 0.149 0.367 0.828
14.299 -399.993 -103.929 -0.400 0.154 0.384 0.818
13.037 -399.384 -104.798 -0.401 0.161 0.403 0.807
11.730 -398.824 -105.637 -0.401 0.167 0.420 0.797
10.403 -398.316 -106.434 -0.401 0.173 0.436 0.787
9.055 -397.854 -107.199 -0.402 0.178 0.450 0.778
7.680 -397.434 -107.940 -0.403 0.182 0.462 0.769
6.269 -397.051 -108.669 -0.405 0.184 0.474 0.759
4.813 -396.706 -109.384 -0.404 0.190 0.490 0.749
3.341 -396.415 -110.056 -0.405 0.195 0.506 0.736
1.903 -396.192 -110.671 -0.408 0.199 0.523 0.721
0.487 -396.043 -111.245 -0.413 0.201 0.540 0.705
-0.956 -395.963 -111.800 -0.418 0.202 0.557 0.689
-2.431 -395.953 -112.341 -0.424 0.202 0.573 0.672
-3.939 -396.015 -112.872 -0.430 0.202 0.588 0.655
-5.479 -396.151 -113.393 -0.435 0.201 0.603 0.638
-7.046 -396.364 -113.903 -0.441 0.200 0.617 0.621
-8.625 -396.653 -114.400 -0.447 0.198 0.630 0.603
-10.202 -397.020 -114.881 -0.453 0.195 0.644 0.585
-11.772 -397.460 -115.344 -0.458 0.193 0.656 0.568
-13.326 -397.970 -115.788 -0.464 0.190 0.667 0.551
-14.854 -398.551 -116.216 -0.471 0.186 0.679 0.532
