-38.015 -415.325 -114.245 -0.422 0.207 0.846 0.251
-39.002 -416.684 -114.014 -0.425 0.195 0.852 0.234
-39.923 -418.076 -113.798 -0.428 0.180 0.858 0.218
-40.770 -419.492 -113.605 -0.432 0.164 0.864 0.202
-41.546 -420.941 -113.435 -0.435 0.147 0.869 0.184
-42.243 -422.417 -113.290 -0.438 0.130 0.874 0.166
-42.859 -423.915 -113.168 -0.441 0.112 0.879 0.146
-43.389 -425.427 -113.074 -0.444 0.091 0.883 0.126
-43.828 -426.952 -113.014 -0.446 0.070 0.886 0.106
-44.195 -428.512 -112.971 -0.447 0.059 0.888 0.089
-44.504 -430.093 -112.934 -0.448 0.050 0.890 0.073
-44.756 -431.673 -112.895 -0.448 0.043 0.891 0.057
-44.954 -433.277 -112.854 -0.449 0.034 0.892 0.042
-45.094 -434.905 -112.818 -0.449 0.024 0.893 0.025
-45.166 -436.539 -112.792 -0.449 0.010 0.893 0.008
-45.172 -438.140 -112.785 -0.449 -0.004 0.893 -0.006
-45.124 -439.728 -112.799 -0.449 -0.017 0.893 -0.017
-45.031 -441.330 -112.837 -0.449 -0.030 0.893 -0.024
-44.900 -442.890 -112.902 -0.448 -0.044 0.892 -0.032
-44.725 -444.431 -112.992 -0.448 -0.059 0.891 -0.042
-44.506 -445.965 -113.114 -0.447 -0.075 0.890 -0.049
-44.247 -447.499 -113.274 -0.446 -0.091 0.889 -0.054
