-6.407 -397.090 -113.530 -0.410 0.231 0.617 0.631
-8.042 -397.288 -113.910 -0.413 0.232 0.630 0.615
-9.695 -397.552 -114.266 -0.415 0.232 0.643 0.600
-11.362 -397.880 -114.597 -0.417 0.233 0.655 0.585
-13.035 -398.270 -114.896 -0.417 0.235 0.668 0.570
-14.709 -398.719 -115.157 -0.417 0.239 0.680 0.554
-16.377 -399.226 -115.375 -0.415 0.243 0.693 0.537
-18.026 -399.789 -115.543 -0.414 0.246 0.706 0.520
-19.665 -400.413 -115.660 -0.411 0.252 0.718 0.501
-21.274 -401.093 -115.724 -0.410 0.254 0.732 0.482
-22.856 -401.841 -115.747 -0.411 0.253 0.745 0.461
-24.390 -402.653 -115.730 -0.412 0.252 0.758 0.439
-25.877 -403.533 -115.675 -0.412 0.250 0.771 0.416
-27.323 -404.487 -115.579 -0.412 0.249 0.784 0.392
-28.754 -405.526 -115.425 -0.408 0.254 0.796 0.368
-30.118 -406.600 -115.213 -0.404 0.259 0.806 0.346
-31.429 -407.706 -114.942 -0.399 0.265 0.815 0.326
