20.847 -404.795 -99.258 -0.389 0.130 0.281 0.868
19.878 -403.956 -100.211 -0.392 0.136 0.300 0.859
18.850 -403.157 -101.153 -0.395 0.143 0.320 0.849
17.765 -402.401 -102.079 -0.398 0.149 0.339 0.839
16.619 -401.685 -102.992 -0.400 0.155 0.358 0.829
15.417 -401.014 -103.889 -0.403 0.161 0.376 0.819
14.172 -400.394 -104.762 -0.405 0.166 0.393 0.809
12.889 -399.825 -105.607 -0.407 0.172 0.411 0.798
11.587 -399.316 -106.414 -0.409 0.177 0.427 0.787
10.271 -398.864 -107.186 -0.412 0.181 0.443 0.776
8.939 -398.465 -107.933 -0.415 0.184 0.457 0.765
7.590 -398.117 -108.659 -0.419 0.186 0.470 0.754
6.221 -397.820 -109.370 -0.424 0.188 0.483 0.743
4.832 -397.573 -110.068 -0.428 0.189 0.496 0.731
3.429 -397.379 -110.747 -0.432 0.192 0.510 0.718
1.995 -397.243 -111.406 -0.435 0.196 0.527 0.704
0.548 -397.168 -112.031 -0.437 0.200 0.543 0.689
-0.902 -397.155 -112.618 -0.440 0.203 0.558 0.673
-2.363 -397.204 -113.176 -0.443 0.205 0.573 0.658
-3.820 -397.314 -113.703 -0.447 0.207 0.588 0.642
-5.281 -397.488 -114.206 -0.452 0.207 0.601 0.626
-6.751 -397.727 -114.691 -0.457 0.206 0.615 0.609
