26.514 -412.359 -91.513 -0.349 0.087 0.143 0.922
25.953 -411.213 -92.505 -0.349 0.095 0.165 0.918
25.320 -410.085 -93.488 -0.350 0.102 0.185 0.912
24.620 -408.984 -94.459 -0.352 0.109 0.205 0.907
23.868 -407.924 -95.408 -0.354 0.115 0.223 0.901
23.066 -406.901 -96.345 -0.358 0.120 0.240 0.894
22.218 -405.915 -97.277 -0.363 0.124 0.256 0.887
21.324 -404.966 -98.205 -0.368 0.127 0.272 0.880
20.385 -404.056 -99.132 -0.374 0.131 0.287 0.872
19.403 -403.189 -100.057 -0.381 0.134 0.303 0.863
18.377 -402.366 -100.979 -0.386 0.138 0.319 0.854
17.305 -401.588 -101.895 -0.391 0.142 0.336 0.845
16.185 -400.855 -102.801 -0.395 0.147 0.353 0.835
15.019 -400.170 -103.691 -0.398 0.153 0.371 0.825
13.806 -399.532 -104.562 -0.400 0.159 0.389 0.815
12.539 -398.937 -105.412 -0.400 0.165 0.407 0.804
11.221 -398.386 -106.237 -0.400 0.171 0.424 0.794
9.878 -397.885 -107.024 -0.400 0.177 0.439 0.784
8.507 -397.428 -107.781 -0.401 0.182 0.454 0.775
7.102 -397.013 -108.519 -0.403 0.185 0.467 0.765
5.664 -396.644 -109.245 -0.407 0.187 0.480 0.755
4.204 -396.325 -109.956 -0.410 0.190 0.493 0.743
2.769 -396.069 -110.613 -0.411 0.195 0.511 0.729
1.380 -395.889 -111.211 -0.416 0.198 0.528 0.714
-0.047 -395.776 -111.791 -0.420 0.200 0.546 0.697
-1.493 -395.733 -112.349 -0.425 0.201 0.562 0.680
-2.966 -395.759 -112.892 -0.431 0.201 0.578 0.664
-4.475 -395.857 -113.426 -0.437 0.200 0.592 0.647
-6.015 -396.030 -113.953 -0.443 0.199 0.606 0.630
