12.894 -399.813 -105.626 -0.399 0.173 0.406 0.804
11.582 -399.265 -106.429 -0.400 0.178 0.423 0.793
10.229 -398.765 -107.209 -0.402 0.184 0.440 0.782
8.856 -398.317 -107.956 -0.404 0.188 0.454 0.772
7.453 -397.916 -108.683 -0.406 0.191 0.468 0.761
6.025 -397.563 -109.391 -0.409 0.194 0.481 0.751
4.570 -397.256 -110.084 -0.412 0.196 0.494 0.740
3.107 -397.004 -110.757 -0.418 0.196 0.507 0.728
1.673 -396.820 -111.393 -0.423 0.198 0.522 0.714
0.228 -396.700 -112.008 -0.428 0.199 0.537 0.699
-1.224 -396.643 -112.604 -0.433 0.199 0.552 0.684
-2.684 -396.652 -113.182 -0.439 0.199 0.566 0.669
-4.155 -396.729 -113.745 -0.445 0.198 0.580 0.653
