-42.984 -422.987 -112.899 -0.424 0.178 0.871 0.174
-43.699 -424.455 -112.632 -0.425 0.166 0.877 0.154
-44.336 -425.943 -112.373 -0.426 0.153 0.882 0.134
-44.882 -427.425 -112.132 -0.427 0.135 0.887 0.113
-45.335 -428.918 -111.919 -0.429 0.114 0.892 0.091
-45.695 -430.434 -111.738 -0.430 0.091 0.896 0.068
-45.961 -431.967 -111.591 -0.431 0.069 0.899 0.046
-46.138 -433.522 -111.476 -0.431 0.048 0.900 0.025
-46.234 -435.107 -111.384 -0.431 0.031 0.902 0.005
-46.253 -436.699 -111.312 -0.431 0.016 0.902 -0.013
-46.201 -438.299 -111.256 -0.431 0.002 0.902 -0.031
-46.073 -439.902 -111.216 -0.430 -0.013 0.901 -0.052
-45.861 -441.493 -111.186 -0.429 -0.027 0.900 -0.076
-45.553 -443.095 -111.164 -0.427 -0.042 0.898 -0.102
-45.136 -444.745 -111.156 -0.425 -0.059 0.895 -0.122
-44.647 -446.362 -111.167 -0.423 -0.070 0.893 -0.138
-44.117 -447.941 -111.182 -0.422 -0.076 0.891 -0.150
-43.551 -449.495 -111.192 -0.422 -0.078 0.889 -0.160
-42.966 -451.024 -111.197 -0.421 -0.082 0.888 -0.166
