21.607 -470.876 -70.198 -0.013 0.000 -0.034 0.999
21.747 -469.258 -70.245 -0.017 0.000 -0.051 0.999
21.934 -467.623 -70.304 -0.018 0.000 -0.063 0.998
22.150 -465.956 -70.363 -0.017 0.000 -0.065 0.998
22.374 -464.282 -70.418 -0.016 -0.001 -0.068 0.998
22.612 -462.628 -70.468 -0.014 -0.001 -0.074 0.997
22.870 -460.973 -70.511 -0.012 -0.001 -0.081 0.997
23.155 -459.325 -70.548 -0.011 -0.001 -0.090 0.996
23.462 -457.703 -70.583 -0.011 -0.001 -0.097 0.995
23.792 -456.082 -70.619 -0.012 -0.001 -0.104 0.995
24.137 -454.480 -70.668 -0.019 -0.001 -0.107 0.994
24.497 -452.887 -70.741 -0.025 0.000 -0.114 0.993
24.881 -451.304 -70.836 -0.032 0.001 -0.122 0.992
25.289 -449.748 -70.951 -0.040 0.001 -0.133 0.990
25.730 -448.199 -71.090 -0.045 0.002 -0.142 0.989
26.196 -446.659 -71.245 -0.052 0.002 -0.149 0.987
26.681 -445.123 -71.425 -0.060 0.003 -0.154 0.986
27.173 -443.601 -71.632 -0.069 0.004 -0.155 0.985
27.669 -442.068 -71.878 -0.083 0.007 -0.153 0.985
