-50.061 -443.612 -109.469 -0.426 0.095 0.899 0.050
-50.315 -445.211 -109.285 -0.427 0.075 0.900 0.041
-50.493 -446.775 -109.149 -0.427 0.050 0.902 0.025
-50.590 -448.350 -109.066 -0.428 0.025 0.904 0.008
-50.620 -450.002 -109.026 -0.428 0.006 0.904 0.000
-50.607 -451.686 -109.028 -0.428 -0.010 0.904 -0.006
-50.553 -453.362 -109.069 -0.427 -0.025 0.904 -0.012
-50.466 -455.020 -109.145 -0.427 -0.038 0.903 -0.016
-50.349 -456.668 -109.254 -0.427 -0.050 0.903 -0.019
-50.215 -458.312 -109.385 -0.427 -0.057 0.902 -0.020
-50.073 -459.932 -109.537 -0.426 -0.065 0.902 -0.019
