1.574 -397.023 -111.129 -0.408 0.211 0.539 0.706
0.112 -396.920 -111.664 -0.413 0.212 0.553 0.692
-1.364 -396.881 -112.180 -0.418 0.212 0.569 0.675
-2.889 -396.915 -112.687 -0.423 0.213 0.586 0.658
-4.444 -397.022 -113.176 -0.427 0.213 0.601 0.641
-6.028 -397.203 -113.649 -0.432 0.213 0.615 0.625
-7.624 -397.457 -114.102 -0.436 0.212 0.629 0.608
-9.241 -397.784 -114.534 -0.439 0.213 0.643 0.591
-10.858 -398.180 -114.937 -0.442 0.214 0.656 0.574
-12.471 -398.645 -115.308 -0.444 0.215 0.669 0.556
-14.073 -399.176 -115.643 -0.445 0.217 0.682 0.538
-15.651 -399.767 -115.939 -0.447 0.218 0.694 0.521
-17.210 -400.419 -116.199 -0.448 0.219 0.706 0.502
-18.758 -401.135 -116.414 -0.447 0.223 0.719 0.483
-20.242 -401.889 -116.580 -0.448 0.223 0.731 0.464
-21.690 -402.699 -116.709 -0.448 0.225 0.742 0.445
-23.082 -403.552 -116.799 -0.450 0.224 0.753 0.425
-24.438 -404.461 -116.855 -0.450 0.224 0.764 0.405
-25.762 -405.425 -116.871 -0.450 0.225 0.774 0.385
-27.063 -406.445 -116.845 -0.449 0.227 0.784 0.365
-28.342 -407.530 -116.778 -0.448 0.227 0.793 0.344
-29.581 -408.665 -116.671 -0.447 0.228 0.802 0.324
-30.789 -409.851 -116.517 -0.445 0.230 0.811 0.304
-31.956 -411.087 -116.324 -0.444 0.229 0.818 0.284
-33.067 -412.351 -116.101 -0.443 0.228 0.825 0.266
-34.123 -413.640 -115.851 -0.442 0.226 0.832 0.248
-35.121 -414.953 -115.575 -0.441 0.224 0.838 0.229
-36.054 -416.287 -115.274 -0.440 0.220 0.845 0.208
-36.916 -417.645 -114.950 -0.439 0.215 0.852 0.186
-37.706 -419.031 -114.608 -0.438 0.209 0.859 0.163
-38.407 -420.429 -114.255 -0.437 0.201 0.866 0.139
-39.047 -421.867 -113.880 -0.436 0.196 0.870 0.119
-39.647 -423.363 -113.480 -0.435 0.191 0.874 0.103
-40.200 -424.889 -113.060 -0.433 0.189 0.877 0.086
-40.701 -426.418 -112.617 -0.431 0.189 0.880 0.070
-41.153 -427.991 -112.141 -0.428 0.184 0.884 0.047
-41.511 -429.564 -111.651 -0.425 0.176 0.888 0.020
-41.776 -431.116 -111.169 -0.423 0.162 0.891 0.000
-41.960 -432.629 -110.717 -0.422 0.149 0.894 -0.016
-42.095 -434.169 -110.274 -0.421 0.140 0.896 -0.025
-42.198 -435.728 -109.847 -0.421 0.126 0.898 -0.029
-42.274 -437.285 -109.472 -0.421 0.110 0.900 -0.027
-42.347 -438.905 -109.124 -0.422 0.100 0.901 -0.022
-42.421 -440.563 -108.798 -0.422 0.094 0.901 -0.025
-42.458 -442.184 -108.485 -0.421 0.088 0.902 -0.035
-42.455 -443.799 -108.181 -0.420 0.081 0.903 -0.044
