-35.960 -412.849 -114.609 -0.415 0.229 0.841 0.262
-37.058 -414.234 -114.280 -0.411 0.230 0.850 0.236
-38.066 -415.639 -113.909 -0.409 0.230 0.858 0.211
-38.989 -417.059 -113.506 -0.407 0.227 0.865 0.189
-39.830 -418.489 -113.086 -0.405 0.222 0.871 0.168
-40.580 -419.902 -112.665 -0.404 0.216 0.876 0.149
-41.264 -421.316 -112.250 -0.405 0.206 0.881 0.135
-41.882 -422.750 -111.850 -0.405 0.191 0.886 0.119
-42.440 -424.208 -111.473 -0.406 0.175 0.891 0.104
-42.927 -425.685 -111.123 -0.407 0.157 0.895 0.086
-43.364 -427.231 -110.789 -0.408 0.144 0.899 0.075
-43.752 -428.808 -110.476 -0.409 0.128 0.901 0.063
-44.078 -430.389 -110.195 -0.409 0.113 0.904 0.049
-44.340 -431.979 -109.935 -0.409 0.099 0.907 0.031
-44.521 -433.545 -109.697 -0.408 0.085 0.909 0.011
-44.636 -435.096 -109.481 -0.408 0.073 0.910 0.001
-44.714 -436.653 -109.283 -0.408 0.060 0.911 -0.007
-44.749 -438.207 -109.121 -0.407 0.045 0.912 -0.014
-44.742 -439.772 -109.000 -0.407 0.024 0.913 -0.021
-44.688 -441.351 -108.936 -0.407 -0.001 0.913 -0.025
-44.599 -442.934 -108.941 -0.406 -0.025 0.913 -0.025
-44.471 -444.541 -109.015 -0.405 -0.049 0.913 -0.030
