-27.419 -405.067 -115.578 -0.414 0.245 0.783 0.394
-28.918 -406.144 -115.435 -0.409 0.253 0.793 0.373
-30.376 -407.265 -115.214 -0.402 0.263 0.804 0.350
-31.793 -408.432 -114.907 -0.395 0.274 0.814 0.326
-33.156 -409.642 -114.510 -0.387 0.284 0.825 0.300
-34.442 -410.885 -114.029 -0.379 0.292 0.835 0.271
-35.638 -412.158 -113.474 -0.372 0.297 0.845 0.242
-36.707 -413.422 -112.883 -0.366 0.299 0.855 0.214
-37.683 -414.715 -112.230 -0.358 0.303 0.864 0.182
-38.551 -416.021 -111.522 -0.351 0.305 0.872 0.153
-39.336 -417.347 -110.774 -0.344 0.304 0.879 0.128
-40.020 -418.678 -110.000 -0.337 0.303 0.886 0.098
-40.598 -420.015 -109.198 -0.329 0.300 0.893 0.067
-41.079 -421.395 -108.358 -0.322 0.293 0.900 0.036
-41.446 -422.769 -107.520 -0.315 0.284 0.905 0.009
-41.717 -424.125 -106.694 -0.309 0.278 0.909 -0.016
-41.916 -425.446 -105.892 -0.306 0.271 0.912 -0.028
-42.077 -426.746 -105.118 -0.305 0.265 0.914 -0.036
-42.214 -428.090 -104.331 -0.303 0.260 0.916 -0.043
-42.323 -429.442 -103.546 -0.301 0.256 0.917 -0.050
-42.407 -430.818 -102.753 -0.299 0.252 0.919 -0.058
-42.467 -432.210 -101.961 -0.298 0.247 0.920 -0.063
-42.516 -433.647 -101.156 -0.298 0.242 0.921 -0.063
