18.923 -403.236 -101.098 -0.393 0.142 0.316 0.852
17.849 -402.469 -102.024 -0.397 0.148 0.335 0.842
16.710 -401.742 -102.939 -0.399 0.155 0.355 0.831
15.518 -401.065 -103.831 -0.401 0.161 0.374 0.821
14.278 -400.438 -104.698 -0.403 0.167 0.393 0.810
12.994 -399.866 -105.535 -0.404 0.173 0.412 0.798
11.683 -399.353 -106.335 -0.407 0.179 0.429 0.786
10.356 -398.898 -107.101 -0.410 0.182 0.444 0.775
9.012 -398.496 -107.843 -0.413 0.185 0.459 0.765
7.649 -398.144 -108.567 -0.417 0.187 0.472 0.754
6.259 -397.841 -109.279 -0.421 0.189 0.484 0.743
4.838 -397.584 -109.982 -0.425 0.191 0.497 0.732
3.410 -397.379 -110.663 -0.429 0.193 0.510 0.720
2.025 -397.240 -111.295 -0.433 0.195 0.526 0.706
0.618 -397.161 -111.907 -0.437 0.198 0.541 0.690
-0.825 -397.145 -112.501 -0.441 0.200 0.557 0.674
-2.260 -397.194 -113.062 -0.446 0.201 0.572 0.658
-3.707 -397.307 -113.602 -0.450 0.202 0.587 0.642
-5.164 -397.487 -114.124 -0.456 0.201 0.600 0.626
-6.648 -397.738 -114.638 -0.462 0.200 0.613 0.609
