28.846 -425.608 -81.591 -0.259 0.034 -0.038 0.964
28.920 -424.181 -82.440 -0.268 0.037 -0.028 0.962
28.954 -422.766 -83.312 -0.276 0.041 -0.015 0.960
28.935 -421.385 -84.191 -0.284 0.045 0.001 0.958
28.857 -420.028 -85.086 -0.291 0.051 0.020 0.955
28.709 -418.681 -85.997 -0.297 0.057 0.041 0.952
28.492 -417.355 -86.913 -0.302 0.063 0.062 0.949
28.204 -416.046 -87.835 -0.306 0.069 0.082 0.946
27.842 -414.744 -88.765 -0.309 0.076 0.104 0.942
27.404 -413.457 -89.697 -0.312 0.082 0.126 0.938
26.893 -412.194 -90.628 -0.316 0.088 0.148 0.933
26.314 -410.964 -91.552 -0.319 0.094 0.169 0.928
25.667 -409.768 -92.468 -0.323 0.100 0.189 0.922
24.958 -408.607 -93.375 -0.326 0.106 0.210 0.916
24.188 -407.486 -94.271 -0.329 0.112 0.229 0.909
23.365 -406.406 -95.151 -0.332 0.117 0.248 0.903
22.489 -405.363 -96.020 -0.334 0.122 0.267 0.896
21.545 -404.342 -96.885 -0.336 0.128 0.285 0.889
20.541 -403.355 -97.735 -0.336 0.134 0.305 0.881
19.477 -402.404 -98.563 -0.335 0.141 0.325 0.873
18.358 -401.497 -99.363 -0.335 0.147 0.345 0.864
17.176 -400.630 -100.138 -0.333 0.154 0.366 0.855
15.943 -399.811 -100.875 -0.331 0.162 0.387 0.845
14.687 -399.060 -101.557 -0.329 0.169 0.409 0.835
13.399 -398.368 -102.191 -0.326 0.176 0.429 0.824
12.064 -397.721 -102.787 -0.323 0.183 0.448 0.813
10.684 -397.121 -103.350 -0.322 0.189 0.467 0.802
9.269 -396.571 -103.888 -0.325 0.190 0.481 0.792
7.821 -396.067 -104.423 -0.329 0.190 0.494 0.782
6.337 -395.613 -104.954 -0.335 0.191 0.509 0.770
4.824 -395.225 -105.477 -0.340 0.191 0.527 0.755
3.290 -394.910 -105.985 -0.346 0.191 0.544 0.741
1.747 -394.669 -106.474 -0.350 0.191 0.561 0.725
0.202 -394.502 -106.942 -0.356 0.191 0.577 0.710
-1.345 -394.407 -107.390 -0.360 0.192 0.593 0.694
-2.896 -394.382 -107.815 -0.363 0.193 0.609 0.678
-4.456 -394.424 -108.218 -0.366 0.194 0.624 0.662
-6.024 -394.537 -108.600 -0.369 0.194 0.639 0.646
-7.591 -394.717 -108.959 -0.372 0.194 0.654 0.629
-9.155 -394.966 -109.293 -0.375 0.195 0.668 0.613
-10.712 -395.281 -109.603 -0.377 0.195 0.682 0.596
-12.258 -395.660 -109.883 -0.379 0.197 0.696 0.578
-13.791 -396.103 -110.130 -0.379 0.199 0.709 0.560
-15.306 -396.605 -110.342 -0.379 0.201 0.722 0.542
-16.802 -397.167 -110.516 -0.379 0.204 0.735 0.524
-18.277 -397.787 -110.652 -0.378 0.207 0.748 0.505
-19.732 -398.466 -110.752 -0.378 0.208 0.759 0.487
-21.159 -399.204 -110.823 -0.380 0.207 0.771 0.468
-22.551 -400.000 -110.869 -0.381 0.205 0.782 0.449
-23.913 -400.854 -110.893 -0.382 0.203 0.792 0.430
-25.266 -401.780 -110.892 -0.383 0.202 0.802 0.412
-26.597 -402.758 -110.860 -0.382 0.204 0.810 0.395
-27.902 -403.783 -110.797 -0.381 0.205 0.817 0.380
-29.185 -404.840 -110.713 -0.381 0.204 0.822 0.371
-30.465 -405.925 -110.623 -0.381 0.203 0.825 0.364
-31.739 -407.045 -110.513 -0.380 0.205 0.830 0.353
-33.001 -408.198 -110.379 -0.379 0.206 0.834 0.344
-34.226 -409.364 -110.227 -0.378 0.207 0.839 0.331
-35.411 -410.558 -110.050 -0.377 0.206 0.846 0.315
-36.560 -411.808 -109.849 -0.378 0.202 0.854 0.296
-37.622 -413.034 -109.662 -0.381 0.191 0.857 0.290
-38.662 -414.305 -109.504 -0.387 0.174 0.862 0.278
