28.692 -427.930 -80.258 -0.240 0.027 -0.061 0.969
28.858 -426.479 -81.044 -0.247 0.028 -0.057 0.967
29.005 -425.072 -81.835 -0.255 0.030 -0.052 0.965
29.134 -423.618 -82.680 -0.262 0.033 -0.043 0.964
29.222 -422.181 -83.542 -0.269 0.037 -0.030 0.962
29.260 -420.776 -84.412 -0.276 0.041 -0.016 0.960
29.237 -419.389 -85.291 -0.281 0.047 0.005 0.959
29.141 -418.018 -86.172 -0.283 0.053 0.027 0.957
28.969 -416.649 -87.056 -0.285 0.059 0.049 0.955
28.722 -415.296 -87.929 -0.284 0.066 0.072 0.954
28.398 -413.947 -88.793 -0.283 0.073 0.094 0.952
27.995 -412.597 -89.656 -0.284 0.079 0.117 0.948
27.519 -411.271 -90.508 -0.285 0.085 0.138 0.945
26.977 -409.977 -91.344 -0.286 0.091 0.160 0.940
26.370 -408.713 -92.169 -0.288 0.096 0.180 0.936
25.701 -407.477 -92.985 -0.291 0.102 0.200 0.930
24.970 -406.277 -93.787 -0.292 0.107 0.221 0.925
24.181 -405.113 -94.573 -0.292 0.113 0.241 0.919
23.332 -403.980 -95.344 -0.294 0.118 0.260 0.912
22.428 -402.883 -96.105 -0.297 0.122 0.278 0.905
21.469 -401.822 -96.861 -0.300 0.126 0.297 0.898
20.455 -400.798 -97.609 -0.303 0.130 0.315 0.890
19.387 -399.815 -98.345 -0.305 0.135 0.334 0.882
18.266 -398.874 -99.064 -0.305 0.140 0.354 0.873
17.094 -397.978 -99.759 -0.305 0.145 0.373 0.864
15.871 -397.126 -100.430 -0.305 0.150 0.392 0.855
14.610 -396.328 -101.077 -0.308 0.154 0.410 0.845
13.315 -395.586 -101.713 -0.312 0.156 0.426 0.835
11.994 -394.895 -102.337 -0.315 0.157 0.439 0.826
10.635 -394.241 -102.957 -0.319 0.159 0.453 0.817
9.244 -393.630 -103.572 -0.322 0.160 0.465 0.809
7.816 -393.062 -104.175 -0.323 0.164 0.481 0.798
6.356 -392.547 -104.754 -0.324 0.168 0.498 0.787
4.863 -392.089 -105.304 -0.323 0.173 0.516 0.774
3.346 -391.694 -105.818 -0.323 0.178 0.534 0.761
1.814 -391.365 -106.299 -0.324 0.181 0.551 0.747
0.274 -391.102 -106.749 -0.326 0.183 0.568 0.733
-1.278 -390.903 -107.178 -0.329 0.185 0.583 0.720
-2.859 -390.766 -107.589 -0.331 0.187 0.599 0.705
-4.451 -390.695 -107.976 -0.333 0.188 0.614 0.690
-6.048 -390.690 -108.339 -0.336 0.189 0.629 0.675
-7.641 -390.752 -108.679 -0.338 0.190 0.644 0.660
-9.228 -390.879 -108.995 -0.340 0.191 0.658 0.644
-10.805 -391.070 -109.287 -0.343 0.191 0.672 0.628
-12.377 -391.327 -109.558 -0.346 0.190 0.686 0.612
-13.941 -391.651 -109.812 -0.349 0.189 0.699 0.595
-15.501 -392.045 -110.050 -0.352 0.187 0.712 0.577
-17.062 -392.515 -110.273 -0.356 0.184 0.726 0.559
-18.625 -393.064 -110.482 -0.360 0.182 0.739 0.540
-20.193 -393.697 -110.675 -0.363 0.180 0.752 0.520
-21.745 -394.409 -110.847 -0.365 0.178 0.764 0.501
-23.265 -395.187 -110.993 -0.367 0.177 0.775 0.482
-24.686 -395.985 -111.112 -0.368 0.176 0.785 0.465
-25.925 -396.742 -111.196 -0.368 0.177 0.795 0.449
-27.012 -397.453 -111.247 -0.367 0.180 0.803 0.433
-27.980 -398.131 -111.270 -0.366 0.182 0.812 0.417
