-40.927 -419.479 -113.532 -0.424 0.190 0.861 0.209
-41.747 -420.864 -113.295 -0.426 0.178 0.866 0.194
-42.514 -422.292 -113.068 -0.428 0.165 0.871 0.177
-43.223 -423.769 -112.853 -0.430 0.150 0.876 0.160
-43.865 -425.293 -112.656 -0.432 0.133 0.881 0.141
-44.419 -426.832 -112.487 -0.435 0.111 0.885 0.120
-44.871 -428.357 -112.348 -0.436 0.096 0.889 0.098
-45.242 -429.909 -112.214 -0.437 0.083 0.893 0.076
-45.537 -431.475 -112.084 -0.437 0.073 0.895 0.055
-45.769 -433.081 -111.943 -0.436 0.068 0.896 0.036
-45.938 -434.687 -111.794 -0.436 0.061 0.898 0.018
-46.042 -436.293 -111.644 -0.435 0.050 0.899 0.000
-46.076 -437.909 -111.505 -0.435 0.036 0.900 -0.018
-46.038 -439.528 -111.386 -0.434 0.020 0.900 -0.034
-45.934 -441.152 -111.293 -0.433 0.002 0.900 -0.048
-45.762 -442.793 -111.242 -0.432 -0.018 0.900 -0.060
-45.524 -444.438 -111.230 -0.430 -0.037 0.899 -0.072
