25.044 -446.581 -73.050 -0.103 0.003 -0.112 0.988
25.399 -445.043 -73.380 -0.104 0.003 -0.112 0.988
25.748 -443.553 -73.709 -0.109 0.003 -0.115 0.987
26.096 -442.114 -74.051 -0.118 0.004 -0.118 0.986
26.439 -440.722 -74.407 -0.126 0.005 -0.119 0.985
26.778 -439.361 -74.782 -0.135 0.006 -0.120 0.984
27.120 -438.004 -75.182 -0.144 0.007 -0.121 0.982
27.474 -436.614 -75.622 -0.154 0.008 -0.122 0.981
27.831 -435.228 -76.094 -0.164 0.009 -0.123 0.979
28.208 -433.793 -76.621 -0.175 0.010 -0.124 0.977
28.597 -432.313 -77.202 -0.186 0.012 -0.123 0.975
28.977 -430.833 -77.828 -0.200 0.014 -0.118 0.973
29.337 -429.363 -78.500 -0.214 0.017 -0.112 0.970
29.678 -427.928 -79.190 -0.218 0.018 -0.113 0.969
30.037 -426.437 -79.912 -0.217 0.017 -0.113 0.969
30.403 -424.909 -80.649 -0.217 0.018 -0.112 0.970
