23.372 -407.409 -96.385 -0.379 0.113 0.227 0.890
22.564 -406.456 -97.376 -0.383 0.118 0.245 0.883
21.704 -405.541 -98.359 -0.388 0.124 0.262 0.875
20.792 -404.665 -99.336 -0.393 0.129 0.280 0.866
19.828 -403.832 -100.305 -0.397 0.134 0.298 0.858
18.811 -403.041 -101.265 -0.402 0.139 0.316 0.848
17.741 -402.295 -102.212 -0.405 0.145 0.334 0.838
16.618 -401.594 -103.145 -0.408 0.151 0.353 0.828
15.443 -400.938 -104.061 -0.411 0.157 0.370 0.818
14.220 -400.329 -104.955 -0.412 0.163 0.388 0.808
12.952 -399.768 -105.823 -0.414 0.170 0.406 0.797
11.648 -399.260 -106.658 -0.415 0.176 0.424 0.786
10.293 -398.799 -107.471 -0.416 0.181 0.441 0.774
8.912 -398.391 -108.252 -0.418 0.186 0.456 0.763
7.506 -398.036 -109.006 -0.421 0.190 0.471 0.752
6.076 -397.732 -109.738 -0.424 0.193 0.485 0.740
4.629 -397.482 -110.446 -0.428 0.195 0.499 0.728
3.191 -397.298 -111.120 -0.433 0.197 0.515 0.714
1.736 -397.177 -111.773 -0.438 0.198 0.530 0.699
0.277 -397.121 -112.402 -0.443 0.199 0.544 0.684
