28.878 -424.139 -82.492 -0.270 0.039 -0.019 0.962
28.878 -422.733 -83.366 -0.278 0.043 -0.004 0.960
28.820 -421.359 -84.250 -0.287 0.048 0.014 0.957
28.700 -420.007 -85.157 -0.296 0.053 0.033 0.953
28.509 -418.666 -86.088 -0.304 0.059 0.053 0.949
28.248 -417.348 -87.028 -0.310 0.065 0.074 0.946
27.914 -416.052 -87.979 -0.316 0.071 0.095 0.941
27.506 -414.772 -88.940 -0.321 0.078 0.117 0.937
27.026 -413.519 -89.904 -0.326 0.084 0.138 0.932
26.475 -412.300 -90.866 -0.331 0.090 0.159 0.926
25.859 -411.119 -91.821 -0.334 0.097 0.181 0.920
25.171 -409.968 -92.768 -0.337 0.103 0.203 0.913
24.405 -408.841 -93.718 -0.341 0.110 0.224 0.906
23.578 -407.765 -94.649 -0.344 0.116 0.246 0.898
22.694 -406.742 -95.554 -0.347 0.123 0.268 0.890
21.755 -405.768 -96.439 -0.350 0.129 0.288 0.882
20.765 -404.841 -97.305 -0.353 0.134 0.307 0.874
19.712 -403.946 -98.162 -0.353 0.141 0.326 0.866
18.601 -403.090 -98.992 -0.352 0.148 0.346 0.857
17.434 -402.275 -99.796 -0.351 0.155 0.366 0.848
16.221 -401.509 -100.561 -0.349 0.162 0.387 0.838
14.978 -400.800 -101.278 -0.347 0.169 0.407 0.828
13.713 -400.152 -101.947 -0.345 0.176 0.426 0.817
12.426 -399.560 -102.570 -0.344 0.183 0.445 0.807
11.111 -399.018 -103.156 -0.342 0.189 0.462 0.796
9.764 -398.516 -103.716 -0.343 0.192 0.477 0.786
8.349 -398.048 -104.270 -0.344 0.196 0.493 0.775
6.889 -397.628 -104.805 -0.345 0.199 0.509 0.763
5.385 -397.263 -105.326 -0.350 0.200 0.526 0.749
3.844 -396.971 -105.835 -0.356 0.200 0.544 0.733
2.289 -396.757 -106.325 -0.362 0.200 0.562 0.716
0.721 -396.625 -106.802 -0.368 0.198 0.579 0.699
-0.850 -396.568 -107.261 -0.374 0.198 0.595 0.683
-2.417 -396.585 -107.698 -0.377 0.199 0.611 0.667
-3.986 -396.673 -108.109 -0.381 0.199 0.627 0.650
-5.549 -396.828 -108.489 -0.382 0.202 0.642 0.633
-7.110 -397.051 -108.837 -0.384 0.204 0.657 0.616
-8.652 -397.337 -109.150 -0.386 0.205 0.671 0.599
-10.183 -397.690 -109.434 -0.388 0.206 0.685 0.581
-11.731 -398.113 -109.688 -0.388 0.209 0.699 0.563
-13.267 -398.597 -109.903 -0.387 0.212 0.713 0.545
-14.783 -399.137 -110.076 -0.386 0.216 0.725 0.528
-16.276 -399.723 -110.209 -0.384 0.220 0.736 0.512
-17.752 -400.356 -110.303 -0.383 0.223 0.747 0.496
-19.207 -401.034 -110.357 -0.381 0.227 0.757 0.480
-20.637 -401.756 -110.373 -0.379 0.230 0.767 0.463
-22.042 -402.526 -110.353 -0.378 0.231 0.778 0.446
-23.417 -403.346 -110.300 -0.377 0.232 0.788 0.427
-24.757 -404.214 -110.217 -0.377 0.232 0.798 0.410
-26.057 -405.114 -110.111 -0.377 0.231 0.805 0.397
-27.345 -406.050 -109.991 -0.377 0.229 0.808 0.390
-28.627 -407.003 -109.869 -0.378 0.227 0.811 0.384
-29.899 -407.985 -109.739 -0.378 0.226 0.816 0.374
-31.163 -409.014 -109.585 -0.377 0.227 0.823 0.360
-32.378 -410.056 -109.405 -0.374 0.230 0.829 0.346
-33.553 -411.120 -109.187 -0.371 0.235 0.837 0.328
-34.711 -412.218 -108.925 -0.367 0.241 0.841 0.317
-35.866 -413.349 -108.629 -0.365 0.243 0.845 0.305
-37.007 -414.533 -108.305 -0.364 0.239 0.852 0.289
-38.108 -415.777 -107.963 -0.365 0.233 0.861 0.268
-39.145 -417.071 -107.609 -0.365 0.225 0.869 0.246
-40.100 -418.392 -107.246 -0.363 0.220 0.877 0.223
-40.974 -419.732 -106.867 -0.363 0.214 0.884 0.203
-41.791 -421.116 -106.492 -0.364 0.200 0.890 0.186
-42.545 -422.529 -106.143 -0.366 0.185 0.896 0.172
-43.241 -423.969 -105.823 -0.368 0.170 0.900 0.159
-43.882 -425.426 -105.533 -0.371 0.154 0.904 0.148
-44.474 -426.899 -105.282 -0.374 0.136 0.907 0.139
-45.017 -428.404 -105.087 -0.378 0.109 0.910 0.130
-45.502 -429.932 -104.959 -0.381 0.083 0.913 0.121
-45.923 -431.472 -104.896 -0.384 0.057 0.915 0.109
-46.277 -433.021 -104.891 -0.387 0.033 0.916 0.096
-46.558 -434.575 -104.938 -0.390 0.009 0.917 0.080
-46.761 -436.136 -105.032 -0.392 -0.013 0.918 0.062
-46.882 -437.706 -105.163 -0.393 -0.033 0.918 0.041
-46.914 -439.289 -105.325 -0.395 -0.052 0.917 0.018
-46.850 -440.898 -105.509 -0.396 -0.068 0.916 -0.008
-46.686 -442.536 -105.710 -0.397 -0.082 0.914 -0.034
-46.426 -444.196 -105.925 -0.397 -0.095 0.911 -0.056
-46.081 -445.861 -106.151 -0.397 -0.107 0.908 -0.075
-45.666 -447.516 -106.387 -0.397 -0.117 0.906 -0.092
-45.192 -449.155 -106.628 -0.397 -0.124 0.903 -0.106
-44.667 -450.776 -106.869 -0.397 -0.130 0.901 -0.119
-44.100 -452.366 -107.105 -0.397 -0.136 0.898 -0.133
-43.479 -453.951 -107.339 -0.397 -0.141 0.895 -0.148
-42.810 -455.476 -107.567 -0.396 -0.152 0.890 -0.168
-42.085 -456.951 -107.803 -0.394 -0.166 0.885 -0.183
-41.327 -458.363 -108.064 -0.391 -0.180 0.883 -0.187
-40.573 -459.750 -108.352 -0.389 -0.186 0.884 -0.182
-39.793 -461.222 -108.683 -0.387 -0.190 0.886 -0.173
-38.982 -462.807 -109.065 -0.386 -0.192 0.888 -0.163
-38.156 -464.461 -109.477 -0.385 -0.196 0.887 -0.163
-37.283 -466.147 -109.912 -0.385 -0.200 0.885 -0.171
-36.364 -467.835 -110.344 -0.386 -0.201 0.882 -0.182
-35.481 -469.377 -110.710 -0.389 -0.193 0.879 -0.196
-34.553 -470.954 -111.017 -0.396 -0.175 0.877 -0.210
-33.585 -472.568 -111.242 -0.401 -0.158 0.875 -0.221
-32.692 -474.057 -111.385 -0.405 -0.143 0.874 -0.227
-31.770 -475.608 -111.467 -0.411 -0.124 0.873 -0.234
