24.352 -408.677 -95.068 -0.371 0.106 0.205 0.900
23.607 -407.668 -96.059 -0.373 0.112 0.224 0.893
22.807 -406.695 -97.039 -0.377 0.118 0.242 0.886
21.952 -405.758 -98.011 -0.381 0.124 0.260 0.879
21.048 -404.862 -98.973 -0.386 0.129 0.277 0.870
20.092 -404.007 -99.928 -0.391 0.134 0.295 0.862
19.084 -403.195 -100.874 -0.395 0.139 0.313 0.852
18.024 -402.428 -101.810 -0.399 0.145 0.331 0.843
16.910 -401.706 -102.732 -0.402 0.150 0.350 0.833
15.742 -401.029 -103.638 -0.404 0.156 0.368 0.822
14.525 -400.399 -104.522 -0.406 0.162 0.387 0.812
13.263 -399.820 -105.379 -0.408 0.169 0.405 0.801
11.962 -399.294 -106.205 -0.409 0.175 0.423 0.790
10.627 -398.819 -107.003 -0.411 0.180 0.439 0.779
9.271 -398.398 -107.769 -0.413 0.184 0.454 0.768
7.895 -398.027 -108.510 -0.416 0.187 0.468 0.757
6.497 -397.706 -109.232 -0.420 0.189 0.481 0.746
5.073 -397.432 -109.938 -0.423 0.192 0.494 0.735
3.628 -397.210 -110.630 -0.428 0.193 0.507 0.723
2.220 -397.054 -111.277 -0.432 0.195 0.522 0.709
0.796 -396.960 -111.902 -0.437 0.197 0.538 0.694
-0.635 -396.929 -112.502 -0.441 0.199 0.553 0.679
-2.071 -396.962 -113.078 -0.446 0.200 0.567 0.663
-3.515 -397.058 -113.633 -0.451 0.200 0.581 0.647
