0.187 -396.923 -111.618 -0.407 0.216 0.553 0.694
-1.320 -396.870 -112.124 -0.412 0.217 0.570 0.677
-2.841 -396.891 -112.610 -0.418 0.217 0.586 0.660
-4.397 -396.986 -113.082 -0.422 0.217 0.601 0.643
-5.982 -397.155 -113.538 -0.427 0.216 0.616 0.626
-7.585 -397.396 -113.973 -0.430 0.217 0.630 0.609
-9.204 -397.708 -114.385 -0.433 0.217 0.644 0.593
-10.828 -398.090 -114.768 -0.435 0.219 0.657 0.575
-12.447 -398.539 -115.117 -0.437 0.220 0.670 0.558
-14.056 -399.053 -115.428 -0.438 0.222 0.683 0.540
-15.649 -399.628 -115.697 -0.438 0.225 0.696 0.522
-17.224 -400.263 -115.920 -0.437 0.229 0.709 0.504
-18.780 -400.954 -116.093 -0.436 0.234 0.721 0.485
-20.304 -401.695 -116.212 -0.434 0.238 0.733 0.466
-21.781 -402.475 -116.278 -0.431 0.243 0.745 0.448
-23.202 -403.288 -116.297 -0.430 0.245 0.756 0.429
-24.584 -404.146 -116.269 -0.428 0.248 0.767 0.409
-25.988 -405.092 -116.198 -0.429 0.246 0.777 0.389
-27.360 -406.109 -116.102 -0.431 0.241 0.788 0.369
-28.710 -407.209 -115.976 -0.431 0.238 0.799 0.346
-29.994 -408.358 -115.815 -0.431 0.236 0.809 0.323
-31.211 -409.545 -115.623 -0.430 0.234 0.818 0.303
-32.367 -410.762 -115.406 -0.430 0.231 0.824 0.286
-33.476 -412.008 -115.169 -0.430 0.228 0.831 0.271
-34.541 -413.287 -114.913 -0.430 0.225 0.837 0.253
-35.547 -414.598 -114.635 -0.429 0.221 0.844 0.235
-36.484 -415.943 -114.332 -0.428 0.216 0.853 0.208
-37.337 -417.302 -114.011 -0.427 0.212 0.859 0.187
-38.119 -418.684 -113.663 -0.425 0.209 0.865 0.164
-38.835 -420.092 -113.294 -0.424 0.204 0.871 0.144
-39.520 -421.568 -112.894 -0.423 0.201 0.874 0.129
-40.169 -423.062 -112.483 -0.422 0.198 0.876 0.120
-40.793 -424.581 -112.067 -0.422 0.193 0.879 0.111
-41.375 -426.108 -111.657 -0.422 0.185 0.882 0.100
-41.894 -427.616 -111.257 -0.421 0.178 0.885 0.084
-42.347 -429.131 -110.856 -0.420 0.169 0.890 0.063
-42.709 -430.637 -110.455 -0.417 0.160 0.894 0.037
-42.982 -432.138 -110.041 -0.414 0.155 0.897 0.012
-43.193 -433.658 -109.610 -0.413 0.150 0.898 -0.003
-43.367 -435.209 -109.174 -0.412 0.143 0.900 -0.011
-43.512 -436.772 -108.752 -0.412 0.132 0.901 -0.016
-43.624 -438.327 -108.368 -0.412 0.115 0.904 -0.018
-43.712 -439.896 -108.045 -0.413 0.092 0.906 -0.016
-43.768 -441.506 -107.786 -0.413 0.068 0.908 -0.020
-43.769 -443.141 -107.583 -0.413 0.047 0.909 -0.030
