22.356 -461.182 -70.769 -0.038 0.000 -0.061 0.997
22.564 -459.524 -70.898 -0.039 0.000 -0.063 0.997
22.776 -457.880 -71.028 -0.038 0.000 -0.065 0.997
23.002 -456.231 -71.150 -0.035 0.000 -0.070 0.997
23.243 -454.585 -71.263 -0.033 -0.001 -0.075 0.997
23.502 -452.940 -71.370 -0.032 -0.001 -0.081 0.996
23.775 -451.337 -71.470 -0.031 -0.001 -0.086 0.996
24.054 -449.769 -71.573 -0.033 -0.001 -0.089 0.995
24.349 -448.175 -71.682 -0.034 -0.001 -0.093 0.995
24.658 -446.580 -71.791 -0.034 -0.001 -0.098 0.995
24.983 -444.999 -71.903 -0.036 -0.001 -0.104 0.994
25.329 -443.419 -72.023 -0.037 -0.002 -0.110 0.993
25.693 -441.842 -72.146 -0.041 -0.001 -0.116 0.992
26.073 -440.265 -72.289 -0.048 -0.001 -0.120 0.992
26.470 -438.682 -72.456 -0.056 0.000 -0.125 0.991
26.884 -437.103 -72.659 -0.069 0.001 -0.129 0.989
27.313 -435.534 -72.909 -0.085 0.003 -0.135 0.987
27.758 -433.980 -73.217 -0.104 0.005 -0.140 0.985
28.219 -432.422 -73.595 -0.124 0.008 -0.142 0.982
28.674 -430.889 -74.033 -0.142 0.011 -0.139 0.980
29.102 -429.367 -74.531 -0.161 0.015 -0.128 0.979
29.489 -427.851 -75.090 -0.179 0.019 -0.116 0.977
