28.176 -417.267 -87.352 -0.320 0.064 0.069 0.943
27.858 -415.985 -88.332 -0.324 0.071 0.090 0.939
27.466 -414.716 -89.314 -0.327 0.078 0.111 0.935
26.999 -413.463 -90.300 -0.331 0.084 0.133 0.931
26.462 -412.245 -91.278 -0.334 0.091 0.154 0.925
25.864 -411.071 -92.235 -0.336 0.098 0.175 0.920
25.193 -409.923 -93.183 -0.339 0.105 0.198 0.914
24.444 -408.800 -94.131 -0.342 0.111 0.220 0.907
23.635 -407.730 -95.054 -0.344 0.118 0.242 0.899
22.768 -406.708 -95.955 -0.347 0.125 0.264 0.891
21.844 -405.733 -96.836 -0.350 0.130 0.283 0.883
20.871 -404.805 -97.702 -0.354 0.135 0.301 0.875
19.846 -403.916 -98.562 -0.357 0.140 0.319 0.867
18.750 -403.051 -99.413 -0.356 0.147 0.339 0.859
17.597 -402.221 -100.236 -0.354 0.155 0.358 0.850
16.395 -401.434 -101.020 -0.351 0.162 0.378 0.841
15.153 -400.696 -101.761 -0.349 0.169 0.397 0.832
13.890 -400.016 -102.457 -0.349 0.175 0.415 0.822
12.619 -399.396 -103.112 -0.349 0.180 0.431 0.812
11.329 -398.824 -103.738 -0.350 0.183 0.446 0.803
10.008 -398.294 -104.348 -0.353 0.186 0.459 0.794
8.657 -397.803 -104.946 -0.355 0.188 0.472 0.785
7.257 -397.346 -105.544 -0.359 0.189 0.485 0.774
5.805 -396.938 -106.146 -0.366 0.188 0.500 0.762
4.328 -396.596 -106.745 -0.373 0.188 0.516 0.748
2.830 -396.324 -107.336 -0.380 0.187 0.532 0.733
1.313 -396.126 -107.915 -0.387 0.187 0.549 0.717
-0.204 -396.004 -108.473 -0.393 0.187 0.565 0.701
-1.730 -395.956 -109.014 -0.398 0.187 0.581 0.685
-3.271 -395.980 -109.539 -0.404 0.187 0.596 0.668
-4.830 -396.076 -110.045 -0.407 0.188 0.611 0.652
-6.401 -396.242 -110.527 -0.410 0.190 0.626 0.635
-7.981 -396.476 -110.980 -0.412 0.193 0.641 0.618
-9.566 -396.778 -111.399 -0.413 0.196 0.655 0.601
-11.149 -397.145 -111.780 -0.414 0.199 0.669 0.584
-12.727 -397.576 -112.120 -0.414 0.203 0.683 0.566
-14.303 -398.067 -112.418 -0.413 0.208 0.695 0.550
-15.866 -398.608 -112.671 -0.411 0.213 0.708 0.534
-17.412 -399.207 -112.876 -0.410 0.217 0.721 0.514
-18.935 -399.868 -113.033 -0.409 0.220 0.735 0.494
-20.440 -400.591 -113.143 -0.408 0.223 0.747 0.474
-21.868 -401.347 -113.213 -0.410 0.221 0.757 0.458
-23.229 -402.132 -113.278 -0.415 0.213 0.765 0.444
-24.563 -402.966 -113.352 -0.421 0.204 0.771 0.432
-25.862 -403.835 -113.430 -0.423 0.199 0.777 0.421
-27.130 -404.736 -113.496 -0.425 0.197 0.784 0.408
-28.377 -405.669 -113.545 -0.425 0.197 0.790 0.396
-29.630 -406.654 -113.571 -0.423 0.201 0.797 0.382
-30.898 -407.707 -113.554 -0.421 0.205 0.804 0.365
-32.172 -408.828 -113.496 -0.419 0.209 0.812 0.348
-33.428 -410.000 -113.391 -0.417 0.213 0.820 0.329
-34.653 -411.228 -113.228 -0.413 0.220 0.829 0.306
-35.828 -412.502 -112.998 -0.408 0.226 0.839 0.280
-36.929 -413.803 -112.702 -0.403 0.233 0.848 0.254
-37.947 -415.118 -112.350 -0.400 0.236 0.855 0.231
-38.911 -416.450 -111.972 -0.398 0.233 0.860 0.216
-39.809 -417.787 -111.581 -0.397 0.231 0.866 0.197
-40.633 -419.129 -111.172 -0.394 0.229 0.872 0.176
-41.384 -420.477 -110.742 -0.392 0.227 0.878 0.155
-42.056 -421.810 -110.304 -0.390 0.221 0.883 0.136
-42.652 -423.124 -109.875 -0.389 0.213 0.888 0.120
-43.196 -424.472 -109.440 -0.388 0.205 0.893 0.101
-43.685 -425.860 -108.994 -0.386 0.198 0.897 0.080
-44.110 -427.279 -108.537 -0.384 0.191 0.901 0.060
-44.476 -428.714 -108.064 -0.381 0.188 0.904 0.040
-44.784 -430.164 -107.573 -0.379 0.185 0.907 0.022
-45.037 -431.632 -107.066 -0.376 0.180 0.909 0.005
-45.240 -433.121 -106.551 -0.374 0.173 0.911 -0.010
-45.391 -434.628 -106.038 -0.372 0.164 0.913 -0.024
-45.485 -436.153 -105.535 -0.370 0.151 0.916 -0.040
-45.510 -437.681 -105.054 -0.367 0.136 0.918 -0.059
-45.457 -439.196 -104.600 -0.364 0.122 0.920 -0.081
-45.315 -440.713 -104.153 -0.360 0.111 0.920 -0.106
-45.088 -442.223 -103.705 -0.356 0.104 0.919 -0.132
-44.785 -443.696 -103.251 -0.352 0.100 0.918 -0.156
-44.413 -445.135 -102.792 -0.348 0.094 0.916 -0.178
-43.977 -446.553 -102.330 -0.344 0.089 0.914 -0.196
-43.496 -447.950 -101.868 -0.341 0.085 0.912 -0.209
-42.977 -449.334 -101.409 -0.338 0.077 0.912 -0.221
-42.408 -450.705 -100.974 -0.334 0.065 0.911 -0.235
-41.787 -452.058 -100.556 -0.329 0.056 0.909 -0.250
-41.111 -453.399 -100.147 -0.325 0.047 0.906 -0.266
-40.378 -454.726 -99.749 -0.321 0.038 0.903 -0.282
-39.592 -456.022 -99.368 -0.315 0.026 0.901 -0.299
-38.759 -457.273 -99.023 -0.309 0.011 0.898 -0.315
-37.876 -458.484 -98.711 -0.302 -0.003 0.894 -0.331
-36.939 -459.664 -98.428 -0.296 -0.017 0.890 -0.347
-35.946 -460.812 -98.172 -0.289 -0.031 0.885 -0.364
-34.904 -461.919 -97.950 -0.282 -0.046 0.880 -0.379
