-19.526 -400.583 -115.488 -0.407 0.255 0.727 0.491
-21.180 -401.309 -115.505 -0.402 0.262 0.739 0.472
-22.805 -402.085 -115.457 -0.398 0.268 0.751 0.453
-24.380 -402.906 -115.356 -0.395 0.272 0.763 0.434
-25.928 -403.782 -115.202 -0.392 0.275 0.773 0.415
-27.442 -404.706 -114.997 -0.389 0.279 0.783 0.397
-28.941 -405.685 -114.734 -0.384 0.285 0.793 0.378
-30.425 -406.720 -114.395 -0.376 0.295 0.803 0.357
-31.875 -407.800 -113.967 -0.367 0.306 0.813 0.333
-33.270 -408.923 -113.445 -0.357 0.318 0.824 0.305
-34.546 -410.047 -112.854 -0.348 0.325 0.835 0.277
-35.738 -411.204 -112.191 -0.339 0.332 0.845 0.247
