-23.674 -402.698 -115.656 -0.417 0.240 0.760 0.437
-25.120 -403.593 -115.647 -0.422 0.232 0.773 0.414
-26.509 -404.565 -115.625 -0.426 0.222 0.785 0.391
-27.844 -405.614 -115.594 -0.431 0.213 0.796 0.367
-29.120 -406.738 -115.546 -0.434 0.205 0.808 0.343
-30.316 -407.918 -115.483 -0.437 0.195 0.818 0.319
-31.442 -409.158 -115.411 -0.441 0.184 0.828 0.294
-32.477 -410.436 -115.333 -0.444 0.174 0.836 0.272
-33.444 -411.766 -115.249 -0.447 0.163 0.844 0.248
-34.335 -413.144 -115.158 -0.449 0.152 0.851 0.225
-35.148 -414.574 -115.061 -0.452 0.140 0.858 0.200
-35.863 -416.018 -114.966 -0.455 0.125 0.865 0.173
-36.454 -417.501 -114.875 -0.458 0.102 0.873 0.134
-36.937 -419.083 -114.775 -0.459 0.091 0.878 0.100
-37.322 -420.699 -114.654 -0.459 0.082 0.882 0.074
-37.629 -422.335 -114.526 -0.459 0.073 0.883 0.059
-37.889 -423.989 -114.402 -0.459 0.067 0.885 0.045
-38.089 -425.606 -114.275 -0.459 0.058 0.886 0.028
-38.221 -427.218 -114.143 -0.458 0.053 0.887 0.009
-38.301 -428.835 -114.006 -0.458 0.043 0.888 -0.003
-38.336 -430.447 -113.879 -0.458 0.038 0.888 -0.011
-38.351 -432.045 -113.755 -0.458 0.033 0.888 -0.016
-38.336 -433.582 -113.652 -0.457 0.021 0.889 -0.023
-38.282 -435.113 -113.569 -0.457 0.012 0.889 -0.033
-38.189 -436.635 -113.498 -0.456 0.003 0.889 -0.043
-38.068 -438.124 -113.436 -0.456 -0.003 0.889 -0.049
-37.935 -439.491 -113.383 -0.456 -0.007 0.888 -0.055
-37.769 -441.009 -113.327 -0.455 -0.009 0.888 -0.058
-37.586 -442.619 -113.269 -0.455 -0.010 0.888 -0.058
-37.384 -444.323 -113.197 -0.455 -0.006 0.888 -0.066
-37.167 -446.007 -113.102 -0.456 -0.002 0.887 -0.073
-36.940 -447.645 -112.986 -0.456 0.001 0.887 -0.081
-36.721 -449.145 -112.872 -0.455 -0.002 0.887 -0.081
-36.511 -450.541 -112.787 -0.454 -0.013 0.887 -0.079
-36.297 -451.917 -112.730 -0.454 -0.020 0.887 -0.077
-36.077 -453.326 -112.689 -0.454 -0.025 0.888 -0.074
-35.874 -454.668 -112.665 -0.453 -0.028 0.888 -0.068
-35.654 -456.134 -112.646 -0.453 -0.028 0.888 -0.071
-35.425 -457.645 -112.626 -0.453 -0.029 0.888 -0.068
-35.200 -459.245 -112.620 -0.453 -0.032 0.889 -0.056
-35.015 -460.825 -112.645 -0.453 -0.035 0.890 -0.040
-34.887 -462.168 -112.686 -0.453 -0.035 0.890 -0.031
-34.842 -462.739 -112.707 -0.453 -0.034 0.891 -0.023
-34.824 -463.000 -112.718 -0.453 -0.034 0.891 -0.018
-34.810 -463.238 -112.729 -0.452 -0.034 0.891 -0.014
-34.806 -463.311 -112.733 -0.452 -0.034 0.891 -0.013
-34.803 -463.372 -112.736 -0.452 -0.034 0.891 -0.011
-34.796 -463.513 -112.743 -0.452 -0.034 0.891 -0.009
-34.782 -463.851 -112.762 -0.452 -0.035 0.891 -0.002
-34.772 -464.184 -112.784 -0.452 -0.036 0.891 0.004
-34.764 -464.549 -112.810 -0.452 -0.037 0.891 0.010
-34.760 -464.932 -112.840 -0.451 -0.039 0.891 0.015
-34.759 -465.125 -112.857 -0.451 -0.039 0.891 0.019
-34.759 -465.295 -112.872 -0.451 -0.040 0.891 0.022
-34.760 -465.439 -112.885 -0.451 -0.040 0.891 0.025
-34.761 -465.591 -112.900 -0.451 -0.040 0.891 0.026
-34.762 -465.634 -112.904 -0.451 -0.040 0.891 0.027
-34.762 -465.674 -112.908 -0.451 -0.040 0.891 0.028
-34.764 -465.823 -112.922 -0.451 -0.040 0.891 0.030
-34.766 -465.919 -112.932 -0.451 -0.041 0.891 0.031
-34.770 -466.115 -112.952 -0.451 -0.041 0.891 0.034
-34.776 -466.342 -112.976 -0.450 -0.041 0.891 0.036
-34.783 -466.571 -113.001 -0.450 -0.041 0.891 0.039
-34.791 -466.801 -113.026 -0.450 -0.041 0.891 0.042
-34.802 -467.076 -113.057 -0.450 -0.041 0.891 0.044
-34.814 -467.354 -113.089 -0.450 -0.042 0.891 0.045
-34.827 -467.647 -113.123 -0.450 -0.043 0.891 0.046
-34.841 -467.960 -113.160 -0.450 -0.043 0.891 0.047
-34.856 -468.293 -113.201 -0.450 -0.044 0.891 0.048
-34.873 -468.652 -113.245 -0.450 -0.045 0.891 0.049
-34.915 -469.556 -113.358 -0.450 -0.044 0.891 0.048
-34.980 -470.979 -113.528 -0.450 -0.041 0.891 0.046
-35.050 -472.421 -113.692 -0.450 -0.038 0.891 0.049
-35.128 -473.690 -113.835 -0.449 -0.035 0.891 0.056
-35.259 -475.412 -114.034 -0.449 -0.033 0.891 0.064
-35.415 -477.065 -114.231 -0.448 -0.030 0.891 0.072
