-48.593 -437.150 -110.459 -0.425 0.114 0.895 0.069
-48.940 -438.972 -110.197 -0.425 0.094 0.899 0.040
-49.162 -440.811 -109.951 -0.424 0.078 0.902 0.012
-49.271 -442.624 -109.717 -0.423 0.065 0.904 -0.009
-49.310 -444.362 -109.507 -0.423 0.053 0.904 -0.021
-49.296 -446.055 -109.320 -0.422 0.043 0.905 -0.032
-49.232 -447.773 -109.150 -0.421 0.030 0.905 -0.042
-49.122 -449.482 -109.011 -0.420 0.016 0.906 -0.050
-48.970 -451.177 -108.905 -0.420 0.003 0.906 -0.057
-48.778 -452.869 -108.835 -0.419 -0.013 0.906 -0.062
-48.545 -454.578 -108.812 -0.417 -0.031 0.906 -0.066
-48.273 -456.286 -108.841 -0.416 -0.050 0.905 -0.070
-47.969 -457.979 -108.922 -0.415 -0.065 0.905 -0.071
-47.652 -459.666 -109.043 -0.414 -0.076 0.905 -0.068
-47.344 -461.252 -109.184 -0.413 -0.080 0.904 -0.070
