-41.815 -420.918 -113.266 -0.422 0.192 0.865 0.194
-42.511 -422.148 -113.015 -0.421 0.191 0.869 0.180
-43.171 -423.395 -112.746 -0.419 0.189 0.872 0.165
-43.792 -424.660 -112.462 -0.418 0.187 0.876 0.149
-44.366 -425.941 -112.166 -0.418 0.181 0.881 0.132
-44.888 -427.236 -111.863 -0.417 0.175 0.885 0.114
-45.355 -428.539 -111.554 -0.416 0.169 0.888 0.096
-45.764 -429.851 -111.239 -0.415 0.162 0.892 0.077
-46.117 -431.176 -110.918 -0.413 0.155 0.896 0.057
-46.413 -432.530 -110.588 -0.412 0.147 0.899 0.036
-46.650 -433.925 -110.245 -0.410 0.138 0.901 0.015
-46.821 -435.379 -109.883 -0.407 0.130 0.904 -0.010
-46.916 -436.892 -109.500 -0.405 0.121 0.906 -0.035
-46.924 -438.439 -109.104 -0.401 0.110 0.907 -0.061
-46.841 -440.022 -108.695 -0.398 0.099 0.908 -0.087
-46.663 -441.620 -108.286 -0.394 0.085 0.908 -0.111
-46.398 -443.206 -107.897 -0.390 0.068 0.909 -0.132
-46.067 -444.696 -107.555 -0.386 0.053 0.908 -0.152
-45.684 -446.098 -107.246 -0.383 0.041 0.907 -0.170
-45.249 -447.495 -106.941 -0.381 0.036 0.906 -0.183
-44.772 -448.907 -106.627 -0.379 0.035 0.904 -0.192
-44.255 -450.375 -106.290 -0.379 0.036 0.904 -0.196
-43.711 -451.890 -105.937 -0.379 0.036 0.903 -0.200
-43.142 -453.430 -105.572 -0.378 0.034 0.902 -0.204
-42.561 -454.951 -105.215 -0.377 0.030 0.902 -0.209
-41.960 -456.464 -104.869 -0.375 0.023 0.902 -0.215
-41.325 -457.950 -104.547 -0.371 0.011 0.900 -0.228
-40.634 -459.403 -104.245 -0.366 -0.001 0.897 -0.246
-39.875 -460.824 -103.964 -0.361 -0.014 0.894 -0.266
-39.035 -462.232 -103.696 -0.357 -0.026 0.890 -0.284
-38.129 -463.616 -103.441 -0.352 -0.036 0.886 -0.300
-37.186 -464.962 -103.203 -0.349 -0.043 0.883 -0.310
-36.228 -466.274 -102.976 -0.347 -0.047 0.882 -0.316
-35.255 -467.554 -102.762 -0.344 -0.054 0.879 -0.325
