28.566 -429.082 -79.649 -0.236 0.025 -0.068 0.969
28.755 -427.658 -80.410 -0.244 0.026 -0.065 0.967
28.932 -426.210 -81.211 -0.251 0.028 -0.060 0.966
29.092 -424.791 -82.025 -0.258 0.030 -0.055 0.964
29.228 -423.340 -82.884 -0.266 0.033 -0.045 0.962
29.319 -421.913 -83.756 -0.273 0.037 -0.031 0.961
29.360 -420.513 -84.638 -0.280 0.042 -0.016 0.959
29.335 -419.130 -85.528 -0.284 0.048 0.005 0.958
29.236 -417.754 -86.421 -0.286 0.054 0.027 0.956
29.060 -416.377 -87.321 -0.287 0.061 0.049 0.955
28.811 -415.025 -88.201 -0.286 0.068 0.072 0.953
28.483 -413.674 -89.068 -0.283 0.074 0.095 0.952
28.074 -412.311 -89.933 -0.282 0.081 0.117 0.949
27.597 -410.986 -90.774 -0.282 0.087 0.139 0.945
27.056 -409.692 -91.596 -0.282 0.093 0.159 0.941
26.453 -408.423 -92.406 -0.284 0.098 0.179 0.937
25.785 -407.179 -93.208 -0.285 0.103 0.199 0.932
25.059 -405.972 -93.994 -0.287 0.108 0.219 0.926
24.277 -404.801 -94.766 -0.289 0.113 0.239 0.920
23.435 -403.662 -95.527 -0.291 0.118 0.258 0.914
22.539 -402.557 -96.284 -0.295 0.122 0.276 0.907
21.587 -401.488 -97.037 -0.299 0.126 0.294 0.899
20.579 -400.456 -97.785 -0.302 0.130 0.313 0.891
19.516 -399.466 -98.521 -0.304 0.134 0.332 0.883
18.399 -398.519 -99.238 -0.304 0.140 0.352 0.874
17.231 -397.617 -99.931 -0.303 0.145 0.372 0.865
16.012 -396.760 -100.597 -0.303 0.151 0.391 0.856
14.721 -395.938 -101.253 -0.305 0.155 0.411 0.845
13.414 -395.189 -101.881 -0.309 0.157 0.428 0.835
12.083 -394.494 -102.493 -0.312 0.159 0.442 0.826
10.716 -393.842 -103.098 -0.315 0.161 0.456 0.817
9.317 -393.234 -103.697 -0.318 0.163 0.469 0.808
7.885 -392.671 -104.283 -0.320 0.166 0.484 0.797
6.423 -392.161 -104.845 -0.320 0.170 0.502 0.785
4.929 -391.713 -105.376 -0.320 0.175 0.520 0.772
3.412 -391.328 -105.873 -0.321 0.179 0.538 0.759
1.877 -391.006 -106.342 -0.322 0.182 0.555 0.745
0.337 -390.751 -106.782 -0.325 0.183 0.571 0.732
-1.220 -390.559 -107.206 -0.328 0.184 0.586 0.718
-2.802 -390.429 -107.614 -0.330 0.185 0.601 0.704
-4.394 -390.364 -107.999 -0.332 0.187 0.616 0.689
-5.987 -390.365 -108.363 -0.335 0.187 0.631 0.674
-7.576 -390.431 -108.705 -0.338 0.187 0.645 0.659
-9.158 -390.563 -109.027 -0.341 0.187 0.659 0.644
-10.733 -390.759 -109.328 -0.344 0.187 0.673 0.628
-12.298 -391.022 -109.612 -0.348 0.185 0.686 0.612
-13.855 -391.353 -109.883 -0.352 0.182 0.699 0.595
-15.408 -391.755 -110.143 -0.357 0.179 0.712 0.577
-16.962 -392.236 -110.396 -0.362 0.175 0.725 0.559
-18.518 -392.799 -110.642 -0.367 0.171 0.738 0.540
-20.076 -393.451 -110.880 -0.372 0.167 0.751 0.519
-21.601 -394.177 -111.103 -0.376 0.164 0.763 0.500
-23.081 -394.966 -111.308 -0.380 0.160 0.774 0.481
-24.448 -395.773 -111.491 -0.383 0.156 0.784 0.463
-25.631 -396.536 -111.637 -0.385 0.156 0.793 0.446
-26.679 -397.267 -111.750 -0.385 0.156 0.802 0.428
-27.611 -397.966 -111.834 -0.386 0.156 0.811 0.411
