28.806 -426.400 -81.118 -0.250 0.031 -0.045 0.967
28.910 -424.994 -81.921 -0.259 0.033 -0.038 0.964
28.984 -423.557 -82.773 -0.267 0.037 -0.027 0.963
29.014 -422.135 -83.641 -0.274 0.041 -0.013 0.961
28.990 -420.745 -84.517 -0.281 0.045 0.003 0.959
28.902 -419.368 -85.407 -0.286 0.051 0.024 0.957
28.742 -418.006 -86.304 -0.290 0.057 0.045 0.954
28.511 -416.663 -87.204 -0.295 0.063 0.066 0.951
28.207 -415.336 -88.105 -0.297 0.070 0.088 0.948
27.828 -414.020 -89.008 -0.299 0.076 0.110 0.945
27.373 -412.717 -89.913 -0.303 0.082 0.132 0.940
26.847 -411.441 -90.814 -0.306 0.088 0.153 0.935
26.250 -410.196 -91.708 -0.309 0.094 0.175 0.930
25.587 -408.984 -92.594 -0.312 0.100 0.196 0.924
24.859 -407.809 -93.470 -0.315 0.106 0.216 0.918
24.072 -406.675 -94.334 -0.318 0.111 0.237 0.911
23.227 -405.580 -95.177 -0.317 0.118 0.257 0.905
22.322 -404.519 -95.998 -0.318 0.124 0.277 0.898
21.362 -403.495 -96.803 -0.319 0.129 0.296 0.891
20.346 -402.507 -97.590 -0.319 0.135 0.315 0.883
19.264 -401.552 -98.360 -0.319 0.141 0.336 0.875
18.128 -400.647 -99.100 -0.319 0.148 0.358 0.865
16.942 -399.796 -99.806 -0.318 0.155 0.380 0.855
15.711 -399.005 -100.472 -0.316 0.162 0.403 0.844
14.426 -398.268 -101.101 -0.314 0.169 0.425 0.832
13.087 -397.580 -101.705 -0.316 0.172 0.443 0.821
11.721 -396.953 -102.290 -0.321 0.174 0.460 0.810
10.339 -396.385 -102.861 -0.326 0.174 0.474 0.799
8.921 -395.866 -103.432 -0.331 0.175 0.488 0.789
7.463 -395.400 -103.998 -0.336 0.176 0.504 0.776
5.975 -394.998 -104.556 -0.341 0.176 0.521 0.762
4.460 -394.664 -105.100 -0.345 0.178 0.538 0.748
2.921 -394.401 -105.627 -0.350 0.179 0.556 0.733
1.369 -394.212 -106.131 -0.354 0.180 0.573 0.717
-0.185 -394.096 -106.612 -0.358 0.181 0.589 0.701
-1.747 -394.052 -107.070 -0.361 0.183 0.605 0.685
-3.317 -394.078 -107.504 -0.364 0.184 0.621 0.669
-4.895 -394.173 -107.915 -0.367 0.185 0.636 0.653
-6.475 -394.338 -108.301 -0.370 0.186 0.651 0.636
-8.055 -394.571 -108.659 -0.372 0.188 0.666 0.619
-9.631 -394.871 -108.987 -0.373 0.190 0.680 0.602
-11.201 -395.237 -109.281 -0.373 0.193 0.694 0.584
-12.767 -395.668 -109.537 -0.372 0.197 0.708 0.566
-14.319 -396.160 -109.747 -0.370 0.202 0.722 0.548
-15.857 -396.710 -109.909 -0.368 0.207 0.735 0.530
-17.383 -397.319 -110.029 -0.367 0.211 0.748 0.512
-18.888 -397.984 -110.107 -0.365 0.214 0.759 0.494
-20.368 -398.703 -110.145 -0.363 0.217 0.771 0.476
-21.817 -399.471 -110.143 -0.361 0.220 0.782 0.458
-23.249 -400.293 -110.099 -0.359 0.224 0.792 0.440
-24.653 -401.166 -110.011 -0.356 0.229 0.802 0.421
-26.036 -402.093 -109.876 -0.353 0.232 0.812 0.402
-27.400 -403.079 -109.695 -0.350 0.236 0.821 0.384
-28.729 -404.102 -109.478 -0.348 0.237 0.828 0.370
-30.023 -405.146 -109.242 -0.347 0.237 0.833 0.359
-31.289 -406.212 -108.989 -0.345 0.239 0.838 0.348
-32.538 -407.308 -108.703 -0.342 0.243 0.843 0.337
-33.760 -408.420 -108.387 -0.339 0.247 0.848 0.325
-34.949 -409.554 -108.036 -0.337 0.249 0.854 0.309
-36.106 -410.737 -107.656 -0.334 0.249 0.861 0.291
-37.176 -411.906 -107.255 -0.331 0.252 0.867 0.274
-38.217 -413.118 -106.821 -0.329 0.251 0.873 0.259
-39.234 -414.402 -106.363 -0.329 0.241 0.882 0.238
-40.168 -415.729 -105.920 -0.331 0.225 0.891 0.216
-41.013 -417.085 -105.510 -0.333 0.206 0.898 0.198
-41.803 -418.496 -105.134 -0.337 0.186 0.905 0.184
-42.532 -419.948 -104.803 -0.340 0.167 0.910 0.170
-43.210 -421.446 -104.510 -0.343 0.148 0.914 0.157
-43.824 -422.972 -104.266 -0.346 0.126 0.919 0.144
-44.375 -424.523 -104.074 -0.349 0.104 0.922 0.131
-44.865 -426.116 -103.934 -0.352 0.082 0.925 0.117
-45.288 -427.737 -103.844 -0.354 0.060 0.928 0.102
-45.638 -429.376 -103.797 -0.356 0.042 0.930 0.084
-45.907 -431.015 -103.781 -0.357 0.026 0.932 0.064
-46.104 -432.661 -103.793 -0.358 0.010 0.932 0.050
