24.366 -408.690 -95.050 -0.371 0.106 0.205 0.900
23.619 -407.680 -96.042 -0.373 0.113 0.224 0.893
22.813 -406.703 -97.023 -0.376 0.119 0.243 0.886
21.954 -405.765 -97.990 -0.380 0.125 0.261 0.879
21.045 -404.868 -98.945 -0.384 0.130 0.279 0.870
20.084 -404.014 -99.893 -0.389 0.135 0.297 0.862
19.071 -403.202 -100.832 -0.393 0.140 0.315 0.852
18.003 -402.434 -101.761 -0.397 0.146 0.334 0.842
16.878 -401.711 -102.676 -0.400 0.152 0.353 0.832
15.698 -401.034 -103.573 -0.402 0.158 0.372 0.822
14.466 -400.407 -104.448 -0.404 0.164 0.391 0.811
13.191 -399.832 -105.293 -0.405 0.171 0.410 0.799
11.884 -399.316 -106.102 -0.407 0.176 0.427 0.788
10.559 -398.856 -106.879 -0.410 0.180 0.443 0.777
9.217 -398.450 -107.629 -0.414 0.183 0.457 0.766
7.856 -398.094 -108.360 -0.417 0.185 0.470 0.755
6.471 -397.785 -109.078 -0.421 0.187 0.483 0.745
5.054 -397.522 -109.787 -0.425 0.189 0.495 0.734
3.607 -397.307 -110.485 -0.429 0.191 0.508 0.722
2.233 -397.159 -111.120 -0.433 0.194 0.523 0.708
0.833 -397.070 -111.739 -0.437 0.196 0.538 0.693
-0.601 -397.045 -112.339 -0.441 0.198 0.554 0.677
-2.031 -397.083 -112.908 -0.446 0.200 0.569 0.661
-3.474 -397.186 -113.456 -0.450 0.200 0.584 0.645
-4.926 -397.354 -113.986 -0.456 0.200 0.597 0.629
-6.404 -397.593 -114.506 -0.461 0.199 0.611 0.612
