25.608 -410.613 -93.143 -0.359 0.096 0.172 0.912
24.946 -409.510 -94.150 -0.359 0.104 0.194 0.907
24.226 -408.447 -95.129 -0.360 0.111 0.214 0.901
23.450 -407.424 -96.088 -0.363 0.117 0.233 0.895
22.622 -406.438 -97.035 -0.367 0.122 0.250 0.888
21.744 -405.492 -97.973 -0.371 0.127 0.267 0.880
20.819 -404.586 -98.905 -0.377 0.131 0.284 0.872
19.845 -403.721 -99.833 -0.382 0.135 0.301 0.863
18.822 -402.901 -100.755 -0.387 0.140 0.318 0.854
17.749 -402.125 -101.669 -0.391 0.145 0.337 0.844
16.621 -401.394 -102.571 -0.395 0.150 0.355 0.834
15.442 -400.711 -103.456 -0.397 0.156 0.374 0.823
14.212 -400.078 -104.319 -0.399 0.162 0.393 0.812
12.939 -399.497 -105.153 -0.401 0.169 0.411 0.801
11.634 -398.970 -105.956 -0.403 0.173 0.428 0.790
10.308 -398.497 -106.729 -0.405 0.178 0.443 0.780
8.968 -398.076 -107.474 -0.408 0.181 0.456 0.770
7.607 -397.701 -108.203 -0.412 0.183 0.469 0.760
6.211 -397.368 -108.925 -0.415 0.185 0.481 0.750
4.782 -397.078 -109.637 -0.418 0.187 0.493 0.740
3.333 -396.836 -110.333 -0.422 0.189 0.506 0.729
1.952 -396.660 -110.972 -0.426 0.191 0.520 0.715
0.532 -396.543 -111.600 -0.430 0.194 0.536 0.700
-0.955 -396.491 -112.221 -0.434 0.196 0.553 0.683
-2.474 -396.508 -112.821 -0.438 0.198 0.569 0.667
-4.026 -396.595 -113.402 -0.442 0.200 0.584 0.651
-5.611 -396.753 -113.967 -0.446 0.201 0.598 0.635
-7.221 -396.984 -114.512 -0.450 0.202 0.612 0.618
-8.843 -397.287 -115.034 -0.454 0.202 0.625 0.601
