-25.522 -403.808 -115.642 -0.417 0.240 0.772 0.414
-26.945 -404.779 -115.586 -0.420 0.234 0.785 0.391
-28.324 -405.829 -115.502 -0.421 0.231 0.797 0.367
-29.644 -406.946 -115.382 -0.421 0.227 0.809 0.341
-30.889 -408.117 -115.229 -0.422 0.222 0.820 0.317
-32.063 -409.345 -115.050 -0.423 0.216 0.830 0.292
-33.141 -410.592 -114.856 -0.424 0.209 0.838 0.271
-34.155 -411.894 -114.643 -0.425 0.202 0.848 0.245
-35.082 -413.229 -114.412 -0.425 0.195 0.856 0.220
-35.929 -414.606 -114.166 -0.426 0.185 0.864 0.195
-36.696 -416.024 -113.912 -0.427 0.173 0.871 0.170
-37.395 -417.500 -113.650 -0.427 0.165 0.876 0.152
-38.068 -419.019 -113.381 -0.427 0.161 0.878 0.145
-38.716 -420.529 -113.116 -0.427 0.160 0.878 0.143
-39.369 -422.062 -112.849 -0.428 0.158 0.879 0.142
-40.005 -423.586 -112.601 -0.429 0.150 0.879 0.141
-40.617 -425.112 -112.376 -0.431 0.140 0.881 0.137
-41.203 -426.648 -112.175 -0.432 0.130 0.882 0.132
-41.758 -428.202 -111.991 -0.434 0.120 0.884 0.123
-42.261 -429.756 -111.818 -0.434 0.113 0.887 0.107
-42.690 -431.300 -111.639 -0.434 0.106 0.891 0.085
-43.037 -432.834 -111.449 -0.433 0.099 0.894 0.062
-43.321 -434.391 -111.245 -0.432 0.095 0.896 0.045
-43.561 -435.972 -111.031 -0.432 0.090 0.897 0.032
-43.770 -437.569 -110.815 -0.432 0.087 0.897 0.028
-43.973 -439.186 -110.603 -0.432 0.082 0.898 0.027
-44.156 -440.807 -110.414 -0.432 0.069 0.899 0.022
-44.292 -442.433 -110.264 -0.433 0.050 0.900 0.013
-44.369 -444.079 -110.156 -0.433 0.030 0.901 0.001
