21.653 -469.707 -70.238 -0.016 0.000 -0.040 0.999
21.811 -468.067 -70.299 -0.021 0.000 -0.054 0.998
22.008 -466.422 -70.374 -0.023 0.000 -0.063 0.998
22.221 -464.746 -70.452 -0.023 0.000 -0.064 0.998
22.438 -463.071 -70.528 -0.022 0.000 -0.065 0.998
22.662 -461.401 -70.604 -0.022 0.000 -0.069 0.997
22.904 -459.742 -70.674 -0.020 -0.001 -0.075 0.997
23.166 -458.089 -70.738 -0.018 -0.001 -0.081 0.997
23.445 -456.460 -70.796 -0.018 -0.001 -0.088 0.996
23.742 -454.848 -70.857 -0.019 -0.001 -0.094 0.995
24.054 -453.231 -70.928 -0.025 -0.001 -0.097 0.995
24.375 -451.624 -71.015 -0.029 0.000 -0.100 0.995
24.706 -450.036 -71.115 -0.034 0.000 -0.106 0.994
25.060 -448.466 -71.232 -0.038 0.000 -0.114 0.993
25.434 -446.895 -71.357 -0.040 0.000 -0.119 0.992
25.826 -445.330 -71.494 -0.045 0.001 -0.125 0.991
26.238 -443.767 -71.649 -0.050 0.001 -0.131 0.990
26.663 -442.214 -71.820 -0.057 0.002 -0.134 0.989
27.097 -440.653 -72.022 -0.067 0.003 -0.135 0.989
27.530 -439.114 -72.258 -0.080 0.005 -0.136 0.987
27.971 -437.563 -72.546 -0.097 0.007 -0.137 0.986
28.415 -436.005 -72.893 -0.113 0.009 -0.136 0.984
28.844 -434.436 -73.294 -0.127 0.012 -0.127 0.984
