21.583 -471.388 -70.182 -0.012 0.000 -0.028 1.000
21.702 -469.778 -70.224 -0.015 0.000 -0.045 0.999
21.873 -468.142 -70.278 -0.018 0.000 -0.058 0.998
22.082 -466.485 -70.337 -0.017 0.000 -0.064 0.998
22.302 -464.813 -70.392 -0.016 -0.001 -0.066 0.998
22.533 -463.153 -70.444 -0.014 -0.001 -0.072 0.997
22.785 -461.498 -70.488 -0.012 -0.001 -0.078 0.997
23.060 -459.849 -70.526 -0.011 -0.001 -0.087 0.996
23.359 -458.222 -70.560 -0.011 -0.001 -0.094 0.996
23.681 -456.598 -70.594 -0.011 -0.001 -0.101 0.995
24.022 -454.987 -70.637 -0.017 -0.001 -0.106 0.994
24.374 -453.394 -70.703 -0.024 0.000 -0.113 0.993
24.750 -451.808 -70.791 -0.031 0.000 -0.120 0.992
25.152 -450.243 -70.901 -0.038 0.001 -0.130 0.991
25.585 -448.693 -71.035 -0.045 0.002 -0.140 0.989
26.046 -447.150 -71.188 -0.050 0.002 -0.148 0.988
26.529 -445.612 -71.363 -0.058 0.003 -0.153 0.986
27.022 -444.087 -71.564 -0.067 0.004 -0.156 0.985
27.516 -442.571 -71.798 -0.079 0.006 -0.156 0.985
28.019 -440.990 -72.093 -0.095 0.009 -0.149 0.984
