-45.769 -428.833 -111.853 -0.424 0.156 0.883 0.126
-46.306 -430.339 -111.588 -0.425 0.140 0.888 0.106
-46.758 -431.854 -111.343 -0.426 0.124 0.892 0.086
-47.125 -433.372 -111.120 -0.427 0.107 0.896 0.065
-47.408 -434.891 -110.920 -0.427 0.089 0.899 0.044
-47.610 -436.435 -110.746 -0.427 0.068 0.901 0.026
-47.740 -438.085 -110.593 -0.427 0.049 0.903 0.006
-47.784 -439.762 -110.457 -0.427 0.035 0.904 -0.016
-47.747 -441.437 -110.340 -0.426 0.019 0.904 -0.033
-47.640 -443.104 -110.254 -0.425 0.000 0.904 -0.046
-47.471 -444.764 -110.212 -0.424 -0.021 0.904 -0.056
