-49.952 -442.940 -109.570 -0.426 0.099 0.897 0.060
-50.250 -444.554 -109.385 -0.427 0.077 0.899 0.050
-50.456 -446.174 -109.254 -0.428 0.050 0.902 0.030
-50.563 -447.792 -109.176 -0.428 0.021 0.903 0.010
-50.579 -449.363 -109.161 -0.429 -0.007 0.903 -0.005
-50.520 -450.918 -109.199 -0.428 -0.030 0.903 -0.018
-50.402 -452.464 -109.278 -0.428 -0.049 0.902 -0.029
-50.230 -454.049 -109.402 -0.427 -0.068 0.901 -0.034
-50.015 -455.665 -109.585 -0.426 -0.089 0.900 -0.037
-49.767 -457.235 -109.812 -0.425 -0.106 0.898 -0.042
-49.499 -458.725 -110.062 -0.424 -0.118 0.897 -0.047
-49.200 -460.219 -110.347 -0.423 -0.132 0.895 -0.050
-48.858 -461.744 -110.668 -0.422 -0.145 0.893 -0.058
-48.475 -463.255 -111.017 -0.422 -0.158 0.890 -0.066
