21.924 -465.425 -70.459 -0.031 0.000 -0.051 0.998
22.111 -463.792 -70.570 -0.035 0.000 -0.063 0.997
22.325 -462.140 -70.685 -0.034 0.000 -0.065 0.997
22.544 -460.479 -70.800 -0.034 0.000 -0.066 0.997
22.770 -458.843 -70.908 -0.031 -0.001 -0.071 0.997
23.015 -457.188 -71.009 -0.029 -0.001 -0.076 0.997
23.279 -455.539 -71.102 -0.027 -0.001 -0.082 0.996
23.560 -453.920 -71.187 -0.026 -0.002 -0.088 0.996
23.860 -452.296 -71.274 -0.027 -0.002 -0.094 0.995
24.180 -450.670 -71.367 -0.029 -0.001 -0.098 0.995
24.503 -449.088 -71.466 -0.033 -0.001 -0.104 0.994
24.845 -447.500 -71.574 -0.034 -0.001 -0.108 0.994
25.202 -445.925 -71.686 -0.036 -0.001 -0.114 0.993
25.579 -444.356 -71.809 -0.040 -0.001 -0.120 0.992
25.976 -442.787 -71.939 -0.042 -0.001 -0.126 0.991
26.389 -441.222 -72.084 -0.049 0.000 -0.130 0.990
26.813 -439.661 -72.254 -0.057 0.001 -0.134 0.989
27.249 -438.106 -72.458 -0.070 0.002 -0.137 0.988
27.705 -436.526 -72.713 -0.085 0.004 -0.141 0.986
28.162 -434.991 -73.018 -0.104 0.006 -0.144 0.984
28.630 -433.433 -73.393 -0.122 0.009 -0.141 0.982
29.070 -431.877 -73.828 -0.139 0.013 -0.130 0.982
