21.718 -405.608 -98.335 -0.386 0.124 0.263 0.876
20.804 -404.729 -99.305 -0.390 0.129 0.281 0.867
19.837 -403.890 -100.269 -0.395 0.134 0.298 0.858
18.817 -403.093 -101.225 -0.399 0.140 0.317 0.849
17.746 -402.343 -102.167 -0.403 0.146 0.335 0.839
16.619 -401.637 -103.094 -0.406 0.152 0.354 0.829
15.441 -400.977 -104.004 -0.408 0.158 0.372 0.819
14.214 -400.365 -104.891 -0.410 0.164 0.390 0.808
12.943 -399.803 -105.750 -0.411 0.170 0.408 0.797
11.635 -399.294 -106.577 -0.413 0.176 0.426 0.786
10.286 -398.835 -107.379 -0.415 0.181 0.442 0.775
8.914 -398.429 -108.150 -0.417 0.185 0.457 0.763
7.521 -398.076 -108.894 -0.420 0.189 0.471 0.752
6.104 -397.773 -109.619 -0.423 0.191 0.485 0.741
4.660 -397.519 -110.327 -0.427 0.194 0.498 0.730
3.232 -397.328 -111.001 -0.432 0.195 0.513 0.716
1.798 -397.201 -111.648 -0.436 0.197 0.529 0.701
0.356 -397.139 -112.271 -0.441 0.199 0.543 0.686
-1.088 -397.140 -112.869 -0.446 0.199 0.558 0.671
