-14.520 -398.731 -115.022 -0.409 0.246 0.686 0.549
-16.186 -399.242 -115.194 -0.407 0.251 0.698 0.533
-17.838 -399.806 -115.312 -0.404 0.256 0.711 0.516
-19.480 -400.424 -115.372 -0.400 0.263 0.723 0.498
-21.116 -401.104 -115.380 -0.399 0.264 0.736 0.479
-22.707 -401.841 -115.348 -0.399 0.264 0.748 0.460
-24.229 -402.624 -115.283 -0.399 0.262 0.760 0.440
-25.706 -403.467 -115.186 -0.400 0.260 0.773 0.419
-27.131 -404.372 -115.058 -0.401 0.256 0.785 0.397
-28.538 -405.360 -114.893 -0.399 0.257 0.797 0.374
-29.905 -406.408 -114.674 -0.396 0.260 0.807 0.352
-31.211 -407.487 -114.402 -0.392 0.265 0.816 0.332
-32.480 -408.610 -114.075 -0.387 0.270 0.825 0.310
-33.707 -409.775 -113.687 -0.381 0.276 0.834 0.288
-34.881 -410.978 -113.234 -0.375 0.283 0.842 0.265
-35.983 -412.199 -112.731 -0.370 0.286 0.850 0.242
-37.017 -413.447 -112.177 -0.364 0.290 0.858 0.218
-37.970 -414.706 -111.579 -0.358 0.293 0.865 0.194
-38.836 -415.959 -110.951 -0.353 0.296 0.871 0.171
-39.618 -417.200 -110.297 -0.347 0.298 0.877 0.149
-40.333 -418.451 -109.610 -0.342 0.299 0.882 0.127
-40.995 -419.736 -108.886 -0.337 0.297 0.887 0.108
-41.592 -421.026 -108.160 -0.334 0.290 0.892 0.091
-42.134 -422.347 -107.426 -0.331 0.282 0.897 0.074
-42.615 -423.683 -106.692 -0.328 0.275 0.902 0.057
-43.039 -425.038 -105.960 -0.326 0.267 0.906 0.042
-43.418 -426.439 -105.229 -0.325 0.253 0.911 0.030
-43.748 -427.861 -104.531 -0.324 0.237 0.916 0.019
-44.026 -429.298 -103.873 -0.323 0.219 0.920 0.009
-44.255 -430.758 -103.257 -0.323 0.201 0.925 -0.001
-44.421 -432.256 -102.681 -0.321 0.178 0.930 -0.018
-44.517 -433.768 -102.157 -0.319 0.156 0.934 -0.032
-44.552 -435.291 -101.681 -0.318 0.137 0.937 -0.044
-44.534 -436.818 -101.250 -0.316 0.119 0.940 -0.054
-44.469 -438.344 -100.863 -0.315 0.103 0.942 -0.064
-44.361 -439.864 -100.516 -0.313 0.088 0.943 -0.072
-44.211 -441.400 -100.200 -0.311 0.075 0.944 -0.083
-44.013 -442.940 -99.908 -0.309 0.063 0.944 -0.095
-43.767 -444.468 -99.638 -0.308 0.053 0.944 -0.109
