21.521 -473.809 -70.131 -0.009 0.000 -0.013 1.000
21.589 -472.162 -70.175 -0.017 0.000 -0.028 0.999
21.708 -470.525 -70.236 -0.021 0.000 -0.044 0.999
21.875 -468.908 -70.312 -0.025 0.000 -0.058 0.998
22.082 -467.259 -70.394 -0.024 -0.001 -0.065 0.998
22.300 -465.579 -70.474 -0.024 -0.001 -0.065 0.998
22.519 -463.900 -70.554 -0.023 -0.001 -0.065 0.998
22.743 -462.220 -70.633 -0.023 -0.001 -0.069 0.997
22.987 -460.551 -70.709 -0.022 -0.001 -0.075 0.997
23.249 -458.895 -70.779 -0.020 -0.001 -0.082 0.996
23.536 -457.238 -70.843 -0.019 -0.001 -0.089 0.996
23.837 -455.626 -70.906 -0.020 -0.001 -0.095 0.995
24.152 -454.024 -70.977 -0.024 -0.001 -0.098 0.995
24.485 -452.381 -71.064 -0.029 -0.001 -0.100 0.995
24.813 -450.765 -71.164 -0.031 0.000 -0.099 0.995
25.141 -449.186 -71.270 -0.035 0.000 -0.105 0.994
25.482 -447.600 -71.382 -0.035 0.000 -0.106 0.994
25.828 -446.020 -71.494 -0.036 0.000 -0.110 0.993
26.189 -444.442 -71.617 -0.040 0.000 -0.114 0.993
26.563 -442.862 -71.753 -0.044 0.000 -0.117 0.992
26.947 -441.280 -71.909 -0.052 0.001 -0.119 0.992
27.332 -439.709 -72.095 -0.063 0.002 -0.120 0.991
27.723 -438.144 -72.320 -0.077 0.004 -0.122 0.990
28.125 -436.557 -72.603 -0.094 0.006 -0.123 0.988
28.528 -434.978 -72.941 -0.110 0.008 -0.122 0.986
28.915 -433.389 -73.332 -0.124 0.011 -0.112 0.986
