-34.132 -410.838 -114.914 -0.413 0.238 0.829 0.294
-35.368 -412.195 -114.583 -0.406 0.246 0.840 0.263
-36.505 -413.584 -114.171 -0.400 0.252 0.851 0.230
-37.526 -414.982 -113.699 -0.395 0.254 0.859 0.202
-38.439 -416.368 -113.195 -0.391 0.253 0.867 0.176
-39.270 -417.796 -112.660 -0.389 0.246 0.875 0.150
-39.999 -419.227 -112.112 -0.385 0.243 0.882 0.125
-40.639 -420.647 -111.543 -0.381 0.242 0.887 0.102
-41.206 -422.093 -110.947 -0.377 0.237 0.892 0.078
-41.693 -423.555 -110.334 -0.373 0.232 0.897 0.054
-42.098 -425.025 -109.705 -0.369 0.228 0.901 0.030
-42.446 -426.588 -109.015 -0.365 0.226 0.903 0.009
-42.727 -428.139 -108.313 -0.361 0.224 0.905 -0.009
-42.949 -429.660 -107.605 -0.358 0.224 0.906 -0.023
-43.120 -431.165 -106.886 -0.354 0.224 0.907 -0.040
-43.242 -432.653 -106.153 -0.351 0.225 0.907 -0.052
-43.336 -434.147 -105.401 -0.350 0.226 0.907 -0.059
