23.574 -453.541 -71.682 -0.066 0.001 -0.096 0.993
23.888 -451.949 -71.894 -0.066 0.001 -0.098 0.993
24.226 -450.299 -72.121 -0.068 0.001 -0.103 0.992
24.574 -448.671 -72.353 -0.070 0.000 -0.107 0.992
24.930 -447.048 -72.583 -0.068 0.000 -0.106 0.992
25.280 -445.433 -72.803 -0.066 0.000 -0.105 0.992
25.621 -443.830 -73.016 -0.065 0.000 -0.104 0.992
25.960 -442.235 -73.230 -0.066 0.000 -0.104 0.992
26.300 -440.660 -73.448 -0.069 0.000 -0.106 0.992
26.652 -439.076 -73.684 -0.076 0.001 -0.111 0.991
27.020 -437.509 -73.944 -0.085 0.001 -0.117 0.989
27.412 -435.934 -74.241 -0.096 0.002 -0.123 0.988
27.812 -434.391 -74.568 -0.106 0.003 -0.125 0.987
28.213 -432.841 -74.926 -0.115 0.004 -0.124 0.986
28.608 -431.289 -75.315 -0.124 0.006 -0.120 0.985
28.990 -429.734 -75.739 -0.135 0.008 -0.116 0.984
29.354 -428.176 -76.208 -0.149 0.010 -0.109 0.983
29.692 -426.635 -76.724 -0.165 0.013 -0.102 0.981
30.001 -425.107 -77.290 -0.181 0.016 -0.093 0.979
30.275 -423.588 -77.910 -0.197 0.020 -0.082 0.977
30.503 -422.075 -78.579 -0.210 0.024 -0.067 0.975
30.675 -420.570 -79.288 -0.222 0.028 -0.050 0.973
30.786 -419.076 -80.031 -0.232 0.033 -0.032 0.972
30.832 -417.596 -80.804 -0.243 0.038 -0.014 0.969
30.814 -416.137 -81.602 -0.253 0.042 0.004 0.967
30.731 -414.702 -82.426 -0.264 0.047 0.023 0.963
30.587 -413.300 -83.271 -0.274 0.051 0.041 0.959
30.381 -411.922 -84.139 -0.284 0.056 0.059 0.955
30.108 -410.562 -85.033 -0.292 0.061 0.079 0.951
29.770 -409.233 -85.936 -0.299 0.066 0.098 0.947
29.369 -407.932 -86.841 -0.302 0.072 0.117 0.943
28.904 -406.651 -87.740 -0.302 0.078 0.137 0.940
28.377 -405.388 -88.623 -0.300 0.084 0.156 0.937
27.786 -404.139 -89.489 -0.298 0.090 0.176 0.934
27.128 -402.903 -90.336 -0.295 0.097 0.196 0.930
26.399 -401.680 -91.162 -0.291 0.104 0.217 0.926
25.599 -400.477 -91.963 -0.287 0.111 0.240 0.921
24.728 -399.302 -92.734 -0.284 0.119 0.262 0.915
23.781 -398.154 -93.475 -0.280 0.126 0.286 0.908
22.759 -397.039 -94.185 -0.276 0.134 0.310 0.900
21.670 -395.966 -94.853 -0.271 0.142 0.334 0.892
20.516 -394.939 -95.477 -0.265 0.150 0.358 0.883
19.306 -393.962 -96.051 -0.259 0.158 0.381 0.874
18.047 -393.037 -96.572 -0.252 0.166 0.404 0.864
16.742 -392.167 -97.043 -0.247 0.173 0.426 0.853
15.395 -391.352 -97.467 -0.242 0.179 0.447 0.842
14.008 -390.594 -97.855 -0.240 0.183 0.467 0.831
12.587 -389.890 -98.206 -0.236 0.188 0.485 0.821
11.141 -389.241 -98.515 -0.231 0.194 0.503 0.810
9.656 -388.638 -98.787 -0.227 0.199 0.520 0.799
8.139 -388.085 -99.020 -0.222 0.204 0.538 0.787
6.589 -387.582 -99.214 -0.218 0.209 0.555 0.775
