22.816 -406.765 -97.073 -0.382 0.117 0.240 0.885
21.971 -405.838 -98.056 -0.386 0.122 0.257 0.877
21.074 -404.950 -99.032 -0.391 0.127 0.275 0.869
20.121 -404.100 -100.002 -0.395 0.133 0.293 0.860
19.117 -403.295 -100.960 -0.399 0.139 0.312 0.851
18.060 -402.535 -101.906 -0.403 0.144 0.330 0.842
16.948 -401.818 -102.839 -0.406 0.150 0.349 0.831
15.783 -401.147 -103.755 -0.408 0.156 0.367 0.821
14.568 -400.524 -104.650 -0.410 0.162 0.385 0.811
13.309 -399.950 -105.518 -0.412 0.169 0.403 0.800
12.011 -399.428 -106.354 -0.413 0.175 0.421 0.788
10.670 -398.957 -107.164 -0.415 0.180 0.438 0.777
9.305 -398.540 -107.943 -0.417 0.185 0.453 0.766
7.918 -398.175 -108.694 -0.420 0.188 0.468 0.755
6.508 -397.860 -109.424 -0.423 0.191 0.481 0.744
5.073 -397.596 -110.136 -0.426 0.194 0.495 0.732
3.634 -397.388 -110.823 -0.431 0.195 0.509 0.719
2.203 -397.246 -111.477 -0.436 0.197 0.524 0.704
0.763 -397.168 -112.107 -0.441 0.199 0.540 0.689
-0.682 -397.155 -112.712 -0.446 0.199 0.554 0.674
