7.775 -398.074 -108.486 -0.403 0.193 0.468 0.763
6.406 -397.727 -109.159 -0.407 0.194 0.480 0.752
5.016 -397.428 -109.823 -0.412 0.195 0.493 0.741
3.603 -397.179 -110.477 -0.417 0.196 0.505 0.730
2.181 -396.986 -111.109 -0.420 0.199 0.521 0.716
0.735 -396.853 -111.715 -0.423 0.202 0.537 0.701
-0.703 -396.782 -112.281 -0.425 0.205 0.553 0.686
-2.162 -396.771 -112.823 -0.429 0.207 0.568 0.671
-3.658 -396.827 -113.350 -0.434 0.207 0.583 0.655
-5.194 -396.957 -113.871 -0.440 0.206 0.598 0.638
-6.757 -397.164 -114.384 -0.446 0.204 0.611 0.621
-8.344 -397.448 -114.891 -0.453 0.202 0.624 0.604
-9.948 -397.811 -115.389 -0.459 0.199 0.637 0.587
