27.401 -414.546 -89.582 -0.336 0.077 0.109 0.932
26.942 -413.311 -90.592 -0.339 0.084 0.130 0.928
26.414 -412.111 -91.585 -0.340 0.091 0.152 0.924
25.819 -410.947 -92.556 -0.341 0.099 0.174 0.919
25.150 -409.804 -93.518 -0.343 0.106 0.196 0.913
24.405 -408.689 -94.474 -0.345 0.113 0.219 0.906
23.598 -407.626 -95.404 -0.348 0.120 0.241 0.898
22.727 -406.608 -96.318 -0.352 0.126 0.263 0.890
21.796 -405.636 -97.216 -0.356 0.132 0.283 0.881
20.812 -404.713 -98.106 -0.362 0.136 0.301 0.872
19.780 -403.837 -98.992 -0.369 0.139 0.318 0.862
18.705 -403.010 -99.879 -0.376 0.142 0.334 0.853
17.587 -402.232 -100.766 -0.383 0.144 0.350 0.843
16.427 -401.506 -101.643 -0.386 0.150 0.368 0.832
15.216 -400.831 -102.502 -0.390 0.155 0.386 0.822
13.964 -400.211 -103.338 -0.391 0.161 0.405 0.811
12.653 -399.633 -104.150 -0.390 0.168 0.423 0.800
11.288 -399.094 -104.930 -0.387 0.176 0.441 0.791
9.904 -398.605 -105.663 -0.386 0.182 0.456 0.781
8.488 -398.157 -106.361 -0.385 0.188 0.471 0.771
7.026 -397.748 -107.035 -0.384 0.193 0.486 0.761
5.538 -397.384 -107.678 -0.384 0.198 0.500 0.751
4.013 -397.064 -108.292 -0.382 0.204 0.515 0.740
2.450 -396.789 -108.875 -0.381 0.209 0.530 0.728
0.865 -396.565 -109.416 -0.380 0.214 0.546 0.715
-0.750 -396.400 -109.923 -0.379 0.220 0.563 0.701
-2.344 -396.299 -110.371 -0.378 0.225 0.580 0.685
-3.956 -396.266 -110.786 -0.382 0.226 0.596 0.670
-5.596 -396.307 -111.180 -0.385 0.226 0.612 0.653
-7.252 -396.422 -111.547 -0.387 0.228 0.628 0.635
-8.917 -396.610 -111.878 -0.388 0.230 0.644 0.618
-10.587 -396.870 -112.167 -0.387 0.234 0.660 0.600
-12.257 -397.197 -112.409 -0.386 0.239 0.675 0.582
-13.917 -397.584 -112.603 -0.384 0.243 0.689 0.565
-15.567 -398.031 -112.745 -0.380 0.249 0.703 0.547
-17.190 -398.532 -112.830 -0.377 0.255 0.717 0.529
-18.802 -399.093 -112.856 -0.373 0.261 0.730 0.509
-20.387 -399.707 -112.822 -0.368 0.267 0.744 0.490
-21.919 -400.361 -112.734 -0.364 0.272 0.755 0.472
-23.413 -401.054 -112.603 -0.361 0.275 0.765 0.456
-24.891 -401.790 -112.432 -0.358 0.278 0.774 0.442
-26.360 -402.565 -112.224 -0.355 0.282 0.781 0.430
-27.823 -403.375 -111.980 -0.352 0.285 0.787 0.419
-29.287 -404.224 -111.697 -0.348 0.290 0.794 0.406
-30.728 -405.105 -111.360 -0.341 0.299 0.802 0.388
-32.136 -406.022 -110.957 -0.334 0.306 0.812 0.368
-33.519 -407.001 -110.486 -0.329 0.309 0.823 0.345
-34.828 -408.021 -109.970 -0.324 0.310 0.835 0.321
