26.297 -441.161 -74.575 -0.143 0.008 -0.113 0.983
26.600 -439.861 -74.981 -0.151 0.009 -0.111 0.982
26.901 -438.548 -75.414 -0.159 0.010 -0.109 0.981
27.209 -437.188 -75.890 -0.168 0.011 -0.108 0.980
27.519 -435.846 -76.389 -0.177 0.012 -0.111 0.978
27.851 -434.443 -76.944 -0.187 0.013 -0.113 0.976
28.200 -432.987 -77.554 -0.197 0.014 -0.113 0.974
28.547 -431.520 -78.208 -0.209 0.016 -0.110 0.972
28.854 -430.199 -78.832 -0.217 0.016 -0.111 0.970
29.178 -428.854 -79.489 -0.221 0.016 -0.114 0.968
29.541 -427.351 -80.234 -0.223 0.017 -0.112 0.968
29.900 -425.865 -80.973 -0.223 0.016 -0.113 0.968
30.265 -424.342 -81.733 -0.226 0.018 -0.109 0.968
