24.400 -449.479 -72.418 -0.090 0.002 -0.107 0.990
24.765 -447.848 -72.729 -0.093 0.002 -0.110 0.990
25.128 -446.258 -73.035 -0.093 0.002 -0.111 0.989
25.486 -444.692 -73.335 -0.093 0.002 -0.111 0.989
25.842 -443.150 -73.637 -0.098 0.002 -0.113 0.989
26.206 -441.630 -73.957 -0.104 0.003 -0.118 0.988
26.564 -440.183 -74.285 -0.113 0.003 -0.120 0.986
26.923 -438.759 -74.635 -0.121 0.004 -0.122 0.985
27.299 -437.294 -75.024 -0.131 0.005 -0.124 0.984
27.680 -435.838 -75.442 -0.140 0.006 -0.125 0.982
28.070 -434.359 -75.898 -0.149 0.007 -0.125 0.981
28.469 -432.857 -76.397 -0.161 0.009 -0.126 0.979
28.867 -431.343 -76.941 -0.172 0.011 -0.123 0.977
29.247 -429.837 -77.527 -0.186 0.014 -0.116 0.976
29.603 -428.328 -78.165 -0.201 0.017 -0.108 0.974
29.927 -426.819 -78.857 -0.216 0.021 -0.097 0.971
30.219 -425.311 -79.591 -0.221 0.022 -0.092 0.971
30.509 -423.770 -80.345 -0.221 0.023 -0.090 0.971
30.790 -422.211 -81.111 -0.223 0.024 -0.085 0.971
