22.836 -406.780 -97.050 -0.382 0.116 0.239 0.885
21.992 -405.851 -98.036 -0.386 0.122 0.256 0.878
21.098 -404.962 -99.014 -0.391 0.127 0.274 0.869
20.150 -404.113 -99.987 -0.396 0.132 0.292 0.861
19.151 -403.308 -100.950 -0.400 0.138 0.310 0.851
18.098 -402.546 -101.902 -0.404 0.143 0.328 0.842
16.993 -401.830 -102.841 -0.407 0.149 0.346 0.832
15.836 -401.158 -103.762 -0.410 0.155 0.365 0.822
14.629 -400.533 -104.663 -0.412 0.161 0.382 0.811
13.376 -399.956 -105.540 -0.413 0.167 0.400 0.801
12.083 -399.430 -106.386 -0.415 0.173 0.418 0.790
10.744 -398.953 -107.207 -0.416 0.179 0.435 0.778
9.371 -398.527 -107.999 -0.418 0.184 0.451 0.767
7.974 -398.154 -108.761 -0.420 0.188 0.466 0.756
6.552 -397.833 -109.500 -0.423 0.192 0.480 0.744
5.106 -397.563 -110.218 -0.426 0.194 0.494 0.732
3.670 -397.356 -110.902 -0.431 0.196 0.509 0.719
2.220 -397.213 -111.562 -0.436 0.198 0.525 0.704
0.761 -397.135 -112.199 -0.441 0.199 0.539 0.689
