-28.652 -405.998 -115.521 
-29.953 -407.084 -115.399 
-31.185 -408.246 -115.250 
-32.349 -409.496 -115.075 
-33.403 -410.790 -114.879 
-34.353 -412.123 -114.664 
-35.214 -413.494 -114.434 
-35.992 -414.903 -114.196 
-36.693 -416.354 -113.956 
-37.351 -417.886 -113.709 
-37.991 -419.455 -113.461 
-38.611 -421.042 -113.213 
-39.219 -422.638 -112.963 
-39.829 -424.264 -112.701 
-40.409 -425.832 -112.444 
-40.966 -427.378 -112.188 
-41.496 -428.962 -111.926 
-41.970 -430.574 -111.685 
-42.372 -432.177 -111.472 
-42.710 -433.808 -111.279 
-42.975 -435.470 -111.096 
-43.162 -437.143 -110.906 
-43.272 -438.803 -110.692 
-43.309 -440.446 -110.450 
-43.273 -442.084 -110.186 
-43.162 -443.725 -109.916 
-42.978 -445.377 -109.661 
-42.737 -446.967 -109.440 
-42.436 -448.543 -109.249 
-42.091 -450.215 -109.063 
-41.749 -451.896 -108.888 
-41.401 -453.648 -108.738 
-41.074 -455.468 -108.606 
-40.789 -457.202 -108.512 
-40.527 -458.887 -108.456 
-40.272 -460.557 -108.449 
-40.045 -462.207 -108.478 
-39.838 -463.852 -108.542 
-39.627 -465.494 -108.641 
-39.374 -467.131 -108.733 
-39.069 -468.714 -108.802 
-38.703 -470.264 -108.851 
-38.270 -471.802 -108.887 
-37.769 -473.344 -108.912 
-37.201 -474.891 -108.963 
-36.590 -476.420 -109.069 
