27.121 -413.782 -90.240 
26.624 -412.572 -91.250 
26.064 -411.404 -92.231 
25.434 -410.261 -93.198 
24.726 -409.138 -94.163 
23.958 -408.060 -95.105 
23.124 -407.026 -96.032 
22.231 -406.036 -96.946 
21.283 -405.092 -97.850 
20.286 -404.192 -98.753 
19.246 -403.339 -99.657 
18.165 -402.533 -100.563 
17.043 -401.774 -101.471 
15.878 -401.065 -102.369 
14.667 -400.405 -103.254 
13.413 -399.796 -104.111 
12.118 -399.234 -104.935 
10.795 -398.722 -105.725 
9.458 -398.259 -106.478 
8.070 -397.827 -107.219 
6.630 -397.430 -107.940 
5.162 -397.078 -108.629 
3.669 -396.773 -109.285 
2.155 -396.521 -109.907 
0.692 -396.338 -110.474 
-0.779 -396.223 -111.017 
-2.274 -396.175 -111.538 
-3.811 -396.197 -112.043 
-5.382 -396.288 -112.526 
-6.981 -396.448 -112.983 
-8.603 -396.676 -113.408 
-10.236 -396.970 -113.795 
-11.871 -397.327 -114.140 
-13.500 -397.745 -114.441 
-15.119 -398.222 -114.693 
-16.720 -398.756 -114.897 
-18.326 -399.357 -115.052 
-19.940 -400.047 -115.175 
-21.529 -400.814 -115.258 
-23.060 -401.639 -115.299 
-24.544 -402.529 -115.309 
-25.982 -403.485 -115.287 
-27.375 -404.508 -115.235 
-28.733 -405.608 -115.142 
-30.024 -406.765 -115.006 
-31.233 -407.959 -114.837 
-32.378 -409.198 -114.637 
-33.449 -410.464 -114.413 
-34.453 -411.758 -114.169 
-35.389 -413.077 -113.905 
-36.263 -414.432 -113.621 
-37.081 -415.830 -113.309 
-37.836 -417.272 -112.963 
-38.552 -418.771 -112.584 
-39.226 -420.264 -112.188 
-39.871 -421.762 -111.783 
-40.485 -423.263 -111.378 
-41.060 -424.776 -110.978 
-41.582 -426.290 -110.594 
-42.038 -427.807 -110.218 
-42.409 -429.309 -109.851 
-42.704 -430.799 -109.495 
-42.947 -432.354 -109.126 
-43.146 -433.944 -108.763 
-43.306 -435.506 -108.439 
-43.437 -437.057 -108.173 
-43.549 -438.643 -107.965 
-43.631 -440.267 -107.811 
-43.662 -441.899 -107.708 
-43.652 -443.529 -107.643 
