-27.419 -405.067 -115.578 
-28.918 -406.144 -115.435 
-30.376 -407.265 -115.214 
-31.793 -408.432 -114.907 
-33.156 -409.642 -114.510 
-34.442 -410.885 -114.029 
-35.638 -412.158 -113.474 
-36.707 -413.422 -112.883 
-37.683 -414.715 -112.230 
-38.551 -416.021 -111.522 
-39.336 -417.347 -110.774 
-40.020 -418.678 -110.000 
-40.598 -420.015 -109.198 
-41.079 -421.395 -108.358 
-41.446 -422.769 -107.520 
-41.717 -424.125 -106.694 
-41.916 -425.446 -105.892 
-42.077 -426.746 -105.118 
-42.214 -428.090 -104.331 
-42.323 -429.442 -103.546 
-42.407 -430.818 -102.753 
-42.467 -432.210 -101.961 
-42.516 -433.647 -101.156 
