21.653 -469.707 -70.238 
21.811 -468.067 -70.299 
22.008 -466.422 -70.374 
22.221 -464.746 -70.452 
22.438 -463.071 -70.528 
22.662 -461.401 -70.604 
22.904 -459.742 -70.674 
23.166 -458.089 -70.738 
23.445 -456.460 -70.796 
23.742 -454.848 -70.857 
24.054 -453.231 -70.928 
24.375 -451.624 -71.015 
24.706 -450.036 -71.115 
25.060 -448.466 -71.232 
25.434 -446.895 -71.357 
25.826 -445.330 -71.494 
26.238 -443.767 -71.649 
26.663 -442.214 -71.820 
27.097 -440.653 -72.022 
27.530 -439.114 -72.258 
27.971 -437.563 -72.546 
28.415 -436.005 -72.893 
28.844 -434.436 -73.294 
