28.565 -419.309 -85.791 
28.357 -418.003 -86.735 
28.080 -416.719 -87.684 
27.729 -415.441 -88.647 
27.304 -414.177 -89.612 
26.804 -412.936 -90.579 
26.235 -411.730 -91.537 
25.600 -410.559 -92.483 
24.884 -409.407 -93.432 
24.094 -408.292 -94.372 
23.246 -407.232 -95.289 
22.337 -406.218 -96.190 
21.374 -405.252 -97.080 
20.360 -404.329 -97.965 
19.275 -403.429 -98.857 
18.133 -402.568 -99.731 
16.942 -401.752 -100.572 
15.697 -400.980 -101.374 
14.408 -400.258 -102.127 
13.100 -399.599 -102.822 
11.769 -398.995 -103.466 
10.400 -398.436 -104.069 
8.999 -397.919 -104.633 
7.553 -397.438 -105.168 
6.076 -397.003 -105.676 
4.565 -396.621 -106.166 
3.027 -396.301 -106.631 
1.479 -396.048 -107.073 
-0.083 -395.862 -107.497 
-1.650 -395.745 -107.897 
-3.210 -395.696 -108.272 
-4.779 -395.714 -108.629 
-6.350 -395.798 -108.965 
-7.921 -395.945 -109.279 
-9.491 -396.154 -109.568 
-11.057 -396.425 -109.829 
-12.618 -396.758 -110.062 
-14.165 -397.153 -110.261 
-15.697 -397.608 -110.425 
-17.211 -398.123 -110.553 
-18.720 -398.705 -110.653 
-20.202 -399.347 -110.726 
-21.649 -400.048 -110.773 
-23.051 -400.803 -110.799 
-24.424 -401.621 -110.808 
-25.792 -402.512 -110.799 
-27.168 -403.480 -110.774 
-28.517 -404.497 -110.732 
-29.848 -405.548 -110.684 
-31.174 -406.635 -110.631 
-32.487 -407.763 -110.556 
-33.756 -408.902 -110.462 
-34.974 -410.057 -110.344 
-36.148 -411.248 -110.203 
-37.252 -412.439 -110.078 
