-35.952 -412.837 -114.611 
-37.066 -414.245 -114.273 
-38.086 -415.679 -113.883 
-39.011 -417.133 -113.446 
-39.846 -418.601 -112.970 
-40.581 -420.035 -112.486 
-41.249 -421.457 -112.006 
-41.852 -422.875 -111.533 
-42.391 -424.303 -111.060 
-42.870 -425.752 -110.574 
-43.282 -427.218 -110.077 
-43.619 -428.695 -109.577 
-43.872 -430.170 -109.091 
-44.041 -431.627 -108.619 
-44.135 -433.134 -108.123 
-44.158 -434.688 -107.604 
-44.119 -436.199 -107.109 
-44.026 -437.707 -106.646 
-43.884 -439.247 -106.215 
-43.701 -440.799 -105.836 
-43.475 -442.350 -105.527 
-43.190 -443.918 -105.283 
