-34.034 -410.764 -114.938 
-35.193 -412.115 -114.634 
-36.190 -413.472 -114.270 
-37.038 -414.813 -113.865 
-37.795 -416.181 -113.422 
-38.519 -417.651 -112.931 
-39.193 -419.151 -112.420 
-39.824 -420.651 -111.903 
-40.420 -422.118 -111.397 
-40.990 -423.585 -110.889 
-41.527 -425.102 -110.383 
-42.003 -426.640 -109.902 
-42.404 -428.176 -109.448 
-42.734 -429.716 -109.012 
-42.992 -431.293 -108.579 
-43.166 -432.912 -108.147 
-43.245 -434.544 -107.739 
-43.234 -436.153 -107.377 
-43.151 -437.760 -107.052 
-43.007 -439.388 -106.759 
-42.805 -441.026 -106.504 
-42.546 -442.672 -106.286 
-42.226 -444.310 -106.111 
-41.854 -445.984 -105.975 
-41.455 -447.693 -105.871 
-41.025 -449.436 -105.803 
-40.566 -451.244 -105.782 
-40.094 -452.983 -105.801 
-39.615 -454.672 -105.834 
-39.142 -456.317 -105.876 
-38.664 -457.975 -105.927 
-38.203 -459.621 -105.974 
-37.749 -461.319 -106.004 
-37.331 -463.005 -106.010 
-36.944 -464.711 -105.992 
-36.574 -466.422 -105.946 
-36.203 -468.087 -105.875 
-35.815 -469.759 -105.780 
-35.413 -471.413 -105.664 
-34.993 -473.005 -105.533 
-34.524 -474.609 -105.380 
-34.012 -476.205 -105.212 
-33.461 -477.767 -105.039 
-32.862 -479.325 -104.855 
-32.213 -480.961 -104.647 
