27.671 -415.354 -88.896 
27.258 -414.106 -89.889 
26.769 -412.874 -90.884 
26.216 -411.684 -91.857 
25.595 -410.526 -92.814 
24.897 -409.386 -93.771 
24.128 -408.283 -94.715 
23.296 -407.231 -95.637 
22.403 -406.224 -96.543 
21.454 -405.265 -97.436 
20.455 -404.351 -98.324 
19.414 -403.485 -99.211 
18.332 -402.666 -100.101 
17.211 -401.897 -100.987 
16.044 -401.178 -101.857 
14.826 -400.506 -102.711 
13.534 -399.869 -103.557 
12.198 -399.275 -104.358 
10.829 -398.727 -105.113 
9.444 -398.226 -105.823 
8.019 -397.764 -106.507 
6.566 -397.344 -107.164 
5.091 -396.969 -107.799 
3.584 -396.636 -108.411 
2.050 -396.348 -108.999 
0.503 -396.114 -109.560 
-1.017 -395.944 -110.077 
-2.524 -395.841 -110.563 
-4.084 -395.801 -111.029 
-5.693 -395.830 -111.470 
-7.317 -395.935 -111.893 
-8.949 -396.119 -112.300 
-10.578 -396.378 -112.687 
-12.206 -396.710 -113.065 
-13.816 -397.113 -113.431 
-15.418 -397.594 -113.789 
-17.009 -398.156 -114.134 
-18.587 -398.801 -114.458 
-20.152 -399.529 -114.753 
-21.702 -400.340 -115.012 
-23.192 -401.211 -115.232 
-24.652 -402.162 -115.421 
-26.070 -403.191 -115.574 
-27.437 -404.287 -115.676 
-28.748 -405.449 -115.722 
