-47.215 -432.653 -111.195 
-47.673 -434.254 -110.934 
-48.053 -435.884 -110.695 
-48.356 -437.534 -110.488 
-48.585 -439.199 -110.319 
-48.739 -440.875 -110.192 
-48.814 -442.576 -110.110 
-48.798 -444.317 -110.081 
-48.688 -446.035 -110.115 
-48.503 -447.680 -110.201 
-48.252 -449.290 -110.349 
-47.943 -450.865 -110.564 
-47.579 -452.423 -110.853 
-47.163 -453.951 -111.221 
-46.703 -455.438 -111.672 
-46.210 -456.868 -112.206 
-45.686 -458.241 -112.813 
-45.134 -459.561 -113.490 
-44.546 -460.854 -114.254 
-43.870 -462.262 -115.171 
-43.183 -463.668 -116.136 
-42.613 -464.784 -116.951 
-41.930 -466.031 -117.900 
-41.361 -466.953 -118.588 
-40.982 -467.558 -119.029 
-40.678 -468.065 -119.397 
-40.445 -468.472 -119.692 
-40.063 -469.170 -120.193 
