25.611 -410.622 -93.142 
24.953 -409.518 -94.154 
24.238 -408.456 -95.136 
23.473 -407.436 -96.094 
22.653 -406.452 -97.039 
21.781 -405.503 -97.974 
20.856 -404.592 -98.899 
19.881 -403.722 -99.816 
18.852 -402.892 -100.723 
17.769 -402.104 -101.620 
16.631 -401.359 -102.505 
15.444 -400.661 -103.372 
14.214 -400.012 -104.216 
12.950 -399.417 -105.030 
11.664 -398.876 -105.810 
10.361 -398.389 -106.559 
9.045 -397.949 -107.284 
7.709 -397.554 -107.993 
6.345 -397.201 -108.695 
4.961 -396.894 -109.387 
3.551 -396.633 -110.070 
2.124 -396.432 -110.735 
0.695 -396.306 -111.363 
-0.756 -396.255 -111.967 
-2.229 -396.277 -112.550 
-3.725 -396.373 -113.117 
-5.248 -396.543 -113.674 
-6.796 -396.790 -114.223 
-8.366 -397.114 -114.765 
-9.944 -397.515 -115.296 
