26.538 -412.404 -91.469 
25.977 -411.253 -92.465 
25.345 -410.124 -93.449 
24.645 -409.022 -94.420 
23.892 -407.961 -95.368 
23.087 -406.939 -96.302 
22.234 -405.954 -97.227 
21.334 -405.007 -98.147 
20.388 -404.099 -99.064 
19.400 -403.235 -99.977 
18.366 -402.414 -100.888 
17.284 -401.637 -101.793 
16.155 -400.908 -102.687 
14.979 -400.225 -103.565 
13.755 -399.590 -104.422 
12.472 -398.997 -105.260 
11.160 -398.457 -106.062 
9.832 -397.967 -106.828 
8.481 -397.522 -107.568 
7.097 -397.116 -108.294 
5.653 -396.746 -109.019 
4.185 -396.425 -109.705 
2.709 -396.164 -110.352 
1.298 -395.982 -110.935 
-0.137 -395.869 -111.498 
-1.598 -395.826 -112.044 
-3.091 -395.855 -112.578 
-4.618 -395.957 -113.102 
-6.176 -396.134 -113.618 
-7.755 -396.387 -114.122 
-9.342 -396.716 -114.612 
-10.927 -397.120 -115.084 
-12.500 -397.594 -115.538 
-14.055 -398.137 -115.974 
