28.682 -428.006 -80.217 
28.842 -426.549 -81.014 
28.977 -425.134 -81.822 
29.085 -423.689 -82.678 
29.149 -422.262 -83.548 
29.161 -420.866 -84.425 
29.109 -419.478 -85.321 
28.981 -418.099 -86.228 
28.775 -416.728 -87.142 
28.496 -415.385 -88.046 
28.141 -414.053 -88.944 
27.707 -412.726 -89.843 
27.206 -411.431 -90.731 
26.640 -410.172 -91.603 
26.012 -408.946 -92.463 
25.324 -407.753 -93.314 
24.578 -406.599 -94.152 
23.773 -405.475 -94.973 
22.906 -404.381 -95.773 
21.979 -403.316 -96.561 
20.989 -402.283 -97.339 
19.940 -401.284 -98.102 
18.833 -400.326 -98.843 
17.678 -399.416 -99.552 
16.489 -398.565 -100.222 
15.256 -397.766 -100.865 
13.928 -396.995 -101.518 
12.591 -396.307 -102.155 
11.225 -395.684 -102.794 
9.832 -395.126 -103.430 
8.409 -394.628 -104.069 
6.947 -394.191 -104.706 
5.452 -393.820 -105.332 
3.926 -393.520 -105.940 
2.392 -393.298 -106.522 
0.850 -393.153 -107.080 
-0.697 -393.084 -107.614 
-2.259 -393.091 -108.128 
-3.824 -393.173 -108.623 
-5.388 -393.328 -109.098 
-6.954 -393.555 -109.554 
-8.510 -393.852 -109.988 
-10.057 -394.216 -110.399 
-11.596 -394.648 -110.783 
-13.139 -395.150 -111.147 
-14.662 -395.710 -111.486 
-16.166 -396.332 -111.797 
-17.653 -397.022 -112.071 
-19.118 -397.782 -112.307 
-20.544 -398.598 -112.499 
-21.897 -399.440 -112.653 
-23.195 -400.314 -112.803 
-24.459 -401.226 -112.956 
-25.684 -402.172 -113.106 
-26.876 -403.154 -113.246 
-28.070 -404.192 -113.371 
-29.252 -405.277 -113.456 
-30.425 -406.402 -113.504 
-31.616 -407.603 -113.515 
-32.767 -408.856 -113.470 
-33.864 -410.137 -113.374 
-34.911 -411.429 -113.248 
-35.928 -412.764 -113.087 
-36.896 -414.136 -112.886 
-37.804 -415.533 -112.644 
-38.652 -416.948 -112.366 
-39.443 -418.373 -112.059 
-40.182 -419.800 -111.726 
-40.871 -421.226 -111.370 
-41.509 -422.656 -110.989 
-42.093 -424.097 -110.582 
-42.626 -425.559 -110.146 
-43.092 -426.995 -109.696 
-43.512 -428.453 -109.213 
-43.884 -429.905 -108.699 
-44.206 -431.352 -108.149 
-44.482 -432.801 -107.572 
-44.717 -434.261 -106.976 
-44.909 -435.735 -106.378 
-45.044 -437.210 -105.801 
-45.101 -438.694 -105.236 
-45.073 -440.188 -104.674 
-44.959 -441.674 -104.121 
-44.763 -443.148 -103.585 
-44.497 -444.605 -103.057 
-44.172 -446.044 -102.540 
-43.805 -447.471 -102.046 
-43.402 -448.889 -101.572 
-42.949 -450.326 -101.107 
-42.452 -451.742 -100.660 
-41.911 -453.132 -100.226 
-41.324 -454.496 -99.805 
-40.678 -455.849 -99.418 
-39.970 -457.186 -99.067 
-39.199 -458.505 -98.753 
-38.364 -459.800 -98.478 
