-23.674 -402.698 -115.656 
-25.120 -403.593 -115.647 
-26.509 -404.565 -115.625 
-27.844 -405.614 -115.594 
-29.120 -406.738 -115.546 
-30.316 -407.918 -115.483 
-31.442 -409.158 -115.411 
-32.477 -410.436 -115.333 
-33.444 -411.766 -115.249 
-34.335 -413.144 -115.158 
-35.148 -414.574 -115.061 
-35.863 -416.018 -114.966 
-36.454 -417.501 -114.875 
-36.937 -419.083 -114.775 
-37.322 -420.699 -114.654 
-37.629 -422.335 -114.526 
-37.889 -423.989 -114.402 
-38.089 -425.606 -114.275 
-38.221 -427.218 -114.143 
-38.301 -428.835 -114.006 
-38.336 -430.447 -113.879 
-38.351 -432.045 -113.755 
-38.336 -433.582 -113.652 
-38.282 -435.113 -113.569 
-38.189 -436.635 -113.498 
-38.068 -438.124 -113.436 
-37.935 -439.491 -113.383 
-37.769 -441.009 -113.327 
-37.586 -442.619 -113.269 
-37.384 -444.323 -113.197 
-37.167 -446.007 -113.102 
-36.940 -447.645 -112.986 
-36.721 -449.145 -112.872 
-36.511 -450.541 -112.787 
-36.297 -451.917 -112.730 
-36.077 -453.326 -112.689 
-35.874 -454.668 -112.665 
-35.654 -456.134 -112.646 
-35.425 -457.645 -112.626 
-35.200 -459.245 -112.620 
-35.015 -460.825 -112.645 
-34.887 -462.168 -112.686 
-34.842 -462.739 -112.707 
-34.824 -463.000 -112.718 
-34.810 -463.238 -112.729 
-34.806 -463.311 -112.733 
-34.803 -463.372 -112.736 
-34.796 -463.513 -112.743 
-34.782 -463.851 -112.762 
-34.772 -464.184 -112.784 
-34.764 -464.549 -112.810 
-34.760 -464.932 -112.840 
-34.759 -465.125 -112.857 
-34.759 -465.295 -112.872 
-34.760 -465.439 -112.885 
-34.761 -465.591 -112.900 
-34.762 -465.634 -112.904 
-34.762 -465.674 -112.908 
-34.764 -465.823 -112.922 
-34.766 -465.919 -112.932 
-34.770 -466.115 -112.952 
-34.776 -466.342 -112.976 
-34.783 -466.571 -113.001 
-34.791 -466.801 -113.026 
-34.802 -467.076 -113.057 
-34.814 -467.354 -113.089 
-34.827 -467.647 -113.123 
-34.841 -467.960 -113.160 
-34.856 -468.293 -113.201 
-34.873 -468.652 -113.245 
-34.915 -469.556 -113.358 
-34.980 -470.979 -113.528 
-35.050 -472.421 -113.692 
-35.128 -473.690 -113.835 
-35.259 -475.412 -114.034 
-35.415 -477.065 -114.231 
