-42.984 -422.987 -112.899 
-43.699 -424.455 -112.632 
-44.336 -425.943 -112.373 
-44.882 -427.425 -112.132 
-45.335 -428.918 -111.919 
-45.695 -430.434 -111.738 
-45.961 -431.967 -111.591 
-46.138 -433.522 -111.476 
-46.234 -435.107 -111.384 
-46.253 -436.699 -111.312 
-46.201 -438.299 -111.256 
-46.073 -439.902 -111.216 
-45.861 -441.493 -111.186 
-45.553 -443.095 -111.164 
-45.136 -444.745 -111.156 
-44.647 -446.362 -111.167 
-44.117 -447.941 -111.182 
-43.551 -449.495 -111.192 
-42.966 -451.024 -111.197 
