-42.998 -423.016 -112.893 
-43.712 -424.485 -112.625 
-44.347 -425.973 -112.366 
-44.890 -427.454 -112.127 
-45.341 -428.946 -111.914 
-45.699 -430.464 -111.734 
-45.963 -431.998 -111.588 
-46.138 -433.554 -111.473 
-46.232 -435.140 -111.383 
-46.249 -436.731 -111.311 
-46.195 -438.331 -111.255 
-46.066 -439.933 -111.215 
-45.852 -441.524 -111.185 
-45.540 -443.128 -111.163 
-45.122 -444.778 -111.156 
-44.631 -446.395 -111.167 
-44.100 -447.974 -111.181 
-43.535 -449.526 -111.191 
-42.950 -451.054 -111.196 
