-13.581 -398.457 -114.897 
-15.254 -398.935 -115.100 
-16.917 -399.465 -115.254 
-18.562 -400.048 -115.353 
-20.215 -400.693 -115.394 
-21.835 -401.397 -115.388 
-23.398 -402.153 -115.345 
-24.904 -402.962 -115.268 
-26.362 -403.833 -115.159 
-27.767 -404.766 -115.020 
-29.174 -405.794 -114.830 
-30.515 -406.859 -114.586 
-31.803 -407.956 -114.289 
-33.056 -409.100 -113.932 
-34.264 -410.287 -113.512 
-35.404 -411.499 -113.027 
-36.474 -412.733 -112.493 
-37.469 -413.988 -111.911 
-38.378 -415.244 -111.292 
-39.202 -416.491 -110.645 
-39.947 -417.730 -109.973 
-40.637 -419.002 -109.258 
-41.262 -420.282 -108.529 
-41.834 -421.591 -107.791 
-42.345 -422.918 -107.052 
-42.795 -424.261 -106.314 
-43.196 -425.635 -105.575 
-43.548 -427.046 -104.852 
-43.850 -428.472 -104.166 
-44.103 -429.920 -103.521 
-44.303 -431.399 -102.916 
-44.430 -432.903 -102.358 
-44.495 -434.418 -101.852 
-44.503 -435.940 -101.393 
-44.463 -437.465 -100.979 
-44.379 -438.987 -100.609 
-44.256 -440.508 -100.277 
-44.086 -442.054 -99.971 
-43.870 -443.584 -99.691 
-43.607 -445.105 -99.431 
