21.583 -471.388 -70.182 
21.702 -469.778 -70.224 
21.873 -468.142 -70.278 
22.082 -466.485 -70.337 
22.302 -464.813 -70.392 
22.533 -463.153 -70.444 
22.785 -461.498 -70.488 
23.060 -459.849 -70.526 
23.359 -458.222 -70.560 
23.681 -456.598 -70.594 
24.022 -454.987 -70.637 
24.374 -453.394 -70.703 
24.750 -451.808 -70.791 
25.152 -450.243 -70.901 
25.585 -448.693 -71.035 
26.046 -447.150 -71.188 
26.529 -445.612 -71.363 
27.022 -444.087 -71.564 
27.516 -442.571 -71.798 
28.019 -440.990 -72.093 
