28.737 -427.388 -80.557 
28.868 -425.945 -81.364 
28.967 -424.524 -82.200 
29.028 -423.096 -83.067 
29.037 -421.691 -83.948 
28.988 -420.317 -84.839 
28.868 -418.946 -85.752 
28.673 -417.592 -86.670 
28.405 -416.257 -87.595 
28.062 -414.934 -88.522 
27.646 -413.631 -89.446 
27.155 -412.346 -90.371 
26.600 -411.102 -91.283 
25.981 -409.891 -92.185 
25.300 -408.716 -93.077 
24.561 -407.580 -93.957 
23.769 -406.484 -94.822 
22.922 -405.420 -95.675 
22.016 -404.387 -96.509 
21.050 -403.384 -97.330 
20.025 -402.415 -98.128 
18.943 -401.482 -98.899 
17.807 -400.594 -99.635 
16.622 -399.754 -100.336 
15.393 -398.966 -101.000 
14.126 -398.232 -101.628 
12.773 -397.531 -102.255 
11.396 -396.901 -102.871 
9.997 -396.339 -103.474 
8.569 -395.840 -104.078 
7.103 -395.401 -104.688 
5.601 -395.029 -105.300 
4.078 -394.733 -105.900 
2.543 -394.513 -106.481 
1.006 -394.373 -107.040 
-0.527 -394.310 -107.577 
-2.075 -394.323 -108.097 
-3.626 -394.411 -108.595 
-5.183 -394.572 -109.073 
-6.734 -394.803 -109.529 
-8.280 -395.105 -109.965 
-9.818 -395.475 -110.378 
-11.348 -395.910 -110.759 
-12.868 -396.411 -111.106 
-14.372 -396.975 -111.414 
-15.834 -397.592 -111.679 
-17.257 -398.261 -111.911 
-18.650 -398.980 -112.112 
-20.014 -399.750 -112.290 
-21.353 -400.566 -112.451 
-22.660 -401.426 -112.600 
-23.931 -402.330 -112.754 
-25.169 -403.274 -112.917 
-26.365 -404.249 -113.082 
-27.532 -405.257 -113.246 
-28.679 -406.289 -113.405 
-29.825 -407.358 -113.554 
-30.972 -408.473 -113.673 
-32.111 -409.623 -113.763 
-33.277 -410.871 -113.816 
-34.397 -412.168 -113.809 
-35.453 -413.484 -113.758 
-36.471 -414.844 -113.667 
-37.434 -416.241 -113.535 
-38.332 -417.662 -113.363 
-39.163 -419.098 -113.155 
-39.934 -420.542 -112.915 
-40.652 -421.986 -112.645 
-41.318 -423.431 -112.348 
-41.932 -424.880 -112.024 
-42.495 -426.341 -111.672 
-43.007 -427.822 -111.292 
-43.468 -429.335 -110.877 
-43.873 -430.878 -110.428 
-44.215 -432.413 -109.952 
-44.500 -433.920 -109.456 
-44.738 -435.404 -108.930 
-44.933 -436.887 -108.374 
-45.088 -438.374 -107.798 
-45.202 -439.871 -107.215 
-45.269 -441.378 -106.640 
-45.275 -442.899 -106.091 
-45.208 -444.405 -105.565 
-45.056 -445.897 -105.048 
-44.822 -447.379 -104.542 
-44.517 -448.844 -104.039 
-44.153 -450.281 -103.543 
-43.739 -451.693 -103.062 
-43.262 -453.125 -102.584 
-42.730 -454.539 -102.113 
-42.143 -455.922 -101.651 
-41.498 -457.277 -101.192 
-40.799 -458.592 -100.755 
-40.036 -459.889 -100.348 
-39.209 -461.161 -99.978 
-38.318 -462.409 -99.648 
-37.365 -463.630 -99.361 
-36.351 -464.828 -99.120 
-35.275 -466.000 -98.932 
-34.137 -467.151 -98.806 
