-37.720 -414.949 -114.308 
-38.724 -416.311 -114.070 
-39.659 -417.702 -113.845 
-40.520 -419.123 -113.643 
-41.306 -420.571 -113.467 
-42.012 -422.044 -113.317 
-42.636 -423.539 -113.193 
-43.173 -425.050 -113.099 
-43.620 -426.567 -113.036 
-44.001 -428.124 -112.989 
-44.325 -429.708 -112.949 
-44.591 -431.288 -112.908 
-44.805 -432.892 -112.866 
-44.959 -434.519 -112.828 
-45.048 -436.156 -112.800 
-45.068 -437.759 -112.791 
-45.026 -439.342 -112.800 
-44.925 -440.910 -112.828 
-44.780 -442.459 -112.880 
-44.596 -443.986 -112.957 
-44.372 -445.510 -113.064 
-44.114 -447.027 -113.203 
-43.818 -448.566 -113.377 
