-0.815 -396.881 -111.955 
-2.326 -396.871 -112.439 
-3.872 -396.935 -112.910 
-5.450 -397.072 -113.366 
-7.049 -397.282 -113.802 
-8.667 -397.565 -114.217 
-10.292 -397.917 -114.603 
-11.916 -398.336 -114.957 
-13.531 -398.821 -115.273 
-15.133 -399.368 -115.549 
-16.718 -399.975 -115.779 
-18.283 -400.638 -115.960 
-19.828 -401.356 -116.088 
-21.331 -402.117 -116.162 
-22.774 -402.908 -116.184 
-24.174 -403.740 -116.158 
-25.611 -404.673 -116.091 
-27.002 -405.669 -115.999 
-28.358 -406.738 -115.883 
-29.668 -407.872 -115.731 
-30.908 -409.045 -115.546 
-32.084 -410.253 -115.334 
-33.204 -411.489 -115.101 
-34.280 -412.756 -114.848 
-35.301 -414.062 -114.573 
-36.251 -415.396 -114.275 
-37.112 -416.750 -113.954 
-37.902 -418.132 -113.605 
-38.625 -419.538 -113.234 
-39.309 -421.002 -112.836 
-39.960 -422.489 -112.423 
-40.582 -423.992 -112.004 
-41.168 -425.498 -111.591 
-41.701 -427.001 -111.183 
-42.170 -428.512 -110.774 
-42.554 -430.020 -110.366 
-42.844 -431.519 -109.950 
-43.062 -433.020 -109.520 
-43.231 -434.547 -109.081 
-43.362 -436.079 -108.649 
-43.451 -437.566 -108.265 
-43.510 -439.095 -107.927 
-43.551 -440.691 -107.647 
-43.554 -442.324 -107.439 
-43.501 -443.962 -107.286 
