28.773 -426.933 -80.811 
28.893 -425.521 -81.602 
28.992 -424.080 -82.441 
29.054 -422.647 -83.302 
29.065 -421.239 -84.172 
29.018 -419.850 -85.056 
28.901 -418.477 -85.946 
28.709 -417.119 -86.838 
28.447 -415.780 -87.731 
28.108 -414.451 -88.623 
27.693 -413.132 -89.514 
27.203 -411.830 -90.407 
26.644 -410.561 -91.289 
26.016 -409.322 -92.163 
25.323 -408.118 -93.028 
24.569 -406.953 -93.882 
23.756 -405.827 -94.715 
22.882 -404.734 -95.526 
21.951 -403.676 -96.318 
20.964 -402.656 -97.098 
19.921 -401.672 -97.859 
18.822 -400.727 -98.602 
17.666 -399.830 -99.318 
16.474 -398.996 -99.996 
15.231 -398.214 -100.647 
13.926 -397.479 -101.279 
12.605 -396.808 -101.890 
11.257 -396.193 -102.494 
9.880 -395.627 -103.099 
8.465 -395.105 -103.708 
7.015 -394.637 -104.308 
5.533 -394.231 -104.895 
4.019 -393.891 -105.463 
2.479 -393.620 -106.008 
0.933 -393.423 -106.524 
-0.641 -393.295 -107.013 
-2.229 -393.236 -107.468 
-3.829 -393.244 -107.890 
-5.420 -393.322 -108.282 
-7.010 -393.470 -108.651 
-8.595 -393.685 -108.994 
-10.177 -393.970 -109.311 
-11.751 -394.319 -109.596 
-13.315 -394.735 -109.847 
-14.865 -395.214 -110.062 
-16.400 -395.756 -110.239 
-17.917 -396.358 -110.378 
-19.419 -397.020 -110.474 
-20.906 -397.741 -110.527 
-22.377 -398.520 -110.534 
-23.832 -399.355 -110.497 
-25.260 -400.247 -110.409 
-26.656 -401.194 -110.271 
-28.000 -402.175 -110.088 
-29.299 -403.180 -109.869 
-30.568 -404.216 -109.596 
-31.821 -405.297 -109.262 
-33.062 -406.427 -108.868 
-34.271 -407.589 -108.430 
-35.394 -408.732 -107.973 
-36.478 -409.902 -107.482 
-37.538 -411.153 -106.944 
-38.524 -412.454 -106.392 
-39.427 -413.794 -105.855 
-40.239 -415.158 -105.353 
-41.001 -416.578 -104.885 
-41.720 -418.013 -104.467 
-42.391 -419.468 -104.092 
-43.009 -420.959 -103.758 
-43.566 -422.478 -103.471 
-44.070 -424.031 -103.234 
-44.522 -425.616 -103.045 
-44.918 -427.230 -102.901 
-45.250 -428.840 -102.801 
-45.527 -430.458 -102.746 
-45.749 -432.086 -102.733 
-45.917 -433.726 -102.761 
