26.973 -413.406 -90.567 
26.459 -412.215 -91.570 
25.881 -411.062 -92.548 
25.232 -409.929 -93.516 
24.517 -408.824 -94.474 
23.741 -407.758 -95.415 
22.914 -406.739 -96.339 
22.038 -405.754 -97.259 
21.106 -404.805 -98.182 
20.127 -403.899 -99.107 
19.105 -403.036 -100.035 
18.056 -402.228 -100.953 
16.965 -401.468 -101.865 
15.833 -400.755 -102.766 
14.655 -400.089 -103.655 
13.419 -399.463 -104.528 
12.126 -398.878 -105.376 
10.803 -398.343 -106.188 
9.454 -397.853 -106.961 
8.078 -397.405 -107.707 
6.664 -396.995 -108.438 
5.203 -396.624 -109.148 
3.738 -396.308 -109.814 
2.279 -396.053 -110.436 
0.871 -395.874 -111.003 
-0.564 -395.763 -111.552 
-2.032 -395.721 -112.085 
-3.528 -395.751 -112.604 
-5.057 -395.853 -113.114 
-6.613 -396.031 -113.615 
-8.184 -396.286 -114.102 
-9.755 -396.618 -114.575 
-11.321 -397.026 -115.033 
-12.874 -397.504 -115.472 
-14.403 -398.053 -115.895 
-15.899 -398.674 -116.302 
-17.353 -399.367 -116.695 
