21.650 -469.672 -70.240 
21.795 -468.041 -70.298 
21.987 -466.406 -70.375 
22.204 -464.733 -70.457 
22.427 -463.060 -70.539 
22.661 -461.393 -70.620 
22.914 -459.734 -70.695 
23.186 -458.085 -70.763 
23.477 -456.451 -70.828 
23.784 -454.841 -70.895 
24.105 -453.227 -70.973 
24.439 -451.619 -71.067 
24.785 -450.038 -71.175 
25.157 -448.470 -71.299 
25.549 -446.903 -71.430 
25.960 -445.342 -71.572 
26.391 -443.785 -71.734 
26.832 -442.239 -71.915 
27.282 -440.683 -72.130 
27.728 -439.157 -72.383 
28.183 -437.605 -72.695 
28.627 -436.027 -73.066 
