28.801 -426.455 -81.087 
28.905 -425.049 -81.889 
28.980 -423.612 -82.739 
29.011 -422.190 -83.607 
28.988 -420.798 -84.482 
28.902 -419.422 -85.372 
28.744 -418.060 -86.269 
28.515 -416.717 -87.168 
28.213 -415.389 -88.071 
27.837 -414.073 -88.975 
27.384 -412.770 -89.880 
26.859 -411.493 -90.783 
26.265 -410.248 -91.679 
25.603 -409.036 -92.566 
24.877 -407.860 -93.443 
24.091 -406.726 -94.309 
23.247 -405.631 -95.153 
22.345 -404.571 -95.975 
21.387 -403.547 -96.781 
20.371 -402.559 -97.570 
19.290 -401.604 -98.341 
18.157 -400.699 -99.082 
16.970 -399.848 -99.791 
15.742 -399.057 -100.458 
14.458 -398.320 -101.088 
13.119 -397.632 -101.692 
11.752 -397.003 -102.277 
10.369 -396.435 -102.847 
8.950 -395.915 -103.416 
7.492 -395.449 -103.981 
6.003 -395.046 -104.536 
4.488 -394.711 -105.078 
2.949 -394.447 -105.603 
1.397 -394.257 -106.106 
-0.157 -394.141 -106.585 
-1.721 -394.096 -107.042 
-3.291 -394.122 -107.476 
-4.869 -394.217 -107.887 
-6.448 -394.382 -108.272 
-8.028 -394.615 -108.630 
-9.605 -394.914 -108.957 
-11.176 -395.280 -109.250 
-12.742 -395.711 -109.505 
-14.295 -396.203 -109.715 
-15.835 -396.754 -109.877 
-17.361 -397.364 -109.998 
-18.866 -398.029 -110.077 
-20.345 -398.747 -110.116 
-21.794 -399.514 -110.114 
-23.225 -400.337 -110.071 
-24.628 -401.208 -109.983 
-26.012 -402.136 -109.848 
-27.373 -403.120 -109.668 
-28.704 -404.146 -109.449 
-29.996 -405.191 -109.211 
-31.259 -406.258 -108.956 
-32.504 -407.355 -108.669 
-33.728 -408.473 -108.350 
-34.918 -409.611 -108.005 
-36.075 -410.794 -107.633 
-37.148 -411.973 -107.243 
-38.185 -413.183 -106.821 
-39.199 -414.463 -106.374 
-40.134 -415.787 -105.935 
-40.980 -417.139 -105.526 
-41.773 -418.552 -105.150 
-42.502 -420.009 -104.817 
-43.180 -421.508 -104.522 
-43.794 -423.031 -104.276 
-44.344 -424.584 -104.083 
-44.833 -426.179 -103.940 
-45.255 -427.800 -103.846 
-45.603 -429.439 -103.793 
-45.869 -431.074 -103.771 
-46.069 -432.722 -103.777 
