22.816 -406.765 -97.073 
21.971 -405.838 -98.056 
21.074 -404.950 -99.032 
20.121 -404.100 -100.002 
19.117 -403.295 -100.960 
18.060 -402.535 -101.906 
16.948 -401.818 -102.839 
15.783 -401.147 -103.755 
14.568 -400.524 -104.650 
13.309 -399.950 -105.518 
12.011 -399.428 -106.354 
10.670 -398.957 -107.164 
9.305 -398.540 -107.943 
7.918 -398.175 -108.694 
6.508 -397.860 -109.424 
5.073 -397.596 -110.136 
3.634 -397.388 -110.823 
2.203 -397.246 -111.477 
0.763 -397.168 -112.107 
-0.682 -397.155 -112.712 
