22.834 -406.781 -97.050 
21.989 -405.854 -98.032 
21.091 -404.966 -99.005 
20.140 -404.118 -99.970 
19.136 -403.314 -100.925 
18.077 -402.553 -101.869 
16.963 -401.837 -102.798 
15.795 -401.166 -103.710 
14.577 -400.543 -104.600 
13.313 -399.970 -105.463 
12.014 -399.451 -106.293 
10.678 -398.984 -107.095 
9.320 -398.572 -107.865 
7.945 -398.212 -108.609 
6.548 -397.902 -109.334 
5.126 -397.641 -110.042 
3.704 -397.436 -110.724 
2.286 -397.293 -111.373 
0.854 -397.213 -111.998 
-0.583 -397.196 -112.598 
-2.022 -397.243 -113.173 
-3.468 -397.355 -113.727 
