28.421 -418.482 -86.408 
28.162 -417.188 -87.360 
27.831 -415.909 -88.322 
27.427 -414.643 -89.290 
26.948 -413.395 -90.260 
26.398 -412.178 -91.228 
25.781 -411.000 -92.182 
25.088 -409.847 -93.131 
24.314 -408.718 -94.082 
23.481 -407.645 -95.008 
22.585 -406.620 -95.913 
21.629 -405.643 -96.800 
20.622 -404.717 -97.672 
19.549 -403.826 -98.543 
18.416 -402.972 -99.397 
17.231 -402.163 -100.223 
16.002 -401.406 -101.007 
14.742 -400.708 -101.743 
13.464 -400.073 -102.431 
12.176 -399.501 -103.071 
10.843 -398.970 -103.682 
9.482 -398.484 -104.260 
8.076 -398.034 -104.813 
6.604 -397.618 -105.354 
5.090 -397.252 -105.870 
3.547 -396.947 -106.362 
1.985 -396.708 -106.823 
0.429 -396.543 -107.261 
-1.138 -396.452 -107.683 
-2.714 -396.434 -108.085 
-4.295 -396.487 -108.462 
-5.883 -396.607 -108.808 
-7.478 -396.794 -109.119 
-9.071 -397.048 -109.392 
-10.658 -397.366 -109.627 
-12.241 -397.749 -109.821 
-13.821 -398.196 -109.977 
-15.392 -398.704 -110.095 
-16.930 -399.260 -110.170 
-18.459 -399.868 -110.198 
-19.977 -400.532 -110.177 
-21.485 -401.251 -110.104 
-22.977 -402.021 -109.974 
-24.444 -402.837 -109.789 
-25.903 -403.703 -109.552 
-27.300 -404.585 -109.278 
-28.666 -405.512 -108.966 
-30.021 -406.496 -108.617 
-31.323 -407.493 -108.251 
-32.582 -408.488 -107.877 
-33.838 -409.516 -107.467 
-35.090 -410.589 -107.015 
-36.316 -411.712 -106.540 
-37.492 -412.884 -106.063 
-38.616 -414.124 -105.602 
-39.660 -415.411 -105.187 
-40.624 -416.741 -104.829 
-41.514 -418.106 -104.532 
-42.352 -419.522 -104.290 
-43.119 -420.976 -104.100 
-43.819 -422.464 -103.956 
