25.391 -410.247 -93.498 
24.713 -409.160 -94.502 
23.976 -408.114 -95.479 
23.185 -407.106 -96.439 
22.342 -406.138 -97.388 
21.449 -405.208 -98.329 
20.509 -404.320 -99.264 
19.519 -403.474 -100.193 
18.480 -402.672 -101.116 
17.386 -401.915 -102.029 
16.238 -401.203 -102.929 
15.039 -400.539 -103.809 
13.792 -399.927 -104.664 
12.505 -399.368 -105.487 
11.192 -398.865 -106.279 
9.860 -398.415 -107.042 
8.515 -398.016 -107.780 
7.139 -397.661 -108.507 
5.733 -397.349 -109.224 
4.296 -397.082 -109.931 
2.863 -396.868 -110.609 
1.487 -396.721 -111.234 
0.070 -396.633 -111.848 
-1.424 -396.609 -112.462 
-2.952 -396.654 -113.057 
-4.515 -396.771 -113.634 
-6.107 -396.958 -114.194 
-7.720 -397.219 -114.733 
