25.841 -411.028 -92.750 
25.205 -409.914 -93.755 
24.506 -408.833 -94.740 
23.754 -407.793 -95.702 
22.951 -406.789 -96.655 
22.099 -405.822 -97.600 
21.199 -404.893 -98.540 
20.254 -404.006 -99.478 
19.261 -403.161 -100.411 
18.221 -402.361 -101.337 
17.131 -401.606 -102.255 
15.991 -400.897 -103.158 
14.803 -400.235 -104.044 
13.567 -399.621 -104.907 
12.284 -399.055 -105.744 
10.954 -398.535 -106.555 
9.603 -398.067 -107.332 
8.234 -397.649 -108.078 
6.828 -397.272 -108.810 
5.397 -396.943 -109.524 
3.937 -396.661 -110.224 
2.511 -396.443 -110.883 
1.099 -396.290 -111.508 
-0.320 -396.204 -112.103 
-1.769 -396.187 -112.681 
-3.252 -396.240 -113.247 
