-3.467 -396.887 -112.758 
-5.077 -396.971 -113.195 
-6.729 -397.128 -113.608 
-8.394 -397.351 -113.986 
-10.075 -397.640 -114.322 
-11.761 -397.990 -114.611 
-13.445 -398.399 -114.847 
-15.121 -398.862 -115.025 
-16.783 -399.375 -115.138 
-18.451 -399.942 -115.184 
-20.148 -400.577 -115.161 
-21.819 -401.258 -115.066 
-23.458 -401.989 -114.907 
-25.044 -402.760 -114.695 
-26.604 -403.585 -114.430 
-28.132 -404.456 -114.112 
-29.648 -405.369 -113.728 
-31.122 -406.310 -113.265 
-32.536 -407.289 -112.725 
-33.880 -408.312 -112.111 
-35.135 -409.366 -111.430 
