-26.004 -404.130 -115.646 
-27.385 -405.124 -115.604 
-28.712 -406.199 -115.544 
-29.963 -407.338 -115.461 
-31.136 -408.537 -115.363 
-32.235 -409.802 -115.251 
-33.241 -411.103 -115.131 
-34.169 -412.458 -114.997 
-35.017 -413.856 -114.856 
-35.785 -415.304 -114.711 
-36.455 -416.780 -114.568 
-36.998 -418.289 -114.434 
-37.443 -419.889 -114.287 
-37.803 -421.528 -114.138 
-38.133 -423.183 -114.000 
-38.434 -424.840 -113.882 
-38.706 -426.489 -113.787 
-38.949 -428.106 -113.716 
-39.167 -429.672 -113.674 
-39.333 -430.996 -113.646 
-39.471 -432.271 -113.630 
-39.592 -433.652 -113.619 
-39.685 -435.140 -113.611 
-39.716 -436.651 -113.609 
-39.702 -438.082 -113.592 
-39.641 -439.683 -113.547 
-39.515 -441.318 -113.481 
-39.363 -442.808 -113.406 
-39.197 -444.387 -113.307 
-39.044 -445.981 -113.190 
-38.913 -447.490 -113.074 
-38.807 -448.836 -112.979 
-38.719 -450.211 -112.887 
-38.641 -451.663 -112.802 
-38.574 -453.191 -112.728 
-38.519 -454.791 -112.664 
-38.478 -456.334 -112.611 
-38.447 -457.903 -112.565 
-38.420 -459.542 -112.512 
-38.400 -461.164 -112.456 
-38.394 -462.762 -112.400 
-38.393 -464.509 -112.331 
-38.393 -466.217 -112.251 
-38.413 -467.849 -112.148 
-38.468 -469.470 -112.019 
-38.527 -471.103 -111.889 
-38.532 -472.735 -111.781 
