28.491 -418.899 -86.101 
28.254 -417.599 -87.049 
27.948 -416.320 -88.006 
27.568 -415.048 -88.974 
27.113 -413.794 -89.945 
26.585 -412.569 -90.914 
25.990 -411.381 -91.872 
25.323 -410.222 -92.823 
24.575 -409.086 -93.774 
23.759 -407.995 -94.711 
22.884 -406.957 -95.624 
21.948 -405.967 -96.520 
20.960 -405.025 -97.402 
19.917 -404.125 -98.280 
18.805 -403.253 -99.154 
17.638 -402.424 -100.006 
16.423 -401.642 -100.821 
15.164 -400.911 -101.590 
13.872 -400.236 -102.311 
12.573 -399.628 -102.975 
11.243 -399.069 -103.599 
9.881 -398.555 -104.186 
8.484 -398.080 -104.740 
7.034 -397.639 -105.273 
5.537 -397.240 -105.789 
4.012 -396.900 -106.281 
2.466 -396.624 -106.746 
0.913 -396.416 -107.192 
-0.642 -396.283 -107.622 
-2.200 -396.223 -108.037 
-3.759 -396.235 -108.432 
-5.322 -396.314 -108.804 
-6.888 -396.461 -109.149 
-8.456 -396.673 -109.464 
-10.021 -396.950 -109.747 
-11.582 -397.289 -109.994 
-13.131 -397.689 -110.200 
-14.670 -398.148 -110.364 
-16.210 -398.669 -110.486 
-17.737 -399.250 -110.571 
-19.241 -399.888 -110.617 
-20.710 -400.576 -110.625 
-22.153 -401.317 -110.592 
-23.572 -402.113 -110.519 
-24.957 -402.960 -110.410 
-26.325 -403.871 -110.264 
-27.663 -404.839 -110.084 
-28.993 -405.871 -109.870 
-30.296 -406.937 -109.640 
-31.571 -408.020 -109.403 
-32.817 -409.112 -109.155 
-34.054 -410.223 -108.883 
-35.248 -411.331 -108.600 
-36.418 -412.480 -108.307 
-37.548 -413.682 -108.017 
-38.618 -414.927 -107.747 
-39.650 -416.252 -107.517 
-40.606 -417.627 -107.360 
-41.450 -418.984 -107.290 
-42.226 -420.389 -107.306 
-42.913 -421.823 -107.407 
-43.509 -423.284 -107.596 
-44.006 -424.755 -107.863 
-44.391 -426.216 -108.188 
-44.678 -427.706 -108.573 
-44.864 -429.198 -109.005 
-44.950 -430.681 -109.477 
-44.934 -432.162 -109.975 
-44.810 -433.640 -110.488 
-44.601 -435.112 -111.003 
-44.341 -436.563 -111.517 
-44.047 -438.000 -112.044 
-43.742 -439.435 -112.579 
-43.417 -440.906 -113.122 
-43.054 -442.474 -113.687 
-42.643 -444.138 -114.242 
-42.159 -445.978 -114.786 
-41.607 -447.895 -115.256 
-40.953 -449.927 -115.645 
-40.182 -451.942 -115.936 
-39.349 -453.829 -116.132 
-38.457 -455.629 -116.251 
-37.448 -457.450 -116.301 
-36.365 -459.207 -116.268 
-35.366 -460.698 -116.163 
-34.356 -462.106 -115.995 
-33.502 -463.223 -115.814 
-33.029 -463.817 -115.696 
-32.744 -464.167 -115.619 
-32.462 -464.508 -115.539 
-32.140 -464.893 -115.443 
-31.881 -465.197 -115.362 
-31.668 -465.445 -115.293 
-31.489 -465.651 -115.234 
-31.381 -465.775 -115.198 
-31.298 -465.870 -115.170 
-31.210 -465.971 -115.140 
-31.147 -466.044 -115.118 
-31.102 -466.095 -115.103 
-31.058 -466.146 -115.087 
-31.015 -466.195 -115.072 
-30.972 -466.244 -115.058 
-30.931 -466.291 -115.043 
-30.891 -466.337 -115.029 
-30.852 -466.382 -115.015 
-30.815 -466.425 -115.002 
-30.788 -466.456 -114.993 
-30.762 -466.486 -114.983 
-30.736 -466.516 -114.974 
-30.710 -466.546 -114.965 
-30.684 -466.576 -114.956 
-30.659 -466.605 -114.947 
-30.633 -466.635 -114.937 
-30.606 -466.666 -114.928 
-30.580 -466.696 -114.918 
-30.302 -467.019 -114.817 
-29.572 -467.882 -114.537 
-29.043 -468.526 -114.322 
-28.578 -469.101 -114.127 
-28.187 -469.592 -113.960 
-27.936 -469.911 -113.852 
-27.812 -470.070 -113.798 
-27.703 -470.210 -113.750 
-27.597 -470.348 -113.705 
-27.495 -470.482 -113.660 
-27.396 -470.612 -113.617 
-27.302 -470.737 -113.576 
-27.212 -470.857 -113.538 
-27.127 -470.971 -113.501 
-27.046 -471.080 -113.466 
-26.850 -471.349 -113.380 
-26.143 -472.372 -113.080 
