27.407 -414.546 -89.581 
26.952 -413.310 -90.592 
26.429 -412.111 -91.583 
25.841 -410.950 -92.551 
25.181 -409.808 -93.512 
24.449 -408.697 -94.464 
23.655 -407.630 -95.397 
22.798 -406.605 -96.317 
21.882 -405.626 -97.226 
20.915 -404.693 -98.128 
19.901 -403.805 -99.032 
18.847 -402.962 -99.939 
17.754 -402.166 -100.851 
16.623 -401.420 -101.755 
15.442 -400.719 -102.648 
14.216 -400.068 -103.524 
12.948 -399.465 -104.366 
11.623 -398.902 -105.183 
10.244 -398.375 -105.971 
8.837 -397.893 -106.718 
7.405 -397.455 -107.429 
5.953 -397.060 -108.106 
4.469 -396.708 -108.756 
2.973 -396.405 -109.375 
1.459 -396.157 -109.969 
0.002 -395.980 -110.512 
-1.461 -395.870 -111.032 
-2.967 -395.828 -111.541 
-4.510 -395.853 -112.031 
-6.094 -395.949 -112.500 
-7.692 -396.114 -112.937 
-9.315 -396.348 -113.342 
-10.930 -396.645 -113.705 
-12.550 -397.008 -114.028 
-14.139 -397.431 -114.308 
-15.712 -397.918 -114.549 
-17.294 -398.478 -114.755 
-18.895 -399.135 -114.942 
-20.472 -399.877 -115.101 
-22.010 -400.695 -115.226 
-23.483 -401.575 -115.322 
-24.912 -402.529 -115.394 
-26.287 -403.554 -115.443 
-27.621 -404.661 -115.464 
-28.888 -405.831 -115.453 
-30.079 -407.055 -115.417 
-31.187 -408.314 -115.361 
-32.226 -409.618 -115.289 
-33.192 -410.957 -115.201 
-34.091 -412.337 -115.098 
-34.902 -413.741 -114.987 
-35.574 -415.144 -114.874 
-36.123 -416.595 -114.756 
-36.585 -418.069 -114.633 
-36.994 -419.664 -114.487 
-37.313 -421.269 -114.315 
-37.590 -423.058 -114.116 
-37.815 -424.737 -113.918 
-38.013 -426.329 -113.713 
-38.207 -427.931 -113.507 
-38.390 -429.632 -113.328 
-38.514 -431.159 -113.194 
-38.601 -432.682 -113.062 
-38.661 -434.328 -112.913 
-38.683 -436.062 -112.731 
-38.666 -437.774 -112.550 
-38.614 -439.406 -112.389 
-38.519 -441.060 -112.229 
-38.393 -442.737 -112.068 
-38.254 -444.391 -111.907 
-38.116 -445.900 -111.756 
