18.558 -402.973 -101.419 
17.460 -402.216 -102.343 
16.307 -401.506 -103.247 
15.101 -400.843 -104.130 
13.846 -400.232 -104.987 
12.552 -399.677 -105.812 
11.235 -399.181 -106.599 
9.903 -398.742 -107.357 
8.552 -398.354 -108.092 
7.180 -398.017 -108.811 
5.780 -397.726 -109.520 
4.348 -397.483 -110.219 
2.939 -397.297 -110.881 
1.547 -397.175 -111.506 
0.125 -397.115 -112.112 
-1.311 -397.120 -112.692 
-2.752 -397.188 -113.246 
-4.194 -397.321 -113.777 
-5.661 -397.523 -114.296 
-7.155 -397.797 -114.807 
