-2.391 -396.867 -112.443 
-3.941 -396.915 -112.888 
-5.521 -397.037 -113.318 
-7.124 -397.232 -113.729 
-8.740 -397.500 -114.115 
-10.360 -397.839 -114.471 
-11.977 -398.245 -114.795 
-13.582 -398.717 -115.083 
-15.169 -399.251 -115.329 
-16.737 -399.845 -115.531 
-18.283 -400.494 -115.686 
-19.807 -401.198 -115.788 
-21.309 -401.954 -115.837 
-22.788 -402.759 -115.828 
-24.247 -403.635 -115.783 
-25.655 -404.573 -115.714 
-27.011 -405.571 -115.627 
-28.320 -406.632 -115.529 
-29.591 -407.767 -115.411 
-30.792 -408.947 -115.275 
-31.929 -410.164 -115.126 
-33.007 -411.416 -114.969 
-34.031 -412.702 -114.805 
-34.994 -414.022 -114.636 
-35.892 -415.380 -114.458 
-36.717 -416.772 -114.272 
-37.473 -418.201 -114.077 
-38.167 -419.619 -113.867 
-38.833 -421.052 -113.647 
-39.493 -422.533 -113.423 
-40.144 -424.057 -113.211 
-40.773 -425.595 -113.021 
-41.372 -427.154 -112.851 
-41.924 -428.735 -112.690 
-42.409 -430.304 -112.530 
-42.827 -431.858 -112.358 
-43.179 -433.415 -112.172 
-43.464 -434.982 -111.983 
-43.681 -436.576 -111.810 
-43.826 -438.162 -111.660 
-43.902 -439.734 -111.533 
-43.910 -441.344 -111.422 
-43.855 -442.970 -111.315 
