28.614 -419.724 -85.489 
28.411 -418.399 -86.437 
28.138 -417.099 -87.392 
27.792 -415.813 -88.363 
27.372 -414.544 -89.339 
26.880 -413.302 -90.314 
26.319 -412.096 -91.285 
25.694 -410.932 -92.240 
24.994 -409.793 -93.190 
24.215 -408.681 -94.141 
23.381 -407.624 -95.064 
22.488 -406.617 -95.965 
21.541 -405.658 -96.846 
20.546 -404.746 -97.710 
19.490 -403.866 -98.569 
18.370 -403.019 -99.409 
17.196 -402.213 -100.220 
15.976 -401.453 -100.990 
14.728 -400.750 -101.712 
13.460 -400.105 -102.388 
12.181 -399.517 -103.021 
10.869 -398.974 -103.627 
9.539 -398.476 -104.203 
8.165 -398.010 -104.776 
6.728 -397.581 -105.351 
5.243 -397.205 -105.919 
3.731 -396.895 -106.471 
2.211 -396.658 -107.002 
0.678 -396.495 -107.523 
-0.862 -396.410 -108.030 
-2.406 -396.398 -108.515 
-3.962 -396.458 -108.978 
-5.533 -396.586 -109.412 
-7.098 -396.778 -109.808 
-8.652 -397.031 -110.165 
-10.197 -397.345 -110.482 
-11.733 -397.717 -110.759 
-13.260 -398.146 -110.995 
-14.770 -398.628 -111.189 
-16.256 -399.158 -111.341 
-17.717 -399.734 -111.453 
-19.141 -400.349 -111.529 
-20.551 -401.013 -111.569 
-21.956 -401.736 -111.583 
-23.319 -402.497 -111.574 
-24.642 -403.293 -111.548 
-25.953 -404.133 -111.513 
-27.268 -405.015 -111.475 
-28.618 -405.973 -111.418 
-29.930 -406.966 -111.338 
-31.194 -407.989 -111.228 
-32.420 -409.042 -111.072 
-33.633 -410.133 -110.868 
-34.838 -411.265 -110.611 
-36.020 -412.431 -110.302 
-37.151 -413.621 -109.944 
-38.204 -414.828 -109.541 
-39.170 -416.048 -109.109 
-40.056 -417.279 -108.670 
-40.870 -418.531 -108.235 
-41.606 -419.807 -107.813 
-42.271 -421.117 -107.412 
-42.895 -422.516 -107.015 
-43.460 -423.943 -106.631 
-43.969 -425.400 -106.254 
-44.422 -426.878 -105.888 
-44.824 -428.387 -105.538 
-45.169 -429.913 -105.210 
-45.442 -431.454 -104.915 
-45.642 -433.008 -104.648 
-45.765 -434.572 -104.403 
-45.809 -436.148 -104.177 
-45.772 -437.735 -103.963 
-45.646 -439.343 -103.750 
-45.440 -440.954 -103.526 
-45.174 -442.540 -103.309 
-44.854 -444.124 -103.100 
-44.488 -445.697 -102.904 
-44.085 -447.262 -102.725 
-43.654 -448.823 -102.550 
-43.174 -450.399 -102.360 
-42.652 -451.926 -102.166 
-42.085 -453.409 -101.986 
-41.473 -454.853 -101.820 
-40.818 -456.243 -101.683 
-40.108 -457.604 -101.575 
-39.360 -458.941 -101.483 
-38.572 -460.245 -101.409 
-37.736 -461.529 -101.346 
-36.816 -462.846 -101.280 
-35.811 -464.183 -101.203 
-34.761 -465.483 -101.117 
-33.653 -466.761 -101.025 
