28.861 -422.846 -83.325 
28.806 -421.477 -84.213 
28.692 -420.149 -85.108 
28.513 -418.823 -86.035 
28.266 -417.519 -86.972 
27.950 -416.240 -87.915 
27.558 -414.966 -88.874 
27.093 -413.714 -89.837 
26.556 -412.494 -90.797 
25.947 -411.304 -91.756 
25.267 -410.146 -92.707 
24.506 -409.011 -93.660 
23.679 -407.923 -94.599 
22.793 -406.889 -95.515 
21.847 -405.903 -96.414 
20.850 -404.966 -97.299 
19.790 -404.064 -98.185 
18.669 -403.198 -99.060 
17.496 -402.377 -99.914 
16.274 -401.605 -100.731 
15.008 -400.884 -101.505 
13.708 -400.219 -102.231 
12.394 -399.619 -102.900 
11.044 -399.067 -103.528 
9.661 -398.561 -104.114 
8.238 -398.093 -104.664 
6.754 -397.661 -105.191 
5.237 -397.280 -105.685 
3.700 -396.962 -106.151 
2.152 -396.713 -106.588 
0.599 -396.539 -107.008 
-0.961 -396.440 -107.416 
-2.526 -396.414 -107.810 
-4.089 -396.459 -108.188 
-5.652 -396.571 -108.540 
-7.218 -396.747 -108.864 
-8.786 -396.988 -109.158 
-10.348 -397.292 -109.422 
-11.918 -397.662 -109.654 
-13.482 -398.097 -109.855 
-15.035 -398.595 -110.024 
-16.545 -399.144 -110.157 
-18.030 -399.746 -110.256 
-19.485 -400.399 -110.321 
-20.911 -401.106 -110.354 
-22.318 -401.872 -110.353 
-23.716 -402.705 -110.315 
-25.083 -403.589 -110.239 
-26.415 -404.525 -110.129 
-27.713 -405.521 -109.985 
-28.988 -406.579 -109.807 
-30.245 -407.695 -109.603 
-31.486 -408.852 -109.388 
-32.699 -410.023 -109.172 
-33.872 -411.180 -108.953 
-35.021 -412.315 -108.726 
-36.153 -413.448 -108.492 
-37.267 -414.617 -108.259 
-38.336 -415.820 -108.042 
-39.353 -417.058 -107.853 
-40.351 -418.391 -107.705 
-41.278 -419.771 -107.630 
-42.121 -421.175 -107.628 
-42.882 -422.601 -107.694 
-43.561 -424.055 -107.835 
-44.149 -425.521 -108.042 
-44.652 -427.012 -108.309 
-45.081 -428.554 -108.624 
-45.422 -430.125 -108.958 
-45.672 -431.710 -109.311 
-45.837 -433.313 -109.676 
-45.919 -434.918 -110.042 
-45.919 -436.553 -110.423 
-45.849 -438.177 -110.815 
-45.717 -439.763 -111.215 
-45.518 -441.344 -111.638 
-45.250 -442.916 -112.079 
