23.574 -453.541 -71.682 
23.888 -451.949 -71.894 
24.226 -450.299 -72.121 
24.574 -448.671 -72.353 
24.930 -447.048 -72.583 
25.280 -445.433 -72.803 
25.621 -443.830 -73.016 
25.960 -442.235 -73.230 
26.300 -440.660 -73.448 
26.652 -439.076 -73.684 
27.020 -437.509 -73.944 
27.412 -435.934 -74.241 
27.812 -434.391 -74.568 
28.213 -432.841 -74.926 
28.608 -431.289 -75.315 
28.990 -429.734 -75.739 
29.354 -428.176 -76.208 
29.692 -426.635 -76.724 
30.001 -425.107 -77.290 
30.275 -423.588 -77.910 
30.503 -422.075 -78.579 
30.675 -420.570 -79.288 
30.786 -419.076 -80.031 
30.832 -417.596 -80.804 
30.814 -416.137 -81.602 
30.731 -414.702 -82.426 
30.587 -413.300 -83.271 
30.381 -411.922 -84.139 
30.108 -410.562 -85.033 
29.770 -409.233 -85.936 
29.369 -407.932 -86.841 
28.904 -406.651 -87.740 
28.377 -405.388 -88.623 
27.786 -404.139 -89.489 
27.128 -402.903 -90.336 
26.399 -401.680 -91.162 
25.599 -400.477 -91.963 
24.728 -399.302 -92.734 
23.781 -398.154 -93.475 
22.759 -397.039 -94.185 
21.670 -395.966 -94.853 
20.516 -394.939 -95.477 
19.306 -393.962 -96.051 
18.047 -393.037 -96.572 
16.742 -392.167 -97.043 
15.395 -391.352 -97.467 
14.008 -390.594 -97.855 
12.587 -389.890 -98.206 
11.141 -389.241 -98.515 
9.656 -388.638 -98.787 
8.139 -388.085 -99.020 
6.589 -387.582 -99.214 
