-17.989 -399.948 -115.390 
-19.542 -400.585 -115.472 
-21.131 -401.309 -115.507 
-22.677 -402.101 -115.501 
-24.160 -402.950 -115.466 
-25.597 -403.866 -115.406 
-26.983 -404.847 -115.324 
-28.326 -405.898 -115.224 
-29.620 -407.019 -115.097 
-30.843 -408.190 -114.948 
-31.994 -409.404 -114.782 
-33.071 -410.649 -114.606 
-34.087 -411.932 -114.422 
-35.041 -413.258 -114.230 
-35.913 -414.625 -114.021 
-36.713 -416.049 -113.799 
-37.457 -417.528 -113.558 
-38.145 -418.972 -113.314 
-38.812 -420.425 -113.061 
-39.478 -421.922 -112.801 
-40.130 -423.437 -112.556 
-40.755 -424.954 -112.337 
-41.352 -426.483 -112.145 
-41.922 -428.032 -111.978 
-42.444 -429.585 -111.823 
-42.894 -431.137 -111.663 
-43.263 -432.679 -111.495 
-43.558 -434.222 -111.317 
-43.802 -435.798 -111.127 
-44.003 -437.377 -110.938 
-44.168 -438.965 -110.766 
-44.287 -440.571 -110.635 
-44.351 -442.194 -110.552 
-44.353 -443.850 -110.509 
