-41.815 -420.918 -113.266 
-42.511 -422.148 -113.015 
-43.171 -423.395 -112.746 
-43.792 -424.660 -112.462 
-44.366 -425.941 -112.166 
-44.888 -427.236 -111.863 
-45.355 -428.539 -111.554 
-45.764 -429.851 -111.239 
-46.117 -431.176 -110.918 
-46.413 -432.530 -110.588 
-46.650 -433.925 -110.245 
-46.821 -435.379 -109.883 
-46.916 -436.892 -109.500 
-46.924 -438.439 -109.104 
-46.841 -440.022 -108.695 
-46.663 -441.620 -108.286 
-46.398 -443.206 -107.897 
-46.067 -444.696 -107.555 
-45.684 -446.098 -107.246 
-45.249 -447.495 -106.941 
-44.772 -448.907 -106.627 
-44.255 -450.375 -106.290 
-43.711 -451.890 -105.937 
-43.142 -453.430 -105.572 
-42.561 -454.951 -105.215 
-41.960 -456.464 -104.869 
-41.325 -457.950 -104.547 
-40.634 -459.403 -104.245 
-39.875 -460.824 -103.964 
-39.035 -462.232 -103.696 
-38.129 -463.616 -103.441 
-37.186 -464.962 -103.203 
-36.228 -466.274 -102.976 
-35.255 -467.554 -102.762 
