28.692 -427.930 -80.258 
28.858 -426.479 -81.044 
29.005 -425.072 -81.835 
29.134 -423.618 -82.680 
29.222 -422.181 -83.542 
29.260 -420.776 -84.412 
29.237 -419.389 -85.291 
29.141 -418.018 -86.172 
28.969 -416.649 -87.056 
28.722 -415.296 -87.929 
28.398 -413.947 -88.793 
27.995 -412.597 -89.656 
27.519 -411.271 -90.508 
26.977 -409.977 -91.344 
26.370 -408.713 -92.169 
25.701 -407.477 -92.985 
24.970 -406.277 -93.787 
24.181 -405.113 -94.573 
23.332 -403.980 -95.344 
22.428 -402.883 -96.105 
21.469 -401.822 -96.861 
20.455 -400.798 -97.609 
19.387 -399.815 -98.345 
18.266 -398.874 -99.064 
17.094 -397.978 -99.759 
15.871 -397.126 -100.430 
14.610 -396.328 -101.077 
13.315 -395.586 -101.713 
11.994 -394.895 -102.337 
10.635 -394.241 -102.957 
9.244 -393.630 -103.572 
7.816 -393.062 -104.175 
6.356 -392.547 -104.754 
4.863 -392.089 -105.304 
3.346 -391.694 -105.818 
1.814 -391.365 -106.299 
0.274 -391.102 -106.749 
-1.278 -390.903 -107.178 
-2.859 -390.766 -107.589 
-4.451 -390.695 -107.976 
-6.048 -390.690 -108.339 
-7.641 -390.752 -108.679 
-9.228 -390.879 -108.995 
-10.805 -391.070 -109.287 
-12.377 -391.327 -109.558 
-13.941 -391.651 -109.812 
-15.501 -392.045 -110.050 
-17.062 -392.515 -110.273 
-18.625 -393.064 -110.482 
-20.193 -393.697 -110.675 
-21.745 -394.409 -110.847 
-23.265 -395.187 -110.993 
-24.686 -395.985 -111.112 
-25.925 -396.742 -111.196 
-27.012 -397.453 -111.247 
-27.980 -398.131 -111.270 
