25.819 -410.992 -92.794 
25.182 -409.879 -93.804 
24.480 -408.798 -94.792 
23.724 -407.761 -95.755 
22.914 -406.760 -96.705 
22.053 -405.798 -97.645 
21.144 -404.876 -98.578 
20.187 -403.995 -99.506 
19.182 -403.158 -100.429 
18.126 -402.365 -101.345 
17.017 -401.616 -102.251 
15.855 -400.914 -103.142 
14.643 -400.262 -104.011 
13.385 -399.660 -104.853 
12.088 -399.113 -105.666 
10.770 -398.620 -106.447 
9.439 -398.180 -107.197 
8.093 -397.789 -107.927 
6.707 -397.437 -108.651 
5.289 -397.128 -109.366 
3.845 -396.865 -110.067 
2.426 -396.659 -110.733 
1.008 -396.517 -111.368 
-0.470 -396.439 -111.992 
-1.978 -396.431 -112.592 
-3.519 -396.492 -113.175 
-5.094 -396.625 -113.740 
-6.697 -396.829 -114.287 
-8.317 -397.105 -114.813 
