23.128 -407.119 -96.690 
22.302 -406.177 -97.676 
21.424 -405.274 -98.655 
20.494 -404.412 -99.626 
19.511 -403.592 -100.589 
18.476 -402.816 -101.541 
17.386 -402.085 -102.481 
16.242 -401.398 -103.405 
15.046 -400.757 -104.309 
13.803 -400.165 -105.189 
12.519 -399.624 -106.039 
11.194 -399.135 -106.860 
9.837 -398.698 -107.652 
8.458 -398.314 -108.414 
7.057 -397.981 -109.152 
5.632 -397.699 -109.871 
4.185 -397.469 -110.573 
2.761 -397.305 -111.236 
1.322 -397.204 -111.876 
-0.123 -397.168 -112.491 
