22.153 -462.981 -70.621 
22.356 -461.334 -70.739 
22.569 -459.675 -70.858 
22.793 -458.037 -70.969 
23.037 -456.386 -71.071 
23.303 -454.739 -71.165 
23.587 -453.113 -71.253 
23.896 -451.481 -71.342 
24.218 -449.863 -71.434 
24.550 -448.280 -71.531 
24.903 -446.696 -71.634 
25.273 -445.125 -71.742 
25.665 -443.557 -71.860 
26.073 -441.992 -71.984 
26.493 -440.425 -72.128 
26.923 -438.866 -72.295 
27.363 -437.300 -72.499 
27.808 -435.751 -72.750 
28.255 -434.212 -73.057 
28.699 -432.665 -73.428 
