21.719 -468.439 -70.290 
21.887 -466.802 -70.359 
22.092 -465.152 -70.443 
22.311 -463.479 -70.528 
22.534 -461.809 -70.613 
22.771 -460.147 -70.695 
23.027 -458.491 -70.769 
23.303 -456.843 -70.838 
23.595 -455.231 -70.903 
23.903 -453.619 -70.975 
24.226 -452.005 -71.060 
24.557 -450.408 -71.156 
24.908 -448.837 -71.268 
25.281 -447.265 -71.390 
25.671 -445.699 -71.520 
26.081 -444.138 -71.668 
26.509 -442.581 -71.831 
26.948 -441.022 -72.021 
27.387 -439.482 -72.243 
27.833 -437.942 -72.512 
28.288 -436.386 -72.841 
28.735 -434.821 -73.227 
