-3.345 -396.883 -112.721 
-4.916 -396.964 -113.150 
-6.514 -397.119 -113.561 
-8.132 -397.347 -113.952 
-9.756 -397.647 -114.314 
-11.380 -398.015 -114.644 
-12.994 -398.450 -114.939 
-14.593 -398.948 -115.195 
-16.174 -399.507 -115.408 
-17.734 -400.123 -115.574 
-19.272 -400.794 -115.690 
-20.782 -401.515 -115.754 
-22.286 -402.298 -115.762 
-23.769 -403.147 -115.731 
-25.202 -404.061 -115.673 
-26.584 -405.037 -115.594 
-27.911 -406.071 -115.502 
-29.209 -407.188 -115.390 
-30.438 -408.353 -115.257 
-31.597 -409.558 -115.109 
-32.692 -410.799 -114.952 
-33.729 -412.073 -114.786 
-34.709 -413.386 -114.614 
-35.619 -414.730 -114.433 
-36.458 -416.116 -114.241 
-37.220 -417.531 -114.046 
-37.936 -418.972 -113.834 
-38.612 -420.399 -113.613 
-39.272 -421.846 -113.388 
-39.931 -423.355 -113.170 
-40.571 -424.883 -112.972 
-41.186 -426.426 -112.800 
-41.763 -427.989 -112.646 
-42.282 -429.561 -112.496 
-42.734 -431.117 -112.340 
-43.121 -432.669 -112.168 
-43.442 -434.228 -111.986 
-43.697 -435.804 -111.811 
-43.882 -437.403 -111.655 
-43.997 -438.983 -111.523 
-44.044 -440.566 -111.416 
-44.024 -442.186 -111.320 
-43.939 -443.816 -111.234 
