21.532 -473.336 -70.139 
21.615 -471.701 -70.176 
21.751 -470.068 -70.225 
21.930 -468.433 -70.287 
22.140 -466.766 -70.351 
22.357 -465.093 -70.410 
22.585 -463.426 -70.466 
22.832 -461.770 -70.517 
23.101 -460.119 -70.560 
23.397 -458.476 -70.599 
23.719 -456.841 -70.640 
24.060 -455.225 -70.684 
24.408 -453.636 -70.749 
24.775 -452.050 -70.835 
25.158 -450.480 -70.937 
25.569 -448.923 -71.059 
26.006 -447.370 -71.198 
26.464 -445.822 -71.355 
26.934 -444.282 -71.538 
27.405 -442.753 -71.750 
27.885 -441.172 -72.016 
