28.766 -426.965 -80.795 
28.877 -425.559 -81.591 
28.961 -424.123 -82.440 
29.005 -422.702 -83.308 
28.997 -421.315 -84.185 
28.929 -419.952 -85.076 
28.791 -418.597 -85.980 
28.582 -417.263 -86.888 
28.302 -415.944 -87.802 
27.948 -414.633 -88.719 
27.518 -413.336 -89.638 
27.015 -412.060 -90.557 
26.443 -410.818 -91.467 
25.805 -409.608 -92.369 
25.104 -408.434 -93.262 
24.342 -407.299 -94.145 
23.528 -406.205 -95.013 
22.655 -405.143 -95.869 
21.727 -404.117 -96.708 
20.744 -403.127 -97.535 
19.695 -402.165 -98.351 
18.587 -401.242 -99.143 
17.425 -400.367 -99.905 
16.211 -399.542 -100.630 
14.959 -398.776 -101.308 
13.671 -398.068 -101.941 
12.331 -397.405 -102.542 
10.960 -396.795 -103.123 
9.558 -396.234 -103.682 
8.124 -395.718 -104.241 
6.654 -395.250 -104.795 
5.153 -394.847 -105.342 
3.628 -394.515 -105.875 
2.091 -394.256 -106.387 
0.549 -394.072 -106.879 
-1.006 -393.955 -107.346 
-2.570 -393.904 -107.781 
-4.135 -393.919 -108.185 
-5.707 -394.003 -108.568 
-7.278 -394.157 -108.929 
-8.846 -394.378 -109.269 
-10.407 -394.668 -109.585 
-11.957 -395.022 -109.874 
-13.494 -395.441 -110.134 
-15.012 -395.922 -110.364 
-16.509 -396.463 -110.560 
-17.987 -397.066 -110.722 
-19.444 -397.729 -110.849 
-20.881 -398.455 -110.945 
-22.296 -399.244 -111.009 
-23.689 -400.095 -111.039 
-25.060 -401.002 -111.034 
-26.406 -401.959 -110.997 
-27.732 -402.957 -110.939 
-29.056 -403.993 -110.871 
-30.374 -405.066 -110.786 
-31.680 -406.184 -110.669 
-32.946 -407.329 -110.523 
-34.170 -408.504 -110.353 
-35.347 -409.711 -110.161 
-36.452 -410.901 -109.980 
