25.608 -410.613 -93.143 
24.946 -409.510 -94.150 
24.226 -408.447 -95.129 
23.450 -407.424 -96.088 
22.622 -406.438 -97.035 
21.744 -405.492 -97.973 
20.819 -404.586 -98.905 
19.845 -403.721 -99.833 
18.822 -402.901 -100.755 
17.749 -402.125 -101.669 
16.621 -401.394 -102.571 
15.442 -400.711 -103.456 
14.212 -400.078 -104.319 
12.939 -399.497 -105.153 
11.634 -398.970 -105.956 
10.308 -398.497 -106.729 
8.968 -398.076 -107.474 
7.607 -397.701 -108.203 
6.211 -397.368 -108.925 
4.782 -397.078 -109.637 
3.333 -396.836 -110.333 
1.952 -396.660 -110.972 
0.532 -396.543 -111.600 
-0.955 -396.491 -112.221 
-2.474 -396.508 -112.821 
-4.026 -396.595 -113.402 
-5.611 -396.753 -113.967 
-7.221 -396.984 -114.512 
-8.843 -397.287 -115.034 
