-21.393 -401.471 -115.596 
-22.931 -402.270 -115.618 
-24.414 -403.123 -115.609 
-25.849 -404.037 -115.573 
-27.228 -405.006 -115.511 
-28.600 -406.065 -115.413 
-29.916 -407.158 -115.264 
-31.182 -408.272 -115.070 
-32.420 -409.422 -114.825 
-33.626 -410.607 -114.526 
-34.800 -411.831 -114.167 
-35.930 -413.094 -113.742 
-36.983 -414.368 -113.263 
-37.957 -415.654 -112.743 
-38.853 -416.949 -112.184 
-39.664 -418.230 -111.598 
-40.403 -419.503 -110.987 
-41.074 -420.775 -110.347 
-41.680 -422.054 -109.677 
-42.225 -423.337 -108.988 
-42.725 -424.636 -108.274 
-43.176 -425.962 -107.533 
-43.569 -427.299 -106.785 
-43.916 -428.667 -106.033 
-44.219 -430.064 -105.298 
-44.470 -431.474 -104.603 
-44.669 -432.914 -103.946 
-44.801 -434.393 -103.320 
-44.862 -435.888 -102.746 
-44.861 -437.396 -102.222 
-44.805 -438.910 -101.744 
-44.699 -440.425 -101.312 
-44.549 -441.941 -100.922 
-44.346 -443.484 -100.562 
-44.094 -445.013 -100.233 
-43.794 -446.523 -99.930 
-43.442 -448.012 -99.650 
