24.090 -408.314 -95.431 
23.324 -407.319 -96.419 
22.499 -406.358 -97.396 
21.625 -405.438 -98.359 
20.698 -404.559 -99.314 
19.719 -403.722 -100.262 
18.687 -402.928 -101.200 
17.598 -402.179 -102.125 
16.451 -401.474 -103.037 
15.251 -400.817 -103.927 
14.003 -400.210 -104.792 
12.714 -399.658 -105.626 
11.400 -399.165 -106.423 
10.069 -398.727 -107.189 
8.721 -398.342 -107.932 
7.352 -398.006 -108.658 
5.956 -397.717 -109.373 
4.529 -397.475 -110.078 
3.109 -397.287 -110.753 
1.722 -397.164 -111.385 
0.308 -397.101 -111.998 
-1.127 -397.102 -112.586 
-2.571 -397.167 -113.149 
-4.009 -397.296 -113.686 
-5.470 -397.494 -114.211 
-6.958 -397.764 -114.727 
