28.096 -416.901 -87.636 
27.765 -415.633 -88.610 
27.359 -414.376 -89.588 
26.876 -413.133 -90.569 
26.326 -411.929 -91.537 
25.711 -410.762 -92.488 
25.015 -409.611 -93.441 
24.245 -408.494 -94.387 
23.415 -407.430 -95.310 
22.522 -406.412 -96.218 
21.575 -405.441 -97.113 
20.581 -404.516 -98.003 
19.528 -403.624 -98.902 
18.405 -402.757 -99.797 
17.229 -401.930 -100.663 
15.998 -401.145 -101.486 
14.714 -400.402 -102.265 
13.406 -399.718 -102.986 
12.082 -399.093 -103.651 
10.731 -398.515 -104.272 
9.346 -397.977 -104.859 
7.924 -397.475 -105.416 
6.462 -397.011 -105.951 
4.978 -396.600 -106.466 
3.471 -396.248 -106.966 
1.944 -395.956 -107.449 
0.401 -395.730 -107.911 
-1.154 -395.570 -108.348 
-2.722 -395.476 -108.757 
-4.302 -395.446 -109.139 
-5.891 -395.480 -109.490 
-7.482 -395.579 -109.810 
-9.069 -395.740 -110.100 
-10.648 -395.964 -110.357 
-12.219 -396.249 -110.582 
-13.778 -396.596 -110.777 
-15.317 -397.003 -110.943 
-16.837 -397.473 -111.080 
-18.335 -398.004 -111.188 
-19.812 -398.598 -111.267 
-21.271 -399.256 -111.318 
-22.708 -399.979 -111.341 
-24.129 -400.768 -111.339 
-25.532 -401.615 -111.313 
-26.932 -402.521 -111.268 
-28.336 -403.481 -111.214 
-29.724 -404.485 -111.153 
-31.097 -405.544 -111.061 
-32.426 -406.647 -110.938 
-33.672 -407.768 -110.784 
-34.835 -408.896 -110.604 
-35.934 -410.018 -110.442 
