-24.612 -403.254 -115.667 
-26.031 -404.193 -115.654 
-27.389 -405.204 -115.630 
-28.700 -406.299 -115.586 
-29.933 -407.454 -115.524 
-31.087 -408.665 -115.449 
-32.166 -409.936 -115.362 
-33.161 -411.246 -115.270 
-34.078 -412.608 -115.166 
-34.920 -414.018 -115.054 
-35.677 -415.475 -114.939 
-36.318 -416.939 -114.828 
-36.835 -418.478 -114.719 
-37.257 -420.098 -114.587 
-37.591 -421.724 -114.448 
-37.896 -423.388 -114.315 
-38.180 -425.028 -114.189 
-38.436 -426.650 -114.072 
-38.658 -428.259 -113.973 
-38.847 -429.712 -113.900 
-38.993 -430.857 -113.849 
-39.134 -432.081 -113.794 
-39.266 -433.380 -113.743 
-39.386 -434.792 -113.693 
-39.491 -436.433 -113.649 
-39.542 -438.046 -113.639 
-39.531 -439.675 -113.629 
-39.469 -441.315 -113.602 
-39.366 -442.969 -113.573 
-39.223 -444.634 -113.528 
-39.079 -446.281 -113.467 
-38.962 -447.819 -113.402 
-38.857 -449.362 -113.332 
-38.751 -450.956 -113.264 
