-35.960 -412.849 -114.609 
-37.058 -414.234 -114.280 
-38.066 -415.639 -113.909 
-38.989 -417.059 -113.506 
-39.830 -418.489 -113.086 
-40.580 -419.902 -112.665 
-41.264 -421.316 -112.250 
-41.882 -422.750 -111.850 
-42.440 -424.208 -111.473 
-42.927 -425.685 -111.123 
-43.364 -427.231 -110.789 
-43.752 -428.808 -110.476 
-44.078 -430.389 -110.195 
-44.340 -431.979 -109.935 
-44.521 -433.545 -109.697 
-44.636 -435.096 -109.481 
-44.714 -436.653 -109.283 
-44.749 -438.207 -109.121 
-44.742 -439.772 -109.000 
-44.688 -441.351 -108.936 
-44.599 -442.934 -108.941 
-44.471 -444.541 -109.015 
