27.123 -413.781 -90.238 
26.626 -412.572 -91.247 
26.066 -411.405 -92.228 
25.436 -410.263 -93.194 
24.730 -409.141 -94.157 
23.964 -408.063 -95.100 
23.133 -407.026 -96.029 
22.242 -406.034 -96.947 
21.297 -405.087 -97.857 
20.303 -404.184 -98.765 
19.266 -403.327 -99.677 
18.189 -402.515 -100.594 
17.073 -401.750 -101.511 
15.914 -401.034 -102.423 
14.711 -400.366 -103.321 
13.462 -399.747 -104.193 
12.168 -399.174 -105.036 
10.843 -398.651 -105.844 
9.501 -398.176 -106.612 
8.134 -397.741 -107.354 
6.701 -397.333 -108.089 
5.235 -396.968 -108.789 
3.748 -396.651 -109.451 
2.243 -396.387 -110.080 
0.804 -396.198 -110.649 
-0.643 -396.077 -111.193 
-2.115 -396.025 -111.720 
-3.643 -396.043 -112.240 
-5.201 -396.133 -112.741 
-6.786 -396.294 -113.220 
-8.391 -396.527 -113.677 
-9.997 -396.828 -114.101 
-11.609 -397.200 -114.495 
-13.197 -397.635 -114.855 
-14.767 -398.133 -115.189 
-16.300 -398.691 -115.498 
-17.796 -399.311 -115.785 
-19.251 -399.994 -116.052 
-20.668 -400.742 -116.299 
-22.049 -401.560 -116.529 
-23.390 -402.447 -116.741 
-24.696 -403.406 -116.936 
