-25.522 -403.808 -115.642 
-26.945 -404.779 -115.586 
-28.324 -405.829 -115.502 
-29.644 -406.946 -115.382 
-30.889 -408.117 -115.229 
-32.063 -409.345 -115.050 
-33.141 -410.592 -114.856 
-34.155 -411.894 -114.643 
-35.082 -413.229 -114.412 
-35.929 -414.606 -114.166 
-36.696 -416.024 -113.912 
-37.395 -417.500 -113.650 
-38.068 -419.019 -113.381 
-38.716 -420.529 -113.116 
-39.369 -422.062 -112.849 
-40.005 -423.586 -112.601 
-40.617 -425.112 -112.376 
-41.203 -426.648 -112.175 
-41.758 -428.202 -111.991 
-42.261 -429.756 -111.818 
-42.690 -431.300 -111.639 
-43.037 -432.834 -111.449 
-43.321 -434.391 -111.245 
-43.561 -435.972 -111.031 
-43.770 -437.569 -110.815 
-43.973 -439.186 -110.603 
-44.156 -440.807 -110.414 
-44.292 -442.433 -110.264 
-44.369 -444.079 -110.156 
