28.877 -424.194 -82.457 
28.883 -422.781 -83.329 
28.834 -421.399 -84.211 
28.726 -420.042 -85.108 
28.552 -418.699 -86.024 
28.308 -417.379 -86.949 
27.994 -416.081 -87.880 
27.606 -414.794 -88.822 
27.145 -413.525 -89.769 
26.610 -412.284 -90.718 
26.005 -411.073 -91.666 
25.330 -409.896 -92.607 
24.578 -408.746 -93.547 
23.760 -407.642 -94.474 
22.881 -406.592 -95.376 
21.941 -405.589 -96.260 
20.942 -404.629 -97.131 
19.888 -403.713 -97.981 
18.776 -402.839 -98.806 
17.606 -402.008 -99.608 
16.391 -401.232 -100.375 
15.146 -400.517 -101.095 
13.881 -399.869 -101.767 
12.592 -399.281 -102.396 
11.265 -398.743 -102.990 
9.887 -398.244 -103.558 
8.453 -397.784 -104.103 
6.972 -397.369 -104.632 
5.461 -397.013 -105.148 
3.937 -396.730 -105.644 
2.387 -396.519 -106.124 
0.825 -396.382 -106.585 
-0.738 -396.317 -107.022 
-2.308 -396.323 -107.440 
-3.886 -396.397 -107.834 
-5.465 -396.540 -108.199 
-7.053 -396.751 -108.529 
-8.637 -397.027 -108.825 
-10.220 -397.369 -109.085 
-11.794 -397.773 -109.306 
-13.353 -398.227 -109.483 
-14.903 -398.733 -109.617 
-16.446 -399.292 -109.703 
-17.982 -399.903 -109.741 
-19.509 -400.570 -109.727 
-21.018 -401.291 -109.662 
-22.505 -402.062 -109.543 
-23.957 -402.874 -109.368 
-25.376 -403.724 -109.144 
-26.803 -404.632 -108.871 
-28.215 -405.565 -108.572 
-29.608 -406.515 -108.256 
-30.951 -407.486 -107.913 
-32.230 -408.444 -107.559 
-33.519 -409.430 -107.172 
-34.819 -410.462 -106.738 
-36.097 -411.541 -106.282 
-37.328 -412.693 -105.827 
-38.498 -413.911 -105.395 
-39.588 -415.175 -105.010 
-40.599 -416.479 -104.683 
-41.538 -417.818 -104.417 
-42.437 -419.221 -104.213 
