-14.520 -398.731 -115.022 
-16.186 -399.242 -115.194 
-17.838 -399.806 -115.312 
-19.480 -400.424 -115.372 
-21.116 -401.104 -115.380 
-22.707 -401.841 -115.348 
-24.229 -402.624 -115.283 
-25.706 -403.467 -115.186 
-27.131 -404.372 -115.058 
-28.538 -405.360 -114.893 
-29.905 -406.408 -114.674 
-31.211 -407.487 -114.402 
-32.480 -408.610 -114.075 
-33.707 -409.775 -113.687 
-34.881 -410.978 -113.234 
-35.983 -412.199 -112.731 
-37.017 -413.447 -112.177 
-37.970 -414.706 -111.579 
-38.836 -415.959 -110.951 
-39.618 -417.200 -110.297 
-40.333 -418.451 -109.610 
-40.995 -419.736 -108.886 
-41.592 -421.026 -108.160 
-42.134 -422.347 -107.426 
-42.615 -423.683 -106.692 
-43.039 -425.038 -105.960 
-43.418 -426.439 -105.229 
-43.748 -427.861 -104.531 
-44.026 -429.298 -103.873 
-44.255 -430.758 -103.257 
-44.421 -432.256 -102.681 
-44.517 -433.768 -102.157 
-44.552 -435.291 -101.681 
-44.534 -436.818 -101.250 
-44.469 -438.344 -100.863 
-44.361 -439.864 -100.516 
-44.211 -441.400 -100.200 
-44.013 -442.940 -99.908 
-43.767 -444.468 -99.638 
