-18.462 -400.132 -115.426 
-20.071 -400.795 -115.489 
-21.674 -401.524 -115.503 
-23.218 -402.303 -115.481 
-24.709 -403.137 -115.430 
-26.151 -404.030 -115.350 
-27.537 -404.980 -115.245 
-28.920 -406.021 -115.098 
-30.243 -407.097 -114.901 
-31.517 -408.200 -114.657 
-32.762 -409.345 -114.358 
-33.969 -410.530 -114.002 
-35.135 -411.755 -113.582 
-36.228 -412.991 -113.113 
-37.253 -414.255 -112.594 
-38.197 -415.529 -112.033 
-39.059 -416.799 -111.438 
-39.841 -418.060 -110.818 
-40.550 -419.317 -110.170 
-41.192 -420.579 -109.492 
-41.769 -421.850 -108.784 
-42.298 -423.142 -108.051 
-42.776 -424.463 -107.299 
-43.195 -425.796 -106.544 
-43.566 -427.164 -105.786 
-43.891 -428.566 -105.051 
-44.165 -429.984 -104.355 
-44.389 -431.417 -103.704 
-44.554 -432.901 -103.080 
-44.644 -434.400 -102.508 
-44.672 -435.909 -101.987 
-44.646 -437.425 -101.515 
-44.571 -438.943 -101.088 
-44.454 -440.458 -100.706 
-44.291 -441.995 -100.357 
-44.080 -443.531 -100.038 
-43.824 -445.051 -99.746 
