21.627 -470.273 -70.218 
21.771 -468.641 -70.268 
21.958 -467.006 -70.337 
22.172 -465.333 -70.410 
22.391 -463.656 -70.481 
22.616 -461.983 -70.552 
22.858 -460.323 -70.619 
23.120 -458.668 -70.678 
23.402 -457.035 -70.733 
23.693 -455.449 -70.788 
24.002 -453.840 -70.850 
24.321 -452.234 -70.935 
24.650 -450.640 -71.037 
25.000 -449.070 -71.156 
25.373 -447.498 -71.288 
25.763 -445.932 -71.426 
26.171 -444.370 -71.584 
26.595 -442.811 -71.758 
27.028 -441.248 -71.960 
27.460 -439.704 -72.193 
27.894 -438.165 -72.471 
28.336 -436.600 -72.811 
28.761 -435.025 -73.203 
