21.554 -472.026 -70.177 
21.646 -470.372 -70.243 
21.792 -468.735 -70.323 
21.986 -467.105 -70.415 
22.242 -465.471 -70.505 
22.532 -463.821 -70.591 
22.845 -462.179 -70.671 
23.183 -460.548 -70.745 
23.548 -458.904 -70.817 
23.942 -457.243 -70.903 
24.352 -455.603 -71.016 
24.759 -454.002 -71.151 
25.172 -452.370 -71.304 
25.573 -450.744 -71.466 
25.955 -449.146 -71.633 
26.333 -447.543 -71.813 
26.718 -445.938 -72.031 
27.100 -444.355 -72.281 
27.480 -442.765 -72.564 
27.853 -441.177 -72.879 
28.211 -439.593 -73.222 
28.553 -438.006 -73.593 
28.876 -436.409 -73.993 
29.174 -434.823 -74.418 
29.446 -433.237 -74.872 
29.692 -431.641 -75.366 
