2.123 -397.068 -110.917 
0.657 -396.934 -111.451 
-0.823 -396.862 -111.961 
-2.354 -396.865 -112.461 
-3.902 -396.944 -112.938 
-5.475 -397.098 -113.401 
-7.069 -397.325 -113.849 
-8.689 -397.623 -114.282 
-10.323 -397.990 -114.695 
-11.967 -398.422 -115.081 
-13.611 -398.917 -115.436 
-15.252 -399.474 -115.754 
-16.876 -400.090 -116.029 
-18.495 -400.771 -116.260 
-20.068 -401.499 -116.436 
-21.572 -402.271 -116.577 
-23.044 -403.105 -116.686 
-24.481 -404.000 -116.763 
-25.884 -404.955 -116.806 
-27.266 -405.979 -116.810 
-28.612 -407.065 -116.768 
-29.911 -408.206 -116.677 
-31.156 -409.391 -116.537 
