-37.311 -414.436 -114.387 
-38.330 -415.787 -114.125 
-39.275 -417.156 -113.856 
-40.150 -418.542 -113.596 
-40.960 -419.950 -113.354 
-41.704 -421.387 -113.136 
-42.387 -422.862 -112.945 
-42.983 -424.350 -112.788 
-43.488 -425.846 -112.647 
-43.920 -427.379 -112.506 
-44.274 -428.926 -112.375 
-44.560 -430.510 -112.241 
-44.780 -432.107 -112.108 
-44.934 -433.721 -111.976 
-45.020 -435.346 -111.849 
-45.038 -436.971 -111.736 
-44.988 -438.595 -111.634 
-44.868 -440.194 -111.535 
-44.660 -441.798 -111.443 
-44.372 -443.398 -111.366 
