-13.553 -398.456 -114.896 
-15.147 -398.930 -115.096 
-16.718 -399.466 -115.257 
-18.268 -400.063 -115.375 
-19.805 -400.722 -115.448 
-21.366 -401.474 -115.485 
-22.862 -402.289 -115.490 
-24.299 -403.166 -115.477 
-25.684 -404.112 -115.449 
-27.012 -405.123 -115.413 
-28.292 -406.207 -115.374 
-29.515 -407.361 -115.326 
-30.662 -408.564 -115.273 
-31.736 -409.813 -115.220 
-32.741 -411.106 -115.167 
-33.679 -412.447 -115.115 
-34.545 -413.837 -115.062 
-35.334 -415.272 -115.012 
-35.997 -416.684 -114.961 
-36.545 -418.195 -114.910 
-36.985 -419.774 -114.850 
-37.332 -421.380 -114.773 
-37.590 -422.955 -114.684 
-37.799 -424.600 -114.586 
-37.915 -426.200 -114.488 
-37.980 -427.984 -114.377 
-38.003 -429.710 -114.282 
-38.007 -431.335 -114.208 
-37.988 -432.719 -114.163 
-37.951 -434.036 -114.124 
-37.882 -435.414 -114.071 
-37.769 -436.899 -114.002 
-37.633 -438.287 -113.928 
-37.487 -439.542 -113.848 
-37.296 -441.044 -113.744 
-37.069 -442.714 -113.628 
-36.830 -444.389 -113.510 
-36.582 -446.033 -113.392 
-36.327 -447.653 -113.269 
-36.101 -449.064 -113.167 
-35.883 -450.433 -113.097 
-35.653 -451.859 -113.047 
-35.430 -453.210 -113.015 
-35.205 -454.595 -112.995 
-34.993 -455.937 -112.987 
-34.791 -457.206 -112.987 
-34.562 -458.654 -112.993 
-34.348 -460.051 -113.000 
-34.164 -461.315 -113.010 
-34.011 -462.403 -113.020 
-33.866 -463.462 -113.029 
-33.686 -464.832 -113.040 
-33.564 -465.827 -113.048 
-33.472 -466.709 -113.060 
-33.394 -467.600 -113.074 
-33.354 -468.162 -113.086 
-33.336 -468.443 -113.092 
-33.322 -468.689 -113.099 
-33.320 -468.732 -113.100 
-33.318 -468.774 -113.101 
-33.316 -468.815 -113.103 
-33.314 -468.857 -113.104 
-33.311 -468.899 -113.105 
-33.309 -468.942 -113.107 
-33.307 -468.984 -113.108 
-33.306 -469.027 -113.110 
-33.304 -469.068 -113.111 
-33.302 -469.110 -113.113 
-33.300 -469.151 -113.114 
-33.298 -469.193 -113.116 
-33.290 -469.403 -113.123 
-33.288 -469.447 -113.125 
-33.287 -469.491 -113.126 
-33.285 -469.536 -113.128 
-33.284 -469.579 -113.129 
-33.282 -469.624 -113.131 
-33.281 -469.668 -113.133 
-33.274 -469.880 -113.142 
-33.273 -469.927 -113.144 
-33.270 -470.030 -113.148 
-33.261 -470.421 -113.165 
-33.255 -470.824 -113.183 
-33.250 -471.245 -113.205 
-33.249 -471.653 -113.228 
-33.250 -471.968 -113.246 
-33.251 -472.101 -113.254 
-33.252 -472.199 -113.260 
-33.253 -472.303 -113.267 
-33.254 -472.412 -113.274 
-33.255 -472.527 -113.281 
-33.256 -472.648 -113.289 
-33.258 -472.776 -113.297 
-33.260 -472.912 -113.306 
-33.263 -473.056 -113.315 
-33.276 -473.690 -113.358 
-33.303 -474.679 -113.424 
-33.354 -476.047 -113.507 
-33.440 -477.672 -113.603 
