68.20227
6.530944
26.3053
58.49955
71.50743
31.38979
6.53695
6.610521
67.59866
42.95035
76.41399
6.61438
78.48351
8.665815
10.56156
9.194071
33.52711
65.6166
8.341494
6.616179
6.577064
77.10888
76.86692
62.23429
58.44861
6.603463
11.70722
6.586029
6.585885
6.652822
25.29797
62.37557
35.73029
58.4178
54.23883
34.43553
6.554867
76.31427
66.15047
7.100424
44.79494
9.496008
59.13308
65.93858
77.69884
6.625752
80.62392
6.545952
6.649702
12.50212
77.58352
77.28223
31.40663
6.580858
80.68136
8.787512
8.441607
20.63886
9.848075
6.657376
58.36597
81.12632
6.647109
6.55877
32.22912
78.91706
79.82082
6.541719
58.36846
57.8688
77.05209
47.33844
6.551904
6.608974
62.23241
6.533525
8.22597
66.02892
6.56084
76.70862
30.25275
78.67433
77.31738
6.589122
47.28209
65.80415
67.67351
6.600727
58.77092
80.1715
71.50152
42.89779
33.80069
78.81401
59.60204
6.538581
77.90859
78.66127
79.85792
71.46157
8.107027
77.78338
81.01763
77.81511
6.594717
32.05912
6.535308
60.28279
65.92014
26.60128
80.33072
76.80276
6.668698
35.32421
80.86493
6.523786
20.89897
65.65372
50.26479
83.49915
80.22327
78.71257
6.543434
66.27836
8.890041
23.40406
6.544576
46.89748
55.36681
32.88479
77.3682
58.51238
67.22829
80.22165
77.0409
6.526853
6.578978
6.547467
80.95181
65.76463
7.69396
15.46891
80.91148
6.56993
6.562317
7.95601
63.10807
6.540752
6.55535
17.52351
30.5746
6.641774
61.91589
9.80005
39.14291
77.69921
6.597845
6.544171
6.562792
27.97587
65.58527
17.00054
6.576898
31.62774
6.555408
6.600523
6.529502
78.75636
25.32561
6.619029
8.81726
33.85626
78.86682
6.632407
65.75634
76.40543
65.81006
77.5409
6.548635
79.02457
59.30369
7.471988
58.11319
61.28091
6.572499
6.541633
83.19746
24.90502
6.536861
58.01387
6.561158
81.68176
65.83045
6.521328
76.32226
65.71134
78.005
77.06607
77.37059
66.08881
6.610028
77.07231
15.37924
6.523106
80.64127
6.577394
6.582799
59.17287
6.619707
26.59999
6.579625
6.553444
66.97518
6.561282
52.28872
6.624372
6.614683
82.18745
76.81657
65.77734
20.01954
6.625133
18.95888
6.582078
62.26674
73.25194
57.56597
41.77962
6.540913
59.56878
76.7635
74.34395
22.08037
42.55072
65.95901
6.806628
80.76283
23.0474
65.36219
81.26873
78.0094
66.00066
6.626874
33.83609
62.23332
8.126032
6.546291
58.51577
78.53493
9.341589
6.576488
77.81351
71.29338
36.22736
58.79801
78.66055
66.2088
6.638032
63.08334
66.05111
66.21769
62.24675
67.68547
69.13233
80.83999
11.25067
6.542545
45.96389
68.81283
45.60495
77.58532
30.03057
6.557593
71.43372
76.98405
6.53798
66.63211
