10736
11055
10930
11625
9522
8825
11380
11341
8661
8894
9693
9491
11504
9723
8702
10834
8912
9325
9837
8218
9476
8658
8527
9816
8373
8531
9623
11435
8689
10733
9431
9631
9614
9411
8676
9325
9529
8529
10648
8748
9464
9536
8480
9349
9594
9532
8765
10975
8456
11113
9685
9482
9513
11267
10854
11235
8640
8508
9471
8810
8562
9438
8551
10821
10689
10865
8752
10957
11224
9546
8632
8849
10982
9644
9558
11132
8565
8571
8239
11280
8659
8394
11454
9329
8580
8673
9274
9416
11062
11046
8484
8692
9362
11097
11195
9474
9306
11149
9431
9420
11002
8949
9742
9481
8356
11072
8499
11094
9760
8559
9192
9651
9223
11025
11177
10833
9221
9593
9463
9672
9234
10889
9271
10811
8633
11346
8712
10824
8758
8277
9477
9398
8705
11084
9625
10962
9834
10897
8384
8344
11101
11134
9363
8714
8911
9548
9692
9466
8583
11334
10737
8572
8724
9618
9566
9410
8566
9559
9670
9427
9287
9583
9512
9473
9589
8251
9535
8837
11120
9840
11006
9580
9459
9279
9382
8529
10840
9688
11079
8828
9466
11058
9487
9159
9548
8858
11285
9681
10699
9621
10986
