26.388 -423.579 -82.406 -0.026 0.000 0.052 0.998
26.375 -423.460 -82.413 -0.029 0.000 0.056 0.998
26.368 -423.397 -82.417 -0.030 0.000 0.058 0.998
26.356 -423.299 -82.422 -0.031 0.000 0.061 0.998
26.345 -423.215 -82.428 -0.032 0.000 0.064 0.997
26.332 -423.115 -82.434 -0.033 0.000 0.067 0.997
26.320 -423.031 -82.440 -0.034 0.000 0.070 0.997
26.304 -422.917 -82.448 -0.035 0.000 0.074 0.997
26.294 -422.854 -82.452 -0.036 0.000 0.076 0.996
26.281 -422.769 -82.459 -0.038 0.000 0.078 0.996
26.267 -422.685 -82.465 -0.038 0.000 0.081 0.996
26.256 -422.615 -82.471 -0.039 0.000 0.083 0.996
26.240 -422.523 -82.478 -0.039 0.000 0.086 0.995
26.225 -422.438 -82.485 -0.041 0.000 0.089 0.995
26.201 -422.309 -82.496 -0.042 0.000 0.093 0.995
26.168 -422.139 -82.511 -0.045 0.000 0.099 0.994
26.144 -422.023 -82.522 -0.047 0.000 0.102 0.994
26.130 -421.954 -82.528 -0.048 0.000 0.104 0.993
26.108 -421.853 -82.538 -0.050 0.000 0.107 0.993
26.081 -421.733 -82.551 -0.051 0.000 0.111 0.993
26.059 -421.637 -82.561 -0.051 0.000 0.115 0.992
26.028 -421.511 -82.574 -0.052 0.001 0.119 0.992
26.000 -421.397 -82.587 -0.054 0.000 0.122 0.991
25.981 -421.322 -82.595 -0.055 0.000 0.124 0.991
25.956 -421.223 -82.606 -0.056 0.000 0.127 0.990
25.929 -421.122 -82.618 -0.058 0.000 0.130 0.990
25.912 -421.059 -82.626 -0.059 0.000 0.132 0.990
25.886 -420.964 -82.637 -0.060 0.000 0.135 0.989
25.853 -420.847 -82.652 -0.061 0.001 0.138 0.989
25.824 -420.747 -82.665 -0.063 0.000 0.142 0.988
25.798 -420.660 -82.676 -0.064 0.000 0.144 0.987
25.772 -420.574 -82.688 -0.065 0.000 0.147 0.987
25.744 -420.483 -82.700 -0.066 0.001 0.149 0.987
25.708 -420.370 -82.715 -0.067 0.000 0.152 0.986
25.673 -420.261 -82.731 -0.068 0.001 0.155 0.986
25.641 -420.162 -82.745 -0.069 0.001 0.157 0.985
25.615 -420.084 -82.756 -0.069 0.001 0.159 0.985
25.575 -419.966 -82.773 -0.070 0.001 0.162 0.984
25.547 -419.885 -82.785 -0.070 0.001 0.164 0.984
25.505 -419.763 -82.804 -0.072 0.001 0.168 0.983
25.474 -419.678 -82.817 -0.073 0.001 0.170 0.983
25.436 -419.571 -82.833 -0.074 0.001 0.174 0.982
25.403 -419.482 -82.847 -0.075 0.001 0.176 0.982
25.365 -419.383 -82.863 -0.076 0.001 0.179 0.981
25.332 -419.296 -82.877 -0.077 0.001 0.182 0.980
25.295 -419.202 -82.892 -0.077 0.001 0.185 0.980
25.267 -419.131 -82.904 -0.078 0.001 0.187 0.979
25.226 -419.028 -82.921 -0.079 0.001 0.189 0.979
25.187 -418.932 -82.938 -0.080 0.001 0.192 0.978
25.145 -418.832 -82.955 -0.081 0.001 0.195 0.977
25.112 -418.754 -82.968 -0.082 0.001 0.197 0.977
25.067 -418.649 -82.987 -0.083 0.001 0.201 0.976
25.033 -418.571 -83.001 -0.085 0.001 0.203 0.976
24.988 -418.470 -83.020 -0.086 0.001 0.206 0.975
24.936 -418.354 -83.042 -0.088 0.001 0.209 0.974
24.896 -418.268 -83.058 -0.089 0.001 0.212 0.973
24.853 -418.175 -83.076 -0.090 0.001 0.216 0.972
24.808 -418.080 -83.095 -0.091 0.001 0.219 0.971
24.774 -418.010 -83.109 -0.092 0.001 0.221 0.971
24.732 -417.923 -83.126 -0.093 0.001 0.224 0.970
24.698 -417.855 -83.140 -0.094 0.001 0.226 0.969
24.642 -417.745 -83.163 -0.095 0.001 0.231 0.968
24.595 -417.653 -83.183 -0.096 0.001 0.234 0.967
24.550 -417.568 -83.201 -0.098 0.001 0.237 0.967
24.499 -417.472 -83.222 -0.099 0.001 0.240 0.966
24.443 -417.368 -83.245 -0.101 0.001 0.244 0.965
24.376 -417.247 -83.273 -0.103 0.001 0.248 0.963
24.317 -417.143 -83.298 -0.105 0.001 0.251 0.962
24.267 -417.054 -83.319 -0.106 0.001 0.254 0.961
24.212 -416.960 -83.342 -0.108 0.001 0.257 0.960
24.167 -416.884 -83.360 -0.109 0.001 0.260 0.959
24.118 -416.801 -83.381 -0.110 0.001 0.263 0.958
24.064 -416.713 -83.404 -0.112 0.001 0.267 0.957
24.014 -416.633 -83.424 -0.114 0.001 0.269 0.956
23.975 -416.570 -83.441 -0.115 0.001 0.272 0.955
23.914 -416.474 -83.467 -0.116 0.001 0.275 0.954
23.869 -416.404 -83.485 -0.117 0.001 0.278 0.953
23.806 -416.308 -83.512 -0.119 0.001 0.281 0.952
23.739 -416.207 -83.540 -0.120 0.001 0.286 0.951
23.665 -416.099 -83.571 -0.122 0.001 0.290 0.949
23.610 -416.019 -83.594 -0.123 0.001 0.294 0.948
23.548 -415.933 -83.620 -0.125 0.001 0.298 0.946
23.487 -415.847 -83.646 -0.127 0.001 0.302 0.945
23.420 -415.756 -83.674 -0.129 0.001 0.306 0.943
23.357 -415.672 -83.700 -0.130 0.001 0.310 0.942
23.313 -415.613 -83.719 -0.131 0.001 0.312 0.941
23.234 -415.511 -83.752 -0.132 0.001 0.317 0.939
23.168 -415.428 -83.779 -0.134 0.001 0.321 0.937
23.092 -415.333 -83.811 -0.136 0.001 0.325 0.936
23.001 -415.222 -83.848 -0.138 0.001 0.331 0.933
22.931 -415.139 -83.878 -0.140 0.001 0.335 0.932
22.889 -415.090 -83.895 -0.141 0.001 0.337 0.931
22.816 -415.005 -83.926 -0.143 0.001 0.342 0.929
22.747 -414.927 -83.955 -0.145 0.001 0.346 0.927
22.683 -414.856 -83.981 -0.146 0.001 0.349 0.926
22.588 -414.754 -84.021 -0.148 0.001 0.355 0.923
22.525 -414.686 -84.047 -0.150 0.001 0.358 0.921
22.480 -414.638 -84.066 -0.152 0.001 0.361 0.920
22.416 -414.572 -84.093 -0.153 0.001 0.364 0.919
22.348 -414.503 -84.121 -0.155 0.001 0.368 0.917
22.284 -414.439 -84.148 -0.156 0.001 0.371 0.915
22.195 -414.352 -84.185 -0.158 0.001 0.375 0.913
22.149 -414.307 -84.205 -0.159 0.001 0.378 0.912
22.096 -414.256 -84.227 -0.160 0.001 0.380 0.911
22.022 -414.186 -84.258 -0.162 0.001 0.384 0.909
21.933 -414.103 -84.295 -0.163 0.001 0.388 0.907
21.845 -414.024 -84.332 -0.165 0.001 0.392 0.905
21.799 -413.982 -84.351 -0.165 0.001 0.394 0.904
21.723 -413.915 -84.383 -0.167 0.001 0.398 0.902
21.650 -413.852 -84.414 -0.168 0.001 0.401 0.900
21.555 -413.771 -84.454 -0.172 0.000 0.406 0.898
21.486 -413.713 -84.483 -0.173 0.000 0.409 0.896
21.422 -413.661 -84.510 -0.174 0.000 0.412 0.894
21.300 -413.563 -84.561 -0.177 0.000 0.417 0.892
21.244 -413.519 -84.585 -0.178 0.000 0.419 0.890
21.190 -413.476 -84.608 -0.179 0.000 0.421 0.889
21.108 -413.414 -84.643 -0.181 0.000 0.425 0.887
21.020 -413.347 -84.680 -0.183 0.000 0.429 0.885
20.910 -413.267 -84.727 -0.184 0.000 0.434 0.882
20.837 -413.214 -84.758 -0.185 0.000 0.437 0.880
20.728 -413.137 -84.804 -0.186 0.001 0.441 0.878
20.587 -413.040 -84.863 -0.188 0.001 0.447 0.874
20.514 -412.991 -84.894 -0.190 0.001 0.450 0.873
20.419 -412.929 -84.934 -0.191 0.001 0.454 0.870
20.337 -412.875 -84.968 -0.192 0.001 0.457 0.868
20.243 -412.816 -85.007 -0.193 0.001 0.461 0.866
20.165 -412.768 -85.040 -0.195 0.001 0.464 0.864
20.105 -412.731 -85.065 -0.196 0.001 0.467 0.863
19.987 -412.661 -85.114 -0.197 0.001 0.471 0.860
19.904 -412.612 -85.149 -0.199 0.001 0.474 0.857
19.837 -412.574 -85.177 -0.200 0.001 0.477 0.856
19.760 -412.530 -85.209 -0.201 0.001 0.480 0.854
19.702 -412.498 -85.233 -0.202 0.001 0.482 0.853
19.622 -412.454 -85.267 -0.204 0.001 0.485 0.850
19.573 -412.428 -85.287 -0.205 0.001 0.487 0.849
19.527 -412.404 -85.306 -0.205 0.001 0.489 0.848
19.447 -412.362 -85.340 -0.206 0.001 0.492 0.846
19.374 -412.324 -85.370 -0.207 0.001 0.494 0.844
19.289 -412.281 -85.406 -0.208 0.001 0.497 0.843
19.201 -412.238 -85.442 -0.209 0.001 0.500 0.841
19.105 -412.191 -85.482 -0.211 0.001 0.503 0.838
19.036 -412.158 -85.511 -0.211 0.001 0.505 0.837
18.928 -412.108 -85.556 -0.213 0.001 0.509 0.834
18.769 -412.035 -85.622 -0.215 0.001 0.512 0.831
18.674 -411.993 -85.662 -0.216 0.001 0.515 0.830
18.592 -411.957 -85.696 -0.217 0.001 0.517 0.828
18.521 -411.927 -85.726 -0.218 0.001 0.520 0.826
18.435 -411.891 -85.762 -0.219 0.001 0.523 0.824
18.351 -411.856 -85.797 -0.221 0.001 0.525 0.822
18.245 -411.814 -85.842 -0.222 0.001 0.529 0.819
18.142 -411.774 -85.885 -0.224 0.001 0.532 0.817
18.027 -411.731 -85.933 -0.225 0.000 0.535 0.814
17.932 -411.695 -85.973 -0.227 0.000 0.538 0.812
17.844 -411.663 -86.010 -0.228 0.000 0.540 0.810
17.763 -411.635 -86.044 -0.228 0.000 0.543 0.808
17.648 -411.595 -86.093 -0.230 0.001 0.547 0.805
17.531 -411.556 -86.142 -0.231 0.001 0.550 0.803
17.430 -411.524 -86.184 -0.233 0.001 0.553 0.800
17.385 -411.509 -86.203 -0.233 0.001 0.554 0.799
17.264 -411.472 -86.254 -0.235 0.000 0.558 0.796
17.179 -411.447 -86.290 -0.237 0.000 0.560 0.794
17.093 -411.422 -86.326 -0.238 0.000 0.563 0.792
16.967 -411.387 -86.379 -0.240 0.000 0.567 0.788
16.898 -411.369 -86.409 -0.241 0.000 0.569 0.786
16.775 -411.337 -86.460 -0.242 0.000 0.573 0.783
16.691 -411.316 -86.496 -0.243 0.000 0.575 0.781
16.606 -411.295 -86.532 -0.244 0.000 0.578 0.779
16.504 -411.271 -86.575 -0.245 0.000 0.581 0.777
16.425 -411.253 -86.608 -0.245 0.001 0.582 0.775
16.302 -411.227 -86.660 -0.247 0.000 0.586 0.772
16.221 -411.210 -86.694 -0.248 0.001 0.588 0.770
16.083 -411.183 -86.752 -0.249 0.001 0.592 0.766
15.985 -411.165 -86.793 -0.251 0.000 0.595 0.764
15.912 -411.151 -86.824 -0.252 0.000 0.597 0.762
15.830 -411.137 -86.858 -0.253 0.000 0.600 0.759
15.739 -411.123 -86.897 -0.254 0.000 0.602 0.757
15.617 -411.104 -86.948 -0.255 0.000 0.605 0.754
15.524 -411.090 -86.987 -0.257 0.000 0.607 0.752
15.451 -411.080 -87.018 -0.258 -0.001 0.609 0.750
15.344 -411.066 -87.063 -0.259 0.000 0.612 0.747
15.227 -411.051 -87.113 -0.259 0.000 0.616 0.744
15.142 -411.042 -87.149 -0.260 0.001 0.618 0.742
15.043 -411.031 -87.190 -0.261 0.001 0.620 0.739
14.948 -411.022 -87.230 -0.262 0.001 0.623 0.737
14.821 -411.010 -87.284 -0.264 0.000 0.626 0.734
14.741 -411.004 -87.317 -0.265 0.001 0.628 0.732
14.594 -410.994 -87.379 -0.266 0.001 0.632 0.727
14.498 -410.988 -87.419 -0.267 0.000 0.635 0.725
14.429 -410.985 -87.448 -0.268 0.001 0.637 0.723
14.345 -410.981 -87.484 -0.269 0.001 0.639 0.721
14.261 -410.978 -87.519 -0.270 0.000 0.641 0.719
14.173 -410.975 -87.556 -0.271 0.001 0.643 0.716
14.107 -410.973 -87.584 -0.272 0.000 0.645 0.715
14.018 -410.972 -87.621 -0.273 0.000 0.647 0.712
13.918 -410.971 -87.663 -0.274 0.000 0.649 0.709
13.778 -410.971 -87.722 -0.276 0.000 0.653 0.705
13.670 -410.972 -87.768 -0.277 0.000 0.656 0.702
13.584 -410.973 -87.805 -0.278 0.000 0.657 0.701
13.521 -410.974 -87.831 -0.278 0.000 0.658 0.700
13.413 -410.977 -87.877 -0.279 0.000 0.660 0.698
13.367 -410.978 -87.896 -0.279 -0.001 0.661 0.697
13.261 -410.982 -87.941 -0.280 -0.001 0.662 0.695
13.179 -410.985 -87.976 -0.281 -0.001 0.664 0.693
13.029 -410.992 -88.040 -0.281 0.000 0.666 0.691
12.944 -410.996 -88.076 -0.282 0.000 0.668 0.689
12.840 -411.002 -88.120 -0.283 0.000 0.669 0.687
12.753 -411.008 -88.157 -0.283 0.000 0.671 0.686
12.674 -411.013 -88.190 -0.283 0.000 0.672 0.685
12.584 -411.019 -88.228 -0.284 0.000 0.673 0.683
12.499 -411.025 -88.264 -0.284 0.000 0.673 0.683
12.394 -411.033 -88.308 -0.284 0.001 0.675 0.681
12.312 -411.040 -88.342 -0.285 0.000 0.676 0.679
12.218 -411.048 -88.381 -0.285 0.001 0.678 0.678
12.128 -411.056 -88.419 -0.285 0.001 0.679 0.677
12.055 -411.063 -88.450 -0.286 0.001 0.680 0.676
11.981 -411.070 -88.481 -0.286 0.002 0.681 0.675
11.899 -411.079 -88.515 -0.286 0.002 0.681 0.674
11.773 -411.092 -88.567 -0.287 0.002 0.684 0.671
11.684 -411.101 -88.605 -0.287 0.002 0.685 0.670
11.615 -411.109 -88.633 -0.287 0.003 0.686 0.669
11.504 -411.122 -88.679 -0.287 0.003 0.688 0.667
