21.499 -475.849 -70.112 -0.003 0.000 0.005 1.000
21.498 -475.752 -70.113 -0.005 0.000 0.009 1.000
21.495 -475.631 -70.114 -0.007 0.000 0.013 1.000
21.491 -475.512 -70.116 -0.007 0.000 0.018 1.000
21.487 -475.408 -70.118 -0.009 0.000 0.021 1.000
21.482 -475.294 -70.120 -0.010 0.000 0.025 1.000
21.476 -475.175 -70.123 -0.012 0.000 0.029 1.000
21.469 -475.070 -70.125 -0.013 0.000 0.032 0.999
21.461 -474.953 -70.129 -0.014 0.000 0.037 0.999
21.456 -474.888 -70.131 -0.015 0.000 0.039 0.999
21.448 -474.783 -70.134 -0.017 0.000 0.042 0.999
21.435 -474.647 -70.139 -0.018 0.000 0.047 0.999
21.428 -474.571 -70.142 -0.019 0.000 0.050 0.999
21.418 -474.477 -70.145 -0.019 0.000 0.053 0.998
21.404 -474.344 -70.151 -0.022 0.000 0.056 0.998
21.390 -474.227 -70.156 -0.024 0.000 0.060 0.998
21.379 -474.137 -70.160 -0.025 0.000 0.063 0.998
21.370 -474.070 -70.164 -0.026 0.000 0.065 0.998
21.357 -473.974 -70.169 -0.027 0.000 0.069 0.997
21.342 -473.869 -70.175 -0.028 0.000 0.072 0.997
21.324 -473.745 -70.182 -0.029 0.000 0.076 0.997
21.310 -473.658 -70.187 -0.030 0.000 0.079 0.996
21.288 -473.520 -70.195 -0.031 0.000 0.084 0.996
21.270 -473.420 -70.202 -0.033 0.000 0.087 0.996
21.252 -473.317 -70.209 -0.034 0.000 0.090 0.995
21.233 -473.217 -70.216 -0.036 0.000 0.094 0.995
21.211 -473.102 -70.224 -0.037 0.000 0.098 0.995
21.188 -472.987 -70.233 -0.038 0.000 0.101 0.994
21.166 -472.885 -70.241 -0.040 0.000 0.104 0.994
21.142 -472.775 -70.250 -0.041 0.000 0.107 0.993
21.123 -472.687 -70.258 -0.042 0.000 0.110 0.993
21.095 -472.565 -70.268 -0.043 0.000 0.114 0.993
21.070 -472.458 -70.278 -0.045 0.000 0.117 0.992
21.030 -472.296 -70.294 -0.046 0.000 0.121 0.992
21.001 -472.179 -70.305 -0.047 0.000 0.125 0.991
20.973 -472.073 -70.315 -0.048 0.000 0.128 0.991
20.940 -471.950 -70.328 -0.051 0.000 0.132 0.990
20.919 -471.872 -70.336 -0.052 0.000 0.135 0.990
20.875 -471.716 -70.353 -0.055 0.000 0.138 0.989
20.850 -471.630 -70.363 -0.056 0.000 0.140 0.989
20.826 -471.548 -70.373 -0.057 0.000 0.142 0.988
20.799 -471.456 -70.384 -0.058 0.000 0.145 0.988
20.773 -471.372 -70.394 -0.060 0.000 0.148 0.987
20.739 -471.263 -70.408 -0.062 0.000 0.151 0.987
20.699 -471.135 -70.424 -0.064 -0.001 0.154 0.986
20.672 -471.054 -70.435 -0.064 -0.001 0.156 0.986
20.641 -470.959 -70.448 -0.066 -0.001 0.158 0.985
20.606 -470.855 -70.463 -0.067 -0.001 0.161 0.985
20.580 -470.778 -70.474 -0.068 -0.001 0.162 0.984
20.534 -470.644 -70.493 -0.069 -0.001 0.167 0.984
20.494 -470.531 -70.509 -0.069 0.000 0.169 0.983
20.471 -470.468 -70.518 -0.070 0.000 0.171 0.983
20.433 -470.362 -70.534 -0.070 0.000 0.174 0.982
20.403 -470.281 -70.546 -0.070 0.000 0.176 0.982
20.374 -470.204 -70.558 -0.071 0.000 0.178 0.981
20.344 -470.125 -70.570 -0.072 0.000 0.181 0.981
20.299 -470.009 -70.588 -0.074 0.000 0.184 0.980
20.262 -469.914 -70.602 -0.074 0.000 0.186 0.980
20.219 -469.808 -70.620 -0.076 0.000 0.189 0.979
20.188 -469.733 -70.632 -0.077 0.000 0.191 0.979
20.148 -469.633 -70.648 -0.077 0.000 0.193 0.978
20.112 -469.548 -70.662 -0.078 0.000 0.195 0.978
20.079 -469.469 -70.676 -0.079 0.000 0.197 0.977
20.035 -469.366 -70.694 -0.081 0.000 0.198 0.977
19.997 -469.277 -70.709 -0.082 0.000 0.201 0.976
19.972 -469.219 -70.719 -0.082 0.000 0.203 0.976
19.947 -469.162 -70.730 -0.082 0.000 0.204 0.976
19.897 -469.050 -70.750 -0.083 0.000 0.206 0.975
19.851 -468.946 -70.768 -0.084 0.000 0.208 0.974
19.818 -468.873 -70.781 -0.084 0.000 0.210 0.974
19.756 -468.739 -70.806 -0.086 0.000 0.213 0.973
19.721 -468.664 -70.820 -0.086 0.000 0.214 0.973
19.674 -468.564 -70.839 -0.087 0.000 0.216 0.972
19.639 -468.490 -70.853 -0.088 0.000 0.218 0.972
19.611 -468.431 -70.865 -0.089 0.000 0.220 0.971
19.568 -468.342 -70.882 -0.089 0.000 0.222 0.971
19.522 -468.249 -70.900 -0.089 0.000 0.224 0.971
19.481 -468.165 -70.917 -0.089 0.000 0.226 0.970
19.422 -468.049 -70.940 -0.090 0.000 0.228 0.969
19.380 -467.966 -70.956 -0.090 0.000 0.230 0.969
19.334 -467.875 -70.974 -0.090 0.001 0.232 0.968
19.272 -467.755 -70.998 -0.090 0.001 0.235 0.968
19.235 -467.684 -71.012 -0.090 0.001 0.236 0.968
19.190 -467.600 -71.029 -0.091 0.001 0.238 0.967
19.156 -467.536 -71.042 -0.092 0.001 0.240 0.966
19.121 -467.471 -71.055 -0.092 0.001 0.241 0.966
19.067 -467.370 -71.076 -0.093 0.001 0.244 0.965
19.023 -467.290 -71.093 -0.093 0.001 0.244 0.965
18.983 -467.216 -71.108 -0.093 0.001 0.246 0.965
18.891 -467.051 -71.143 -0.094 0.001 0.248 0.964
18.809 -466.905 -71.174 -0.096 0.001 0.251 0.963
18.766 -466.829 -71.190 -0.096 0.001 0.253 0.963
18.693 -466.702 -71.218 -0.096 0.001 0.256 0.962
18.632 -466.597 -71.241 -0.096 0.002 0.258 0.961
18.598 -466.539 -71.253 -0.096 0.002 0.259 0.961
18.561 -466.477 -71.267 -0.096 0.002 0.260 0.961
18.502 -466.378 -71.288 -0.096 0.002 0.262 0.960
18.455 -466.299 -71.305 -0.096 0.002 0.264 0.960
18.391 -466.193 -71.328 -0.096 0.002 0.265 0.959
18.357 -466.137 -71.341 -0.096 0.002 0.267 0.959
18.323 -466.082 -71.353 -0.096 0.002 0.268 0.959
18.268 -465.992 -71.372 -0.096 0.003 0.269 0.958
18.239 -465.945 -71.383 -0.096 0.003 0.270 0.958
18.193 -465.871 -71.399 -0.096 0.003 0.271 0.958
18.144 -465.793 -71.416 -0.096 0.003 0.272 0.957
18.085 -465.699 -71.437 -0.096 0.003 0.273 0.957
18.037 -465.623 -71.453 -0.096 0.003 0.274 0.957
17.988 -465.545 -71.470 -0.096 0.003 0.275 0.957
17.941 -465.472 -71.487 -0.097 0.003 0.276 0.956
17.891 -465.393 -71.504 -0.097 0.003 0.278 0.956
17.810 -465.267 -71.532 -0.096 0.004 0.279 0.955
17.752 -465.178 -71.552 -0.096 0.004 0.279 0.955
17.695 -465.090 -71.571 -0.096 0.004 0.281 0.955
17.639 -465.004 -71.590 -0.097 0.004 0.283 0.954
17.567 -464.895 -71.614 -0.097 0.004 0.284 0.954
17.514 -464.814 -71.632 -0.097 0.004 0.285 0.954
17.470 -464.748 -71.647 -0.097 0.004 0.286 0.953
17.427 -464.685 -71.661 -0.096 0.004 0.287 0.953
17.374 -464.606 -71.679 -0.096 0.004 0.288 0.953
17.298 -464.494 -71.704 -0.097 0.004 0.289 0.952
17.247 -464.418 -71.721 -0.097 0.005 0.290 0.952
17.203 -464.353 -71.735 -0.097 0.005 0.291 0.952
17.129 -464.245 -71.759 -0.096 0.005 0.292 0.952
17.067 -464.155 -71.779 -0.096 0.005 0.293 0.951
16.997 -464.054 -71.801 -0.096 0.005 0.295 0.951
16.935 -463.965 -71.821 -0.095 0.006 0.296 0.950
16.876 -463.881 -71.839 -0.095 0.006 0.298 0.950
16.833 -463.820 -71.853 -0.094 0.006 0.298 0.950
16.795 -463.767 -71.865 -0.094 0.006 0.299 0.950
16.717 -463.657 -71.889 -0.095 0.006 0.300 0.949
16.656 -463.572 -71.907 -0.094 0.006 0.301 0.949
16.602 -463.496 -71.924 -0.094 0.007 0.302 0.949
16.534 -463.402 -71.945 -0.095 0.006 0.304 0.948
16.471 -463.315 -71.964 -0.095 0.006 0.304 0.948
16.428 -463.256 -71.977 -0.095 0.007 0.305 0.947
16.366 -463.172 -71.996 -0.095 0.007 0.307 0.947
16.324 -463.113 -72.008 -0.094 0.007 0.307 0.947
16.276 -463.048 -72.023 -0.095 0.007 0.308 0.947
16.185 -462.926 -72.050 -0.095 0.007 0.310 0.946
16.125 -462.845 -72.068 -0.095 0.007 0.312 0.945
16.039 -462.730 -72.093 -0.094 0.008 0.313 0.945
15.972 -462.642 -72.112 -0.094 0.008 0.314 0.945
15.880 -462.520 -72.139 -0.094 0.008 0.315 0.944
15.838 -462.466 -72.151 -0.094 0.008 0.316 0.944
15.788 -462.400 -72.166 -0.093 0.008 0.316 0.944
15.720 -462.311 -72.185 -0.093 0.008 0.318 0.944
15.650 -462.220 -72.205 -0.093 0.008 0.318 0.943
15.602 -462.158 -72.218 -0.093 0.009 0.319 0.943
15.537 -462.075 -72.236 -0.093 0.009 0.320 0.943
15.482 -462.004 -72.252 -0.092 0.009 0.321 0.943
15.432 -461.940 -72.266 -0.092 0.009 0.322 0.942
15.363 -461.852 -72.285 -0.092 0.009 0.323 0.942
15.280 -461.747 -72.307 -0.092 0.009 0.324 0.942
15.205 -461.652 -72.328 -0.091 0.010 0.325 0.941
15.122 -461.548 -72.350 -0.090 0.010 0.325 0.941
15.040 -461.445 -72.372 -0.091 0.010 0.327 0.941
14.944 -461.326 -72.397 -0.090 0.010 0.329 0.940
14.893 -461.262 -72.410 -0.090 0.011 0.329 0.940
14.829 -461.184 -72.427 -0.090 0.011 0.331 0.939
14.777 -461.120 -72.440 -0.090 0.011 0.332 0.939
14.719 -461.050 -72.455 -0.090 0.011 0.333 0.939
14.660 -460.977 -72.470 -0.089 0.011 0.333 0.938
14.599 -460.904 -72.486 -0.089 0.011 0.334 0.938
14.523 -460.812 -72.505 -0.090 0.011 0.336 0.938
14.477 -460.757 -72.517 -0.090 0.011 0.336 0.937
14.411 -460.678 -72.534 -0.089 0.011 0.337 0.937
14.362 -460.620 -72.546 -0.090 0.011 0.338 0.937
14.298 -460.545 -72.562 -0.089 0.012 0.339 0.937
14.240 -460.476 -72.577 -0.089 0.012 0.340 0.936
14.179 -460.403 -72.592 -0.089 0.012 0.341 0.936
14.099 -460.310 -72.612 -0.089 0.012 0.342 0.935
