21.500 -475.922 -70.112 -0.001 0.000 0.003 1.000
21.499 -475.789 -70.112 -0.002 0.000 0.007 1.000
21.497 -475.677 -70.113 -0.003 0.000 0.011 1.000
21.495 -475.601 -70.113 -0.004 0.000 0.013 1.000
21.492 -475.518 -70.114 -0.006 0.000 0.016 1.000
21.490 -475.449 -70.115 -0.007 0.000 0.018 1.000
21.487 -475.380 -70.116 -0.008 0.000 0.021 1.000
21.480 -475.224 -70.119 -0.011 0.000 0.025 1.000
21.474 -475.113 -70.122 -0.013 0.000 0.029 0.999
21.470 -475.039 -70.124 -0.014 0.000 0.031 0.999
21.465 -474.972 -70.126 -0.014 0.000 0.034 0.999
21.460 -474.891 -70.128 -0.016 0.000 0.036 0.999
21.451 -474.779 -70.132 -0.017 0.000 0.040 0.999
21.443 -474.678 -70.135 -0.018 0.000 0.043 0.999
21.438 -474.628 -70.137 -0.019 0.000 0.044 0.999
21.426 -474.495 -70.142 -0.021 0.000 0.049 0.999
21.420 -474.440 -70.145 -0.022 0.000 0.050 0.999
21.410 -474.342 -70.149 -0.023 0.000 0.054 0.998
21.392 -474.182 -70.157 -0.025 0.000 0.059 0.998
21.379 -474.076 -70.163 -0.026 0.000 0.062 0.998
21.364 -473.963 -70.169 -0.027 0.000 0.066 0.997
21.344 -473.818 -70.177 -0.029 0.000 0.071 0.997
21.326 -473.690 -70.185 -0.030 0.000 0.074 0.997
21.315 -473.623 -70.189 -0.032 0.000 0.077 0.997
21.303 -473.543 -70.194 -0.033 0.000 0.079 0.996
21.282 -473.414 -70.203 -0.034 0.000 0.083 0.996
21.266 -473.323 -70.209 -0.035 0.000 0.085 0.996
21.257 -473.271 -70.213 -0.036 0.000 0.087 0.996
21.244 -473.195 -70.219 -0.037 0.000 0.089 0.995
21.223 -473.083 -70.227 -0.038 0.000 0.091 0.995
21.209 -473.005 -70.233 -0.039 0.000 0.094 0.995
21.194 -472.928 -70.240 -0.040 0.000 0.096 0.995
21.171 -472.813 -70.249 -0.042 0.000 0.099 0.994
21.143 -472.679 -70.261 -0.044 0.000 0.103 0.994
21.118 -472.561 -70.272 -0.045 0.000 0.106 0.993
21.094 -472.449 -70.282 -0.047 0.000 0.109 0.993
21.064 -472.318 -70.295 -0.049 0.000 0.113 0.992
21.033 -472.186 -70.308 -0.050 0.000 0.118 0.992
21.012 -472.099 -70.317 -0.051 0.000 0.120 0.991
20.983 -471.986 -70.329 -0.052 0.000 0.124 0.991
20.955 -471.877 -70.341 -0.054 0.000 0.127 0.990
20.917 -471.737 -70.357 -0.056 0.000 0.132 0.990
20.886 -471.623 -70.370 -0.056 0.000 0.135 0.989
20.866 -471.553 -70.378 -0.057 0.000 0.137 0.989
20.836 -471.446 -70.391 -0.058 0.000 0.139 0.989
20.812 -471.365 -70.401 -0.059 0.000 0.142 0.988
20.784 -471.271 -70.412 -0.060 0.000 0.145 0.988
20.752 -471.164 -70.426 -0.061 0.000 0.147 0.987
20.725 -471.078 -70.437 -0.062 0.000 0.150 0.987
20.691 -470.971 -70.451 -0.063 0.000 0.154 0.986
20.655 -470.858 -70.466 -0.064 0.000 0.157 0.986
20.620 -470.754 -70.480 -0.066 0.000 0.159 0.985
20.595 -470.678 -70.491 -0.067 0.000 0.162 0.985
20.561 -470.578 -70.505 -0.068 0.000 0.164 0.984
20.538 -470.512 -70.514 -0.068 0.000 0.165 0.984
20.507 -470.425 -70.527 -0.068 0.000 0.167 0.984
20.470 -470.320 -70.542 -0.070 0.000 0.170 0.983
20.451 -470.267 -70.550 -0.071 0.000 0.171 0.983
20.404 -470.138 -70.569 -0.072 0.000 0.174 0.982
20.365 -470.033 -70.585 -0.071 0.001 0.178 0.982
20.349 -469.991 -70.592 -0.072 0.001 0.179 0.981
20.309 -469.886 -70.608 -0.073 0.000 0.182 0.981
20.274 -469.795 -70.622 -0.074 0.000 0.184 0.980
20.234 -469.695 -70.638 -0.075 0.000 0.186 0.980
20.185 -469.572 -70.658 -0.077 0.000 0.190 0.979
20.144 -469.473 -70.674 -0.078 0.000 0.192 0.978
20.116 -469.405 -70.686 -0.079 0.000 0.194 0.978
20.074 -469.305 -70.703 -0.079 0.001 0.197 0.977
20.029 -469.200 -70.721 -0.080 0.001 0.200 0.976
19.982 -469.093 -70.739 -0.081 0.001 0.203 0.976
19.948 -469.016 -70.753 -0.081 0.001 0.205 0.975
19.890 -468.886 -70.776 -0.082 0.001 0.209 0.975
19.844 -468.785 -70.794 -0.083 0.001 0.211 0.974
19.793 -468.676 -70.813 -0.084 0.001 0.214 0.973
19.752 -468.587 -70.830 -0.085 0.001 0.216 0.973
19.701 -468.479 -70.850 -0.086 0.001 0.219 0.972
19.650 -468.374 -70.870 -0.087 0.001 0.222 0.971
19.611 -468.295 -70.885 -0.087 0.001 0.224 0.971
19.567 -468.207 -70.901 -0.087 0.001 0.227 0.970
19.538 -468.149 -70.912 -0.087 0.001 0.228 0.970
19.500 -468.072 -70.927 -0.088 0.002 0.230 0.969
19.438 -467.951 -70.950 -0.088 0.002 0.233 0.968
19.383 -467.846 -70.971 -0.089 0.002 0.236 0.968
19.333 -467.751 -70.990 -0.089 0.002 0.238 0.967
19.304 -467.697 -71.000 -0.089 0.002 0.239 0.967
19.240 -467.576 -71.024 -0.090 0.002 0.241 0.966
19.174 -467.454 -71.049 -0.091 0.002 0.244 0.965
19.112 -467.342 -71.071 -0.091 0.002 0.246 0.965
19.062 -467.251 -71.090 -0.091 0.002 0.248 0.964
19.008 -467.155 -71.109 -0.092 0.002 0.250 0.964
18.955 -467.062 -71.129 -0.093 0.002 0.253 0.963
18.895 -466.958 -71.150 -0.093 0.003 0.255 0.963
18.854 -466.887 -71.165 -0.093 0.003 0.256 0.962
18.793 -466.781 -71.187 -0.093 0.003 0.259 0.961
18.735 -466.684 -71.208 -0.095 0.003 0.261 0.961
18.661 -466.558 -71.235 -0.095 0.003 0.262 0.960
18.593 -466.445 -71.259 -0.096 0.003 0.264 0.960
18.543 -466.363 -71.277 -0.096 0.003 0.266 0.959
18.497 -466.287 -71.294 -0.096 0.003 0.267 0.959
18.417 -466.157 -71.322 -0.097 0.003 0.270 0.958
18.367 -466.076 -71.340 -0.097 0.003 0.271 0.958
18.307 -465.980 -71.361 -0.097 0.003 0.274 0.957
18.231 -465.861 -71.387 -0.097 0.003 0.276 0.956
18.198 -465.809 -71.399 -0.097 0.004 0.276 0.956
18.146 -465.728 -71.417 -0.097 0.004 0.277 0.956
18.089 -465.640 -71.436 -0.097 0.004 0.279 0.955
18.047 -465.575 -71.451 -0.098 0.004 0.280 0.955
18.001 -465.503 -71.467 -0.097 0.004 0.280 0.955
17.965 -465.448 -71.479 -0.098 0.004 0.281 0.955
17.922 -465.383 -71.494 -0.097 0.004 0.282 0.955
17.877 -465.314 -71.509 -0.097 0.004 0.283 0.954
17.814 -465.219 -71.530 -0.097 0.004 0.284 0.954
17.768 -465.150 -71.546 -0.097 0.004 0.285 0.954
17.723 -465.082 -71.561 -0.097 0.004 0.285 0.953
17.688 -465.030 -71.572 -0.097 0.005 0.286 0.953
17.648 -464.969 -71.586 -0.096 0.005 0.287 0.953
17.581 -464.869 -71.608 -0.097 0.005 0.288 0.953
17.540 -464.809 -71.621 -0.096 0.005 0.288 0.953
17.476 -464.715 -71.642 -0.096 0.005 0.290 0.952
17.413 -464.622 -71.663 -0.097 0.005 0.292 0.952
17.349 -464.530 -71.684 -0.097 0.005 0.293 0.951
17.294 -464.450 -71.701 -0.097 0.005 0.294 0.951
17.253 -464.391 -71.715 -0.097 0.005 0.295 0.951
17.189 -464.300 -71.735 -0.097 0.006 0.297 0.950
17.147 -464.239 -71.749 -0.097 0.006 0.297 0.950
17.088 -464.156 -71.768 -0.097 0.006 0.299 0.949
17.034 -464.079 -71.785 -0.097 0.006 0.299 0.949
16.982 -464.006 -71.801 -0.097 0.006 0.301 0.949
16.932 -463.937 -71.817 -0.097 0.006 0.301 0.949
16.866 -463.845 -71.838 -0.097 0.006 0.303 0.948
16.790 -463.741 -71.861 -0.097 0.006 0.305 0.948
16.722 -463.648 -71.882 -0.096 0.007 0.306 0.947
16.648 -463.547 -71.905 -0.096 0.007 0.307 0.947
16.571 -463.443 -71.928 -0.095 0.007 0.309 0.946
16.470 -463.307 -71.958 -0.095 0.008 0.312 0.945
16.407 -463.224 -71.977 -0.095 0.008 0.313 0.945
16.345 -463.141 -71.995 -0.095 0.008 0.313 0.945
16.291 -463.071 -72.011 -0.095 0.008 0.314 0.945
16.245 -463.009 -72.024 -0.094 0.008 0.315 0.944
16.186 -462.933 -72.041 -0.094 0.008 0.316 0.944
16.110 -462.833 -72.063 -0.094 0.008 0.317 0.944
16.050 -462.755 -72.081 -0.095 0.008 0.317 0.944
15.982 -462.667 -72.100 -0.095 0.009 0.319 0.943
15.923 -462.591 -72.117 -0.095 0.009 0.320 0.943
15.875 -462.529 -72.131 -0.095 0.009 0.321 0.942
15.828 -462.470 -72.144 -0.094 0.009 0.322 0.942
15.745 -462.364 -72.168 -0.095 0.009 0.324 0.941
15.663 -462.262 -72.191 -0.095 0.009 0.325 0.941
15.597 -462.178 -72.210 -0.095 0.009 0.326 0.941
15.515 -462.076 -72.232 -0.094 0.009 0.327 0.940
15.438 -461.980 -72.254 -0.095 0.009 0.328 0.940
15.378 -461.907 -72.270 -0.095 0.009 0.329 0.939
15.321 -461.836 -72.286 -0.094 0.010 0.330 0.939
15.268 -461.771 -72.301 -0.094 0.010 0.330 0.939
15.186 -461.670 -72.323 -0.093 0.010 0.331 0.939
15.118 -461.587 -72.341 -0.093 0.010 0.333 0.938
15.051 -461.506 -72.359 -0.092 0.011 0.334 0.938
14.942 -461.375 -72.387 -0.091 0.011 0.334 0.938
14.890 -461.311 -72.401 -0.091 0.011 0.335 0.938
14.846 -461.259 -72.412 -0.091 0.012 0.336 0.938
14.756 -461.151 -72.435 -0.090 0.012 0.338 0.937
14.694 -461.077 -72.451 -0.089 0.012 0.340 0.936
14.612 -460.981 -72.471 -0.089 0.013 0.341 0.936
14.537 -460.893 -72.490 -0.089 0.013 0.342 0.935
14.477 -460.822 -72.505 -0.089 0.013 0.343 0.935
14.411 -460.746 -72.521 -0.090 0.013 0.344 0.935
14.340 -460.664 -72.538 -0.090 0.013 0.345 0.934
14.252 -460.562 -72.560 -0.090 0.013 0.347 0.934
14.182 -460.482 -72.577 -0.090 0.013 0.348 0.933
