24.700 -458.413 -70.112 -0.001 0.000 0.003 1.000
24.699 -458.305 -70.112 -0.002 0.000 0.007 1.000
24.697 -458.193 -70.113 -0.004 0.000 0.011 1.000
24.693 -458.069 -70.114 -0.006 0.000 0.016 1.000
24.690 -457.974 -70.115 -0.008 0.000 0.019 1.000
24.686 -457.862 -70.117 -0.009 0.000 0.023 1.000
24.680 -457.744 -70.120 -0.012 0.000 0.027 1.000
24.671 -457.603 -70.123 -0.014 0.000 0.032 0.999
24.666 -457.521 -70.126 -0.015 0.000 0.035 0.999
24.660 -457.439 -70.128 -0.016 0.000 0.038 0.999
24.650 -457.312 -70.133 -0.018 0.000 0.042 0.999
24.639 -457.191 -70.137 -0.020 0.000 0.047 0.999
24.629 -457.092 -70.141 -0.021 0.000 0.050 0.999
24.620 -457.002 -70.145 -0.022 0.000 0.054 0.998
24.611 -456.924 -70.149 -0.024 0.000 0.057 0.998
24.597 -456.803 -70.155 -0.026 0.000 0.061 0.998
24.581 -456.675 -70.162 -0.027 0.000 0.065 0.998
24.559 -456.517 -70.171 -0.029 0.000 0.070 0.997
24.545 -456.422 -70.177 -0.031 0.000 0.074 0.997
24.528 -456.311 -70.184 -0.033 0.000 0.078 0.996
24.513 -456.216 -70.190 -0.034 0.000 0.081 0.996
24.501 -456.145 -70.195 -0.035 0.000 0.083 0.996
24.486 -456.059 -70.202 -0.037 0.000 0.086 0.996
24.462 -455.923 -70.212 -0.039 0.000 0.091 0.995
24.449 -455.853 -70.218 -0.040 0.000 0.094 0.995
24.432 -455.768 -70.225 -0.042 0.000 0.096 0.994
24.410 -455.655 -70.235 -0.044 0.000 0.100 0.994
24.391 -455.564 -70.243 -0.045 0.000 0.103 0.994
24.367 -455.455 -70.253 -0.047 0.000 0.107 0.993
24.353 -455.388 -70.260 -0.047 0.000 0.110 0.993
24.318 -455.240 -70.274 -0.050 0.000 0.115 0.992
24.282 -455.089 -70.290 -0.052 0.000 0.120 0.991
24.258 -454.994 -70.301 -0.054 0.000 0.123 0.991
24.237 -454.912 -70.310 -0.054 0.000 0.126 0.991
24.210 -454.809 -70.321 -0.056 0.000 0.129 0.990
24.189 -454.728 -70.331 -0.056 0.000 0.132 0.990
24.162 -454.633 -70.342 -0.058 0.000 0.135 0.989
24.137 -454.543 -70.353 -0.059 0.000 0.138 0.989
24.105 -454.431 -70.367 -0.061 0.000 0.141 0.988
24.084 -454.362 -70.376 -0.062 0.000 0.144 0.988
24.044 -454.230 -70.393 -0.065 0.000 0.148 0.987
24.004 -454.104 -70.410 -0.067 0.000 0.153 0.986
23.967 -453.990 -70.426 -0.068 0.000 0.156 0.985
23.948 -453.932 -70.435 -0.069 0.000 0.159 0.985
23.913 -453.827 -70.450 -0.071 0.000 0.162 0.984
23.886 -453.749 -70.462 -0.072 0.000 0.165 0.984
23.847 -453.639 -70.479 -0.073 0.000 0.169 0.983
23.817 -453.556 -70.491 -0.073 0.000 0.172 0.982
23.772 -453.433 -70.511 -0.075 0.000 0.177 0.981
23.743 -453.357 -70.523 -0.076 0.000 0.179 0.981
23.718 -453.290 -70.534 -0.077 0.000 0.182 0.980
23.681 -453.195 -70.549 -0.079 0.000 0.185 0.980
23.644 -453.104 -70.565 -0.080 0.000 0.188 0.979
23.620 -453.044 -70.576 -0.081 0.000 0.190 0.978
23.579 -452.945 -70.593 -0.082 0.000 0.194 0.978
23.534 -452.837 -70.612 -0.085 0.000 0.197 0.977
23.495 -452.746 -70.629 -0.085 0.000 0.201 0.976
23.454 -452.653 -70.646 -0.087 0.000 0.204 0.975
23.412 -452.559 -70.664 -0.088 0.000 0.208 0.974
23.382 -452.492 -70.677 -0.089 0.000 0.210 0.974
23.331 -452.382 -70.698 -0.090 0.000 0.215 0.973
23.287 -452.290 -70.717 -0.092 0.000 0.218 0.972
23.247 -452.206 -70.734 -0.093 0.000 0.221 0.971
23.191 -452.092 -70.757 -0.094 0.000 0.225 0.970
23.123 -451.957 -70.786 -0.096 0.001 0.230 0.968
23.075 -451.864 -70.806 -0.098 0.000 0.233 0.967
23.020 -451.758 -70.829 -0.100 0.000 0.236 0.967
22.965 -451.654 -70.852 -0.101 0.000 0.239 0.966
22.914 -451.559 -70.874 -0.103 0.000 0.242 0.965
22.864 -451.468 -70.895 -0.104 0.000 0.246 0.964
22.808 -451.367 -70.919 -0.106 0.000 0.250 0.963
22.762 -451.287 -70.938 -0.107 0.000 0.253 0.962
22.710 -451.196 -70.960 -0.108 0.000 0.256 0.961
22.658 -451.108 -70.982 -0.109 0.000 0.260 0.959
22.604 -451.018 -71.004 -0.111 0.000 0.264 0.958
22.542 -450.916 -71.030 -0.113 0.000 0.268 0.957
22.501 -450.851 -71.047 -0.114 0.000 0.270 0.956
22.462 -450.788 -71.064 -0.115 0.000 0.272 0.956
22.416 -450.715 -71.083 -0.115 0.000 0.274 0.955
22.361 -450.628 -71.107 -0.117 0.000 0.277 0.954
22.313 -450.555 -71.127 -0.118 0.000 0.280 0.953
22.279 -450.503 -71.141 -0.119 0.000 0.282 0.952
22.207 -450.396 -71.171 -0.120 0.000 0.286 0.951
22.153 -450.316 -71.194 -0.120 0.001 0.289 0.950
22.091 -450.226 -71.219 -0.122 0.001 0.293 0.948
22.049 -450.165 -71.237 -0.122 0.001 0.295 0.948
22.002 -450.099 -71.257 -0.124 0.001 0.297 0.947
21.972 -450.057 -71.269 -0.124 0.001 0.299 0.946
21.920 -449.984 -71.290 -0.125 0.001 0.301 0.945
21.875 -449.923 -71.309 -0.126 0.001 0.303 0.945
21.798 -449.819 -71.341 -0.128 0.001 0.307 0.943
21.717 -449.710 -71.375 -0.130 0.001 0.311 0.941
21.657 -449.632 -71.400 -0.131 0.000 0.312 0.941
21.617 -449.579 -71.417 -0.131 0.000 0.313 0.940
21.557 -449.502 -71.442 -0.132 0.000 0.316 0.940
21.486 -449.410 -71.472 -0.134 0.000 0.318 0.938
21.426 -449.334 -71.497 -0.134 0.000 0.320 0.938
21.364 -449.256 -71.523 -0.134 0.001 0.323 0.937
21.296 -449.172 -71.551 -0.135 0.001 0.326 0.936
21.247 -449.112 -71.571 -0.135 0.001 0.327 0.935
21.180 -449.029 -71.598 -0.135 0.001 0.329 0.935
21.116 -448.952 -71.625 -0.136 0.001 0.331 0.934
21.087 -448.918 -71.637 -0.137 0.001 0.332 0.933
21.016 -448.833 -71.666 -0.137 0.001 0.334 0.933
20.945 -448.748 -71.695 -0.138 0.001 0.336 0.932
20.888 -448.682 -71.718 -0.140 0.001 0.338 0.931
20.840 -448.627 -71.738 -0.141 0.001 0.340 0.930
20.773 -448.549 -71.766 -0.141 0.001 0.342 0.929
20.715 -448.484 -71.789 -0.142 0.001 0.344 0.928
20.642 -448.402 -71.819 -0.143 0.001 0.346 0.927
20.556 -448.306 -71.854 -0.144 0.001 0.350 0.926
20.472 -448.215 -71.888 -0.144 0.002 0.353 0.924
20.385 -448.121 -71.924 -0.145 0.002 0.356 0.923
20.347 -448.080 -71.939 -0.146 0.002 0.358 0.922
20.286 -448.015 -71.964 -0.147 0.002 0.359 0.922
20.241 -447.968 -71.982 -0.147 0.002 0.361 0.921
20.136 -447.860 -72.024 -0.148 0.002 0.365 0.919
20.081 -447.803 -72.047 -0.149 0.002 0.368 0.918
20.023 -447.745 -72.070 -0.149 0.002 0.370 0.917
19.964 -447.686 -72.094 -0.150 0.002 0.372 0.916
19.900 -447.623 -72.119 -0.151 0.002 0.374 0.915
19.832 -447.556 -72.147 -0.152 0.002 0.376 0.914
19.765 -447.491 -72.173 -0.152 0.002 0.378 0.913
19.703 -447.432 -72.198 -0.153 0.002 0.379 0.913
19.641 -447.372 -72.223 -0.154 0.002 0.381 0.912
19.542 -447.279 -72.263 -0.155 0.002 0.385 0.910
19.488 -447.228 -72.284 -0.157 0.002 0.387 0.909
19.389 -447.137 -72.324 -0.158 0.002 0.391 0.907
19.324 -447.078 -72.350 -0.159 0.002 0.393 0.906
19.263 -447.024 -72.375 -0.159 0.003 0.395 0.905
19.191 -446.960 -72.403 -0.159 0.003 0.396 0.904
19.124 -446.901 -72.430 -0.160 0.003 0.398 0.903
19.067 -446.850 -72.453 -0.161 0.003 0.400 0.902
18.995 -446.789 -72.481 -0.161 0.003 0.402 0.901
18.914 -446.719 -72.513 -0.161 0.003 0.404 0.900
18.858 -446.671 -72.535 -0.162 0.003 0.406 0.900
18.757 -446.586 -72.576 -0.163 0.003 0.408 0.898
18.665 -446.510 -72.612 -0.164 0.003 0.410 0.897
18.589 -446.447 -72.643 -0.166 0.003 0.412 0.896
18.523 -446.393 -72.669 -0.166 0.003 0.414 0.895
18.458 -446.340 -72.695 -0.167 0.002 0.415 0.894
18.372 -446.272 -72.729 -0.168 0.002 0.418 0.893
18.250 -446.175 -72.778 -0.170 0.002 0.422 0.891
18.160 -446.105 -72.814 -0.170 0.003 0.424 0.890
18.060 -446.029 -72.854 -0.171 0.003 0.426 0.888
17.987 -445.973 -72.883 -0.172 0.003 0.428 0.887
17.916 -445.920 -72.911 -0.173 0.003 0.431 0.886
17.850 -445.871 -72.937 -0.173 0.003 0.433 0.885
17.790 -445.827 -72.961 -0.174 0.003 0.435 0.884
17.720 -445.776 -72.989 -0.175 0.003 0.436 0.883
17.644 -445.721 -73.019 -0.176 0.003 0.439 0.881
17.541 -445.649 -73.060 -0.176 0.003 0.441 0.880
17.420 -445.564 -73.108 -0.177 0.003 0.443 0.879
17.334 -445.504 -73.141 -0.177 0.004 0.445 0.878
17.245 -445.442 -73.176 -0.177 0.004 0.447 0.877
17.138 -445.369 -73.218 -0.177 0.004 0.449 0.876
17.092 -445.338 -73.236 -0.177 0.004 0.450 0.875
17.057 -445.314 -73.250 -0.177 0.004 0.450 0.875
16.992 -445.272 -73.274 -0.177 0.005 0.452 0.874
16.885 -445.200 -73.316 -0.178 0.005 0.454 0.873
16.803 -445.146 -73.348 -0.178 0.005 0.456 0.872
16.729 -445.098 -73.376 -0.178 0.005 0.457 0.872
16.651 -445.047 -73.406 -0.178 0.006 0.458 0.871
16.565 -444.992 -73.438 -0.179 0.006 0.460 0.870
16.494 -444.947 -73.465 -0.179 0.006 0.461 0.869
16.422 -444.901 -73.493 -0.179 0.006 0.463 0.868
16.341 -444.850 -73.523 -0.179 0.006 0.464 0.867
16.276 -444.810 -73.548 -0.179 0.006 0.466 0.866
16.179 -444.750 -73.584 -0.180 0.007 0.468 0.865
16.115 -444.711 -73.608 -0.180 0.007 0.469 0.865
16.048 -444.671 -73.633 -0.181 0.007 0.471 0.864
15.943 -444.608 -73.672 -0.180 0.007 0.472 0.863
15.873 -444.566 -73.698 -0.180 0.008 0.473 0.862
15.796 -444.520 -73.727 -0.180 0.008 0.475 0.861
15.713 -444.471 -73.758 -0.181 0.008 0.476 0.861
15.635 -444.426 -73.786 -0.181 0.008 0.477 0.860
15.557 -444.380 -73.815 -0.181 0.008 0.478 0.860
15.463 -444.326 -73.850 -0.181 0.008 0.478 0.859
15.388 -444.283 -73.877 -0.181 0.009 0.480 0.859
15.277 -444.219 -73.918 -0.181 0.009 0.481 0.858
15.203 -444.177 -73.945 -0.180 0.009 0.482 0.858
15.117 -444.128 -73.976 -0.181 0.009 0.482 0.857
15.025 -444.076 -74.009 -0.181 0.009 0.484 0.856
14.957 -444.038 -74.034 -0.181 0.009 0.485 0.856
14.885 -443.999 -74.060 -0.182 0.009 0.486 0.855
14.793 -443.947 -74.093 -0.181 0.010 0.487 0.855
14.720 -443.907 -74.119 -0.181 0.010 0.488 0.854
14.676 -443.883 -74.135 -0.181 0.010 0.488 0.854
14.631 -443.859 -74.151 -0.181 0.010 0.489 0.853
14.498 -443.787 -74.198 -0.180 0.011 0.490 0.853
14.410 -443.739 -74.229 -0.180 0.011 0.491 0.852
14.327 -443.695 -74.258 -0.179 0.012 0.491 0.852
14.272 -443.665 -74.277 -0.180 0.012 0.492 0.852
14.173 -443.612 -74.312 -0.179 0.012 0.493 0.851
14.087 -443.566 -74.342 -0.179 0.012 0.493 0.851
