26.386 -423.565 -82.407 -0.027 0.000 0.053 0.998
26.375 -423.464 -82.413 -0.029 0.000 0.056 0.998
26.365 -423.377 -82.418 -0.030 0.000 0.059 0.998
26.355 -423.295 -82.423 -0.031 0.000 0.062 0.998
26.340 -423.181 -82.430 -0.033 0.000 0.065 0.997
26.326 -423.071 -82.438 -0.034 0.000 0.069 0.997
26.312 -422.973 -82.445 -0.036 0.000 0.072 0.997
26.298 -422.878 -82.452 -0.037 0.000 0.075 0.996
26.278 -422.752 -82.462 -0.039 0.000 0.079 0.996
26.260 -422.640 -82.471 -0.041 0.000 0.082 0.996
26.242 -422.535 -82.480 -0.043 0.000 0.086 0.995
26.220 -422.416 -82.490 -0.044 0.000 0.090 0.995
26.204 -422.330 -82.498 -0.046 0.000 0.094 0.995
26.181 -422.211 -82.510 -0.048 0.000 0.097 0.994
26.161 -422.112 -82.519 -0.049 0.000 0.100 0.994
26.142 -422.019 -82.529 -0.050 0.000 0.102 0.993
26.124 -421.934 -82.538 -0.051 0.000 0.105 0.993
26.102 -421.832 -82.548 -0.052 0.000 0.109 0.993
26.085 -421.756 -82.556 -0.053 0.000 0.111 0.992
26.060 -421.651 -82.568 -0.055 0.000 0.114 0.992
26.027 -421.511 -82.585 -0.058 0.000 0.118 0.991
26.000 -421.401 -82.598 -0.060 0.000 0.122 0.991
25.986 -421.344 -82.605 -0.061 0.000 0.124 0.990
25.960 -421.243 -82.618 -0.062 0.000 0.127 0.990
25.930 -421.130 -82.632 -0.063 0.000 0.130 0.989
25.896 -421.007 -82.648 -0.064 0.000 0.134 0.989
25.876 -420.935 -82.658 -0.065 0.000 0.137 0.988
25.843 -420.821 -82.673 -0.066 0.000 0.140 0.988
25.809 -420.706 -82.689 -0.068 0.000 0.144 0.987
25.780 -420.610 -82.703 -0.068 0.000 0.146 0.987
25.749 -420.510 -82.717 -0.069 0.001 0.149 0.986
25.715 -420.400 -82.733 -0.070 0.001 0.153 0.986
25.695 -420.339 -82.742 -0.071 0.001 0.155 0.985
25.659 -420.229 -82.759 -0.073 0.001 0.157 0.985
25.620 -420.110 -82.777 -0.073 0.001 0.160 0.984
25.590 -420.023 -82.790 -0.075 0.001 0.162 0.984
25.557 -419.927 -82.806 -0.075 0.001 0.165 0.983
25.520 -419.822 -82.822 -0.076 0.001 0.168 0.983
25.482 -419.715 -82.840 -0.078 0.001 0.171 0.982
25.457 -419.646 -82.851 -0.079 0.001 0.173 0.982
25.413 -419.526 -82.871 -0.080 0.001 0.176 0.981
25.384 -419.451 -82.884 -0.081 0.001 0.179 0.981
25.358 -419.383 -82.895 -0.081 0.001 0.181 0.980
25.309 -419.256 -82.918 -0.083 0.001 0.185 0.979
25.275 -419.170 -82.933 -0.084 0.001 0.187 0.979
25.239 -419.080 -82.949 -0.085 0.001 0.189 0.978
25.199 -418.984 -82.967 -0.086 0.001 0.191 0.978
25.161 -418.891 -82.984 -0.087 0.001 0.194 0.977
25.138 -418.837 -82.994 -0.088 0.001 0.196 0.977
25.106 -418.760 -83.009 -0.088 0.001 0.198 0.976
25.065 -418.666 -83.026 -0.089 0.001 0.200 0.976
25.017 -418.555 -83.048 -0.091 0.001 0.203 0.975
24.975 -418.460 -83.067 -0.093 0.001 0.206 0.974
24.946 -418.397 -83.080 -0.093 0.001 0.208 0.974
24.915 -418.327 -83.094 -0.093 0.001 0.210 0.973
24.872 -418.233 -83.113 -0.094 0.001 0.212 0.973
24.843 -418.171 -83.125 -0.094 0.001 0.213 0.972
24.794 -418.067 -83.147 -0.095 0.001 0.217 0.972
24.754 -417.983 -83.164 -0.096 0.001 0.219 0.971
24.702 -417.876 -83.187 -0.097 0.002 0.222 0.970
24.663 -417.797 -83.204 -0.098 0.002 0.224 0.970
24.620 -417.710 -83.223 -0.098 0.002 0.226 0.969
24.563 -417.596 -83.248 -0.100 0.002 0.229 0.968
24.517 -417.507 -83.267 -0.101 0.002 0.232 0.967
24.449 -417.377 -83.297 -0.103 0.002 0.237 0.966
24.404 -417.293 -83.316 -0.103 0.002 0.240 0.965
24.365 -417.221 -83.333 -0.104 0.002 0.242 0.965
24.325 -417.148 -83.350 -0.105 0.002 0.245 0.964
24.260 -417.032 -83.377 -0.107 0.002 0.250 0.962
24.219 -416.960 -83.395 -0.108 0.002 0.252 0.962
24.165 -416.865 -83.418 -0.109 0.002 0.256 0.961
24.115 -416.781 -83.439 -0.111 0.002 0.259 0.959
24.047 -416.668 -83.468 -0.113 0.002 0.263 0.958
23.998 -416.586 -83.489 -0.114 0.002 0.266 0.957
23.932 -416.480 -83.517 -0.116 0.002 0.270 0.956
23.867 -416.377 -83.545 -0.117 0.002 0.273 0.955
23.807 -416.282 -83.571 -0.119 0.002 0.277 0.953
23.747 -416.191 -83.596 -0.120 0.002 0.281 0.952
23.694 -416.111 -83.618 -0.121 0.002 0.285 0.951
23.636 -416.025 -83.643 -0.123 0.002 0.289 0.949
23.578 -415.942 -83.667 -0.125 0.002 0.293 0.948
23.534 -415.879 -83.686 -0.126 0.002 0.295 0.947
23.478 -415.800 -83.710 -0.127 0.002 0.299 0.946
23.422 -415.723 -83.734 -0.128 0.002 0.302 0.945
23.348 -415.622 -83.765 -0.130 0.002 0.307 0.943
23.274 -415.525 -83.796 -0.133 0.002 0.311 0.941
23.185 -415.408 -83.834 -0.135 0.002 0.316 0.939
23.122 -415.328 -83.860 -0.136 0.002 0.320 0.938
23.067 -415.259 -83.883 -0.137 0.002 0.323 0.936
22.997 -415.173 -83.913 -0.139 0.002 0.327 0.935
22.915 -415.073 -83.948 -0.142 0.002 0.331 0.933
22.829 -414.971 -83.985 -0.143 0.002 0.336 0.931
22.782 -414.917 -84.005 -0.144 0.002 0.339 0.930
22.708 -414.832 -84.036 -0.146 0.002 0.343 0.928
22.634 -414.749 -84.067 -0.148 0.002 0.347 0.926
22.555 -414.662 -84.100 -0.149 0.002 0.351 0.924
22.487 -414.589 -84.129 -0.151 0.002 0.355 0.923
22.402 -414.499 -84.165 -0.153 0.002 0.359 0.921
22.323 -414.417 -84.198 -0.155 0.002 0.364 0.919
22.240 -414.333 -84.234 -0.157 0.002 0.368 0.916
22.158 -414.250 -84.269 -0.159 0.002 0.372 0.915
22.066 -414.160 -84.308 -0.161 0.002 0.377 0.912
22.004 -414.102 -84.334 -0.162 0.002 0.380 0.911
21.945 -414.045 -84.359 -0.163 0.002 0.383 0.909
21.858 -413.964 -84.396 -0.164 0.002 0.387 0.908
21.746 -413.862 -84.443 -0.165 0.003 0.392 0.905
21.680 -413.804 -84.471 -0.167 0.003 0.396 0.903
21.597 -413.732 -84.505 -0.169 0.003 0.400 0.901
21.534 -413.677 -84.532 -0.170 0.003 0.403 0.899
21.483 -413.634 -84.553 -0.171 0.003 0.405 0.898
21.438 -413.597 -84.572 -0.172 0.003 0.407 0.897
21.374 -413.544 -84.598 -0.174 0.002 0.410 0.895
21.292 -413.477 -84.633 -0.175 0.002 0.414 0.893
21.218 -413.418 -84.664 -0.177 0.002 0.417 0.892
21.153 -413.366 -84.692 -0.178 0.002 0.420 0.890
21.088 -413.316 -84.719 -0.179 0.002 0.423 0.888
21.015 -413.261 -84.750 -0.181 0.002 0.426 0.887
20.980 -413.234 -84.764 -0.182 0.002 0.427 0.886
20.892 -413.169 -84.801 -0.183 0.002 0.432 0.883
20.836 -413.129 -84.825 -0.184 0.003 0.434 0.882
20.777 -413.086 -84.850 -0.184 0.003 0.436 0.881
20.696 -413.028 -84.883 -0.186 0.003 0.439 0.879
20.639 -412.988 -84.908 -0.186 0.003 0.442 0.878
20.552 -412.928 -84.944 -0.188 0.003 0.445 0.875
20.491 -412.887 -84.969 -0.190 0.003 0.448 0.874
20.409 -412.832 -85.004 -0.191 0.003 0.452 0.872
20.342 -412.788 -85.032 -0.192 0.003 0.454 0.870
20.263 -412.737 -85.065 -0.193 0.003 0.458 0.868
20.155 -412.669 -85.110 -0.195 0.003 0.462 0.865
20.036 -412.596 -85.160 -0.198 0.002 0.467 0.862
19.953 -412.547 -85.195 -0.199 0.002 0.470 0.860
19.805 -412.461 -85.257 -0.202 0.002 0.476 0.856
19.695 -412.399 -85.303 -0.204 0.002 0.480 0.853
19.639 -412.368 -85.327 -0.205 0.002 0.482 0.852
19.539 -412.314 -85.369 -0.207 0.002 0.486 0.849
19.477 -412.280 -85.396 -0.208 0.002 0.488 0.848
19.372 -412.226 -85.440 -0.209 0.002 0.492 0.845
19.277 -412.177 -85.480 -0.211 0.002 0.496 0.843
19.211 -412.144 -85.508 -0.211 0.002 0.498 0.841
19.116 -412.098 -85.548 -0.212 0.002 0.502 0.839
19.012 -412.049 -85.591 -0.214 0.002 0.505 0.836
18.932 -412.011 -85.625 -0.215 0.002 0.508 0.834
18.815 -411.958 -85.675 -0.217 0.002 0.512 0.831
18.758 -411.932 -85.699 -0.218 0.002 0.514 0.830
18.685 -411.900 -85.730 -0.219 0.002 0.517 0.827
18.608 -411.868 -85.762 -0.220 0.002 0.519 0.826
18.514 -411.828 -85.802 -0.221 0.002 0.523 0.823
18.438 -411.797 -85.834 -0.222 0.002 0.525 0.821
18.342 -411.759 -85.873 -0.223 0.003 0.528 0.819
18.250 -411.723 -85.912 -0.224 0.003 0.531 0.817
18.147 -411.684 -85.955 -0.226 0.003 0.534 0.815
18.059 -411.651 -85.992 -0.228 0.002 0.537 0.812
17.959 -411.615 -86.034 -0.229 0.002 0.540 0.810
17.807 -411.562 -86.098 -0.231 0.002 0.546 0.805
17.699 -411.527 -86.143 -0.232 0.003 0.550 0.802
17.597 -411.494 -86.186 -0.234 0.002 0.553 0.800
17.494 -411.462 -86.229 -0.235 0.003 0.556 0.797
17.418 -411.439 -86.261 -0.236 0.003 0.558 0.796
17.317 -411.410 -86.303 -0.237 0.003 0.561 0.793
17.223 -411.383 -86.342 -0.238 0.003 0.564 0.791
17.151 -411.362 -86.373 -0.239 0.003 0.566 0.789
17.048 -411.334 -86.416 -0.240 0.003 0.569 0.786
16.950 -411.309 -86.457 -0.242 0.003 0.572 0.784
16.848 -411.283 -86.499 -0.243 0.003 0.575 0.781
16.729 -411.255 -86.549 -0.244 0.003 0.579 0.778
16.643 -411.236 -86.585 -0.246 0.003 0.582 0.775
16.575 -411.220 -86.613 -0.246 0.003 0.584 0.774
16.488 -411.202 -86.649 -0.247 0.003 0.586 0.772
16.396 -411.183 -86.687 -0.248 0.003 0.588 0.770
16.303 -411.164 -86.726 -0.249 0.003 0.591 0.768
16.222 -411.148 -86.760 -0.250 0.003 0.593 0.765
16.118 -411.129 -86.804 -0.251 0.003 0.596 0.763
16.025 -411.113 -86.842 -0.252 0.003 0.599 0.760
15.931 -411.098 -86.881 -0.253 0.003 0.602 0.758
15.861 -411.086 -86.910 -0.254 0.003 0.604 0.756
15.756 -411.071 -86.954 -0.255 0.003 0.607 0.753
15.635 -411.054 -87.004 -0.257 0.003 0.610 0.750
15.546 -411.042 -87.042 -0.258 0.003 0.612 0.747
15.433 -411.028 -87.089 -0.260 0.003 0.615 0.745
15.301 -411.014 -87.144 -0.262 0.002 0.619 0.741
15.204 -411.004 -87.185 -0.263 0.002 0.622 0.738
15.094 -410.994 -87.231 -0.265 0.001 0.624 0.735
15.024 -410.988 -87.261 -0.266 0.001 0.626 0.733
14.930 -410.980 -87.300 -0.267 0.001 0.629 0.731
14.853 -410.975 -87.333 -0.268 0.001 0.631 0.729
14.733 -410.968 -87.383 -0.269 0.001 0.634 0.725
14.636 -410.963 -87.425 -0.271 0.001 0.637 0.722
14.540 -410.959 -87.465 -0.272 0.001 0.639 0.719
14.437 -410.956 -87.509 -0.273 0.000 0.642 0.717
14.307 -410.953 -87.564 -0.275 0.000 0.645 0.713
14.215 -410.951 -87.604 -0.276 0.000 0.647 0.710
14.139 -410.951 -87.636 -0.277 0.000 0.649 0.708
14.096 -410.951 -87.654 -0.277 0.001 0.651 0.707
13.991 -410.951 -87.699 -0.278 0.001 0.653 0.704
13.841 -410.953 -87.762 -0.279 0.002 0.657 0.700
13.778 -410.955 -87.788 -0.279 0.002 0.659 0.699
13.694 -410.957 -87.824 -0.280 0.002 0.661 0.696
13.560 -410.962 -87.880 -0.281 0.002 0.664 0.693
13.447 -410.968 -87.928 -0.282 0.002 0.667 0.689
13.341 -410.974 -87.972 -0.283 0.001 0.668 0.688
13.261 -410.979 -88.006 -0.284 0.002 0.669 0.687
13.169 -410.985 -88.044 -0.284 0.002 0.671 0.685
13.036 -410.994 -88.101 -0.285 0.002 0.673 0.683
12.924 -411.003 -88.148 -0.286 0.002 0.675 0.681
12.824 -411.011 -88.190 -0.286 0.002 0.676 0.679
12.737 -411.019 -88.226 -0.287 0.001 0.676 0.678
12.608 -411.030 -88.281 -0.288 0.002 0.678 0.676
12.541 -411.036 -88.309 -0.288 0.002 0.679 0.675
12.474 -411.043 -88.337 -0.288 0.001 0.680 0.674
12.363 -411.054 -88.384 -0.288 0.002 0.682 0.672
12.277 -411.063 -88.420 -0.289 0.002 0.683 0.671
12.186 -411.073 -88.458 -0.289 0.002 0.684 0.670
12.104 -411.083 -88.492 -0.290 0.002 0.685 0.668
12.029 -411.092 -88.524 -0.290 0.002 0.686 0.667
11.911 -411.106 -88.573 -0.290 0.003 0.688 0.665
11.826 -411.117 -88.608 -0.291 0.003 0.689 0.664
11.714 -411.132 -88.655 -0.291 0.003 0.690 0.662
11.614 -411.145 -88.697 -0.292 0.003 0.691 0.661
11.521 -411.158 -88.736 -0.292 0.002 0.692 0.660
11.441 -411.170 -88.769 -0.293 0.003 0.693 0.658
