21.500 -475.905 -70.112 -0.002 0.000 0.003 1.000
21.499 -475.810 -70.113 -0.004 0.000 0.006 1.000
21.497 -475.681 -70.114 -0.006 0.000 0.011 1.000
21.493 -475.546 -70.116 -0.009 0.000 0.015 1.000
21.489 -475.417 -70.119 -0.012 0.000 0.019 1.000
21.485 -475.327 -70.121 -0.014 0.000 0.022 1.000
21.479 -475.205 -70.125 -0.016 0.000 0.026 1.000
21.473 -475.099 -70.128 -0.017 0.000 0.030 0.999
21.467 -475.000 -70.132 -0.019 0.000 0.033 0.999
21.460 -474.899 -70.136 -0.021 0.000 0.036 0.999
21.454 -474.821 -70.139 -0.022 0.000 0.039 0.999
21.446 -474.721 -70.144 -0.024 0.000 0.042 0.999
21.433 -474.574 -70.151 -0.026 0.000 0.048 0.999
21.418 -474.425 -70.159 -0.027 0.000 0.053 0.998
21.410 -474.351 -70.163 -0.028 0.000 0.055 0.998
21.401 -474.279 -70.167 -0.030 0.000 0.057 0.998
21.393 -474.207 -70.172 -0.031 0.000 0.059 0.998
21.379 -474.090 -70.179 -0.033 0.000 0.063 0.997
21.366 -473.994 -70.186 -0.034 0.000 0.066 0.997
21.349 -473.872 -70.194 -0.035 0.000 0.070 0.997
21.337 -473.790 -70.200 -0.036 0.000 0.073 0.997
21.323 -473.692 -70.207 -0.037 0.000 0.075 0.997
21.304 -473.574 -70.216 -0.038 0.000 0.079 0.996
21.296 -473.523 -70.220 -0.038 0.000 0.080 0.996
21.276 -473.399 -70.230 -0.040 0.000 0.084 0.996
21.256 -473.285 -70.239 -0.042 0.000 0.087 0.995
21.235 -473.171 -70.249 -0.043 0.000 0.090 0.995
21.221 -473.094 -70.256 -0.045 0.000 0.092 0.995
21.208 -473.024 -70.263 -0.046 0.000 0.094 0.994
21.189 -472.925 -70.272 -0.048 0.000 0.097 0.994
21.165 -472.809 -70.284 -0.049 0.000 0.101 0.994
21.148 -472.728 -70.292 -0.051 0.000 0.103 0.993
21.134 -472.662 -70.299 -0.052 0.000 0.105 0.993
21.111 -472.556 -70.310 -0.053 0.000 0.109 0.993
21.088 -472.454 -70.321 -0.054 0.000 0.112 0.992
21.062 -472.343 -70.334 -0.055 0.000 0.116 0.992
21.039 -472.248 -70.344 -0.056 0.000 0.118 0.991
21.009 -472.123 -70.359 -0.058 0.000 0.122 0.991
20.977 -471.999 -70.374 -0.059 0.001 0.126 0.990
20.958 -471.928 -70.382 -0.060 0.001 0.128 0.990
20.930 -471.824 -70.395 -0.061 0.001 0.132 0.989
20.903 -471.725 -70.408 -0.062 0.001 0.135 0.989
20.851 -471.541 -70.432 -0.064 0.001 0.141 0.988
20.817 -471.427 -70.447 -0.065 0.001 0.144 0.987
20.796 -471.357 -70.457 -0.066 0.001 0.146 0.987
20.761 -471.244 -70.472 -0.067 0.001 0.149 0.987
20.731 -471.147 -70.486 -0.068 0.001 0.152 0.986
20.694 -471.033 -70.502 -0.069 0.001 0.155 0.986
20.651 -470.901 -70.521 -0.071 0.001 0.159 0.985
20.614 -470.792 -70.538 -0.072 0.001 0.162 0.984
20.561 -470.639 -70.561 -0.073 0.001 0.167 0.983
20.534 -470.562 -70.573 -0.074 0.001 0.169 0.983
20.487 -470.431 -70.593 -0.075 0.001 0.171 0.982
20.459 -470.354 -70.605 -0.075 0.001 0.174 0.982
20.422 -470.254 -70.621 -0.075 0.002 0.176 0.981
20.377 -470.134 -70.641 -0.077 0.002 0.179 0.981
20.327 -470.003 -70.662 -0.078 0.001 0.182 0.980
20.291 -469.912 -70.677 -0.078 0.002 0.184 0.980
20.264 -469.844 -70.688 -0.079 0.002 0.186 0.979
20.220 -469.735 -70.707 -0.081 0.002 0.189 0.979
20.169 -469.609 -70.729 -0.081 0.002 0.193 0.978
20.120 -469.491 -70.750 -0.083 0.002 0.196 0.977
20.066 -469.366 -70.772 -0.084 0.002 0.200 0.976
20.027 -469.275 -70.788 -0.084 0.002 0.202 0.976
19.962 -469.129 -70.815 -0.085 0.002 0.207 0.975
19.908 -469.008 -70.837 -0.085 0.002 0.209 0.974
19.862 -468.909 -70.855 -0.087 0.002 0.212 0.974
19.813 -468.802 -70.875 -0.087 0.002 0.213 0.973
19.756 -468.680 -70.898 -0.088 0.002 0.215 0.973
19.717 -468.599 -70.914 -0.088 0.002 0.217 0.972
19.670 -468.500 -70.933 -0.089 0.003 0.220 0.972
19.636 -468.430 -70.946 -0.089 0.003 0.221 0.971
19.586 -468.328 -70.966 -0.089 0.003 0.224 0.971
19.549 -468.254 -70.981 -0.090 0.003 0.225 0.970
19.509 -468.172 -70.997 -0.090 0.003 0.227 0.970
19.457 -468.070 -71.017 -0.091 0.003 0.230 0.969
19.425 -468.007 -71.030 -0.092 0.003 0.231 0.968
19.365 -467.891 -71.053 -0.093 0.003 0.235 0.968
19.332 -467.827 -71.066 -0.094 0.003 0.237 0.967
19.260 -467.692 -71.094 -0.095 0.003 0.239 0.966
19.219 -467.616 -71.110 -0.096 0.003 0.241 0.966
19.180 -467.543 -71.126 -0.097 0.003 0.242 0.965
19.128 -467.448 -71.147 -0.097 0.003 0.245 0.965
19.082 -467.365 -71.165 -0.098 0.003 0.247 0.964
19.026 -467.265 -71.187 -0.098 0.003 0.249 0.964
18.959 -467.146 -71.213 -0.099 0.003 0.251 0.963
18.920 -467.078 -71.228 -0.100 0.003 0.252 0.962
18.895 -467.034 -71.238 -0.100 0.003 0.253 0.962
18.845 -466.946 -71.257 -0.101 0.003 0.256 0.962
18.776 -466.828 -71.284 -0.102 0.003 0.258 0.961
18.737 -466.762 -71.300 -0.102 0.003 0.259 0.960
18.700 -466.699 -71.314 -0.102 0.003 0.260 0.960
18.647 -466.610 -71.335 -0.102 0.003 0.262 0.960
18.610 -466.549 -71.349 -0.102 0.003 0.263 0.959
18.542 -466.435 -71.375 -0.102 0.003 0.264 0.959
18.460 -466.300 -71.406 -0.103 0.003 0.266 0.958
18.404 -466.209 -71.428 -0.103 0.004 0.267 0.958
18.369 -466.152 -71.441 -0.103 0.004 0.269 0.958
18.299 -466.039 -71.468 -0.103 0.004 0.270 0.957
18.248 -465.957 -71.487 -0.103 0.004 0.271 0.957
18.172 -465.835 -71.515 -0.102 0.005 0.274 0.956
18.109 -465.736 -71.538 -0.103 0.005 0.275 0.956
18.051 -465.646 -71.559 -0.102 0.005 0.276 0.956
17.972 -465.524 -71.588 -0.103 0.005 0.279 0.955
17.934 -465.464 -71.602 -0.103 0.005 0.280 0.955
17.888 -465.394 -71.619 -0.103 0.005 0.281 0.954
17.821 -465.292 -71.643 -0.102 0.005 0.282 0.954
17.779 -465.229 -71.657 -0.103 0.005 0.283 0.954
17.733 -465.160 -71.674 -0.103 0.005 0.284 0.953
17.673 -465.070 -71.695 -0.103 0.006 0.285 0.953
17.612 -464.978 -71.717 -0.102 0.006 0.285 0.953
17.554 -464.891 -71.737 -0.102 0.006 0.287 0.953
17.504 -464.816 -71.754 -0.101 0.006 0.287 0.952
17.465 -464.759 -71.768 -0.101 0.006 0.288 0.952
17.425 -464.701 -71.781 -0.102 0.006 0.289 0.952
17.368 -464.616 -71.801 -0.102 0.006 0.290 0.951
17.306 -464.526 -71.822 -0.103 0.006 0.292 0.951
17.265 -464.466 -71.837 -0.103 0.006 0.292 0.951
17.217 -464.397 -71.853 -0.103 0.006 0.294 0.950
17.156 -464.310 -71.874 -0.103 0.007 0.296 0.950
17.106 -464.238 -71.891 -0.103 0.007 0.297 0.949
17.040 -464.145 -71.913 -0.102 0.007 0.298 0.949
16.986 -464.069 -71.931 -0.102 0.007 0.299 0.949
16.898 -463.945 -71.960 -0.103 0.007 0.301 0.948
16.817 -463.833 -71.987 -0.102 0.008 0.303 0.948
16.760 -463.754 -72.006 -0.102 0.008 0.304 0.947
16.720 -463.699 -72.019 -0.102 0.008 0.305 0.947
16.641 -463.591 -72.045 -0.102 0.008 0.306 0.947
16.565 -463.488 -72.069 -0.103 0.008 0.307 0.946
16.485 -463.380 -72.095 -0.102 0.008 0.309 0.946
16.428 -463.303 -72.113 -0.102 0.008 0.309 0.945
16.367 -463.221 -72.133 -0.102 0.008 0.310 0.945
16.316 -463.153 -72.149 -0.102 0.009 0.311 0.945
16.283 -463.109 -72.160 -0.102 0.009 0.312 0.945
16.202 -463.002 -72.185 -0.102 0.009 0.313 0.944
16.139 -462.918 -72.205 -0.102 0.009 0.314 0.944
16.088 -462.852 -72.221 -0.102 0.009 0.315 0.943
16.048 -462.798 -72.233 -0.101 0.009 0.316 0.943
16.008 -462.747 -72.246 -0.101 0.009 0.317 0.943
15.961 -462.686 -72.260 -0.101 0.010 0.318 0.943
15.901 -462.608 -72.279 -0.101 0.010 0.319 0.942
15.846 -462.538 -72.295 -0.101 0.010 0.319 0.942
15.795 -462.472 -72.311 -0.101 0.010 0.321 0.942
15.711 -462.365 -72.336 -0.100 0.010 0.321 0.942
15.647 -462.283 -72.355 -0.101 0.010 0.323 0.941
15.583 -462.203 -72.374 -0.100 0.010 0.323 0.941
15.492 -462.088 -72.401 -0.100 0.011 0.325 0.940
15.408 -461.984 -72.426 -0.100 0.011 0.326 0.940
15.344 -461.903 -72.445 -0.099 0.011 0.326 0.940
15.290 -461.837 -72.460 -0.099 0.011 0.327 0.940
15.226 -461.757 -72.479 -0.098 0.012 0.328 0.940
15.146 -461.658 -72.501 -0.098 0.012 0.330 0.939
15.072 -461.567 -72.522 -0.098 0.012 0.331 0.938
15.031 -461.518 -72.534 -0.098 0.012 0.332 0.938
14.958 -461.430 -72.554 -0.098 0.012 0.333 0.938
14.880 -461.335 -72.576 -0.097 0.013 0.334 0.937
14.830 -461.275 -72.590 -0.097 0.013 0.335 0.937
14.743 -461.171 -72.614 -0.097 0.013 0.337 0.937
14.677 -461.093 -72.632 -0.097 0.013 0.337 0.936
14.581 -460.979 -72.658 -0.097 0.013 0.339 0.936
14.486 -460.866 -72.684 -0.097 0.013 0.340 0.935
14.430 -460.802 -72.698 -0.097 0.013 0.341 0.935
14.364 -460.724 -72.716 -0.097 0.014 0.343 0.934
14.282 -460.630 -72.738 -0.097 0.014 0.344 0.934
14.242 -460.583 -72.749 -0.096 0.014 0.345 0.934
14.180 -460.512 -72.765 -0.097 0.014 0.346 0.933
14.130 -460.456 -72.778 -0.097 0.014 0.347 0.933
