24.700 -458.456 -70.112 0.000 0.000 0.002 1.000
24.699 -458.333 -70.112 -0.003 0.000 0.006 1.000
24.697 -458.237 -70.113 -0.003 0.000 0.009 1.000
24.696 -458.146 -70.113 -0.005 0.000 0.012 1.000
24.693 -458.037 -70.115 -0.007 0.000 0.016 1.000
24.689 -457.947 -70.116 -0.008 0.000 0.020 1.000
24.687 -457.886 -70.117 -0.009 0.000 0.022 1.000
24.684 -457.817 -70.119 -0.010 0.000 0.024 1.000
24.677 -457.693 -70.121 -0.012 0.000 0.029 1.000
24.670 -457.579 -70.124 -0.014 0.000 0.033 0.999
24.658 -457.414 -70.129 -0.016 0.000 0.040 0.999
24.648 -457.296 -70.133 -0.018 0.000 0.044 0.999
24.635 -457.163 -70.138 -0.021 0.000 0.049 0.999
24.623 -457.047 -70.143 -0.022 0.000 0.053 0.998
24.613 -456.948 -70.148 -0.024 0.000 0.057 0.998
24.603 -456.870 -70.152 -0.025 0.000 0.060 0.998
24.592 -456.776 -70.157 -0.026 0.000 0.062 0.998
24.577 -456.664 -70.163 -0.028 0.000 0.067 0.997
24.560 -456.543 -70.170 -0.030 0.000 0.071 0.997
24.542 -456.421 -70.178 -0.032 0.000 0.075 0.997
24.525 -456.313 -70.185 -0.034 0.000 0.079 0.996
24.508 -456.209 -70.192 -0.035 0.000 0.083 0.996
24.496 -456.138 -70.197 -0.036 0.000 0.085 0.996
24.481 -456.049 -70.204 -0.037 0.000 0.088 0.995
24.459 -455.934 -70.213 -0.039 0.000 0.092 0.995
24.438 -455.820 -70.222 -0.041 0.000 0.096 0.995
24.424 -455.753 -70.227 -0.042 0.000 0.098 0.994
24.395 -455.612 -70.240 -0.043 0.000 0.104 0.994
24.373 -455.508 -70.249 -0.045 0.000 0.108 0.993
24.346 -455.386 -70.260 -0.047 0.000 0.112 0.993
24.312 -455.243 -70.274 -0.049 0.000 0.117 0.992
24.286 -455.134 -70.286 -0.051 0.000 0.120 0.991
24.263 -455.042 -70.295 -0.052 0.000 0.123 0.991
24.234 -454.931 -70.307 -0.053 0.000 0.127 0.991
24.214 -454.854 -70.316 -0.054 0.000 0.130 0.990
24.179 -454.728 -70.330 -0.056 0.000 0.134 0.989
24.141 -454.593 -70.346 -0.057 0.000 0.138 0.989
24.119 -454.516 -70.355 -0.058 0.000 0.140 0.988
24.077 -454.374 -70.373 -0.061 0.000 0.145 0.988
24.032 -454.227 -70.391 -0.063 0.000 0.150 0.987
23.997 -454.117 -70.406 -0.063 0.000 0.153 0.986
23.969 -454.029 -70.417 -0.065 0.000 0.157 0.986
23.932 -453.918 -70.433 -0.067 0.000 0.161 0.985
23.901 -453.828 -70.446 -0.068 0.000 0.164 0.984
23.869 -453.734 -70.459 -0.070 0.000 0.168 0.983
23.832 -453.632 -70.474 -0.071 0.000 0.172 0.983
23.814 -453.583 -70.482 -0.072 0.000 0.174 0.982
23.772 -453.470 -70.499 -0.073 0.000 0.178 0.981
23.734 -453.370 -70.515 -0.074 0.000 0.182 0.981
23.691 -453.260 -70.532 -0.076 0.000 0.186 0.980
23.671 -453.210 -70.540 -0.077 0.000 0.188 0.979
23.635 -453.122 -70.555 -0.078 0.000 0.191 0.979
23.600 -453.036 -70.569 -0.078 0.000 0.194 0.978
23.561 -452.943 -70.585 -0.079 0.001 0.197 0.977
23.514 -452.835 -70.604 -0.081 0.001 0.202 0.976
23.471 -452.736 -70.621 -0.083 0.001 0.205 0.975
23.420 -452.623 -70.642 -0.085 0.000 0.209 0.974
23.361 -452.493 -70.666 -0.087 0.000 0.213 0.973
23.330 -452.428 -70.678 -0.088 0.000 0.216 0.972
23.271 -452.304 -70.702 -0.089 0.001 0.220 0.971
23.245 -452.250 -70.712 -0.090 0.000 0.222 0.971
23.208 -452.175 -70.727 -0.092 0.000 0.225 0.970
23.159 -452.077 -70.747 -0.093 0.000 0.229 0.969
23.118 -451.996 -70.764 -0.094 0.000 0.232 0.968
23.081 -451.926 -70.779 -0.095 0.000 0.235 0.967
23.033 -451.834 -70.798 -0.096 0.001 0.238 0.967
22.994 -451.760 -70.814 -0.097 0.001 0.240 0.966
22.962 -451.701 -70.827 -0.097 0.001 0.242 0.965
22.892 -451.572 -70.855 -0.099 0.001 0.247 0.964
22.838 -451.476 -70.876 -0.101 0.001 0.251 0.963
22.773 -451.362 -70.903 -0.102 0.001 0.255 0.961
22.714 -451.262 -70.926 -0.104 0.001 0.259 0.960
22.668 -451.184 -70.945 -0.105 0.001 0.262 0.959
22.623 -451.108 -70.963 -0.106 0.001 0.264 0.959
22.572 -451.026 -70.983 -0.107 0.001 0.267 0.958
22.537 -450.969 -70.997 -0.108 0.001 0.269 0.957
22.463 -450.851 -71.027 -0.110 0.001 0.273 0.956
22.387 -450.731 -71.057 -0.110 0.001 0.278 0.954
22.310 -450.613 -71.088 -0.111 0.001 0.282 0.953
22.263 -450.542 -71.106 -0.113 0.001 0.285 0.952
22.210 -450.463 -71.127 -0.115 0.001 0.288 0.951
22.147 -450.372 -71.152 -0.116 0.001 0.290 0.950
22.102 -450.306 -71.170 -0.117 0.001 0.293 0.949
22.056 -450.240 -71.189 -0.118 0.001 0.295 0.948
22.003 -450.166 -71.210 -0.118 0.001 0.297 0.947
21.947 -450.087 -71.232 -0.120 0.001 0.300 0.946
21.888 -450.005 -71.255 -0.121 0.001 0.303 0.945
21.821 -449.914 -71.282 -0.121 0.001 0.307 0.944
21.761 -449.834 -71.306 -0.123 0.001 0.310 0.943
21.699 -449.752 -71.330 -0.125 0.001 0.313 0.942
21.622 -449.652 -71.361 -0.126 0.001 0.317 0.940
21.573 -449.589 -71.380 -0.128 0.001 0.319 0.939
21.519 -449.521 -71.402 -0.128 0.001 0.322 0.938
21.474 -449.464 -71.420 -0.129 0.001 0.324 0.937
21.413 -449.389 -71.444 -0.130 0.001 0.327 0.936
21.350 -449.313 -71.469 -0.130 0.001 0.330 0.935
21.289 -449.238 -71.493 -0.130 0.002 0.333 0.934
21.224 -449.162 -71.518 -0.131 0.002 0.335 0.933
21.177 -449.106 -71.536 -0.132 0.002 0.337 0.932
21.133 -449.055 -71.553 -0.133 0.002 0.338 0.932
21.078 -448.990 -71.575 -0.133 0.002 0.339 0.931
21.018 -448.920 -71.598 -0.134 0.001 0.340 0.931
20.959 -448.852 -71.622 -0.134 0.001 0.342 0.930
20.899 -448.785 -71.645 -0.135 0.001 0.344 0.929
20.841 -448.719 -71.668 -0.136 0.002 0.347 0.928
20.786 -448.657 -71.689 -0.137 0.002 0.349 0.927
20.749 -448.616 -71.704 -0.138 0.001 0.351 0.926
20.678 -448.539 -71.731 -0.139 0.001 0.354 0.925
20.613 -448.469 -71.757 -0.140 0.001 0.357 0.924
20.538 -448.389 -71.786 -0.141 0.002 0.360 0.922
20.475 -448.323 -71.811 -0.142 0.002 0.362 0.921
20.401 -448.246 -71.840 -0.143 0.002 0.365 0.920
20.315 -448.158 -71.873 -0.143 0.002 0.368 0.919
20.267 -448.109 -71.891 -0.144 0.002 0.370 0.918
20.185 -448.027 -71.923 -0.145 0.002 0.373 0.917
20.099 -447.943 -71.956 -0.145 0.003 0.376 0.915
20.033 -447.878 -71.981 -0.144 0.003 0.378 0.915
19.955 -447.803 -72.010 -0.145 0.003 0.380 0.914
19.876 -447.727 -72.040 -0.145 0.003 0.383 0.912
19.810 -447.665 -72.065 -0.146 0.003 0.385 0.911
19.733 -447.593 -72.093 -0.147 0.003 0.388 0.910
19.690 -447.553 -72.110 -0.148 0.003 0.389 0.909
19.609 -447.479 -72.140 -0.149 0.003 0.391 0.908
19.547 -447.423 -72.163 -0.149 0.003 0.393 0.907
19.464 -447.348 -72.195 -0.150 0.003 0.395 0.906
19.390 -447.283 -72.222 -0.151 0.004 0.398 0.905
19.323 -447.223 -72.248 -0.152 0.004 0.401 0.904
19.257 -447.166 -72.272 -0.152 0.004 0.403 0.902
19.192 -447.110 -72.296 -0.154 0.003 0.405 0.901
19.113 -447.043 -72.326 -0.154 0.004 0.407 0.900
19.030 -446.973 -72.357 -0.155 0.004 0.409 0.899
18.982 -446.933 -72.375 -0.155 0.004 0.411 0.898
18.910 -446.874 -72.402 -0.155 0.004 0.413 0.897
18.809 -446.791 -72.439 -0.157 0.004 0.416 0.896
18.735 -446.732 -72.466 -0.158 0.004 0.418 0.895
18.671 -446.681 -72.490 -0.158 0.004 0.420 0.894
18.610 -446.632 -72.513 -0.159 0.004 0.422 0.893
18.550 -446.585 -72.536 -0.159 0.004 0.423 0.892
18.434 -446.496 -72.578 -0.160 0.004 0.426 0.890
18.381 -446.455 -72.598 -0.161 0.004 0.428 0.889
18.294 -446.388 -72.631 -0.162 0.004 0.430 0.888
18.218 -446.332 -72.659 -0.162 0.004 0.432 0.887
18.123 -446.261 -72.694 -0.164 0.004 0.434 0.886
18.055 -446.211 -72.719 -0.164 0.004 0.436 0.885
17.985 -446.160 -72.745 -0.165 0.004 0.438 0.884
17.924 -446.115 -72.768 -0.166 0.004 0.440 0.883
17.868 -446.076 -72.789 -0.166 0.004 0.441 0.882
17.770 -446.006 -72.825 -0.167 0.004 0.442 0.881
17.693 -445.951 -72.854 -0.167 0.004 0.444 0.880
17.639 -445.914 -72.874 -0.167 0.004 0.445 0.880
17.529 -445.837 -72.915 -0.168 0.004 0.448 0.878
17.450 -445.783 -72.944 -0.168 0.004 0.449 0.877
17.364 -445.725 -72.975 -0.169 0.004 0.451 0.876
17.272 -445.663 -73.010 -0.169 0.004 0.453 0.875
17.198 -445.614 -73.037 -0.170 0.005 0.455 0.874
17.121 -445.563 -73.065 -0.171 0.005 0.457 0.873
17.044 -445.512 -73.093 -0.171 0.005 0.459 0.872
16.991 -445.479 -73.113 -0.171 0.005 0.460 0.871
16.902 -445.421 -73.145 -0.171 0.005 0.462 0.870
16.791 -445.351 -73.186 -0.172 0.005 0.464 0.869
16.713 -445.302 -73.214 -0.172 0.005 0.465 0.868
16.592 -445.226 -73.258 -0.173 0.005 0.467 0.867
16.485 -445.160 -73.297 -0.173 0.006 0.469 0.866
16.412 -445.115 -73.323 -0.173 0.006 0.471 0.865
16.303 -445.049 -73.362 -0.174 0.006 0.473 0.864
16.216 -444.997 -73.394 -0.174 0.006 0.475 0.862
16.142 -444.954 -73.420 -0.175 0.006 0.477 0.862
16.055 -444.903 -73.451 -0.175 0.006 0.478 0.861
15.964 -444.850 -73.484 -0.175 0.007 0.480 0.860
15.874 -444.799 -73.515 -0.176 0.007 0.483 0.858
15.775 -444.743 -73.551 -0.176 0.007 0.485 0.857
15.716 -444.710 -73.572 -0.176 0.007 0.486 0.856
15.622 -444.657 -73.605 -0.176 0.008 0.487 0.856
15.543 -444.614 -73.632 -0.176 0.008 0.488 0.855
15.477 -444.577 -73.656 -0.176 0.008 0.489 0.854
15.374 -444.521 -73.692 -0.176 0.008 0.490 0.853
15.265 -444.462 -73.729 -0.176 0.008 0.493 0.852
15.152 -444.401 -73.768 -0.176 0.009 0.494 0.851
15.041 -444.342 -73.807 -0.176 0.009 0.495 0.851
14.927 -444.282 -73.845 -0.176 0.010 0.497 0.850
14.836 -444.235 -73.877 -0.176 0.010 0.498 0.849
14.728 -444.179 -73.913 -0.176 0.010 0.500 0.848
14.660 -444.144 -73.936 -0.175 0.010 0.500 0.848
14.540 -444.083 -73.976 -0.176 0.011 0.502 0.847
14.470 -444.047 -74.000 -0.176 0.011 0.503 0.846
14.407 -444.015 -74.021 -0.176 0.011 0.504 0.846
14.338 -443.980 -74.044 -0.175 0.011 0.504 0.845
14.229 -443.926 -74.080 -0.175 0.012 0.505 0.845
14.162 -443.893 -74.102 -0.175 0.012 0.506 0.844
