24.700 -458.389 -70.112 -0.002 0.000 0.004 1.000
24.698 -458.249 -70.113 -0.004 0.000 0.009 1.000
24.693 -458.062 -70.115 -0.006 0.000 0.016 1.000
24.688 -457.928 -70.117 -0.009 0.000 0.021 1.000
24.680 -457.765 -70.120 -0.012 0.000 0.027 1.000
24.676 -457.698 -70.122 -0.012 0.000 0.029 0.999
24.672 -457.623 -70.124 -0.014 0.000 0.032 0.999
24.664 -457.508 -70.127 -0.015 0.000 0.036 0.999
24.656 -457.402 -70.131 -0.017 0.000 0.040 0.999
24.648 -457.311 -70.134 -0.018 0.000 0.043 0.999
24.640 -457.225 -70.137 -0.019 0.000 0.046 0.999
24.630 -457.118 -70.141 -0.020 0.000 0.050 0.999
24.618 -457.007 -70.146 -0.022 0.000 0.054 0.998
24.606 -456.893 -70.151 -0.023 0.000 0.058 0.998
24.596 -456.813 -70.155 -0.024 0.000 0.061 0.998
24.586 -456.733 -70.159 -0.025 0.000 0.064 0.998
24.573 -456.638 -70.164 -0.026 0.000 0.067 0.997
24.560 -456.541 -70.169 -0.027 0.000 0.070 0.997
24.543 -456.423 -70.176 -0.028 0.000 0.075 0.997
24.531 -456.346 -70.180 -0.029 0.000 0.078 0.997
24.517 -456.262 -70.185 -0.030 0.000 0.081 0.996
24.501 -456.163 -70.191 -0.032 0.000 0.084 0.996
24.491 -456.104 -70.195 -0.033 0.000 0.086 0.996
24.473 -456.006 -70.202 -0.035 0.000 0.090 0.995
24.452 -455.893 -70.210 -0.037 0.000 0.094 0.995
24.430 -455.782 -70.219 -0.039 0.000 0.098 0.994
24.412 -455.689 -70.227 -0.041 0.000 0.101 0.994
24.391 -455.589 -70.235 -0.043 0.000 0.105 0.994
24.368 -455.487 -70.244 -0.045 0.000 0.109 0.993
24.341 -455.366 -70.256 -0.047 0.000 0.112 0.993
24.319 -455.271 -70.265 -0.048 0.000 0.115 0.992
24.302 -455.198 -70.272 -0.050 0.000 0.118 0.992
24.282 -455.120 -70.280 -0.051 0.000 0.120 0.991
24.263 -455.043 -70.289 -0.052 0.000 0.123 0.991
24.242 -454.959 -70.298 -0.053 0.000 0.126 0.991
24.212 -454.848 -70.310 -0.054 0.000 0.130 0.990
24.184 -454.744 -70.322 -0.056 0.000 0.134 0.989
24.153 -454.633 -70.335 -0.058 0.000 0.138 0.989
24.110 -454.485 -70.353 -0.060 0.000 0.141 0.988
24.084 -454.397 -70.364 -0.061 0.000 0.144 0.988
24.046 -454.270 -70.380 -0.064 0.000 0.148 0.987
24.020 -454.187 -70.391 -0.064 0.000 0.151 0.986
23.993 -454.103 -70.403 -0.066 0.000 0.154 0.986
23.963 -454.010 -70.416 -0.067 0.000 0.157 0.985
23.935 -453.926 -70.427 -0.068 0.000 0.160 0.985
23.907 -453.844 -70.439 -0.069 0.000 0.163 0.984
23.867 -453.728 -70.456 -0.070 0.000 0.168 0.983
23.817 -453.589 -70.477 -0.072 0.000 0.172 0.982
23.781 -453.491 -70.492 -0.074 0.000 0.176 0.982
23.757 -453.427 -70.502 -0.075 0.000 0.178 0.981
23.715 -453.318 -70.519 -0.076 0.000 0.182 0.980
23.680 -453.229 -70.534 -0.077 0.000 0.185 0.980
23.646 -453.143 -70.548 -0.078 0.000 0.188 0.979
23.614 -453.064 -70.562 -0.080 0.000 0.191 0.978
23.590 -453.004 -70.572 -0.081 0.000 0.193 0.978
23.559 -452.931 -70.585 -0.082 0.000 0.196 0.977
23.511 -452.817 -70.605 -0.084 0.000 0.200 0.976
23.470 -452.725 -70.622 -0.086 0.000 0.203 0.975
23.434 -452.643 -70.637 -0.087 0.000 0.207 0.975
23.391 -452.550 -70.655 -0.088 0.000 0.211 0.974
23.343 -452.444 -70.676 -0.090 0.000 0.214 0.973
23.299 -452.351 -70.694 -0.092 0.000 0.217 0.972
23.241 -452.231 -70.719 -0.094 -0.001 0.221 0.971
23.201 -452.148 -70.736 -0.095 0.000 0.225 0.970
23.155 -452.057 -70.755 -0.097 0.000 0.228 0.969
23.107 -451.963 -70.776 -0.098 0.000 0.232 0.968
23.071 -451.894 -70.791 -0.099 -0.001 0.233 0.967
23.028 -451.810 -70.809 -0.101 -0.001 0.236 0.967
22.967 -451.696 -70.835 -0.102 -0.001 0.240 0.965
22.912 -451.593 -70.859 -0.104 -0.001 0.243 0.964
22.866 -451.511 -70.878 -0.106 -0.001 0.247 0.963
22.833 -451.451 -70.893 -0.107 -0.001 0.249 0.963
22.768 -451.336 -70.921 -0.108 -0.001 0.254 0.961
22.707 -451.232 -70.946 -0.110 0.000 0.258 0.960
22.647 -451.132 -70.972 -0.110 0.000 0.262 0.959
22.598 -451.049 -70.993 -0.112 0.000 0.265 0.958
22.533 -450.944 -71.020 -0.113 0.000 0.269 0.957
22.462 -450.830 -71.050 -0.114 0.000 0.272 0.955
22.398 -450.730 -71.076 -0.115 0.000 0.276 0.954
22.340 -450.640 -71.101 -0.116 0.000 0.279 0.953
22.313 -450.598 -71.112 -0.117 0.000 0.281 0.953
22.262 -450.521 -71.133 -0.119 0.000 0.283 0.952
22.214 -450.450 -71.153 -0.120 0.000 0.286 0.951
22.133 -450.330 -71.188 -0.121 0.000 0.290 0.949
22.033 -450.186 -71.229 -0.123 0.000 0.296 0.947
21.993 -450.129 -71.246 -0.124 0.000 0.298 0.946
21.943 -450.060 -71.267 -0.125 0.000 0.301 0.945
21.877 -449.970 -71.294 -0.127 0.000 0.304 0.944
21.832 -449.908 -71.313 -0.128 0.000 0.307 0.943
21.743 -449.790 -71.350 -0.130 0.000 0.312 0.941
21.690 -449.721 -71.372 -0.131 0.000 0.314 0.940
21.623 -449.634 -71.401 -0.132 0.000 0.318 0.939
21.568 -449.564 -71.423 -0.134 0.000 0.320 0.938
21.522 -449.506 -71.443 -0.134 0.000 0.323 0.937
21.484 -449.460 -71.458 -0.135 0.000 0.324 0.936
21.419 -449.379 -71.486 -0.136 0.000 0.327 0.935
21.387 -449.341 -71.499 -0.137 0.000 0.329 0.934
21.322 -449.262 -71.526 -0.138 0.000 0.332 0.933
21.247 -449.173 -71.557 -0.139 0.000 0.335 0.932
21.197 -449.114 -71.578 -0.140 0.001 0.338 0.931
21.142 -449.050 -71.600 -0.140 0.001 0.341 0.930
21.066 -448.963 -71.632 -0.142 0.001 0.343 0.929
21.007 -448.897 -71.656 -0.142 0.001 0.344 0.928
20.943 -448.825 -71.682 -0.143 0.001 0.346 0.927
20.863 -448.735 -71.715 -0.144 0.001 0.348 0.926
20.783 -448.647 -71.748 -0.145 0.001 0.352 0.925
20.696 -448.553 -71.784 -0.146 0.001 0.355 0.923
20.625 -448.477 -71.813 -0.147 0.001 0.358 0.922
20.500 -448.346 -71.864 -0.148 0.001 0.363 0.920
20.443 -448.287 -71.888 -0.149 0.001 0.365 0.919
20.360 -448.202 -71.921 -0.151 0.001 0.367 0.918
20.300 -448.141 -71.946 -0.151 0.001 0.369 0.917
20.240 -448.082 -71.970 -0.152 0.001 0.371 0.916
20.170 -448.012 -71.999 -0.152 0.001 0.373 0.915
20.130 -447.972 -72.015 -0.153 0.001 0.374 0.915
20.024 -447.869 -72.059 -0.154 0.001 0.377 0.913
19.953 -447.800 -72.087 -0.155 0.001 0.380 0.912
19.886 -447.737 -72.114 -0.156 0.001 0.382 0.911
19.783 -447.640 -72.157 -0.158 0.001 0.385 0.909
19.696 -447.559 -72.192 -0.159 0.001 0.388 0.908
19.643 -447.511 -72.214 -0.159 0.001 0.390 0.907
19.557 -447.433 -72.249 -0.160 0.001 0.393 0.906
19.470 -447.356 -72.284 -0.161 0.001 0.396 0.904
19.400 -447.294 -72.313 -0.162 0.002 0.398 0.903
19.313 -447.217 -72.348 -0.163 0.002 0.401 0.902
19.247 -447.161 -72.374 -0.163 0.002 0.403 0.900
19.176 -447.101 -72.403 -0.164 0.002 0.405 0.899
19.118 -447.052 -72.426 -0.165 0.002 0.407 0.898
19.038 -446.985 -72.459 -0.166 0.002 0.409 0.897
18.988 -446.944 -72.479 -0.166 0.002 0.410 0.897
18.895 -446.868 -72.516 -0.167 0.002 0.413 0.895
18.805 -446.794 -72.552 -0.168 0.002 0.415 0.894
18.728 -446.733 -72.583 -0.169 0.002 0.417 0.893
18.670 -446.687 -72.606 -0.169 0.002 0.419 0.892
18.601 -446.632 -72.634 -0.169 0.002 0.420 0.891
18.526 -446.574 -72.664 -0.170 0.002 0.422 0.891
18.463 -446.525 -72.689 -0.170 0.003 0.424 0.890
18.399 -446.475 -72.715 -0.171 0.002 0.426 0.889
18.365 -446.450 -72.728 -0.171 0.002 0.426 0.888
18.270 -446.377 -72.766 -0.172 0.003 0.429 0.887
18.187 -446.316 -72.799 -0.173 0.003 0.431 0.886
18.102 -446.252 -72.833 -0.174 0.002 0.433 0.885
18.017 -446.190 -72.867 -0.175 0.003 0.435 0.883
17.943 -446.137 -72.896 -0.176 0.002 0.437 0.882
17.864 -446.080 -72.928 -0.176 0.003 0.439 0.881
17.803 -446.036 -72.952 -0.177 0.003 0.441 0.880
17.732 -445.987 -72.980 -0.177 0.003 0.442 0.879
17.662 -445.938 -73.008 -0.178 0.003 0.444 0.878
17.538 -445.853 -73.057 -0.178 0.003 0.447 0.877
17.478 -445.811 -73.081 -0.179 0.003 0.448 0.876
17.413 -445.767 -73.107 -0.179 0.003 0.449 0.875
17.291 -445.686 -73.155 -0.181 0.003 0.452 0.873
17.199 -445.625 -73.191 -0.180 0.003 0.454 0.873
17.151 -445.593 -73.210 -0.181 0.004 0.455 0.872
17.094 -445.556 -73.232 -0.181 0.003 0.456 0.871
17.023 -445.510 -73.260 -0.181 0.003 0.456 0.871
16.937 -445.454 -73.294 -0.182 0.004 0.458 0.870
16.851 -445.398 -73.328 -0.182 0.004 0.460 0.869
16.705 -445.306 -73.385 -0.182 0.004 0.462 0.868
16.638 -445.264 -73.411 -0.183 0.004 0.464 0.867
16.539 -445.203 -73.449 -0.183 0.005 0.465 0.866
16.446 -445.145 -73.485 -0.183 0.005 0.467 0.865
16.379 -445.104 -73.511 -0.183 0.005 0.468 0.865
16.296 -445.053 -73.543 -0.184 0.004 0.469 0.864
16.205 -444.999 -73.578 -0.185 0.005 0.471 0.862
16.143 -444.962 -73.602 -0.185 0.005 0.473 0.862
16.043 -444.903 -73.640 -0.185 0.005 0.474 0.861
15.939 -444.842 -73.680 -0.185 0.005 0.476 0.860
15.836 -444.782 -73.719 -0.185 0.006 0.478 0.859
15.783 -444.752 -73.739 -0.185 0.006 0.479 0.858
15.680 -444.693 -73.778 -0.185 0.006 0.480 0.857
15.552 -444.621 -73.826 -0.185 0.007 0.482 0.856
15.470 -444.574 -73.857 -0.185 0.007 0.483 0.856
15.345 -444.505 -73.904 -0.185 0.007 0.486 0.854
15.268 -444.463 -73.932 -0.185 0.008 0.486 0.854
15.195 -444.422 -73.959 -0.185 0.008 0.487 0.853
15.103 -444.372 -73.993 -0.185 0.008 0.489 0.853
15.017 -444.326 -74.025 -0.185 0.008 0.490 0.852
14.916 -444.272 -74.062 -0.185 0.009 0.491 0.851
14.821 -444.221 -74.097 -0.185 0.009 0.491 0.851
14.746 -444.181 -74.124 -0.185 0.009 0.493 0.850
14.621 -444.115 -74.169 -0.185 0.010 0.494 0.849
14.579 -444.092 -74.184 -0.185 0.010 0.495 0.849
14.499 -444.051 -74.213 -0.185 0.010 0.495 0.849
14.417 -444.008 -74.242 -0.185 0.010 0.496 0.848
14.320 -443.958 -74.277 -0.185 0.010 0.497 0.848
14.252 -443.922 -74.302 -0.185 0.010 0.498 0.847
14.197 -443.894 -74.321 -0.185 0.010 0.498 0.847
14.102 -443.846 -74.355 -0.185 0.011 0.499 0.846
