24.699 -458.357 -70.112 0.000 0.000 0.005 1.000
24.698 -458.272 -70.112 -0.002 0.000 0.008 1.000
24.696 -458.164 -70.113 -0.004 0.000 0.012 1.000
24.693 -458.071 -70.114 -0.006 0.000 0.016 1.000
24.690 -457.979 -70.115 -0.007 0.000 0.019 1.000
24.686 -457.884 -70.116 -0.008 0.000 0.023 1.000
24.682 -457.807 -70.118 -0.010 0.000 0.025 1.000
24.675 -457.673 -70.121 -0.012 0.000 0.030 0.999
24.669 -457.573 -70.123 -0.014 0.000 0.034 0.999
24.664 -457.514 -70.125 -0.015 0.000 0.036 0.999
24.656 -457.401 -70.129 -0.018 0.000 0.040 0.999
24.649 -457.316 -70.132 -0.019 0.000 0.043 0.999
24.636 -457.176 -70.137 -0.020 0.000 0.048 0.999
24.626 -457.079 -70.141 -0.022 0.000 0.052 0.998
24.616 -456.987 -70.145 -0.023 0.000 0.055 0.998
24.602 -456.863 -70.151 -0.025 0.000 0.059 0.998
24.592 -456.784 -70.155 -0.026 0.000 0.062 0.998
24.578 -456.672 -70.161 -0.027 0.000 0.066 0.997
24.563 -456.560 -70.168 -0.029 0.000 0.070 0.997
24.545 -456.438 -70.175 -0.030 0.000 0.074 0.997
24.531 -456.351 -70.180 -0.032 0.000 0.078 0.996
24.520 -456.280 -70.185 -0.033 0.000 0.080 0.996
24.497 -456.143 -70.194 -0.035 0.000 0.084 0.996
24.470 -455.988 -70.206 -0.038 0.000 0.089 0.995
24.445 -455.855 -70.216 -0.040 0.000 0.094 0.995
24.418 -455.717 -70.228 -0.041 0.000 0.099 0.994
24.393 -455.597 -70.238 -0.043 0.000 0.103 0.994
24.377 -455.521 -70.245 -0.044 0.000 0.106 0.993
24.345 -455.379 -70.258 -0.046 0.000 0.112 0.993
24.321 -455.275 -70.268 -0.048 0.000 0.115 0.992
24.295 -455.167 -70.278 -0.049 0.000 0.119 0.992
24.260 -455.026 -70.293 -0.051 0.000 0.124 0.991
24.221 -454.876 -70.309 -0.052 0.000 0.129 0.990
24.192 -454.767 -70.320 -0.053 0.000 0.134 0.990
24.162 -454.662 -70.332 -0.054 0.000 0.137 0.989
24.127 -454.541 -70.346 -0.057 0.000 0.141 0.988
24.109 -454.479 -70.353 -0.058 0.000 0.143 0.988
24.083 -454.393 -70.364 -0.059 0.000 0.146 0.988
24.050 -454.284 -70.377 -0.061 0.000 0.150 0.987
24.023 -454.200 -70.388 -0.063 0.000 0.153 0.986
23.996 -454.115 -70.399 -0.064 0.000 0.156 0.986
23.957 -453.998 -70.415 -0.066 0.000 0.160 0.985
23.923 -453.898 -70.429 -0.067 0.000 0.164 0.984
23.899 -453.830 -70.439 -0.068 0.000 0.166 0.984
23.865 -453.732 -70.453 -0.070 0.000 0.170 0.983
23.823 -453.616 -70.470 -0.072 0.000 0.174 0.982
23.780 -453.501 -70.488 -0.075 0.000 0.179 0.981
23.751 -453.425 -70.500 -0.076 0.000 0.181 0.981
23.707 -453.313 -70.519 -0.077 0.000 0.186 0.980
23.655 -453.183 -70.540 -0.079 0.000 0.190 0.978
23.597 -453.044 -70.564 -0.081 0.000 0.196 0.977
23.562 -452.962 -70.579 -0.082 0.000 0.199 0.977
23.524 -452.875 -70.594 -0.083 0.000 0.203 0.976
23.490 -452.797 -70.608 -0.084 0.000 0.206 0.975
23.452 -452.712 -70.624 -0.086 0.000 0.209 0.974
23.396 -452.592 -70.647 -0.088 0.000 0.214 0.973
23.351 -452.496 -70.665 -0.089 0.000 0.218 0.972
23.311 -452.413 -70.681 -0.090 0.000 0.221 0.971
23.269 -452.327 -70.698 -0.091 0.000 0.224 0.970
23.214 -452.215 -70.721 -0.093 0.000 0.228 0.969
23.165 -452.120 -70.741 -0.094 0.000 0.232 0.968
23.115 -452.023 -70.761 -0.095 0.000 0.236 0.967
23.065 -451.928 -70.781 -0.097 0.000 0.239 0.966
23.039 -451.879 -70.792 -0.097 0.000 0.241 0.966
22.994 -451.797 -70.810 -0.098 0.000 0.243 0.965
22.950 -451.715 -70.828 -0.099 0.001 0.245 0.964
22.892 -451.613 -70.850 -0.100 0.001 0.249 0.963
22.835 -451.511 -70.873 -0.101 0.001 0.253 0.962
22.777 -451.411 -70.896 -0.102 0.001 0.257 0.961
22.720 -451.314 -70.919 -0.103 0.001 0.260 0.960
22.674 -451.238 -70.937 -0.105 0.001 0.263 0.959
22.634 -451.172 -70.953 -0.106 0.001 0.265 0.958
22.590 -451.100 -70.970 -0.107 0.001 0.268 0.958
22.532 -451.006 -70.993 -0.108 0.001 0.271 0.956
22.476 -450.916 -71.016 -0.110 0.001 0.275 0.955
22.449 -450.875 -71.027 -0.110 0.001 0.276 0.955
22.411 -450.815 -71.042 -0.111 0.001 0.278 0.954
22.356 -450.731 -71.064 -0.112 0.001 0.281 0.953
22.302 -450.650 -71.085 -0.113 0.001 0.283 0.952
22.239 -450.554 -71.110 -0.114 0.001 0.286 0.951
22.210 -450.512 -71.122 -0.115 0.001 0.288 0.951
22.159 -450.438 -71.142 -0.116 0.001 0.291 0.950
22.118 -450.378 -71.158 -0.117 0.001 0.293 0.949
22.065 -450.302 -71.179 -0.118 0.001 0.295 0.948
22.012 -450.228 -71.200 -0.119 0.001 0.298 0.947
21.968 -450.165 -71.218 -0.120 0.001 0.300 0.946
21.914 -450.091 -71.240 -0.121 0.001 0.303 0.945
21.853 -450.008 -71.264 -0.123 0.000 0.306 0.944
21.794 -449.928 -71.287 -0.123 0.001 0.309 0.943
21.724 -449.835 -71.315 -0.124 0.001 0.312 0.942
21.647 -449.735 -71.346 -0.126 0.000 0.316 0.940
21.592 -449.664 -71.368 -0.127 0.001 0.318 0.940
21.525 -449.579 -71.395 -0.128 0.001 0.321 0.938
21.464 -449.502 -71.419 -0.129 0.001 0.324 0.937
21.408 -449.434 -71.441 -0.130 0.001 0.326 0.937
21.355 -449.368 -71.462 -0.131 0.000 0.328 0.936
21.309 -449.312 -71.481 -0.132 0.000 0.330 0.935
21.221 -449.206 -71.516 -0.134 0.000 0.332 0.934
21.148 -449.119 -71.545 -0.135 0.000 0.335 0.932
21.085 -449.044 -71.571 -0.136 0.000 0.337 0.931
21.014 -448.963 -71.599 -0.138 0.000 0.340 0.930
20.968 -448.909 -71.618 -0.139 0.000 0.342 0.929
20.896 -448.828 -71.647 -0.139 0.000 0.345 0.928
20.814 -448.736 -71.680 -0.141 0.000 0.349 0.927
20.748 -448.663 -71.707 -0.142 0.000 0.351 0.926
20.678 -448.587 -71.735 -0.143 0.000 0.354 0.924
20.623 -448.527 -71.757 -0.144 0.000 0.356 0.923
20.565 -448.466 -71.781 -0.145 0.000 0.358 0.922
20.460 -448.355 -71.823 -0.146 0.000 0.362 0.921
20.396 -448.289 -71.849 -0.147 0.000 0.364 0.920
20.323 -448.214 -71.879 -0.148 0.000 0.367 0.918
20.250 -448.140 -71.908 -0.149 0.000 0.370 0.917
20.173 -448.063 -71.939 -0.150 0.000 0.373 0.916
20.102 -447.993 -71.968 -0.151 0.000 0.375 0.915
20.000 -447.894 -72.009 -0.153 0.000 0.379 0.913
19.907 -447.805 -72.046 -0.154 0.000 0.382 0.911
19.834 -447.736 -72.075 -0.155 0.000 0.384 0.910
19.779 -447.685 -72.098 -0.156 0.000 0.386 0.909
19.695 -447.607 -72.132 -0.157 0.000 0.389 0.908
19.616 -447.536 -72.164 -0.158 0.000 0.391 0.907
19.554 -447.480 -72.189 -0.158 0.000 0.393 0.906
19.498 -447.430 -72.211 -0.159 0.000 0.394 0.905
19.434 -447.372 -72.237 -0.160 0.000 0.397 0.904
19.382 -447.327 -72.258 -0.160 0.000 0.398 0.903
19.308 -447.263 -72.288 -0.161 0.000 0.401 0.902
19.221 -447.187 -72.323 -0.162 0.000 0.403 0.901
19.151 -447.128 -72.351 -0.163 0.000 0.405 0.900
19.068 -447.057 -72.385 -0.164 0.000 0.407 0.898
18.984 -446.987 -72.419 -0.165 0.000 0.409 0.897
18.917 -446.933 -72.445 -0.166 0.000 0.412 0.896
18.838 -446.868 -72.477 -0.166 0.000 0.414 0.895
18.733 -446.784 -72.519 -0.167 0.001 0.417 0.893
18.647 -446.715 -72.553 -0.168 0.001 0.420 0.892
18.547 -446.637 -72.593 -0.169 0.001 0.423 0.890
18.481 -446.585 -72.619 -0.169 0.001 0.424 0.890
18.402 -446.524 -72.651 -0.170 0.001 0.426 0.888
18.342 -446.479 -72.675 -0.171 0.001 0.428 0.887
18.284 -446.435 -72.698 -0.171 0.001 0.430 0.887
18.193 -446.367 -72.734 -0.172 0.001 0.432 0.885
18.102 -446.301 -72.770 -0.173 0.001 0.434 0.884
18.016 -446.238 -72.804 -0.174 0.001 0.436 0.883
17.944 -446.186 -72.832 -0.174 0.001 0.439 0.882
17.871 -446.134 -72.861 -0.175 0.002 0.441 0.880
17.798 -446.082 -72.890 -0.175 0.002 0.444 0.879
17.766 -446.060 -72.903 -0.176 0.002 0.445 0.878
17.701 -446.016 -72.928 -0.176 0.002 0.446 0.877
17.591 -445.940 -72.971 -0.176 0.002 0.449 0.876
17.510 -445.886 -73.003 -0.177 0.003 0.451 0.875
17.418 -445.824 -73.038 -0.177 0.003 0.454 0.873
17.390 -445.805 -73.049 -0.177 0.003 0.454 0.873
17.277 -445.731 -73.093 -0.177 0.003 0.456 0.872
17.216 -445.692 -73.116 -0.178 0.003 0.457 0.871
17.173 -445.663 -73.133 -0.178 0.003 0.458 0.871
17.080 -445.604 -73.168 -0.178 0.004 0.460 0.870
17.014 -445.561 -73.194 -0.178 0.004 0.462 0.869
16.954 -445.524 -73.216 -0.179 0.004 0.463 0.868
16.864 -445.467 -73.251 -0.179 0.004 0.465 0.867
16.789 -445.421 -73.279 -0.180 0.004 0.466 0.866
16.680 -445.354 -73.321 -0.181 0.004 0.468 0.865
16.606 -445.309 -73.349 -0.181 0.004 0.470 0.864
16.533 -445.264 -73.377 -0.181 0.004 0.471 0.863
16.463 -445.223 -73.403 -0.181 0.004 0.472 0.863
16.386 -445.177 -73.432 -0.182 0.005 0.474 0.861
16.263 -445.104 -73.479 -0.183 0.005 0.477 0.860
16.156 -445.042 -73.519 -0.184 0.004 0.479 0.858
16.068 -444.992 -73.552 -0.184 0.004 0.480 0.858
15.965 -444.933 -73.591 -0.185 0.004 0.482 0.857
15.869 -444.880 -73.627 -0.185 0.005 0.483 0.856
15.781 -444.831 -73.661 -0.185 0.005 0.484 0.855
15.716 -444.794 -73.685 -0.185 0.005 0.485 0.855
15.620 -444.742 -73.721 -0.186 0.005 0.487 0.853
15.547 -444.702 -73.748 -0.186 0.005 0.488 0.853
15.450 -444.649 -73.784 -0.186 0.006 0.491 0.851
15.359 -444.601 -73.818 -0.187 0.005 0.492 0.850
15.311 -444.576 -73.836 -0.187 0.005 0.492 0.850
15.228 -444.531 -73.867 -0.188 0.005 0.493 0.850
15.171 -444.501 -73.889 -0.188 0.005 0.494 0.849
15.102 -444.465 -73.914 -0.187 0.006 0.494 0.849
15.027 -444.426 -73.942 -0.187 0.006 0.495 0.848
14.970 -444.396 -73.963 -0.187 0.006 0.496 0.848
14.864 -444.342 -74.002 -0.187 0.007 0.498 0.847
14.747 -444.282 -74.045 -0.188 0.006 0.499 0.846
14.637 -444.226 -74.085 -0.188 0.007 0.500 0.846
14.545 -444.179 -74.119 -0.188 0.007 0.500 0.845
14.444 -444.128 -74.156 -0.188 0.007 0.500 0.845
14.343 -444.077 -74.193 -0.187 0.008 0.502 0.845
14.262 -444.036 -74.222 -0.187 0.008 0.502 0.844
14.176 -443.993 -74.253 -0.187 0.008 0.503 0.844
14.103 -443.957 -74.279 -0.187 0.008 0.504 0.843
