26.391 -423.609 -82.405 -0.026 0.000 0.050 0.998
26.384 -423.542 -82.408 -0.026 0.000 0.052 0.998
26.372 -423.429 -82.414 -0.027 0.000 0.057 0.998
26.357 -423.308 -82.421 -0.028 0.000 0.061 0.998
26.348 -423.234 -82.425 -0.029 0.000 0.064 0.998
26.330 -423.098 -82.433 -0.030 0.000 0.068 0.997
26.320 -423.024 -82.438 -0.031 0.000 0.071 0.997
26.308 -422.945 -82.443 -0.033 0.000 0.073 0.997
26.291 -422.833 -82.450 -0.034 0.000 0.076 0.997
26.272 -422.712 -82.459 -0.036 0.000 0.079 0.996
26.263 -422.655 -82.463 -0.037 0.000 0.081 0.996
26.248 -422.562 -82.470 -0.038 0.000 0.084 0.996
26.224 -422.428 -82.480 -0.040 0.000 0.088 0.995
26.200 -422.295 -82.491 -0.042 0.000 0.092 0.995
26.177 -422.174 -82.502 -0.043 0.000 0.096 0.994
26.150 -422.043 -82.514 -0.046 0.000 0.101 0.994
26.137 -421.981 -82.520 -0.047 0.000 0.102 0.994
26.120 -421.900 -82.528 -0.048 0.000 0.105 0.993
26.105 -421.828 -82.535 -0.049 0.000 0.107 0.993
26.077 -421.702 -82.547 -0.051 0.000 0.111 0.993
26.052 -421.597 -82.559 -0.052 0.000 0.115 0.992
26.023 -421.476 -82.572 -0.053 0.000 0.119 0.991
26.008 -421.414 -82.578 -0.054 0.000 0.121 0.991
25.982 -421.310 -82.590 -0.056 0.000 0.124 0.991
25.951 -421.193 -82.604 -0.058 0.000 0.128 0.990
25.923 -421.085 -82.617 -0.058 0.000 0.131 0.990
25.885 -420.947 -82.634 -0.059 0.000 0.136 0.989
25.865 -420.878 -82.642 -0.060 0.000 0.138 0.989
25.835 -420.774 -82.655 -0.062 0.000 0.142 0.988
25.801 -420.662 -82.670 -0.063 0.001 0.145 0.987
25.767 -420.549 -82.685 -0.063 0.001 0.148 0.987
25.742 -420.468 -82.695 -0.065 0.000 0.150 0.986
25.725 -420.415 -82.703 -0.065 0.001 0.152 0.986
25.699 -420.334 -82.714 -0.066 0.001 0.154 0.986
25.665 -420.230 -82.728 -0.067 0.001 0.157 0.985
25.616 -420.082 -82.749 -0.069 0.001 0.160 0.985
25.587 -419.996 -82.762 -0.070 0.001 0.162 0.984
25.560 -419.917 -82.773 -0.070 0.001 0.164 0.984
25.534 -419.842 -82.785 -0.071 0.001 0.167 0.983
25.497 -419.740 -82.800 -0.072 0.001 0.170 0.983
25.459 -419.635 -82.816 -0.073 0.001 0.173 0.982
25.398 -419.468 -82.842 -0.074 0.001 0.177 0.981
25.363 -419.376 -82.856 -0.075 0.001 0.179 0.981
25.324 -419.276 -82.872 -0.076 0.001 0.182 0.980
25.297 -419.205 -82.884 -0.077 0.001 0.184 0.980
25.252 -419.092 -82.903 -0.078 0.001 0.186 0.979
25.228 -419.031 -82.913 -0.079 0.001 0.188 0.979
25.205 -418.975 -82.922 -0.080 0.001 0.189 0.979
25.182 -418.919 -82.932 -0.080 0.001 0.191 0.978
25.147 -418.833 -82.947 -0.081 0.001 0.193 0.978
25.118 -418.765 -82.958 -0.082 0.001 0.195 0.977
25.065 -418.638 -82.981 -0.083 0.001 0.199 0.977
25.014 -418.523 -83.002 -0.085 0.001 0.202 0.976
24.969 -418.421 -83.021 -0.086 0.001 0.206 0.975
24.918 -418.307 -83.042 -0.088 0.001 0.210 0.974
24.875 -418.214 -83.060 -0.089 0.001 0.214 0.973
24.838 -418.135 -83.075 -0.090 0.001 0.216 0.972
24.783 -418.020 -83.098 -0.091 0.001 0.220 0.971
24.740 -417.931 -83.116 -0.092 0.001 0.224 0.970
24.696 -417.842 -83.134 -0.094 0.001 0.227 0.969
24.639 -417.731 -83.157 -0.096 0.001 0.231 0.968
24.594 -417.643 -83.176 -0.097 0.001 0.234 0.967
24.563 -417.584 -83.189 -0.097 0.001 0.236 0.967
24.525 -417.512 -83.205 -0.099 0.001 0.238 0.966
24.488 -417.443 -83.220 -0.100 0.001 0.241 0.965
24.427 -417.331 -83.245 -0.102 0.001 0.245 0.964
24.368 -417.225 -83.270 -0.104 0.001 0.250 0.963
24.332 -417.161 -83.285 -0.105 0.001 0.252 0.962
24.278 -417.069 -83.307 -0.107 0.001 0.255 0.961
24.228 -416.982 -83.329 -0.109 0.001 0.259 0.960
24.182 -416.905 -83.348 -0.110 0.001 0.262 0.959
24.127 -416.814 -83.371 -0.111 0.001 0.266 0.958
24.086 -416.748 -83.388 -0.112 0.001 0.268 0.957
24.040 -416.673 -83.407 -0.113 0.001 0.270 0.956
23.982 -416.581 -83.431 -0.115 0.001 0.273 0.955
23.934 -416.506 -83.452 -0.116 0.001 0.276 0.954
23.878 -416.419 -83.475 -0.117 0.001 0.279 0.953
23.818 -416.328 -83.500 -0.119 0.001 0.282 0.952
23.772 -416.259 -83.520 -0.120 0.001 0.285 0.951
23.712 -416.170 -83.545 -0.122 0.001 0.289 0.949
23.626 -416.046 -83.581 -0.125 0.000 0.294 0.948
23.574 -415.973 -83.603 -0.127 0.000 0.297 0.946
23.492 -415.858 -83.638 -0.129 0.000 0.302 0.944
23.425 -415.767 -83.667 -0.130 0.000 0.306 0.943
23.362 -415.682 -83.694 -0.132 0.000 0.310 0.941
23.287 -415.584 -83.726 -0.135 0.000 0.314 0.940
23.221 -415.500 -83.754 -0.137 0.000 0.318 0.938
23.146 -415.404 -83.786 -0.137 0.000 0.322 0.937
23.066 -415.306 -83.820 -0.140 0.000 0.327 0.935
22.998 -415.224 -83.849 -0.141 0.000 0.331 0.933
22.924 -415.136 -83.881 -0.143 0.000 0.335 0.931
22.857 -415.057 -83.910 -0.145 0.000 0.339 0.929
22.782 -414.972 -83.942 -0.146 0.000 0.344 0.928
22.727 -414.910 -83.965 -0.147 0.000 0.347 0.926
22.633 -414.806 -84.005 -0.149 0.000 0.352 0.924
22.603 -414.774 -84.017 -0.150 0.000 0.353 0.923
22.544 -414.711 -84.042 -0.151 0.000 0.356 0.922
22.462 -414.624 -84.077 -0.153 0.000 0.361 0.920
22.420 -414.581 -84.095 -0.154 0.000 0.363 0.919
22.354 -414.513 -84.123 -0.155 0.000 0.366 0.918
22.303 -414.461 -84.144 -0.157 0.000 0.369 0.916
22.239 -414.397 -84.172 -0.159 0.000 0.372 0.915
22.159 -414.319 -84.206 -0.160 0.000 0.376 0.913
22.088 -414.251 -84.236 -0.161 0.000 0.380 0.911
22.004 -414.172 -84.271 -0.163 0.000 0.384 0.909
21.938 -414.110 -84.300 -0.164 0.000 0.387 0.907
21.852 -414.032 -84.336 -0.166 0.001 0.391 0.905
21.787 -413.974 -84.364 -0.167 0.000 0.394 0.904
21.697 -413.895 -84.402 -0.169 0.000 0.398 0.902
21.635 -413.842 -84.428 -0.171 0.000 0.401 0.900
21.547 -413.767 -84.465 -0.172 0.000 0.405 0.898
21.461 -413.695 -84.502 -0.174 0.000 0.409 0.896
21.347 -413.602 -84.551 -0.177 0.000 0.414 0.893
21.252 -413.527 -84.591 -0.179 0.000 0.419 0.890
21.202 -413.487 -84.612 -0.180 0.000 0.421 0.889
21.103 -413.411 -84.655 -0.182 0.000 0.426 0.886
21.010 -413.342 -84.694 -0.183 0.000 0.430 0.884
20.932 -413.285 -84.728 -0.185 0.000 0.434 0.882
20.853 -413.229 -84.761 -0.186 0.000 0.437 0.880
20.792 -413.185 -84.787 -0.186 0.000 0.439 0.879
20.707 -413.126 -84.823 -0.187 0.001 0.443 0.877
20.642 -413.081 -84.850 -0.189 0.001 0.446 0.875
20.543 -413.015 -84.892 -0.191 0.001 0.450 0.873
20.464 -412.963 -84.925 -0.192 0.001 0.453 0.871
20.390 -412.915 -84.957 -0.193 0.001 0.456 0.869
20.336 -412.881 -84.979 -0.194 0.001 0.458 0.867
20.255 -412.829 -85.014 -0.196 0.001 0.461 0.865
20.211 -412.802 -85.032 -0.197 0.000 0.463 0.864
20.111 -412.741 -85.075 -0.198 0.000 0.467 0.862
20.021 -412.688 -85.113 -0.200 0.000 0.471 0.859
19.966 -412.656 -85.136 -0.201 0.000 0.473 0.858
19.897 -412.616 -85.166 -0.202 0.000 0.475 0.856
19.801 -412.561 -85.206 -0.204 0.000 0.478 0.854
19.734 -412.524 -85.235 -0.204 0.000 0.481 0.853
19.635 -412.470 -85.277 -0.205 0.001 0.484 0.851
19.546 -412.422 -85.314 -0.206 0.001 0.486 0.849
19.452 -412.372 -85.354 -0.207 0.001 0.490 0.847
19.390 -412.339 -85.380 -0.208 0.001 0.492 0.846
19.328 -412.308 -85.406 -0.208 0.001 0.494 0.844
19.257 -412.272 -85.436 -0.210 0.001 0.496 0.842
19.173 -412.230 -85.471 -0.211 0.001 0.499 0.840
19.072 -412.181 -85.514 -0.213 0.001 0.503 0.838
18.978 -412.136 -85.554 -0.213 0.001 0.506 0.836
18.881 -412.092 -85.595 -0.215 0.001 0.508 0.834
18.793 -412.051 -85.632 -0.216 0.001 0.510 0.833
18.723 -412.020 -85.661 -0.217 0.001 0.512 0.831
18.593 -411.963 -85.716 -0.219 0.000 0.516 0.828
18.522 -411.932 -85.746 -0.220 0.001 0.518 0.826
18.437 -411.896 -85.782 -0.221 0.001 0.521 0.824
18.349 -411.860 -85.819 -0.222 0.001 0.524 0.822
18.258 -411.823 -85.858 -0.223 0.001 0.527 0.820
18.163 -411.786 -85.898 -0.224 0.001 0.530 0.818
18.072 -411.751 -85.936 -0.225 0.001 0.533 0.816
18.024 -411.733 -85.957 -0.226 0.001 0.534 0.815
17.986 -411.718 -85.973 -0.226 0.001 0.535 0.814
17.912 -411.691 -86.004 -0.227 0.001 0.537 0.812
17.826 -411.660 -86.040 -0.228 0.001 0.539 0.811
17.714 -411.621 -86.087 -0.229 0.001 0.543 0.807
17.598 -411.581 -86.136 -0.230 0.001 0.546 0.805
17.521 -411.555 -86.168 -0.232 0.001 0.549 0.803
17.424 -411.524 -86.209 -0.232 0.001 0.552 0.801
17.279 -411.478 -86.270 -0.235 0.001 0.556 0.797
17.158 -411.442 -86.321 -0.236 0.001 0.560 0.794
17.110 -411.428 -86.341 -0.237 0.001 0.561 0.793
16.962 -411.386 -86.403 -0.239 0.001 0.566 0.789
16.883 -411.364 -86.436 -0.240 0.001 0.568 0.787
16.792 -411.340 -86.475 -0.242 0.001 0.571 0.785
16.712 -411.320 -86.509 -0.243 0.001 0.574 0.782
16.633 -411.300 -86.542 -0.243 0.001 0.576 0.780
16.560 -411.283 -86.572 -0.244 0.001 0.578 0.778
16.489 -411.267 -86.603 -0.245 0.001 0.581 0.777
16.324 -411.230 -86.672 -0.247 0.001 0.585 0.773
16.237 -411.212 -86.708 -0.248 0.001 0.587 0.771
16.150 -411.195 -86.745 -0.249 0.001 0.590 0.768
16.079 -411.181 -86.775 -0.250 0.001 0.592 0.767
15.975 -411.161 -86.818 -0.251 0.001 0.595 0.764
15.862 -411.141 -86.866 -0.253 0.001 0.598 0.761
15.771 -411.126 -86.904 -0.254 0.001 0.601 0.758
15.659 -411.108 -86.952 -0.255 0.001 0.604 0.755
15.553 -411.092 -86.997 -0.257 0.000 0.607 0.752
15.444 -411.078 -87.042 -0.259 0.000 0.610 0.749
15.345 -411.065 -87.085 -0.260 0.000 0.613 0.746
15.269 -411.056 -87.117 -0.261 0.000 0.615 0.744
15.131 -411.040 -87.176 -0.263 0.000 0.619 0.740
15.004 -411.028 -87.229 -0.264 0.000 0.622 0.737
14.876 -411.017 -87.283 -0.265 0.000 0.626 0.733
14.774 -411.009 -87.327 -0.266 0.001 0.629 0.731
14.646 -411.000 -87.381 -0.267 0.001 0.633 0.727
14.537 -410.993 -87.426 -0.268 0.002 0.636 0.724
14.465 -410.990 -87.456 -0.269 0.002 0.637 0.722
14.410 -410.988 -87.480 -0.269 0.002 0.639 0.721
14.281 -410.983 -87.533 -0.271 0.002 0.643 0.717
14.201 -410.981 -87.567 -0.272 0.002 0.645 0.714
14.034 -410.978 -87.636 -0.273 0.002 0.649 0.710
13.955 -410.978 -87.669 -0.273 0.002 0.651 0.708
13.880 -410.978 -87.701 -0.274 0.002 0.653 0.706
13.795 -410.979 -87.736 -0.275 0.002 0.655 0.704
13.674 -410.980 -87.787 -0.277 0.002 0.657 0.701
13.589 -410.983 -87.822 -0.278 0.002 0.659 0.699
13.458 -410.986 -87.877 -0.278 0.002 0.661 0.696
13.357 -410.990 -87.919 -0.278 0.003 0.664 0.694
13.261 -410.994 -87.959 -0.278 0.003 0.665 0.693
13.116 -411.000 -88.018 -0.279 0.004 0.667 0.691
13.041 -411.004 -88.050 -0.279 0.004 0.668 0.690
12.950 -411.009 -88.086 -0.280 0.004 0.670 0.688
12.868 -411.015 -88.120 -0.280 0.004 0.671 0.686
12.754 -411.022 -88.167 -0.281 0.004 0.673 0.684
12.598 -411.034 -88.231 -0.281 0.005 0.676 0.681
12.522 -411.040 -88.262 -0.282 0.005 0.677 0.680
12.445 -411.046 -88.293 -0.282 0.005 0.678 0.678
12.323 -411.057 -88.343 -0.283 0.005 0.680 0.677
12.160 -411.072 -88.409 -0.284 0.005 0.682 0.674
12.049 -411.083 -88.454 -0.284 0.005 0.683 0.673
11.956 -411.093 -88.492 -0.285 0.005 0.684 0.672
11.875 -411.101 -88.526 -0.285 0.005 0.685 0.670
11.765 -411.114 -88.570 -0.286 0.004 0.687 0.669
11.695 -411.122 -88.599 -0.286 0.005 0.688 0.667
11.621 -411.131 -88.629 -0.286 0.005 0.689 0.666
11.556 -411.139 -88.655 -0.286 0.005 0.689 0.665
11.476 -411.149 -88.688 -0.287 0.005 0.690 0.664
