24.700 -458.391 -70.112 -0.002 0.000 0.004 1.000
24.698 -458.287 -70.113 -0.003 0.000 0.008 1.000
24.696 -458.168 -70.113 -0.005 0.000 0.012 1.000
24.692 -458.038 -70.115 -0.006 0.000 0.016 1.000
24.687 -457.910 -70.117 -0.008 0.000 0.021 1.000
24.682 -457.798 -70.119 -0.010 0.000 0.025 1.000
24.676 -457.682 -70.121 -0.012 0.000 0.030 0.999
24.667 -457.548 -70.125 -0.014 0.000 0.035 0.999
24.657 -457.415 -70.128 -0.015 0.000 0.039 0.999
24.652 -457.349 -70.131 -0.016 0.000 0.042 0.999
24.642 -457.239 -70.134 -0.017 0.000 0.046 0.999
24.633 -457.145 -70.138 -0.019 0.000 0.049 0.999
24.621 -457.033 -70.142 -0.021 0.000 0.053 0.998
24.607 -456.906 -70.148 -0.023 0.000 0.058 0.998
24.595 -456.806 -70.153 -0.025 0.000 0.062 0.998
24.579 -456.679 -70.159 -0.027 0.000 0.066 0.997
24.570 -456.615 -70.163 -0.028 0.000 0.068 0.997
24.553 -456.496 -70.170 -0.030 0.000 0.073 0.997
24.531 -456.349 -70.179 -0.032 0.000 0.078 0.996
24.515 -456.248 -70.186 -0.034 0.000 0.082 0.996
24.497 -456.146 -70.193 -0.036 0.000 0.085 0.996
24.472 -456.005 -70.204 -0.037 0.000 0.090 0.995
24.449 -455.882 -70.213 -0.039 0.000 0.094 0.995
24.432 -455.794 -70.220 -0.040 0.000 0.097 0.994
24.415 -455.707 -70.227 -0.042 0.000 0.100 0.994
24.404 -455.653 -70.232 -0.043 0.000 0.102 0.994
24.387 -455.576 -70.239 -0.044 0.000 0.105 0.993
24.365 -455.475 -70.248 -0.044 0.000 0.109 0.993
24.346 -455.391 -70.256 -0.045 0.000 0.112 0.993
24.324 -455.294 -70.265 -0.047 0.000 0.116 0.992
24.296 -455.179 -70.276 -0.048 0.000 0.120 0.992
24.264 -455.052 -70.289 -0.050 0.000 0.124 0.991
24.238 -454.952 -70.300 -0.051 0.000 0.127 0.991
24.214 -454.862 -70.309 -0.053 0.000 0.130 0.990
24.182 -454.745 -70.322 -0.054 0.000 0.135 0.989
24.161 -454.669 -70.331 -0.055 0.000 0.137 0.989
24.111 -454.496 -70.351 -0.059 0.000 0.143 0.988
24.069 -454.359 -70.368 -0.061 0.000 0.147 0.987
24.037 -454.255 -70.382 -0.063 0.000 0.150 0.987
24.009 -454.166 -70.394 -0.064 0.000 0.154 0.986
23.960 -454.018 -70.414 -0.067 0.000 0.160 0.985
23.936 -453.946 -70.424 -0.068 0.000 0.162 0.984
23.904 -453.853 -70.437 -0.069 0.000 0.166 0.984
23.884 -453.796 -70.446 -0.070 0.000 0.168 0.983
23.845 -453.689 -70.462 -0.073 0.000 0.172 0.982
23.814 -453.603 -70.475 -0.074 0.000 0.175 0.982
23.791 -453.543 -70.485 -0.076 0.000 0.177 0.981
23.741 -453.411 -70.506 -0.077 0.000 0.182 0.980
23.695 -453.294 -70.526 -0.080 -0.001 0.186 0.979
23.679 -453.255 -70.533 -0.080 0.000 0.188 0.979
23.647 -453.176 -70.546 -0.081 0.000 0.191 0.978
23.606 -453.076 -70.564 -0.083 -0.001 0.194 0.977
23.552 -452.947 -70.587 -0.085 -0.001 0.199 0.976
23.527 -452.889 -70.598 -0.085 0.000 0.201 0.976
23.489 -452.804 -70.614 -0.087 0.000 0.204 0.975
23.453 -452.721 -70.629 -0.087 0.000 0.207 0.974
23.410 -452.628 -70.647 -0.088 0.000 0.211 0.973
23.377 -452.556 -70.661 -0.089 0.000 0.213 0.973
23.318 -452.431 -70.686 -0.091 0.000 0.218 0.972
23.271 -452.334 -70.705 -0.093 0.000 0.221 0.971
23.235 -452.260 -70.721 -0.094 0.000 0.224 0.970
23.191 -452.171 -70.739 -0.096 0.000 0.226 0.969
23.141 -452.072 -70.760 -0.096 0.000 0.230 0.968
23.087 -451.967 -70.783 -0.098 0.000 0.233 0.968
23.048 -451.892 -70.799 -0.099 0.000 0.236 0.967
23.000 -451.800 -70.819 -0.100 0.000 0.238 0.966
22.942 -451.692 -70.844 -0.101 0.000 0.241 0.965
22.905 -451.624 -70.859 -0.102 0.000 0.243 0.965
22.865 -451.551 -70.876 -0.103 0.000 0.246 0.964
22.817 -451.466 -70.896 -0.105 0.000 0.249 0.963
22.787 -451.412 -70.909 -0.106 0.000 0.251 0.962
22.735 -451.322 -70.930 -0.107 0.000 0.254 0.961
22.663 -451.198 -70.961 -0.109 0.000 0.259 0.960
22.605 -451.100 -70.985 -0.110 0.000 0.263 0.959
22.558 -451.023 -71.005 -0.111 0.000 0.266 0.958
22.499 -450.927 -71.029 -0.113 0.000 0.269 0.956
22.438 -450.830 -71.055 -0.114 0.000 0.273 0.955
22.376 -450.732 -71.081 -0.116 0.000 0.277 0.954
22.324 -450.652 -71.103 -0.117 0.000 0.280 0.953
22.284 -450.592 -71.119 -0.118 0.000 0.282 0.952
22.234 -450.516 -71.140 -0.119 0.000 0.286 0.951
22.162 -450.410 -71.170 -0.120 0.000 0.290 0.949
22.102 -450.324 -71.195 -0.122 0.000 0.294 0.948
22.021 -450.209 -71.228 -0.124 0.000 0.297 0.947
21.971 -450.139 -71.249 -0.125 0.000 0.300 0.946
21.908 -450.053 -71.275 -0.126 0.000 0.304 0.944
21.850 -449.973 -71.300 -0.128 0.000 0.306 0.943
21.792 -449.896 -71.324 -0.128 0.000 0.309 0.942
21.727 -449.809 -71.351 -0.129 0.000 0.311 0.942
21.672 -449.737 -71.373 -0.130 0.000 0.314 0.941
21.608 -449.654 -71.400 -0.130 0.000 0.316 0.940
21.551 -449.581 -71.423 -0.132 0.000 0.319 0.939
21.494 -449.508 -71.447 -0.133 0.000 0.321 0.938
21.434 -449.433 -71.472 -0.134 0.000 0.324 0.937
21.356 -449.337 -71.504 -0.135 0.000 0.327 0.935
21.297 -449.265 -71.529 -0.136 0.000 0.329 0.934
21.252 -449.211 -71.547 -0.137 0.000 0.331 0.934
21.200 -449.149 -71.568 -0.138 0.000 0.334 0.933
21.126 -449.062 -71.599 -0.139 0.000 0.337 0.931
21.050 -448.972 -71.631 -0.142 0.000 0.340 0.930
20.953 -448.862 -71.671 -0.143 0.000 0.344 0.928
20.875 -448.775 -71.703 -0.144 0.000 0.347 0.927
20.781 -448.671 -71.742 -0.146 0.000 0.351 0.925
20.707 -448.591 -71.773 -0.146 0.001 0.355 0.923
20.651 -448.531 -71.796 -0.147 0.001 0.357 0.922
20.588 -448.463 -71.822 -0.148 0.001 0.359 0.921
20.543 -448.417 -71.840 -0.148 0.001 0.361 0.921
20.480 -448.351 -71.866 -0.149 0.001 0.364 0.920
20.426 -448.295 -71.888 -0.150 0.001 0.365 0.919
20.359 -448.227 -71.915 -0.150 0.001 0.367 0.918
20.285 -448.152 -71.946 -0.152 0.001 0.370 0.916
20.232 -448.100 -71.967 -0.152 0.001 0.372 0.915
20.159 -448.028 -71.997 -0.153 0.001 0.375 0.914
20.100 -447.971 -72.021 -0.154 0.001 0.378 0.913
20.054 -447.926 -72.040 -0.155 0.001 0.379 0.912
19.962 -447.838 -72.077 -0.156 0.001 0.382 0.911
19.893 -447.773 -72.105 -0.157 0.001 0.385 0.910
19.777 -447.666 -72.152 -0.158 0.001 0.389 0.908
19.660 -447.560 -72.199 -0.159 0.002 0.393 0.906
19.593 -447.500 -72.226 -0.160 0.002 0.394 0.905
19.503 -447.420 -72.262 -0.161 0.001 0.397 0.904
19.417 -447.345 -72.297 -0.162 0.002 0.400 0.902
19.305 -447.248 -72.342 -0.163 0.002 0.403 0.901
19.241 -447.193 -72.368 -0.163 0.002 0.405 0.899
19.127 -447.098 -72.413 -0.165 0.002 0.410 0.897
19.059 -447.042 -72.440 -0.166 0.002 0.411 0.896
18.960 -446.961 -72.480 -0.167 0.002 0.415 0.895
18.884 -446.900 -72.511 -0.168 0.002 0.417 0.894
18.811 -446.842 -72.540 -0.169 0.002 0.419 0.892
18.731 -446.779 -72.572 -0.170 0.002 0.421 0.891
18.664 -446.727 -72.598 -0.171 0.002 0.423 0.890
18.575 -446.659 -72.634 -0.171 0.002 0.426 0.889
18.500 -446.601 -72.664 -0.171 0.003 0.428 0.887
18.415 -446.537 -72.698 -0.172 0.003 0.431 0.886
18.325 -446.471 -72.733 -0.173 0.003 0.434 0.884
18.276 -446.435 -72.753 -0.174 0.003 0.435 0.883
18.225 -446.398 -72.773 -0.174 0.003 0.437 0.883
18.160 -446.352 -72.798 -0.175 0.003 0.438 0.882
18.082 -446.296 -72.829 -0.176 0.003 0.440 0.881
18.019 -446.251 -72.854 -0.176 0.003 0.441 0.880
17.946 -446.200 -72.883 -0.177 0.003 0.443 0.879
17.881 -446.155 -72.909 -0.177 0.003 0.445 0.878
17.752 -446.067 -72.959 -0.178 0.003 0.449 0.876
17.623 -445.980 -73.010 -0.179 0.003 0.452 0.874
17.540 -445.925 -73.042 -0.180 0.003 0.454 0.873
17.433 -445.855 -73.084 -0.180 0.004 0.457 0.871
17.372 -445.816 -73.108 -0.181 0.004 0.458 0.871
17.290 -445.763 -73.140 -0.181 0.004 0.460 0.869
17.218 -445.717 -73.168 -0.182 0.004 0.462 0.868
17.124 -445.658 -73.204 -0.182 0.004 0.465 0.867
17.027 -445.598 -73.242 -0.182 0.004 0.466 0.866
16.908 -445.525 -73.287 -0.183 0.005 0.468 0.864
16.814 -445.468 -73.324 -0.184 0.005 0.470 0.863
16.725 -445.415 -73.358 -0.184 0.005 0.472 0.862
16.649 -445.370 -73.387 -0.185 0.005 0.474 0.861
16.597 -445.339 -73.407 -0.185 0.005 0.474 0.861
16.530 -445.300 -73.433 -0.186 0.005 0.476 0.860
16.438 -445.246 -73.468 -0.186 0.005 0.478 0.859
16.347 -445.194 -73.503 -0.186 0.005 0.480 0.857
16.273 -445.152 -73.531 -0.187 0.005 0.482 0.856
16.197 -445.109 -73.560 -0.187 0.005 0.483 0.856
16.141 -445.078 -73.581 -0.187 0.006 0.484 0.855
16.020 -445.011 -73.627 -0.189 0.005 0.486 0.853
15.922 -444.958 -73.664 -0.189 0.006 0.488 0.852
15.826 -444.906 -73.701 -0.189 0.006 0.490 0.851
15.749 -444.865 -73.730 -0.189 0.006 0.491 0.850
15.649 -444.812 -73.768 -0.190 0.006 0.493 0.849
15.580 -444.776 -73.794 -0.190 0.006 0.494 0.848
15.535 -444.753 -73.811 -0.190 0.006 0.495 0.848
15.415 -444.691 -73.856 -0.191 0.006 0.496 0.847
15.313 -444.638 -73.894 -0.191 0.006 0.497 0.847
15.213 -444.587 -73.931 -0.190 0.007 0.498 0.846
15.120 -444.540 -73.966 -0.191 0.007 0.499 0.845
15.056 -444.507 -73.990 -0.191 0.007 0.499 0.845
14.958 -444.458 -74.026 -0.190 0.007 0.500 0.845
14.863 -444.410 -74.061 -0.190 0.008 0.501 0.844
14.783 -444.370 -74.091 -0.190 0.008 0.502 0.843
14.680 -444.319 -74.129 -0.191 0.008 0.504 0.842
14.602 -444.282 -74.157 -0.191 0.008 0.505 0.842
14.499 -444.231 -74.195 -0.190 0.009 0.507 0.841
14.412 -444.190 -74.226 -0.190 0.009 0.508 0.840
14.326 -444.148 -74.258 -0.191 0.009 0.508 0.840
14.270 -444.121 -74.278 -0.191 0.009 0.509 0.839
14.152 -444.066 -74.320 -0.191 0.009 0.511 0.838
