24.700 -458.392 -70.112 -0.002 0.000 0.004 1.000
24.698 -458.285 -70.113 -0.004 0.000 0.008 1.000
24.696 -458.160 -70.114 -0.005 0.000 0.013 1.000
24.693 -458.062 -70.115 -0.006 0.000 0.017 1.000
24.690 -457.988 -70.116 -0.007 0.000 0.019 1.000
24.686 -457.896 -70.117 -0.008 0.000 0.023 1.000
24.681 -457.798 -70.119 -0.010 0.000 0.026 1.000
24.676 -457.709 -70.121 -0.011 0.000 0.029 1.000
24.670 -457.600 -70.123 -0.013 0.000 0.033 0.999
24.659 -457.450 -70.128 -0.015 0.000 0.038 0.999
24.654 -457.388 -70.130 -0.016 0.000 0.040 0.999
24.646 -457.291 -70.133 -0.017 0.000 0.043 0.999
24.639 -457.214 -70.136 -0.019 0.000 0.046 0.999
24.631 -457.134 -70.139 -0.020 0.000 0.049 0.999
24.623 -457.048 -70.143 -0.021 0.000 0.052 0.998
24.608 -456.918 -70.148 -0.023 0.000 0.056 0.998
24.594 -456.795 -70.154 -0.026 0.000 0.061 0.998
24.583 -456.711 -70.159 -0.027 0.000 0.064 0.998
24.568 -456.592 -70.166 -0.029 0.000 0.068 0.997
24.550 -456.467 -70.173 -0.031 0.000 0.071 0.997
24.541 -456.403 -70.177 -0.031 0.000 0.073 0.997
24.522 -456.279 -70.185 -0.033 0.000 0.077 0.996
24.511 -456.207 -70.190 -0.034 0.000 0.080 0.996
24.488 -456.071 -70.200 -0.037 0.000 0.085 0.996
24.471 -455.974 -70.207 -0.039 0.000 0.088 0.995
24.448 -455.850 -70.218 -0.041 0.000 0.093 0.995
24.430 -455.758 -70.225 -0.043 0.000 0.096 0.994
24.402 -455.618 -70.238 -0.044 0.000 0.101 0.994
24.382 -455.523 -70.246 -0.046 0.000 0.105 0.993
24.347 -455.363 -70.262 -0.048 0.000 0.110 0.993
24.328 -455.281 -70.270 -0.050 0.000 0.113 0.992
24.295 -455.140 -70.285 -0.052 0.000 0.118 0.992
24.274 -455.056 -70.294 -0.053 0.000 0.121 0.991
24.260 -454.998 -70.300 -0.054 0.000 0.123 0.991
24.235 -454.899 -70.311 -0.055 0.000 0.125 0.991
24.201 -454.772 -70.326 -0.056 0.000 0.130 0.990
24.178 -454.685 -70.336 -0.058 0.000 0.133 0.989
24.150 -454.584 -70.348 -0.060 0.000 0.136 0.989
24.135 -454.531 -70.355 -0.061 0.000 0.138 0.989
24.113 -454.455 -70.365 -0.062 0.000 0.140 0.988
24.080 -454.345 -70.379 -0.063 0.000 0.144 0.988
24.043 -454.222 -70.395 -0.065 0.000 0.149 0.987
24.011 -454.120 -70.409 -0.066 0.000 0.153 0.986
23.982 -454.030 -70.422 -0.067 0.000 0.156 0.985
23.939 -453.899 -70.440 -0.070 0.000 0.161 0.985
23.889 -453.755 -70.462 -0.072 0.000 0.166 0.984
23.858 -453.668 -70.475 -0.073 0.000 0.169 0.983
23.832 -453.596 -70.487 -0.075 0.000 0.171 0.982
23.812 -453.539 -70.496 -0.076 0.000 0.173 0.982
23.786 -453.468 -70.507 -0.077 0.000 0.176 0.981
23.747 -453.366 -70.524 -0.078 0.000 0.180 0.981
23.714 -453.282 -70.538 -0.080 0.000 0.182 0.980
23.676 -453.183 -70.555 -0.081 0.000 0.187 0.979
23.661 -453.147 -70.561 -0.081 0.000 0.188 0.979
23.603 -453.004 -70.587 -0.084 0.000 0.192 0.978
23.569 -452.923 -70.602 -0.086 0.000 0.195 0.977
23.520 -452.808 -70.623 -0.089 0.000 0.199 0.976
23.503 -452.768 -70.631 -0.089 0.000 0.201 0.975
23.468 -452.688 -70.647 -0.090 0.000 0.204 0.975
23.444 -452.633 -70.657 -0.091 0.000 0.206 0.974
23.409 -452.555 -70.673 -0.092 0.000 0.208 0.974
23.380 -452.493 -70.685 -0.093 0.000 0.210 0.973
23.342 -452.409 -70.703 -0.094 0.000 0.213 0.972
23.288 -452.295 -70.726 -0.096 0.000 0.217 0.971
23.250 -452.216 -70.743 -0.097 0.000 0.220 0.971
23.188 -452.089 -70.770 -0.099 0.000 0.224 0.970
23.148 -452.007 -70.788 -0.101 0.000 0.227 0.969
23.098 -451.909 -70.810 -0.102 0.000 0.231 0.968
23.051 -451.818 -70.831 -0.103 0.000 0.234 0.967
23.012 -451.744 -70.848 -0.104 0.000 0.236 0.966
22.965 -451.655 -70.869 -0.105 0.000 0.239 0.965
22.905 -451.543 -70.896 -0.107 0.000 0.243 0.964
22.859 -451.459 -70.916 -0.108 0.000 0.245 0.963
22.803 -451.359 -70.941 -0.110 0.000 0.249 0.962
22.751 -451.267 -70.963 -0.111 0.000 0.252 0.961
22.711 -451.197 -70.981 -0.113 0.000 0.255 0.960
22.640 -451.076 -71.012 -0.114 0.000 0.259 0.959
22.601 -451.010 -71.030 -0.115 0.000 0.261 0.959
22.540 -450.909 -71.057 -0.116 0.000 0.265 0.957
22.472 -450.800 -71.086 -0.118 0.000 0.269 0.956
22.422 -450.719 -71.108 -0.120 0.000 0.272 0.955
22.374 -450.644 -71.129 -0.121 0.000 0.274 0.954
22.299 -450.527 -71.163 -0.123 0.000 0.279 0.952
22.254 -450.458 -71.183 -0.125 0.000 0.282 0.951
22.211 -450.394 -71.202 -0.126 -0.001 0.284 0.951
22.169 -450.331 -71.220 -0.127 0.000 0.286 0.950
22.132 -450.276 -71.237 -0.127 0.000 0.288 0.949
22.061 -450.174 -71.268 -0.129 0.000 0.292 0.948
21.987 -450.068 -71.301 -0.131 -0.001 0.295 0.946
21.939 -450.001 -71.322 -0.132 0.000 0.298 0.946
21.883 -449.922 -71.347 -0.133 0.000 0.301 0.944
21.847 -449.873 -71.363 -0.134 0.000 0.302 0.944
21.785 -449.789 -71.390 -0.134 0.000 0.305 0.943
21.731 -449.716 -71.415 -0.136 0.000 0.307 0.942
21.667 -449.631 -71.443 -0.138 -0.001 0.310 0.941
21.598 -449.540 -71.474 -0.139 -0.001 0.313 0.940
21.513 -449.430 -71.512 -0.141 -0.001 0.315 0.938
21.464 -449.368 -71.533 -0.142 -0.001 0.318 0.937
21.406 -449.295 -71.559 -0.143 -0.001 0.321 0.936
21.340 -449.212 -71.589 -0.144 -0.001 0.324 0.935
21.289 -449.150 -71.612 -0.145 -0.001 0.326 0.934
21.213 -449.057 -71.646 -0.147 -0.001 0.330 0.932
21.172 -449.008 -71.664 -0.148 -0.001 0.332 0.932
21.104 -448.928 -71.695 -0.150 -0.001 0.335 0.930
21.045 -448.860 -71.721 -0.151 -0.001 0.338 0.929
20.986 -448.792 -71.747 -0.152 -0.001 0.341 0.928
20.921 -448.717 -71.777 -0.153 -0.001 0.343 0.927
20.847 -448.635 -71.810 -0.154 -0.001 0.346 0.925
20.796 -448.578 -71.833 -0.155 -0.001 0.348 0.925
20.727 -448.503 -71.863 -0.155 0.000 0.351 0.924
20.658 -448.428 -71.894 -0.155 0.000 0.353 0.923
20.580 -448.345 -71.928 -0.157 0.000 0.356 0.921
20.528 -448.290 -71.951 -0.157 0.000 0.358 0.920
20.492 -448.252 -71.967 -0.158 0.000 0.360 0.920
20.458 -448.216 -71.982 -0.158 0.000 0.360 0.919
20.361 -448.116 -72.024 -0.160 0.000 0.363 0.918
20.286 -448.040 -72.057 -0.160 0.000 0.366 0.917
20.215 -447.968 -72.088 -0.161 0.001 0.368 0.916
20.168 -447.921 -72.109 -0.161 0.001 0.370 0.915
20.123 -447.876 -72.128 -0.162 0.001 0.371 0.914
20.062 -447.816 -72.155 -0.162 0.001 0.374 0.913
19.984 -447.741 -72.188 -0.163 0.001 0.376 0.912
19.904 -447.664 -72.223 -0.165 0.001 0.379 0.911
19.837 -447.601 -72.252 -0.165 0.001 0.380 0.910
19.800 -447.565 -72.268 -0.165 0.001 0.382 0.909
19.691 -447.464 -72.315 -0.167 0.001 0.385 0.908
19.612 -447.391 -72.349 -0.167 0.001 0.387 0.907
19.554 -447.338 -72.374 -0.168 0.001 0.389 0.906
19.445 -447.240 -72.421 -0.169 0.001 0.392 0.904
19.321 -447.129 -72.474 -0.170 0.002 0.396 0.902
19.265 -447.081 -72.498 -0.171 0.002 0.398 0.901
19.182 -447.009 -72.534 -0.172 0.002 0.402 0.899
19.094 -446.934 -72.571 -0.173 0.002 0.404 0.898
19.043 -446.891 -72.593 -0.174 0.002 0.406 0.897
18.977 -446.835 -72.621 -0.174 0.002 0.408 0.896
18.935 -446.801 -72.639 -0.175 0.002 0.409 0.896
18.872 -446.749 -72.665 -0.175 0.002 0.411 0.895
18.736 -446.639 -72.723 -0.176 0.002 0.414 0.893
18.684 -446.598 -72.745 -0.177 0.002 0.416 0.892
18.615 -446.543 -72.774 -0.178 0.002 0.418 0.891
18.531 -446.477 -72.809 -0.178 0.003 0.421 0.889
18.453 -446.417 -72.842 -0.179 0.003 0.423 0.888
18.397 -446.374 -72.866 -0.179 0.003 0.425 0.888
18.326 -446.320 -72.895 -0.180 0.003 0.426 0.886
18.215 -446.237 -72.941 -0.181 0.003 0.430 0.885
18.142 -446.184 -72.972 -0.181 0.004 0.432 0.884
18.087 -446.143 -72.994 -0.182 0.004 0.434 0.883
18.022 -446.096 -73.021 -0.182 0.004 0.435 0.882
17.959 -446.051 -73.047 -0.183 0.004 0.437 0.881
17.880 -445.995 -73.080 -0.184 0.004 0.439 0.879
17.805 -445.943 -73.111 -0.184 0.004 0.442 0.878
17.691 -445.863 -73.158 -0.185 0.004 0.445 0.876
17.615 -445.812 -73.189 -0.186 0.004 0.448 0.875
17.552 -445.770 -73.214 -0.186 0.005 0.449 0.874
17.484 -445.725 -73.242 -0.186 0.005 0.451 0.873
17.407 -445.674 -73.273 -0.187 0.005 0.453 0.872
17.343 -445.632 -73.299 -0.188 0.005 0.454 0.871
17.254 -445.574 -73.336 -0.189 0.005 0.457 0.869
17.184 -445.529 -73.364 -0.189 0.005 0.459 0.868
17.132 -445.496 -73.385 -0.189 0.005 0.460 0.868
17.047 -445.443 -73.419 -0.189 0.006 0.461 0.867
16.977 -445.399 -73.448 -0.190 0.006 0.462 0.866
16.867 -445.331 -73.492 -0.190 0.006 0.465 0.865
16.801 -445.291 -73.518 -0.190 0.006 0.466 0.864
16.656 -445.203 -73.576 -0.191 0.007 0.469 0.862
16.570 -445.151 -73.610 -0.191 0.007 0.472 0.861
16.448 -445.079 -73.659 -0.192 0.007 0.473 0.860
16.377 -445.039 -73.687 -0.192 0.007 0.475 0.859
16.268 -444.975 -73.730 -0.193 0.007 0.477 0.858
16.159 -444.913 -73.773 -0.194 0.007 0.479 0.856
16.066 -444.861 -73.810 -0.195 0.007 0.481 0.855
15.960 -444.801 -73.852 -0.196 0.007 0.483 0.854
15.869 -444.751 -73.888 -0.195 0.007 0.484 0.853
15.759 -444.691 -73.931 -0.196 0.007 0.485 0.852
15.669 -444.642 -73.966 -0.196 0.007 0.487 0.851
15.597 -444.604 -73.994 -0.196 0.008 0.489 0.850
15.498 -444.551 -74.033 -0.195 0.008 0.489 0.850
15.423 -444.511 -74.062 -0.196 0.009 0.491 0.849
15.321 -444.457 -74.101 -0.195 0.009 0.492 0.848
15.239 -444.415 -74.133 -0.195 0.009 0.493 0.848
15.117 -444.351 -74.179 -0.195 0.010 0.495 0.847
15.036 -444.310 -74.210 -0.195 0.010 0.496 0.846
14.942 -444.262 -74.246 -0.195 0.010 0.497 0.846
14.856 -444.218 -74.278 -0.195 0.010 0.497 0.845
14.772 -444.175 -74.310 -0.195 0.011 0.498 0.845
14.678 -444.128 -74.345 -0.195 0.011 0.499 0.844
14.599 -444.089 -74.375 -0.194 0.011 0.501 0.843
14.538 -444.059 -74.398 -0.194 0.012 0.501 0.843
14.422 -444.001 -74.441 -0.194 0.012 0.502 0.843
14.326 -443.954 -74.476 -0.194 0.013 0.504 0.842
14.238 -443.911 -74.508 -0.194 0.013 0.504 0.841
14.128 -443.858 -74.549 -0.194 0.013 0.506 0.840
14.026 -443.808 -74.586 -0.194 0.013 0.508 0.839
