24.699 -458.356 -70.112 -0.002 0.000 0.005 1.000
24.697 -458.220 -70.113 -0.004 0.000 0.009 1.000
24.695 -458.123 -70.114 -0.006 0.000 0.013 1.000
24.692 -458.008 -70.115 -0.008 0.000 0.017 1.000
24.687 -457.894 -70.117 -0.010 0.000 0.021 1.000
24.683 -457.805 -70.119 -0.011 0.000 0.024 1.000
24.679 -457.730 -70.121 -0.013 0.000 0.026 1.000
24.674 -457.630 -70.124 -0.014 0.000 0.030 0.999
24.667 -457.522 -70.127 -0.016 0.000 0.034 0.999
24.660 -457.428 -70.130 -0.018 0.000 0.038 0.999
24.644 -457.235 -70.138 -0.021 0.000 0.045 0.999
24.638 -457.170 -70.141 -0.022 0.000 0.047 0.999
24.622 -457.010 -70.148 -0.024 0.000 0.053 0.998
24.613 -456.929 -70.152 -0.025 0.000 0.056 0.998
24.598 -456.800 -70.159 -0.027 0.000 0.061 0.998
24.585 -456.697 -70.164 -0.028 0.000 0.065 0.997
24.570 -456.587 -70.171 -0.030 0.000 0.069 0.997
24.548 -456.435 -70.180 -0.032 0.000 0.074 0.997
24.529 -456.312 -70.188 -0.035 0.000 0.079 0.996
24.517 -456.242 -70.193 -0.035 0.000 0.081 0.996
24.502 -456.153 -70.200 -0.036 0.000 0.084 0.996
24.483 -456.043 -70.208 -0.037 0.000 0.088 0.995
24.461 -455.925 -70.217 -0.039 0.000 0.092 0.995
24.436 -455.795 -70.228 -0.041 0.000 0.097 0.994
24.423 -455.726 -70.234 -0.042 0.000 0.099 0.994
24.406 -455.646 -70.241 -0.043 0.000 0.102 0.994
24.391 -455.576 -70.247 -0.044 0.000 0.104 0.994
24.364 -455.451 -70.258 -0.046 0.000 0.108 0.993
24.338 -455.332 -70.270 -0.048 0.000 0.112 0.993
24.318 -455.248 -70.278 -0.049 0.000 0.115 0.992
24.295 -455.154 -70.288 -0.050 0.000 0.119 0.992
24.273 -455.061 -70.298 -0.051 0.000 0.121 0.991
24.250 -454.970 -70.307 -0.052 0.000 0.125 0.991
24.230 -454.894 -70.315 -0.053 0.000 0.127 0.990
24.209 -454.816 -70.324 -0.055 0.000 0.130 0.990
24.173 -454.683 -70.339 -0.055 0.000 0.134 0.989
24.138 -454.559 -70.354 -0.057 0.000 0.138 0.989
24.111 -454.463 -70.365 -0.058 0.000 0.141 0.988
24.083 -454.371 -70.376 -0.059 0.000 0.144 0.988
24.055 -454.279 -70.388 -0.061 0.000 0.147 0.987
24.012 -454.140 -70.405 -0.062 0.001 0.152 0.987
23.985 -454.056 -70.416 -0.063 0.000 0.155 0.986
23.953 -453.958 -70.429 -0.065 0.000 0.158 0.985
23.921 -453.862 -70.442 -0.066 0.000 0.162 0.985
23.881 -453.746 -70.458 -0.068 0.000 0.166 0.984
23.841 -453.634 -70.475 -0.070 0.000 0.170 0.983
23.810 -453.546 -70.488 -0.071 0.000 0.173 0.982
23.763 -453.420 -70.507 -0.073 0.000 0.178 0.981
23.735 -453.346 -70.519 -0.074 0.000 0.181 0.981
23.709 -453.280 -70.529 -0.075 0.000 0.183 0.980
23.673 -453.188 -70.544 -0.077 0.000 0.187 0.979
23.631 -453.085 -70.561 -0.079 0.000 0.191 0.978
23.588 -452.982 -70.579 -0.080 0.000 0.195 0.978
23.555 -452.903 -70.592 -0.082 0.000 0.198 0.977
23.525 -452.832 -70.605 -0.083 0.000 0.201 0.976
23.466 -452.699 -70.629 -0.084 0.000 0.206 0.975
23.427 -452.614 -70.644 -0.086 0.000 0.209 0.974
23.378 -452.507 -70.665 -0.088 0.000 0.214 0.973
23.331 -452.407 -70.684 -0.089 0.000 0.217 0.972
23.288 -452.316 -70.702 -0.090 0.000 0.220 0.971
23.254 -452.246 -70.716 -0.092 0.000 0.223 0.971
23.200 -452.137 -70.738 -0.093 0.000 0.227 0.970
23.155 -452.048 -70.756 -0.094 0.000 0.230 0.969
23.105 -451.951 -70.777 -0.095 0.000 0.233 0.968
23.044 -451.834 -70.802 -0.098 0.000 0.237 0.967
23.002 -451.754 -70.819 -0.099 0.000 0.239 0.966
22.958 -451.673 -70.837 -0.100 0.000 0.242 0.965
22.902 -451.571 -70.860 -0.101 0.000 0.245 0.964
22.839 -451.458 -70.886 -0.103 0.000 0.251 0.963
22.776 -451.348 -70.912 -0.106 0.000 0.255 0.961
22.740 -451.285 -70.927 -0.107 0.000 0.257 0.960
22.686 -451.194 -70.949 -0.108 0.000 0.261 0.959
22.623 -451.090 -70.975 -0.110 0.000 0.265 0.958
22.566 -450.996 -70.999 -0.112 0.000 0.268 0.957
22.502 -450.894 -71.026 -0.113 0.000 0.272 0.956
22.464 -450.834 -71.042 -0.114 0.000 0.274 0.955
22.407 -450.745 -71.065 -0.116 0.000 0.277 0.954
22.351 -450.660 -71.089 -0.117 0.000 0.281 0.953
22.311 -450.598 -71.105 -0.118 0.000 0.283 0.952
22.255 -450.515 -71.129 -0.119 0.000 0.286 0.951
22.207 -450.444 -71.149 -0.120 0.000 0.289 0.950
22.166 -450.384 -71.166 -0.121 0.000 0.291 0.949
22.099 -450.288 -71.194 -0.122 0.000 0.295 0.948
22.040 -450.205 -71.218 -0.123 0.000 0.298 0.947
21.970 -450.107 -71.247 -0.125 0.000 0.302 0.945
21.935 -450.059 -71.262 -0.126 0.000 0.303 0.945
21.872 -449.973 -71.288 -0.126 0.000 0.306 0.943
21.775 -449.844 -71.328 -0.128 0.000 0.311 0.942
21.715 -449.765 -71.353 -0.129 0.000 0.314 0.941
21.666 -449.702 -71.373 -0.130 0.000 0.316 0.940
21.587 -449.601 -71.405 -0.131 0.000 0.319 0.938
21.519 -449.515 -71.433 -0.133 0.001 0.323 0.937
21.453 -449.434 -71.460 -0.134 0.001 0.325 0.936
21.381 -449.345 -71.490 -0.135 0.000 0.329 0.934
21.320 -449.272 -71.515 -0.137 0.000 0.332 0.933
21.257 -449.196 -71.541 -0.138 0.000 0.335 0.932
21.185 -449.112 -71.571 -0.139 0.001 0.338 0.931
21.105 -449.020 -71.603 -0.141 0.000 0.342 0.929
21.033 -448.938 -71.633 -0.141 0.001 0.344 0.928
20.976 -448.873 -71.657 -0.142 0.001 0.346 0.927
20.928 -448.820 -71.676 -0.143 0.001 0.348 0.927
20.862 -448.748 -71.703 -0.144 0.000 0.351 0.925
20.818 -448.699 -71.721 -0.145 0.000 0.353 0.924
20.767 -448.644 -71.742 -0.146 0.001 0.355 0.923
20.685 -448.558 -71.775 -0.147 0.001 0.359 0.922
20.636 -448.506 -71.796 -0.148 0.001 0.361 0.921
20.598 -448.466 -71.811 -0.147 0.001 0.362 0.921
20.543 -448.409 -71.833 -0.148 0.001 0.364 0.920
20.486 -448.351 -71.857 -0.149 0.001 0.365 0.919
20.376 -448.239 -71.901 -0.149 0.002 0.369 0.918
20.273 -448.134 -71.942 -0.149 0.002 0.372 0.916
20.186 -448.049 -71.977 -0.149 0.002 0.374 0.915
20.119 -447.983 -72.004 -0.150 0.002 0.376 0.914
20.057 -447.923 -72.028 -0.151 0.002 0.379 0.913
20.001 -447.869 -72.050 -0.152 0.002 0.381 0.912
19.934 -447.805 -72.077 -0.152 0.003 0.383 0.911
19.866 -447.742 -72.103 -0.153 0.002 0.385 0.910
19.824 -447.703 -72.120 -0.154 0.002 0.386 0.910
19.743 -447.628 -72.152 -0.155 0.002 0.389 0.908
19.649 -447.542 -72.189 -0.156 0.002 0.392 0.907
19.608 -447.505 -72.205 -0.156 0.003 0.393 0.906
19.503 -447.412 -72.246 -0.157 0.003 0.396 0.905
19.431 -447.348 -72.274 -0.157 0.003 0.399 0.904
19.381 -447.304 -72.294 -0.158 0.003 0.400 0.903
19.324 -447.255 -72.316 -0.158 0.003 0.402 0.902
19.248 -447.190 -72.346 -0.158 0.004 0.404 0.901
19.176 -447.128 -72.374 -0.159 0.003 0.406 0.900
19.076 -447.044 -72.412 -0.159 0.004 0.409 0.899
18.999 -446.979 -72.442 -0.160 0.004 0.411 0.898
18.928 -446.921 -72.469 -0.161 0.004 0.413 0.896
18.877 -446.879 -72.489 -0.161 0.004 0.415 0.896
18.754 -446.781 -72.536 -0.162 0.004 0.419 0.893
18.652 -446.700 -72.575 -0.163 0.004 0.422 0.892
18.618 -446.674 -72.588 -0.164 0.004 0.423 0.891
18.543 -446.616 -72.616 -0.165 0.004 0.425 0.890
18.468 -446.558 -72.645 -0.166 0.004 0.427 0.889
18.385 -446.496 -72.677 -0.166 0.004 0.429 0.888
18.309 -446.438 -72.706 -0.168 0.004 0.431 0.887
18.228 -446.379 -72.737 -0.168 0.004 0.433 0.886
18.169 -446.335 -72.759 -0.168 0.004 0.434 0.885
18.084 -446.273 -72.792 -0.169 0.004 0.436 0.884
18.007 -446.217 -72.821 -0.170 0.004 0.439 0.882
17.922 -446.156 -72.854 -0.171 0.004 0.441 0.881
17.821 -446.085 -72.892 -0.171 0.005 0.444 0.879
17.749 -446.036 -72.919 -0.172 0.005 0.446 0.878
17.696 -445.999 -72.939 -0.172 0.005 0.448 0.877
17.627 -445.953 -72.966 -0.173 0.005 0.450 0.876
17.570 -445.914 -72.987 -0.174 0.005 0.451 0.875
17.459 -445.840 -73.029 -0.175 0.004 0.454 0.874
17.342 -445.763 -73.074 -0.177 0.004 0.457 0.872
17.243 -445.699 -73.112 -0.178 0.004 0.460 0.870
17.167 -445.651 -73.141 -0.179 0.004 0.462 0.869
17.050 -445.577 -73.186 -0.180 0.004 0.464 0.868
16.969 -445.527 -73.217 -0.180 0.004 0.465 0.866
16.877 -445.470 -73.252 -0.181 0.004 0.467 0.865
16.786 -445.414 -73.286 -0.182 0.004 0.469 0.864
16.701 -445.363 -73.319 -0.183 0.004 0.471 0.863
16.580 -445.291 -73.365 -0.183 0.004 0.473 0.862
16.479 -445.231 -73.404 -0.183 0.005 0.476 0.860
16.380 -445.174 -73.441 -0.184 0.005 0.477 0.859
16.297 -445.125 -73.473 -0.184 0.005 0.479 0.859
16.191 -445.064 -73.513 -0.184 0.005 0.480 0.858
16.092 -445.008 -73.550 -0.184 0.005 0.481 0.857
16.008 -444.961 -73.581 -0.184 0.006 0.483 0.856
15.958 -444.933 -73.600 -0.185 0.006 0.484 0.855
15.862 -444.880 -73.636 -0.185 0.006 0.485 0.855
15.759 -444.823 -73.674 -0.185 0.006 0.487 0.853
15.642 -444.759 -73.718 -0.185 0.006 0.489 0.853
15.499 -444.681 -73.771 -0.184 0.007 0.490 0.852
15.399 -444.627 -73.807 -0.184 0.008 0.491 0.851
15.309 -444.580 -73.840 -0.184 0.008 0.493 0.850
15.240 -444.544 -73.865 -0.184 0.008 0.494 0.850
15.152 -444.497 -73.897 -0.184 0.008 0.494 0.849
15.064 -444.451 -73.929 -0.184 0.008 0.496 0.849
14.978 -444.407 -73.960 -0.184 0.008 0.497 0.848
14.893 -444.363 -73.990 -0.184 0.009 0.498 0.847
14.795 -444.313 -74.025 -0.185 0.009 0.499 0.847
14.722 -444.275 -74.051 -0.184 0.009 0.499 0.846
14.609 -444.218 -74.091 -0.184 0.009 0.501 0.846
14.542 -444.184 -74.115 -0.184 0.010 0.502 0.845
14.474 -444.150 -74.139 -0.184 0.010 0.502 0.845
14.396 -444.111 -74.167 -0.184 0.010 0.504 0.844
14.270 -444.048 -74.211 -0.184 0.010 0.505 0.843
14.197 -444.012 -74.236 -0.184 0.011 0.505 0.843
14.115 -443.971 -74.265 -0.184 0.011 0.506 0.843
