21.500 -475.901 -70.112 -0.002 0.000 0.003 1.000
21.499 -475.799 -70.113 -0.004 0.000 0.007 1.000
21.496 -475.678 -70.114 -0.006 0.000 0.011 1.000
21.494 -475.569 -70.115 -0.008 0.000 0.015 1.000
21.490 -475.448 -70.118 -0.010 0.000 0.019 1.000
21.485 -475.344 -70.120 -0.011 0.000 0.023 1.000
21.481 -475.245 -70.122 -0.012 0.000 0.025 1.000
21.476 -475.154 -70.124 -0.014 0.000 0.029 0.999
21.467 -475.013 -70.129 -0.016 0.000 0.033 0.999
21.461 -474.930 -70.131 -0.017 0.000 0.036 0.999
21.454 -474.832 -70.135 -0.018 0.000 0.039 0.999
21.444 -474.711 -70.139 -0.019 0.000 0.044 0.999
21.437 -474.642 -70.142 -0.020 0.000 0.046 0.999
21.424 -474.508 -70.148 -0.023 0.000 0.050 0.998
21.413 -474.402 -70.153 -0.025 0.000 0.053 0.998
21.402 -474.303 -70.158 -0.026 0.000 0.056 0.998
21.391 -474.207 -70.163 -0.027 0.000 0.059 0.998
21.379 -474.103 -70.169 -0.028 0.000 0.062 0.998
21.366 -473.999 -70.175 -0.029 0.000 0.065 0.997
21.354 -473.913 -70.180 -0.031 0.000 0.068 0.997
21.341 -473.822 -70.186 -0.032 0.000 0.071 0.997
21.318 -473.665 -70.196 -0.034 0.000 0.076 0.997
21.299 -473.547 -70.204 -0.035 0.000 0.079 0.996
21.283 -473.449 -70.212 -0.037 0.000 0.082 0.996
21.267 -473.350 -70.219 -0.037 0.000 0.085 0.996
21.247 -473.235 -70.228 -0.039 0.000 0.088 0.995
21.231 -473.150 -70.235 -0.040 0.000 0.091 0.995
21.210 -473.037 -70.244 -0.042 0.000 0.094 0.995
21.186 -472.914 -70.255 -0.043 0.000 0.098 0.994
21.164 -472.807 -70.264 -0.045 0.000 0.102 0.994
21.149 -472.736 -70.271 -0.046 0.000 0.103 0.994
21.126 -472.630 -70.281 -0.047 0.000 0.107 0.993
21.100 -472.513 -70.292 -0.048 0.000 0.111 0.993
21.074 -472.396 -70.304 -0.050 0.000 0.114 0.992
21.049 -472.292 -70.314 -0.051 0.000 0.116 0.992
21.024 -472.188 -70.325 -0.053 0.000 0.120 0.991
20.995 -472.071 -70.338 -0.055 0.000 0.123 0.991
20.971 -471.981 -70.349 -0.056 0.000 0.127 0.990
20.948 -471.891 -70.359 -0.057 0.000 0.129 0.990
20.928 -471.816 -70.368 -0.058 0.000 0.131 0.990
20.900 -471.714 -70.381 -0.060 0.000 0.133 0.989
20.875 -471.623 -70.392 -0.061 0.000 0.136 0.989
20.842 -471.508 -70.407 -0.063 0.000 0.139 0.988
20.814 -471.414 -70.419 -0.064 0.000 0.142 0.988
20.781 -471.303 -70.434 -0.065 0.000 0.145 0.987
20.750 -471.201 -70.448 -0.066 0.000 0.148 0.987
20.707 -471.062 -70.467 -0.068 0.000 0.151 0.986
20.678 -470.971 -70.480 -0.069 0.000 0.154 0.986
20.638 -470.848 -70.498 -0.070 0.000 0.157 0.985
20.600 -470.733 -70.515 -0.072 0.000 0.160 0.985
20.572 -470.651 -70.528 -0.072 0.000 0.162 0.984
20.540 -470.557 -70.542 -0.073 0.000 0.164 0.984
20.510 -470.470 -70.556 -0.074 0.000 0.166 0.983
20.474 -470.367 -70.572 -0.075 0.000 0.168 0.983
20.445 -470.287 -70.584 -0.076 0.000 0.170 0.982
20.406 -470.178 -70.602 -0.077 0.000 0.172 0.982
20.373 -470.090 -70.617 -0.078 0.000 0.175 0.981
20.332 -469.979 -70.635 -0.079 0.000 0.178 0.981
20.280 -469.843 -70.658 -0.079 0.000 0.182 0.980
20.246 -469.756 -70.672 -0.080 0.000 0.184 0.980
20.210 -469.664 -70.688 -0.081 0.000 0.186 0.979
20.166 -469.555 -70.707 -0.082 0.001 0.189 0.979
20.125 -469.456 -70.724 -0.083 0.001 0.192 0.978
20.100 -469.394 -70.735 -0.083 0.001 0.194 0.977
20.069 -469.320 -70.749 -0.084 0.001 0.196 0.977
20.032 -469.232 -70.764 -0.085 0.001 0.199 0.976
19.979 -469.111 -70.787 -0.086 0.001 0.201 0.976
19.942 -469.026 -70.803 -0.087 0.001 0.203 0.975
19.886 -468.901 -70.826 -0.087 0.001 0.207 0.974
19.845 -468.809 -70.844 -0.088 0.001 0.209 0.974
19.790 -468.690 -70.866 -0.088 0.001 0.213 0.973
19.740 -468.582 -70.887 -0.088 0.001 0.215 0.973
19.689 -468.474 -70.908 -0.090 0.001 0.217 0.972
19.638 -468.367 -70.929 -0.091 0.001 0.220 0.971
19.571 -468.229 -70.957 -0.092 0.001 0.222 0.971
19.536 -468.158 -70.971 -0.093 0.001 0.224 0.970
19.497 -468.079 -70.987 -0.094 0.001 0.226 0.970
19.447 -467.979 -71.008 -0.094 0.001 0.228 0.969
19.405 -467.895 -71.025 -0.095 0.001 0.230 0.968
19.368 -467.824 -71.040 -0.095 0.002 0.232 0.968
19.320 -467.732 -71.060 -0.096 0.002 0.234 0.968
19.259 -467.615 -71.085 -0.096 0.002 0.238 0.967
19.196 -467.497 -71.110 -0.097 0.002 0.240 0.966
19.154 -467.419 -71.127 -0.098 0.002 0.242 0.965
19.097 -467.315 -71.150 -0.099 0.002 0.244 0.965
19.052 -467.232 -71.168 -0.099 0.002 0.246 0.964
18.984 -467.111 -71.195 -0.100 0.002 0.249 0.963
18.945 -467.041 -71.211 -0.100 0.002 0.250 0.963
18.903 -466.967 -71.227 -0.100 0.002 0.252 0.963
18.861 -466.894 -71.244 -0.101 0.002 0.254 0.962
18.806 -466.799 -71.265 -0.101 0.002 0.256 0.961
18.728 -466.666 -71.296 -0.102 0.003 0.259 0.960
18.674 -466.574 -71.317 -0.102 0.003 0.261 0.960
18.595 -466.442 -71.347 -0.101 0.003 0.264 0.959
18.563 -466.388 -71.360 -0.101 0.003 0.265 0.959
18.501 -466.287 -71.383 -0.101 0.004 0.267 0.958
18.455 -466.213 -71.400 -0.101 0.004 0.268 0.958
18.394 -466.113 -71.423 -0.102 0.004 0.270 0.957
18.329 -466.009 -71.447 -0.102 0.004 0.271 0.957
18.280 -465.932 -71.465 -0.102 0.004 0.272 0.957
18.217 -465.832 -71.488 -0.102 0.004 0.274 0.956
18.176 -465.768 -71.503 -0.102 0.004 0.275 0.956
18.121 -465.682 -71.523 -0.102 0.004 0.277 0.955
18.056 -465.581 -71.547 -0.102 0.005 0.279 0.955
18.006 -465.504 -71.565 -0.102 0.005 0.279 0.955
17.948 -465.414 -71.586 -0.103 0.005 0.280 0.954
17.900 -465.341 -71.603 -0.103 0.005 0.282 0.954
17.843 -465.255 -71.624 -0.103 0.005 0.284 0.953
17.749 -465.114 -71.657 -0.103 0.005 0.286 0.953
17.668 -464.993 -71.686 -0.103 0.005 0.288 0.952
17.611 -464.909 -71.706 -0.103 0.005 0.288 0.952
17.564 -464.839 -71.722 -0.103 0.005 0.290 0.952
17.529 -464.788 -71.734 -0.103 0.006 0.290 0.951
17.474 -464.708 -71.754 -0.103 0.006 0.291 0.951
17.428 -464.641 -71.769 -0.103 0.006 0.292 0.951
17.383 -464.576 -71.785 -0.104 0.006 0.293 0.950
17.317 -464.481 -71.808 -0.105 0.005 0.294 0.950
17.261 -464.401 -71.828 -0.104 0.006 0.295 0.950
17.197 -464.310 -71.850 -0.104 0.006 0.297 0.949
17.130 -464.215 -71.873 -0.104 0.006 0.299 0.949
17.048 -464.101 -71.900 -0.104 0.006 0.302 0.948
16.997 -464.029 -71.918 -0.104 0.006 0.302 0.947
16.960 -463.979 -71.930 -0.104 0.007 0.303 0.947
16.883 -463.872 -71.956 -0.104 0.007 0.304 0.947
16.803 -463.762 -71.982 -0.104 0.007 0.306 0.946
16.716 -463.645 -72.011 -0.104 0.007 0.308 0.946
16.667 -463.579 -72.027 -0.104 0.007 0.309 0.945
16.621 -463.518 -72.042 -0.104 0.007 0.310 0.945
16.568 -463.447 -72.059 -0.104 0.008 0.312 0.944
16.496 -463.351 -72.082 -0.103 0.008 0.313 0.944
16.434 -463.269 -72.102 -0.103 0.008 0.314 0.944
16.374 -463.191 -72.121 -0.103 0.008 0.315 0.943
16.299 -463.093 -72.145 -0.102 0.009 0.316 0.943
16.253 -463.033 -72.159 -0.103 0.009 0.317 0.943
16.183 -462.943 -72.181 -0.102 0.009 0.319 0.942
16.137 -462.884 -72.195 -0.102 0.009 0.320 0.942
16.059 -462.784 -72.220 -0.102 0.009 0.320 0.942
15.998 -462.706 -72.238 -0.101 0.009 0.320 0.942
15.927 -462.615 -72.260 -0.101 0.010 0.322 0.941
15.872 -462.546 -72.276 -0.101 0.010 0.323 0.941
15.812 -462.470 -72.294 -0.101 0.010 0.324 0.941
15.757 -462.401 -72.311 -0.101 0.010 0.325 0.940
15.709 -462.341 -72.325 -0.101 0.010 0.325 0.940
15.664 -462.285 -72.338 -0.101 0.010 0.326 0.940
15.618 -462.227 -72.352 -0.100 0.010 0.327 0.939
15.531 -462.119 -72.378 -0.101 0.010 0.328 0.939
15.461 -462.034 -72.398 -0.101 0.010 0.330 0.939
15.374 -461.927 -72.424 -0.101 0.010 0.332 0.938
15.291 -461.827 -72.448 -0.101 0.011 0.334 0.937
15.211 -461.731 -72.471 -0.101 0.011 0.335 0.937
15.124 -461.627 -72.496 -0.101 0.011 0.336 0.936
15.061 -461.552 -72.514 -0.100 0.011 0.337 0.936
15.012 -461.493 -72.528 -0.100 0.012 0.338 0.936
14.961 -461.433 -72.543 -0.099 0.012 0.339 0.936
14.878 -461.335 -72.566 -0.100 0.012 0.340 0.935
14.801 -461.245 -72.587 -0.100 0.012 0.341 0.935
14.731 -461.163 -72.607 -0.100 0.012 0.342 0.934
14.667 -461.089 -72.625 -0.100 0.012 0.342 0.934
14.609 -461.022 -72.641 -0.100 0.012 0.343 0.934
14.555 -460.960 -72.656 -0.100 0.012 0.344 0.933
14.456 -460.846 -72.683 -0.100 0.013 0.346 0.933
14.380 -460.760 -72.704 -0.099 0.013 0.347 0.933
14.310 -460.679 -72.723 -0.100 0.013 0.348 0.932
14.228 -460.586 -72.745 -0.099 0.013 0.349 0.932
14.166 -460.517 -72.762 -0.099 0.013 0.350 0.931
