26.388 -423.580 -82.406 -0.025 0.000 0.052 0.998
26.374 -423.449 -82.413 -0.026 0.000 0.057 0.998
26.358 -423.320 -82.420 -0.027 0.000 0.061 0.998
26.346 -423.225 -82.425 -0.028 0.000 0.064 0.998
26.338 -423.163 -82.428 -0.029 0.000 0.066 0.997
26.328 -423.089 -82.433 -0.029 0.000 0.069 0.997
26.316 -423.003 -82.438 -0.030 0.000 0.072 0.997
26.298 -422.883 -82.445 -0.032 0.000 0.075 0.997
26.279 -422.761 -82.454 -0.033 0.000 0.079 0.996
26.265 -422.672 -82.460 -0.034 0.000 0.081 0.996
26.254 -422.609 -82.464 -0.035 0.000 0.083 0.996
26.243 -422.544 -82.469 -0.036 0.000 0.085 0.996
26.227 -422.454 -82.475 -0.037 0.000 0.088 0.995
26.205 -422.335 -82.485 -0.039 0.000 0.092 0.995
26.193 -422.267 -82.490 -0.040 0.000 0.093 0.995
26.181 -422.208 -82.495 -0.041 0.000 0.095 0.995
26.170 -422.149 -82.500 -0.041 0.000 0.097 0.994
26.149 -422.044 -82.508 -0.043 0.000 0.100 0.994
26.130 -421.955 -82.516 -0.044 0.000 0.104 0.994
26.110 -421.860 -82.525 -0.046 0.000 0.106 0.993
26.090 -421.771 -82.534 -0.047 0.000 0.109 0.993
26.073 -421.693 -82.541 -0.049 0.000 0.112 0.993
26.036 -421.536 -82.557 -0.050 0.000 0.118 0.992
26.005 -421.413 -82.570 -0.051 0.000 0.121 0.991
25.974 -421.290 -82.583 -0.053 0.000 0.126 0.991
25.938 -421.153 -82.598 -0.055 0.000 0.130 0.990
25.922 -421.093 -82.605 -0.055 0.000 0.132 0.990
25.892 -420.985 -82.617 -0.055 0.001 0.135 0.989
25.875 -420.924 -82.624 -0.056 0.001 0.137 0.989
25.830 -420.769 -82.642 -0.059 0.000 0.142 0.988
25.814 -420.714 -82.649 -0.059 0.000 0.143 0.988
25.787 -420.625 -82.660 -0.061 0.000 0.145 0.988
25.766 -420.556 -82.669 -0.061 0.000 0.147 0.987
25.722 -420.412 -82.688 -0.063 0.000 0.151 0.987
25.699 -420.340 -82.697 -0.064 0.000 0.153 0.986
25.673 -420.260 -82.708 -0.064 0.000 0.156 0.986
25.652 -420.196 -82.717 -0.065 0.000 0.158 0.985
25.616 -420.089 -82.731 -0.066 0.000 0.161 0.985
25.576 -419.972 -82.748 -0.068 0.000 0.164 0.984
25.538 -419.861 -82.764 -0.070 0.000 0.167 0.984
25.511 -419.785 -82.775 -0.070 0.000 0.168 0.983
25.463 -419.653 -82.795 -0.072 0.000 0.173 0.982
25.427 -419.552 -82.810 -0.073 0.000 0.175 0.982
25.389 -419.452 -82.826 -0.074 0.000 0.178 0.981
25.349 -419.345 -82.843 -0.075 0.000 0.180 0.981
25.318 -419.264 -82.855 -0.075 0.000 0.182 0.980
25.290 -419.193 -82.867 -0.076 0.001 0.184 0.980
25.248 -419.088 -82.884 -0.076 0.001 0.187 0.979
25.209 -418.990 -82.900 -0.077 0.001 0.189 0.979
25.162 -418.875 -82.919 -0.078 0.001 0.192 0.978
25.121 -418.776 -82.935 -0.078 0.001 0.195 0.978
25.082 -418.684 -82.951 -0.079 0.001 0.197 0.977
25.018 -418.536 -82.976 -0.082 0.001 0.202 0.976
24.976 -418.439 -82.993 -0.083 0.001 0.206 0.975
24.930 -418.338 -83.012 -0.085 0.001 0.209 0.974
24.885 -418.239 -83.030 -0.086 0.001 0.212 0.973
24.845 -418.154 -83.046 -0.087 0.001 0.216 0.973
24.814 -418.088 -83.059 -0.088 0.001 0.218 0.972
24.778 -418.013 -83.073 -0.090 0.001 0.221 0.971
24.727 -417.908 -83.094 -0.091 0.001 0.225 0.970
24.664 -417.782 -83.120 -0.092 0.001 0.229 0.969
24.597 -417.651 -83.146 -0.094 0.001 0.235 0.967
24.558 -417.578 -83.162 -0.095 0.001 0.238 0.967
24.516 -417.499 -83.179 -0.096 0.001 0.241 0.966
24.451 -417.379 -83.205 -0.097 0.001 0.245 0.965
24.404 -417.294 -83.223 -0.098 0.001 0.248 0.964
24.348 -417.195 -83.245 -0.100 0.001 0.251 0.963
24.307 -417.123 -83.262 -0.101 0.001 0.254 0.962
24.243 -417.014 -83.287 -0.103 0.001 0.258 0.961
24.196 -416.936 -83.306 -0.105 0.001 0.261 0.960
24.155 -416.867 -83.322 -0.106 0.001 0.264 0.959
24.098 -416.772 -83.345 -0.107 0.001 0.267 0.958
24.040 -416.678 -83.368 -0.109 0.001 0.270 0.957
23.971 -416.569 -83.396 -0.111 0.001 0.273 0.955
23.920 -416.488 -83.417 -0.112 0.001 0.276 0.954
23.832 -416.353 -83.452 -0.114 0.001 0.282 0.953
23.788 -416.287 -83.470 -0.115 0.001 0.284 0.952
23.711 -416.173 -83.501 -0.118 0.001 0.290 0.950
23.661 -416.100 -83.521 -0.119 0.001 0.293 0.949
23.616 -416.035 -83.540 -0.120 0.000 0.295 0.948
23.570 -415.971 -83.558 -0.121 0.000 0.298 0.947
23.512 -415.890 -83.582 -0.123 0.000 0.301 0.946
23.443 -415.795 -83.610 -0.124 0.001 0.305 0.944
23.381 -415.712 -83.635 -0.126 0.000 0.309 0.943
23.306 -415.613 -83.666 -0.128 0.000 0.314 0.941
23.265 -415.560 -83.682 -0.129 0.001 0.317 0.940
23.218 -415.501 -83.701 -0.130 0.000 0.319 0.939
23.159 -415.426 -83.725 -0.131 0.000 0.322 0.938
23.062 -415.306 -83.764 -0.132 0.001 0.328 0.935
23.023 -415.259 -83.780 -0.133 0.001 0.331 0.934
22.968 -415.193 -83.802 -0.134 0.001 0.334 0.933
22.882 -415.091 -83.837 -0.136 0.001 0.339 0.931
22.786 -414.981 -83.875 -0.140 0.001 0.344 0.929
22.732 -414.921 -83.897 -0.141 0.000 0.347 0.927
22.643 -414.822 -83.933 -0.144 0.000 0.352 0.925
22.566 -414.740 -83.965 -0.145 0.000 0.356 0.923
22.502 -414.671 -83.991 -0.147 0.000 0.359 0.922
22.418 -414.583 -84.025 -0.149 0.000 0.364 0.919
22.360 -414.524 -84.049 -0.151 0.000 0.367 0.918
22.296 -414.459 -84.076 -0.152 0.000 0.370 0.916
22.213 -414.377 -84.109 -0.154 0.000 0.374 0.915
22.153 -414.318 -84.135 -0.155 -0.001 0.376 0.913
22.053 -414.223 -84.175 -0.157 0.000 0.382 0.911
21.981 -414.155 -84.205 -0.158 0.000 0.385 0.909
21.894 -414.074 -84.241 -0.159 0.000 0.390 0.907
21.822 -414.009 -84.270 -0.161 0.000 0.393 0.905
21.736 -413.932 -84.305 -0.163 0.000 0.397 0.903
21.647 -413.855 -84.342 -0.164 0.000 0.402 0.901
21.557 -413.779 -84.378 -0.166 0.000 0.406 0.899
21.475 -413.710 -84.412 -0.168 0.000 0.409 0.897
21.361 -413.616 -84.459 -0.170 0.000 0.414 0.894
21.288 -413.558 -84.489 -0.171 0.000 0.418 0.892
21.207 -413.494 -84.522 -0.173 0.000 0.421 0.891
21.139 -413.442 -84.550 -0.174 0.000 0.424 0.889
21.090 -413.404 -84.570 -0.175 0.000 0.426 0.888
21.009 -413.343 -84.603 -0.177 0.000 0.430 0.885
20.962 -413.308 -84.623 -0.178 0.000 0.432 0.884
20.871 -413.242 -84.660 -0.179 0.000 0.436 0.882
20.767 -413.167 -84.703 -0.181 0.000 0.441 0.879
20.667 -413.098 -84.744 -0.183 0.000 0.445 0.877
20.568 -413.031 -84.784 -0.185 0.000 0.449 0.874
20.473 -412.967 -84.824 -0.186 0.000 0.453 0.872
20.421 -412.933 -84.845 -0.187 0.000 0.455 0.871
20.319 -412.868 -84.887 -0.189 -0.001 0.459 0.868
20.272 -412.838 -84.907 -0.190 0.000 0.461 0.867
20.205 -412.796 -84.935 -0.191 -0.001 0.464 0.865
20.136 -412.753 -84.963 -0.192 0.000 0.466 0.864
20.061 -412.708 -84.994 -0.193 0.000 0.469 0.862
19.957 -412.647 -85.037 -0.195 0.000 0.474 0.859
19.869 -412.596 -85.073 -0.196 0.000 0.478 0.856
19.777 -412.544 -85.111 -0.198 0.000 0.481 0.854
19.688 -412.495 -85.147 -0.200 0.000 0.485 0.852
19.597 -412.446 -85.185 -0.201 -0.001 0.488 0.849
19.506 -412.398 -85.223 -0.203 -0.001 0.491 0.847
19.413 -412.349 -85.261 -0.204 -0.001 0.494 0.845
19.332 -412.308 -85.294 -0.205 0.000 0.497 0.843
19.269 -412.277 -85.320 -0.206 0.000 0.499 0.842
19.166 -412.227 -85.363 -0.207 -0.001 0.503 0.839
19.100 -412.195 -85.390 -0.209 -0.001 0.506 0.837
19.022 -412.158 -85.422 -0.210 -0.001 0.508 0.835
18.946 -412.123 -85.454 -0.211 -0.001 0.511 0.834
18.857 -412.083 -85.491 -0.212 -0.001 0.514 0.831
18.752 -412.036 -85.535 -0.214 -0.001 0.517 0.829
18.676 -412.004 -85.566 -0.215 -0.001 0.520 0.827
18.602 -411.973 -85.597 -0.216 -0.001 0.522 0.825
18.491 -411.927 -85.643 -0.218 -0.001 0.526 0.822
18.372 -411.879 -85.692 -0.220 -0.001 0.530 0.819
18.311 -411.855 -85.717 -0.221 -0.001 0.532 0.818
18.243 -411.829 -85.746 -0.221 -0.001 0.534 0.816
18.146 -411.793 -85.786 -0.222 -0.001 0.538 0.813
18.060 -411.762 -85.822 -0.223 -0.001 0.540 0.811
17.963 -411.727 -85.862 -0.225 -0.001 0.543 0.809
17.871 -411.695 -85.900 -0.226 -0.001 0.546 0.807
17.758 -411.657 -85.947 -0.228 -0.001 0.549 0.804
17.681 -411.631 -85.979 -0.229 -0.001 0.551 0.802
17.556 -411.591 -86.031 -0.230 -0.001 0.555 0.799
17.473 -411.566 -86.066 -0.231 -0.001 0.558 0.797
17.359 -411.531 -86.113 -0.233 -0.001 0.561 0.794
17.272 -411.506 -86.150 -0.233 -0.001 0.564 0.792
17.180 -411.480 -86.188 -0.234 -0.001 0.567 0.790
17.089 -411.456 -86.225 -0.235 -0.001 0.569 0.788
17.036 -411.441 -86.247 -0.236 -0.001 0.570 0.787
16.961 -411.422 -86.279 -0.237 -0.001 0.572 0.785
16.839 -411.391 -86.329 -0.238 -0.001 0.575 0.783
16.748 -411.368 -86.367 -0.239 -0.001 0.578 0.780
16.671 -411.350 -86.399 -0.240 -0.001 0.580 0.778
16.547 -411.322 -86.450 -0.241 -0.001 0.584 0.775
16.432 -411.297 -86.498 -0.243 -0.001 0.587 0.772
16.299 -411.270 -86.553 -0.244 0.000 0.591 0.769
16.218 -411.253 -86.586 -0.245 0.000 0.594 0.766
16.174 -411.245 -86.605 -0.245 0.000 0.595 0.765
16.099 -411.231 -86.635 -0.246 0.000 0.597 0.763
16.011 -411.216 -86.672 -0.247 0.000 0.600 0.761
15.909 -411.199 -86.714 -0.248 0.000 0.603 0.758
15.816 -411.184 -86.752 -0.250 0.000 0.605 0.756
15.739 -411.172 -86.784 -0.250 0.000 0.607 0.754
15.608 -411.153 -86.838 -0.252 0.000 0.611 0.751
15.537 -411.143 -86.867 -0.252 0.000 0.613 0.749
15.437 -411.130 -86.908 -0.254 0.000 0.616 0.746
15.355 -411.121 -86.942 -0.255 0.000 0.618 0.744
15.283 -411.113 -86.972 -0.256 0.000 0.620 0.742
15.187 -411.102 -87.012 -0.257 0.000 0.622 0.740
15.109 -411.095 -87.044 -0.258 0.000 0.624 0.737
15.012 -411.086 -87.084 -0.259 -0.001 0.626 0.735
14.939 -411.080 -87.114 -0.259 -0.001 0.628 0.734
14.813 -411.070 -87.167 -0.260 0.000 0.630 0.731
14.723 -411.063 -87.204 -0.261 0.000 0.633 0.729
14.637 -411.058 -87.239 -0.262 0.000 0.635 0.727
14.533 -411.052 -87.282 -0.263 0.000 0.637 0.725
14.429 -411.047 -87.325 -0.264 -0.001 0.640 0.722
14.319 -411.042 -87.371 -0.266 -0.001 0.643 0.719
14.202 -411.039 -87.419 -0.267 -0.001 0.646 0.715
14.112 -411.037 -87.457 -0.268 -0.001 0.649 0.713
14.018 -411.036 -87.495 -0.269 -0.001 0.651 0.710
13.886 -411.036 -87.550 -0.270 -0.001 0.654 0.707
13.799 -411.036 -87.586 -0.271 0.000 0.656 0.704
13.698 -411.037 -87.628 -0.272 -0.001 0.659 0.701
13.611 -411.039 -87.664 -0.273 -0.001 0.661 0.699
13.471 -411.043 -87.722 -0.274 0.000 0.664 0.695
13.378 -411.047 -87.761 -0.275 0.000 0.666 0.693
13.276 -411.051 -87.802 -0.276 0.000 0.668 0.691
13.159 -411.057 -87.851 -0.276 0.000 0.670 0.690
13.066 -411.062 -87.889 -0.276 0.000 0.671 0.688
12.970 -411.068 -87.929 -0.277 0.000 0.673 0.686
12.895 -411.073 -87.959 -0.277 0.000 0.674 0.685
12.812 -411.079 -87.994 -0.278 0.000 0.675 0.684
12.737 -411.084 -88.024 -0.278 0.000 0.676 0.682
12.647 -411.091 -88.061 -0.279 0.001 0.678 0.680
12.528 -411.101 -88.110 -0.279 0.001 0.679 0.679
12.393 -411.113 -88.165 -0.279 0.001 0.681 0.677
12.286 -411.123 -88.209 -0.280 0.002 0.683 0.674
12.146 -411.138 -88.265 -0.281 0.002 0.686 0.671
12.028 -411.151 -88.313 -0.282 0.002 0.688 0.669
11.928 -411.162 -88.354 -0.281 0.002 0.689 0.668
11.833 -411.173 -88.392 -0.282 0.003 0.690 0.667
11.735 -411.186 -88.432 -0.282 0.003 0.692 0.665
11.577 -411.206 -88.495 -0.282 0.003 0.694 0.662
