24.699 -458.377 -70.112 -0.002 0.000 0.004 1.000
24.698 -458.262 -70.113 -0.003 0.000 0.008 1.000
24.697 -458.191 -70.113 -0.005 0.000 0.011 1.000
24.694 -458.085 -70.114 -0.006 0.000 0.015 1.000
24.690 -457.974 -70.116 -0.008 0.000 0.019 1.000
24.687 -457.890 -70.117 -0.010 0.000 0.022 1.000
24.679 -457.736 -70.120 -0.011 0.000 0.028 1.000
24.674 -457.643 -70.123 -0.013 0.000 0.031 0.999
24.669 -457.566 -70.125 -0.014 0.000 0.034 0.999
24.661 -457.467 -70.128 -0.016 0.000 0.038 0.999
24.653 -457.359 -70.131 -0.017 0.000 0.041 0.999
24.643 -457.240 -70.136 -0.019 0.000 0.045 0.999
24.631 -457.121 -70.140 -0.021 0.000 0.050 0.999
24.623 -457.037 -70.144 -0.022 0.000 0.052 0.998
24.612 -456.940 -70.148 -0.024 0.000 0.056 0.998
24.597 -456.812 -70.155 -0.025 0.000 0.061 0.998
24.583 -456.700 -70.160 -0.026 0.000 0.065 0.998
24.574 -456.636 -70.164 -0.026 0.000 0.067 0.997
24.556 -456.507 -70.171 -0.028 0.000 0.071 0.997
24.542 -456.413 -70.176 -0.030 0.000 0.075 0.997
24.526 -456.306 -70.183 -0.032 0.000 0.078 0.996
24.502 -456.157 -70.193 -0.034 0.000 0.084 0.996
24.492 -456.102 -70.197 -0.035 0.000 0.085 0.996
24.469 -455.970 -70.206 -0.036 0.000 0.090 0.995
24.450 -455.867 -70.214 -0.038 0.000 0.093 0.995
24.431 -455.773 -70.221 -0.039 0.000 0.097 0.995
24.419 -455.711 -70.226 -0.040 0.000 0.099 0.994
24.398 -455.609 -70.235 -0.041 0.000 0.102 0.994
24.366 -455.459 -70.248 -0.043 0.000 0.106 0.993
24.338 -455.334 -70.259 -0.045 0.000 0.111 0.993
24.316 -455.238 -70.268 -0.047 0.000 0.114 0.992
24.297 -455.157 -70.276 -0.048 0.000 0.117 0.992
24.281 -455.090 -70.283 -0.049 0.000 0.120 0.992
24.255 -454.989 -70.293 -0.050 0.000 0.123 0.991
24.232 -454.900 -70.302 -0.051 0.000 0.127 0.991
24.204 -454.793 -70.314 -0.053 0.000 0.130 0.990
24.185 -454.723 -70.322 -0.055 0.000 0.132 0.990
24.146 -454.582 -70.338 -0.056 0.000 0.137 0.989
24.112 -454.465 -70.352 -0.058 0.000 0.141 0.988
24.091 -454.395 -70.360 -0.059 0.000 0.144 0.988
24.063 -454.302 -70.372 -0.060 0.000 0.147 0.987
24.022 -454.170 -70.389 -0.062 0.000 0.151 0.987
24.006 -454.119 -70.395 -0.062 0.000 0.154 0.986
23.967 -454.001 -70.411 -0.064 0.000 0.157 0.986
23.927 -453.880 -70.427 -0.065 0.000 0.161 0.985
23.889 -453.769 -70.442 -0.066 0.000 0.165 0.984
23.848 -453.652 -70.459 -0.068 0.000 0.170 0.983
23.823 -453.582 -70.469 -0.069 0.000 0.172 0.983
23.783 -453.474 -70.485 -0.071 0.000 0.176 0.982
23.754 -453.396 -70.497 -0.072 0.000 0.179 0.981
23.720 -453.310 -70.510 -0.074 0.000 0.182 0.981
23.684 -453.216 -70.525 -0.075 0.000 0.185 0.980
23.653 -453.140 -70.537 -0.076 0.000 0.188 0.979
23.601 -453.011 -70.558 -0.078 0.000 0.193 0.978
23.553 -452.896 -70.578 -0.080 0.000 0.197 0.977
23.511 -452.798 -70.595 -0.081 0.000 0.201 0.976
23.469 -452.703 -70.612 -0.083 0.000 0.204 0.975
23.423 -452.600 -70.631 -0.085 0.000 0.208 0.974
23.376 -452.496 -70.650 -0.086 0.000 0.212 0.973
23.353 -452.445 -70.660 -0.087 0.000 0.214 0.973
23.291 -452.316 -70.685 -0.089 0.000 0.218 0.972
23.243 -452.215 -70.704 -0.090 0.000 0.221 0.971
23.191 -452.109 -70.726 -0.093 0.000 0.225 0.970
23.148 -452.023 -70.743 -0.094 0.000 0.228 0.969
23.112 -451.952 -70.758 -0.096 0.000 0.230 0.968
23.062 -451.855 -70.779 -0.097 0.000 0.233 0.968
22.999 -451.735 -70.805 -0.098 0.000 0.236 0.967
22.947 -451.636 -70.827 -0.100 -0.001 0.238 0.966
22.914 -451.574 -70.841 -0.101 -0.001 0.241 0.965
22.868 -451.490 -70.860 -0.102 -0.001 0.244 0.964
22.816 -451.395 -70.882 -0.103 -0.001 0.247 0.963
22.777 -451.325 -70.898 -0.105 -0.001 0.250 0.963
22.706 -451.200 -70.928 -0.107 -0.001 0.255 0.961
22.656 -451.114 -70.949 -0.108 -0.001 0.258 0.960
22.592 -451.007 -70.976 -0.109 -0.001 0.262 0.959
22.543 -450.926 -70.996 -0.110 0.000 0.265 0.958
22.493 -450.844 -71.017 -0.112 -0.001 0.268 0.957
22.461 -450.792 -71.031 -0.113 -0.001 0.270 0.956
22.390 -450.679 -71.061 -0.115 -0.001 0.274 0.955
22.333 -450.591 -71.084 -0.116 -0.001 0.277 0.954
22.265 -450.486 -71.113 -0.118 -0.001 0.280 0.953
22.219 -450.416 -71.132 -0.119 -0.001 0.283 0.952
22.176 -450.352 -71.150 -0.120 -0.001 0.286 0.951
22.123 -450.273 -71.173 -0.121 -0.001 0.289 0.950
22.085 -450.217 -71.189 -0.122 -0.001 0.290 0.949
22.021 -450.126 -71.215 -0.122 0.000 0.294 0.948
21.965 -450.046 -71.239 -0.123 0.000 0.297 0.947
21.914 -449.974 -71.260 -0.124 0.000 0.300 0.946
21.853 -449.890 -71.285 -0.125 0.000 0.303 0.945
21.784 -449.797 -71.313 -0.126 0.000 0.307 0.943
21.713 -449.701 -71.343 -0.128 0.000 0.310 0.942
21.651 -449.621 -71.368 -0.129 0.000 0.313 0.941
21.595 -449.548 -71.391 -0.130 0.000 0.316 0.940
21.517 -449.448 -71.423 -0.131 0.000 0.319 0.939
21.438 -449.348 -71.456 -0.132 0.000 0.322 0.937
21.371 -449.265 -71.484 -0.134 0.000 0.326 0.936
21.308 -449.187 -71.510 -0.135 0.000 0.329 0.935
21.225 -449.088 -71.543 -0.136 0.000 0.333 0.933
21.148 -448.997 -71.575 -0.137 0.000 0.336 0.932
21.031 -448.860 -71.623 -0.139 0.000 0.341 0.930
20.939 -448.756 -71.660 -0.141 0.001 0.345 0.928
20.890 -448.701 -71.680 -0.142 0.001 0.347 0.927
20.816 -448.619 -71.710 -0.143 0.000 0.350 0.926
20.741 -448.536 -71.741 -0.145 0.000 0.353 0.925
20.655 -448.444 -71.776 -0.147 0.000 0.356 0.923
20.567 -448.350 -71.812 -0.148 0.000 0.359 0.921
20.506 -448.286 -71.838 -0.149 0.000 0.361 0.921
20.413 -448.190 -71.876 -0.150 0.000 0.364 0.919
20.328 -448.103 -71.910 -0.151 0.000 0.367 0.918
20.280 -448.055 -71.930 -0.152 0.000 0.369 0.917
20.195 -447.970 -71.965 -0.152 0.000 0.372 0.916
20.127 -447.903 -71.993 -0.153 0.000 0.375 0.914
20.060 -447.838 -72.020 -0.154 0.000 0.377 0.913
19.992 -447.772 -72.048 -0.155 0.000 0.379 0.912
19.925 -447.708 -72.075 -0.156 0.000 0.381 0.911
19.846 -447.634 -72.108 -0.157 0.000 0.384 0.910
19.743 -447.538 -72.150 -0.158 0.000 0.387 0.908
19.685 -447.484 -72.174 -0.159 0.000 0.389 0.907
19.586 -447.394 -72.214 -0.160 0.000 0.393 0.905
19.510 -447.326 -72.245 -0.161 0.001 0.395 0.904
19.466 -447.287 -72.263 -0.161 0.001 0.396 0.904
19.363 -447.197 -72.304 -0.162 0.001 0.398 0.903
19.308 -447.149 -72.327 -0.163 0.001 0.400 0.902
19.239 -447.089 -72.355 -0.164 0.001 0.403 0.901
19.164 -447.026 -72.385 -0.165 0.001 0.405 0.899
19.085 -446.959 -72.417 -0.166 0.001 0.407 0.898
19.018 -446.903 -72.444 -0.166 0.001 0.408 0.898
18.963 -446.857 -72.467 -0.166 0.001 0.410 0.897
18.863 -446.776 -72.507 -0.167 0.001 0.413 0.895
18.801 -446.725 -72.532 -0.168 0.001 0.414 0.894
18.684 -446.631 -72.580 -0.169 0.001 0.418 0.892
18.624 -446.584 -72.604 -0.170 0.001 0.420 0.891
18.575 -446.546 -72.623 -0.171 0.001 0.421 0.891
18.500 -446.487 -72.654 -0.171 0.001 0.423 0.890
18.409 -446.418 -72.690 -0.173 0.001 0.426 0.888
18.341 -446.366 -72.718 -0.174 0.001 0.428 0.887
18.251 -446.298 -72.755 -0.175 0.001 0.430 0.886
18.191 -446.253 -72.779 -0.175 0.001 0.431 0.885
18.128 -446.207 -72.805 -0.176 0.001 0.434 0.884
18.036 -446.140 -72.842 -0.177 0.001 0.436 0.882
17.914 -446.053 -72.891 -0.178 0.001 0.439 0.881
17.836 -445.998 -72.923 -0.179 0.001 0.441 0.880
17.779 -445.957 -72.946 -0.179 0.001 0.443 0.879
17.709 -445.909 -72.974 -0.180 0.001 0.444 0.878
17.641 -445.862 -73.002 -0.181 0.001 0.446 0.877
17.574 -445.816 -73.029 -0.181 0.001 0.448 0.875
17.477 -445.751 -73.068 -0.182 0.001 0.450 0.874
17.365 -445.676 -73.113 -0.182 0.002 0.453 0.873
17.305 -445.636 -73.137 -0.182 0.002 0.455 0.872
17.178 -445.554 -73.187 -0.183 0.002 0.458 0.870
17.091 -445.498 -73.222 -0.184 0.002 0.460 0.869
17.029 -445.458 -73.246 -0.184 0.003 0.462 0.868
16.961 -445.416 -73.273 -0.185 0.003 0.463 0.867
16.858 -445.352 -73.313 -0.185 0.003 0.466 0.865
16.762 -445.293 -73.351 -0.185 0.003 0.467 0.865
16.658 -445.230 -73.392 -0.185 0.003 0.469 0.863
16.567 -445.175 -73.427 -0.186 0.004 0.471 0.862
16.497 -445.133 -73.455 -0.187 0.003 0.473 0.861
16.399 -445.076 -73.493 -0.188 0.003 0.474 0.860
16.295 -445.015 -73.533 -0.188 0.003 0.476 0.859
16.200 -444.960 -73.571 -0.189 0.003 0.477 0.858
16.118 -444.913 -73.603 -0.189 0.003 0.479 0.857
16.013 -444.853 -73.644 -0.190 0.004 0.482 0.855
15.886 -444.782 -73.693 -0.190 0.004 0.484 0.854
15.814 -444.743 -73.721 -0.190 0.004 0.485 0.853
15.753 -444.710 -73.744 -0.190 0.004 0.486 0.853
15.634 -444.644 -73.790 -0.191 0.005 0.488 0.852
15.514 -444.579 -73.837 -0.191 0.005 0.490 0.850
15.426 -444.533 -73.870 -0.191 0.005 0.492 0.850
15.327 -444.480 -73.908 -0.191 0.005 0.493 0.849
15.278 -444.454 -73.926 -0.191 0.006 0.493 0.849
15.183 -444.405 -73.962 -0.191 0.006 0.494 0.848
15.067 -444.345 -74.006 -0.190 0.006 0.495 0.847
14.984 -444.302 -74.037 -0.191 0.007 0.496 0.847
14.906 -444.262 -74.066 -0.191 0.007 0.497 0.846
14.840 -444.228 -74.091 -0.190 0.007 0.498 0.846
14.760 -444.187 -74.121 -0.190 0.007 0.500 0.845
14.675 -444.144 -74.152 -0.190 0.008 0.501 0.845
14.598 -444.105 -74.181 -0.191 0.008 0.502 0.844
14.471 -444.042 -74.228 -0.191 0.008 0.504 0.843
14.382 -443.998 -74.260 -0.191 0.008 0.504 0.842
14.284 -443.950 -74.296 -0.190 0.009 0.505 0.842
14.208 -443.913 -74.324 -0.190 0.009 0.505 0.842
14.112 -443.866 -74.358 -0.189 0.010 0.507 0.841
