26.389 -423.590 -82.406 -0.026 0.000 0.052 0.998
26.370 -423.416 -82.415 -0.028 0.000 0.057 0.998
26.359 -423.320 -82.421 -0.029 0.000 0.060 0.998
26.347 -423.228 -82.426 -0.031 0.000 0.063 0.998
26.336 -423.146 -82.431 -0.032 0.000 0.066 0.997
26.318 -423.014 -82.440 -0.034 0.000 0.069 0.997
26.306 -422.926 -82.446 -0.035 0.000 0.073 0.997
26.295 -422.855 -82.451 -0.036 0.000 0.075 0.997
26.281 -422.764 -82.458 -0.037 0.000 0.078 0.996
26.264 -422.659 -82.466 -0.039 0.000 0.081 0.996
26.244 -422.540 -82.476 -0.040 0.000 0.085 0.996
26.231 -422.466 -82.482 -0.042 0.000 0.087 0.995
26.207 -422.333 -82.493 -0.043 0.000 0.091 0.995
26.189 -422.238 -82.502 -0.044 0.000 0.094 0.995
26.173 -422.151 -82.510 -0.045 0.000 0.097 0.994
26.151 -422.045 -82.520 -0.047 0.000 0.100 0.994
26.120 -421.896 -82.534 -0.049 0.000 0.105 0.993
26.100 -421.806 -82.543 -0.050 0.000 0.107 0.993
26.083 -421.726 -82.551 -0.051 0.000 0.110 0.993
26.064 -421.644 -82.560 -0.053 0.000 0.113 0.992
26.038 -421.536 -82.572 -0.054 0.000 0.117 0.992
26.010 -421.421 -82.585 -0.057 0.000 0.120 0.991
25.988 -421.329 -82.596 -0.057 0.000 0.123 0.991
25.959 -421.219 -82.609 -0.059 0.000 0.125 0.990
25.932 -421.114 -82.622 -0.060 0.000 0.129 0.990
25.912 -421.040 -82.631 -0.061 0.000 0.131 0.990
25.880 -420.924 -82.646 -0.062 0.000 0.135 0.989
25.857 -420.843 -82.657 -0.063 0.000 0.138 0.988
25.835 -420.766 -82.667 -0.064 0.000 0.141 0.988
25.816 -420.700 -82.676 -0.065 0.000 0.143 0.988
25.784 -420.596 -82.690 -0.066 0.000 0.146 0.987
25.761 -420.521 -82.700 -0.067 0.000 0.148 0.987
25.719 -420.387 -82.719 -0.068 0.001 0.151 0.986
25.687 -420.284 -82.734 -0.069 0.001 0.154 0.986
25.658 -420.194 -82.747 -0.070 0.001 0.157 0.985
25.631 -420.113 -82.759 -0.071 0.001 0.159 0.985
25.600 -420.022 -82.772 -0.072 0.001 0.162 0.984
25.578 -419.956 -82.782 -0.072 0.001 0.164 0.984
25.526 -419.807 -82.805 -0.074 0.001 0.167 0.983
25.503 -419.744 -82.815 -0.075 0.001 0.169 0.983
25.459 -419.622 -82.835 -0.076 0.001 0.173 0.982
25.426 -419.532 -82.849 -0.077 0.001 0.176 0.981
25.379 -419.407 -82.870 -0.078 0.001 0.179 0.981
25.349 -419.330 -82.882 -0.079 0.001 0.181 0.980
25.300 -419.204 -82.904 -0.080 0.001 0.184 0.980
25.267 -419.120 -82.918 -0.080 0.001 0.186 0.979
25.234 -419.039 -82.932 -0.081 0.001 0.189 0.979
25.191 -418.933 -82.951 -0.082 0.001 0.192 0.978
25.167 -418.876 -82.961 -0.083 0.001 0.193 0.978
25.126 -418.776 -82.978 -0.083 0.001 0.195 0.977
25.091 -418.693 -82.993 -0.084 0.001 0.197 0.977
25.049 -418.595 -83.011 -0.085 0.001 0.199 0.976
25.004 -418.491 -83.030 -0.086 0.001 0.202 0.976
24.959 -418.388 -83.049 -0.088 0.001 0.205 0.975
24.926 -418.316 -83.063 -0.089 0.001 0.207 0.974
24.882 -418.219 -83.082 -0.090 0.001 0.211 0.973
24.844 -418.137 -83.098 -0.091 0.001 0.214 0.973
24.804 -418.050 -83.115 -0.093 0.001 0.217 0.972
24.764 -417.968 -83.132 -0.094 0.001 0.219 0.971
24.733 -417.903 -83.145 -0.094 0.001 0.222 0.971
24.682 -417.799 -83.167 -0.096 0.001 0.226 0.969
24.628 -417.692 -83.190 -0.097 0.001 0.230 0.968
24.576 -417.591 -83.212 -0.099 0.001 0.233 0.967
24.520 -417.484 -83.236 -0.102 0.001 0.238 0.966
24.472 -417.395 -83.256 -0.103 0.001 0.241 0.965
24.425 -417.309 -83.276 -0.105 0.001 0.244 0.964
24.378 -417.223 -83.296 -0.106 0.001 0.248 0.963
24.316 -417.112 -83.323 -0.107 0.001 0.252 0.962
24.262 -417.020 -83.345 -0.109 0.001 0.256 0.961
24.200 -416.914 -83.371 -0.110 0.001 0.259 0.959
24.144 -416.820 -83.395 -0.111 0.001 0.263 0.958
24.111 -416.765 -83.409 -0.112 0.001 0.265 0.958
24.059 -416.680 -83.431 -0.114 0.001 0.268 0.957
23.995 -416.579 -83.458 -0.115 0.001 0.272 0.955
23.942 -416.495 -83.481 -0.116 0.002 0.276 0.954
23.898 -416.427 -83.499 -0.117 0.002 0.278 0.953
23.844 -416.345 -83.521 -0.118 0.002 0.281 0.952
23.789 -416.261 -83.545 -0.120 0.002 0.284 0.951
23.733 -416.178 -83.568 -0.121 0.002 0.288 0.950
23.686 -416.111 -83.587 -0.122 0.002 0.290 0.949
23.623 -416.019 -83.614 -0.124 0.002 0.294 0.948
23.569 -415.943 -83.637 -0.126 0.001 0.297 0.946
23.506 -415.855 -83.663 -0.127 0.002 0.301 0.945
23.444 -415.771 -83.689 -0.128 0.002 0.305 0.944
23.391 -415.699 -83.712 -0.130 0.002 0.308 0.943
23.357 -415.653 -83.726 -0.130 0.002 0.310 0.942
23.309 -415.591 -83.746 -0.131 0.002 0.313 0.941
23.266 -415.534 -83.764 -0.133 0.002 0.315 0.940
23.222 -415.478 -83.782 -0.134 0.001 0.317 0.939
23.157 -415.395 -83.810 -0.136 0.001 0.320 0.937
23.098 -415.321 -83.835 -0.138 0.001 0.324 0.936
23.022 -415.228 -83.867 -0.139 0.001 0.328 0.934
22.959 -415.153 -83.893 -0.141 0.001 0.331 0.933
22.910 -415.095 -83.914 -0.142 0.001 0.334 0.932
22.837 -415.008 -83.945 -0.144 0.001 0.338 0.930
22.752 -414.911 -83.981 -0.146 0.001 0.342 0.928
22.706 -414.858 -84.001 -0.147 0.001 0.344 0.927
22.643 -414.788 -84.028 -0.148 0.001 0.347 0.926
22.575 -414.712 -84.057 -0.150 0.001 0.351 0.924
22.496 -414.627 -84.091 -0.151 0.001 0.355 0.923
22.438 -414.566 -84.115 -0.152 0.001 0.358 0.921
22.341 -414.463 -84.157 -0.155 0.001 0.363 0.919
22.247 -414.369 -84.197 -0.157 0.001 0.368 0.917
22.115 -414.237 -84.253 -0.161 0.001 0.375 0.913
22.069 -414.193 -84.272 -0.162 0.001 0.377 0.912
22.013 -414.140 -84.296 -0.163 0.000 0.380 0.910
21.964 -414.093 -84.318 -0.165 0.000 0.382 0.909
21.873 -414.008 -84.357 -0.166 0.001 0.387 0.907
21.814 -413.955 -84.382 -0.167 0.001 0.390 0.906
21.731 -413.880 -84.418 -0.169 0.001 0.394 0.904
21.669 -413.825 -84.444 -0.170 0.000 0.396 0.902
21.599 -413.764 -84.474 -0.172 0.000 0.399 0.900
21.544 -413.718 -84.498 -0.173 0.000 0.402 0.899
21.473 -413.657 -84.529 -0.175 0.000 0.405 0.897
21.385 -413.584 -84.566 -0.176 0.000 0.410 0.895
21.289 -413.507 -84.607 -0.177 0.001 0.414 0.893
21.202 -413.437 -84.645 -0.179 0.001 0.418 0.891
21.130 -413.381 -84.675 -0.181 0.000 0.421 0.889
21.036 -413.309 -84.716 -0.183 0.001 0.426 0.886
20.924 -413.226 -84.764 -0.185 0.000 0.430 0.883
20.848 -413.170 -84.797 -0.187 0.000 0.434 0.881
20.767 -413.112 -84.831 -0.188 0.000 0.437 0.879
20.652 -413.032 -84.881 -0.190 0.001 0.443 0.876
20.542 -412.956 -84.928 -0.192 0.001 0.446 0.874
20.455 -412.898 -84.965 -0.193 0.000 0.450 0.872
20.350 -412.829 -85.010 -0.195 0.001 0.454 0.869
20.264 -412.774 -85.047 -0.197 0.000 0.458 0.867
20.166 -412.713 -85.089 -0.199 0.000 0.462 0.864
20.109 -412.678 -85.113 -0.200 0.000 0.464 0.863
20.017 -412.622 -85.153 -0.202 0.000 0.468 0.861
19.908 -412.558 -85.200 -0.203 0.000 0.472 0.858
19.800 -412.496 -85.247 -0.205 0.000 0.477 0.855
19.722 -412.452 -85.280 -0.206 0.000 0.480 0.853
19.564 -412.366 -85.348 -0.209 0.001 0.486 0.849
19.480 -412.321 -85.384 -0.210 0.000 0.489 0.847
19.398 -412.279 -85.419 -0.211 0.001 0.492 0.844
19.325 -412.242 -85.450 -0.212 0.001 0.495 0.842
19.208 -412.184 -85.500 -0.213 0.001 0.499 0.840
19.129 -412.146 -85.533 -0.214 0.001 0.502 0.838
19.050 -412.109 -85.567 -0.215 0.001 0.505 0.836
18.910 -412.044 -85.626 -0.217 0.002 0.510 0.833
18.797 -411.993 -85.674 -0.218 0.002 0.514 0.830
18.724 -411.962 -85.705 -0.218 0.003 0.516 0.828
18.613 -411.914 -85.751 -0.220 0.002 0.520 0.825
18.520 -411.876 -85.790 -0.222 0.002 0.523 0.823
18.430 -411.839 -85.828 -0.223 0.002 0.526 0.821
18.360 -411.811 -85.858 -0.224 0.002 0.529 0.819
18.273 -411.777 -85.894 -0.225 0.002 0.532 0.817
18.181 -411.742 -85.933 -0.228 0.001 0.534 0.814
18.096 -411.711 -85.969 -0.229 0.001 0.537 0.812
17.989 -411.673 -86.014 -0.230 0.002 0.541 0.809
17.889 -411.638 -86.057 -0.231 0.002 0.544 0.807
17.767 -411.596 -86.108 -0.233 0.002 0.547 0.804
17.665 -411.563 -86.151 -0.234 0.001 0.550 0.801
17.574 -411.534 -86.190 -0.235 0.002 0.553 0.799
17.500 -411.511 -86.221 -0.237 0.001 0.555 0.797
17.413 -411.485 -86.258 -0.237 0.002 0.558 0.795
17.333 -411.462 -86.292 -0.238 0.002 0.560 0.793
17.222 -411.430 -86.339 -0.240 0.002 0.564 0.790
17.118 -411.401 -86.383 -0.241 0.002 0.567 0.788
17.027 -411.377 -86.421 -0.242 0.001 0.570 0.785
16.908 -411.347 -86.471 -0.243 0.002 0.573 0.783
16.793 -411.319 -86.520 -0.245 0.002 0.576 0.780
16.687 -411.294 -86.565 -0.247 0.001 0.579 0.777
16.625 -411.280 -86.591 -0.247 0.002 0.581 0.775
16.529 -411.259 -86.632 -0.249 0.001 0.584 0.773
16.419 -411.236 -86.678 -0.250 0.002 0.587 0.770
16.349 -411.222 -86.708 -0.250 0.002 0.589 0.768
16.233 -411.199 -86.756 -0.251 0.002 0.592 0.766
16.138 -411.181 -86.797 -0.252 0.002 0.595 0.763
15.993 -411.156 -86.858 -0.254 0.002 0.599 0.760
15.935 -411.147 -86.882 -0.254 0.003 0.601 0.758
15.825 -411.129 -86.928 -0.256 0.002 0.604 0.755
15.768 -411.121 -86.952 -0.257 0.002 0.605 0.754
15.669 -411.106 -86.994 -0.258 0.002 0.608 0.751
15.569 -411.093 -87.036 -0.259 0.002 0.611 0.748
15.470 -411.080 -87.078 -0.260 0.002 0.613 0.746
15.416 -411.074 -87.100 -0.261 0.002 0.615 0.744
15.299 -411.061 -87.150 -0.262 0.002 0.618 0.741
15.190 -411.050 -87.195 -0.263 0.002 0.621 0.738
15.057 -411.038 -87.251 -0.265 0.002 0.625 0.734
14.977 -411.031 -87.285 -0.266 0.002 0.627 0.732
14.881 -411.024 -87.326 -0.267 0.002 0.629 0.730
14.791 -411.018 -87.364 -0.268 0.002 0.632 0.727
14.700 -411.013 -87.402 -0.269 0.002 0.634 0.725
14.631 -411.009 -87.431 -0.270 0.002 0.636 0.723
14.572 -411.006 -87.456 -0.270 0.002 0.638 0.721
14.451 -411.002 -87.507 -0.271 0.002 0.641 0.718
14.374 -410.999 -87.539 -0.272 0.002 0.642 0.716
14.264 -410.997 -87.585 -0.273 0.002 0.646 0.713
14.100 -410.995 -87.654 -0.275 0.003 0.650 0.708
14.034 -410.995 -87.682 -0.276 0.002 0.651 0.707
13.956 -410.995 -87.714 -0.277 0.002 0.653 0.705
13.840 -410.997 -87.763 -0.278 0.002 0.656 0.702
13.761 -410.998 -87.796 -0.279 0.002 0.658 0.700
13.710 -410.999 -87.818 -0.280 0.002 0.659 0.698
13.572 -411.004 -87.876 -0.281 0.002 0.662 0.695
13.424 -411.010 -87.938 -0.282 0.001 0.665 0.692
13.310 -411.016 -87.986 -0.283 0.002 0.667 0.689
13.213 -411.022 -88.028 -0.284 0.002 0.669 0.687
13.112 -411.028 -88.070 -0.284 0.002 0.671 0.685
12.975 -411.038 -88.127 -0.285 0.002 0.673 0.683
12.894 -411.044 -88.161 -0.285 0.003 0.674 0.681
12.831 -411.049 -88.188 -0.286 0.003 0.675 0.680
12.741 -411.057 -88.225 -0.286 0.003 0.677 0.678
12.613 -411.069 -88.279 -0.286 0.004 0.679 0.676
12.526 -411.077 -88.314 -0.287 0.004 0.681 0.674
12.447 -411.085 -88.347 -0.287 0.004 0.682 0.673
12.355 -411.094 -88.385 -0.288 0.004 0.683 0.671
12.272 -411.103 -88.420 -0.288 0.004 0.685 0.670
12.162 -411.116 -88.465 -0.288 0.005 0.687 0.667
12.088 -411.125 -88.496 -0.288 0.005 0.688 0.666
11.973 -411.139 -88.543 -0.289 0.005 0.689 0.664
11.889 -411.150 -88.577 -0.289 0.006 0.691 0.663
11.807 -411.161 -88.611 -0.289 0.006 0.692 0.662
11.645 -411.183 -88.677 -0.290 0.006 0.693 0.660
11.584 -411.192 -88.702 -0.290 0.006 0.694 0.659
