24.700 -458.407 -70.112 -0.002 0.000 0.003 1.000
24.699 -458.316 -70.112 -0.002 0.000 0.005 1.000
24.697 -458.197 -70.113 -0.005 0.000 0.009 1.000
24.696 -458.118 -70.114 -0.006 0.000 0.011 1.000
24.693 -458.014 -70.115 -0.008 0.000 0.014 1.000
24.689 -457.903 -70.117 -0.010 0.000 0.018 1.000
24.685 -457.781 -70.120 -0.012 0.000 0.022 1.000
24.677 -457.640 -70.124 -0.014 0.000 0.028 1.000
24.671 -457.530 -70.127 -0.015 0.000 0.032 0.999
24.661 -457.387 -70.132 -0.017 0.000 0.038 0.999
24.654 -457.300 -70.134 -0.018 0.000 0.041 0.999
24.646 -457.208 -70.138 -0.019 0.000 0.045 0.999
24.633 -457.065 -70.144 -0.022 0.000 0.049 0.999
24.623 -456.967 -70.148 -0.024 0.000 0.052 0.998
24.614 -456.891 -70.152 -0.025 0.000 0.055 0.998
24.598 -456.747 -70.160 -0.028 0.000 0.060 0.998
24.585 -456.644 -70.166 -0.028 0.000 0.063 0.998
24.574 -456.560 -70.171 -0.030 0.000 0.066 0.997
24.562 -456.473 -70.176 -0.031 0.000 0.069 0.997
24.552 -456.400 -70.181 -0.032 0.000 0.072 0.997
24.536 -456.298 -70.187 -0.034 0.000 0.075 0.997
24.522 -456.204 -70.194 -0.035 0.000 0.079 0.996
24.502 -456.085 -70.203 -0.038 0.000 0.083 0.996
24.489 -456.004 -70.209 -0.040 0.000 0.086 0.996
24.476 -455.933 -70.215 -0.040 0.000 0.089 0.995
24.454 -455.816 -70.225 -0.043 0.000 0.092 0.995
24.438 -455.730 -70.232 -0.044 0.000 0.095 0.995
24.422 -455.646 -70.240 -0.045 0.000 0.098 0.994
24.412 -455.598 -70.244 -0.046 0.000 0.099 0.994
24.395 -455.514 -70.252 -0.047 0.000 0.102 0.994
24.356 -455.335 -70.270 -0.050 0.000 0.108 0.993
24.331 -455.223 -70.282 -0.052 0.000 0.111 0.992
24.300 -455.089 -70.297 -0.055 0.000 0.116 0.992
24.285 -455.024 -70.304 -0.056 0.000 0.118 0.991
24.262 -454.932 -70.315 -0.057 0.000 0.120 0.991
24.239 -454.840 -70.326 -0.058 0.000 0.123 0.991
24.224 -454.781 -70.333 -0.059 0.000 0.125 0.990
24.204 -454.703 -70.342 -0.060 0.000 0.128 0.990
24.174 -454.590 -70.356 -0.061 0.000 0.131 0.989
24.146 -454.488 -70.369 -0.062 0.000 0.134 0.989
24.119 -454.392 -70.382 -0.063 0.000 0.138 0.988
24.091 -454.297 -70.394 -0.065 0.000 0.141 0.988
24.075 -454.241 -70.402 -0.065 0.000 0.143 0.988
24.038 -454.120 -70.419 -0.067 0.000 0.147 0.987
24.025 -454.078 -70.424 -0.068 0.000 0.149 0.987
24.002 -454.005 -70.435 -0.069 0.000 0.151 0.986
23.969 -453.902 -70.450 -0.071 0.000 0.155 0.985
23.944 -453.825 -70.461 -0.072 0.000 0.158 0.985
23.913 -453.732 -70.476 -0.074 0.000 0.161 0.984
23.878 -453.631 -70.492 -0.076 0.000 0.165 0.983
23.827 -453.486 -70.515 -0.077 0.000 0.170 0.982
23.782 -453.364 -70.535 -0.079 0.000 0.174 0.982
23.744 -453.262 -70.553 -0.082 0.000 0.178 0.981
23.717 -453.190 -70.565 -0.083 0.000 0.180 0.980
23.666 -453.060 -70.589 -0.085 0.000 0.185 0.979
23.631 -452.971 -70.605 -0.087 0.000 0.188 0.978
23.588 -452.866 -70.625 -0.088 0.000 0.192 0.977
23.542 -452.756 -70.646 -0.091 0.000 0.196 0.976
23.496 -452.646 -70.668 -0.092 0.000 0.199 0.976
23.425 -452.485 -70.700 -0.094 0.000 0.205 0.974
23.390 -452.409 -70.716 -0.095 0.000 0.208 0.973
23.359 -452.340 -70.730 -0.096 0.000 0.211 0.973
23.327 -452.272 -70.745 -0.097 0.000 0.214 0.972
23.281 -452.174 -70.765 -0.098 0.000 0.217 0.971
23.227 -452.060 -70.790 -0.101 0.000 0.221 0.970
23.170 -451.945 -70.816 -0.102 0.000 0.225 0.969
23.134 -451.872 -70.833 -0.104 0.000 0.228 0.968
23.088 -451.784 -70.853 -0.105 0.000 0.231 0.967
23.057 -451.723 -70.867 -0.106 0.000 0.233 0.967
23.014 -451.641 -70.887 -0.107 0.000 0.235 0.966
22.959 -451.536 -70.912 -0.108 0.000 0.238 0.965
22.905 -451.435 -70.937 -0.110 0.000 0.242 0.964
22.850 -451.335 -70.961 -0.111 0.000 0.246 0.963
22.804 -451.253 -70.982 -0.112 0.000 0.249 0.962
22.750 -451.157 -71.007 -0.114 0.001 0.252 0.961
22.717 -451.101 -71.021 -0.114 0.001 0.254 0.960
22.670 -451.019 -71.043 -0.115 0.001 0.257 0.960
22.623 -450.940 -71.063 -0.116 0.001 0.260 0.959
22.583 -450.873 -71.081 -0.117 0.001 0.262 0.958
22.550 -450.819 -71.096 -0.118 0.001 0.264 0.957
22.498 -450.733 -71.119 -0.119 0.001 0.267 0.956
22.437 -450.635 -71.146 -0.120 0.001 0.270 0.955
22.390 -450.561 -71.167 -0.122 0.001 0.273 0.954
22.316 -450.445 -71.200 -0.124 0.001 0.276 0.953
22.271 -450.376 -71.221 -0.125 0.001 0.278 0.952
22.227 -450.309 -71.240 -0.127 0.000 0.281 0.951
22.159 -450.206 -71.271 -0.128 0.000 0.284 0.950
22.107 -450.129 -71.294 -0.130 0.000 0.287 0.949
22.060 -450.061 -71.316 -0.131 0.001 0.290 0.948
22.000 -449.975 -71.342 -0.131 0.001 0.293 0.947
21.953 -449.908 -71.363 -0.132 0.001 0.296 0.946
21.865 -449.784 -71.403 -0.134 0.001 0.300 0.944
21.804 -449.700 -71.430 -0.135 0.001 0.303 0.943
21.745 -449.620 -71.456 -0.137 0.001 0.305 0.942
21.703 -449.563 -71.475 -0.137 0.001 0.307 0.942
21.645 -449.486 -71.501 -0.139 0.001 0.310 0.941
21.596 -449.423 -71.523 -0.139 0.001 0.312 0.940
21.521 -449.326 -71.556 -0.141 0.001 0.316 0.938
21.478 -449.271 -71.575 -0.142 0.001 0.318 0.937
21.432 -449.212 -71.596 -0.143 0.001 0.320 0.936
21.392 -449.163 -71.614 -0.144 0.001 0.322 0.936
21.332 -449.088 -71.640 -0.144 0.001 0.324 0.935
21.253 -448.992 -71.675 -0.145 0.001 0.326 0.934
21.176 -448.898 -71.710 -0.147 0.001 0.330 0.932
21.092 -448.799 -71.746 -0.147 0.001 0.333 0.931
21.024 -448.718 -71.777 -0.148 0.001 0.337 0.930
20.967 -448.652 -71.801 -0.149 0.002 0.339 0.929
20.868 -448.539 -71.845 -0.150 0.002 0.343 0.927
20.794 -448.456 -71.877 -0.151 0.002 0.346 0.926
20.740 -448.396 -71.900 -0.152 0.002 0.348 0.925
20.676 -448.327 -71.928 -0.152 0.002 0.350 0.924
20.608 -448.252 -71.957 -0.153 0.003 0.353 0.923
20.543 -448.182 -71.985 -0.154 0.003 0.356 0.922
20.484 -448.121 -72.010 -0.155 0.003 0.358 0.921
20.427 -448.060 -72.035 -0.156 0.002 0.360 0.920
20.332 -447.962 -72.076 -0.157 0.003 0.363 0.918
20.234 -447.862 -72.118 -0.159 0.002 0.366 0.917
20.170 -447.797 -72.146 -0.160 0.002 0.369 0.916
20.099 -447.727 -72.176 -0.161 0.002 0.371 0.915
20.030 -447.658 -72.206 -0.162 0.002 0.373 0.914
19.961 -447.591 -72.235 -0.163 0.002 0.375 0.912
19.901 -447.533 -72.261 -0.164 0.002 0.377 0.912
19.803 -447.439 -72.304 -0.165 0.002 0.379 0.911
19.742 -447.381 -72.331 -0.167 0.002 0.381 0.909
19.690 -447.332 -72.353 -0.167 0.002 0.383 0.909
19.615 -447.262 -72.386 -0.168 0.002 0.385 0.907
19.550 -447.202 -72.414 -0.168 0.002 0.387 0.907
19.477 -447.136 -72.445 -0.170 0.002 0.389 0.906
19.409 -447.074 -72.475 -0.170 0.002 0.391 0.904
19.334 -447.007 -72.507 -0.171 0.002 0.393 0.903
19.274 -446.954 -72.533 -0.171 0.002 0.395 0.903
19.206 -446.895 -72.562 -0.172 0.002 0.397 0.901
19.116 -446.816 -72.601 -0.173 0.002 0.399 0.900
19.049 -446.759 -72.630 -0.174 0.003 0.401 0.900
18.962 -446.685 -72.667 -0.174 0.003 0.403 0.898
18.883 -446.618 -72.701 -0.175 0.003 0.406 0.897
18.823 -446.568 -72.726 -0.175 0.003 0.407 0.896
18.736 -446.497 -72.764 -0.176 0.003 0.410 0.895
18.667 -446.440 -72.793 -0.178 0.003 0.412 0.894
18.616 -446.400 -72.815 -0.178 0.003 0.413 0.893
18.527 -446.328 -72.853 -0.179 0.003 0.416 0.892
18.451 -446.269 -72.885 -0.180 0.003 0.419 0.890
18.379 -446.213 -72.916 -0.181 0.003 0.421 0.889
18.291 -446.145 -72.953 -0.182 0.003 0.423 0.888
18.188 -446.066 -72.997 -0.183 0.003 0.426 0.886
18.134 -446.026 -73.020 -0.183 0.003 0.428 0.885
18.080 -445.986 -73.043 -0.184 0.004 0.430 0.884
17.990 -445.920 -73.081 -0.185 0.004 0.432 0.883
17.871 -445.833 -73.131 -0.186 0.004 0.436 0.881
17.813 -445.792 -73.155 -0.186 0.004 0.437 0.880
17.756 -445.751 -73.179 -0.187 0.004 0.438 0.879
17.652 -445.678 -73.223 -0.188 0.004 0.441 0.877
17.588 -445.634 -73.250 -0.188 0.004 0.443 0.876
17.490 -445.567 -73.291 -0.190 0.004 0.446 0.875
17.399 -445.506 -73.329 -0.190 0.004 0.448 0.873
17.345 -445.469 -73.352 -0.191 0.004 0.450 0.873
17.290 -445.434 -73.375 -0.191 0.005 0.451 0.872
17.241 -445.401 -73.395 -0.192 0.004 0.452 0.871
17.161 -445.349 -73.429 -0.192 0.005 0.454 0.870
17.086 -445.301 -73.460 -0.193 0.005 0.456 0.869
17.014 -445.255 -73.490 -0.193 0.005 0.458 0.868
16.934 -445.204 -73.523 -0.193 0.005 0.459 0.867
16.856 -445.155 -73.555 -0.193 0.005 0.460 0.867
16.779 -445.107 -73.587 -0.193 0.006 0.461 0.866
16.709 -445.063 -73.616 -0.193 0.006 0.463 0.865
16.621 -445.009 -73.652 -0.193 0.006 0.465 0.864
16.544 -444.962 -73.683 -0.194 0.006 0.466 0.863
16.475 -444.921 -73.711 -0.194 0.006 0.467 0.862
16.385 -444.866 -73.748 -0.194 0.007 0.469 0.861
16.298 -444.815 -73.783 -0.195 0.007 0.471 0.860
16.195 -444.754 -73.824 -0.195 0.007 0.474 0.859
16.145 -444.725 -73.845 -0.195 0.007 0.474 0.858
16.072 -444.683 -73.874 -0.195 0.008 0.476 0.858
16.012 -444.648 -73.898 -0.195 0.008 0.477 0.857
15.941 -444.608 -73.926 -0.195 0.008 0.478 0.856
15.858 -444.561 -73.959 -0.195 0.008 0.479 0.856
15.757 -444.504 -73.999 -0.196 0.008 0.481 0.854
15.692 -444.468 -74.024 -0.197 0.008 0.482 0.853
15.586 -444.409 -74.066 -0.197 0.009 0.484 0.853
15.457 -444.339 -74.117 -0.197 0.009 0.486 0.852
15.394 -444.305 -74.142 -0.197 0.009 0.486 0.851
15.340 -444.276 -74.163 -0.197 0.009 0.487 0.851
15.240 -444.222 -74.203 -0.197 0.009 0.488 0.850
15.155 -444.177 -74.236 -0.197 0.010 0.489 0.850
15.054 -444.123 -74.275 -0.197 0.010 0.491 0.849
15.022 -444.106 -74.288 -0.197 0.010 0.491 0.848
14.918 -444.052 -74.328 -0.197 0.010 0.492 0.848
14.807 -443.994 -74.371 -0.197 0.011 0.493 0.848
14.706 -443.941 -74.409 -0.197 0.011 0.494 0.847
14.585 -443.879 -74.456 -0.197 0.011 0.496 0.846
14.528 -443.850 -74.477 -0.197 0.012 0.497 0.845
14.452 -443.812 -74.506 -0.196 0.012 0.497 0.845
14.380 -443.775 -74.533 -0.196 0.012 0.498 0.845
14.301 -443.735 -74.563 -0.197 0.012 0.499 0.844
14.196 -443.683 -74.603 -0.196 0.012 0.500 0.843
14.087 -443.629 -74.643 -0.196 0.013 0.501 0.843
