26.389 -423.592 -82.405 -0.026 0.000 0.052 0.998
26.380 -423.505 -82.410 -0.027 0.000 0.055 0.998
26.370 -423.416 -82.415 -0.028 0.000 0.058 0.998
26.355 -423.291 -82.422 -0.030 0.000 0.062 0.998
26.339 -423.169 -82.430 -0.032 0.000 0.066 0.997
26.328 -423.087 -82.435 -0.033 0.000 0.068 0.997
26.313 -422.980 -82.443 -0.034 0.000 0.072 0.997
26.296 -422.868 -82.450 -0.034 0.000 0.076 0.997
26.281 -422.772 -82.457 -0.036 0.000 0.079 0.996
26.267 -422.686 -82.463 -0.036 0.000 0.081 0.996
26.254 -422.608 -82.469 -0.037 0.000 0.083 0.996
26.240 -422.525 -82.476 -0.038 0.000 0.086 0.996
26.227 -422.453 -82.481 -0.039 0.000 0.088 0.995
26.207 -422.339 -82.490 -0.041 0.000 0.091 0.995
26.188 -422.238 -82.499 -0.042 0.000 0.094 0.995
26.169 -422.143 -82.507 -0.044 0.000 0.098 0.994
26.149 -422.046 -82.516 -0.045 0.000 0.101 0.994
26.124 -421.924 -82.527 -0.046 0.000 0.104 0.993
26.102 -421.824 -82.537 -0.047 0.000 0.107 0.993
26.087 -421.754 -82.544 -0.048 0.000 0.110 0.993
26.074 -421.700 -82.549 -0.049 0.000 0.112 0.993
26.050 -421.594 -82.560 -0.050 0.000 0.115 0.992
26.026 -421.496 -82.570 -0.052 0.000 0.118 0.992
26.004 -421.404 -82.580 -0.053 0.000 0.121 0.991
25.973 -421.283 -82.593 -0.054 0.000 0.124 0.991
25.946 -421.180 -82.605 -0.055 0.000 0.128 0.990
25.921 -421.085 -82.616 -0.056 0.000 0.131 0.990
25.900 -421.008 -82.625 -0.057 0.000 0.133 0.989
25.866 -420.887 -82.639 -0.059 0.000 0.136 0.989
25.835 -420.778 -82.653 -0.061 0.000 0.139 0.988
25.794 -420.636 -82.671 -0.063 0.000 0.143 0.988
25.759 -420.519 -82.687 -0.065 0.000 0.147 0.987
25.726 -420.415 -82.701 -0.066 0.000 0.149 0.987
25.693 -420.310 -82.715 -0.067 0.000 0.153 0.986
25.650 -420.175 -82.735 -0.068 0.000 0.156 0.985
25.619 -420.083 -82.748 -0.068 0.001 0.159 0.985
25.588 -419.989 -82.761 -0.070 0.001 0.162 0.984
25.560 -419.908 -82.773 -0.071 0.001 0.165 0.984
25.510 -419.765 -82.795 -0.072 0.001 0.169 0.983
25.471 -419.658 -82.811 -0.074 0.000 0.171 0.982
25.421 -419.521 -82.833 -0.075 0.001 0.175 0.982
25.389 -419.436 -82.847 -0.076 0.001 0.178 0.981
25.351 -419.334 -82.863 -0.077 0.001 0.180 0.981
25.316 -419.246 -82.878 -0.078 0.001 0.183 0.980
25.272 -419.132 -82.897 -0.078 0.001 0.186 0.979
25.255 -419.091 -82.903 -0.078 0.001 0.187 0.979
25.216 -418.993 -82.920 -0.080 0.001 0.190 0.979
25.169 -418.879 -82.940 -0.081 0.001 0.193 0.978
25.138 -418.805 -82.952 -0.082 0.001 0.195 0.977
25.083 -418.675 -82.976 -0.084 0.001 0.199 0.976
25.032 -418.556 -82.997 -0.085 0.001 0.202 0.976
24.976 -418.428 -83.020 -0.086 0.001 0.205 0.975
24.930 -418.327 -83.040 -0.088 0.001 0.209 0.974
24.896 -418.252 -83.054 -0.089 0.001 0.211 0.973
24.851 -418.155 -83.073 -0.090 0.001 0.215 0.972
24.810 -418.070 -83.090 -0.091 0.001 0.218 0.972
24.759 -417.963 -83.111 -0.093 0.001 0.221 0.971
24.711 -417.866 -83.131 -0.095 0.001 0.225 0.970
24.666 -417.776 -83.150 -0.097 0.001 0.229 0.969
24.615 -417.676 -83.172 -0.098 0.001 0.233 0.968
24.585 -417.619 -83.184 -0.099 0.001 0.235 0.967
24.551 -417.554 -83.199 -0.100 0.001 0.237 0.966
24.502 -417.462 -83.219 -0.101 0.001 0.240 0.965
24.460 -417.385 -83.237 -0.102 0.001 0.243 0.965
24.413 -417.299 -83.257 -0.103 0.001 0.247 0.964
24.375 -417.230 -83.273 -0.104 0.001 0.249 0.963
24.337 -417.163 -83.289 -0.106 0.001 0.252 0.962
24.288 -417.079 -83.309 -0.107 0.001 0.255 0.961
24.247 -417.008 -83.326 -0.108 0.001 0.257 0.960
24.207 -416.941 -83.343 -0.109 0.001 0.259 0.960
24.158 -416.858 -83.364 -0.110 0.001 0.262 0.959
24.099 -416.760 -83.388 -0.113 0.001 0.265 0.958
24.015 -416.624 -83.424 -0.114 0.001 0.270 0.956
23.963 -416.541 -83.446 -0.115 0.001 0.273 0.955
23.917 -416.470 -83.465 -0.116 0.001 0.276 0.954
23.857 -416.377 -83.490 -0.118 0.001 0.279 0.953
23.823 -416.325 -83.505 -0.119 0.001 0.282 0.952
23.777 -416.255 -83.524 -0.120 0.001 0.284 0.951
23.735 -416.192 -83.542 -0.122 0.001 0.286 0.950
23.699 -416.140 -83.557 -0.123 0.000 0.288 0.950
23.636 -416.048 -83.584 -0.125 0.000 0.293 0.948
23.591 -415.984 -83.603 -0.126 0.000 0.295 0.947
23.521 -415.885 -83.633 -0.127 0.000 0.299 0.946
23.434 -415.765 -83.670 -0.130 0.000 0.304 0.944
23.389 -415.705 -83.689 -0.131 0.000 0.307 0.943
23.321 -415.615 -83.718 -0.133 0.000 0.311 0.941
23.256 -415.529 -83.746 -0.135 0.000 0.315 0.940
23.186 -415.439 -83.776 -0.136 0.000 0.319 0.938
23.137 -415.378 -83.797 -0.138 0.000 0.322 0.937
23.066 -415.290 -83.827 -0.140 0.000 0.326 0.935
23.002 -415.212 -83.854 -0.141 0.000 0.330 0.933
22.953 -415.152 -83.876 -0.143 0.000 0.333 0.932
22.873 -415.059 -83.910 -0.145 0.000 0.337 0.930
22.795 -414.968 -83.943 -0.146 0.000 0.341 0.929
22.723 -414.887 -83.974 -0.147 0.000 0.346 0.927
22.674 -414.833 -83.995 -0.148 0.001 0.348 0.926
22.621 -414.774 -84.017 -0.149 0.001 0.351 0.924
22.575 -414.724 -84.037 -0.150 0.001 0.354 0.923
22.489 -414.633 -84.073 -0.152 0.000 0.358 0.921
22.440 -414.581 -84.094 -0.154 0.000 0.360 0.920
22.338 -414.476 -84.138 -0.157 0.000 0.365 0.918
22.265 -414.402 -84.169 -0.158 0.000 0.369 0.916
22.215 -414.352 -84.190 -0.159 0.000 0.371 0.915
22.155 -414.293 -84.216 -0.160 0.000 0.375 0.913
22.083 -414.223 -84.247 -0.162 0.000 0.378 0.912
22.006 -414.149 -84.280 -0.164 0.000 0.382 0.910
21.943 -414.091 -84.307 -0.165 0.000 0.385 0.908
21.863 -414.017 -84.341 -0.167 0.000 0.389 0.906
21.772 -413.935 -84.380 -0.169 0.000 0.393 0.904
21.713 -413.883 -84.406 -0.170 0.000 0.395 0.903
21.635 -413.815 -84.439 -0.171 0.000 0.399 0.901
21.554 -413.746 -84.474 -0.172 0.000 0.403 0.899
21.482 -413.685 -84.504 -0.174 0.000 0.406 0.897
21.418 -413.631 -84.532 -0.175 0.000 0.409 0.896
21.343 -413.569 -84.564 -0.176 0.000 0.413 0.894
21.267 -413.509 -84.596 -0.178 0.000 0.416 0.892
21.206 -413.461 -84.622 -0.179 0.000 0.419 0.890
21.127 -413.400 -84.656 -0.181 0.000 0.423 0.888
21.067 -413.354 -84.682 -0.182 0.000 0.426 0.886
20.977 -413.287 -84.720 -0.184 0.000 0.430 0.884
20.914 -413.240 -84.747 -0.185 0.000 0.433 0.882
20.850 -413.194 -84.774 -0.186 0.001 0.435 0.881
20.780 -413.144 -84.804 -0.187 0.001 0.438 0.879
20.672 -413.069 -84.850 -0.188 0.001 0.443 0.877
20.580 -413.006 -84.889 -0.191 0.000 0.446 0.875
20.504 -412.955 -84.922 -0.192 0.000 0.449 0.873
20.395 -412.883 -84.968 -0.194 0.000 0.453 0.870
20.265 -412.800 -85.024 -0.196 0.000 0.458 0.867
20.162 -412.735 -85.068 -0.199 0.000 0.462 0.865
20.085 -412.688 -85.102 -0.200 -0.001 0.465 0.863
20.002 -412.637 -85.138 -0.201 -0.001 0.468 0.861
19.913 -412.585 -85.176 -0.203 0.000 0.471 0.858
19.814 -412.528 -85.219 -0.204 0.000 0.475 0.856
19.713 -412.471 -85.262 -0.205 0.000 0.479 0.854
19.640 -412.430 -85.293 -0.207 0.000 0.482 0.851
19.545 -412.379 -85.334 -0.208 0.000 0.486 0.849
19.488 -412.349 -85.358 -0.209 0.000 0.488 0.847
19.409 -412.307 -85.392 -0.210 0.000 0.491 0.845
19.364 -412.284 -85.411 -0.211 0.000 0.493 0.844
19.299 -412.251 -85.439 -0.212 0.000 0.495 0.843
19.210 -412.207 -85.477 -0.214 0.000 0.498 0.840
19.156 -412.180 -85.501 -0.215 0.000 0.500 0.839
19.082 -412.145 -85.533 -0.216 0.000 0.503 0.837
19.015 -412.113 -85.561 -0.216 0.000 0.505 0.835
18.916 -412.067 -85.604 -0.217 0.000 0.508 0.834
18.840 -412.032 -85.636 -0.218 0.000 0.510 0.832
18.745 -411.990 -85.677 -0.220 0.000 0.513 0.830
18.640 -411.943 -85.722 -0.221 0.000 0.514 0.829
18.557 -411.907 -85.757 -0.222 0.000 0.516 0.828
18.480 -411.874 -85.790 -0.222 0.000 0.518 0.826
18.370 -411.827 -85.838 -0.223 0.000 0.521 0.824
18.269 -411.786 -85.880 -0.223 0.001 0.524 0.822
18.171 -411.746 -85.922 -0.225 0.001 0.527 0.820
18.066 -411.705 -85.967 -0.226 0.001 0.531 0.817
17.933 -411.655 -86.023 -0.228 0.001 0.535 0.814
17.846 -411.623 -86.060 -0.229 0.001 0.537 0.811
17.766 -411.595 -86.094 -0.231 0.000 0.540 0.809
17.699 -411.571 -86.123 -0.232 0.001 0.542 0.808
17.618 -411.543 -86.157 -0.233 0.001 0.545 0.805
17.535 -411.515 -86.193 -0.234 0.000 0.548 0.803
17.451 -411.488 -86.228 -0.235 0.001 0.550 0.801
17.338 -411.452 -86.277 -0.236 0.001 0.554 0.798
17.233 -411.420 -86.321 -0.237 0.001 0.558 0.796
17.136 -411.391 -86.362 -0.238 0.001 0.560 0.793
17.047 -411.366 -86.400 -0.239 0.001 0.563 0.791
16.966 -411.343 -86.434 -0.240 0.001 0.565 0.789
16.842 -411.310 -86.487 -0.242 0.001 0.569 0.786
16.724 -411.279 -86.536 -0.244 0.001 0.572 0.783
16.595 -411.247 -86.591 -0.246 0.001 0.577 0.779
16.503 -411.226 -86.630 -0.247 0.001 0.580 0.777
16.371 -411.196 -86.686 -0.248 0.001 0.583 0.774
16.316 -411.185 -86.710 -0.249 0.001 0.585 0.772
16.214 -411.163 -86.753 -0.251 0.000 0.588 0.769
16.094 -411.140 -86.804 -0.252 0.000 0.591 0.766
15.992 -411.121 -86.848 -0.253 0.001 0.595 0.763
15.893 -411.103 -86.890 -0.255 0.001 0.597 0.761
15.820 -411.091 -86.921 -0.255 0.001 0.599 0.759
15.718 -411.074 -86.964 -0.257 0.001 0.602 0.756
15.583 -411.054 -87.021 -0.257 0.002 0.606 0.753
15.500 -411.043 -87.056 -0.258 0.002 0.609 0.750
15.376 -411.026 -87.108 -0.259 0.002 0.612 0.747
15.270 -411.013 -87.153 -0.260 0.002 0.615 0.744
15.155 -411.000 -87.201 -0.262 0.002 0.618 0.741
15.061 -410.990 -87.241 -0.262 0.003 0.621 0.739
14.986 -410.983 -87.272 -0.263 0.003 0.623 0.737
14.887 -410.974 -87.313 -0.264 0.003 0.626 0.734
14.794 -410.967 -87.352 -0.265 0.003 0.628 0.732
14.717 -410.961 -87.384 -0.266 0.003 0.630 0.729
14.635 -410.956 -87.418 -0.267 0.003 0.633 0.727
14.524 -410.950 -87.465 -0.268 0.003 0.636 0.724
14.449 -410.946 -87.496 -0.269 0.003 0.638 0.722
14.350 -410.942 -87.538 -0.270 0.003 0.640 0.719
14.227 -410.938 -87.589 -0.270 0.004 0.644 0.716
14.141 -410.936 -87.624 -0.271 0.004 0.647 0.713
14.065 -410.936 -87.656 -0.272 0.004 0.649 0.711
13.936 -410.935 -87.709 -0.273 0.005 0.652 0.707
13.820 -410.935 -87.757 -0.275 0.004 0.655 0.703
13.720 -410.937 -87.797 -0.276 0.004 0.658 0.701
13.638 -410.939 -87.832 -0.277 0.004 0.660 0.699
13.521 -410.942 -87.880 -0.277 0.004 0.662 0.696
13.427 -410.946 -87.918 -0.278 0.004 0.663 0.695
13.350 -410.948 -87.950 -0.279 0.004 0.664 0.693
13.255 -410.953 -87.989 -0.279 0.004 0.667 0.691
13.145 -410.958 -88.035 -0.280 0.005 0.669 0.689
13.059 -410.963 -88.070 -0.280 0.005 0.670 0.687
12.976 -410.968 -88.104 -0.281 0.005 0.672 0.685
12.912 -410.972 -88.130 -0.281 0.005 0.673 0.685
12.814 -410.979 -88.170 -0.281 0.006 0.674 0.683
12.750 -410.984 -88.196 -0.282 0.005 0.675 0.682
12.639 -410.993 -88.241 -0.282 0.006 0.677 0.680
12.537 -411.001 -88.283 -0.282 0.006 0.678 0.679
12.459 -411.008 -88.314 -0.283 0.006 0.679 0.677
12.357 -411.018 -88.356 -0.283 0.006 0.681 0.675
12.217 -411.032 -88.412 -0.284 0.006 0.683 0.673
12.093 -411.045 -88.462 -0.284 0.007 0.685 0.671
11.993 -411.056 -88.503 -0.285 0.007 0.686 0.670
11.875 -411.069 -88.550 -0.285 0.007 0.688 0.668
11.787 -411.080 -88.585 -0.285 0.007 0.689 0.666
11.672 -411.094 -88.631 -0.285 0.009 0.690 0.665
11.533 -411.112 -88.687 -0.285 0.009 0.693 0.663
11.458 -411.122 -88.716 -0.285 0.010 0.694 0.661
