21.500 -475.879 -70.112 -0.002 0.000 0.004 1.000
21.498 -475.761 -70.113 -0.003 0.000 0.008 1.000
21.497 -475.671 -70.113 -0.005 0.000 0.011 1.000
21.492 -475.512 -70.115 -0.007 0.000 0.016 1.000
21.489 -475.412 -70.117 -0.009 0.000 0.019 1.000
21.484 -475.306 -70.119 -0.010 0.000 0.023 1.000
21.481 -475.234 -70.120 -0.011 0.000 0.025 1.000
21.476 -475.141 -70.123 -0.012 0.000 0.028 1.000
21.470 -475.052 -70.125 -0.014 0.000 0.031 0.999
21.461 -474.914 -70.129 -0.015 0.000 0.036 0.999
21.453 -474.806 -70.132 -0.017 0.000 0.040 0.999
21.446 -474.721 -70.135 -0.018 0.000 0.043 0.999
21.435 -474.598 -70.140 -0.020 0.000 0.047 0.999
21.424 -474.489 -70.144 -0.021 0.000 0.051 0.998
21.410 -474.361 -70.150 -0.023 0.000 0.055 0.998
21.400 -474.272 -70.154 -0.024 0.000 0.058 0.998
21.387 -474.164 -70.160 -0.025 0.000 0.062 0.998
21.371 -474.037 -70.166 -0.027 0.000 0.066 0.997
21.358 -473.941 -70.172 -0.028 0.000 0.069 0.997
21.341 -473.823 -70.178 -0.029 0.000 0.073 0.997
21.332 -473.764 -70.182 -0.029 0.000 0.074 0.997
21.320 -473.682 -70.186 -0.030 0.000 0.077 0.997
21.292 -473.510 -70.197 -0.033 0.000 0.082 0.996
21.274 -473.402 -70.205 -0.035 0.000 0.085 0.996
21.259 -473.318 -70.211 -0.035 0.000 0.087 0.996
21.238 -473.204 -70.219 -0.037 0.000 0.091 0.995
21.216 -473.086 -70.228 -0.038 0.000 0.095 0.995
21.192 -472.965 -70.238 -0.039 0.000 0.099 0.994
21.173 -472.872 -70.245 -0.041 0.000 0.102 0.994
21.155 -472.786 -70.253 -0.041 0.000 0.104 0.994
21.135 -472.692 -70.261 -0.042 0.000 0.107 0.993
21.110 -472.580 -70.270 -0.044 0.000 0.111 0.993
21.091 -472.496 -70.278 -0.045 0.000 0.113 0.993
21.071 -472.412 -70.286 -0.046 0.000 0.116 0.992
21.031 -472.245 -70.302 -0.048 0.000 0.120 0.992
21.005 -472.139 -70.313 -0.050 0.000 0.123 0.991
20.982 -472.049 -70.322 -0.052 0.000 0.125 0.991
20.962 -471.975 -70.330 -0.053 0.000 0.128 0.990
20.936 -471.876 -70.341 -0.054 0.000 0.130 0.990
20.911 -471.784 -70.351 -0.055 0.000 0.133 0.990
20.898 -471.737 -70.357 -0.055 0.000 0.135 0.989
20.878 -471.664 -70.365 -0.056 0.000 0.136 0.989
20.854 -471.580 -70.375 -0.057 0.000 0.139 0.989
20.830 -471.497 -70.385 -0.058 0.000 0.140 0.988
20.800 -471.396 -70.397 -0.058 0.000 0.143 0.988
20.758 -471.257 -70.414 -0.060 0.000 0.147 0.987
20.727 -471.154 -70.427 -0.062 0.000 0.150 0.987
20.707 -471.091 -70.435 -0.062 0.000 0.152 0.986
20.670 -470.977 -70.450 -0.063 0.000 0.154 0.986
20.637 -470.875 -70.464 -0.064 0.000 0.158 0.985
20.607 -470.785 -70.476 -0.065 0.000 0.160 0.985
20.567 -470.668 -70.492 -0.066 0.000 0.163 0.984
20.544 -470.598 -70.502 -0.067 0.000 0.165 0.984
20.517 -470.522 -70.512 -0.068 0.000 0.167 0.984
20.490 -470.446 -70.523 -0.068 0.000 0.169 0.983
20.463 -470.371 -70.534 -0.069 0.000 0.170 0.983
20.429 -470.276 -70.548 -0.071 0.000 0.172 0.983
20.395 -470.184 -70.562 -0.071 0.000 0.175 0.982
20.341 -470.040 -70.584 -0.073 0.000 0.178 0.981
20.308 -469.953 -70.598 -0.074 0.000 0.180 0.981
20.275 -469.868 -70.611 -0.074 0.000 0.184 0.980
20.240 -469.780 -70.625 -0.074 0.000 0.186 0.980
20.215 -469.717 -70.635 -0.075 0.000 0.188 0.979
20.182 -469.634 -70.648 -0.075 0.000 0.189 0.979
20.138 -469.526 -70.665 -0.076 0.000 0.192 0.978
20.099 -469.432 -70.681 -0.077 0.000 0.195 0.978
20.061 -469.340 -70.696 -0.077 0.001 0.197 0.977
20.020 -469.243 -70.712 -0.078 0.001 0.199 0.977
19.975 -469.139 -70.730 -0.079 0.001 0.201 0.976
19.936 -469.050 -70.745 -0.079 0.001 0.203 0.976
19.904 -468.976 -70.757 -0.080 0.001 0.205 0.976
19.857 -468.872 -70.775 -0.079 0.001 0.208 0.975
19.808 -468.764 -70.794 -0.080 0.001 0.211 0.974
19.757 -468.654 -70.813 -0.081 0.001 0.213 0.974
19.715 -468.563 -70.829 -0.082 0.001 0.215 0.973
19.651 -468.429 -70.853 -0.083 0.001 0.218 0.972
19.617 -468.357 -70.866 -0.083 0.001 0.220 0.972
19.589 -468.299 -70.877 -0.084 0.001 0.221 0.972
19.552 -468.223 -70.891 -0.084 0.001 0.223 0.971
19.504 -468.125 -70.909 -0.085 0.001 0.225 0.971
19.467 -468.050 -70.923 -0.085 0.001 0.227 0.970
19.423 -467.964 -70.939 -0.085 0.001 0.228 0.970
19.373 -467.865 -70.957 -0.085 0.002 0.231 0.969
19.314 -467.749 -70.979 -0.085 0.002 0.233 0.969
19.265 -467.656 -70.997 -0.086 0.002 0.235 0.968
19.219 -467.567 -71.013 -0.086 0.002 0.237 0.968
19.162 -467.458 -71.034 -0.087 0.002 0.239 0.967
19.133 -467.405 -71.044 -0.088 0.002 0.240 0.967
19.094 -467.331 -71.059 -0.088 0.002 0.241 0.966
19.043 -467.238 -71.077 -0.089 0.002 0.243 0.966
18.993 -467.146 -71.095 -0.089 0.002 0.246 0.965
18.953 -467.073 -71.110 -0.090 0.002 0.247 0.965
18.898 -466.975 -71.130 -0.090 0.002 0.249 0.964
18.831 -466.856 -71.154 -0.090 0.002 0.252 0.964
18.785 -466.774 -71.170 -0.091 0.002 0.254 0.963
18.736 -466.689 -71.188 -0.091 0.002 0.256 0.962
18.679 -466.592 -71.208 -0.092 0.003 0.258 0.962
18.646 -466.534 -71.219 -0.091 0.003 0.259 0.962
18.603 -466.462 -71.234 -0.091 0.003 0.260 0.961
18.559 -466.387 -71.249 -0.091 0.003 0.262 0.961
18.505 -466.297 -71.268 -0.091 0.003 0.264 0.960
18.454 -466.213 -71.285 -0.091 0.003 0.266 0.960
18.384 -466.100 -71.309 -0.092 0.003 0.269 0.959
18.331 -466.013 -71.327 -0.093 0.003 0.270 0.958
18.281 -465.931 -71.344 -0.094 0.003 0.270 0.958
18.245 -465.874 -71.357 -0.094 0.003 0.271 0.958
18.187 -465.781 -71.376 -0.094 0.003 0.272 0.958
18.127 -465.687 -71.397 -0.095 0.003 0.274 0.957
18.082 -465.615 -71.412 -0.094 0.003 0.276 0.957
18.033 -465.539 -71.428 -0.094 0.004 0.277 0.956
17.979 -465.454 -71.447 -0.094 0.004 0.279 0.956
17.923 -465.368 -71.465 -0.094 0.004 0.280 0.955
17.834 -465.231 -71.494 -0.093 0.004 0.281 0.955
17.771 -465.135 -71.515 -0.094 0.004 0.283 0.955
17.710 -465.043 -71.535 -0.094 0.004 0.285 0.954
17.653 -464.956 -71.553 -0.094 0.005 0.286 0.954
17.587 -464.859 -71.574 -0.094 0.005 0.287 0.953
17.539 -464.788 -71.590 -0.094 0.005 0.288 0.953
17.503 -464.734 -71.601 -0.093 0.005 0.288 0.953
17.467 -464.681 -71.613 -0.094 0.005 0.289 0.953
17.416 -464.606 -71.629 -0.093 0.005 0.289 0.953
17.355 -464.515 -71.648 -0.094 0.005 0.290 0.952
17.295 -464.427 -71.668 -0.095 0.005 0.291 0.952
17.241 -464.349 -71.685 -0.095 0.005 0.292 0.952
17.188 -464.272 -71.701 -0.095 0.005 0.293 0.951
17.108 -464.156 -71.727 -0.095 0.005 0.295 0.951
17.043 -464.063 -71.747 -0.094 0.005 0.296 0.950
16.991 -463.989 -71.763 -0.094 0.006 0.297 0.950
16.924 -463.894 -71.784 -0.094 0.006 0.299 0.950
16.858 -463.801 -71.804 -0.094 0.006 0.300 0.949
16.790 -463.705 -71.825 -0.094 0.006 0.301 0.949
16.749 -463.647 -71.838 -0.094 0.006 0.302 0.949
16.700 -463.580 -71.852 -0.094 0.006 0.303 0.948
16.655 -463.518 -71.866 -0.094 0.006 0.304 0.948
16.602 -463.445 -71.882 -0.094 0.006 0.305 0.948
16.553 -463.377 -71.897 -0.094 0.006 0.305 0.948
16.477 -463.273 -71.919 -0.093 0.007 0.305 0.948
16.452 -463.239 -71.927 -0.093 0.007 0.306 0.947
16.385 -463.147 -71.947 -0.093 0.007 0.308 0.947
16.308 -463.043 -71.969 -0.093 0.007 0.309 0.947
16.241 -462.953 -71.989 -0.093 0.007 0.310 0.946
16.184 -462.877 -72.005 -0.093 0.007 0.311 0.946
16.118 -462.789 -72.024 -0.094 0.007 0.312 0.945
16.043 -462.689 -72.046 -0.093 0.007 0.314 0.945
15.976 -462.600 -72.066 -0.093 0.008 0.315 0.945
15.914 -462.519 -72.083 -0.093 0.008 0.316 0.944
15.863 -462.452 -72.098 -0.094 0.008 0.317 0.944
15.761 -462.319 -72.127 -0.093 0.008 0.319 0.943
15.709 -462.253 -72.142 -0.093 0.008 0.319 0.943
15.641 -462.165 -72.161 -0.093 0.008 0.321 0.943
15.566 -462.069 -72.182 -0.092 0.009 0.322 0.942
15.510 -461.998 -72.197 -0.092 0.009 0.323 0.942
15.468 -461.944 -72.209 -0.092 0.009 0.323 0.942
15.410 -461.871 -72.225 -0.092 0.009 0.323 0.942
15.360 -461.808 -72.238 -0.092 0.009 0.324 0.941
15.297 -461.729 -72.255 -0.092 0.009 0.325 0.941
15.213 -461.624 -72.278 -0.092 0.009 0.326 0.941
15.142 -461.535 -72.297 -0.091 0.010 0.328 0.940
15.069 -461.444 -72.317 -0.091 0.010 0.328 0.940
14.988 -461.344 -72.338 -0.091 0.010 0.331 0.939
14.896 -461.232 -72.362 -0.090 0.010 0.333 0.939
14.824 -461.144 -72.381 -0.090 0.010 0.334 0.938
14.773 -461.083 -72.394 -0.090 0.010 0.335 0.938
14.731 -461.033 -72.405 -0.091 0.010 0.336 0.937
14.676 -460.967 -72.419 -0.090 0.011 0.337 0.937
14.611 -460.889 -72.436 -0.090 0.011 0.338 0.937
14.550 -460.817 -72.451 -0.090 0.011 0.338 0.937
14.491 -460.748 -72.466 -0.090 0.011 0.340 0.936
14.442 -460.689 -72.479 -0.090 0.011 0.340 0.936
14.387 -460.625 -72.492 -0.090 0.011 0.341 0.936
14.309 -460.534 -72.512 -0.090 0.011 0.342 0.935
14.227 -460.437 -72.533 -0.090 0.011 0.342 0.935
14.174 -460.376 -72.546 -0.090 0.011 0.343 0.935
14.088 -460.276 -72.567 -0.090 0.012 0.344 0.935
