21.500 -475.931 -70.112 -0.001 0.000 0.002 1.000
21.500 -475.880 -70.112 -0.001 0.000 0.004 1.000
21.498 -475.752 -70.112 -0.003 0.000 0.008 1.000
21.495 -475.627 -70.113 -0.005 0.000 0.012 1.000
21.493 -475.550 -70.114 -0.006 0.000 0.014 1.000
21.488 -475.393 -70.116 -0.008 0.000 0.019 1.000
21.482 -475.243 -70.119 -0.010 0.000 0.024 1.000
21.477 -475.147 -70.121 -0.012 0.000 0.027 1.000
21.471 -475.050 -70.124 -0.013 0.000 0.030 0.999
21.466 -474.968 -70.126 -0.014 0.000 0.033 0.999
21.457 -474.839 -70.130 -0.016 0.000 0.037 0.999
21.450 -474.748 -70.133 -0.018 0.000 0.040 0.999
21.441 -474.641 -70.137 -0.019 0.000 0.044 0.999
21.433 -474.552 -70.140 -0.020 0.000 0.047 0.999
21.419 -474.417 -70.146 -0.022 0.000 0.051 0.998
21.409 -474.322 -70.151 -0.023 0.000 0.055 0.998
21.401 -474.246 -70.154 -0.024 0.000 0.057 0.998
21.385 -474.120 -70.160 -0.024 0.000 0.061 0.998
21.376 -474.048 -70.164 -0.026 0.000 0.064 0.998
21.358 -473.909 -70.171 -0.027 0.000 0.067 0.997
21.344 -473.810 -70.177 -0.028 0.000 0.071 0.997
21.332 -473.724 -70.182 -0.029 0.000 0.074 0.997
21.319 -473.638 -70.187 -0.030 0.000 0.076 0.997
21.310 -473.583 -70.190 -0.031 0.000 0.078 0.996
21.288 -473.446 -70.199 -0.033 0.000 0.082 0.996
21.277 -473.384 -70.203 -0.033 0.000 0.084 0.996
21.266 -473.318 -70.208 -0.034 0.000 0.086 0.996
21.246 -473.209 -70.216 -0.035 0.000 0.090 0.995
21.227 -473.103 -70.223 -0.036 0.000 0.093 0.995
21.199 -472.958 -70.234 -0.038 0.000 0.098 0.994
21.175 -472.841 -70.243 -0.039 0.000 0.102 0.994
21.144 -472.698 -70.255 -0.042 0.000 0.106 0.993
21.127 -472.615 -70.262 -0.043 0.000 0.108 0.993
21.106 -472.523 -70.270 -0.044 0.000 0.111 0.993
21.084 -472.428 -70.279 -0.045 0.000 0.114 0.992
21.054 -472.301 -70.291 -0.046 0.000 0.117 0.992
21.031 -472.204 -70.300 -0.047 0.000 0.120 0.992
21.003 -472.094 -70.311 -0.049 0.000 0.123 0.991
20.974 -471.983 -70.323 -0.050 0.000 0.127 0.991
20.946 -471.877 -70.334 -0.051 0.000 0.130 0.990
20.918 -471.774 -70.345 -0.052 0.000 0.133 0.990
20.884 -471.650 -70.358 -0.053 0.000 0.137 0.989
20.852 -471.540 -70.371 -0.054 0.000 0.139 0.989
20.815 -471.412 -70.385 -0.056 0.000 0.144 0.988
20.778 -471.291 -70.399 -0.057 0.000 0.148 0.987
20.743 -471.178 -70.413 -0.059 0.000 0.151 0.987
20.712 -471.082 -70.425 -0.060 0.000 0.154 0.986
20.655 -470.906 -70.447 -0.061 0.000 0.159 0.985
20.624 -470.813 -70.459 -0.062 0.000 0.161 0.985
20.588 -470.709 -70.473 -0.063 0.000 0.165 0.984
20.552 -470.605 -70.487 -0.064 0.000 0.168 0.984
20.509 -470.485 -70.503 -0.066 0.000 0.170 0.983
20.472 -470.384 -70.517 -0.066 0.000 0.173 0.983
20.433 -470.278 -70.532 -0.068 0.000 0.176 0.982
20.401 -470.190 -70.545 -0.068 0.000 0.178 0.982
20.372 -470.114 -70.556 -0.069 0.000 0.180 0.981
20.334 -470.017 -70.570 -0.071 0.000 0.182 0.981
20.295 -469.915 -70.585 -0.071 0.000 0.184 0.980
20.256 -469.818 -70.600 -0.072 0.000 0.187 0.980
20.222 -469.731 -70.614 -0.073 0.000 0.189 0.979
20.181 -469.631 -70.629 -0.074 0.000 0.191 0.979
20.147 -469.548 -70.642 -0.074 0.000 0.194 0.978
20.112 -469.465 -70.656 -0.075 0.000 0.196 0.978
20.078 -469.384 -70.669 -0.076 0.000 0.198 0.977
20.018 -469.245 -70.692 -0.079 0.000 0.202 0.976
19.976 -469.149 -70.708 -0.080 0.000 0.205 0.976
19.935 -469.056 -70.724 -0.080 0.000 0.208 0.975
19.893 -468.964 -70.740 -0.081 0.000 0.210 0.974
19.849 -468.869 -70.757 -0.081 0.000 0.212 0.974
19.804 -468.772 -70.774 -0.082 0.000 0.214 0.973
19.746 -468.648 -70.796 -0.084 0.000 0.217 0.973
19.707 -468.566 -70.812 -0.085 0.000 0.219 0.972
19.680 -468.509 -70.822 -0.085 0.000 0.220 0.972
19.632 -468.411 -70.841 -0.086 0.000 0.223 0.971
19.595 -468.335 -70.855 -0.087 0.000 0.225 0.970
19.552 -468.249 -70.871 -0.088 0.000 0.227 0.970
19.499 -468.143 -70.892 -0.089 0.000 0.229 0.969
19.466 -468.078 -70.905 -0.090 0.000 0.231 0.969
19.420 -467.990 -70.923 -0.091 0.000 0.233 0.968
19.370 -467.893 -70.942 -0.091 0.000 0.235 0.968
19.337 -467.829 -70.955 -0.092 0.000 0.236 0.967
19.276 -467.714 -70.979 -0.093 0.000 0.239 0.967
19.240 -467.645 -70.993 -0.093 0.000 0.241 0.966
19.163 -467.503 -71.022 -0.094 0.000 0.244 0.965
19.109 -467.406 -71.043 -0.095 0.000 0.246 0.965
19.044 -467.289 -71.068 -0.095 0.001 0.248 0.964
18.997 -467.205 -71.086 -0.095 0.001 0.250 0.963
18.960 -467.139 -71.100 -0.096 0.000 0.251 0.963
18.923 -467.074 -71.114 -0.097 0.000 0.252 0.963
18.883 -467.004 -71.129 -0.097 0.001 0.254 0.962
18.808 -466.875 -71.158 -0.098 0.001 0.257 0.961
18.768 -466.807 -71.173 -0.098 0.001 0.259 0.961
18.719 -466.722 -71.192 -0.099 0.001 0.261 0.960
18.682 -466.661 -71.206 -0.099 0.001 0.262 0.960
18.632 -466.576 -71.225 -0.100 0.001 0.263 0.960
18.586 -466.500 -71.242 -0.100 0.001 0.265 0.959
18.520 -466.393 -71.267 -0.101 0.001 0.267 0.959
18.476 -466.321 -71.283 -0.101 0.001 0.268 0.958
18.433 -466.251 -71.299 -0.101 0.001 0.269 0.958
18.392 -466.185 -71.314 -0.101 0.001 0.271 0.957
18.338 -466.098 -71.335 -0.101 0.001 0.273 0.957
18.281 -466.008 -71.356 -0.101 0.001 0.273 0.957
18.224 -465.918 -71.376 -0.101 0.002 0.274 0.956
18.173 -465.838 -71.395 -0.101 0.002 0.275 0.956
18.093 -465.713 -71.424 -0.101 0.002 0.277 0.956
18.010 -465.583 -71.454 -0.100 0.002 0.279 0.955
17.946 -465.485 -71.476 -0.099 0.003 0.281 0.955
17.874 -465.375 -71.502 -0.099 0.003 0.283 0.954
17.837 -465.319 -71.515 -0.099 0.003 0.284 0.954
17.793 -465.254 -71.529 -0.099 0.003 0.285 0.953
17.765 -465.211 -71.539 -0.098 0.003 0.286 0.953
17.706 -465.123 -71.559 -0.098 0.004 0.287 0.953
17.658 -465.051 -71.576 -0.099 0.004 0.289 0.952
17.591 -464.954 -71.598 -0.098 0.004 0.291 0.952
17.536 -464.872 -71.616 -0.098 0.004 0.291 0.952
17.464 -464.767 -71.640 -0.098 0.004 0.293 0.951
17.392 -464.663 -71.664 -0.098 0.004 0.293 0.951
17.299 -464.529 -71.694 -0.098 0.005 0.295 0.951
17.248 -464.456 -71.711 -0.097 0.005 0.296 0.950
17.194 -464.378 -71.728 -0.096 0.005 0.297 0.950
17.116 -464.268 -71.753 -0.095 0.006 0.298 0.950
17.065 -464.196 -71.769 -0.096 0.006 0.298 0.950
17.008 -464.115 -71.787 -0.096 0.006 0.300 0.949
16.969 -464.061 -71.799 -0.096 0.006 0.301 0.949
16.888 -463.948 -71.824 -0.096 0.006 0.302 0.948
16.812 -463.842 -71.848 -0.096 0.006 0.303 0.948
16.751 -463.758 -71.867 -0.097 0.006 0.305 0.948
16.696 -463.682 -71.884 -0.096 0.006 0.305 0.947
16.652 -463.621 -71.897 -0.097 0.006 0.306 0.947
16.567 -463.507 -71.923 -0.097 0.006 0.308 0.946
16.508 -463.427 -71.941 -0.097 0.006 0.309 0.946
16.430 -463.322 -71.965 -0.097 0.007 0.311 0.946
16.368 -463.239 -71.984 -0.096 0.007 0.312 0.945
16.312 -463.165 -72.001 -0.096 0.007 0.313 0.945
16.252 -463.085 -72.019 -0.096 0.007 0.314 0.945
16.192 -463.007 -72.037 -0.097 0.007 0.315 0.944
16.132 -462.927 -72.055 -0.096 0.007 0.316 0.944
16.070 -462.847 -72.073 -0.095 0.008 0.316 0.944
16.011 -462.770 -72.090 -0.095 0.008 0.318 0.943
15.950 -462.691 -72.108 -0.095 0.008 0.319 0.943
15.884 -462.606 -72.127 -0.095 0.008 0.320 0.943
15.797 -462.494 -72.151 -0.094 0.008 0.321 0.942
15.746 -462.430 -72.166 -0.095 0.008 0.322 0.942
15.692 -462.361 -72.181 -0.095 0.008 0.322 0.942
15.636 -462.290 -72.197 -0.095 0.008 0.323 0.942
15.587 -462.227 -72.211 -0.094 0.008 0.323 0.942
15.524 -462.147 -72.229 -0.095 0.009 0.324 0.941
15.413 -462.008 -72.260 -0.093 0.009 0.326 0.941
15.344 -461.922 -72.279 -0.093 0.009 0.327 0.940
15.270 -461.830 -72.299 -0.093 0.010 0.328 0.940
15.187 -461.727 -72.322 -0.092 0.010 0.329 0.940
15.119 -461.643 -72.340 -0.092 0.010 0.330 0.939
15.046 -461.553 -72.360 -0.093 0.010 0.331 0.939
14.950 -461.435 -72.386 -0.094 0.010 0.332 0.939
14.901 -461.375 -72.399 -0.094 0.010 0.333 0.938
14.865 -461.332 -72.409 -0.094 0.010 0.334 0.938
14.780 -461.230 -72.432 -0.094 0.010 0.335 0.938
14.694 -461.126 -72.455 -0.094 0.010 0.336 0.937
14.635 -461.055 -72.471 -0.094 0.010 0.337 0.937
14.578 -460.987 -72.486 -0.094 0.010 0.338 0.937
14.516 -460.914 -72.502 -0.094 0.010 0.338 0.936
14.476 -460.866 -72.513 -0.094 0.010 0.339 0.936
14.392 -460.768 -72.535 -0.095 0.010 0.340 0.936
14.331 -460.695 -72.552 -0.095 0.010 0.340 0.935
14.257 -460.609 -72.571 -0.094 0.010 0.342 0.935
14.165 -460.502 -72.595 -0.094 0.011 0.344 0.934
