21.500 -475.894 -70.112 -0.001 0.000 0.003 1.000
21.499 -475.802 -70.112 -0.003 0.000 0.006 1.000
21.497 -475.698 -70.113 -0.005 0.000 0.010 1.000
21.495 -475.611 -70.114 -0.006 0.000 0.013 1.000
21.493 -475.540 -70.115 -0.007 0.000 0.015 1.000
21.490 -475.447 -70.117 -0.008 0.000 0.018 1.000
21.487 -475.362 -70.118 -0.009 0.000 0.022 1.000
21.481 -475.251 -70.120 -0.011 0.000 0.026 1.000
21.476 -475.151 -70.123 -0.012 0.000 0.029 1.000
21.468 -475.016 -70.126 -0.015 0.000 0.034 0.999
21.460 -474.915 -70.130 -0.017 0.000 0.037 0.999
21.448 -474.760 -70.135 -0.019 0.000 0.042 0.999
21.436 -474.619 -70.141 -0.021 0.000 0.046 0.999
21.429 -474.549 -70.144 -0.022 0.000 0.048 0.999
21.416 -474.418 -70.150 -0.024 0.000 0.052 0.998
21.404 -474.309 -70.155 -0.025 0.000 0.056 0.998
21.391 -474.196 -70.161 -0.026 0.000 0.059 0.998
21.381 -474.116 -70.165 -0.027 0.000 0.061 0.998
21.365 -473.989 -70.173 -0.028 0.000 0.064 0.998
21.352 -473.891 -70.178 -0.029 0.000 0.067 0.997
21.339 -473.799 -70.184 -0.030 0.000 0.070 0.997
21.327 -473.712 -70.189 -0.031 0.000 0.072 0.997
21.316 -473.639 -70.194 -0.033 0.000 0.074 0.997
21.304 -473.558 -70.199 -0.034 0.000 0.077 0.996
21.278 -473.400 -70.211 -0.035 0.000 0.082 0.996
21.256 -473.272 -70.220 -0.036 0.000 0.086 0.996
21.234 -473.151 -70.229 -0.038 0.000 0.090 0.995
21.217 -473.054 -70.237 -0.039 0.000 0.093 0.995
21.201 -472.974 -70.243 -0.040 0.000 0.095 0.995
21.181 -472.868 -70.252 -0.041 0.000 0.098 0.994
21.147 -472.705 -70.266 -0.043 0.000 0.102 0.994
21.123 -472.590 -70.276 -0.043 0.000 0.106 0.993
21.097 -472.474 -70.286 -0.045 0.000 0.109 0.993
21.067 -472.342 -70.298 -0.046 0.000 0.113 0.993
21.041 -472.230 -70.309 -0.047 0.000 0.116 0.992
21.013 -472.116 -70.320 -0.049 0.000 0.120 0.992
20.989 -472.016 -70.330 -0.050 0.000 0.123 0.991
20.963 -471.915 -70.341 -0.052 0.000 0.126 0.991
20.938 -471.821 -70.351 -0.053 0.000 0.128 0.990
20.908 -471.708 -70.364 -0.055 0.000 0.132 0.990
20.888 -471.636 -70.372 -0.056 0.000 0.134 0.989
20.867 -471.559 -70.381 -0.057 0.000 0.136 0.989
20.835 -471.447 -70.394 -0.058 0.000 0.139 0.989
20.806 -471.349 -70.406 -0.059 0.000 0.142 0.988
20.776 -471.249 -70.418 -0.060 0.000 0.144 0.988
20.736 -471.118 -70.435 -0.061 0.000 0.149 0.987
20.713 -471.042 -70.444 -0.061 0.000 0.151 0.987
20.684 -470.952 -70.456 -0.063 0.000 0.153 0.986
20.631 -470.789 -70.478 -0.064 0.000 0.158 0.985
20.594 -470.677 -70.493 -0.066 0.000 0.161 0.985
20.549 -470.548 -70.511 -0.067 0.000 0.165 0.984
20.518 -470.457 -70.524 -0.068 0.000 0.167 0.984
20.491 -470.382 -70.535 -0.069 0.000 0.169 0.983
20.455 -470.282 -70.550 -0.071 0.000 0.172 0.983
20.413 -470.166 -70.567 -0.072 0.000 0.175 0.982
20.367 -470.043 -70.586 -0.074 0.000 0.178 0.981
20.321 -469.921 -70.605 -0.075 0.000 0.181 0.981
20.282 -469.821 -70.621 -0.076 0.000 0.183 0.980
20.241 -469.716 -70.638 -0.076 0.000 0.185 0.980
20.192 -469.594 -70.658 -0.078 0.000 0.189 0.979
20.155 -469.503 -70.673 -0.079 0.000 0.192 0.978
20.117 -469.411 -70.689 -0.080 0.000 0.194 0.978
20.080 -469.322 -70.704 -0.080 0.000 0.196 0.977
20.029 -469.204 -70.725 -0.082 0.000 0.200 0.976
20.003 -469.143 -70.736 -0.082 0.000 0.202 0.976
19.966 -469.058 -70.751 -0.083 0.000 0.203 0.976
19.914 -468.940 -70.772 -0.084 0.000 0.205 0.975
19.860 -468.819 -70.794 -0.086 0.000 0.208 0.974
19.808 -468.705 -70.816 -0.086 0.000 0.211 0.974
19.764 -468.610 -70.834 -0.087 0.000 0.213 0.973
19.738 -468.555 -70.844 -0.088 0.000 0.214 0.973
19.675 -468.422 -70.870 -0.089 0.000 0.217 0.972
19.611 -468.286 -70.896 -0.091 0.000 0.220 0.971
19.531 -468.122 -70.929 -0.091 0.000 0.223 0.971
19.478 -468.014 -70.951 -0.092 0.001 0.226 0.970
19.441 -467.942 -70.965 -0.092 0.001 0.227 0.970
19.404 -467.867 -70.981 -0.092 0.001 0.229 0.969
19.372 -467.804 -70.993 -0.092 0.001 0.230 0.969
19.311 -467.684 -71.018 -0.093 0.001 0.232 0.968
19.278 -467.620 -71.031 -0.093 0.001 0.233 0.968
19.224 -467.515 -71.053 -0.094 0.001 0.236 0.967
19.164 -467.403 -71.076 -0.095 0.001 0.239 0.966
19.118 -467.317 -71.094 -0.095 0.001 0.241 0.966
19.062 -467.214 -71.116 -0.096 0.001 0.244 0.965
18.989 -467.080 -71.145 -0.097 0.001 0.247 0.964
18.913 -466.944 -71.174 -0.097 0.002 0.250 0.963
18.852 -466.836 -71.198 -0.097 0.002 0.252 0.963
18.795 -466.736 -71.220 -0.097 0.002 0.254 0.962
18.766 -466.687 -71.230 -0.097 0.002 0.255 0.962
18.686 -466.548 -71.261 -0.099 0.002 0.258 0.961
18.627 -466.449 -71.283 -0.099 0.002 0.260 0.960
18.581 -466.372 -71.301 -0.100 0.002 0.261 0.960
18.530 -466.286 -71.320 -0.099 0.002 0.263 0.960
18.458 -466.167 -71.347 -0.099 0.003 0.265 0.959
18.404 -466.078 -71.367 -0.099 0.003 0.267 0.959
18.339 -465.973 -71.390 -0.099 0.003 0.268 0.958
18.302 -465.912 -71.404 -0.100 0.003 0.269 0.958
18.251 -465.831 -71.423 -0.100 0.003 0.271 0.957
18.221 -465.782 -71.434 -0.101 0.003 0.271 0.957
18.157 -465.680 -71.458 -0.102 0.003 0.273 0.957
18.096 -465.583 -71.480 -0.101 0.003 0.274 0.956
18.036 -465.489 -71.502 -0.101 0.003 0.276 0.956
17.992 -465.420 -71.518 -0.100 0.003 0.277 0.956
17.948 -465.351 -71.533 -0.100 0.004 0.277 0.956
17.878 -465.243 -71.558 -0.100 0.004 0.278 0.955
17.819 -465.152 -71.579 -0.100 0.004 0.280 0.955
17.754 -465.052 -71.602 -0.101 0.004 0.282 0.954
17.716 -464.995 -71.615 -0.101 0.004 0.283 0.954
17.665 -464.918 -71.633 -0.101 0.004 0.283 0.954
17.601 -464.820 -71.656 -0.100 0.004 0.284 0.953
17.531 -464.715 -71.680 -0.101 0.004 0.286 0.953
17.463 -464.615 -71.703 -0.101 0.004 0.288 0.952
17.402 -464.524 -71.724 -0.100 0.005 0.289 0.952
17.340 -464.434 -71.745 -0.100 0.005 0.290 0.952
17.289 -464.358 -71.763 -0.100 0.005 0.291 0.951
17.202 -464.232 -71.792 -0.100 0.005 0.293 0.951
17.140 -464.142 -71.812 -0.099 0.006 0.295 0.950
17.081 -464.058 -71.832 -0.100 0.006 0.296 0.950
17.012 -463.959 -71.854 -0.099 0.006 0.297 0.950
16.944 -463.863 -71.876 -0.099 0.006 0.298 0.949
16.908 -463.813 -71.888 -0.099 0.006 0.299 0.949
16.820 -463.689 -71.917 -0.099 0.006 0.300 0.949
16.767 -463.615 -71.934 -0.099 0.006 0.301 0.948
16.722 -463.552 -71.948 -0.099 0.006 0.302 0.948
16.667 -463.475 -71.966 -0.099 0.006 0.303 0.948
16.629 -463.423 -71.978 -0.100 0.006 0.304 0.947
16.571 -463.344 -71.996 -0.100 0.007 0.305 0.947
16.529 -463.286 -72.010 -0.099 0.007 0.306 0.947
16.465 -463.199 -72.030 -0.100 0.007 0.306 0.947
16.417 -463.133 -72.046 -0.100 0.007 0.307 0.946
16.369 -463.068 -72.061 -0.100 0.007 0.309 0.946
16.314 -462.994 -72.078 -0.100 0.007 0.311 0.945
16.268 -462.932 -72.093 -0.100 0.007 0.312 0.945
16.168 -462.800 -72.123 -0.098 0.008 0.313 0.945
16.121 -462.738 -72.138 -0.098 0.008 0.314 0.944
16.067 -462.667 -72.154 -0.098 0.008 0.315 0.944
16.010 -462.592 -72.171 -0.098 0.008 0.316 0.944
15.955 -462.520 -72.188 -0.098 0.008 0.317 0.943
15.902 -462.451 -72.203 -0.097 0.009 0.319 0.943
15.844 -462.377 -72.220 -0.097 0.009 0.320 0.942
15.792 -462.310 -72.236 -0.097 0.009 0.320 0.942
15.726 -462.226 -72.255 -0.097 0.009 0.321 0.942
15.664 -462.147 -72.273 -0.097 0.009 0.322 0.942
15.614 -462.083 -72.288 -0.098 0.009 0.323 0.941
15.570 -462.027 -72.301 -0.098 0.009 0.324 0.941
15.493 -461.930 -72.323 -0.098 0.009 0.325 0.941
15.437 -461.860 -72.339 -0.098 0.009 0.326 0.940
15.365 -461.771 -72.360 -0.098 0.009 0.327 0.940
15.298 -461.688 -72.379 -0.097 0.010 0.329 0.939
15.238 -461.614 -72.396 -0.097 0.010 0.330 0.939
15.177 -461.539 -72.413 -0.097 0.010 0.330 0.939
15.085 -461.426 -72.439 -0.096 0.010 0.332 0.938
15.031 -461.360 -72.454 -0.096 0.011 0.333 0.938
14.971 -461.288 -72.471 -0.095 0.011 0.333 0.938
14.920 -461.227 -72.484 -0.095 0.011 0.334 0.938
14.871 -461.168 -72.498 -0.095 0.011 0.335 0.937
14.797 -461.079 -72.518 -0.095 0.011 0.335 0.937
14.742 -461.013 -72.533 -0.095 0.011 0.336 0.937
14.679 -460.938 -72.550 -0.095 0.012 0.338 0.936
14.595 -460.839 -72.572 -0.095 0.012 0.340 0.936
14.552 -460.788 -72.583 -0.095 0.012 0.340 0.935
14.494 -460.719 -72.599 -0.094 0.012 0.341 0.935
14.410 -460.621 -72.621 -0.094 0.012 0.342 0.935
14.342 -460.543 -72.639 -0.094 0.012 0.343 0.934
14.282 -460.472 -72.654 -0.095 0.012 0.344 0.934
14.210 -460.390 -72.673 -0.095 0.012 0.345 0.934
14.141 -460.311 -72.691 -0.094 0.012 0.346 0.933
