24.699 -458.366 -70.112 -0.002 0.000 0.005 1.000
24.697 -458.206 -70.114 -0.006 0.000 0.011 1.000
24.694 -458.110 -70.115 -0.007 0.000 0.014 1.000
24.691 -458.005 -70.116 -0.008 0.000 0.018 1.000
24.684 -457.839 -70.119 -0.011 0.000 0.024 1.000
24.675 -457.677 -70.123 -0.013 0.000 0.031 0.999
24.667 -457.550 -70.127 -0.015 0.000 0.036 0.999
24.655 -457.403 -70.132 -0.017 0.000 0.041 0.999
24.646 -457.303 -70.135 -0.018 0.000 0.045 0.999
24.639 -457.228 -70.138 -0.019 0.000 0.048 0.999
24.631 -457.140 -70.141 -0.020 0.000 0.051 0.999
24.624 -457.076 -70.144 -0.022 0.000 0.053 0.998
24.613 -456.979 -70.148 -0.024 0.000 0.057 0.998
24.598 -456.849 -70.155 -0.025 0.000 0.061 0.998
24.584 -456.742 -70.160 -0.026 0.000 0.065 0.998
24.572 -456.648 -70.166 -0.028 0.000 0.068 0.997
24.555 -456.532 -70.172 -0.030 0.000 0.073 0.997
24.542 -456.441 -70.178 -0.030 0.000 0.076 0.997
24.530 -456.370 -70.182 -0.031 0.000 0.077 0.997
24.515 -456.273 -70.189 -0.033 0.000 0.080 0.996
24.499 -456.178 -70.195 -0.035 0.000 0.084 0.996
24.486 -456.104 -70.200 -0.036 0.000 0.086 0.996
24.460 -455.958 -70.211 -0.038 0.000 0.091 0.995
24.447 -455.889 -70.217 -0.039 0.000 0.094 0.995
24.423 -455.763 -70.227 -0.041 0.000 0.098 0.994
24.408 -455.690 -70.233 -0.043 0.000 0.101 0.994
24.385 -455.582 -70.243 -0.044 0.000 0.105 0.994
24.346 -455.403 -70.259 -0.045 0.000 0.110 0.993
24.313 -455.260 -70.273 -0.047 0.000 0.115 0.992
24.291 -455.167 -70.282 -0.048 0.000 0.118 0.992
24.266 -455.066 -70.292 -0.050 0.000 0.121 0.991
24.242 -454.971 -70.302 -0.052 0.000 0.124 0.991
24.212 -454.855 -70.314 -0.053 0.000 0.127 0.990
24.180 -454.732 -70.328 -0.056 0.000 0.131 0.990
24.152 -454.629 -70.340 -0.057 0.000 0.134 0.989
24.126 -454.538 -70.351 -0.058 0.000 0.137 0.989
24.100 -454.448 -70.362 -0.059 0.000 0.140 0.988
24.078 -454.373 -70.371 -0.060 0.000 0.143 0.988
24.050 -454.279 -70.383 -0.062 0.000 0.146 0.987
24.030 -454.213 -70.392 -0.062 0.000 0.149 0.987
23.994 -454.101 -70.406 -0.063 0.000 0.153 0.986
23.957 -453.985 -70.422 -0.065 0.000 0.156 0.986
23.922 -453.879 -70.436 -0.066 0.000 0.160 0.985
23.888 -453.781 -70.450 -0.068 0.000 0.165 0.984
23.849 -453.669 -70.467 -0.069 0.000 0.169 0.983
23.819 -453.586 -70.479 -0.071 0.000 0.171 0.983
23.784 -453.489 -70.494 -0.073 0.000 0.175 0.982
23.753 -453.406 -70.506 -0.073 0.000 0.178 0.981
23.718 -453.314 -70.521 -0.075 0.000 0.181 0.981
23.681 -453.218 -70.536 -0.076 0.000 0.184 0.980
23.648 -453.135 -70.550 -0.078 0.000 0.187 0.979
23.617 -453.059 -70.563 -0.079 0.000 0.189 0.979
23.590 -452.991 -70.574 -0.081 0.000 0.192 0.978
23.542 -452.877 -70.594 -0.082 0.000 0.196 0.977
23.507 -452.796 -70.609 -0.084 0.000 0.199 0.976
23.470 -452.709 -70.625 -0.085 0.000 0.203 0.976
23.407 -452.568 -70.651 -0.087 0.000 0.208 0.974
23.378 -452.504 -70.663 -0.089 0.000 0.211 0.974
23.332 -452.404 -70.683 -0.090 0.000 0.214 0.973
23.298 -452.333 -70.697 -0.092 0.000 0.217 0.972
23.264 -452.260 -70.712 -0.093 0.000 0.219 0.971
23.214 -452.157 -70.733 -0.093 0.000 0.222 0.971
23.150 -452.029 -70.760 -0.095 0.000 0.227 0.969
23.116 -451.962 -70.774 -0.096 0.000 0.229 0.969
23.054 -451.841 -70.800 -0.097 0.000 0.234 0.967
22.998 -451.733 -70.823 -0.098 0.000 0.237 0.967
22.948 -451.639 -70.843 -0.099 0.000 0.240 0.966
22.897 -451.545 -70.865 -0.101 0.000 0.243 0.965
22.852 -451.464 -70.883 -0.102 0.000 0.246 0.964
22.802 -451.373 -70.904 -0.104 0.000 0.249 0.963
22.764 -451.307 -70.920 -0.105 0.000 0.252 0.962
22.719 -451.227 -70.939 -0.106 0.000 0.255 0.961
22.654 -451.115 -70.966 -0.108 0.000 0.259 0.960
22.582 -450.995 -70.995 -0.109 0.000 0.263 0.959
22.517 -450.889 -71.022 -0.111 0.000 0.268 0.957
22.448 -450.779 -71.051 -0.113 0.000 0.272 0.956
22.395 -450.694 -71.073 -0.114 0.000 0.275 0.955
22.350 -450.624 -71.092 -0.115 0.000 0.277 0.954
22.299 -450.546 -71.113 -0.116 0.000 0.280 0.953
22.250 -450.471 -71.133 -0.118 0.000 0.283 0.952
22.179 -450.365 -71.163 -0.120 0.000 0.287 0.950
22.129 -450.291 -71.184 -0.121 0.000 0.290 0.949
22.071 -450.209 -71.208 -0.122 0.000 0.293 0.948
22.000 -450.107 -71.237 -0.124 0.000 0.297 0.947
21.920 -449.995 -71.271 -0.125 0.000 0.300 0.946
21.849 -449.897 -71.300 -0.127 0.000 0.303 0.944
21.789 -449.815 -71.325 -0.128 0.000 0.306 0.943
21.744 -449.755 -71.344 -0.129 0.000 0.308 0.943
21.691 -449.685 -71.366 -0.130 0.000 0.311 0.942
21.635 -449.611 -71.390 -0.131 0.000 0.314 0.940
21.581 -449.541 -71.412 -0.132 0.000 0.316 0.940
21.495 -449.432 -71.448 -0.134 0.000 0.320 0.938
21.411 -449.326 -71.483 -0.135 0.000 0.323 0.937
21.372 -449.278 -71.499 -0.135 0.000 0.325 0.936
21.297 -449.186 -71.530 -0.136 0.000 0.329 0.935
21.230 -449.105 -71.558 -0.138 0.000 0.332 0.933
21.160 -449.022 -71.587 -0.139 0.000 0.335 0.932
21.086 -448.936 -71.618 -0.141 0.000 0.338 0.930
21.021 -448.860 -71.645 -0.142 0.000 0.341 0.929
20.963 -448.794 -71.670 -0.144 0.000 0.343 0.928
20.883 -448.704 -71.703 -0.144 0.000 0.347 0.927
20.819 -448.633 -71.730 -0.145 0.000 0.349 0.926
20.774 -448.584 -71.748 -0.146 0.000 0.350 0.925
20.700 -448.503 -71.779 -0.147 0.000 0.354 0.924
20.642 -448.441 -71.803 -0.148 0.000 0.355 0.923
20.582 -448.376 -71.828 -0.149 0.000 0.357 0.922
20.503 -448.293 -71.861 -0.150 0.000 0.360 0.921
20.406 -448.192 -71.902 -0.152 0.000 0.363 0.919
20.317 -448.101 -71.939 -0.153 0.000 0.367 0.918
20.213 -447.996 -71.982 -0.154 0.000 0.370 0.916
20.170 -447.953 -72.000 -0.155 0.000 0.372 0.915
20.073 -447.858 -72.040 -0.156 0.000 0.375 0.914
20.005 -447.791 -72.069 -0.157 0.000 0.376 0.913
19.938 -447.726 -72.097 -0.157 0.000 0.379 0.912
19.848 -447.641 -72.134 -0.158 0.001 0.382 0.911
19.772 -447.569 -72.165 -0.158 0.001 0.384 0.910
19.724 -447.524 -72.185 -0.159 0.001 0.385 0.909
19.651 -447.456 -72.215 -0.159 0.001 0.388 0.908
19.611 -447.420 -72.231 -0.160 0.001 0.389 0.907
19.538 -447.354 -72.261 -0.161 0.001 0.391 0.906
19.480 -447.301 -72.285 -0.161 0.001 0.393 0.905
19.428 -447.255 -72.306 -0.161 0.001 0.395 0.905
19.341 -447.177 -72.342 -0.162 0.002 0.398 0.903
19.271 -447.116 -72.370 -0.163 0.002 0.400 0.902
19.156 -447.017 -72.416 -0.163 0.002 0.404 0.900
19.103 -446.973 -72.437 -0.164 0.002 0.405 0.899
19.056 -446.933 -72.456 -0.164 0.002 0.406 0.899
18.993 -446.880 -72.482 -0.165 0.002 0.408 0.898
18.932 -446.829 -72.506 -0.166 0.002 0.409 0.897
18.844 -446.756 -72.541 -0.165 0.003 0.411 0.896
18.781 -446.705 -72.567 -0.167 0.002 0.413 0.896
18.695 -446.635 -72.601 -0.168 0.002 0.414 0.895
18.608 -446.565 -72.636 -0.168 0.002 0.416 0.893
18.516 -446.491 -72.673 -0.170 0.002 0.419 0.892
18.414 -446.411 -72.714 -0.170 0.002 0.422 0.891
18.349 -446.361 -72.740 -0.171 0.002 0.424 0.890
18.306 -446.328 -72.757 -0.171 0.002 0.425 0.889
18.217 -446.259 -72.793 -0.171 0.003 0.427 0.888
18.128 -446.192 -72.828 -0.173 0.002 0.429 0.887
18.042 -446.128 -72.862 -0.174 0.002 0.431 0.885
17.952 -446.061 -72.898 -0.175 0.002 0.433 0.884
17.891 -446.017 -72.923 -0.175 0.002 0.435 0.883
17.837 -445.978 -72.945 -0.176 0.002 0.436 0.882
17.749 -445.914 -72.980 -0.177 0.002 0.438 0.881
17.659 -445.850 -73.016 -0.178 0.002 0.440 0.880
17.554 -445.777 -73.058 -0.179 0.002 0.443 0.879
17.497 -445.737 -73.081 -0.180 0.002 0.444 0.878
17.418 -445.682 -73.113 -0.181 0.002 0.446 0.877
17.345 -445.632 -73.143 -0.181 0.002 0.447 0.876
17.281 -445.589 -73.168 -0.181 0.002 0.448 0.875
17.209 -445.540 -73.197 -0.182 0.002 0.450 0.874
17.116 -445.478 -73.234 -0.182 0.003 0.453 0.873
17.026 -445.419 -73.270 -0.182 0.003 0.455 0.872
16.950 -445.369 -73.300 -0.183 0.003 0.456 0.871
16.889 -445.329 -73.324 -0.183 0.003 0.458 0.870
16.804 -445.275 -73.358 -0.183 0.003 0.460 0.869
16.740 -445.234 -73.383 -0.183 0.004 0.461 0.868
16.638 -445.170 -73.423 -0.183 0.004 0.463 0.867
16.552 -445.116 -73.456 -0.183 0.004 0.465 0.866
16.467 -445.063 -73.490 -0.184 0.005 0.467 0.865
16.342 -444.988 -73.538 -0.184 0.005 0.469 0.864
16.287 -444.954 -73.559 -0.185 0.005 0.470 0.863
16.216 -444.912 -73.587 -0.185 0.005 0.471 0.862
16.151 -444.873 -73.612 -0.186 0.005 0.473 0.861
16.063 -444.821 -73.646 -0.187 0.005 0.475 0.860
15.996 -444.782 -73.672 -0.187 0.005 0.476 0.859
15.935 -444.747 -73.695 -0.187 0.005 0.477 0.859
15.826 -444.684 -73.738 -0.188 0.005 0.478 0.858
15.738 -444.634 -73.771 -0.188 0.005 0.480 0.857
15.664 -444.592 -73.800 -0.189 0.005 0.481 0.856
15.606 -444.559 -73.822 -0.188 0.005 0.482 0.856
15.531 -444.516 -73.851 -0.188 0.006 0.482 0.855
15.484 -444.490 -73.869 -0.188 0.006 0.483 0.855
15.413 -444.450 -73.896 -0.188 0.006 0.484 0.855
15.335 -444.407 -73.926 -0.188 0.006 0.484 0.854
15.263 -444.368 -73.953 -0.188 0.006 0.485 0.854
15.197 -444.332 -73.978 -0.189 0.006 0.486 0.853
15.119 -444.289 -74.008 -0.189 0.006 0.487 0.853
15.027 -444.239 -74.043 -0.189 0.006 0.488 0.852
14.912 -444.177 -74.086 -0.189 0.006 0.490 0.851
14.788 -444.110 -74.133 -0.189 0.007 0.491 0.850
14.707 -444.067 -74.164 -0.190 0.006 0.491 0.850
14.608 -444.015 -74.201 -0.190 0.007 0.492 0.849
14.524 -443.971 -74.233 -0.190 0.007 0.493 0.849
14.432 -443.922 -74.267 -0.189 0.008 0.494 0.849
14.335 -443.871 -74.303 -0.188 0.008 0.495 0.848
14.269 -443.837 -74.327 -0.188 0.009 0.496 0.848
14.161 -443.782 -74.367 -0.188 0.009 0.498 0.846
14.105 -443.753 -74.387 -0.188 0.009 0.499 0.846
