24.700 -458.419 -70.112 -0.001 0.000 0.002 1.000
24.699 -458.339 -70.112 -0.002 0.000 0.006 1.000
24.697 -458.229 -70.113 -0.004 0.000 0.010 1.000
24.695 -458.142 -70.113 -0.004 0.000 0.013 1.000
24.693 -458.059 -70.114 -0.005 0.000 0.016 1.000
24.689 -457.942 -70.116 -0.007 0.000 0.021 1.000
24.685 -457.854 -70.117 -0.008 0.000 0.024 1.000
24.681 -457.789 -70.118 -0.009 0.000 0.026 1.000
24.676 -457.698 -70.120 -0.010 0.000 0.029 1.000
24.671 -457.609 -70.122 -0.011 0.000 0.033 0.999
24.664 -457.510 -70.124 -0.012 0.000 0.036 0.999
24.654 -457.380 -70.127 -0.015 0.000 0.041 0.999
24.645 -457.277 -70.131 -0.016 0.000 0.045 0.999
24.633 -457.146 -70.135 -0.019 0.000 0.050 0.999
24.621 -457.038 -70.139 -0.020 0.000 0.053 0.998
24.612 -456.949 -70.143 -0.021 0.000 0.056 0.998
24.597 -456.828 -70.149 -0.024 0.000 0.061 0.998
24.584 -456.724 -70.154 -0.025 0.000 0.064 0.998
24.568 -456.605 -70.160 -0.028 0.000 0.068 0.997
24.551 -456.480 -70.167 -0.030 0.000 0.073 0.997
24.536 -456.381 -70.174 -0.032 0.000 0.076 0.997
24.521 -456.284 -70.180 -0.034 0.000 0.080 0.996
24.506 -456.193 -70.187 -0.036 0.000 0.083 0.996
24.497 -456.141 -70.190 -0.036 0.000 0.085 0.996
24.480 -456.048 -70.197 -0.038 0.000 0.088 0.995
24.460 -455.938 -70.206 -0.038 0.000 0.092 0.995
24.440 -455.832 -70.214 -0.039 0.000 0.095 0.995
24.416 -455.712 -70.224 -0.042 0.000 0.100 0.994
24.395 -455.611 -70.233 -0.044 0.000 0.103 0.994
24.374 -455.514 -70.242 -0.046 0.000 0.107 0.993
24.352 -455.413 -70.251 -0.047 0.000 0.110 0.993
24.331 -455.320 -70.260 -0.048 0.000 0.113 0.992
24.309 -455.227 -70.270 -0.050 0.000 0.116 0.992
24.285 -455.127 -70.280 -0.051 0.000 0.119 0.992
24.272 -455.078 -70.285 -0.052 0.000 0.121 0.991
24.256 -455.011 -70.292 -0.052 0.000 0.124 0.991
24.231 -454.914 -70.303 -0.054 0.000 0.127 0.990
24.214 -454.850 -70.310 -0.055 0.000 0.129 0.990
24.182 -454.731 -70.324 -0.056 0.000 0.133 0.989
24.157 -454.643 -70.334 -0.057 0.000 0.137 0.989
24.120 -454.516 -70.349 -0.059 0.000 0.141 0.988
24.099 -454.444 -70.358 -0.059 0.000 0.143 0.988
24.080 -454.380 -70.366 -0.060 0.000 0.146 0.987
24.054 -454.296 -70.377 -0.061 0.000 0.149 0.987
24.015 -454.172 -70.393 -0.063 0.000 0.153 0.986
23.996 -454.112 -70.401 -0.064 0.000 0.155 0.986
23.953 -453.982 -70.418 -0.066 0.000 0.160 0.985
23.922 -453.889 -70.431 -0.067 0.000 0.163 0.984
23.890 -453.798 -70.444 -0.068 0.000 0.166 0.984
23.840 -453.659 -70.464 -0.069 0.000 0.172 0.983
23.794 -453.533 -70.483 -0.072 0.000 0.176 0.982
23.751 -453.420 -70.500 -0.073 0.000 0.181 0.981
23.724 -453.351 -70.511 -0.074 0.000 0.183 0.980
23.689 -453.261 -70.525 -0.075 0.000 0.187 0.979
23.657 -453.181 -70.538 -0.076 0.000 0.189 0.979
23.619 -453.090 -70.553 -0.078 0.000 0.192 0.978
23.576 -452.986 -70.571 -0.079 0.000 0.196 0.977
23.546 -452.914 -70.583 -0.080 0.000 0.199 0.977
23.498 -452.805 -70.602 -0.082 0.000 0.203 0.976
23.453 -452.703 -70.620 -0.083 0.000 0.208 0.975
23.413 -452.616 -70.636 -0.085 0.000 0.211 0.974
23.373 -452.529 -70.652 -0.086 0.000 0.214 0.973
23.340 -452.458 -70.666 -0.087 0.000 0.216 0.972
23.292 -452.358 -70.685 -0.088 0.000 0.219 0.972
23.217 -452.204 -70.715 -0.091 0.000 0.226 0.970
23.164 -452.098 -70.736 -0.092 0.000 0.229 0.969
23.128 -452.027 -70.751 -0.094 0.000 0.232 0.968
23.078 -451.932 -70.771 -0.095 0.000 0.235 0.967
23.033 -451.847 -70.789 -0.097 0.000 0.238 0.966
23.005 -451.794 -70.801 -0.097 0.000 0.239 0.966
22.977 -451.740 -70.812 -0.098 0.000 0.241 0.966
22.928 -451.651 -70.832 -0.099 0.000 0.244 0.965
22.875 -451.554 -70.853 -0.100 0.000 0.247 0.964
22.838 -451.488 -70.869 -0.102 0.000 0.250 0.963
22.780 -451.386 -70.892 -0.103 0.000 0.254 0.962
22.737 -451.312 -70.910 -0.105 0.000 0.257 0.961
22.690 -451.232 -70.929 -0.106 0.000 0.260 0.960
22.659 -451.180 -70.941 -0.107 0.000 0.261 0.959
22.603 -451.087 -70.964 -0.107 0.000 0.263 0.959
22.557 -451.010 -70.983 -0.108 0.000 0.265 0.958
22.514 -450.940 -71.000 -0.109 0.000 0.268 0.957
22.478 -450.882 -71.015 -0.109 0.000 0.270 0.957
22.425 -450.798 -71.036 -0.111 0.000 0.273 0.956
22.367 -450.707 -71.060 -0.112 0.000 0.277 0.954
22.318 -450.631 -71.080 -0.114 0.000 0.280 0.953
22.274 -450.564 -71.098 -0.114 0.000 0.282 0.953
22.200 -450.454 -71.127 -0.116 0.000 0.286 0.951
22.156 -450.388 -71.145 -0.118 0.000 0.288 0.950
22.083 -450.282 -71.175 -0.119 0.000 0.292 0.949
22.031 -450.206 -71.197 -0.120 0.000 0.295 0.948
21.976 -450.128 -71.219 -0.121 0.000 0.298 0.947
21.929 -450.063 -71.238 -0.122 0.000 0.300 0.946
21.874 -449.987 -71.260 -0.123 0.000 0.303 0.945
21.806 -449.894 -71.288 -0.124 0.000 0.305 0.944
21.750 -449.819 -71.310 -0.124 0.000 0.307 0.944
21.723 -449.781 -71.322 -0.124 0.000 0.308 0.943
21.661 -449.700 -71.346 -0.126 0.000 0.311 0.942
21.564 -449.572 -71.386 -0.128 0.000 0.314 0.941
21.495 -449.484 -71.414 -0.130 0.000 0.318 0.939
21.424 -449.393 -71.443 -0.131 0.000 0.322 0.938
21.360 -449.313 -71.469 -0.132 0.000 0.325 0.937
21.297 -449.235 -71.495 -0.134 0.000 0.327 0.935
21.226 -449.150 -71.524 -0.135 0.000 0.330 0.934
21.142 -449.049 -71.558 -0.136 0.000 0.334 0.933
21.064 -448.956 -71.590 -0.137 0.000 0.337 0.932
21.014 -448.899 -71.610 -0.137 0.000 0.339 0.931
20.935 -448.807 -71.642 -0.139 0.000 0.342 0.929
20.864 -448.727 -71.671 -0.141 0.000 0.345 0.928
20.772 -448.625 -71.708 -0.142 0.000 0.350 0.926
20.714 -448.560 -71.732 -0.143 0.000 0.352 0.925
20.632 -448.472 -71.765 -0.145 0.000 0.355 0.923
20.542 -448.375 -71.802 -0.147 0.000 0.359 0.922
20.488 -448.319 -71.825 -0.148 0.000 0.361 0.921
20.422 -448.251 -71.851 -0.149 0.000 0.363 0.920
20.322 -448.148 -71.892 -0.149 0.000 0.367 0.918
20.263 -448.088 -71.916 -0.150 0.000 0.369 0.917
20.195 -448.020 -71.944 -0.151 0.000 0.372 0.916
20.106 -447.932 -71.980 -0.152 0.000 0.374 0.915
20.039 -447.866 -72.007 -0.152 0.001 0.377 0.914
19.968 -447.798 -72.036 -0.153 0.000 0.379 0.912
19.903 -447.736 -72.062 -0.154 0.001 0.382 0.911
19.824 -447.662 -72.093 -0.155 0.001 0.384 0.910
19.765 -447.607 -72.117 -0.155 0.001 0.386 0.909
19.699 -447.545 -72.144 -0.156 0.001 0.389 0.908
19.599 -447.454 -72.184 -0.157 0.001 0.392 0.907
19.521 -447.384 -72.215 -0.158 0.001 0.394 0.905
19.424 -447.298 -72.254 -0.160 0.001 0.398 0.904
19.366 -447.247 -72.277 -0.161 0.001 0.400 0.902
19.296 -447.186 -72.305 -0.162 0.001 0.402 0.901
19.241 -447.139 -72.327 -0.162 0.001 0.403 0.901
19.160 -447.070 -72.360 -0.163 0.001 0.405 0.899
19.059 -446.985 -72.401 -0.165 0.000 0.408 0.898
18.969 -446.910 -72.437 -0.165 0.001 0.410 0.897
18.895 -446.849 -72.466 -0.166 0.001 0.412 0.896
18.801 -446.773 -72.504 -0.166 0.001 0.415 0.895
18.731 -446.716 -72.532 -0.167 0.001 0.417 0.893
18.640 -446.644 -72.568 -0.168 0.001 0.420 0.892
18.565 -446.585 -72.598 -0.169 0.001 0.422 0.891
18.481 -446.520 -72.631 -0.170 0.001 0.424 0.890
18.398 -446.456 -72.665 -0.170 0.001 0.426 0.888
18.337 -446.410 -72.689 -0.171 0.001 0.428 0.887
18.275 -446.364 -72.713 -0.171 0.002 0.430 0.886
18.184 -446.296 -72.749 -0.172 0.002 0.433 0.885
18.140 -446.264 -72.767 -0.172 0.002 0.434 0.884
18.078 -446.219 -72.791 -0.173 0.002 0.436 0.883
17.996 -446.159 -72.824 -0.174 0.002 0.438 0.882
17.900 -446.091 -72.861 -0.175 0.002 0.441 0.880
17.840 -446.049 -72.885 -0.175 0.002 0.442 0.880
17.749 -445.985 -72.921 -0.176 0.002 0.444 0.879
17.685 -445.940 -72.946 -0.176 0.002 0.446 0.878
17.594 -445.878 -72.982 -0.177 0.002 0.448 0.876
17.508 -445.820 -73.015 -0.178 0.002 0.450 0.875
17.432 -445.768 -73.046 -0.178 0.002 0.452 0.874
17.365 -445.724 -73.072 -0.179 0.002 0.454 0.873
17.301 -445.682 -73.096 -0.179 0.002 0.455 0.872
17.217 -445.627 -73.129 -0.179 0.003 0.457 0.871
17.122 -445.566 -73.166 -0.180 0.003 0.459 0.870
17.026 -445.505 -73.203 -0.180 0.003 0.461 0.869
16.946 -445.454 -73.234 -0.181 0.003 0.462 0.868
16.895 -445.421 -73.254 -0.181 0.003 0.463 0.868
16.794 -445.359 -73.293 -0.182 0.003 0.465 0.866
16.734 -445.321 -73.316 -0.182 0.004 0.466 0.866
16.641 -445.265 -73.352 -0.182 0.003 0.468 0.865
16.537 -445.201 -73.392 -0.183 0.003 0.470 0.863
16.450 -445.149 -73.425 -0.185 0.003 0.472 0.862
16.405 -445.122 -73.443 -0.185 0.003 0.473 0.861
16.329 -445.077 -73.472 -0.185 0.003 0.475 0.860
16.254 -445.034 -73.501 -0.186 0.003 0.476 0.859
16.162 -444.980 -73.536 -0.185 0.004 0.478 0.859
16.036 -444.908 -73.584 -0.186 0.004 0.480 0.857
15.933 -444.850 -73.624 -0.186 0.005 0.482 0.856
15.863 -444.811 -73.650 -0.186 0.005 0.483 0.855
15.771 -444.759 -73.685 -0.187 0.005 0.485 0.854
15.690 -444.714 -73.716 -0.187 0.005 0.486 0.854
15.646 -444.690 -73.732 -0.187 0.005 0.486 0.854
15.575 -444.651 -73.759 -0.187 0.005 0.487 0.853
15.495 -444.608 -73.789 -0.187 0.005 0.488 0.853
15.439 -444.577 -73.811 -0.187 0.005 0.489 0.852
15.365 -444.537 -73.838 -0.187 0.005 0.490 0.851
15.264 -444.483 -73.876 -0.187 0.006 0.491 0.851
15.143 -444.418 -73.921 -0.187 0.006 0.492 0.850
15.055 -444.372 -73.954 -0.187 0.006 0.493 0.850
14.996 -444.341 -73.975 -0.186 0.007 0.494 0.849
14.933 -444.307 -73.999 -0.187 0.007 0.494 0.849
14.864 -444.271 -74.024 -0.186 0.007 0.495 0.849
14.798 -444.237 -74.048 -0.186 0.007 0.496 0.848
14.694 -444.183 -74.086 -0.187 0.007 0.497 0.847
14.636 -444.153 -74.107 -0.186 0.008 0.498 0.847
14.570 -444.120 -74.131 -0.186 0.008 0.499 0.846
14.500 -444.084 -74.156 -0.186 0.009 0.500 0.846
14.406 -444.036 -74.190 -0.185 0.009 0.501 0.845
14.296 -443.981 -74.229 -0.185 0.009 0.503 0.844
14.208 -443.938 -74.260 -0.185 0.010 0.504 0.844
14.095 -443.882 -74.300 -0.185 0.010 0.506 0.843
