26.389 -423.590 -82.406 -0.026 0.000 0.052 0.998
26.380 -423.509 -82.410 -0.027 0.000 0.055 0.998
26.372 -423.433 -82.414 -0.028 0.000 0.057 0.998
26.359 -423.323 -82.421 -0.029 0.000 0.061 0.998
26.338 -423.164 -82.430 -0.032 0.000 0.067 0.997
26.324 -423.063 -82.437 -0.033 0.000 0.070 0.997
26.309 -422.959 -82.444 -0.035 0.000 0.074 0.997
26.295 -422.867 -82.451 -0.037 0.000 0.077 0.996
26.279 -422.768 -82.458 -0.038 0.000 0.081 0.996
26.266 -422.689 -82.464 -0.038 0.000 0.083 0.996
26.255 -422.625 -82.469 -0.039 0.000 0.085 0.996
26.238 -422.525 -82.477 -0.040 0.000 0.088 0.995
26.218 -422.415 -82.486 -0.041 0.000 0.091 0.995
26.199 -422.317 -82.495 -0.042 0.000 0.095 0.995
26.174 -422.191 -82.506 -0.044 0.000 0.098 0.994
26.142 -422.032 -82.520 -0.046 0.000 0.103 0.994
26.129 -421.971 -82.526 -0.047 0.000 0.105 0.993
26.110 -421.884 -82.535 -0.048 0.000 0.107 0.993
26.091 -421.798 -82.543 -0.050 0.000 0.110 0.993
26.067 -421.691 -82.554 -0.052 0.000 0.113 0.992
26.051 -421.623 -82.561 -0.053 0.000 0.116 0.992
26.025 -421.516 -82.573 -0.054 0.000 0.119 0.991
25.993 -421.386 -82.588 -0.055 0.000 0.124 0.991
25.972 -421.306 -82.597 -0.056 0.000 0.126 0.990
25.950 -421.223 -82.607 -0.057 0.000 0.129 0.990
25.915 -421.093 -82.622 -0.059 0.000 0.133 0.989
25.888 -420.995 -82.634 -0.060 0.000 0.136 0.989
25.868 -420.926 -82.643 -0.061 0.000 0.138 0.989
25.833 -420.805 -82.658 -0.062 0.000 0.142 0.988
25.800 -420.693 -82.673 -0.064 0.000 0.145 0.987
25.773 -420.604 -82.685 -0.065 0.000 0.147 0.987
25.739 -420.494 -82.700 -0.066 0.001 0.150 0.986
25.702 -420.378 -82.716 -0.068 0.000 0.154 0.986
25.680 -420.311 -82.725 -0.068 0.000 0.156 0.985
25.642 -420.195 -82.742 -0.069 0.001 0.159 0.985
25.613 -420.109 -82.754 -0.070 0.001 0.162 0.984
25.577 -420.005 -82.770 -0.071 0.001 0.165 0.984
25.550 -419.926 -82.782 -0.072 0.001 0.167 0.983
25.499 -419.784 -82.804 -0.075 0.000 0.171 0.982
25.477 -419.722 -82.813 -0.075 0.001 0.173 0.982
25.444 -419.633 -82.828 -0.076 0.001 0.175 0.982
25.416 -419.560 -82.839 -0.077 0.001 0.178 0.981
25.379 -419.462 -82.856 -0.079 0.000 0.180 0.980
25.339 -419.359 -82.873 -0.080 0.000 0.182 0.980
25.306 -419.274 -82.888 -0.081 0.000 0.184 0.980
25.281 -419.211 -82.899 -0.082 0.000 0.186 0.979
25.258 -419.151 -82.909 -0.082 0.000 0.187 0.979
25.226 -419.073 -82.923 -0.082 0.000 0.188 0.979
25.195 -418.996 -82.937 -0.084 0.000 0.190 0.978
25.159 -418.907 -82.953 -0.085 0.000 0.193 0.978
25.107 -418.784 -82.975 -0.086 0.000 0.196 0.977
25.072 -418.702 -82.990 -0.087 0.000 0.197 0.976
25.029 -418.600 -83.010 -0.088 0.000 0.200 0.976
24.980 -418.488 -83.031 -0.089 0.000 0.202 0.975
24.952 -418.425 -83.043 -0.090 0.000 0.204 0.975
24.916 -418.344 -83.059 -0.090 0.001 0.207 0.974
24.867 -418.235 -83.080 -0.090 0.001 0.210 0.974
24.816 -418.123 -83.102 -0.091 0.001 0.213 0.973
24.781 -418.049 -83.117 -0.092 0.001 0.215 0.972
24.743 -417.969 -83.133 -0.093 0.001 0.218 0.972
24.689 -417.858 -83.156 -0.094 0.001 0.222 0.970
24.639 -417.756 -83.177 -0.097 0.001 0.226 0.969
24.598 -417.674 -83.195 -0.098 0.001 0.229 0.968
24.542 -417.565 -83.219 -0.099 0.001 0.233 0.967
24.485 -417.456 -83.243 -0.101 0.001 0.237 0.966
24.439 -417.368 -83.263 -0.103 0.001 0.240 0.965
24.403 -417.303 -83.278 -0.104 0.001 0.242 0.965
24.357 -417.218 -83.298 -0.105 0.001 0.246 0.964
24.316 -417.144 -83.315 -0.106 0.001 0.248 0.963
24.256 -417.038 -83.341 -0.108 0.001 0.252 0.962
24.186 -416.917 -83.370 -0.109 0.001 0.256 0.960
24.124 -416.811 -83.397 -0.110 0.001 0.261 0.959
24.077 -416.733 -83.416 -0.111 0.001 0.264 0.958
24.003 -416.612 -83.448 -0.114 0.001 0.268 0.957
23.963 -416.548 -83.464 -0.114 0.001 0.270 0.956
23.894 -416.439 -83.493 -0.115 0.001 0.274 0.955
23.828 -416.336 -83.521 -0.117 0.002 0.279 0.953
23.767 -416.243 -83.546 -0.119 0.001 0.282 0.952
23.706 -416.152 -83.572 -0.121 0.001 0.286 0.950
23.662 -416.087 -83.591 -0.122 0.001 0.289 0.949
23.623 -416.030 -83.607 -0.123 0.001 0.292 0.949
23.560 -415.941 -83.633 -0.125 0.001 0.296 0.947
23.517 -415.879 -83.652 -0.126 0.001 0.298 0.946
23.458 -415.797 -83.677 -0.127 0.001 0.302 0.945
23.370 -415.678 -83.713 -0.129 0.001 0.307 0.943
23.327 -415.620 -83.732 -0.131 0.001 0.310 0.942
23.245 -415.514 -83.766 -0.133 0.001 0.315 0.940
23.176 -415.424 -83.795 -0.136 0.001 0.319 0.938
23.111 -415.343 -83.823 -0.137 0.001 0.323 0.936
23.060 -415.280 -83.844 -0.138 0.001 0.327 0.935
22.967 -415.167 -83.883 -0.140 0.001 0.332 0.933
22.892 -415.079 -83.915 -0.142 0.001 0.336 0.931
22.852 -415.032 -83.932 -0.142 0.001 0.339 0.930
22.792 -414.963 -83.957 -0.144 0.001 0.342 0.929
22.707 -414.868 -83.992 -0.145 0.002 0.347 0.927
22.658 -414.813 -84.012 -0.146 0.002 0.350 0.925
22.582 -414.731 -84.044 -0.147 0.002 0.354 0.924
22.527 -414.672 -84.066 -0.147 0.002 0.356 0.923
22.462 -414.602 -84.093 -0.149 0.002 0.360 0.921
22.382 -414.520 -84.126 -0.152 0.002 0.364 0.919
22.313 -414.449 -84.155 -0.155 0.001 0.368 0.917
22.218 -414.354 -84.195 -0.157 0.001 0.373 0.915
22.146 -414.284 -84.225 -0.158 0.001 0.376 0.913
22.078 -414.218 -84.253 -0.161 0.001 0.380 0.911
22.011 -414.156 -84.281 -0.163 0.001 0.383 0.909
21.916 -414.067 -84.322 -0.166 0.000 0.388 0.907
21.833 -413.992 -84.357 -0.167 0.000 0.392 0.905
21.768 -413.935 -84.385 -0.169 0.000 0.396 0.903
21.711 -413.885 -84.409 -0.170 0.001 0.399 0.901
21.633 -413.818 -84.442 -0.171 0.000 0.402 0.899
21.539 -413.738 -84.482 -0.174 0.000 0.407 0.897
21.481 -413.691 -84.507 -0.175 0.000 0.410 0.895
21.422 -413.642 -84.532 -0.176 0.000 0.413 0.894
21.343 -413.579 -84.566 -0.177 0.001 0.416 0.892
21.268 -413.519 -84.598 -0.179 0.000 0.419 0.890
21.181 -413.452 -84.635 -0.180 0.001 0.423 0.888
21.107 -413.396 -84.666 -0.182 0.000 0.427 0.886
21.029 -413.337 -84.700 -0.183 0.001 0.430 0.884
20.956 -413.284 -84.730 -0.184 0.001 0.434 0.882
20.863 -413.217 -84.770 -0.185 0.001 0.438 0.880
20.787 -413.164 -84.802 -0.187 0.001 0.441 0.878
20.698 -413.103 -84.839 -0.188 0.001 0.445 0.875
20.624 -413.052 -84.871 -0.190 0.001 0.448 0.873
20.557 -413.008 -84.899 -0.191 0.001 0.451 0.872
20.476 -412.955 -84.933 -0.192 0.001 0.454 0.870
20.409 -412.912 -84.961 -0.193 0.001 0.457 0.868
20.313 -412.851 -85.002 -0.195 0.001 0.461 0.866
20.225 -412.797 -85.039 -0.196 0.001 0.465 0.863
20.139 -412.745 -85.075 -0.198 0.001 0.468 0.861
20.083 -412.712 -85.098 -0.199 0.001 0.470 0.860
19.989 -412.656 -85.138 -0.201 0.001 0.474 0.857
19.917 -412.615 -85.169 -0.203 0.001 0.477 0.855
19.826 -412.564 -85.207 -0.204 0.001 0.480 0.853
19.760 -412.528 -85.235 -0.205 0.000 0.482 0.852
19.668 -412.478 -85.274 -0.207 0.000 0.486 0.849
19.595 -412.439 -85.305 -0.208 0.000 0.489 0.847
19.476 -412.377 -85.356 -0.209 0.001 0.493 0.844
19.365 -412.322 -85.403 -0.211 0.001 0.497 0.842
19.268 -412.274 -85.443 -0.212 0.001 0.501 0.839
19.183 -412.233 -85.480 -0.214 0.001 0.504 0.837
19.070 -412.180 -85.527 -0.215 0.001 0.508 0.834
19.005 -412.151 -85.555 -0.216 0.001 0.510 0.833
18.944 -412.123 -85.581 -0.217 0.001 0.512 0.831
18.850 -412.081 -85.621 -0.218 0.001 0.515 0.829
18.754 -412.040 -85.661 -0.220 0.001 0.519 0.826
18.673 -412.006 -85.695 -0.221 0.001 0.522 0.824
18.573 -411.965 -85.738 -0.223 0.000 0.525 0.821
18.466 -411.923 -85.783 -0.225 0.000 0.529 0.819
18.386 -411.891 -85.817 -0.226 0.001 0.531 0.817
18.306 -411.861 -85.851 -0.227 0.000 0.534 0.814
18.199 -411.821 -85.896 -0.229 0.000 0.538 0.811
18.138 -411.799 -85.923 -0.230 0.000 0.540 0.810
18.061 -411.772 -85.955 -0.231 0.000 0.542 0.808
17.957 -411.737 -86.000 -0.233 0.000 0.546 0.805
17.851 -411.702 -86.045 -0.234 0.000 0.549 0.802
17.752 -411.670 -86.087 -0.235 0.000 0.553 0.799
17.650 -411.638 -86.131 -0.237 0.000 0.556 0.797
17.543 -411.606 -86.176 -0.238 0.000 0.559 0.794
17.453 -411.580 -86.214 -0.239 0.001 0.562 0.792
17.378 -411.559 -86.246 -0.239 0.001 0.564 0.790
17.292 -411.536 -86.282 -0.241 0.001 0.567 0.787
17.224 -411.518 -86.311 -0.242 0.000 0.569 0.786
17.178 -411.507 -86.331 -0.243 0.000 0.571 0.785
17.119 -411.491 -86.356 -0.243 0.001 0.572 0.783
17.043 -411.472 -86.388 -0.243 0.001 0.574 0.782
16.930 -411.445 -86.436 -0.245 0.001 0.577 0.779
16.845 -411.425 -86.472 -0.246 0.001 0.578 0.778
16.767 -411.407 -86.505 -0.247 0.000 0.580 0.776
16.693 -411.390 -86.536 -0.247 0.001 0.582 0.774
16.594 -411.369 -86.578 -0.249 0.000 0.585 0.772
16.458 -411.340 -86.636 -0.250 0.001 0.588 0.769
16.326 -411.314 -86.692 -0.251 0.001 0.592 0.766
16.263 -411.303 -86.718 -0.252 0.001 0.594 0.764
16.197 -411.291 -86.746 -0.252 0.001 0.595 0.763
16.089 -411.271 -86.792 -0.253 0.001 0.597 0.761
15.996 -411.255 -86.831 -0.253 0.001 0.599 0.760
15.872 -411.235 -86.883 -0.255 0.001 0.603 0.756
15.727 -411.213 -86.944 -0.257 0.001 0.606 0.753
15.659 -411.203 -86.973 -0.258 0.001 0.608 0.751
15.569 -411.191 -87.011 -0.259 0.001 0.610 0.749
15.462 -411.177 -87.056 -0.260 0.001 0.613 0.746
15.338 -411.163 -87.109 -0.261 0.002 0.617 0.742
15.229 -411.151 -87.154 -0.261 0.002 0.620 0.739
15.152 -411.144 -87.186 -0.262 0.003 0.622 0.738
14.983 -411.129 -87.257 -0.265 0.002 0.627 0.733
14.923 -411.124 -87.283 -0.266 0.001 0.628 0.731
14.836 -411.118 -87.319 -0.266 0.002 0.630 0.730
14.762 -411.113 -87.350 -0.267 0.002 0.632 0.727
14.668 -411.107 -87.389 -0.268 0.002 0.635 0.725
14.599 -411.104 -87.418 -0.269 0.002 0.637 0.723
14.543 -411.102 -87.442 -0.270 0.002 0.638 0.721
14.456 -411.098 -87.478 -0.271 0.001 0.640 0.719
14.378 -411.096 -87.511 -0.272 0.001 0.642 0.717
14.284 -411.093 -87.551 -0.273 0.002 0.645 0.714
14.179 -411.092 -87.595 -0.273 0.002 0.648 0.711
14.080 -411.091 -87.636 -0.274 0.002 0.651 0.708
13.985 -411.091 -87.676 -0.275 0.002 0.653 0.706
13.852 -411.092 -87.732 -0.277 0.002 0.656 0.702
13.729 -411.095 -87.783 -0.278 0.002 0.659 0.699
13.608 -411.099 -87.834 -0.280 0.002 0.662 0.695
13.510 -411.103 -87.875 -0.281 0.001 0.664 0.693
13.395 -411.108 -87.924 -0.282 0.001 0.666 0.691
13.325 -411.112 -87.953 -0.282 0.002 0.667 0.690
13.236 -411.117 -87.990 -0.282 0.002 0.669 0.688
13.092 -411.125 -88.050 -0.282 0.003 0.671 0.685
13.028 -411.130 -88.077 -0.283 0.003 0.672 0.684
12.935 -411.136 -88.115 -0.283 0.003 0.674 0.683
12.865 -411.142 -88.144 -0.283 0.003 0.675 0.682
12.785 -411.148 -88.178 -0.284 0.003 0.676 0.680
12.694 -411.155 -88.215 -0.284 0.003 0.677 0.679
12.597 -411.164 -88.255 -0.284 0.004 0.679 0.677
12.502 -411.173 -88.294 -0.285 0.004 0.680 0.675
12.419 -411.181 -88.329 -0.285 0.005 0.682 0.674
12.327 -411.190 -88.366 -0.285 0.005 0.683 0.672
12.240 -411.200 -88.402 -0.285 0.006 0.684 0.671
12.184 -411.206 -88.424 -0.285 0.005 0.685 0.670
12.120 -411.213 -88.451 -0.286 0.006 0.686 0.669
12.025 -411.224 -88.489 -0.286 0.006 0.688 0.667
11.917 -411.238 -88.533 -0.287 0.006 0.691 0.664
11.803 -411.253 -88.579 -0.287 0.006 0.693 0.661
11.689 -411.269 -88.625 -0.288 0.007 0.694 0.660
11.522 -411.293 -88.692 -0.289 0.007 0.696 0.657
