21.499 -475.877 -70.112 -0.002 0.000 0.004 1.000
21.499 -475.817 -70.112 -0.003 0.000 0.006 1.000
21.496 -475.656 -70.114 -0.005 0.000 0.012 1.000
21.493 -475.555 -70.115 -0.006 0.000 0.016 1.000
21.489 -475.444 -70.116 -0.008 0.000 0.020 1.000
21.485 -475.354 -70.118 -0.009 0.000 0.023 1.000
21.480 -475.261 -70.119 -0.011 0.000 0.026 1.000
21.475 -475.168 -70.122 -0.012 0.000 0.029 1.000
21.468 -475.057 -70.124 -0.013 0.000 0.032 0.999
21.460 -474.933 -70.128 -0.015 0.000 0.036 0.999
21.453 -474.838 -70.131 -0.016 0.000 0.039 0.999
21.444 -474.733 -70.134 -0.018 0.000 0.043 0.999
21.433 -474.610 -70.139 -0.019 0.000 0.047 0.999
21.425 -474.523 -70.142 -0.021 0.000 0.050 0.999
21.415 -474.434 -70.146 -0.022 0.000 0.053 0.998
21.403 -474.324 -70.151 -0.023 0.000 0.056 0.998
21.394 -474.247 -70.155 -0.024 0.000 0.059 0.998
21.385 -474.168 -70.159 -0.025 0.000 0.061 0.998
21.370 -474.050 -70.165 -0.027 0.000 0.065 0.998
21.358 -473.962 -70.170 -0.028 0.000 0.067 0.997
21.343 -473.856 -70.176 -0.029 0.000 0.070 0.997
21.330 -473.764 -70.182 -0.030 0.000 0.073 0.997
21.314 -473.657 -70.188 -0.031 0.000 0.078 0.997
21.301 -473.575 -70.194 -0.031 0.000 0.080 0.996
21.286 -473.488 -70.199 -0.032 0.000 0.083 0.996
21.265 -473.368 -70.207 -0.034 0.000 0.087 0.996
21.241 -473.232 -70.217 -0.035 0.000 0.091 0.995
21.219 -473.116 -70.225 -0.038 0.000 0.096 0.995
21.201 -473.024 -70.233 -0.039 0.000 0.099 0.994
21.176 -472.905 -70.242 -0.040 0.000 0.102 0.994
21.151 -472.787 -70.252 -0.041 0.000 0.106 0.994
21.142 -472.742 -70.256 -0.042 0.000 0.107 0.993
21.121 -472.651 -70.264 -0.043 0.000 0.109 0.993
21.105 -472.578 -70.270 -0.043 0.000 0.111 0.993
21.080 -472.471 -70.279 -0.044 0.000 0.114 0.993
21.055 -472.364 -70.289 -0.045 0.000 0.117 0.992
21.032 -472.270 -70.298 -0.046 0.000 0.120 0.992
21.000 -472.141 -70.310 -0.048 0.000 0.124 0.991
20.968 -472.019 -70.323 -0.050 0.000 0.128 0.990
20.942 -471.924 -70.332 -0.050 0.000 0.131 0.990
20.908 -471.797 -70.346 -0.051 0.000 0.135 0.990
20.881 -471.703 -70.356 -0.053 0.000 0.137 0.989
20.854 -471.608 -70.366 -0.054 0.000 0.140 0.989
20.822 -471.498 -70.378 -0.055 0.000 0.143 0.988
20.799 -471.422 -70.387 -0.055 0.000 0.145 0.988
20.758 -471.286 -70.403 -0.057 0.000 0.148 0.987
20.722 -471.171 -70.417 -0.058 0.000 0.152 0.987
20.693 -471.081 -70.428 -0.059 0.000 0.155 0.986
20.647 -470.941 -70.446 -0.061 0.000 0.159 0.985
20.612 -470.836 -70.459 -0.062 0.000 0.162 0.985
20.591 -470.774 -70.467 -0.062 0.000 0.164 0.985
20.547 -470.647 -70.484 -0.063 0.000 0.167 0.984
20.521 -470.573 -70.494 -0.065 0.000 0.168 0.984
20.494 -470.498 -70.504 -0.065 0.000 0.170 0.983
20.467 -470.423 -70.514 -0.067 0.000 0.172 0.983
20.436 -470.338 -70.526 -0.067 0.000 0.174 0.982
20.389 -470.213 -70.544 -0.069 0.000 0.178 0.982
20.341 -470.086 -70.563 -0.070 0.000 0.179 0.981
20.307 -469.997 -70.576 -0.071 0.000 0.181 0.981
20.273 -469.908 -70.590 -0.072 0.000 0.183 0.980
20.231 -469.801 -70.606 -0.073 0.000 0.185 0.980
20.193 -469.705 -70.621 -0.074 0.000 0.188 0.979
20.135 -469.562 -70.644 -0.076 0.000 0.190 0.979
20.087 -469.446 -70.663 -0.076 0.000 0.193 0.978
20.035 -469.321 -70.684 -0.077 0.000 0.197 0.977
19.993 -469.222 -70.700 -0.078 0.000 0.199 0.977
19.959 -469.143 -70.714 -0.079 0.000 0.202 0.976
19.907 -469.025 -70.734 -0.080 0.000 0.204 0.976
19.849 -468.894 -70.757 -0.081 0.000 0.207 0.975
19.801 -468.787 -70.776 -0.082 0.000 0.209 0.974
19.763 -468.703 -70.791 -0.082 0.000 0.211 0.974
19.705 -468.577 -70.813 -0.083 0.000 0.214 0.973
19.654 -468.468 -70.833 -0.084 0.000 0.216 0.973
19.606 -468.368 -70.852 -0.084 0.000 0.218 0.972
19.540 -468.231 -70.877 -0.085 0.000 0.221 0.972
19.507 -468.162 -70.890 -0.085 0.000 0.223 0.971
19.457 -468.060 -70.909 -0.086 0.000 0.224 0.971
19.410 -467.964 -70.927 -0.087 0.000 0.226 0.970
19.348 -467.841 -70.951 -0.088 0.000 0.228 0.970
19.291 -467.727 -70.973 -0.088 0.000 0.230 0.969
19.231 -467.610 -70.996 -0.089 0.000 0.232 0.969
19.186 -467.523 -71.013 -0.089 0.000 0.233 0.968
19.143 -467.439 -71.030 -0.090 0.000 0.235 0.968
19.111 -467.377 -71.042 -0.090 0.000 0.236 0.967
19.058 -467.277 -71.062 -0.092 0.000 0.239 0.967
19.005 -467.178 -71.082 -0.092 0.001 0.242 0.966
18.969 -467.111 -71.096 -0.092 0.001 0.243 0.966
18.949 -467.074 -71.103 -0.092 0.001 0.244 0.965
18.903 -466.991 -71.120 -0.092 0.001 0.246 0.965
18.863 -466.919 -71.135 -0.093 0.001 0.247 0.964
18.824 -466.849 -71.150 -0.093 0.001 0.249 0.964
18.770 -466.753 -71.170 -0.094 0.001 0.251 0.963
18.714 -466.653 -71.191 -0.094 0.001 0.253 0.963
18.681 -466.596 -71.203 -0.094 0.001 0.254 0.963
18.637 -466.520 -71.220 -0.094 0.001 0.255 0.962
18.585 -466.430 -71.239 -0.095 0.001 0.257 0.962
18.539 -466.351 -71.255 -0.095 0.001 0.259 0.961
18.481 -466.253 -71.277 -0.095 0.002 0.261 0.961
18.441 -466.185 -71.291 -0.096 0.001 0.262 0.960
18.401 -466.119 -71.306 -0.096 0.002 0.263 0.960
18.339 -466.017 -71.328 -0.096 0.002 0.266 0.959
18.300 -465.952 -71.342 -0.096 0.002 0.266 0.959
18.254 -465.877 -71.358 -0.096 0.002 0.267 0.959
18.185 -465.763 -71.383 -0.097 0.002 0.269 0.958
18.131 -465.676 -71.403 -0.097 0.002 0.271 0.958
18.072 -465.581 -71.424 -0.096 0.002 0.272 0.957
18.031 -465.517 -71.438 -0.096 0.003 0.273 0.957
17.964 -465.410 -71.461 -0.096 0.003 0.275 0.957
17.891 -465.297 -71.486 -0.097 0.003 0.277 0.956
17.848 -465.229 -71.501 -0.097 0.003 0.278 0.956
17.796 -465.149 -71.519 -0.097 0.003 0.279 0.955
17.735 -465.055 -71.540 -0.097 0.003 0.280 0.955
17.685 -464.978 -71.557 -0.097 0.003 0.282 0.955
17.613 -464.868 -71.582 -0.097 0.003 0.283 0.954
17.562 -464.791 -71.599 -0.098 0.003 0.284 0.954
17.530 -464.742 -71.610 -0.098 0.003 0.285 0.954
17.474 -464.658 -71.629 -0.098 0.003 0.286 0.953
17.402 -464.551 -71.653 -0.098 0.003 0.287 0.953
17.356 -464.483 -71.669 -0.098 0.003 0.287 0.953
17.281 -464.372 -71.694 -0.098 0.004 0.289 0.952
17.211 -464.268 -71.717 -0.098 0.004 0.290 0.952
17.166 -464.203 -71.732 -0.098 0.004 0.291 0.952
17.121 -464.137 -71.747 -0.097 0.004 0.293 0.951
17.049 -464.033 -71.770 -0.097 0.004 0.294 0.951
17.005 -463.969 -71.785 -0.098 0.004 0.295 0.950
16.940 -463.877 -71.806 -0.097 0.005 0.297 0.950
16.901 -463.821 -71.818 -0.097 0.005 0.297 0.950
16.838 -463.732 -71.838 -0.096 0.005 0.298 0.950
16.774 -463.642 -71.859 -0.097 0.005 0.300 0.949
16.724 -463.571 -71.875 -0.096 0.005 0.301 0.949
16.666 -463.491 -71.893 -0.096 0.005 0.302 0.949
16.564 -463.349 -71.925 -0.097 0.005 0.304 0.948
16.478 -463.231 -71.951 -0.098 0.005 0.305 0.947
16.411 -463.139 -71.972 -0.098 0.006 0.307 0.947
16.359 -463.069 -71.988 -0.098 0.006 0.308 0.946
16.302 -462.992 -72.006 -0.098 0.006 0.309 0.946
16.228 -462.893 -72.029 -0.097 0.006 0.311 0.945
16.152 -462.791 -72.052 -0.096 0.006 0.312 0.945
16.107 -462.732 -72.065 -0.096 0.007 0.313 0.945
16.049 -462.654 -72.083 -0.095 0.007 0.314 0.945
16.013 -462.608 -72.093 -0.095 0.007 0.315 0.944
15.962 -462.541 -72.108 -0.095 0.007 0.315 0.944
15.898 -462.456 -72.127 -0.095 0.007 0.316 0.944
15.846 -462.389 -72.142 -0.096 0.007 0.317 0.944
15.766 -462.284 -72.166 -0.095 0.007 0.318 0.943
15.716 -462.220 -72.180 -0.095 0.008 0.319 0.943
15.649 -462.133 -72.200 -0.095 0.008 0.320 0.943
15.575 -462.038 -72.221 -0.095 0.008 0.320 0.943
15.544 -461.998 -72.230 -0.095 0.008 0.320 0.942
15.482 -461.919 -72.247 -0.095 0.008 0.321 0.942
15.418 -461.837 -72.266 -0.095 0.008 0.322 0.942
15.377 -461.784 -72.278 -0.095 0.008 0.323 0.942
15.311 -461.701 -72.296 -0.095 0.008 0.324 0.941
15.242 -461.614 -72.316 -0.095 0.008 0.325 0.941
15.176 -461.532 -72.334 -0.095 0.008 0.326 0.941
15.125 -461.467 -72.349 -0.095 0.008 0.327 0.940
15.068 -461.397 -72.365 -0.095 0.009 0.328 0.940
15.006 -461.320 -72.382 -0.094 0.009 0.329 0.940
14.937 -461.234 -72.401 -0.095 0.009 0.330 0.939
14.873 -461.155 -72.419 -0.095 0.009 0.331 0.939
14.788 -461.052 -72.443 -0.095 0.009 0.332 0.939
14.688 -460.930 -72.470 -0.096 0.009 0.333 0.938
14.647 -460.881 -72.482 -0.095 0.009 0.334 0.938
14.584 -460.805 -72.499 -0.095 0.009 0.335 0.937
14.533 -460.743 -72.513 -0.096 0.009 0.336 0.937
14.464 -460.662 -72.532 -0.095 0.009 0.336 0.937
14.409 -460.595 -72.547 -0.095 0.009 0.337 0.937
14.334 -460.507 -72.567 -0.095 0.010 0.338 0.936
14.256 -460.414 -72.588 -0.094 0.010 0.339 0.936
14.209 -460.358 -72.601 -0.094 0.010 0.340 0.936
14.137 -460.274 -72.620 -0.094 0.010 0.341 0.935
