21.500 -475.947 -70.112 -0.001 0.000 0.002 1.000
21.499 -475.844 -70.112 -0.003 0.000 0.005 1.000
21.498 -475.735 -70.113 -0.004 0.000 0.009 1.000
21.495 -475.619 -70.114 -0.006 0.000 0.013 1.000
21.491 -475.477 -70.116 -0.009 0.000 0.018 1.000
21.487 -475.379 -70.118 -0.010 0.000 0.022 1.000
21.483 -475.304 -70.120 -0.011 0.000 0.024 1.000
21.480 -475.244 -70.121 -0.011 0.000 0.027 1.000
21.473 -475.126 -70.124 -0.014 0.000 0.031 0.999
21.469 -475.058 -70.126 -0.014 0.000 0.033 0.999
21.460 -474.925 -70.130 -0.018 0.000 0.037 0.999
21.451 -474.815 -70.134 -0.019 0.000 0.040 0.999
21.440 -474.687 -70.139 -0.021 0.000 0.044 0.999
21.434 -474.623 -70.142 -0.021 0.000 0.046 0.999
21.426 -474.539 -70.146 -0.023 0.000 0.050 0.999
21.412 -474.399 -70.152 -0.024 0.000 0.054 0.998
21.404 -474.325 -70.156 -0.026 0.000 0.056 0.998
21.391 -474.218 -70.162 -0.027 0.000 0.059 0.998
21.384 -474.156 -70.165 -0.028 0.000 0.061 0.998
21.372 -474.061 -70.171 -0.029 0.000 0.064 0.998
21.357 -473.954 -70.177 -0.031 0.000 0.067 0.997
21.347 -473.879 -70.182 -0.032 0.000 0.069 0.997
21.333 -473.781 -70.188 -0.033 0.000 0.072 0.997
21.321 -473.698 -70.194 -0.034 0.000 0.074 0.997
21.308 -473.613 -70.200 -0.035 0.000 0.076 0.996
21.293 -473.515 -70.207 -0.036 0.000 0.079 0.996
21.276 -473.411 -70.214 -0.038 0.000 0.083 0.996
21.261 -473.325 -70.221 -0.039 0.000 0.085 0.996
21.243 -473.222 -70.229 -0.040 0.000 0.088 0.995
21.219 -473.094 -70.240 -0.042 0.000 0.092 0.995
21.197 -472.975 -70.250 -0.043 0.000 0.096 0.994
21.182 -472.901 -70.257 -0.045 0.000 0.098 0.994
21.157 -472.781 -70.268 -0.047 0.000 0.101 0.994
21.129 -472.648 -70.281 -0.049 0.000 0.106 0.993
21.100 -472.515 -70.295 -0.051 0.000 0.109 0.993
21.075 -472.404 -70.307 -0.051 0.000 0.112 0.992
21.046 -472.279 -70.320 -0.052 0.000 0.116 0.992
21.033 -472.225 -70.325 -0.052 0.000 0.118 0.992
21.001 -472.095 -70.340 -0.054 0.000 0.122 0.991
20.963 -471.946 -70.356 -0.056 0.000 0.126 0.990
20.937 -471.847 -70.368 -0.058 0.000 0.129 0.990
20.898 -471.704 -70.385 -0.060 0.000 0.133 0.989
20.872 -471.610 -70.397 -0.060 0.000 0.136 0.989
20.853 -471.542 -70.405 -0.061 0.000 0.138 0.989
20.817 -471.415 -70.421 -0.062 0.000 0.140 0.988
20.776 -471.277 -70.439 -0.064 0.000 0.144 0.988
20.752 -471.198 -70.450 -0.064 0.000 0.145 0.987
20.715 -471.077 -70.466 -0.066 0.000 0.149 0.987
20.688 -470.991 -70.478 -0.067 0.000 0.151 0.986
20.660 -470.902 -70.490 -0.068 0.000 0.154 0.986
20.618 -470.774 -70.509 -0.069 0.000 0.157 0.985
20.573 -470.642 -70.528 -0.071 0.000 0.161 0.984
20.536 -470.532 -70.545 -0.073 0.000 0.164 0.984
20.510 -470.458 -70.556 -0.073 0.000 0.165 0.984
20.468 -470.337 -70.575 -0.073 0.000 0.168 0.983
20.444 -470.269 -70.585 -0.074 0.000 0.170 0.983
20.401 -470.151 -70.604 -0.075 0.000 0.173 0.982
20.363 -470.048 -70.620 -0.076 0.000 0.175 0.982
20.345 -469.997 -70.628 -0.076 0.001 0.176 0.981
20.307 -469.898 -70.644 -0.077 0.001 0.179 0.981
20.270 -469.801 -70.660 -0.077 0.001 0.181 0.980
20.234 -469.708 -70.675 -0.079 0.001 0.183 0.980
20.203 -469.630 -70.689 -0.080 0.001 0.185 0.979
20.176 -469.561 -70.700 -0.080 0.001 0.187 0.979
20.122 -469.427 -70.724 -0.081 0.001 0.190 0.978
20.088 -469.345 -70.738 -0.082 0.001 0.192 0.978
20.057 -469.269 -70.751 -0.083 0.001 0.194 0.977
20.010 -469.157 -70.771 -0.084 0.001 0.197 0.977
19.982 -469.091 -70.783 -0.084 0.001 0.199 0.976
19.926 -468.963 -70.806 -0.085 0.001 0.202 0.976
19.904 -468.913 -70.816 -0.085 0.001 0.204 0.975
19.858 -468.808 -70.835 -0.086 0.001 0.206 0.975
19.818 -468.719 -70.852 -0.088 0.001 0.207 0.974
19.772 -468.618 -70.871 -0.088 0.001 0.210 0.974
19.730 -468.527 -70.888 -0.089 0.001 0.212 0.973
19.685 -468.430 -70.907 -0.089 0.001 0.215 0.973
19.643 -468.340 -70.924 -0.089 0.002 0.218 0.972
19.602 -468.254 -70.941 -0.089 0.002 0.219 0.972
19.578 -468.205 -70.950 -0.089 0.002 0.220 0.971
19.534 -468.115 -70.968 -0.090 0.002 0.222 0.971
19.505 -468.055 -70.980 -0.090 0.002 0.223 0.971
19.463 -467.970 -70.997 -0.090 0.002 0.224 0.970
19.412 -467.867 -71.017 -0.090 0.002 0.226 0.970
19.383 -467.807 -71.029 -0.090 0.002 0.227 0.970
19.341 -467.725 -71.045 -0.091 0.002 0.230 0.969
19.299 -467.643 -71.061 -0.091 0.002 0.232 0.968
19.263 -467.573 -71.075 -0.091 0.003 0.234 0.968
19.227 -467.503 -71.089 -0.091 0.003 0.235 0.968
19.159 -467.373 -71.116 -0.093 0.002 0.238 0.967
19.127 -467.314 -71.128 -0.093 0.003 0.239 0.966
19.096 -467.256 -71.140 -0.094 0.002 0.240 0.966
19.066 -467.200 -71.151 -0.094 0.002 0.242 0.966
19.018 -467.112 -71.170 -0.095 0.002 0.244 0.965
18.964 -467.013 -71.191 -0.095 0.003 0.246 0.965
18.932 -466.955 -71.203 -0.096 0.003 0.247 0.964
18.873 -466.849 -71.226 -0.097 0.003 0.249 0.964
18.836 -466.784 -71.240 -0.097 0.003 0.251 0.963
18.783 -466.691 -71.260 -0.097 0.003 0.253 0.963
18.737 -466.611 -71.278 -0.098 0.003 0.254 0.962
18.653 -466.466 -71.309 -0.097 0.003 0.258 0.961
18.597 -466.370 -71.330 -0.098 0.003 0.259 0.961
18.554 -466.298 -71.346 -0.097 0.004 0.260 0.961
18.496 -466.200 -71.368 -0.098 0.004 0.263 0.960
18.454 -466.130 -71.383 -0.099 0.003 0.263 0.960
18.421 -466.075 -71.396 -0.099 0.003 0.264 0.959
18.381 -466.009 -71.410 -0.099 0.004 0.265 0.959
18.311 -465.895 -71.436 -0.099 0.004 0.267 0.959
18.260 -465.811 -71.455 -0.099 0.004 0.267 0.959
18.208 -465.727 -71.473 -0.098 0.004 0.268 0.958
18.140 -465.616 -71.498 -0.098 0.004 0.268 0.958
18.092 -465.538 -71.515 -0.098 0.004 0.269 0.958
18.052 -465.473 -71.530 -0.098 0.004 0.270 0.958
17.997 -465.385 -71.550 -0.098 0.004 0.271 0.957
17.940 -465.293 -71.570 -0.099 0.004 0.273 0.957
17.900 -465.231 -71.584 -0.098 0.005 0.274 0.957
17.836 -465.128 -71.607 -0.099 0.005 0.275 0.956
17.785 -465.048 -71.625 -0.099 0.005 0.276 0.956
17.739 -464.976 -71.641 -0.099 0.005 0.276 0.956
17.688 -464.897 -71.659 -0.099 0.005 0.277 0.956
17.637 -464.818 -71.677 -0.098 0.005 0.278 0.956
17.532 -464.655 -71.713 -0.098 0.005 0.280 0.955
17.491 -464.592 -71.727 -0.098 0.006 0.281 0.955
17.428 -464.496 -71.749 -0.097 0.006 0.282 0.954
17.372 -464.412 -71.767 -0.097 0.006 0.283 0.954
17.334 -464.354 -71.780 -0.097 0.006 0.283 0.954
17.273 -464.262 -71.801 -0.096 0.006 0.284 0.954
17.195 -464.145 -71.826 -0.097 0.006 0.285 0.953
17.113 -464.022 -71.853 -0.096 0.007 0.287 0.953
17.039 -463.911 -71.878 -0.097 0.007 0.288 0.953
16.976 -463.820 -71.898 -0.096 0.007 0.290 0.952
16.927 -463.747 -71.914 -0.096 0.007 0.291 0.952
16.845 -463.627 -71.941 -0.097 0.007 0.292 0.952
16.782 -463.536 -71.961 -0.096 0.007 0.294 0.951
16.716 -463.442 -71.981 -0.096 0.008 0.296 0.950
16.657 -463.356 -72.000 -0.095 0.008 0.297 0.950
16.597 -463.273 -72.018 -0.095 0.008 0.298 0.950
16.511 -463.151 -72.045 -0.094 0.008 0.299 0.950
16.447 -463.061 -72.064 -0.094 0.009 0.300 0.949
16.386 -462.976 -72.083 -0.094 0.009 0.302 0.949
16.322 -462.886 -72.102 -0.094 0.009 0.304 0.948
16.269 -462.814 -72.118 -0.094 0.009 0.305 0.948
16.221 -462.747 -72.132 -0.093 0.010 0.305 0.948
16.139 -462.635 -72.156 -0.091 0.010 0.307 0.947
16.088 -462.566 -72.170 -0.091 0.010 0.307 0.947
16.033 -462.491 -72.186 -0.092 0.010 0.308 0.947
15.975 -462.413 -72.203 -0.091 0.010 0.309 0.947
15.929 -462.350 -72.216 -0.092 0.010 0.310 0.946
15.841 -462.232 -72.241 -0.091 0.010 0.311 0.946
15.770 -462.138 -72.261 -0.092 0.010 0.312 0.946
15.699 -462.044 -72.281 -0.091 0.011 0.313 0.945
15.666 -462.000 -72.290 -0.091 0.011 0.314 0.945
15.633 -461.956 -72.299 -0.091 0.011 0.314 0.945
15.552 -461.849 -72.321 -0.090 0.011 0.316 0.945
15.478 -461.753 -72.342 -0.090 0.011 0.316 0.944
15.373 -461.617 -72.370 -0.090 0.012 0.319 0.943
15.304 -461.528 -72.388 -0.091 0.011 0.320 0.943
15.255 -461.465 -72.402 -0.091 0.012 0.321 0.943
15.203 -461.398 -72.416 -0.091 0.012 0.322 0.942
15.120 -461.293 -72.438 -0.091 0.012 0.323 0.942
15.043 -461.195 -72.458 -0.091 0.012 0.324 0.942
14.982 -461.119 -72.475 -0.091 0.012 0.325 0.941
14.947 -461.075 -72.484 -0.090 0.012 0.326 0.941
14.872 -460.981 -72.504 -0.090 0.012 0.327 0.941
14.787 -460.875 -72.526 -0.089 0.013 0.328 0.940
14.708 -460.777 -72.546 -0.090 0.013 0.329 0.940
14.634 -460.686 -72.565 -0.089 0.013 0.330 0.940
14.571 -460.609 -72.581 -0.088 0.013 0.331 0.939
14.529 -460.558 -72.592 -0.088 0.013 0.332 0.939
14.448 -460.460 -72.612 -0.088 0.014 0.334 0.938
14.333 -460.321 -72.640 -0.087 0.014 0.336 0.938
14.271 -460.247 -72.655 -0.087 0.014 0.336 0.938
14.210 -460.174 -72.670 -0.086 0.015 0.338 0.937
14.163 -460.119 -72.681 -0.086 0.015 0.339 0.937
14.098 -460.041 -72.696 -0.085 0.015 0.339 0.937
