21.500 -475.908 -70.112 -0.002 0.000 0.003 1.000
21.499 -475.840 -70.112 -0.003 0.000 0.006 1.000
21.497 -475.718 -70.113 -0.004 0.000 0.010 1.000
21.494 -475.580 -70.115 -0.007 0.000 0.015 1.000
21.490 -475.474 -70.116 -0.008 0.000 0.018 1.000
21.487 -475.385 -70.118 -0.009 0.000 0.021 1.000
21.482 -475.279 -70.120 -0.009 0.000 0.024 1.000
21.477 -475.178 -70.122 -0.011 0.000 0.028 1.000
21.469 -475.041 -70.125 -0.013 0.000 0.033 0.999
21.463 -474.959 -70.127 -0.014 0.000 0.036 0.999
21.453 -474.826 -70.132 -0.015 0.000 0.040 0.999
21.442 -474.702 -70.136 -0.017 0.000 0.044 0.999
21.434 -474.606 -70.139 -0.018 0.000 0.047 0.999
21.422 -474.488 -70.143 -0.019 0.000 0.050 0.999
21.413 -474.403 -70.146 -0.020 0.000 0.053 0.998
21.405 -474.327 -70.150 -0.020 0.000 0.056 0.998
21.397 -474.255 -70.153 -0.022 0.000 0.058 0.998
21.382 -474.135 -70.158 -0.022 0.000 0.062 0.998
21.372 -474.055 -70.162 -0.024 0.000 0.065 0.998
21.358 -473.949 -70.167 -0.025 0.000 0.068 0.997
21.334 -473.781 -70.176 -0.027 0.000 0.073 0.997
21.316 -473.662 -70.183 -0.029 0.000 0.077 0.997
21.301 -473.568 -70.188 -0.030 0.000 0.080 0.996
21.285 -473.471 -70.194 -0.031 0.000 0.082 0.996
21.258 -473.314 -70.204 -0.032 0.000 0.088 0.996
21.247 -473.254 -70.208 -0.033 0.000 0.090 0.995
21.227 -473.148 -70.215 -0.034 0.000 0.094 0.995
21.209 -473.051 -70.222 -0.036 0.000 0.097 0.995
21.195 -472.983 -70.227 -0.037 0.000 0.099 0.994
21.175 -472.887 -70.235 -0.038 0.000 0.102 0.994
21.147 -472.754 -70.245 -0.039 0.000 0.106 0.994
21.126 -472.658 -70.253 -0.041 0.000 0.108 0.993
21.100 -472.542 -70.262 -0.043 0.000 0.112 0.993
21.073 -472.427 -70.273 -0.043 0.000 0.115 0.992
21.062 -472.378 -70.277 -0.044 0.000 0.116 0.992
21.035 -472.267 -70.287 -0.045 0.000 0.119 0.992
21.007 -472.153 -70.298 -0.046 0.000 0.123 0.991
20.978 -472.039 -70.309 -0.048 0.000 0.126 0.991
20.956 -471.957 -70.317 -0.049 0.000 0.129 0.991
20.938 -471.889 -70.324 -0.049 0.000 0.130 0.990
20.912 -471.793 -70.334 -0.051 0.000 0.134 0.990
20.892 -471.721 -70.341 -0.051 0.000 0.136 0.989
20.864 -471.623 -70.352 -0.052 0.000 0.139 0.989
20.829 -471.503 -70.365 -0.054 0.000 0.141 0.988
20.805 -471.419 -70.374 -0.054 0.000 0.144 0.988
20.768 -471.300 -70.388 -0.056 0.000 0.147 0.988
20.733 -471.185 -70.402 -0.057 0.000 0.150 0.987
20.688 -471.043 -70.419 -0.060 0.000 0.153 0.986
20.667 -470.978 -70.427 -0.061 0.000 0.155 0.986
20.634 -470.877 -70.440 -0.061 0.000 0.158 0.986
20.598 -470.769 -70.454 -0.062 0.000 0.160 0.985
20.559 -470.652 -70.469 -0.064 0.000 0.163 0.985
20.538 -470.591 -70.477 -0.064 0.000 0.165 0.984
20.500 -470.483 -70.492 -0.065 0.000 0.168 0.984
20.468 -470.395 -70.504 -0.066 0.000 0.170 0.983
20.443 -470.326 -70.514 -0.067 0.000 0.172 0.983
20.414 -470.246 -70.525 -0.067 0.000 0.174 0.982
20.383 -470.162 -70.537 -0.068 0.000 0.177 0.982
20.335 -470.036 -70.555 -0.069 0.000 0.179 0.981
20.311 -469.972 -70.565 -0.069 0.000 0.181 0.981
20.268 -469.862 -70.581 -0.070 0.000 0.184 0.980
20.228 -469.760 -70.596 -0.071 0.000 0.187 0.980
20.192 -469.669 -70.610 -0.072 0.000 0.189 0.979
20.163 -469.597 -70.621 -0.073 0.000 0.191 0.979
20.124 -469.503 -70.636 -0.074 0.000 0.193 0.978
20.076 -469.388 -70.654 -0.074 0.000 0.195 0.978
20.035 -469.290 -70.670 -0.075 0.000 0.198 0.977
20.001 -469.212 -70.683 -0.076 0.000 0.200 0.977
19.953 -469.099 -70.701 -0.078 0.000 0.203 0.976
19.912 -469.008 -70.717 -0.079 0.000 0.205 0.976
19.873 -468.920 -70.732 -0.080 0.000 0.206 0.975
19.849 -468.866 -70.741 -0.081 0.000 0.207 0.975
19.786 -468.725 -70.766 -0.083 -0.001 0.210 0.974
19.728 -468.600 -70.789 -0.084 -0.001 0.212 0.974
19.686 -468.509 -70.805 -0.083 0.000 0.214 0.973
19.643 -468.417 -70.822 -0.084 0.000 0.216 0.973
19.626 -468.381 -70.828 -0.084 0.000 0.217 0.973
19.584 -468.293 -70.845 -0.085 0.000 0.219 0.972
19.529 -468.178 -70.866 -0.085 0.000 0.220 0.972
19.485 -468.088 -70.883 -0.087 0.000 0.222 0.971
19.441 -467.997 -70.901 -0.087 0.000 0.224 0.971
19.392 -467.898 -70.920 -0.088 0.000 0.226 0.970
19.352 -467.818 -70.935 -0.088 0.000 0.227 0.970
19.307 -467.730 -70.952 -0.088 0.000 0.229 0.969
19.264 -467.644 -70.969 -0.089 0.000 0.230 0.969
19.233 -467.583 -70.981 -0.089 0.000 0.231 0.969
19.187 -467.493 -70.999 -0.089 0.000 0.233 0.968
19.160 -467.440 -71.009 -0.090 0.000 0.234 0.968
19.110 -467.343 -71.028 -0.091 0.000 0.235 0.968
19.056 -467.242 -71.049 -0.091 0.000 0.236 0.967
19.003 -467.140 -71.069 -0.092 0.000 0.238 0.967
18.956 -467.051 -71.088 -0.093 0.000 0.239 0.967
18.901 -466.949 -71.108 -0.092 0.000 0.241 0.966
18.882 -466.913 -71.116 -0.092 0.000 0.242 0.966
18.822 -466.804 -71.139 -0.093 0.000 0.246 0.965
18.768 -466.705 -71.159 -0.094 0.000 0.247 0.964
18.710 -466.601 -71.181 -0.094 0.000 0.249 0.964
18.653 -466.499 -71.202 -0.094 0.001 0.251 0.963
18.601 -466.407 -71.222 -0.094 0.001 0.253 0.963
18.552 -466.323 -71.240 -0.094 0.001 0.254 0.962
18.505 -466.240 -71.257 -0.094 0.001 0.256 0.962
18.435 -466.121 -71.283 -0.094 0.001 0.257 0.962
18.374 -466.016 -71.305 -0.095 0.001 0.260 0.961
18.336 -465.952 -71.319 -0.095 0.001 0.261 0.961
18.287 -465.868 -71.337 -0.095 0.001 0.261 0.961
18.248 -465.802 -71.351 -0.095 0.001 0.262 0.960
18.210 -465.740 -71.364 -0.095 0.002 0.263 0.960
18.158 -465.654 -71.383 -0.094 0.002 0.264 0.960
18.092 -465.545 -71.406 -0.094 0.002 0.266 0.959
18.051 -465.476 -71.421 -0.094 0.002 0.267 0.959
18.010 -465.410 -71.435 -0.094 0.002 0.268 0.959
17.971 -465.346 -71.448 -0.093 0.002 0.269 0.959
17.908 -465.244 -71.470 -0.092 0.003 0.270 0.958
17.851 -465.153 -71.489 -0.092 0.003 0.271 0.958
17.810 -465.086 -71.503 -0.092 0.003 0.272 0.958
17.773 -465.028 -71.515 -0.091 0.003 0.272 0.958
17.733 -464.964 -71.528 -0.091 0.004 0.273 0.958
17.684 -464.886 -71.545 -0.091 0.004 0.274 0.957
17.620 -464.786 -71.565 -0.091 0.004 0.275 0.957
17.547 -464.671 -71.589 -0.090 0.004 0.277 0.957
17.506 -464.606 -71.602 -0.090 0.004 0.278 0.956
17.438 -464.501 -71.624 -0.090 0.004 0.279 0.956
17.372 -464.399 -71.645 -0.090 0.005 0.281 0.956
17.329 -464.334 -71.658 -0.090 0.005 0.282 0.955
17.285 -464.266 -71.672 -0.090 0.005 0.283 0.955
17.205 -464.146 -71.696 -0.090 0.005 0.285 0.954
17.137 -464.043 -71.717 -0.089 0.005 0.286 0.954
17.080 -463.958 -71.735 -0.089 0.005 0.287 0.954
17.041 -463.900 -71.747 -0.089 0.006 0.288 0.954
16.971 -463.796 -71.768 -0.088 0.006 0.289 0.953
16.925 -463.728 -71.781 -0.088 0.006 0.290 0.953
16.870 -463.646 -71.798 -0.088 0.006 0.291 0.953
16.803 -463.549 -71.818 -0.088 0.006 0.292 0.952
16.764 -463.492 -71.829 -0.088 0.006 0.293 0.952
16.699 -463.397 -71.848 -0.087 0.007 0.294 0.952
16.625 -463.292 -71.869 -0.087 0.007 0.295 0.951
16.577 -463.223 -71.883 -0.086 0.007 0.297 0.951
16.508 -463.124 -71.902 -0.086 0.007 0.298 0.951
16.437 -463.024 -71.922 -0.086 0.007 0.300 0.950
16.390 -462.958 -71.935 -0.086 0.007 0.301 0.950
16.344 -462.893 -71.948 -0.087 0.007 0.302 0.949
16.281 -462.806 -71.966 -0.087 0.008 0.303 0.949
16.245 -462.756 -71.976 -0.087 0.008 0.304 0.949
16.189 -462.679 -71.991 -0.087 0.008 0.305 0.948
16.121 -462.584 -72.010 -0.086 0.008 0.307 0.948
16.082 -462.532 -72.020 -0.087 0.008 0.307 0.948
16.031 -462.462 -72.034 -0.087 0.008 0.308 0.947
15.981 -462.395 -72.048 -0.087 0.008 0.310 0.947
15.908 -462.296 -72.068 -0.087 0.008 0.311 0.947
15.873 -462.250 -72.077 -0.087 0.008 0.311 0.946
15.777 -462.122 -72.103 -0.086 0.009 0.312 0.946
15.719 -462.043 -72.119 -0.086 0.009 0.313 0.946
15.667 -461.974 -72.132 -0.085 0.009 0.314 0.946
15.592 -461.875 -72.152 -0.085 0.009 0.315 0.945
15.520 -461.780 -72.170 -0.084 0.010 0.316 0.945
15.466 -461.709 -72.184 -0.084 0.010 0.317 0.945
15.387 -461.606 -72.205 -0.085 0.010 0.318 0.944
15.331 -461.534 -72.219 -0.085 0.010 0.319 0.944
15.269 -461.454 -72.235 -0.085 0.010 0.319 0.944
15.210 -461.378 -72.249 -0.085 0.010 0.321 0.943
15.154 -461.306 -72.264 -0.084 0.010 0.322 0.943
15.098 -461.234 -72.278 -0.084 0.010 0.322 0.943
15.036 -461.154 -72.293 -0.084 0.010 0.322 0.943
14.982 -461.086 -72.307 -0.084 0.010 0.323 0.943
14.937 -461.029 -72.318 -0.084 0.010 0.323 0.943
14.852 -460.922 -72.339 -0.084 0.010 0.324 0.942
14.792 -460.845 -72.354 -0.083 0.011 0.326 0.942
14.720 -460.755 -72.371 -0.083 0.011 0.327 0.941
14.658 -460.678 -72.386 -0.083 0.011 0.328 0.941
14.570 -460.569 -72.407 -0.082 0.011 0.330 0.940
14.525 -460.512 -72.418 -0.083 0.011 0.330 0.940
14.441 -460.410 -72.437 -0.083 0.011 0.331 0.940
14.369 -460.321 -72.454 -0.082 0.012 0.332 0.939
14.306 -460.245 -72.469 -0.082 0.012 0.334 0.939
14.221 -460.141 -72.489 -0.082 0.012 0.336 0.938
14.172 -460.083 -72.500 -0.082 0.012 0.337 0.938
14.124 -460.025 -72.511 -0.082 0.012 0.338 0.937
14.062 -459.952 -72.525 -0.082 0.012 0.339 0.937
