21.500 -475.920 -70.112 -0.001 0.000 0.003 1.000
21.498 -475.793 -70.112 -0.003 0.000 0.008 1.000
21.496 -475.671 -70.113 -0.004 0.000 0.012 1.000
21.493 -475.562 -70.114 -0.005 0.000 0.016 1.000
21.489 -475.441 -70.115 -0.007 0.000 0.020 1.000
21.485 -475.368 -70.117 -0.008 0.000 0.023 1.000
21.479 -475.245 -70.119 -0.009 0.000 0.027 1.000
21.476 -475.181 -70.120 -0.010 0.000 0.029 1.000
21.470 -475.084 -70.122 -0.011 0.000 0.032 0.999
21.463 -474.985 -70.124 -0.013 0.000 0.036 0.999
21.455 -474.875 -70.127 -0.014 0.000 0.039 0.999
21.449 -474.800 -70.130 -0.015 0.000 0.041 0.999
21.442 -474.717 -70.132 -0.016 0.000 0.044 0.999
21.432 -474.617 -70.135 -0.017 0.000 0.047 0.999
21.426 -474.546 -70.138 -0.018 0.000 0.050 0.999
21.415 -474.441 -70.142 -0.020 0.000 0.053 0.998
21.405 -474.355 -70.146 -0.021 0.000 0.055 0.998
21.388 -474.204 -70.152 -0.022 0.000 0.060 0.998
21.376 -474.105 -70.156 -0.024 0.000 0.063 0.998
21.365 -474.020 -70.161 -0.025 0.000 0.065 0.998
21.354 -473.941 -70.165 -0.026 0.000 0.067 0.997
21.338 -473.823 -70.171 -0.026 0.000 0.071 0.997
21.320 -473.702 -70.178 -0.028 0.000 0.075 0.997
21.301 -473.584 -70.185 -0.030 0.000 0.078 0.996
21.277 -473.437 -70.194 -0.032 0.000 0.083 0.996
21.262 -473.345 -70.200 -0.034 0.000 0.086 0.996
21.244 -473.244 -70.207 -0.034 0.000 0.089 0.995
21.220 -473.116 -70.216 -0.036 0.000 0.093 0.995
21.206 -473.041 -70.222 -0.037 0.000 0.095 0.995
21.180 -472.911 -70.232 -0.038 0.000 0.100 0.994
21.165 -472.836 -70.237 -0.039 0.000 0.102 0.994
21.138 -472.711 -70.248 -0.041 0.000 0.105 0.994
21.121 -472.633 -70.254 -0.042 0.000 0.108 0.993
21.097 -472.523 -70.264 -0.044 0.000 0.111 0.993
21.073 -472.421 -70.273 -0.045 0.000 0.114 0.992
21.049 -472.319 -70.283 -0.046 0.000 0.117 0.992
21.040 -472.279 -70.287 -0.046 0.000 0.118 0.992
21.018 -472.191 -70.295 -0.047 0.000 0.120 0.992
20.989 -472.074 -70.307 -0.049 0.000 0.123 0.991
20.957 -471.949 -70.319 -0.050 0.000 0.127 0.991
20.935 -471.868 -70.328 -0.051 0.000 0.129 0.990
20.914 -471.786 -70.336 -0.052 0.000 0.132 0.990
20.888 -471.694 -70.346 -0.052 0.000 0.134 0.990
20.857 -471.582 -70.359 -0.054 0.000 0.138 0.989
20.827 -471.480 -70.370 -0.054 0.000 0.140 0.989
20.804 -471.402 -70.379 -0.055 0.000 0.142 0.988
20.775 -471.303 -70.390 -0.056 0.000 0.145 0.988
20.743 -471.199 -70.402 -0.057 0.000 0.148 0.987
20.707 -471.081 -70.417 -0.058 0.000 0.151 0.987
20.672 -470.972 -70.430 -0.059 0.000 0.153 0.986
20.650 -470.902 -70.439 -0.060 0.000 0.156 0.986
20.609 -470.778 -70.454 -0.060 0.000 0.159 0.985
20.574 -470.672 -70.468 -0.061 0.000 0.162 0.985
20.545 -470.588 -70.478 -0.062 0.000 0.164 0.985
20.498 -470.454 -70.496 -0.063 0.000 0.168 0.984
20.468 -470.369 -70.507 -0.064 0.000 0.169 0.984
20.416 -470.225 -70.527 -0.066 0.000 0.171 0.983
20.387 -470.145 -70.538 -0.066 0.000 0.174 0.983
20.337 -470.009 -70.557 -0.067 0.000 0.177 0.982
20.302 -469.917 -70.570 -0.067 0.000 0.180 0.981
20.254 -469.792 -70.588 -0.069 0.000 0.183 0.981
20.220 -469.707 -70.601 -0.070 0.000 0.185 0.980
20.181 -469.607 -70.616 -0.071 0.000 0.188 0.980
20.141 -469.510 -70.631 -0.072 0.000 0.190 0.979
20.099 -469.407 -70.646 -0.073 0.000 0.194 0.978
20.066 -469.328 -70.659 -0.073 0.000 0.196 0.978
20.022 -469.224 -70.675 -0.074 0.000 0.199 0.977
19.985 -469.137 -70.689 -0.075 0.000 0.202 0.977
19.948 -469.052 -70.703 -0.076 0.000 0.203 0.976
19.911 -468.968 -70.717 -0.077 0.000 0.206 0.976
19.866 -468.868 -70.733 -0.077 0.000 0.207 0.975
19.819 -468.763 -70.751 -0.078 0.000 0.210 0.975
19.768 -468.653 -70.769 -0.078 0.001 0.212 0.974
19.717 -468.542 -70.788 -0.079 0.001 0.214 0.974
19.688 -468.479 -70.799 -0.079 0.001 0.216 0.973
19.641 -468.380 -70.816 -0.080 0.001 0.218 0.973
19.589 -468.271 -70.835 -0.081 0.001 0.220 0.972
19.553 -468.196 -70.848 -0.081 0.001 0.221 0.972
19.518 -468.125 -70.861 -0.082 0.001 0.223 0.971
19.466 -468.019 -70.880 -0.083 0.000 0.226 0.971
19.419 -467.925 -70.898 -0.084 0.001 0.228 0.970
19.366 -467.820 -70.917 -0.084 0.001 0.231 0.969
19.321 -467.732 -70.933 -0.085 0.001 0.233 0.969
19.265 -467.622 -70.954 -0.085 0.001 0.234 0.968
19.215 -467.527 -70.972 -0.086 0.001 0.236 0.968
19.174 -467.450 -70.987 -0.087 0.001 0.238 0.967
19.124 -467.354 -71.005 -0.088 0.001 0.239 0.967
19.072 -467.257 -71.024 -0.088 0.001 0.241 0.966
19.046 -467.210 -71.033 -0.088 0.001 0.242 0.966
18.999 -467.122 -71.051 -0.088 0.001 0.244 0.966
18.951 -467.034 -71.068 -0.089 0.001 0.245 0.965
18.906 -466.954 -71.084 -0.089 0.001 0.247 0.965
18.871 -466.890 -71.097 -0.090 0.001 0.249 0.964
18.810 -466.782 -71.118 -0.090 0.001 0.252 0.964
18.758 -466.691 -71.137 -0.091 0.001 0.254 0.963
18.694 -466.579 -71.160 -0.091 0.001 0.255 0.963
18.641 -466.488 -71.178 -0.091 0.001 0.257 0.962
18.599 -466.415 -71.194 -0.091 0.002 0.258 0.962
18.541 -466.317 -71.214 -0.091 0.002 0.260 0.961
18.495 -466.240 -71.230 -0.092 0.002 0.261 0.961
18.434 -466.137 -71.251 -0.092 0.002 0.263 0.960
18.399 -466.077 -71.263 -0.092 0.002 0.263 0.960
18.345 -465.988 -71.282 -0.093 0.002 0.265 0.960
18.308 -465.926 -71.295 -0.093 0.002 0.266 0.959
18.257 -465.843 -71.313 -0.094 0.002 0.267 0.959
18.201 -465.753 -71.332 -0.094 0.002 0.269 0.959
18.151 -465.670 -71.349 -0.093 0.002 0.271 0.958
18.102 -465.592 -71.366 -0.094 0.002 0.272 0.958
18.054 -465.515 -71.383 -0.094 0.002 0.273 0.957
17.988 -465.411 -71.405 -0.094 0.002 0.274 0.957
17.924 -465.310 -71.427 -0.094 0.002 0.275 0.957
17.869 -465.223 -71.446 -0.095 0.002 0.277 0.956
17.812 -465.135 -71.465 -0.095 0.002 0.278 0.956
17.771 -465.070 -71.479 -0.095 0.002 0.279 0.956
17.691 -464.948 -71.505 -0.094 0.003 0.280 0.955
17.654 -464.890 -71.518 -0.094 0.003 0.280 0.955
17.604 -464.813 -71.534 -0.093 0.003 0.281 0.955
17.542 -464.719 -71.554 -0.093 0.003 0.283 0.955
17.482 -464.628 -71.574 -0.093 0.003 0.284 0.954
17.427 -464.544 -71.592 -0.093 0.004 0.285 0.954
17.361 -464.445 -71.613 -0.093 0.004 0.286 0.954
17.292 -464.342 -71.635 -0.093 0.004 0.287 0.953
17.207 -464.215 -71.662 -0.094 0.004 0.289 0.953
17.154 -464.137 -71.679 -0.093 0.004 0.290 0.953
17.083 -464.033 -71.702 -0.094 0.004 0.292 0.952
17.021 -463.942 -71.721 -0.094 0.004 0.293 0.952
16.953 -463.845 -71.743 -0.094 0.004 0.294 0.951
16.889 -463.753 -71.763 -0.094 0.004 0.295 0.951
16.862 -463.713 -71.771 -0.094 0.004 0.296 0.951
16.801 -463.626 -71.790 -0.093 0.005 0.297 0.950
16.729 -463.524 -71.813 -0.093 0.005 0.298 0.950
16.650 -463.412 -71.837 -0.093 0.005 0.299 0.950
16.587 -463.323 -71.856 -0.093 0.005 0.300 0.949
16.532 -463.246 -71.873 -0.092 0.005 0.301 0.949
16.477 -463.169 -71.889 -0.092 0.006 0.302 0.949
16.419 -463.088 -71.906 -0.092 0.006 0.303 0.948
16.366 -463.015 -71.922 -0.092 0.006 0.305 0.948
16.311 -462.938 -71.938 -0.092 0.006 0.306 0.948
16.249 -462.855 -71.956 -0.091 0.006 0.307 0.947
16.207 -462.797 -71.968 -0.092 0.006 0.308 0.947
16.143 -462.711 -71.987 -0.092 0.006 0.309 0.947
16.071 -462.614 -72.008 -0.091 0.007 0.310 0.946
16.012 -462.535 -72.024 -0.091 0.007 0.311 0.946
15.955 -462.459 -72.040 -0.090 0.007 0.312 0.946
15.881 -462.360 -72.061 -0.090 0.007 0.314 0.945
15.811 -462.269 -72.080 -0.091 0.007 0.315 0.945
15.761 -462.202 -72.095 -0.090 0.007 0.315 0.945
15.715 -462.142 -72.107 -0.090 0.007 0.316 0.945
15.651 -462.058 -72.125 -0.090 0.008 0.316 0.944
15.603 -461.995 -72.138 -0.090 0.007 0.317 0.944
15.555 -461.933 -72.151 -0.090 0.008 0.318 0.944
15.511 -461.875 -72.164 -0.090 0.008 0.319 0.943
15.443 -461.787 -72.182 -0.090 0.008 0.320 0.943
15.393 -461.723 -72.196 -0.090 0.008 0.320 0.943
15.320 -461.630 -72.215 -0.089 0.008 0.322 0.942
15.255 -461.547 -72.233 -0.089 0.009 0.324 0.942
15.179 -461.450 -72.253 -0.089 0.009 0.324 0.942
15.109 -461.363 -72.271 -0.088 0.009 0.326 0.941
15.050 -461.288 -72.286 -0.088 0.009 0.327 0.941
14.991 -461.215 -72.301 -0.088 0.009 0.328 0.941
14.917 -461.124 -72.320 -0.088 0.010 0.330 0.940
14.842 -461.031 -72.340 -0.087 0.010 0.331 0.940
14.755 -460.925 -72.361 -0.087 0.010 0.332 0.939
14.679 -460.832 -72.380 -0.087 0.010 0.333 0.939
14.606 -460.743 -72.399 -0.088 0.010 0.334 0.938
14.510 -460.627 -72.423 -0.087 0.010 0.336 0.938
14.471 -460.581 -72.432 -0.087 0.011 0.337 0.937
14.408 -460.506 -72.448 -0.087 0.011 0.337 0.937
14.343 -460.428 -72.463 -0.086 0.011 0.338 0.937
14.283 -460.356 -72.478 -0.087 0.011 0.339 0.937
14.245 -460.312 -72.487 -0.087 0.011 0.340 0.936
14.185 -460.241 -72.502 -0.087 0.011 0.341 0.936
14.137 -460.185 -72.514 -0.087 0.011 0.341 0.936
14.070 -460.106 -72.530 -0.087 0.011 0.342 0.935
