24.700 -458.407 -70.112 -0.001 0.000 0.004 1.000
24.699 -458.332 -70.112 -0.002 0.000 0.007 1.000
24.697 -458.211 -70.113 -0.004 0.000 0.011 1.000
24.695 -458.132 -70.113 -0.005 0.000 0.013 1.000
24.691 -457.999 -70.115 -0.007 0.000 0.018 1.000
24.685 -457.875 -70.117 -0.009 0.000 0.023 1.000
24.681 -457.788 -70.119 -0.010 0.000 0.026 1.000
24.673 -457.653 -70.122 -0.013 0.000 0.030 0.999
24.665 -457.529 -70.125 -0.015 0.000 0.034 0.999
24.658 -457.428 -70.128 -0.016 0.000 0.037 0.999
24.650 -457.321 -70.132 -0.017 0.000 0.041 0.999
24.642 -457.229 -70.135 -0.018 0.000 0.044 0.999
24.634 -457.141 -70.139 -0.020 0.000 0.048 0.999
24.628 -457.081 -70.141 -0.022 0.000 0.050 0.999
24.615 -456.961 -70.147 -0.023 0.000 0.054 0.998
24.608 -456.899 -70.150 -0.025 0.000 0.057 0.998
24.598 -456.816 -70.154 -0.026 0.000 0.060 0.998
24.586 -456.713 -70.159 -0.027 0.000 0.063 0.998
24.567 -456.577 -70.167 -0.029 0.000 0.069 0.997
24.558 -456.508 -70.171 -0.030 0.000 0.071 0.997
24.541 -456.396 -70.178 -0.032 0.000 0.075 0.997
24.533 -456.340 -70.182 -0.033 0.000 0.077 0.997
24.511 -456.206 -70.191 -0.035 0.000 0.082 0.996
24.489 -456.079 -70.200 -0.035 0.000 0.086 0.996
24.475 -455.995 -70.206 -0.037 0.000 0.089 0.995
24.458 -455.902 -70.214 -0.039 0.000 0.092 0.995
24.446 -455.838 -70.219 -0.039 0.000 0.094 0.995
24.419 -455.699 -70.230 -0.042 0.000 0.098 0.994
24.408 -455.649 -70.234 -0.043 0.000 0.100 0.994
24.392 -455.570 -70.241 -0.044 0.000 0.102 0.994
24.366 -455.447 -70.253 -0.045 0.000 0.107 0.993
24.348 -455.367 -70.260 -0.046 0.000 0.110 0.993
24.326 -455.271 -70.269 -0.048 0.000 0.113 0.992
24.303 -455.173 -70.279 -0.049 0.000 0.116 0.992
24.272 -455.043 -70.292 -0.051 0.000 0.120 0.991
24.253 -454.966 -70.301 -0.053 0.000 0.122 0.991
24.236 -454.899 -70.308 -0.054 0.000 0.125 0.991
24.206 -454.786 -70.321 -0.055 0.000 0.128 0.990
24.187 -454.712 -70.329 -0.056 0.000 0.130 0.990
24.143 -454.552 -70.348 -0.058 0.000 0.136 0.989
24.117 -454.462 -70.359 -0.060 0.000 0.139 0.988
24.090 -454.371 -70.370 -0.060 0.000 0.143 0.988
24.061 -454.275 -70.382 -0.062 0.000 0.146 0.987
24.020 -454.140 -70.400 -0.065 0.000 0.150 0.987
23.983 -454.023 -70.416 -0.066 0.000 0.154 0.986
23.954 -453.933 -70.429 -0.068 0.000 0.157 0.985
23.920 -453.833 -70.443 -0.070 0.000 0.161 0.985
23.873 -453.697 -70.463 -0.071 0.000 0.166 0.984
23.827 -453.567 -70.483 -0.073 0.000 0.172 0.982
23.801 -453.495 -70.495 -0.075 0.000 0.175 0.982
23.760 -453.385 -70.512 -0.076 0.000 0.179 0.981
23.718 -453.278 -70.530 -0.077 0.000 0.183 0.980
23.684 -453.191 -70.544 -0.079 0.000 0.186 0.979
23.653 -453.114 -70.557 -0.080 0.000 0.189 0.979
23.617 -453.024 -70.573 -0.082 0.000 0.192 0.978
23.568 -452.907 -70.594 -0.083 0.000 0.197 0.977
23.526 -452.810 -70.611 -0.084 0.000 0.200 0.976
23.471 -452.685 -70.634 -0.087 0.000 0.205 0.975
23.417 -452.564 -70.657 -0.088 0.000 0.209 0.974
23.376 -452.473 -70.674 -0.089 0.000 0.213 0.973
23.343 -452.404 -70.688 -0.090 0.000 0.215 0.972
23.309 -452.332 -70.702 -0.091 0.000 0.218 0.972
23.281 -452.273 -70.714 -0.092 0.000 0.220 0.971
23.223 -452.154 -70.738 -0.093 0.000 0.224 0.970
23.190 -452.087 -70.752 -0.095 0.000 0.227 0.969
23.129 -451.967 -70.778 -0.097 0.000 0.230 0.968
23.081 -451.874 -70.798 -0.098 0.000 0.234 0.967
23.045 -451.804 -70.813 -0.099 0.000 0.236 0.967
22.983 -451.687 -70.839 -0.101 0.000 0.240 0.966
22.916 -451.565 -70.867 -0.102 0.000 0.245 0.964
22.859 -451.462 -70.891 -0.104 0.000 0.248 0.963
22.798 -451.353 -70.916 -0.105 0.000 0.252 0.962
22.733 -451.242 -70.943 -0.107 0.000 0.256 0.961
22.682 -451.154 -70.965 -0.108 0.000 0.260 0.960
22.621 -451.051 -70.990 -0.109 0.001 0.263 0.959
22.580 -450.984 -71.007 -0.111 0.001 0.266 0.958
22.548 -450.931 -71.021 -0.111 0.000 0.268 0.957
22.520 -450.887 -71.032 -0.112 0.000 0.269 0.957
22.438 -450.757 -71.066 -0.114 0.001 0.275 0.955
22.402 -450.700 -71.081 -0.115 0.001 0.277 0.954
22.354 -450.627 -71.101 -0.116 0.001 0.280 0.953
22.291 -450.531 -71.127 -0.117 0.001 0.283 0.952
22.264 -450.491 -71.138 -0.117 0.001 0.285 0.951
22.207 -450.406 -71.161 -0.118 0.001 0.288 0.950
22.178 -450.363 -71.173 -0.119 0.001 0.290 0.950
22.139 -450.306 -71.189 -0.119 0.001 0.292 0.949
22.074 -450.213 -71.215 -0.121 0.001 0.295 0.948
22.020 -450.137 -71.238 -0.121 0.001 0.298 0.947
21.965 -450.061 -71.260 -0.123 0.001 0.301 0.946
21.892 -449.961 -71.289 -0.124 0.001 0.305 0.944
21.828 -449.874 -71.315 -0.125 0.001 0.307 0.944
21.775 -449.804 -71.336 -0.125 0.001 0.309 0.943
21.724 -449.736 -71.357 -0.126 0.001 0.312 0.942
21.653 -449.644 -71.386 -0.128 0.002 0.315 0.940
21.599 -449.574 -71.408 -0.129 0.001 0.318 0.939
21.523 -449.478 -71.438 -0.131 0.001 0.321 0.938
21.460 -449.399 -71.464 -0.130 0.001 0.322 0.938
21.409 -449.336 -71.484 -0.131 0.001 0.324 0.937
21.356 -449.269 -71.506 -0.132 0.001 0.326 0.936
21.295 -449.194 -71.530 -0.132 0.002 0.328 0.935
21.221 -449.105 -71.560 -0.134 0.002 0.331 0.934
21.127 -448.993 -71.598 -0.135 0.002 0.335 0.932
21.077 -448.934 -71.618 -0.135 0.002 0.337 0.932
21.015 -448.862 -71.642 -0.136 0.002 0.340 0.930
20.945 -448.782 -71.670 -0.137 0.002 0.343 0.929
20.869 -448.696 -71.700 -0.139 0.002 0.347 0.928
20.796 -448.615 -71.729 -0.140 0.002 0.350 0.926
20.748 -448.562 -71.748 -0.140 0.002 0.351 0.926
20.689 -448.498 -71.772 -0.141 0.002 0.354 0.925
20.615 -448.418 -71.801 -0.142 0.002 0.356 0.923
20.559 -448.358 -71.823 -0.143 0.002 0.359 0.922
20.504 -448.300 -71.845 -0.143 0.002 0.360 0.922
20.436 -448.230 -71.872 -0.145 0.002 0.362 0.921
20.376 -448.167 -71.896 -0.146 0.002 0.365 0.920
20.300 -448.089 -71.926 -0.147 0.002 0.368 0.918
20.231 -448.019 -71.953 -0.148 0.002 0.370 0.917
20.172 -447.961 -71.977 -0.149 0.002 0.372 0.916
20.094 -447.884 -72.008 -0.149 0.002 0.375 0.915
20.025 -447.816 -72.035 -0.150 0.002 0.377 0.914
19.974 -447.767 -72.055 -0.151 0.002 0.378 0.913
19.914 -447.709 -72.079 -0.152 0.002 0.380 0.913
19.849 -447.647 -72.105 -0.152 0.002 0.382 0.912
19.764 -447.567 -72.139 -0.154 0.002 0.384 0.910
19.695 -447.503 -72.166 -0.155 0.002 0.386 0.909
19.633 -447.446 -72.190 -0.155 0.002 0.387 0.909
19.567 -447.385 -72.217 -0.156 0.002 0.389 0.908
19.470 -447.296 -72.255 -0.157 0.002 0.393 0.906
19.407 -447.240 -72.280 -0.158 0.002 0.395 0.905
19.333 -447.174 -72.310 -0.158 0.002 0.397 0.904
19.224 -447.079 -72.353 -0.160 0.002 0.400 0.902
19.152 -447.016 -72.381 -0.161 0.002 0.402 0.901
19.104 -446.976 -72.400 -0.161 0.002 0.404 0.901
19.042 -446.922 -72.425 -0.162 0.002 0.405 0.900
18.969 -446.861 -72.454 -0.162 0.002 0.408 0.899
18.912 -446.814 -72.476 -0.162 0.003 0.409 0.898
18.864 -446.774 -72.495 -0.162 0.003 0.411 0.897
18.804 -446.724 -72.519 -0.163 0.003 0.412 0.896
18.745 -446.676 -72.542 -0.164 0.003 0.414 0.896
18.650 -446.599 -72.579 -0.165 0.003 0.417 0.894
18.545 -446.516 -72.620 -0.164 0.003 0.419 0.893
18.462 -446.450 -72.652 -0.166 0.003 0.421 0.892
18.385 -446.390 -72.682 -0.166 0.003 0.423 0.891
18.292 -446.318 -72.718 -0.167 0.003 0.425 0.890
18.225 -446.267 -72.744 -0.168 0.003 0.427 0.889
18.159 -446.217 -72.770 -0.168 0.003 0.429 0.888
18.086 -446.162 -72.798 -0.169 0.003 0.430 0.887
18.043 -446.129 -72.815 -0.169 0.003 0.431 0.886
17.960 -446.068 -72.847 -0.170 0.003 0.433 0.885
17.874 -446.005 -72.881 -0.171 0.003 0.435 0.884
17.793 -445.946 -72.912 -0.172 0.003 0.437 0.883
17.718 -445.892 -72.942 -0.173 0.003 0.439 0.882
17.617 -445.820 -72.981 -0.174 0.003 0.441 0.880
17.539 -445.765 -73.011 -0.174 0.003 0.443 0.879
17.459 -445.709 -73.042 -0.174 0.003 0.445 0.878
17.372 -445.650 -73.076 -0.175 0.003 0.448 0.877
17.302 -445.602 -73.103 -0.176 0.003 0.449 0.876
17.224 -445.549 -73.133 -0.176 0.004 0.451 0.875
17.131 -445.487 -73.169 -0.176 0.004 0.453 0.874
17.037 -445.425 -73.205 -0.178 0.004 0.456 0.872
16.980 -445.388 -73.227 -0.178 0.004 0.457 0.871
16.879 -445.323 -73.266 -0.178 0.004 0.459 0.870
16.787 -445.264 -73.301 -0.179 0.004 0.461 0.869
16.672 -445.192 -73.345 -0.179 0.004 0.463 0.868
16.589 -445.140 -73.376 -0.180 0.004 0.464 0.867
16.513 -445.092 -73.405 -0.180 0.005 0.466 0.866
16.433 -445.043 -73.436 -0.180 0.005 0.468 0.865
16.313 -444.970 -73.481 -0.181 0.005 0.470 0.864
16.218 -444.913 -73.517 -0.182 0.005 0.472 0.863
16.119 -444.854 -73.554 -0.182 0.005 0.474 0.862
16.021 -444.796 -73.591 -0.182 0.006 0.477 0.860
15.940 -444.749 -73.621 -0.183 0.006 0.479 0.859
15.860 -444.703 -73.651 -0.183 0.006 0.481 0.858
15.793 -444.665 -73.676 -0.183 0.006 0.482 0.857
15.690 -444.607 -73.714 -0.184 0.006 0.483 0.856
15.594 -444.553 -73.750 -0.184 0.006 0.484 0.855
15.509 -444.506 -73.781 -0.184 0.006 0.485 0.855
15.419 -444.456 -73.815 -0.185 0.006 0.486 0.854
15.305 -444.394 -73.857 -0.185 0.006 0.487 0.854
15.225 -444.349 -73.887 -0.184 0.007 0.487 0.853
15.155 -444.311 -73.913 -0.184 0.007 0.488 0.853
15.053 -444.256 -73.950 -0.185 0.007 0.490 0.852
14.938 -444.194 -73.992 -0.185 0.007 0.492 0.851
14.879 -444.163 -74.014 -0.185 0.007 0.492 0.850
14.789 -444.115 -74.047 -0.185 0.008 0.494 0.850
14.720 -444.079 -74.072 -0.185 0.008 0.495 0.849
14.578 -444.005 -74.123 -0.185 0.008 0.496 0.848
14.473 -443.951 -74.161 -0.185 0.008 0.496 0.848
14.375 -443.900 -74.197 -0.185 0.009 0.497 0.848
14.291 -443.856 -74.227 -0.185 0.009 0.497 0.848
14.189 -443.804 -74.264 -0.185 0.009 0.499 0.847
