24.700 -458.433 -70.112 -0.001 0.000 0.002 1.000
24.699 -458.359 -70.112 -0.002 0.000 0.005 1.000
24.697 -458.204 -70.113 -0.005 0.000 0.010 1.000
24.694 -458.094 -70.114 -0.006 0.000 0.015 1.000
24.690 -457.979 -70.116 -0.008 0.000 0.019 1.000
24.684 -457.830 -70.118 -0.010 0.000 0.024 1.000
24.677 -457.703 -70.121 -0.011 0.000 0.029 1.000
24.667 -457.556 -70.125 -0.014 0.000 0.034 0.999
24.660 -457.451 -70.128 -0.016 0.000 0.038 0.999
24.655 -457.387 -70.130 -0.017 0.000 0.040 0.999
24.648 -457.307 -70.133 -0.018 0.000 0.043 0.999
24.637 -457.186 -70.137 -0.020 0.000 0.047 0.999
24.623 -457.051 -70.143 -0.022 0.000 0.052 0.998
24.611 -456.938 -70.148 -0.024 0.000 0.056 0.998
24.599 -456.831 -70.153 -0.025 0.000 0.061 0.998
24.583 -456.710 -70.160 -0.026 0.000 0.065 0.998
24.565 -456.578 -70.167 -0.028 0.000 0.069 0.997
24.549 -456.464 -70.173 -0.029 0.000 0.073 0.997
24.538 -456.390 -70.178 -0.030 0.000 0.075 0.997
24.521 -456.283 -70.184 -0.032 0.000 0.079 0.996
24.508 -456.204 -70.190 -0.033 0.000 0.082 0.996
24.497 -456.134 -70.194 -0.034 0.000 0.084 0.996
24.484 -456.063 -70.199 -0.035 0.000 0.087 0.996
24.470 -455.980 -70.205 -0.037 0.000 0.089 0.995
24.456 -455.907 -70.211 -0.038 0.000 0.092 0.995
24.441 -455.829 -70.217 -0.040 0.000 0.095 0.995
24.416 -455.703 -70.228 -0.041 0.000 0.100 0.994
24.388 -455.568 -70.239 -0.044 0.000 0.105 0.994
24.366 -455.465 -70.249 -0.046 0.000 0.109 0.993
24.343 -455.366 -70.258 -0.048 0.000 0.112 0.993
24.323 -455.280 -70.267 -0.050 0.000 0.115 0.992
24.296 -455.166 -70.279 -0.052 0.000 0.120 0.991
24.273 -455.076 -70.288 -0.053 0.000 0.123 0.991
24.251 -454.990 -70.298 -0.054 0.000 0.125 0.991
24.230 -454.909 -70.307 -0.055 0.000 0.128 0.990
24.189 -454.757 -70.324 -0.057 0.000 0.134 0.989
24.166 -454.673 -70.334 -0.058 0.000 0.137 0.989
24.145 -454.602 -70.343 -0.058 0.000 0.139 0.989
24.113 -454.491 -70.356 -0.059 0.000 0.143 0.988
24.088 -454.409 -70.367 -0.061 0.000 0.146 0.987
24.047 -454.274 -70.384 -0.063 0.000 0.151 0.987
24.020 -454.191 -70.395 -0.064 0.000 0.154 0.986
23.984 -454.078 -70.410 -0.066 0.000 0.158 0.985
23.942 -453.955 -70.428 -0.067 0.000 0.162 0.984
23.918 -453.885 -70.438 -0.068 0.000 0.165 0.984
23.889 -453.803 -70.450 -0.069 0.000 0.168 0.983
23.859 -453.717 -70.462 -0.071 0.000 0.171 0.983
23.806 -453.575 -70.484 -0.074 0.000 0.176 0.982
23.771 -453.480 -70.499 -0.075 0.000 0.179 0.981
23.732 -453.381 -70.515 -0.077 0.000 0.183 0.980
23.699 -453.296 -70.529 -0.078 0.000 0.186 0.979
23.649 -453.173 -70.550 -0.081 0.000 0.191 0.978
23.614 -453.087 -70.565 -0.082 0.000 0.193 0.978
23.589 -453.026 -70.576 -0.083 0.000 0.195 0.977
23.556 -452.949 -70.590 -0.085 0.000 0.198 0.977
23.531 -452.891 -70.600 -0.085 0.000 0.200 0.976
23.486 -452.789 -70.619 -0.087 0.000 0.205 0.975
23.448 -452.703 -70.636 -0.088 0.000 0.208 0.974
23.414 -452.629 -70.650 -0.090 0.000 0.210 0.974
23.376 -452.546 -70.666 -0.091 0.000 0.213 0.973
23.347 -452.483 -70.679 -0.092 0.000 0.215 0.972
23.288 -452.358 -70.704 -0.092 0.000 0.218 0.972
23.254 -452.287 -70.718 -0.093 0.000 0.220 0.971
23.202 -452.179 -70.741 -0.094 0.000 0.222 0.970
23.157 -452.089 -70.759 -0.095 0.000 0.226 0.970
23.116 -452.007 -70.777 -0.096 0.000 0.228 0.969
23.072 -451.921 -70.795 -0.097 0.000 0.231 0.968
23.021 -451.821 -70.816 -0.097 0.000 0.233 0.968
22.967 -451.718 -70.839 -0.098 0.000 0.236 0.967
22.913 -451.616 -70.861 -0.099 0.000 0.239 0.966
22.850 -451.499 -70.887 -0.101 0.000 0.244 0.965
22.771 -451.357 -70.920 -0.104 0.000 0.249 0.963
22.725 -451.275 -70.939 -0.105 0.000 0.252 0.962
22.662 -451.166 -70.965 -0.106 0.000 0.255 0.961
22.602 -451.064 -70.990 -0.107 0.000 0.260 0.960
22.549 -450.973 -71.012 -0.109 0.000 0.263 0.959
22.507 -450.904 -71.030 -0.110 0.000 0.265 0.958
22.469 -450.842 -71.045 -0.111 0.000 0.267 0.957
22.426 -450.772 -71.063 -0.113 0.000 0.270 0.956
22.378 -450.696 -71.083 -0.114 0.000 0.273 0.955
22.344 -450.643 -71.097 -0.114 0.000 0.274 0.955
22.300 -450.574 -71.116 -0.115 0.000 0.277 0.954
22.245 -450.490 -71.138 -0.116 0.000 0.280 0.953
22.190 -450.407 -71.161 -0.117 0.001 0.283 0.952
22.118 -450.299 -71.191 -0.118 0.000 0.287 0.951
22.084 -450.249 -71.205 -0.119 0.000 0.289 0.950
22.021 -450.157 -71.231 -0.120 0.000 0.292 0.949
21.956 -450.063 -71.258 -0.121 0.001 0.296 0.948
21.882 -449.960 -71.288 -0.124 0.000 0.298 0.946
21.814 -449.865 -71.316 -0.125 0.000 0.301 0.945
21.757 -449.786 -71.340 -0.126 0.000 0.304 0.944
21.702 -449.712 -71.363 -0.127 0.000 0.306 0.943
21.639 -449.627 -71.389 -0.129 0.000 0.309 0.942
21.599 -449.574 -71.405 -0.129 0.000 0.311 0.941
21.545 -449.503 -71.428 -0.131 0.000 0.314 0.940
21.487 -449.428 -71.452 -0.132 0.000 0.317 0.939
21.384 -449.297 -71.495 -0.134 0.000 0.321 0.937
21.311 -449.207 -71.525 -0.135 0.000 0.324 0.936
21.232 -449.109 -71.558 -0.136 0.000 0.328 0.935
21.164 -449.026 -71.586 -0.137 0.000 0.331 0.934
21.098 -448.948 -71.613 -0.138 0.000 0.334 0.933
21.040 -448.880 -71.637 -0.139 0.000 0.336 0.932
20.985 -448.815 -71.660 -0.139 0.001 0.339 0.931
20.939 -448.762 -71.679 -0.140 0.001 0.340 0.930
20.866 -448.679 -71.708 -0.141 0.001 0.343 0.929
20.773 -448.574 -71.746 -0.142 0.001 0.348 0.927
20.691 -448.484 -71.780 -0.144 0.001 0.350 0.925
20.628 -448.415 -71.806 -0.145 0.001 0.353 0.924
20.578 -448.361 -71.826 -0.145 0.001 0.355 0.924
20.530 -448.309 -71.846 -0.146 0.001 0.357 0.923
20.449 -448.223 -71.879 -0.147 0.001 0.360 0.921
20.398 -448.170 -71.899 -0.147 0.001 0.362 0.921
20.344 -448.113 -71.921 -0.147 0.002 0.363 0.920
20.272 -448.039 -71.950 -0.148 0.001 0.365 0.919
20.196 -447.962 -71.981 -0.149 0.001 0.367 0.918
20.149 -447.914 -72.000 -0.150 0.001 0.369 0.917
20.053 -447.818 -72.039 -0.150 0.002 0.372 0.916
19.977 -447.744 -72.069 -0.151 0.002 0.375 0.915
19.896 -447.665 -72.101 -0.152 0.002 0.378 0.914
19.828 -447.599 -72.128 -0.151 0.003 0.380 0.912
19.758 -447.532 -72.156 -0.152 0.003 0.382 0.912
19.670 -447.450 -72.190 -0.153 0.003 0.385 0.910
19.587 -447.373 -72.223 -0.154 0.003 0.388 0.908
19.499 -447.292 -72.258 -0.156 0.003 0.392 0.907
19.433 -447.233 -72.284 -0.156 0.003 0.394 0.906
19.310 -447.124 -72.332 -0.158 0.003 0.398 0.904
19.208 -447.034 -72.372 -0.159 0.003 0.400 0.903
19.133 -446.969 -72.402 -0.159 0.003 0.401 0.902
19.044 -446.893 -72.437 -0.160 0.003 0.404 0.900
18.979 -446.837 -72.462 -0.161 0.003 0.406 0.899
18.920 -446.788 -72.485 -0.162 0.003 0.408 0.898
18.839 -446.721 -72.517 -0.163 0.003 0.411 0.897
18.739 -446.638 -72.557 -0.164 0.003 0.413 0.896
18.650 -446.566 -72.592 -0.165 0.003 0.416 0.894
18.557 -446.492 -72.628 -0.166 0.003 0.419 0.893
18.499 -446.446 -72.651 -0.167 0.003 0.421 0.892
18.437 -446.398 -72.675 -0.167 0.003 0.422 0.891
18.386 -446.358 -72.695 -0.168 0.003 0.424 0.890
18.293 -446.287 -72.731 -0.169 0.003 0.427 0.889
18.200 -446.217 -72.768 -0.170 0.003 0.430 0.887
18.082 -446.129 -72.814 -0.171 0.003 0.433 0.885
18.020 -446.083 -72.838 -0.171 0.003 0.434 0.884
17.939 -446.025 -72.870 -0.172 0.003 0.437 0.883
17.891 -445.990 -72.889 -0.172 0.003 0.438 0.882
17.826 -445.943 -72.914 -0.173 0.003 0.440 0.881
17.784 -445.913 -72.930 -0.173 0.004 0.441 0.881
17.693 -445.849 -72.965 -0.174 0.004 0.443 0.879
17.589 -445.777 -73.005 -0.174 0.004 0.446 0.878
17.529 -445.736 -73.029 -0.175 0.004 0.448 0.877
17.443 -445.677 -73.062 -0.175 0.004 0.450 0.876
17.349 -445.614 -73.098 -0.176 0.004 0.452 0.874
17.277 -445.566 -73.125 -0.176 0.005 0.454 0.873
17.160 -445.490 -73.170 -0.176 0.005 0.457 0.872
17.103 -445.452 -73.191 -0.177 0.005 0.459 0.871
17.029 -445.405 -73.219 -0.177 0.005 0.460 0.870
16.930 -445.342 -73.257 -0.178 0.005 0.463 0.868
16.843 -445.287 -73.289 -0.178 0.005 0.464 0.868
16.737 -445.222 -73.329 -0.179 0.006 0.466 0.866
16.639 -445.161 -73.366 -0.179 0.006 0.468 0.865
16.536 -445.099 -73.405 -0.179 0.006 0.470 0.864
16.463 -445.054 -73.432 -0.180 0.006 0.471 0.864
16.359 -444.992 -73.471 -0.179 0.007 0.474 0.862
16.272 -444.940 -73.503 -0.180 0.007 0.475 0.861
16.151 -444.869 -73.548 -0.181 0.007 0.477 0.860
16.067 -444.820 -73.579 -0.181 0.007 0.478 0.860
15.966 -444.762 -73.616 -0.182 0.007 0.479 0.859
15.904 -444.726 -73.639 -0.182 0.007 0.481 0.858
15.829 -444.684 -73.666 -0.181 0.008 0.483 0.857
15.728 -444.627 -73.703 -0.182 0.008 0.485 0.856
15.653 -444.585 -73.731 -0.182 0.008 0.486 0.855
15.587 -444.549 -73.754 -0.182 0.008 0.486 0.855
15.492 -444.497 -73.789 -0.182 0.008 0.488 0.854
15.402 -444.448 -73.821 -0.183 0.008 0.489 0.853
15.330 -444.409 -73.847 -0.183 0.008 0.490 0.852
15.264 -444.373 -73.871 -0.183 0.008 0.490 0.852
15.149 -444.311 -73.913 -0.183 0.008 0.491 0.852
15.031 -444.248 -73.956 -0.184 0.008 0.491 0.851
14.912 -444.184 -73.999 -0.184 0.008 0.491 0.851
14.824 -444.137 -74.031 -0.184 0.008 0.493 0.850
14.742 -444.094 -74.061 -0.184 0.008 0.493 0.850
14.666 -444.053 -74.089 -0.184 0.008 0.494 0.850
14.559 -443.997 -74.127 -0.184 0.009 0.495 0.849
14.476 -443.954 -74.157 -0.184 0.009 0.496 0.848
14.398 -443.913 -74.185 -0.185 0.009 0.497 0.848
14.268 -443.847 -74.232 -0.185 0.009 0.498 0.847
14.184 -443.803 -74.262 -0.185 0.009 0.499 0.847
14.090 -443.755 -74.296 -0.184 0.010 0.500 0.846
