24.700 -458.393 -70.112 -0.001 0.000 0.004 1.000
24.699 -458.300 -70.112 -0.003 0.000 0.007 1.000
24.696 -458.153 -70.113 -0.005 0.000 0.012 1.000
24.693 -458.051 -70.115 -0.007 0.000 0.016 1.000
24.690 -457.979 -70.116 -0.008 0.000 0.019 1.000
24.688 -457.912 -70.117 -0.009 0.000 0.021 1.000
24.681 -457.770 -70.119 -0.012 0.000 0.026 1.000
24.674 -457.643 -70.123 -0.013 0.000 0.030 0.999
24.668 -457.551 -70.125 -0.014 0.000 0.033 0.999
24.659 -457.427 -70.129 -0.017 0.000 0.038 0.999
24.648 -457.282 -70.135 -0.020 0.000 0.042 0.999
24.634 -457.129 -70.141 -0.022 0.000 0.048 0.999
24.623 -457.023 -70.146 -0.024 0.000 0.052 0.998
24.616 -456.957 -70.149 -0.025 0.000 0.054 0.998
24.607 -456.877 -70.153 -0.026 0.000 0.057 0.998
24.595 -456.774 -70.159 -0.028 0.000 0.061 0.998
24.576 -456.622 -70.168 -0.030 0.000 0.066 0.997
24.566 -456.554 -70.172 -0.031 0.000 0.069 0.997
24.547 -456.418 -70.181 -0.033 0.000 0.074 0.997
24.528 -456.293 -70.189 -0.034 0.000 0.078 0.996
24.507 -456.165 -70.199 -0.037 0.000 0.083 0.996
24.490 -456.070 -70.206 -0.038 0.000 0.086 0.996
24.472 -455.965 -70.214 -0.039 0.000 0.090 0.995
24.456 -455.880 -70.221 -0.040 0.000 0.093 0.995
24.438 -455.787 -70.229 -0.042 0.000 0.096 0.994
24.414 -455.665 -70.239 -0.044 0.000 0.100 0.994
24.386 -455.532 -70.251 -0.046 0.000 0.105 0.993
24.359 -455.407 -70.263 -0.048 0.000 0.109 0.993
24.338 -455.318 -70.272 -0.049 0.000 0.112 0.993
24.314 -455.211 -70.283 -0.050 0.000 0.115 0.992
24.288 -455.107 -70.294 -0.052 0.000 0.119 0.992
24.257 -454.980 -70.307 -0.054 0.000 0.123 0.991
24.233 -454.887 -70.318 -0.055 0.000 0.126 0.991
24.212 -454.806 -70.327 -0.056 0.000 0.129 0.990
24.178 -454.679 -70.342 -0.058 0.000 0.133 0.989
24.150 -454.582 -70.354 -0.060 0.000 0.136 0.989
24.136 -454.531 -70.360 -0.061 0.000 0.138 0.989
24.115 -454.457 -70.370 -0.061 0.000 0.140 0.988
24.091 -454.376 -70.380 -0.062 0.000 0.143 0.988
24.056 -454.259 -70.395 -0.063 0.000 0.147 0.987
24.032 -454.184 -70.405 -0.064 0.000 0.150 0.987
24.018 -454.139 -70.411 -0.065 0.000 0.151 0.986
23.980 -454.020 -70.428 -0.068 0.000 0.155 0.986
23.951 -453.931 -70.441 -0.069 0.000 0.159 0.985
23.920 -453.839 -70.454 -0.071 0.000 0.162 0.984
23.879 -453.719 -70.472 -0.073 0.000 0.166 0.983
23.849 -453.636 -70.485 -0.075 0.000 0.169 0.983
23.812 -453.531 -70.502 -0.076 0.000 0.172 0.982
23.787 -453.463 -70.513 -0.076 0.000 0.175 0.982
23.755 -453.378 -70.527 -0.077 0.000 0.177 0.981
23.723 -453.295 -70.540 -0.078 0.000 0.180 0.981
23.688 -453.204 -70.555 -0.078 0.000 0.182 0.980
23.642 -453.087 -70.575 -0.080 0.000 0.187 0.979
23.607 -452.999 -70.590 -0.081 0.000 0.190 0.978
23.568 -452.904 -70.607 -0.083 0.000 0.193 0.978
23.523 -452.797 -70.626 -0.084 0.000 0.198 0.977
23.475 -452.687 -70.647 -0.087 0.000 0.202 0.976
23.447 -452.621 -70.659 -0.088 0.000 0.204 0.975
23.398 -452.513 -70.680 -0.089 0.000 0.208 0.974
23.365 -452.439 -70.694 -0.090 0.000 0.210 0.973
23.329 -452.362 -70.709 -0.091 0.000 0.213 0.973
23.279 -452.256 -70.731 -0.094 0.000 0.217 0.972
23.240 -452.174 -70.747 -0.095 0.000 0.219 0.971
23.198 -452.088 -70.766 -0.096 0.000 0.222 0.970
23.161 -452.012 -70.782 -0.097 0.000 0.225 0.969
23.110 -451.910 -70.804 -0.099 0.000 0.229 0.968
23.060 -451.812 -70.825 -0.099 0.000 0.232 0.968
23.022 -451.739 -70.841 -0.100 0.001 0.234 0.967
22.989 -451.677 -70.855 -0.101 0.000 0.236 0.967
22.956 -451.614 -70.870 -0.102 0.000 0.237 0.966
22.910 -451.527 -70.889 -0.102 0.001 0.240 0.965
22.859 -451.433 -70.911 -0.103 0.001 0.242 0.965
22.805 -451.335 -70.934 -0.104 0.001 0.246 0.964
22.749 -451.235 -70.957 -0.106 0.001 0.250 0.963
22.702 -451.151 -70.977 -0.106 0.001 0.252 0.962
22.648 -451.058 -71.000 -0.107 0.001 0.255 0.961
22.608 -450.989 -71.017 -0.108 0.001 0.257 0.960
22.548 -450.888 -71.042 -0.110 0.001 0.260 0.959
22.506 -450.818 -71.059 -0.112 0.001 0.263 0.958
22.455 -450.734 -71.081 -0.113 0.001 0.266 0.957
22.404 -450.651 -71.102 -0.113 0.001 0.269 0.956
22.356 -450.574 -71.122 -0.114 0.001 0.271 0.956
22.270 -450.438 -71.159 -0.116 0.001 0.277 0.954
22.214 -450.352 -71.182 -0.117 0.001 0.280 0.953
22.174 -450.291 -71.199 -0.118 0.001 0.282 0.952
22.122 -450.213 -71.220 -0.120 0.001 0.286 0.951
22.073 -450.141 -71.241 -0.121 0.001 0.288 0.950
22.007 -450.044 -71.269 -0.122 0.001 0.291 0.949
21.933 -449.939 -71.299 -0.123 0.001 0.295 0.947
21.880 -449.864 -71.322 -0.124 0.001 0.298 0.947
21.829 -449.793 -71.342 -0.124 0.001 0.300 0.946
21.760 -449.698 -71.371 -0.126 0.002 0.304 0.944
21.716 -449.639 -71.389 -0.127 0.001 0.306 0.944
21.639 -449.536 -71.420 -0.127 0.002 0.310 0.942
21.587 -449.467 -71.442 -0.129 0.002 0.313 0.941
21.517 -449.376 -71.470 -0.130 0.002 0.316 0.940
21.480 -449.328 -71.486 -0.131 0.002 0.318 0.939
21.432 -449.268 -71.505 -0.132 0.002 0.320 0.938
21.383 -449.206 -71.525 -0.132 0.002 0.322 0.937
21.341 -449.154 -71.542 -0.133 0.002 0.324 0.937
21.278 -449.076 -71.568 -0.133 0.002 0.326 0.936
21.225 -449.010 -71.590 -0.134 0.002 0.328 0.935
21.146 -448.914 -71.622 -0.134 0.002 0.329 0.935
21.072 -448.826 -71.651 -0.135 0.002 0.333 0.933
20.988 -448.726 -71.685 -0.137 0.002 0.336 0.932
20.904 -448.628 -71.719 -0.138 0.002 0.339 0.931
20.823 -448.536 -71.752 -0.140 0.002 0.343 0.929
20.759 -448.463 -71.778 -0.141 0.002 0.345 0.928
20.663 -448.355 -71.817 -0.143 0.002 0.349 0.926
20.611 -448.299 -71.838 -0.143 0.002 0.351 0.925
20.555 -448.237 -71.861 -0.144 0.002 0.353 0.924
20.499 -448.177 -71.883 -0.144 0.002 0.354 0.924
20.416 -448.088 -71.917 -0.146 0.002 0.357 0.923
20.353 -448.021 -71.943 -0.147 0.002 0.359 0.922
20.286 -447.951 -71.970 -0.148 0.002 0.361 0.921
20.236 -447.899 -71.990 -0.149 0.002 0.363 0.920
20.150 -447.811 -72.025 -0.150 0.002 0.366 0.918
20.064 -447.723 -72.061 -0.151 0.002 0.369 0.917
19.999 -447.658 -72.087 -0.152 0.002 0.371 0.916
19.926 -447.586 -72.117 -0.153 0.002 0.374 0.915
19.853 -447.515 -72.146 -0.154 0.002 0.376 0.914
19.797 -447.460 -72.169 -0.155 0.002 0.378 0.913
19.716 -447.383 -72.202 -0.155 0.002 0.381 0.911
19.642 -447.313 -72.232 -0.156 0.002 0.384 0.910
19.569 -447.246 -72.261 -0.156 0.003 0.386 0.909
19.511 -447.192 -72.284 -0.157 0.003 0.389 0.908
19.455 -447.141 -72.307 -0.158 0.003 0.390 0.907
19.391 -447.083 -72.332 -0.158 0.003 0.393 0.906
19.308 -447.009 -72.366 -0.159 0.003 0.395 0.905
19.229 -446.938 -72.398 -0.160 0.003 0.397 0.904
19.118 -446.842 -72.441 -0.161 0.003 0.401 0.902
19.028 -446.764 -72.477 -0.161 0.003 0.403 0.901
18.947 -446.695 -72.509 -0.162 0.004 0.406 0.900
18.880 -446.639 -72.535 -0.162 0.004 0.407 0.899
18.782 -446.557 -72.574 -0.164 0.004 0.411 0.897
18.717 -446.503 -72.600 -0.165 0.004 0.413 0.896
18.622 -446.426 -72.637 -0.165 0.004 0.415 0.895
18.557 -446.374 -72.663 -0.166 0.004 0.417 0.893
18.481 -446.314 -72.693 -0.167 0.004 0.419 0.892
18.428 -446.272 -72.714 -0.167 0.004 0.421 0.892
18.359 -446.218 -72.741 -0.168 0.004 0.422 0.891
18.252 -446.135 -72.783 -0.168 0.004 0.426 0.889
18.190 -446.088 -72.807 -0.169 0.004 0.427 0.888
18.105 -446.024 -72.840 -0.170 0.004 0.429 0.887
18.058 -445.989 -72.858 -0.170 0.004 0.431 0.886
17.965 -445.920 -72.895 -0.171 0.004 0.433 0.885
17.878 -445.856 -72.929 -0.171 0.005 0.435 0.884
17.782 -445.786 -72.966 -0.173 0.004 0.437 0.883
17.668 -445.705 -73.010 -0.174 0.004 0.440 0.881
17.597 -445.655 -73.038 -0.174 0.004 0.442 0.880
17.534 -445.611 -73.062 -0.175 0.004 0.444 0.879
17.461 -445.560 -73.091 -0.176 0.004 0.445 0.878
17.389 -445.510 -73.119 -0.176 0.005 0.447 0.877
17.254 -445.419 -73.171 -0.177 0.005 0.450 0.875
17.188 -445.374 -73.196 -0.177 0.005 0.452 0.874
17.086 -445.307 -73.236 -0.178 0.005 0.454 0.873
16.979 -445.237 -73.277 -0.179 0.005 0.456 0.872
16.915 -445.195 -73.301 -0.179 0.005 0.457 0.871
16.850 -445.153 -73.326 -0.179 0.005 0.458 0.871
16.753 -445.090 -73.364 -0.180 0.005 0.460 0.870
16.665 -445.034 -73.398 -0.180 0.005 0.461 0.869
16.577 -444.979 -73.431 -0.181 0.005 0.462 0.868
16.509 -444.936 -73.458 -0.181 0.006 0.464 0.867
16.439 -444.892 -73.484 -0.181 0.006 0.466 0.866
16.384 -444.858 -73.505 -0.181 0.006 0.467 0.865
16.324 -444.822 -73.528 -0.181 0.006 0.469 0.865
16.206 -444.750 -73.573 -0.182 0.006 0.471 0.863
16.114 -444.695 -73.608 -0.183 0.006 0.473 0.862
16.045 -444.654 -73.633 -0.183 0.006 0.474 0.861
15.933 -444.588 -73.676 -0.183 0.007 0.476 0.860
15.804 -444.513 -73.724 -0.183 0.007 0.479 0.859
15.708 -444.458 -73.760 -0.183 0.007 0.480 0.858
15.626 -444.411 -73.790 -0.183 0.008 0.481 0.857
15.524 -444.354 -73.828 -0.183 0.008 0.483 0.856
15.468 -444.323 -73.848 -0.183 0.008 0.484 0.856
15.378 -444.273 -73.881 -0.183 0.009 0.485 0.855
15.264 -444.210 -73.923 -0.182 0.009 0.486 0.855
15.185 -444.166 -73.952 -0.183 0.009 0.487 0.854
15.106 -444.123 -73.980 -0.183 0.009 0.487 0.854
14.995 -444.062 -74.021 -0.182 0.010 0.489 0.853
14.868 -443.994 -74.066 -0.183 0.010 0.490 0.852
14.791 -443.952 -74.094 -0.182 0.010 0.491 0.852
14.715 -443.911 -74.121 -0.182 0.010 0.492 0.851
14.633 -443.867 -74.150 -0.182 0.011 0.493 0.851
14.549 -443.824 -74.180 -0.182 0.011 0.494 0.850
14.427 -443.760 -74.223 -0.182 0.011 0.496 0.849
14.317 -443.702 -74.262 -0.183 0.011 0.497 0.849
14.235 -443.660 -74.290 -0.182 0.012 0.497 0.848
14.104 -443.592 -74.336 -0.182 0.012 0.499 0.847
