24.700 -458.411 -70.112 0.000 0.000 0.003 1.000
24.699 -458.329 -70.112 -0.001 0.000 0.006 1.000
24.697 -458.222 -70.112 -0.003 0.000 0.011 1.000
24.695 -458.125 -70.113 -0.005 0.000 0.014 1.000
24.691 -458.012 -70.115 -0.006 0.000 0.018 1.000
24.688 -457.931 -70.116 -0.008 0.000 0.022 1.000
24.681 -457.794 -70.118 -0.009 0.000 0.027 1.000
24.674 -457.672 -70.120 -0.011 0.000 0.031 0.999
24.668 -457.587 -70.122 -0.013 0.000 0.034 0.999
24.660 -457.466 -70.126 -0.014 0.000 0.039 0.999
24.653 -457.385 -70.128 -0.015 0.000 0.041 0.999
24.647 -457.317 -70.130 -0.015 0.000 0.044 0.999
24.641 -457.245 -70.132 -0.016 0.000 0.046 0.999
24.627 -457.104 -70.137 -0.018 0.000 0.051 0.999
24.619 -457.031 -70.140 -0.019 0.000 0.053 0.998
24.609 -456.939 -70.144 -0.020 0.000 0.057 0.998
24.595 -456.823 -70.149 -0.022 0.000 0.061 0.998
24.584 -456.734 -70.153 -0.024 0.000 0.064 0.998
24.574 -456.660 -70.156 -0.025 0.000 0.067 0.997
24.560 -456.560 -70.162 -0.027 0.000 0.070 0.997
24.544 -456.446 -70.168 -0.028 0.000 0.074 0.997
24.530 -456.356 -70.173 -0.030 0.000 0.077 0.997
24.510 -456.235 -70.181 -0.032 0.000 0.082 0.996
24.490 -456.117 -70.189 -0.034 0.000 0.086 0.996
24.470 -456.002 -70.197 -0.037 0.000 0.091 0.995
24.450 -455.900 -70.205 -0.038 0.000 0.094 0.995
24.431 -455.799 -70.213 -0.039 0.000 0.098 0.994
24.411 -455.700 -70.221 -0.041 0.000 0.101 0.994
24.392 -455.611 -70.228 -0.042 0.000 0.104 0.994
24.369 -455.503 -70.237 -0.043 0.000 0.108 0.993
24.345 -455.398 -70.247 -0.044 0.000 0.111 0.993
24.327 -455.320 -70.254 -0.045 0.000 0.114 0.992
24.299 -455.202 -70.265 -0.047 0.000 0.118 0.992
24.282 -455.132 -70.272 -0.048 0.000 0.120 0.992
24.258 -455.036 -70.282 -0.050 0.000 0.124 0.991
24.233 -454.940 -70.292 -0.051 0.000 0.127 0.991
24.206 -454.837 -70.303 -0.053 0.000 0.130 0.990
24.172 -454.710 -70.317 -0.054 0.000 0.133 0.990
24.134 -454.575 -70.332 -0.055 0.000 0.137 0.989
24.095 -454.438 -70.348 -0.058 0.000 0.140 0.988
24.059 -454.318 -70.363 -0.060 -0.001 0.145 0.988
24.035 -454.238 -70.373 -0.061 0.000 0.148 0.987
23.996 -454.115 -70.389 -0.062 0.000 0.153 0.986
23.968 -454.029 -70.400 -0.063 0.000 0.156 0.986
23.932 -453.921 -70.414 -0.065 0.000 0.161 0.985
23.908 -453.850 -70.424 -0.065 0.000 0.163 0.984
23.868 -453.734 -70.440 -0.066 0.000 0.167 0.984
23.835 -453.642 -70.453 -0.068 0.000 0.171 0.983
23.793 -453.527 -70.470 -0.069 0.000 0.175 0.982
23.746 -453.401 -70.488 -0.071 0.000 0.179 0.981
23.720 -453.334 -70.499 -0.073 0.000 0.182 0.981
23.702 -453.287 -70.506 -0.073 0.000 0.184 0.980
23.659 -453.178 -70.523 -0.075 0.000 0.188 0.979
23.595 -453.022 -70.548 -0.078 0.000 0.193 0.978
23.567 -452.954 -70.560 -0.079 0.000 0.195 0.978
23.531 -452.869 -70.575 -0.081 0.000 0.198 0.977
23.492 -452.778 -70.590 -0.082 0.000 0.202 0.976
23.459 -452.703 -70.604 -0.083 0.000 0.205 0.975
23.430 -452.637 -70.616 -0.084 0.000 0.207 0.975
23.388 -452.545 -70.632 -0.085 0.000 0.210 0.974
23.347 -452.457 -70.649 -0.086 0.000 0.213 0.973
23.292 -452.340 -70.671 -0.088 0.000 0.218 0.972
23.246 -452.242 -70.690 -0.090 0.000 0.221 0.971
23.212 -452.172 -70.704 -0.090 0.000 0.223 0.971
23.155 -452.059 -70.727 -0.093 0.000 0.227 0.969
23.109 -451.968 -70.746 -0.094 -0.001 0.230 0.969
23.060 -451.872 -70.766 -0.095 -0.001 0.234 0.968
22.997 -451.752 -70.791 -0.096 0.000 0.238 0.967
22.940 -451.646 -70.814 -0.097 0.000 0.241 0.966
22.899 -451.570 -70.831 -0.099 0.000 0.244 0.965
22.859 -451.496 -70.847 -0.099 0.000 0.247 0.964
22.812 -451.412 -70.866 -0.101 0.000 0.250 0.963
22.769 -451.336 -70.884 -0.102 0.000 0.253 0.962
22.713 -451.240 -70.906 -0.103 0.000 0.256 0.961
22.668 -451.163 -70.924 -0.104 0.000 0.258 0.960
22.606 -451.058 -70.949 -0.105 0.000 0.262 0.959
22.560 -450.981 -70.968 -0.106 0.000 0.265 0.958
22.506 -450.893 -70.989 -0.108 0.000 0.268 0.957
22.461 -450.821 -71.007 -0.109 0.000 0.271 0.956
22.431 -450.773 -71.019 -0.109 0.000 0.273 0.956
22.376 -450.685 -71.042 -0.111 0.000 0.276 0.955
22.316 -450.594 -71.065 -0.112 0.000 0.280 0.954
22.242 -450.480 -71.095 -0.114 0.000 0.283 0.952
22.189 -450.401 -71.117 -0.115 0.000 0.287 0.951
22.142 -450.332 -71.135 -0.116 0.000 0.290 0.950
22.062 -450.217 -71.167 -0.119 0.000 0.294 0.948
21.992 -450.118 -71.196 -0.121 0.000 0.298 0.947
21.919 -450.015 -71.226 -0.122 0.000 0.301 0.946
21.875 -449.955 -71.243 -0.123 0.000 0.304 0.945
21.809 -449.865 -71.270 -0.124 0.000 0.307 0.944
21.756 -449.795 -71.292 -0.125 0.000 0.309 0.943
21.690 -449.707 -71.318 -0.125 0.000 0.312 0.942
21.619 -449.614 -71.347 -0.127 0.000 0.316 0.940
21.567 -449.547 -71.368 -0.129 0.000 0.318 0.939
21.491 -449.451 -71.399 -0.130 0.000 0.322 0.938
21.436 -449.382 -71.421 -0.131 0.000 0.325 0.937
21.361 -449.290 -71.451 -0.132 0.000 0.329 0.935
21.301 -449.218 -71.475 -0.132 0.000 0.331 0.934
21.229 -449.132 -71.504 -0.134 0.000 0.335 0.933
21.173 -449.066 -71.526 -0.135 0.000 0.337 0.932
21.110 -448.993 -71.551 -0.136 0.000 0.339 0.931
21.040 -448.911 -71.579 -0.138 0.000 0.342 0.930
20.978 -448.841 -71.605 -0.138 0.000 0.345 0.928
20.919 -448.774 -71.628 -0.139 0.000 0.348 0.927
20.824 -448.671 -71.666 -0.140 0.000 0.352 0.925
20.774 -448.616 -71.686 -0.141 0.000 0.354 0.925
20.714 -448.551 -71.710 -0.142 0.000 0.356 0.924
20.645 -448.478 -71.737 -0.143 0.000 0.358 0.922
20.582 -448.411 -71.763 -0.145 0.000 0.361 0.921
20.528 -448.355 -71.784 -0.145 0.000 0.363 0.920
20.460 -448.284 -71.811 -0.147 0.000 0.365 0.919
20.406 -448.229 -71.833 -0.147 0.000 0.367 0.919
20.346 -448.168 -71.857 -0.148 0.000 0.369 0.918
20.261 -448.083 -71.891 -0.149 0.000 0.371 0.917
20.187 -448.009 -71.921 -0.151 0.000 0.374 0.915
20.102 -447.925 -71.955 -0.151 0.000 0.377 0.914
20.017 -447.843 -71.990 -0.153 0.000 0.379 0.912
19.969 -447.798 -72.009 -0.154 0.000 0.381 0.912
19.918 -447.749 -72.029 -0.154 0.000 0.382 0.911
19.843 -447.678 -72.060 -0.155 0.000 0.385 0.910
19.784 -447.623 -72.083 -0.155 0.000 0.387 0.909
19.704 -447.549 -72.116 -0.156 0.000 0.390 0.908
19.644 -447.495 -72.140 -0.157 0.000 0.392 0.907
19.541 -447.402 -72.181 -0.158 0.000 0.395 0.905
19.481 -447.349 -72.205 -0.158 0.000 0.396 0.904
19.419 -447.294 -72.229 -0.159 0.000 0.398 0.904
19.331 -447.217 -72.265 -0.160 0.001 0.401 0.902
19.253 -447.150 -72.296 -0.160 0.001 0.402 0.901
19.196 -447.100 -72.319 -0.161 0.001 0.404 0.900
19.107 -447.025 -72.354 -0.161 0.001 0.407 0.899
19.058 -446.984 -72.373 -0.161 0.001 0.408 0.898
18.983 -446.921 -72.402 -0.162 0.001 0.411 0.897
18.912 -446.863 -72.430 -0.163 0.001 0.413 0.896
18.845 -446.808 -72.457 -0.164 0.001 0.414 0.895
18.785 -446.759 -72.480 -0.164 0.001 0.416 0.894
18.724 -446.710 -72.504 -0.164 0.001 0.417 0.894
18.633 -446.637 -72.540 -0.164 0.001 0.418 0.893
18.572 -446.589 -72.564 -0.165 0.001 0.420 0.893
18.488 -446.523 -72.596 -0.165 0.002 0.422 0.892
18.422 -446.472 -72.622 -0.166 0.002 0.423 0.891
18.325 -446.397 -72.660 -0.166 0.002 0.427 0.889
18.280 -446.362 -72.677 -0.167 0.002 0.428 0.888
18.196 -446.299 -72.709 -0.167 0.002 0.429 0.887
18.100 -446.227 -72.746 -0.168 0.002 0.432 0.886
18.054 -446.193 -72.764 -0.168 0.002 0.432 0.886
18.019 -446.167 -72.778 -0.168 0.002 0.434 0.885
17.943 -446.111 -72.807 -0.169 0.002 0.436 0.884
17.862 -446.053 -72.838 -0.169 0.003 0.438 0.883
17.785 -445.997 -72.868 -0.171 0.002 0.440 0.882
17.692 -445.931 -72.904 -0.172 0.002 0.442 0.880
17.586 -445.857 -72.944 -0.173 0.002 0.445 0.879
17.482 -445.785 -72.984 -0.173 0.003 0.446 0.878
17.396 -445.726 -73.017 -0.173 0.003 0.448 0.877
17.313 -445.669 -73.049 -0.173 0.003 0.450 0.876
17.236 -445.617 -73.078 -0.174 0.003 0.452 0.875
17.183 -445.582 -73.098 -0.174 0.003 0.453 0.874
17.084 -445.517 -73.136 -0.175 0.003 0.455 0.873
16.996 -445.459 -73.170 -0.176 0.003 0.457 0.872
16.886 -445.388 -73.211 -0.176 0.004 0.460 0.870
16.824 -445.348 -73.235 -0.177 0.004 0.461 0.870
16.751 -445.302 -73.262 -0.177 0.003 0.462 0.869
16.638 -445.231 -73.305 -0.178 0.004 0.464 0.868
16.531 -445.164 -73.345 -0.178 0.004 0.466 0.867
16.448 -445.113 -73.376 -0.179 0.004 0.467 0.866
16.372 -445.066 -73.405 -0.180 0.003 0.469 0.865
16.306 -445.026 -73.431 -0.180 0.004 0.470 0.864
16.229 -444.979 -73.459 -0.180 0.004 0.471 0.864
16.154 -444.934 -73.488 -0.180 0.004 0.472 0.863
16.072 -444.885 -73.518 -0.180 0.004 0.474 0.862
15.993 -444.838 -73.548 -0.181 0.004 0.475 0.861
15.928 -444.800 -73.572 -0.181 0.004 0.477 0.860
15.830 -444.743 -73.609 -0.182 0.004 0.478 0.859
15.764 -444.705 -73.634 -0.182 0.004 0.479 0.859
15.682 -444.658 -73.665 -0.183 0.004 0.481 0.858
15.603 -444.613 -73.694 -0.183 0.004 0.481 0.857
15.546 -444.580 -73.716 -0.183 0.004 0.482 0.857
15.483 -444.544 -73.740 -0.183 0.004 0.483 0.856
15.378 -444.486 -73.779 -0.184 0.005 0.484 0.855
15.300 -444.442 -73.808 -0.183 0.005 0.485 0.855
15.237 -444.407 -73.831 -0.183 0.005 0.486 0.855
15.176 -444.373 -73.853 -0.183 0.006 0.487 0.854
15.093 -444.327 -73.884 -0.183 0.006 0.487 0.854
15.007 -444.280 -73.916 -0.182 0.006 0.489 0.853
14.903 -444.224 -73.953 -0.182 0.007 0.490 0.853
14.819 -444.178 -73.984 -0.182 0.007 0.490 0.852
14.740 -444.136 -74.012 -0.181 0.007 0.491 0.852
14.654 -444.090 -74.043 -0.181 0.007 0.491 0.852
14.545 -444.032 -74.082 -0.181 0.008 0.493 0.851
14.460 -443.986 -74.112 -0.181 0.008 0.493 0.851
14.380 -443.944 -74.141 -0.181 0.008 0.494 0.850
14.261 -443.881 -74.183 -0.181 0.008 0.495 0.850
14.216 -443.857 -74.199 -0.181 0.009 0.496 0.849
14.103 -443.798 -74.239 -0.179 0.010 0.497 0.849
