24.700 -458.417 -70.112 -0.001 0.000 0.003 1.000
24.699 -458.305 -70.112 -0.003 0.000 0.007 1.000
24.698 -458.245 -70.113 -0.004 0.000 0.009 1.000
24.696 -458.144 -70.114 -0.006 0.000 0.012 1.000
24.694 -458.075 -70.115 -0.007 0.000 0.015 1.000
24.691 -457.991 -70.116 -0.008 0.000 0.018 1.000
24.685 -457.849 -70.118 -0.010 0.000 0.023 1.000
24.680 -457.757 -70.120 -0.012 0.000 0.026 1.000
24.676 -457.674 -70.123 -0.013 0.000 0.029 0.999
24.667 -457.536 -70.127 -0.016 0.000 0.035 0.999
24.657 -457.406 -70.131 -0.017 0.000 0.039 0.999
24.649 -457.313 -70.134 -0.019 0.000 0.043 0.999
24.641 -457.221 -70.138 -0.020 0.000 0.046 0.999
24.629 -457.099 -70.143 -0.022 0.000 0.050 0.999
24.621 -457.013 -70.147 -0.023 0.000 0.053 0.998
24.610 -456.919 -70.151 -0.024 0.000 0.057 0.998
24.595 -456.789 -70.158 -0.026 0.000 0.062 0.998
24.587 -456.731 -70.161 -0.027 0.000 0.064 0.998
24.574 -456.631 -70.166 -0.028 0.000 0.067 0.997
24.554 -456.488 -70.175 -0.030 0.000 0.071 0.997
24.537 -456.373 -70.182 -0.033 0.000 0.074 0.997
24.516 -456.234 -70.192 -0.034 0.000 0.079 0.996
24.492 -456.086 -70.202 -0.037 0.000 0.084 0.996
24.474 -455.986 -70.210 -0.038 0.000 0.088 0.995
24.454 -455.875 -70.219 -0.040 0.000 0.092 0.995
24.428 -455.742 -70.230 -0.042 0.000 0.097 0.994
24.408 -455.642 -70.239 -0.044 0.000 0.099 0.994
24.390 -455.556 -70.246 -0.045 0.000 0.103 0.994
24.355 -455.391 -70.262 -0.047 0.000 0.108 0.993
24.330 -455.281 -70.273 -0.049 0.000 0.112 0.993
24.317 -455.223 -70.279 -0.049 0.000 0.114 0.992
24.296 -455.136 -70.288 -0.051 0.000 0.117 0.992
24.265 -455.006 -70.302 -0.054 0.000 0.121 0.991
24.237 -454.898 -70.314 -0.055 0.000 0.124 0.991
24.209 -454.790 -70.326 -0.056 0.000 0.127 0.990
24.181 -454.683 -70.339 -0.058 0.000 0.130 0.990
24.139 -454.532 -70.357 -0.059 0.000 0.136 0.989
24.095 -454.378 -70.376 -0.061 0.000 0.142 0.988
24.068 -454.286 -70.388 -0.062 0.000 0.145 0.987
24.042 -454.202 -70.399 -0.063 0.000 0.148 0.987
24.010 -454.100 -70.412 -0.065 0.000 0.152 0.986
23.977 -453.997 -70.427 -0.067 0.000 0.155 0.986
23.940 -453.883 -70.443 -0.068 0.000 0.159 0.985
23.899 -453.764 -70.460 -0.069 0.000 0.163 0.984
23.864 -453.663 -70.475 -0.070 0.000 0.167 0.983
23.836 -453.584 -70.486 -0.072 0.000 0.170 0.983
23.797 -453.475 -70.503 -0.073 0.000 0.174 0.982
23.768 -453.397 -70.515 -0.074 0.000 0.177 0.981
23.723 -453.278 -70.534 -0.076 0.000 0.181 0.981
23.684 -453.179 -70.550 -0.078 0.000 0.184 0.980
23.647 -453.084 -70.567 -0.081 0.000 0.187 0.979
23.616 -453.008 -70.580 -0.082 0.000 0.190 0.978
23.579 -452.918 -70.596 -0.084 0.000 0.194 0.977
23.525 -452.791 -70.619 -0.086 0.000 0.198 0.976
23.503 -452.740 -70.628 -0.087 0.000 0.200 0.976
23.459 -452.640 -70.648 -0.089 0.000 0.204 0.975
23.430 -452.575 -70.660 -0.090 0.000 0.207 0.974
23.401 -452.511 -70.673 -0.091 0.000 0.208 0.974
23.345 -452.387 -70.697 -0.092 0.000 0.213 0.973
23.297 -452.286 -70.718 -0.093 0.000 0.216 0.972
23.251 -452.189 -70.738 -0.094 0.000 0.219 0.971
23.203 -452.090 -70.758 -0.095 0.000 0.223 0.970
23.159 -452.000 -70.777 -0.097 0.000 0.226 0.969
23.089 -451.861 -70.807 -0.098 0.000 0.231 0.968
23.041 -451.769 -70.827 -0.099 0.000 0.233 0.967
22.994 -451.679 -70.847 -0.100 0.000 0.236 0.967
22.947 -451.590 -70.867 -0.101 0.001 0.239 0.966
22.906 -451.515 -70.884 -0.101 0.001 0.242 0.965
22.855 -451.421 -70.905 -0.102 0.001 0.245 0.964
22.822 -451.360 -70.919 -0.103 0.001 0.248 0.963
22.798 -451.319 -70.929 -0.104 0.001 0.250 0.963
22.760 -451.251 -70.945 -0.105 0.001 0.251 0.962
22.717 -451.175 -70.963 -0.107 0.001 0.254 0.961
22.656 -451.070 -70.988 -0.107 0.001 0.258 0.960
22.605 -450.985 -71.009 -0.108 0.001 0.261 0.959
22.572 -450.929 -71.023 -0.108 0.001 0.263 0.959
22.526 -450.852 -71.042 -0.109 0.001 0.265 0.958
22.497 -450.805 -71.054 -0.110 0.001 0.266 0.958
22.446 -450.722 -71.075 -0.111 0.001 0.269 0.957
22.401 -450.650 -71.093 -0.113 0.001 0.272 0.956
22.344 -450.560 -71.117 -0.114 0.001 0.275 0.955
22.279 -450.459 -71.143 -0.115 0.001 0.278 0.954
22.214 -450.360 -71.170 -0.117 0.001 0.282 0.952
22.145 -450.256 -71.199 -0.118 0.001 0.286 0.951
22.078 -450.157 -71.226 -0.119 0.001 0.289 0.950
22.035 -450.095 -71.244 -0.119 0.001 0.291 0.949
22.003 -450.048 -71.257 -0.119 0.001 0.292 0.949
21.930 -449.944 -71.287 -0.121 0.002 0.295 0.948
21.875 -449.866 -71.309 -0.122 0.001 0.297 0.947
21.821 -449.789 -71.331 -0.123 0.001 0.300 0.946
21.751 -449.693 -71.360 -0.125 0.001 0.303 0.945
21.696 -449.619 -71.383 -0.126 0.001 0.305 0.944
21.658 -449.567 -71.398 -0.127 0.001 0.307 0.943
21.583 -449.467 -71.429 -0.128 0.001 0.310 0.942
21.492 -449.347 -71.467 -0.130 0.001 0.316 0.940
21.438 -449.278 -71.489 -0.131 0.001 0.318 0.939
21.388 -449.215 -71.509 -0.132 0.001 0.320 0.938
21.342 -449.157 -71.528 -0.133 0.001 0.321 0.938
21.291 -449.093 -71.549 -0.134 0.001 0.324 0.937
21.256 -449.050 -71.563 -0.134 0.001 0.325 0.936
21.197 -448.977 -71.588 -0.134 0.001 0.327 0.935
21.143 -448.911 -71.610 -0.135 0.001 0.329 0.935
21.074 -448.827 -71.638 -0.136 0.001 0.331 0.934
21.024 -448.767 -71.659 -0.137 0.001 0.333 0.933
20.959 -448.690 -71.685 -0.138 0.001 0.335 0.932
20.888 -448.607 -71.714 -0.139 0.001 0.337 0.931
20.821 -448.529 -71.742 -0.140 0.001 0.339 0.930
20.774 -448.475 -71.761 -0.140 0.001 0.340 0.930
20.717 -448.409 -71.785 -0.140 0.001 0.342 0.929
20.659 -448.344 -71.808 -0.142 0.001 0.345 0.928
20.594 -448.272 -71.835 -0.143 0.001 0.348 0.927
20.541 -448.213 -71.857 -0.144 0.001 0.350 0.926
20.461 -448.125 -71.889 -0.145 0.001 0.353 0.924
20.373 -448.030 -71.925 -0.145 0.002 0.355 0.923
20.307 -447.959 -71.952 -0.145 0.002 0.357 0.923
20.199 -447.845 -71.996 -0.147 0.002 0.361 0.921
20.148 -447.792 -72.016 -0.148 0.002 0.363 0.920
20.068 -447.710 -72.049 -0.149 0.002 0.366 0.919
19.987 -447.627 -72.082 -0.150 0.002 0.368 0.918
19.910 -447.551 -72.113 -0.151 0.002 0.371 0.916
19.811 -447.453 -72.153 -0.152 0.002 0.375 0.915
19.769 -447.411 -72.170 -0.152 0.002 0.377 0.914
19.685 -447.330 -72.203 -0.154 0.002 0.379 0.913
19.575 -447.225 -72.248 -0.155 0.002 0.382 0.911
19.525 -447.178 -72.268 -0.156 0.002 0.383 0.910
19.465 -447.122 -72.292 -0.156 0.002 0.385 0.910
19.373 -447.037 -72.329 -0.157 0.002 0.388 0.908
19.295 -446.965 -72.361 -0.158 0.002 0.390 0.907
19.227 -446.903 -72.388 -0.158 0.002 0.392 0.906
19.165 -446.847 -72.413 -0.158 0.003 0.394 0.905
19.107 -446.795 -72.436 -0.159 0.002 0.395 0.905
19.045 -446.741 -72.460 -0.160 0.003 0.397 0.904
19.009 -446.708 -72.475 -0.160 0.003 0.398 0.903
18.940 -446.649 -72.502 -0.161 0.003 0.400 0.902
18.904 -446.617 -72.516 -0.161 0.003 0.401 0.902
18.823 -446.547 -72.549 -0.162 0.003 0.404 0.901
18.763 -446.496 -72.573 -0.162 0.003 0.405 0.900
18.674 -446.421 -72.608 -0.163 0.003 0.407 0.899
18.580 -446.343 -72.645 -0.163 0.003 0.409 0.898
18.516 -446.290 -72.670 -0.164 0.003 0.411 0.897
18.450 -446.236 -72.696 -0.164 0.003 0.412 0.896
18.366 -446.167 -72.729 -0.165 0.004 0.415 0.895
18.293 -446.108 -72.758 -0.166 0.004 0.417 0.894
18.173 -446.013 -72.805 -0.167 0.003 0.420 0.892
18.108 -445.962 -72.831 -0.168 0.003 0.421 0.891
18.032 -445.903 -72.861 -0.169 0.003 0.424 0.890
17.942 -445.834 -72.896 -0.170 0.003 0.426 0.889
17.863 -445.774 -72.927 -0.170 0.003 0.428 0.888
17.798 -445.724 -72.953 -0.171 0.003 0.429 0.887
17.710 -445.659 -72.987 -0.171 0.004 0.431 0.886
17.642 -445.609 -73.014 -0.172 0.004 0.434 0.885
17.562 -445.550 -73.045 -0.172 0.004 0.436 0.883
17.465 -445.480 -73.083 -0.173 0.004 0.438 0.882
17.394 -445.429 -73.110 -0.173 0.004 0.439 0.881
17.318 -445.375 -73.140 -0.174 0.004 0.441 0.881
17.251 -445.328 -73.166 -0.174 0.004 0.442 0.880
17.165 -445.267 -73.199 -0.175 0.004 0.444 0.879
17.066 -445.199 -73.238 -0.176 0.004 0.446 0.878
16.982 -445.141 -73.270 -0.176 0.004 0.447 0.877
16.916 -445.096 -73.296 -0.177 0.004 0.449 0.876
16.826 -445.035 -73.331 -0.177 0.004 0.451 0.875
16.746 -444.982 -73.362 -0.178 0.004 0.453 0.874
16.655 -444.922 -73.397 -0.178 0.004 0.454 0.873
16.549 -444.853 -73.438 -0.179 0.005 0.457 0.871
16.469 -444.800 -73.469 -0.179 0.005 0.459 0.870
16.399 -444.756 -73.495 -0.180 0.005 0.460 0.869
16.282 -444.681 -73.541 -0.181 0.005 0.463 0.868
16.194 -444.627 -73.574 -0.181 0.005 0.465 0.867
16.082 -444.558 -73.617 -0.182 0.005 0.467 0.865
15.959 -444.483 -73.664 -0.182 0.006 0.470 0.864
15.880 -444.435 -73.694 -0.182 0.006 0.472 0.863
15.797 -444.386 -73.725 -0.182 0.006 0.473 0.862
15.713 -444.336 -73.757 -0.182 0.006 0.474 0.861
15.617 -444.279 -73.793 -0.182 0.006 0.475 0.861
15.538 -444.232 -73.823 -0.183 0.006 0.475 0.861
15.439 -444.175 -73.860 -0.183 0.007 0.477 0.860
15.343 -444.119 -73.896 -0.183 0.007 0.478 0.859
15.264 -444.074 -73.926 -0.183 0.007 0.478 0.859
15.188 -444.030 -73.954 -0.183 0.007 0.479 0.859
15.131 -443.997 -73.976 -0.183 0.007 0.479 0.858
15.034 -443.942 -74.012 -0.184 0.007 0.482 0.857
14.934 -443.886 -74.049 -0.184 0.007 0.483 0.856
14.864 -443.846 -74.075 -0.184 0.007 0.484 0.856
14.787 -443.803 -74.103 -0.184 0.008 0.485 0.855
14.717 -443.765 -74.129 -0.184 0.008 0.485 0.855
14.632 -443.718 -74.160 -0.184 0.008 0.486 0.854
14.525 -443.659 -74.199 -0.184 0.008 0.488 0.853
14.432 -443.608 -74.233 -0.184 0.008 0.488 0.853
14.324 -443.550 -74.273 -0.184 0.009 0.489 0.853
14.264 -443.517 -74.295 -0.184 0.009 0.490 0.852
14.201 -443.483 -74.318 -0.184 0.009 0.491 0.852
14.080 -443.418 -74.361 -0.183 0.009 0.491 0.852
