24.700 -458.413 -70.112 -0.002 0.000 0.003 1.000
24.699 -458.334 -70.112 -0.003 0.000 0.006 1.000
24.697 -458.228 -70.113 -0.004 0.000 0.010 1.000
24.694 -458.100 -70.114 -0.006 0.000 0.015 1.000
24.691 -458.018 -70.115 -0.008 0.000 0.018 1.000
24.686 -457.886 -70.118 -0.011 0.000 0.022 1.000
24.680 -457.763 -70.121 -0.013 0.000 0.026 1.000
24.674 -457.651 -70.124 -0.015 0.000 0.030 0.999
24.669 -457.582 -70.126 -0.015 0.000 0.033 0.999
24.659 -457.440 -70.131 -0.017 0.000 0.038 0.999
24.652 -457.353 -70.134 -0.019 0.000 0.041 0.999
24.640 -457.211 -70.139 -0.020 0.000 0.046 0.999
24.627 -457.076 -70.145 -0.023 0.000 0.051 0.998
24.621 -457.018 -70.148 -0.024 0.000 0.053 0.998
24.608 -456.907 -70.154 -0.026 0.000 0.056 0.998
24.598 -456.817 -70.159 -0.028 0.000 0.060 0.998
24.588 -456.735 -70.163 -0.028 0.000 0.063 0.998
24.574 -456.632 -70.169 -0.030 0.000 0.066 0.997
24.559 -456.523 -70.176 -0.032 0.000 0.070 0.997
24.544 -456.415 -70.183 -0.033 0.000 0.073 0.997
24.532 -456.339 -70.188 -0.034 0.000 0.076 0.997
24.512 -456.211 -70.197 -0.036 0.000 0.080 0.996
24.500 -456.138 -70.203 -0.037 0.000 0.082 0.996
24.476 -455.999 -70.213 -0.039 0.000 0.088 0.995
24.455 -455.881 -70.222 -0.040 0.000 0.092 0.995
24.436 -455.782 -70.231 -0.042 0.000 0.095 0.995
24.411 -455.659 -70.241 -0.043 0.000 0.099 0.994
24.399 -455.600 -70.246 -0.044 0.000 0.101 0.994
24.385 -455.533 -70.253 -0.045 0.000 0.104 0.994
24.365 -455.439 -70.261 -0.046 0.000 0.107 0.993
24.341 -455.330 -70.272 -0.048 0.000 0.111 0.993
24.316 -455.221 -70.282 -0.049 0.000 0.114 0.992
24.280 -455.072 -70.298 -0.051 0.000 0.119 0.992
24.253 -454.961 -70.309 -0.053 0.000 0.123 0.991
24.230 -454.873 -70.319 -0.054 0.000 0.126 0.991
24.201 -454.764 -70.332 -0.056 0.000 0.130 0.990
24.177 -454.673 -70.342 -0.058 0.000 0.133 0.989
24.146 -454.564 -70.355 -0.059 0.000 0.137 0.989
24.124 -454.489 -70.365 -0.060 0.000 0.140 0.988
24.089 -454.369 -70.380 -0.061 0.000 0.144 0.988
24.059 -454.270 -70.392 -0.062 0.000 0.147 0.987
24.024 -454.158 -70.407 -0.063 0.001 0.151 0.986
23.987 -454.040 -70.422 -0.064 0.001 0.155 0.986
23.959 -453.956 -70.434 -0.065 0.001 0.158 0.985
23.912 -453.817 -70.453 -0.068 0.001 0.163 0.984
23.878 -453.717 -70.467 -0.070 0.000 0.167 0.984
23.839 -453.609 -70.483 -0.070 0.001 0.170 0.983
23.799 -453.499 -70.500 -0.071 0.001 0.174 0.982
23.772 -453.425 -70.511 -0.072 0.001 0.177 0.982
23.715 -453.275 -70.534 -0.074 0.001 0.183 0.980
23.688 -453.207 -70.545 -0.075 0.001 0.185 0.980
23.646 -453.103 -70.562 -0.077 0.001 0.189 0.979
23.591 -452.969 -70.584 -0.079 0.001 0.194 0.978
23.546 -452.860 -70.603 -0.081 0.001 0.198 0.977
23.513 -452.784 -70.616 -0.082 0.001 0.201 0.976
23.477 -452.702 -70.631 -0.084 0.001 0.204 0.975
23.448 -452.636 -70.643 -0.085 0.001 0.206 0.975
23.416 -452.564 -70.656 -0.085 0.001 0.209 0.974
23.369 -452.462 -70.675 -0.087 0.001 0.212 0.973
23.335 -452.391 -70.689 -0.089 0.000 0.215 0.973
23.289 -452.293 -70.708 -0.090 0.001 0.219 0.972
23.235 -452.180 -70.731 -0.092 0.001 0.223 0.971
23.193 -452.097 -70.748 -0.092 0.001 0.225 0.970
23.128 -451.967 -70.774 -0.094 0.001 0.230 0.969
23.080 -451.873 -70.794 -0.095 0.001 0.233 0.968
23.018 -451.755 -70.819 -0.096 0.001 0.236 0.967
22.969 -451.662 -70.839 -0.098 0.001 0.239 0.966
22.928 -451.586 -70.856 -0.099 0.001 0.242 0.965
22.898 -451.531 -70.868 -0.099 0.001 0.244 0.965
22.837 -451.421 -70.893 -0.102 0.001 0.249 0.963
22.809 -451.371 -70.904 -0.102 0.001 0.250 0.963
22.771 -451.304 -70.920 -0.103 0.001 0.253 0.962
22.721 -451.218 -70.940 -0.104 0.001 0.256 0.961
22.669 -451.129 -70.961 -0.106 0.001 0.260 0.960
22.618 -451.044 -70.982 -0.107 0.001 0.263 0.959
22.579 -450.979 -70.998 -0.108 0.001 0.266 0.958
22.516 -450.877 -71.023 -0.109 0.001 0.269 0.957
22.465 -450.795 -71.044 -0.111 0.001 0.272 0.956
22.405 -450.700 -71.068 -0.112 0.001 0.275 0.955
22.339 -450.598 -71.095 -0.113 0.001 0.279 0.954
22.289 -450.520 -71.115 -0.113 0.001 0.281 0.953
22.219 -450.416 -71.143 -0.115 0.001 0.284 0.952
22.146 -450.307 -71.173 -0.117 0.001 0.289 0.950
22.100 -450.239 -71.192 -0.118 0.001 0.291 0.949
22.038 -450.150 -71.217 -0.120 0.001 0.294 0.948
22.003 -450.100 -71.231 -0.121 0.001 0.296 0.947
21.951 -450.028 -71.252 -0.121 0.001 0.299 0.946
21.871 -449.917 -71.284 -0.123 0.001 0.303 0.945
21.783 -449.798 -71.320 -0.125 0.001 0.308 0.943
21.728 -449.725 -71.342 -0.126 0.001 0.310 0.942
21.664 -449.640 -71.368 -0.128 0.001 0.313 0.941
21.607 -449.565 -71.392 -0.129 0.000 0.316 0.940
21.560 -449.506 -71.410 -0.130 0.000 0.318 0.939
21.513 -449.445 -71.430 -0.131 0.001 0.320 0.938
21.435 -449.347 -71.462 -0.132 0.001 0.323 0.937
21.337 -449.226 -71.502 -0.134 0.001 0.328 0.935
21.274 -449.149 -71.527 -0.135 0.001 0.331 0.934
21.218 -449.082 -71.550 -0.135 0.001 0.333 0.933
21.155 -449.008 -71.576 -0.137 0.001 0.336 0.932
21.093 -448.935 -71.601 -0.137 0.001 0.338 0.931
21.042 -448.876 -71.622 -0.138 0.001 0.340 0.930
20.985 -448.811 -71.645 -0.139 0.001 0.343 0.929
20.937 -448.756 -71.664 -0.139 0.001 0.345 0.928
20.888 -448.701 -71.684 -0.140 0.001 0.347 0.927
20.818 -448.623 -71.712 -0.141 0.001 0.349 0.926
20.755 -448.554 -71.737 -0.142 0.001 0.351 0.925
20.696 -448.490 -71.761 -0.143 0.001 0.353 0.925
20.591 -448.377 -71.803 -0.144 0.001 0.358 0.923
20.544 -448.327 -71.822 -0.145 0.001 0.360 0.922
20.474 -448.255 -71.850 -0.146 0.001 0.362 0.921
20.396 -448.173 -71.882 -0.147 0.001 0.364 0.920
20.331 -448.106 -71.908 -0.148 0.001 0.366 0.919
20.271 -448.046 -71.932 -0.149 0.001 0.369 0.918
20.200 -447.974 -71.961 -0.150 0.001 0.371 0.916
20.097 -447.873 -72.002 -0.151 0.001 0.375 0.915
20.015 -447.792 -72.035 -0.151 0.002 0.377 0.914
19.925 -447.706 -72.071 -0.153 0.001 0.380 0.912
19.858 -447.642 -72.097 -0.154 0.001 0.383 0.911
19.779 -447.567 -72.129 -0.155 0.001 0.385 0.910
19.729 -447.521 -72.149 -0.156 0.001 0.386 0.909
19.643 -447.441 -72.184 -0.156 0.001 0.389 0.908
19.543 -447.350 -72.224 -0.158 0.001 0.391 0.907
19.466 -447.280 -72.255 -0.159 0.001 0.395 0.905
19.373 -447.198 -72.292 -0.160 0.002 0.398 0.904
19.330 -447.160 -72.309 -0.161 0.001 0.399 0.903
19.258 -447.097 -72.338 -0.161 0.001 0.401 0.902
19.158 -447.012 -72.378 -0.163 0.001 0.404 0.900
19.075 -446.941 -72.411 -0.164 0.001 0.406 0.899
18.998 -446.876 -72.442 -0.164 0.001 0.409 0.898
18.903 -446.797 -72.480 -0.164 0.002 0.411 0.897
18.857 -446.760 -72.498 -0.165 0.002 0.413 0.896
18.781 -446.698 -72.528 -0.166 0.002 0.415 0.895
18.693 -446.627 -72.563 -0.167 0.002 0.418 0.893
18.618 -446.568 -72.593 -0.167 0.002 0.420 0.892
18.544 -446.510 -72.622 -0.168 0.002 0.421 0.891
18.481 -446.461 -72.647 -0.169 0.002 0.423 0.890
18.389 -446.390 -72.683 -0.170 0.002 0.425 0.889
18.328 -446.343 -72.707 -0.170 0.002 0.428 0.888
18.230 -446.269 -72.746 -0.171 0.002 0.430 0.886
18.161 -446.217 -72.773 -0.172 0.002 0.431 0.886
18.084 -446.161 -72.804 -0.173 0.002 0.433 0.885
18.015 -446.110 -72.831 -0.174 0.002 0.434 0.884
17.869 -446.005 -72.889 -0.175 0.002 0.438 0.882
17.803 -445.957 -72.916 -0.176 0.002 0.440 0.881
17.715 -445.895 -72.951 -0.178 0.001 0.442 0.879
17.619 -445.828 -72.989 -0.179 0.001 0.445 0.878
17.546 -445.777 -73.018 -0.179 0.001 0.446 0.877
17.439 -445.705 -73.061 -0.180 0.001 0.448 0.876
17.363 -445.653 -73.091 -0.180 0.001 0.450 0.875
17.305 -445.614 -73.115 -0.181 0.001 0.451 0.874
17.210 -445.550 -73.153 -0.181 0.002 0.453 0.873
17.137 -445.503 -73.182 -0.182 0.002 0.455 0.872
17.068 -445.458 -73.209 -0.182 0.002 0.456 0.871
17.010 -445.419 -73.232 -0.182 0.003 0.458 0.870
16.925 -445.365 -73.265 -0.183 0.002 0.459 0.869
16.854 -445.320 -73.293 -0.182 0.003 0.461 0.868
16.753 -445.256 -73.333 -0.183 0.003 0.463 0.867
16.700 -445.223 -73.353 -0.184 0.003 0.464 0.866
16.622 -445.174 -73.384 -0.184 0.003 0.465 0.866
16.532 -445.119 -73.419 -0.184 0.003 0.467 0.865
16.445 -445.066 -73.453 -0.185 0.003 0.469 0.864
16.382 -445.028 -73.478 -0.185 0.003 0.470 0.863
16.308 -444.984 -73.507 -0.186 0.003 0.471 0.862
16.203 -444.921 -73.548 -0.186 0.003 0.472 0.862
16.114 -444.869 -73.582 -0.187 0.003 0.475 0.860
16.028 -444.819 -73.616 -0.187 0.004 0.477 0.859
15.954 -444.776 -73.645 -0.187 0.004 0.478 0.858
15.869 -444.728 -73.677 -0.187 0.004 0.480 0.857
15.785 -444.680 -73.710 -0.188 0.004 0.481 0.856
15.695 -444.629 -73.744 -0.188 0.004 0.482 0.856
15.625 -444.590 -73.771 -0.188 0.004 0.483 0.855
15.522 -444.533 -73.811 -0.188 0.005 0.485 0.854
15.395 -444.463 -73.859 -0.189 0.005 0.487 0.853
15.301 -444.412 -73.895 -0.189 0.005 0.488 0.852
15.213 -444.365 -73.928 -0.190 0.005 0.489 0.851
15.121 -444.315 -73.964 -0.190 0.005 0.491 0.850
15.022 -444.262 -74.001 -0.190 0.005 0.492 0.850
14.946 -444.222 -74.030 -0.190 0.005 0.493 0.849
14.854 -444.174 -74.065 -0.190 0.006 0.494 0.848
14.769 -444.130 -74.097 -0.190 0.006 0.495 0.848
14.687 -444.087 -74.128 -0.190 0.006 0.496 0.848
14.601 -444.043 -74.160 -0.190 0.006 0.496 0.847
14.524 -444.003 -74.188 -0.189 0.007 0.497 0.847
14.436 -443.958 -74.221 -0.189 0.007 0.498 0.846
14.349 -443.913 -74.254 -0.190 0.007 0.499 0.846
14.292 -443.884 -74.275 -0.190 0.007 0.499 0.845
14.235 -443.855 -74.296 -0.190 0.007 0.500 0.845
14.125 -443.800 -74.337 -0.190 0.007 0.501 0.844
