21.500 -475.946 -70.112 0.000 0.000 0.002 1.000
21.499 -475.849 -70.112 -0.002 0.000 0.005 1.000
21.498 -475.743 -70.113 -0.004 0.000 0.008 1.000
21.495 -475.612 -70.114 -0.006 0.000 0.013 1.000
21.491 -475.481 -70.116 -0.009 0.000 0.017 1.000
21.488 -475.384 -70.118 -0.010 0.000 0.020 1.000
21.483 -475.271 -70.120 -0.011 0.000 0.024 1.000
21.479 -475.188 -70.122 -0.012 0.000 0.026 1.000
21.471 -475.049 -70.126 -0.013 0.000 0.031 0.999
21.465 -474.962 -70.128 -0.014 0.000 0.033 0.999
21.459 -474.880 -70.130 -0.015 0.000 0.036 0.999
21.451 -474.771 -70.134 -0.016 0.000 0.040 0.999
21.444 -474.692 -70.136 -0.017 0.000 0.043 0.999
21.438 -474.621 -70.139 -0.018 0.000 0.045 0.999
21.428 -474.515 -70.143 -0.019 0.000 0.049 0.999
21.418 -474.416 -70.147 -0.020 0.000 0.052 0.998
21.408 -474.323 -70.150 -0.021 0.000 0.055 0.998
21.397 -474.232 -70.154 -0.022 0.000 0.058 0.998
21.385 -474.129 -70.159 -0.024 0.000 0.062 0.998
21.372 -474.026 -70.164 -0.025 0.000 0.065 0.998
21.360 -473.940 -70.169 -0.026 0.000 0.067 0.997
21.340 -473.799 -70.177 -0.029 0.000 0.072 0.997
21.324 -473.687 -70.183 -0.030 0.000 0.075 0.997
21.308 -473.586 -70.189 -0.031 0.000 0.078 0.997
21.294 -473.499 -70.195 -0.032 0.000 0.081 0.996
21.274 -473.380 -70.203 -0.032 0.000 0.084 0.996
21.251 -473.245 -70.212 -0.034 0.000 0.088 0.996
21.234 -473.151 -70.218 -0.034 0.000 0.092 0.995
21.212 -473.036 -70.226 -0.036 0.000 0.095 0.995
21.189 -472.918 -70.235 -0.036 0.000 0.099 0.994
21.165 -472.800 -70.244 -0.037 0.000 0.102 0.994
21.148 -472.719 -70.250 -0.038 0.000 0.104 0.994
21.121 -472.595 -70.260 -0.040 0.000 0.107 0.993
21.095 -472.478 -70.269 -0.042 0.000 0.110 0.993
21.073 -472.380 -70.278 -0.042 0.000 0.112 0.993
21.056 -472.309 -70.284 -0.043 0.000 0.114 0.993
21.031 -472.203 -70.293 -0.044 0.000 0.117 0.992
21.013 -472.127 -70.300 -0.044 0.000 0.119 0.992
20.991 -472.039 -70.308 -0.045 0.000 0.122 0.992
20.965 -471.938 -70.318 -0.047 0.000 0.125 0.991
20.941 -471.845 -70.326 -0.047 0.000 0.128 0.991
20.921 -471.768 -70.334 -0.048 0.000 0.130 0.990
20.887 -471.643 -70.347 -0.049 0.000 0.135 0.990
20.863 -471.559 -70.355 -0.050 0.000 0.137 0.989
20.839 -471.475 -70.364 -0.052 0.000 0.140 0.989
20.807 -471.364 -70.376 -0.053 0.000 0.143 0.988
20.779 -471.271 -70.387 -0.054 0.000 0.146 0.988
20.760 -471.208 -70.394 -0.054 0.000 0.148 0.988
20.729 -471.110 -70.405 -0.055 0.000 0.151 0.987
20.688 -470.980 -70.419 -0.056 0.000 0.153 0.987
20.656 -470.881 -70.431 -0.057 0.000 0.156 0.986
20.630 -470.803 -70.440 -0.058 0.000 0.158 0.986
20.603 -470.721 -70.450 -0.058 0.000 0.160 0.985
20.574 -470.635 -70.461 -0.059 0.000 0.163 0.985
20.537 -470.528 -70.474 -0.060 0.000 0.166 0.984
20.499 -470.421 -70.488 -0.061 0.001 0.169 0.984
20.467 -470.331 -70.499 -0.061 0.001 0.171 0.983
20.434 -470.240 -70.511 -0.062 0.000 0.173 0.983
20.406 -470.164 -70.521 -0.064 0.000 0.175 0.983
20.364 -470.050 -70.537 -0.065 0.000 0.178 0.982
20.327 -469.953 -70.550 -0.066 0.000 0.180 0.981
20.283 -469.838 -70.566 -0.066 0.000 0.183 0.981
20.243 -469.738 -70.581 -0.067 0.000 0.186 0.980
20.196 -469.619 -70.598 -0.069 0.000 0.188 0.980
20.153 -469.512 -70.614 -0.070 0.000 0.190 0.979
20.114 -469.416 -70.628 -0.071 0.000 0.192 0.979
20.069 -469.306 -70.645 -0.072 0.000 0.195 0.978
20.023 -469.198 -70.662 -0.072 0.000 0.197 0.978
19.997 -469.137 -70.671 -0.072 0.000 0.199 0.977
19.959 -469.048 -70.685 -0.073 0.000 0.201 0.977
19.916 -468.950 -70.700 -0.074 0.000 0.203 0.976
19.866 -468.836 -70.719 -0.075 0.000 0.206 0.976
19.833 -468.763 -70.731 -0.076 0.000 0.208 0.975
19.787 -468.661 -70.747 -0.076 0.000 0.211 0.975
19.752 -468.584 -70.760 -0.077 0.000 0.212 0.974
19.707 -468.487 -70.777 -0.077 0.001 0.215 0.974
19.668 -468.404 -70.790 -0.078 0.001 0.217 0.973
19.629 -468.322 -70.804 -0.078 0.001 0.219 0.973
19.590 -468.241 -70.818 -0.078 0.001 0.221 0.972
19.553 -468.166 -70.831 -0.079 0.001 0.223 0.972
19.502 -468.061 -70.849 -0.079 0.001 0.225 0.971
19.486 -468.028 -70.855 -0.079 0.001 0.226 0.971
19.434 -467.925 -70.873 -0.080 0.001 0.229 0.970
19.389 -467.835 -70.888 -0.080 0.001 0.231 0.970
19.347 -467.752 -70.903 -0.080 0.001 0.232 0.969
19.292 -467.647 -70.922 -0.081 0.001 0.235 0.969
19.255 -467.575 -70.935 -0.082 0.001 0.236 0.968
19.207 -467.485 -70.951 -0.081 0.002 0.238 0.968
19.160 -467.396 -70.967 -0.082 0.002 0.240 0.967
19.105 -467.294 -70.985 -0.083 0.002 0.243 0.967
19.059 -467.209 -71.001 -0.083 0.002 0.245 0.966
19.017 -467.133 -71.015 -0.083 0.002 0.246 0.966
18.953 -467.016 -71.037 -0.084 0.002 0.249 0.965
18.920 -466.958 -71.048 -0.084 0.002 0.251 0.964
18.863 -466.858 -71.067 -0.085 0.002 0.254 0.964
18.809 -466.763 -71.085 -0.086 0.002 0.256 0.963
18.758 -466.676 -71.102 -0.087 0.002 0.258 0.962
18.729 -466.626 -71.111 -0.087 0.002 0.259 0.962
18.677 -466.537 -71.129 -0.088 0.002 0.261 0.961
18.636 -466.469 -71.143 -0.088 0.002 0.261 0.961
18.581 -466.375 -71.161 -0.089 0.002 0.263 0.961
18.534 -466.298 -71.177 -0.089 0.002 0.264 0.960
18.479 -466.206 -71.195 -0.089 0.002 0.267 0.960
18.414 -466.099 -71.217 -0.089 0.002 0.269 0.959
18.357 -466.008 -71.235 -0.090 0.002 0.270 0.959
18.304 -465.922 -71.253 -0.090 0.002 0.271 0.958
18.243 -465.824 -71.273 -0.090 0.002 0.273 0.958
18.201 -465.758 -71.287 -0.089 0.003 0.274 0.958
18.159 -465.691 -71.300 -0.089 0.003 0.275 0.957
18.098 -465.596 -71.319 -0.089 0.003 0.277 0.957
18.053 -465.526 -71.334 -0.089 0.003 0.278 0.957
17.995 -465.435 -71.352 -0.088 0.003 0.278 0.956
17.928 -465.331 -71.373 -0.088 0.004 0.280 0.956
17.864 -465.232 -71.393 -0.088 0.004 0.281 0.956
17.812 -465.153 -71.409 -0.088 0.004 0.282 0.955
17.740 -465.044 -71.431 -0.087 0.004 0.285 0.955
17.676 -464.946 -71.450 -0.088 0.004 0.287 0.954
17.629 -464.877 -71.464 -0.088 0.004 0.287 0.954
17.568 -464.785 -71.483 -0.088 0.004 0.288 0.954
17.501 -464.686 -71.503 -0.088 0.004 0.290 0.953
17.442 -464.599 -71.520 -0.088 0.004 0.291 0.953
17.371 -464.495 -71.542 -0.087 0.005 0.292 0.952
17.304 -464.398 -71.561 -0.088 0.005 0.294 0.952
17.248 -464.317 -71.577 -0.088 0.005 0.296 0.951
17.216 -464.271 -71.587 -0.087 0.005 0.296 0.951
17.148 -464.174 -71.606 -0.088 0.005 0.297 0.951
17.081 -464.079 -71.626 -0.088 0.005 0.299 0.950
17.033 -464.010 -71.639 -0.087 0.006 0.300 0.950
16.974 -463.928 -71.656 -0.087 0.006 0.301 0.950
16.903 -463.829 -71.676 -0.087 0.006 0.303 0.949
16.831 -463.729 -71.696 -0.087 0.006 0.305 0.949
16.768 -463.642 -71.713 -0.086 0.006 0.306 0.948
16.704 -463.555 -71.731 -0.087 0.006 0.307 0.948
16.660 -463.495 -71.743 -0.087 0.006 0.307 0.948
16.612 -463.429 -71.756 -0.087 0.006 0.308 0.947
16.542 -463.335 -71.775 -0.087 0.007 0.309 0.947
16.457 -463.221 -71.798 -0.087 0.007 0.311 0.946
16.410 -463.157 -71.811 -0.087 0.007 0.312 0.946
16.346 -463.072 -71.829 -0.088 0.007 0.313 0.946
16.303 -463.014 -71.840 -0.088 0.007 0.313 0.945
16.242 -462.934 -71.857 -0.088 0.007 0.315 0.945
16.171 -462.841 -71.876 -0.089 0.007 0.316 0.945
16.144 -462.805 -71.884 -0.089 0.007 0.316 0.944
16.074 -462.715 -71.903 -0.089 0.007 0.318 0.944
16.024 -462.649 -71.917 -0.089 0.007 0.318 0.944
15.964 -462.572 -71.933 -0.089 0.007 0.320 0.943
15.903 -462.494 -71.949 -0.088 0.007 0.321 0.943
15.846 -462.421 -71.964 -0.089 0.007 0.321 0.943
15.798 -462.360 -71.977 -0.089 0.007 0.322 0.943
15.717 -462.256 -71.999 -0.089 0.007 0.323 0.942
15.659 -462.183 -72.015 -0.089 0.007 0.324 0.942
15.606 -462.117 -72.029 -0.089 0.007 0.325 0.942
15.532 -462.023 -72.048 -0.089 0.007 0.326 0.941
15.440 -461.908 -72.073 -0.089 0.008 0.328 0.940
15.356 -461.804 -72.094 -0.089 0.008 0.330 0.940
15.273 -461.703 -72.116 -0.089 0.008 0.331 0.939
15.180 -461.589 -72.140 -0.089 0.008 0.333 0.939
15.120 -461.517 -72.155 -0.089 0.008 0.334 0.939
15.056 -461.439 -72.172 -0.088 0.008 0.335 0.938
14.990 -461.359 -72.189 -0.089 0.008 0.336 0.938
14.952 -461.313 -72.198 -0.089 0.008 0.336 0.938
14.869 -461.214 -72.219 -0.088 0.009 0.337 0.937
14.816 -461.151 -72.232 -0.088 0.009 0.338 0.937
14.729 -461.048 -72.254 -0.088 0.009 0.341 0.936
14.666 -460.974 -72.270 -0.088 0.009 0.342 0.936
14.620 -460.920 -72.281 -0.088 0.009 0.342 0.935
14.558 -460.847 -72.296 -0.087 0.010 0.344 0.935
14.495 -460.774 -72.312 -0.087 0.010 0.345 0.935
14.430 -460.699 -72.327 -0.087 0.010 0.346 0.934
14.359 -460.618 -72.344 -0.087 0.010 0.347 0.934
14.298 -460.548 -72.359 -0.087 0.010 0.348 0.934
14.250 -460.493 -72.371 -0.087 0.010 0.349 0.933
14.189 -460.425 -72.385 -0.087 0.010 0.349 0.933
14.131 -460.359 -72.399 -0.088 0.010 0.350 0.933
