24.700 -458.408 -70.112 -0.001 0.000 0.003 1.000
24.698 -458.257 -70.113 -0.004 0.000 0.008 1.000
24.696 -458.157 -70.114 -0.006 0.000 0.012 1.000
24.692 -458.036 -70.115 -0.008 0.000 0.017 1.000
24.687 -457.901 -70.118 -0.010 0.000 0.022 1.000
24.683 -457.815 -70.119 -0.011 0.000 0.025 1.000
24.678 -457.712 -70.122 -0.013 0.000 0.028 1.000
24.671 -457.605 -70.125 -0.014 0.000 0.032 0.999
24.664 -457.498 -70.128 -0.017 0.000 0.036 0.999
24.655 -457.387 -70.132 -0.018 0.000 0.040 0.999
24.647 -457.290 -70.135 -0.019 0.000 0.043 0.999
24.640 -457.213 -70.138 -0.020 0.000 0.046 0.999
24.631 -457.110 -70.143 -0.022 0.000 0.050 0.999
24.620 -457.008 -70.148 -0.024 0.000 0.053 0.998
24.608 -456.901 -70.153 -0.025 0.000 0.057 0.998
24.594 -456.783 -70.159 -0.027 0.000 0.061 0.998
24.580 -456.671 -70.165 -0.028 0.000 0.065 0.998
24.563 -456.545 -70.172 -0.030 0.000 0.069 0.997
24.548 -456.439 -70.179 -0.031 0.000 0.073 0.997
24.535 -456.353 -70.184 -0.033 0.000 0.075 0.997
24.520 -456.258 -70.191 -0.034 0.000 0.079 0.996
24.501 -456.144 -70.199 -0.036 0.000 0.083 0.996
24.484 -456.044 -70.206 -0.037 0.000 0.087 0.996
24.465 -455.935 -70.215 -0.039 0.000 0.090 0.995
24.453 -455.873 -70.219 -0.039 0.000 0.093 0.995
24.436 -455.783 -70.227 -0.041 0.000 0.096 0.995
24.415 -455.682 -70.235 -0.042 0.000 0.100 0.994
24.392 -455.567 -70.246 -0.044 0.000 0.104 0.994
24.364 -455.438 -70.257 -0.046 0.000 0.108 0.993
24.349 -455.373 -70.264 -0.047 0.000 0.110 0.993
24.329 -455.285 -70.272 -0.048 0.000 0.113 0.992
24.308 -455.196 -70.281 -0.050 0.000 0.116 0.992
24.279 -455.078 -70.293 -0.051 0.000 0.120 0.991
24.248 -454.955 -70.306 -0.053 0.000 0.125 0.991
24.222 -454.853 -70.318 -0.055 0.000 0.128 0.990
24.191 -454.739 -70.331 -0.057 0.000 0.133 0.990
24.164 -454.642 -70.342 -0.058 0.000 0.136 0.989
24.144 -454.570 -70.351 -0.059 0.000 0.138 0.989
24.123 -454.498 -70.360 -0.059 0.000 0.141 0.988
24.091 -454.392 -70.373 -0.061 0.000 0.145 0.988
24.056 -454.277 -70.388 -0.063 0.000 0.149 0.987
24.030 -454.194 -70.399 -0.065 0.000 0.152 0.986
24.002 -454.106 -70.411 -0.067 0.000 0.155 0.986
23.958 -453.972 -70.430 -0.068 0.000 0.159 0.985
23.930 -453.890 -70.441 -0.069 0.000 0.163 0.984
23.914 -453.842 -70.448 -0.069 0.000 0.165 0.984
23.888 -453.771 -70.459 -0.070 0.000 0.167 0.983
23.858 -453.684 -70.472 -0.071 0.000 0.170 0.983
23.813 -453.561 -70.491 -0.073 0.000 0.174 0.982
23.777 -453.463 -70.506 -0.074 0.000 0.178 0.981
23.746 -453.383 -70.519 -0.076 0.000 0.181 0.981
23.694 -453.248 -70.541 -0.078 0.000 0.185 0.980
23.659 -453.163 -70.555 -0.079 0.000 0.188 0.979
23.614 -453.052 -70.574 -0.081 0.000 0.193 0.978
23.578 -452.966 -70.589 -0.082 0.000 0.196 0.977
23.520 -452.829 -70.614 -0.084 0.000 0.201 0.976
23.461 -452.695 -70.638 -0.087 0.000 0.207 0.975
23.408 -452.579 -70.660 -0.089 0.000 0.211 0.973
23.370 -452.497 -70.676 -0.090 0.000 0.213 0.973
23.313 -452.376 -70.700 -0.093 0.000 0.217 0.972
23.262 -452.269 -70.722 -0.095 0.000 0.220 0.971
23.213 -452.169 -70.743 -0.096 0.000 0.224 0.970
23.179 -452.100 -70.758 -0.097 0.000 0.226 0.969
23.155 -452.051 -70.768 -0.098 0.000 0.228 0.969
23.120 -451.983 -70.783 -0.099 0.000 0.231 0.968
23.071 -451.888 -70.804 -0.100 0.000 0.235 0.967
23.029 -451.808 -70.822 -0.101 0.000 0.237 0.966
22.986 -451.727 -70.840 -0.102 0.000 0.239 0.966
22.947 -451.656 -70.857 -0.102 0.000 0.242 0.965
22.898 -451.566 -70.877 -0.103 0.000 0.246 0.964
22.861 -451.499 -70.893 -0.104 0.000 0.249 0.963
22.795 -451.383 -70.920 -0.105 0.000 0.252 0.962
22.731 -451.272 -70.947 -0.107 0.001 0.257 0.960
22.682 -451.188 -70.968 -0.109 0.001 0.260 0.959
22.618 -451.081 -70.995 -0.110 0.000 0.264 0.958
22.582 -451.022 -71.010 -0.111 0.000 0.266 0.958
22.532 -450.942 -71.030 -0.113 0.000 0.269 0.956
22.480 -450.858 -71.052 -0.114 0.000 0.272 0.956
22.426 -450.773 -71.074 -0.114 0.001 0.275 0.955
22.354 -450.661 -71.104 -0.116 0.001 0.279 0.953
22.295 -450.572 -71.129 -0.117 0.001 0.283 0.952
22.227 -450.471 -71.156 -0.118 0.001 0.287 0.951
22.164 -450.378 -71.182 -0.120 0.001 0.290 0.949
22.112 -450.303 -71.204 -0.121 0.001 0.293 0.948
22.039 -450.199 -71.234 -0.122 0.001 0.297 0.947
21.958 -450.087 -71.267 -0.124 0.001 0.301 0.946
21.909 -450.020 -71.287 -0.124 0.001 0.303 0.945
21.843 -449.929 -71.314 -0.126 0.001 0.307 0.943
21.790 -449.858 -71.336 -0.127 0.001 0.309 0.942
21.733 -449.783 -71.359 -0.128 0.001 0.312 0.941
21.681 -449.716 -71.380 -0.129 0.001 0.315 0.940
21.615 -449.631 -71.407 -0.130 0.001 0.318 0.939
21.571 -449.574 -71.425 -0.131 0.001 0.320 0.938
21.522 -449.513 -71.445 -0.132 0.001 0.322 0.937
21.444 -449.416 -71.477 -0.134 0.001 0.326 0.936
21.401 -449.364 -71.494 -0.134 0.001 0.329 0.935
21.342 -449.292 -71.518 -0.135 0.001 0.331 0.934
21.274 -449.211 -71.546 -0.137 0.001 0.334 0.933
21.199 -449.122 -71.577 -0.137 0.002 0.338 0.931
21.152 -449.068 -71.595 -0.138 0.002 0.340 0.930
21.090 -448.997 -71.620 -0.138 0.002 0.343 0.929
21.027 -448.925 -71.646 -0.139 0.002 0.346 0.928
20.988 -448.882 -71.661 -0.140 0.002 0.346 0.928
20.932 -448.819 -71.684 -0.140 0.002 0.349 0.927
20.848 -448.726 -71.718 -0.142 0.002 0.351 0.925
20.762 -448.633 -71.752 -0.143 0.002 0.354 0.924
20.704 -448.571 -71.775 -0.143 0.002 0.357 0.923
20.657 -448.520 -71.794 -0.144 0.002 0.358 0.923
20.600 -448.460 -71.817 -0.145 0.002 0.359 0.922
20.533 -448.390 -71.843 -0.145 0.002 0.362 0.921
20.466 -448.320 -71.870 -0.145 0.003 0.364 0.920
20.383 -448.234 -71.903 -0.145 0.003 0.365 0.920
20.299 -448.149 -71.936 -0.145 0.003 0.368 0.918
20.249 -448.098 -71.955 -0.146 0.003 0.370 0.918
20.203 -448.053 -71.973 -0.147 0.003 0.371 0.917
20.118 -447.968 -72.006 -0.148 0.003 0.374 0.916
20.071 -447.922 -72.025 -0.148 0.003 0.375 0.915
19.976 -447.829 -72.062 -0.148 0.003 0.378 0.914
19.884 -447.741 -72.098 -0.149 0.004 0.381 0.912
19.802 -447.663 -72.129 -0.150 0.004 0.384 0.911
19.741 -447.606 -72.153 -0.150 0.004 0.386 0.910
19.644 -447.516 -72.190 -0.151 0.004 0.389 0.909
19.582 -447.460 -72.214 -0.152 0.004 0.391 0.908
19.502 -447.387 -72.244 -0.153 0.004 0.394 0.906
19.437 -447.329 -72.269 -0.154 0.004 0.396 0.905
19.358 -447.259 -72.300 -0.155 0.004 0.398 0.904
19.299 -447.208 -72.322 -0.155 0.004 0.400 0.903
19.235 -447.152 -72.347 -0.156 0.004 0.402 0.902
19.161 -447.088 -72.375 -0.157 0.004 0.404 0.901
19.044 -446.989 -72.420 -0.158 0.004 0.408 0.899
18.954 -446.913 -72.455 -0.159 0.004 0.410 0.898
18.850 -446.827 -72.494 -0.160 0.004 0.413 0.897
18.777 -446.767 -72.522 -0.160 0.004 0.414 0.896
18.716 -446.718 -72.545 -0.161 0.004 0.416 0.895
18.660 -446.673 -72.567 -0.162 0.004 0.418 0.894
18.591 -446.618 -72.593 -0.162 0.004 0.419 0.893
18.525 -446.566 -72.618 -0.162 0.005 0.421 0.892
18.456 -446.512 -72.644 -0.162 0.005 0.423 0.891
18.394 -446.464 -72.668 -0.163 0.005 0.425 0.890
18.332 -446.416 -72.691 -0.163 0.005 0.427 0.889
18.239 -446.346 -72.726 -0.164 0.005 0.430 0.888
18.159 -446.286 -72.756 -0.164 0.006 0.432 0.887
18.084 -446.230 -72.784 -0.165 0.006 0.433 0.886
18.019 -446.182 -72.808 -0.165 0.006 0.435 0.885
17.955 -446.134 -72.832 -0.166 0.005 0.436 0.884
17.846 -446.056 -72.873 -0.167 0.005 0.439 0.883
17.731 -445.973 -72.916 -0.168 0.006 0.441 0.881
17.655 -445.919 -72.944 -0.169 0.006 0.444 0.880
17.564 -445.856 -72.978 -0.169 0.006 0.446 0.879
17.521 -445.827 -72.994 -0.170 0.006 0.447 0.878
17.435 -445.768 -73.026 -0.171 0.006 0.449 0.877
17.322 -445.692 -73.068 -0.171 0.006 0.451 0.876
17.271 -445.657 -73.088 -0.172 0.006 0.452 0.875
17.195 -445.606 -73.116 -0.172 0.006 0.454 0.874
17.063 -445.519 -73.165 -0.173 0.006 0.457 0.872
16.993 -445.474 -73.191 -0.174 0.006 0.459 0.871
16.926 -445.431 -73.216 -0.174 0.006 0.460 0.871
16.840 -445.376 -73.248 -0.174 0.006 0.462 0.870
16.759 -445.325 -73.277 -0.175 0.006 0.464 0.868
16.676 -445.273 -73.308 -0.175 0.006 0.466 0.867
16.624 -445.241 -73.327 -0.175 0.007 0.467 0.867
16.541 -445.189 -73.357 -0.176 0.007 0.468 0.866
16.489 -445.158 -73.376 -0.176 0.007 0.469 0.865
16.423 -445.118 -73.401 -0.176 0.007 0.471 0.864
16.339 -445.067 -73.432 -0.177 0.007 0.473 0.863
16.238 -445.008 -73.468 -0.177 0.007 0.475 0.862
16.159 -444.961 -73.497 -0.177 0.008 0.477 0.861
16.074 -444.911 -73.528 -0.177 0.008 0.478 0.860
15.983 -444.859 -73.560 -0.177 0.008 0.481 0.859
15.887 -444.804 -73.594 -0.178 0.008 0.482 0.858
15.821 -444.767 -73.618 -0.178 0.009 0.483 0.857
15.729 -444.715 -73.651 -0.178 0.009 0.485 0.856
15.665 -444.679 -73.674 -0.178 0.009 0.486 0.856
15.561 -444.621 -73.711 -0.178 0.009 0.487 0.855
15.492 -444.583 -73.735 -0.178 0.009 0.488 0.855
15.442 -444.556 -73.752 -0.178 0.009 0.488 0.854
15.352 -444.507 -73.784 -0.178 0.010 0.489 0.854
15.274 -444.464 -73.811 -0.178 0.010 0.490 0.853
15.199 -444.423 -73.838 -0.178 0.010 0.491 0.853
15.126 -444.384 -73.863 -0.178 0.010 0.492 0.852
15.057 -444.347 -73.887 -0.178 0.010 0.493 0.852
14.963 -444.297 -73.920 -0.179 0.010 0.494 0.851
14.875 -444.250 -73.951 -0.179 0.010 0.495 0.850
14.785 -444.203 -73.982 -0.179 0.010 0.496 0.850
14.689 -444.153 -74.015 -0.179 0.011 0.497 0.849
14.592 -444.103 -74.049 -0.179 0.011 0.498 0.848
14.499 -444.055 -74.080 -0.179 0.011 0.499 0.848
14.407 -444.007 -74.112 -0.178 0.012 0.500 0.847
14.347 -443.977 -74.132 -0.178 0.012 0.501 0.847
14.228 -443.916 -74.173 -0.178 0.012 0.502 0.846
14.143 -443.874 -74.201 -0.179 0.012 0.503 0.846
