21.500 -475.931 -70.112 -0.001 0.000 0.002 1.000
21.499 -475.846 -70.112 -0.002 0.000 0.005 1.000
21.497 -475.723 -70.113 -0.005 0.000 0.010 1.000
21.494 -475.577 -70.115 -0.007 0.000 0.015 1.000
21.491 -475.502 -70.116 -0.008 0.000 0.018 1.000
21.489 -475.427 -70.117 -0.009 0.000 0.020 1.000
21.485 -475.350 -70.119 -0.009 0.000 0.023 1.000
21.480 -475.235 -70.121 -0.011 0.000 0.026 1.000
21.474 -475.138 -70.123 -0.012 0.000 0.030 0.999
21.471 -475.093 -70.124 -0.012 0.000 0.031 0.999
21.464 -474.984 -70.127 -0.013 0.000 0.034 0.999
21.455 -474.863 -70.131 -0.016 0.000 0.039 0.999
21.443 -474.717 -70.135 -0.017 0.000 0.044 0.999
21.436 -474.638 -70.138 -0.018 0.000 0.046 0.999
21.427 -474.540 -70.142 -0.019 0.000 0.050 0.999
21.419 -474.462 -70.145 -0.020 0.000 0.052 0.998
21.406 -474.350 -70.149 -0.021 0.000 0.056 0.998
21.394 -474.247 -70.154 -0.022 0.000 0.059 0.998
21.382 -474.144 -70.158 -0.023 0.000 0.063 0.998
21.366 -474.024 -70.164 -0.024 0.000 0.067 0.997
21.352 -473.923 -70.169 -0.026 0.000 0.069 0.997
21.336 -473.814 -70.175 -0.028 0.000 0.073 0.997
21.323 -473.725 -70.180 -0.029 0.000 0.076 0.997
21.309 -473.636 -70.186 -0.030 0.000 0.079 0.996
21.292 -473.531 -70.192 -0.031 0.000 0.082 0.996
21.275 -473.432 -70.198 -0.033 0.000 0.085 0.996
21.254 -473.311 -70.207 -0.034 0.000 0.088 0.996
21.234 -473.200 -70.214 -0.035 0.000 0.091 0.995
21.222 -473.137 -70.219 -0.036 0.000 0.093 0.995
21.198 -473.010 -70.228 -0.037 0.000 0.097 0.995
21.181 -472.929 -70.235 -0.039 0.000 0.099 0.994
21.163 -472.840 -70.242 -0.040 0.000 0.102 0.994
21.146 -472.759 -70.248 -0.041 0.000 0.105 0.994
21.117 -472.628 -70.260 -0.043 0.000 0.109 0.993
21.093 -472.520 -70.269 -0.045 0.000 0.112 0.993
21.070 -472.420 -70.279 -0.046 0.000 0.116 0.992
21.054 -472.353 -70.285 -0.047 0.000 0.118 0.992
21.035 -472.277 -70.292 -0.048 0.000 0.121 0.992
21.009 -472.175 -70.303 -0.049 0.000 0.124 0.991
20.986 -472.084 -70.312 -0.049 0.000 0.126 0.991
20.966 -472.008 -70.320 -0.050 0.000 0.128 0.991
20.946 -471.933 -70.328 -0.051 0.000 0.130 0.990
20.921 -471.840 -70.337 -0.052 0.000 0.134 0.990
20.900 -471.766 -70.345 -0.053 0.000 0.136 0.989
20.873 -471.671 -70.356 -0.053 0.000 0.138 0.989
20.844 -471.569 -70.367 -0.054 0.000 0.140 0.989
20.820 -471.489 -70.376 -0.054 0.000 0.143 0.988
20.801 -471.424 -70.384 -0.055 0.000 0.145 0.988
20.765 -471.305 -70.397 -0.056 0.000 0.147 0.988
20.742 -471.229 -70.406 -0.057 0.000 0.149 0.987
20.714 -471.140 -70.417 -0.058 0.000 0.151 0.987
20.679 -471.028 -70.430 -0.059 0.000 0.154 0.986
20.650 -470.940 -70.441 -0.060 0.000 0.156 0.986
20.629 -470.874 -70.450 -0.060 0.000 0.158 0.986
20.594 -470.770 -70.463 -0.062 0.000 0.160 0.985
20.557 -470.661 -70.477 -0.062 0.000 0.163 0.985
20.517 -470.545 -70.492 -0.064 0.000 0.167 0.984
20.487 -470.460 -70.504 -0.064 0.000 0.168 0.984
20.461 -470.387 -70.514 -0.064 0.000 0.170 0.983
20.431 -470.302 -70.525 -0.065 0.000 0.172 0.983
20.405 -470.231 -70.535 -0.065 0.000 0.174 0.983
20.362 -470.117 -70.550 -0.066 0.000 0.177 0.982
20.313 -469.986 -70.569 -0.067 0.000 0.180 0.981
20.271 -469.877 -70.584 -0.069 0.000 0.182 0.981
20.242 -469.801 -70.596 -0.069 0.000 0.185 0.980
20.186 -469.662 -70.616 -0.070 0.000 0.187 0.980
20.147 -469.563 -70.631 -0.070 0.000 0.190 0.979
20.116 -469.487 -70.642 -0.071 0.001 0.192 0.979
20.078 -469.395 -70.656 -0.072 0.000 0.194 0.978
20.040 -469.304 -70.671 -0.073 0.000 0.197 0.978
19.990 -469.188 -70.689 -0.074 0.000 0.199 0.977
19.944 -469.080 -70.706 -0.075 0.001 0.202 0.977
19.904 -468.990 -70.721 -0.075 0.001 0.204 0.976
19.865 -468.901 -70.735 -0.076 0.001 0.206 0.976
19.821 -468.803 -70.751 -0.076 0.001 0.208 0.975
19.770 -468.691 -70.770 -0.078 0.001 0.211 0.974
19.714 -468.568 -70.791 -0.079 0.000 0.213 0.974
19.662 -468.457 -70.810 -0.080 0.000 0.215 0.973
19.633 -468.394 -70.821 -0.081 0.000 0.216 0.973
19.588 -468.301 -70.837 -0.081 0.000 0.218 0.973
19.547 -468.215 -70.853 -0.082 0.000 0.220 0.972
19.509 -468.136 -70.867 -0.082 0.000 0.221 0.972
19.469 -468.054 -70.882 -0.082 0.001 0.223 0.971
19.432 -467.978 -70.895 -0.082 0.001 0.226 0.971
19.377 -467.867 -70.915 -0.083 0.001 0.227 0.970
19.340 -467.794 -70.929 -0.083 0.001 0.229 0.970
19.316 -467.746 -70.937 -0.083 0.001 0.230 0.970
19.274 -467.664 -70.952 -0.083 0.001 0.232 0.969
19.224 -467.566 -70.970 -0.084 0.001 0.234 0.969
19.164 -467.451 -70.992 -0.084 0.001 0.236 0.968
19.107 -467.344 -71.012 -0.086 0.001 0.238 0.967
19.063 -467.260 -71.028 -0.086 0.001 0.240 0.967
19.032 -467.202 -71.039 -0.087 0.001 0.241 0.967
18.995 -467.134 -71.052 -0.087 0.001 0.243 0.966
18.949 -467.050 -71.068 -0.087 0.001 0.244 0.966
18.888 -466.939 -71.090 -0.087 0.002 0.247 0.965
18.843 -466.856 -71.106 -0.087 0.002 0.249 0.965
18.784 -466.752 -71.126 -0.088 0.002 0.251 0.964
18.726 -466.650 -71.146 -0.088 0.002 0.253 0.964
18.657 -466.528 -71.170 -0.088 0.002 0.255 0.963
18.609 -466.446 -71.186 -0.088 0.002 0.256 0.963
18.572 -466.381 -71.199 -0.088 0.002 0.256 0.963
18.528 -466.306 -71.214 -0.088 0.002 0.258 0.962
18.455 -466.181 -71.239 -0.089 0.002 0.261 0.961
18.411 -466.107 -71.254 -0.089 0.002 0.263 0.961
18.354 -466.013 -71.273 -0.089 0.003 0.264 0.960
18.279 -465.887 -71.298 -0.091 0.002 0.265 0.960
18.232 -465.811 -71.314 -0.091 0.002 0.267 0.960
18.181 -465.726 -71.332 -0.092 0.002 0.268 0.959
18.115 -465.619 -71.354 -0.092 0.002 0.269 0.959
18.072 -465.549 -71.369 -0.092 0.002 0.271 0.958
18.026 -465.476 -71.384 -0.092 0.002 0.272 0.958
17.975 -465.394 -71.401 -0.092 0.003 0.274 0.957
17.928 -465.319 -71.417 -0.092 0.003 0.274 0.957
17.864 -465.219 -71.438 -0.091 0.003 0.275 0.957
17.816 -465.142 -71.454 -0.091 0.003 0.276 0.957
17.743 -465.028 -71.477 -0.091 0.003 0.277 0.956
17.684 -464.936 -71.496 -0.090 0.004 0.278 0.956
17.644 -464.874 -71.509 -0.090 0.004 0.279 0.956
17.558 -464.742 -71.536 -0.090 0.004 0.281 0.955
17.526 -464.692 -71.547 -0.090 0.004 0.282 0.955
17.473 -464.612 -71.563 -0.090 0.004 0.283 0.955
17.426 -464.540 -71.578 -0.090 0.004 0.284 0.955
17.361 -464.442 -71.599 -0.090 0.004 0.285 0.954
17.312 -464.369 -71.614 -0.091 0.004 0.286 0.954
17.275 -464.313 -71.625 -0.091 0.004 0.287 0.954
17.178 -464.170 -71.655 -0.090 0.005 0.289 0.953
17.099 -464.053 -71.679 -0.090 0.005 0.291 0.952
17.039 -463.965 -71.698 -0.090 0.005 0.292 0.952
16.998 -463.906 -71.710 -0.090 0.005 0.293 0.952
16.951 -463.837 -71.724 -0.090 0.005 0.294 0.952
16.880 -463.734 -71.746 -0.090 0.005 0.295 0.951
16.816 -463.642 -71.765 -0.090 0.005 0.296 0.951
16.767 -463.573 -71.779 -0.090 0.005 0.297 0.951
16.724 -463.512 -71.792 -0.090 0.005 0.299 0.950
16.669 -463.434 -71.808 -0.090 0.006 0.300 0.950
16.596 -463.331 -71.829 -0.089 0.006 0.301 0.949
16.531 -463.240 -71.848 -0.089 0.006 0.302 0.949
16.459 -463.140 -71.869 -0.089 0.006 0.302 0.949
16.423 -463.090 -71.879 -0.090 0.006 0.303 0.949
16.360 -463.002 -71.898 -0.090 0.006 0.304 0.948
16.294 -462.911 -71.917 -0.090 0.006 0.305 0.948
16.236 -462.831 -71.933 -0.089 0.006 0.306 0.948
16.174 -462.747 -71.951 -0.089 0.007 0.307 0.947
16.129 -462.685 -71.963 -0.089 0.007 0.308 0.947
16.062 -462.595 -71.982 -0.088 0.007 0.309 0.947
16.007 -462.521 -71.997 -0.088 0.007 0.310 0.947
15.942 -462.434 -72.015 -0.087 0.008 0.311 0.947
15.877 -462.346 -72.033 -0.087 0.008 0.312 0.946
15.835 -462.291 -72.044 -0.087 0.008 0.312 0.946
15.786 -462.225 -72.057 -0.087 0.008 0.313 0.946
15.705 -462.118 -72.079 -0.086 0.008 0.314 0.946
15.652 -462.048 -72.093 -0.086 0.008 0.315 0.945
15.566 -461.936 -72.116 -0.087 0.008 0.317 0.944
15.510 -461.863 -72.131 -0.087 0.008 0.319 0.944
15.449 -461.783 -72.147 -0.087 0.008 0.319 0.944
15.391 -461.709 -72.162 -0.087 0.009 0.320 0.943
15.348 -461.654 -72.173 -0.086 0.009 0.321 0.943
15.280 -461.567 -72.191 -0.086 0.009 0.322 0.943
15.204 -461.470 -72.210 -0.087 0.009 0.323 0.942
15.115 -461.357 -72.233 -0.086 0.009 0.325 0.942
15.052 -461.278 -72.249 -0.086 0.009 0.325 0.942
14.985 -461.193 -72.266 -0.086 0.010 0.327 0.941
14.913 -461.104 -72.284 -0.085 0.010 0.328 0.941
14.836 -461.007 -72.303 -0.085 0.010 0.330 0.940
14.783 -460.942 -72.316 -0.085 0.010 0.331 0.940
14.726 -460.873 -72.330 -0.085 0.010 0.332 0.939
14.672 -460.806 -72.343 -0.085 0.010 0.333 0.939
14.608 -460.730 -72.359 -0.084 0.011 0.334 0.939
14.551 -460.660 -72.372 -0.085 0.011 0.335 0.938
14.476 -460.570 -72.390 -0.084 0.011 0.335 0.938
14.402 -460.481 -72.408 -0.084 0.011 0.337 0.938
14.338 -460.404 -72.423 -0.084 0.011 0.339 0.937
14.266 -460.319 -72.440 -0.084 0.011 0.340 0.937
14.175 -460.212 -72.461 -0.083 0.012 0.341 0.936
14.105 -460.130 -72.477 -0.083 0.012 0.343 0.936
