24.700 -458.408 -70.112 -0.001 0.000 0.003 1.000
24.699 -458.302 -70.112 -0.002 0.000 0.007 1.000
24.698 -458.253 -70.112 -0.003 0.000 0.009 1.000
24.696 -458.156 -70.113 -0.005 0.000 0.012 1.000
24.693 -458.054 -70.114 -0.006 0.000 0.016 1.000
24.688 -457.918 -70.116 -0.008 0.000 0.021 1.000
24.685 -457.844 -70.118 -0.010 0.000 0.024 1.000
24.681 -457.765 -70.119 -0.011 0.000 0.026 1.000
24.673 -457.634 -70.122 -0.013 0.000 0.031 0.999
24.669 -457.563 -70.124 -0.014 0.000 0.033 0.999
24.661 -457.459 -70.128 -0.016 0.000 0.036 0.999
24.652 -457.342 -70.132 -0.019 0.000 0.040 0.999
24.643 -457.230 -70.136 -0.020 0.000 0.044 0.999
24.634 -457.131 -70.140 -0.022 0.000 0.048 0.999
24.624 -457.032 -70.145 -0.024 0.000 0.051 0.998
24.615 -456.945 -70.149 -0.025 0.000 0.054 0.998
24.606 -456.863 -70.153 -0.026 0.000 0.056 0.998
24.587 -456.709 -70.161 -0.028 0.000 0.062 0.998
24.579 -456.640 -70.165 -0.029 0.000 0.064 0.998
24.561 -456.511 -70.173 -0.031 0.000 0.069 0.997
24.548 -456.417 -70.179 -0.032 0.000 0.072 0.997
24.534 -456.323 -70.185 -0.033 0.000 0.075 0.997
24.510 -456.170 -70.196 -0.036 0.000 0.081 0.996
24.494 -456.074 -70.203 -0.038 0.000 0.084 0.996
24.473 -455.956 -70.212 -0.039 0.000 0.089 0.995
24.457 -455.866 -70.220 -0.040 0.000 0.091 0.995
24.433 -455.740 -70.230 -0.042 0.000 0.095 0.995
24.417 -455.659 -70.237 -0.043 0.000 0.098 0.994
24.396 -455.556 -70.247 -0.045 0.000 0.102 0.994
24.378 -455.468 -70.255 -0.047 0.000 0.105 0.993
24.351 -455.346 -70.267 -0.049 0.000 0.109 0.993
24.332 -455.263 -70.275 -0.050 0.000 0.112 0.992
24.312 -455.179 -70.284 -0.051 0.000 0.115 0.992
24.293 -455.098 -70.292 -0.052 0.000 0.118 0.992
24.271 -455.007 -70.302 -0.053 0.000 0.121 0.991
24.249 -454.917 -70.312 -0.054 0.000 0.124 0.991
24.227 -454.835 -70.321 -0.055 0.000 0.127 0.990
24.200 -454.730 -70.333 -0.056 0.000 0.130 0.990
24.173 -454.632 -70.344 -0.057 0.000 0.133 0.990
24.143 -454.522 -70.357 -0.058 0.000 0.136 0.989
24.113 -454.420 -70.370 -0.060 0.000 0.140 0.988
24.092 -454.347 -70.379 -0.061 0.000 0.142 0.988
24.058 -454.231 -70.394 -0.064 0.000 0.146 0.987
24.029 -454.139 -70.406 -0.065 0.000 0.150 0.987
23.999 -454.044 -70.419 -0.066 0.000 0.153 0.986
23.970 -453.955 -70.432 -0.068 0.000 0.157 0.985
23.948 -453.889 -70.441 -0.069 0.000 0.159 0.985
23.924 -453.817 -70.452 -0.069 0.000 0.161 0.984
23.898 -453.742 -70.463 -0.070 0.000 0.164 0.984
23.867 -453.650 -70.476 -0.072 0.000 0.167 0.983
23.831 -453.550 -70.492 -0.073 0.000 0.171 0.983
23.796 -453.454 -70.507 -0.075 0.000 0.174 0.982
23.761 -453.362 -70.521 -0.076 0.000 0.178 0.981
23.718 -453.249 -70.540 -0.078 0.000 0.182 0.980
23.668 -453.121 -70.562 -0.080 0.000 0.186 0.979
23.628 -453.021 -70.579 -0.081 0.000 0.190 0.978
23.582 -452.910 -70.598 -0.082 0.000 0.194 0.978
23.550 -452.833 -70.612 -0.083 0.000 0.196 0.977
23.503 -452.723 -70.632 -0.085 0.000 0.200 0.976
23.448 -452.598 -70.655 -0.088 0.000 0.205 0.975
23.403 -452.497 -70.675 -0.090 0.000 0.209 0.974
23.379 -452.445 -70.685 -0.091 0.000 0.211 0.973
23.332 -452.345 -70.705 -0.092 0.000 0.215 0.972
23.288 -452.250 -70.724 -0.094 0.000 0.218 0.971
23.217 -452.105 -70.755 -0.096 0.000 0.223 0.970
23.184 -452.037 -70.769 -0.097 0.000 0.225 0.969
23.140 -451.949 -70.788 -0.099 0.000 0.228 0.969
23.067 -451.806 -70.820 -0.102 0.000 0.233 0.967
23.017 -451.710 -70.842 -0.103 0.000 0.236 0.966
22.963 -451.609 -70.865 -0.104 0.000 0.240 0.965
22.917 -451.523 -70.886 -0.106 0.000 0.243 0.964
22.863 -451.426 -70.909 -0.108 0.000 0.246 0.963
22.819 -451.346 -70.929 -0.110 0.000 0.250 0.962
22.781 -451.280 -70.945 -0.111 0.000 0.252 0.961
22.730 -451.192 -70.967 -0.112 0.000 0.255 0.960
22.707 -451.152 -70.978 -0.112 0.000 0.257 0.960
22.653 -451.061 -71.001 -0.114 0.000 0.260 0.959
22.615 -450.997 -71.018 -0.115 0.000 0.263 0.958
22.544 -450.881 -71.049 -0.117 0.000 0.267 0.956
22.505 -450.817 -71.066 -0.118 0.000 0.270 0.956
22.436 -450.708 -71.096 -0.120 0.000 0.274 0.954
22.393 -450.640 -71.115 -0.120 0.000 0.276 0.954
22.354 -450.580 -71.132 -0.121 0.000 0.278 0.953
22.297 -450.493 -71.157 -0.123 0.000 0.282 0.952
22.260 -450.438 -71.173 -0.124 0.000 0.283 0.951
22.221 -450.379 -71.191 -0.125 0.000 0.285 0.951
22.169 -450.303 -71.213 -0.126 0.000 0.287 0.950
22.116 -450.225 -71.236 -0.127 0.000 0.290 0.949
22.083 -450.177 -71.251 -0.128 0.000 0.292 0.948
22.011 -450.075 -71.282 -0.128 0.000 0.295 0.947
21.949 -449.987 -71.309 -0.129 0.000 0.298 0.946
21.893 -449.908 -71.333 -0.130 0.000 0.301 0.945
21.833 -449.826 -71.359 -0.131 0.000 0.304 0.944
21.743 -449.705 -71.398 -0.132 0.001 0.308 0.942
21.680 -449.622 -71.425 -0.133 0.001 0.311 0.941
21.610 -449.531 -71.454 -0.133 0.001 0.315 0.940
21.584 -449.497 -71.465 -0.133 0.001 0.316 0.939
21.524 -449.420 -71.490 -0.134 0.001 0.319 0.938
21.477 -449.360 -71.510 -0.134 0.002 0.321 0.938
21.411 -449.277 -71.538 -0.135 0.002 0.323 0.937
21.361 -449.216 -71.558 -0.135 0.002 0.324 0.936
21.313 -449.157 -71.578 -0.136 0.002 0.326 0.936
21.266 -449.099 -71.598 -0.137 0.002 0.328 0.935
21.203 -449.024 -71.624 -0.138 0.002 0.331 0.933
21.130 -448.937 -71.654 -0.138 0.002 0.334 0.932
21.082 -448.880 -71.674 -0.139 0.002 0.336 0.932
20.998 -448.782 -71.708 -0.139 0.003 0.339 0.931
20.930 -448.703 -71.736 -0.141 0.002 0.341 0.930
20.880 -448.646 -71.757 -0.142 0.002 0.343 0.929
20.814 -448.572 -71.784 -0.142 0.002 0.345 0.928
20.758 -448.509 -71.806 -0.142 0.003 0.347 0.927
20.677 -448.420 -71.839 -0.144 0.002 0.349 0.926
20.618 -448.355 -71.863 -0.145 0.003 0.351 0.925
20.539 -448.269 -71.895 -0.145 0.003 0.353 0.924
20.432 -448.154 -71.939 -0.147 0.003 0.357 0.922
20.330 -448.047 -71.981 -0.149 0.002 0.361 0.921
20.238 -447.952 -72.019 -0.151 0.002 0.364 0.919
20.186 -447.899 -72.040 -0.151 0.002 0.366 0.918
20.132 -447.844 -72.062 -0.152 0.002 0.368 0.917
20.083 -447.795 -72.082 -0.153 0.002 0.370 0.917
19.994 -447.705 -72.119 -0.154 0.002 0.372 0.915
19.916 -447.629 -72.151 -0.155 0.002 0.375 0.914
19.824 -447.539 -72.189 -0.155 0.003 0.378 0.913
19.761 -447.480 -72.214 -0.155 0.003 0.381 0.912
19.715 -447.436 -72.233 -0.156 0.003 0.382 0.911
19.599 -447.327 -72.280 -0.158 0.003 0.385 0.909
19.536 -447.268 -72.305 -0.158 0.003 0.387 0.908
19.458 -447.197 -72.337 -0.159 0.003 0.390 0.907
19.377 -447.124 -72.369 -0.160 0.003 0.392 0.906
19.297 -447.052 -72.402 -0.160 0.003 0.395 0.904
19.250 -447.011 -72.420 -0.161 0.003 0.397 0.904
19.214 -446.978 -72.435 -0.161 0.003 0.398 0.903
19.146 -446.920 -72.462 -0.162 0.003 0.399 0.902
19.071 -446.854 -72.492 -0.163 0.003 0.402 0.901
19.016 -446.808 -72.514 -0.163 0.004 0.403 0.900
18.924 -446.729 -72.551 -0.164 0.004 0.406 0.899
18.832 -446.652 -72.588 -0.165 0.004 0.409 0.897
18.735 -446.572 -72.626 -0.165 0.004 0.412 0.896
18.653 -446.505 -72.659 -0.166 0.004 0.413 0.895
18.595 -446.459 -72.682 -0.167 0.004 0.415 0.894
18.523 -446.401 -72.711 -0.168 0.004 0.417 0.893
18.420 -446.319 -72.752 -0.169 0.004 0.419 0.892
18.339 -446.256 -72.783 -0.169 0.004 0.422 0.891
18.271 -446.203 -72.810 -0.170 0.004 0.424 0.890
18.191 -446.141 -72.842 -0.170 0.005 0.426 0.888
18.135 -446.098 -72.864 -0.170 0.005 0.428 0.887
18.065 -446.046 -72.891 -0.171 0.005 0.430 0.886
17.996 -445.995 -72.918 -0.172 0.005 0.432 0.886
17.925 -445.942 -72.946 -0.173 0.005 0.434 0.884
17.850 -445.887 -72.976 -0.174 0.005 0.436 0.883
17.764 -445.825 -73.010 -0.175 0.005 0.438 0.882
17.678 -445.764 -73.044 -0.176 0.004 0.439 0.881
17.617 -445.720 -73.068 -0.176 0.004 0.441 0.880
17.542 -445.668 -73.097 -0.177 0.005 0.443 0.879
17.470 -445.618 -73.125 -0.177 0.005 0.445 0.878
17.404 -445.572 -73.151 -0.177 0.005 0.447 0.877
17.290 -445.495 -73.195 -0.178 0.005 0.449 0.875
17.233 -445.457 -73.218 -0.179 0.005 0.451 0.875
17.164 -445.411 -73.245 -0.179 0.005 0.452 0.874
17.076 -445.352 -73.279 -0.179 0.006 0.454 0.873
17.003 -445.305 -73.307 -0.180 0.006 0.456 0.872
16.935 -445.261 -73.333 -0.180 0.006 0.458 0.871
16.840 -445.199 -73.370 -0.180 0.006 0.459 0.870
16.778 -445.160 -73.393 -0.180 0.006 0.461 0.869
16.701 -445.111 -73.423 -0.181 0.006 0.462 0.868
16.661 -445.086 -73.438 -0.181 0.006 0.462 0.868
16.589 -445.040 -73.466 -0.181 0.006 0.463 0.867
16.488 -444.977 -73.505 -0.182 0.007 0.466 0.866
16.413 -444.931 -73.533 -0.182 0.007 0.467 0.865
16.331 -444.882 -73.564 -0.183 0.007 0.469 0.864
16.260 -444.838 -73.592 -0.183 0.007 0.469 0.864
16.183 -444.791 -73.621 -0.183 0.007 0.471 0.863
16.115 -444.751 -73.647 -0.184 0.007 0.472 0.862
16.050 -444.712 -73.672 -0.184 0.007 0.473 0.862
15.983 -444.673 -73.697 -0.184 0.007 0.475 0.861
15.925 -444.638 -73.719 -0.184 0.007 0.476 0.860
15.823 -444.579 -73.758 -0.185 0.007 0.477 0.859
15.718 -444.519 -73.797 -0.185 0.008 0.479 0.858
15.619 -444.462 -73.834 -0.186 0.008 0.481 0.857
15.528 -444.411 -73.868 -0.185 0.008 0.482 0.857
15.434 -444.359 -73.903 -0.185 0.008 0.483 0.856
15.346 -444.309 -73.936 -0.186 0.008 0.484 0.855
15.260 -444.262 -73.968 -0.186 0.008 0.485 0.855
15.147 -444.199 -74.010 -0.186 0.009 0.486 0.854
15.063 -444.153 -74.041 -0.185 0.009 0.487 0.854
14.969 -444.102 -74.076 -0.185 0.010 0.488 0.853
14.910 -444.070 -74.097 -0.184 0.010 0.489 0.853
14.779 -443.999 -74.145 -0.184 0.010 0.490 0.852
14.667 -443.939 -74.185 -0.183 0.011 0.491 0.852
14.593 -443.899 -74.212 -0.183 0.011 0.492 0.851
14.509 -443.854 -74.242 -0.183 0.012 0.493 0.851
14.409 -443.801 -74.277 -0.182 0.013 0.494 0.850
14.340 -443.765 -74.301 -0.182 0.013 0.495 0.850
14.271 -443.729 -74.325 -0.182 0.013 0.496 0.849
14.214 -443.699 -74.345 -0.182 0.013 0.496 0.849
14.119 -443.650 -74.378 -0.181 0.013 0.497 0.848
