24.700 -458.409 -70.112 -0.002 0.000 0.003 1.000
24.699 -458.342 -70.112 -0.002 0.000 0.005 1.000
24.698 -458.234 -70.113 -0.003 0.000 0.009 1.000
24.695 -458.117 -70.114 -0.005 0.000 0.013 1.000
24.694 -458.063 -70.114 -0.006 0.000 0.015 1.000
24.688 -457.897 -70.117 -0.008 0.000 0.020 1.000
24.684 -457.811 -70.118 -0.009 0.000 0.022 1.000
24.679 -457.695 -70.121 -0.010 0.000 0.027 1.000
24.671 -457.572 -70.123 -0.012 0.000 0.032 0.999
24.665 -457.479 -70.126 -0.014 0.000 0.035 0.999
24.656 -457.354 -70.129 -0.015 0.000 0.039 0.999
24.648 -457.255 -70.132 -0.016 0.000 0.043 0.999
24.639 -457.154 -70.136 -0.018 0.000 0.046 0.999
24.630 -457.061 -70.139 -0.019 0.000 0.049 0.999
24.623 -456.996 -70.142 -0.020 0.000 0.051 0.998
24.610 -456.874 -70.147 -0.022 0.000 0.055 0.998
24.598 -456.769 -70.152 -0.023 0.000 0.059 0.998
24.582 -456.640 -70.158 -0.025 0.000 0.064 0.998
24.572 -456.566 -70.162 -0.026 0.000 0.067 0.997
24.554 -456.436 -70.169 -0.028 0.000 0.071 0.997
24.535 -456.304 -70.177 -0.031 0.000 0.076 0.997
24.520 -456.210 -70.182 -0.032 0.000 0.079 0.996
24.506 -456.122 -70.188 -0.033 0.000 0.082 0.996
24.492 -456.041 -70.194 -0.034 0.000 0.085 0.996
24.466 -455.899 -70.204 -0.036 0.000 0.091 0.995
24.439 -455.756 -70.215 -0.039 0.000 0.096 0.995
24.411 -455.614 -70.226 -0.041 0.000 0.100 0.994
24.391 -455.520 -70.234 -0.042 0.000 0.104 0.994
24.369 -455.416 -70.243 -0.043 0.000 0.107 0.993
24.341 -455.291 -70.254 -0.045 0.000 0.111 0.993
24.322 -455.206 -70.262 -0.047 0.000 0.114 0.992
24.303 -455.126 -70.270 -0.047 0.000 0.116 0.992
24.277 -455.021 -70.281 -0.049 0.000 0.120 0.992
24.257 -454.940 -70.289 -0.050 0.000 0.122 0.991
24.232 -454.842 -70.299 -0.052 0.000 0.126 0.991
24.197 -454.710 -70.313 -0.053 0.000 0.131 0.990
24.177 -454.635 -70.322 -0.054 0.000 0.133 0.990
24.156 -454.561 -70.330 -0.055 0.000 0.136 0.989
24.127 -454.459 -70.342 -0.057 0.000 0.140 0.989
24.106 -454.388 -70.351 -0.058 0.000 0.142 0.988
24.085 -454.316 -70.359 -0.059 0.000 0.145 0.988
24.055 -454.219 -70.372 -0.061 0.000 0.149 0.987
24.027 -454.128 -70.383 -0.062 0.000 0.152 0.986
23.998 -454.038 -70.395 -0.064 0.000 0.155 0.986
23.971 -453.955 -70.406 -0.065 0.000 0.158 0.985
23.946 -453.881 -70.416 -0.066 0.000 0.160 0.985
23.905 -453.760 -70.434 -0.069 0.000 0.163 0.984
23.862 -453.636 -70.452 -0.071 -0.001 0.167 0.983
23.842 -453.580 -70.460 -0.072 -0.001 0.169 0.983
23.796 -453.451 -70.480 -0.073 -0.001 0.172 0.982
23.757 -453.347 -70.496 -0.075 -0.001 0.176 0.982
23.718 -453.241 -70.513 -0.077 -0.001 0.180 0.981
23.676 -453.135 -70.531 -0.079 -0.001 0.184 0.980
23.655 -453.080 -70.541 -0.080 -0.001 0.186 0.979
23.619 -452.991 -70.556 -0.082 -0.001 0.189 0.979
23.584 -452.905 -70.571 -0.083 -0.001 0.192 0.978
23.533 -452.782 -70.593 -0.086 -0.001 0.196 0.977
23.496 -452.695 -70.610 -0.088 -0.001 0.199 0.976
23.465 -452.623 -70.624 -0.089 -0.001 0.202 0.975
23.422 -452.526 -70.642 -0.090 -0.001 0.206 0.974
23.381 -452.436 -70.660 -0.091 -0.001 0.209 0.974
23.336 -452.337 -70.680 -0.093 -0.001 0.213 0.973
23.280 -452.218 -70.705 -0.094 -0.001 0.218 0.971
23.250 -452.156 -70.717 -0.095 -0.001 0.220 0.971
23.210 -452.074 -70.735 -0.096 -0.001 0.223 0.970
23.157 -451.967 -70.757 -0.097 -0.001 0.227 0.969
23.120 -451.893 -70.773 -0.098 0.000 0.230 0.968
23.080 -451.814 -70.791 -0.099 0.000 0.232 0.968
23.035 -451.727 -70.810 -0.100 0.000 0.234 0.967
22.991 -451.643 -70.829 -0.101 0.000 0.237 0.966
22.937 -451.543 -70.851 -0.102 0.000 0.240 0.965
22.892 -451.460 -70.871 -0.103 0.000 0.243 0.965
22.849 -451.382 -70.889 -0.104 0.000 0.245 0.964
22.792 -451.278 -70.913 -0.106 0.000 0.250 0.962
22.726 -451.162 -70.942 -0.108 0.000 0.255 0.961
22.673 -451.072 -70.964 -0.110 0.000 0.258 0.960
22.618 -450.978 -70.988 -0.110 0.000 0.261 0.959
22.557 -450.878 -71.013 -0.112 0.000 0.265 0.958
22.502 -450.788 -71.036 -0.113 0.000 0.268 0.957
22.443 -450.693 -71.061 -0.115 0.000 0.271 0.956
22.397 -450.619 -71.081 -0.116 0.000 0.274 0.955
22.339 -450.528 -71.106 -0.118 0.000 0.277 0.954
22.292 -450.456 -71.126 -0.119 0.000 0.280 0.953
22.241 -450.378 -71.147 -0.120 0.000 0.282 0.952
22.176 -450.280 -71.175 -0.121 0.000 0.286 0.951
22.109 -450.182 -71.203 -0.122 0.000 0.289 0.950
22.058 -450.108 -71.225 -0.123 0.000 0.292 0.949
22.006 -450.033 -71.246 -0.124 0.000 0.295 0.948
21.936 -449.934 -71.276 -0.125 0.000 0.298 0.946
21.902 -449.886 -71.290 -0.126 0.000 0.300 0.946
21.835 -449.794 -71.318 -0.127 0.000 0.304 0.944
21.777 -449.716 -71.342 -0.129 0.000 0.306 0.943
21.700 -449.613 -71.374 -0.129 0.001 0.311 0.942
21.655 -449.553 -71.393 -0.130 0.001 0.313 0.941
21.575 -449.449 -71.426 -0.132 0.000 0.316 0.940
21.506 -449.361 -71.455 -0.133 0.000 0.319 0.938
21.438 -449.275 -71.483 -0.134 0.000 0.322 0.937
21.380 -449.203 -71.508 -0.136 0.000 0.325 0.936
21.296 -449.101 -71.543 -0.137 0.000 0.328 0.935
21.225 -449.014 -71.572 -0.139 0.000 0.332 0.933
21.140 -448.915 -71.607 -0.139 0.001 0.336 0.931
21.097 -448.864 -71.625 -0.140 0.001 0.338 0.931
21.019 -448.775 -71.657 -0.141 0.001 0.341 0.929
20.944 -448.689 -71.688 -0.142 0.001 0.345 0.928
20.860 -448.595 -71.723 -0.143 0.001 0.348 0.926
20.786 -448.514 -71.753 -0.144 0.001 0.351 0.925
20.729 -448.451 -71.777 -0.146 0.001 0.353 0.924
20.668 -448.386 -71.802 -0.146 0.001 0.356 0.923
20.606 -448.320 -71.827 -0.147 0.001 0.359 0.922
20.567 -448.278 -71.843 -0.147 0.001 0.360 0.921
20.513 -448.222 -71.865 -0.148 0.002 0.363 0.920
20.474 -448.182 -71.881 -0.149 0.001 0.364 0.919
20.405 -448.111 -71.909 -0.150 0.001 0.367 0.918
20.318 -448.023 -71.944 -0.151 0.001 0.369 0.917
20.258 -447.963 -71.969 -0.152 0.001 0.372 0.916
20.187 -447.893 -71.998 -0.153 0.002 0.374 0.915
20.121 -447.828 -72.024 -0.154 0.001 0.376 0.914
20.065 -447.773 -72.047 -0.155 0.001 0.378 0.913
19.994 -447.706 -72.076 -0.155 0.002 0.380 0.912
19.934 -447.649 -72.100 -0.155 0.002 0.382 0.911
19.852 -447.571 -72.133 -0.155 0.002 0.383 0.910
19.780 -447.503 -72.162 -0.155 0.002 0.385 0.910
19.673 -447.404 -72.205 -0.157 0.002 0.388 0.908
19.611 -447.347 -72.230 -0.159 0.002 0.391 0.907
19.499 -447.246 -72.275 -0.160 0.002 0.395 0.905
19.421 -447.177 -72.307 -0.161 0.002 0.397 0.904
19.339 -447.105 -72.339 -0.162 0.002 0.399 0.902
19.248 -447.026 -72.376 -0.163 0.002 0.402 0.901
19.159 -446.950 -72.412 -0.163 0.002 0.403 0.900
19.101 -446.901 -72.435 -0.164 0.002 0.405 0.899
19.009 -446.823 -72.473 -0.166 0.002 0.408 0.898
18.929 -446.757 -72.505 -0.166 0.002 0.410 0.897
18.862 -446.701 -72.532 -0.166 0.002 0.412 0.896
18.774 -446.630 -72.567 -0.167 0.002 0.414 0.895
18.696 -446.567 -72.599 -0.168 0.003 0.417 0.893
18.620 -446.506 -72.629 -0.168 0.003 0.419 0.892
18.546 -446.448 -72.658 -0.169 0.002 0.421 0.891
18.467 -446.386 -72.690 -0.170 0.003 0.423 0.890
18.411 -446.343 -72.712 -0.171 0.002 0.424 0.889
18.354 -446.299 -72.735 -0.171 0.003 0.426 0.888
18.256 -446.225 -72.774 -0.173 0.002 0.429 0.887
18.209 -446.190 -72.793 -0.173 0.002 0.430 0.886
18.117 -446.122 -72.830 -0.173 0.003 0.433 0.885
18.044 -446.069 -72.858 -0.174 0.003 0.435 0.883
17.966 -446.011 -72.889 -0.175 0.003 0.438 0.882
17.909 -445.971 -72.912 -0.175 0.003 0.439 0.881
17.808 -445.899 -72.951 -0.176 0.003 0.442 0.880
17.740 -445.852 -72.978 -0.176 0.003 0.443 0.879
17.674 -445.805 -73.004 -0.177 0.003 0.445 0.878
17.581 -445.742 -73.041 -0.179 0.003 0.447 0.876
17.497 -445.684 -73.074 -0.179 0.003 0.449 0.875
17.377 -445.604 -73.121 -0.179 0.004 0.452 0.874
17.276 -445.537 -73.161 -0.180 0.004 0.453 0.873
17.197 -445.485 -73.192 -0.180 0.004 0.455 0.872
17.118 -445.434 -73.222 -0.181 0.004 0.457 0.871
17.042 -445.385 -73.252 -0.181 0.004 0.459 0.870
16.981 -445.346 -73.275 -0.181 0.005 0.461 0.869
16.903 -445.297 -73.306 -0.181 0.005 0.462 0.868
16.833 -445.253 -73.333 -0.182 0.005 0.463 0.867
16.769 -445.213 -73.357 -0.182 0.005 0.465 0.866
16.670 -445.151 -73.396 -0.183 0.005 0.466 0.865
16.582 -445.098 -73.429 -0.183 0.005 0.468 0.865
16.491 -445.042 -73.465 -0.185 0.004 0.470 0.863
16.383 -444.977 -73.506 -0.185 0.005 0.472 0.862
16.262 -444.906 -73.553 -0.186 0.005 0.475 0.860
16.205 -444.872 -73.575 -0.186 0.005 0.476 0.860
16.097 -444.809 -73.617 -0.186 0.005 0.478 0.859
16.016 -444.763 -73.648 -0.187 0.005 0.479 0.858
15.916 -444.706 -73.686 -0.188 0.005 0.481 0.856
15.826 -444.655 -73.720 -0.188 0.005 0.482 0.856
15.723 -444.598 -73.760 -0.188 0.005 0.483 0.855
15.680 -444.574 -73.776 -0.188 0.005 0.483 0.855
15.604 -444.531 -73.805 -0.188 0.005 0.484 0.854
15.540 -444.496 -73.830 -0.188 0.006 0.485 0.854
15.461 -444.452 -73.860 -0.189 0.006 0.485 0.854
15.381 -444.408 -73.890 -0.189 0.006 0.486 0.853
15.298 -444.363 -73.922 -0.188 0.006 0.488 0.852
15.198 -444.309 -73.959 -0.188 0.007 0.489 0.852
15.134 -444.274 -73.984 -0.188 0.007 0.490 0.851
15.043 -444.226 -74.018 -0.188 0.007 0.491 0.851
14.962 -444.183 -74.048 -0.188 0.007 0.493 0.850
14.895 -444.148 -74.073 -0.188 0.007 0.494 0.849
14.822 -444.109 -74.100 -0.189 0.008 0.495 0.848
14.697 -444.044 -74.146 -0.188 0.008 0.496 0.848
14.624 -444.007 -74.173 -0.188 0.008 0.497 0.847
14.538 -443.963 -74.204 -0.188 0.009 0.498 0.847
14.415 -443.900 -74.249 -0.188 0.009 0.499 0.846
14.341 -443.862 -74.276 -0.188 0.009 0.500 0.846
14.237 -443.810 -74.314 -0.187 0.010 0.500 0.845
14.124 -443.753 -74.355 -0.187 0.010 0.501 0.845
