24.699 -458.384 -70.112 -0.002 0.000 0.005 1.000
24.698 -458.288 -70.113 -0.003 0.000 0.008 1.000
24.697 -458.215 -70.113 -0.004 0.000 0.011 1.000
24.694 -458.091 -70.114 -0.005 0.000 0.015 1.000
24.690 -457.977 -70.116 -0.007 0.000 0.019 1.000
24.683 -457.828 -70.118 -0.009 0.000 0.025 1.000
24.674 -457.661 -70.121 -0.011 0.000 0.031 0.999
24.664 -457.523 -70.125 -0.013 0.000 0.036 0.999
24.656 -457.407 -70.128 -0.015 0.000 0.039 0.999
24.648 -457.312 -70.131 -0.017 0.000 0.043 0.999
24.640 -457.225 -70.134 -0.018 0.000 0.046 0.999
24.625 -457.072 -70.140 -0.021 0.000 0.051 0.998
24.617 -456.997 -70.143 -0.022 0.000 0.054 0.998
24.605 -456.894 -70.148 -0.024 0.000 0.058 0.998
24.595 -456.809 -70.152 -0.025 0.000 0.061 0.998
24.577 -456.668 -70.159 -0.027 0.000 0.066 0.997
24.563 -456.564 -70.165 -0.028 0.000 0.070 0.997
24.545 -456.440 -70.172 -0.030 0.000 0.075 0.997
24.536 -456.384 -70.176 -0.031 0.000 0.077 0.997
24.529 -456.337 -70.179 -0.032 0.000 0.078 0.996
24.503 -456.181 -70.189 -0.034 0.000 0.084 0.996
24.487 -456.085 -70.196 -0.035 0.000 0.087 0.996
24.465 -455.968 -70.204 -0.037 0.000 0.092 0.995
24.452 -455.897 -70.210 -0.038 0.000 0.095 0.995
24.423 -455.750 -70.221 -0.040 0.000 0.101 0.994
24.400 -455.641 -70.230 -0.041 0.000 0.104 0.994
24.377 -455.536 -70.239 -0.042 0.000 0.107 0.993
24.354 -455.433 -70.248 -0.044 0.000 0.111 0.993
24.332 -455.333 -70.257 -0.045 0.000 0.114 0.992
24.301 -455.205 -70.269 -0.046 0.000 0.119 0.992
24.280 -455.119 -70.278 -0.048 0.000 0.121 0.991
24.255 -455.022 -70.287 -0.049 0.000 0.125 0.991
24.238 -454.955 -70.294 -0.050 0.000 0.127 0.991
24.204 -454.828 -70.307 -0.051 0.000 0.131 0.990
24.185 -454.760 -70.315 -0.052 0.000 0.134 0.990
24.161 -454.671 -70.325 -0.054 0.000 0.137 0.989
24.138 -454.591 -70.333 -0.055 0.000 0.140 0.989
24.113 -454.506 -70.343 -0.056 0.000 0.142 0.988
24.079 -454.393 -70.357 -0.058 0.000 0.146 0.988
24.042 -454.272 -70.372 -0.060 0.000 0.150 0.987
24.004 -454.155 -70.386 -0.062 0.000 0.154 0.986
23.976 -454.068 -70.398 -0.064 0.000 0.157 0.986
23.940 -453.958 -70.413 -0.066 0.000 0.161 0.985
23.912 -453.876 -70.424 -0.067 0.000 0.164 0.984
23.875 -453.770 -70.439 -0.069 0.000 0.168 0.983
23.850 -453.700 -70.450 -0.070 0.000 0.170 0.983
23.813 -453.599 -70.465 -0.072 0.000 0.174 0.982
23.776 -453.498 -70.480 -0.073 0.000 0.178 0.981
23.753 -453.439 -70.489 -0.074 0.000 0.180 0.981
23.711 -453.330 -70.506 -0.076 0.000 0.184 0.980
23.679 -453.249 -70.520 -0.077 0.000 0.187 0.979
23.655 -453.188 -70.530 -0.078 0.000 0.190 0.979
23.617 -453.096 -70.545 -0.079 0.000 0.193 0.978
23.576 -452.998 -70.562 -0.081 -0.001 0.196 0.977
23.535 -452.900 -70.579 -0.083 -0.001 0.200 0.976
23.481 -452.778 -70.602 -0.086 -0.001 0.204 0.975
23.438 -452.682 -70.620 -0.087 -0.001 0.207 0.974
23.393 -452.582 -70.639 -0.089 -0.001 0.211 0.973
23.346 -452.481 -70.659 -0.090 -0.001 0.214 0.973
23.297 -452.376 -70.680 -0.092 -0.001 0.218 0.972
23.267 -452.315 -70.692 -0.093 -0.001 0.221 0.971
23.240 -452.260 -70.703 -0.093 -0.001 0.223 0.970
23.203 -452.183 -70.719 -0.094 -0.001 0.226 0.970
23.176 -452.130 -70.730 -0.095 -0.001 0.227 0.969
23.145 -452.068 -70.743 -0.095 0.000 0.229 0.969
23.089 -451.959 -70.767 -0.097 -0.001 0.232 0.968
23.044 -451.872 -70.785 -0.098 0.000 0.235 0.967
22.989 -451.767 -70.808 -0.099 0.000 0.239 0.966
22.942 -451.680 -70.828 -0.100 0.000 0.240 0.966
22.874 -451.553 -70.856 -0.101 -0.001 0.244 0.965
22.806 -451.432 -70.884 -0.103 0.000 0.249 0.963
22.747 -451.328 -70.908 -0.105 0.000 0.252 0.962
22.704 -451.252 -70.927 -0.106 -0.001 0.255 0.961
22.630 -451.126 -70.957 -0.108 -0.001 0.260 0.960
22.580 -451.043 -70.978 -0.110 -0.001 0.263 0.959
22.516 -450.937 -71.005 -0.111 -0.001 0.267 0.957
22.483 -450.883 -71.019 -0.112 0.000 0.269 0.957
22.423 -450.787 -71.044 -0.113 -0.001 0.272 0.956
22.378 -450.717 -71.062 -0.114 -0.001 0.274 0.955
22.310 -450.611 -71.091 -0.115 0.000 0.278 0.954
22.240 -450.503 -71.120 -0.117 0.000 0.283 0.952
22.201 -450.445 -71.136 -0.118 0.000 0.285 0.951
22.154 -450.375 -71.155 -0.118 0.000 0.288 0.950
22.104 -450.302 -71.176 -0.119 0.000 0.290 0.949
22.045 -450.217 -71.200 -0.121 0.000 0.293 0.948
21.977 -450.120 -71.228 -0.122 0.000 0.297 0.947
21.932 -450.057 -71.247 -0.124 0.000 0.299 0.946
21.876 -449.980 -71.270 -0.125 0.000 0.302 0.945
21.817 -449.899 -71.294 -0.126 0.000 0.305 0.944
21.791 -449.864 -71.305 -0.127 0.000 0.307 0.943
21.737 -449.791 -71.327 -0.128 0.000 0.309 0.942
21.689 -449.727 -71.347 -0.129 0.000 0.311 0.942
21.620 -449.636 -71.376 -0.129 0.000 0.313 0.941
21.563 -449.562 -71.399 -0.131 0.000 0.315 0.940
21.503 -449.484 -71.424 -0.131 0.000 0.316 0.940
21.430 -449.391 -71.454 -0.132 0.000 0.319 0.938
21.360 -449.303 -71.483 -0.134 -0.001 0.322 0.937
21.294 -449.221 -71.511 -0.135 -0.001 0.325 0.936
21.212 -449.120 -71.545 -0.138 -0.001 0.329 0.934
21.133 -449.025 -71.578 -0.139 -0.001 0.333 0.933
21.090 -448.974 -71.596 -0.140 -0.001 0.335 0.932
21.037 -448.912 -71.618 -0.141 -0.001 0.337 0.931
20.970 -448.834 -71.646 -0.142 -0.001 0.340 0.930
20.902 -448.757 -71.675 -0.143 -0.001 0.343 0.928
20.851 -448.699 -71.696 -0.143 -0.001 0.345 0.928
20.802 -448.644 -71.717 -0.144 0.000 0.347 0.927
20.713 -448.546 -71.754 -0.146 0.000 0.351 0.925
20.646 -448.472 -71.781 -0.146 0.000 0.354 0.924
20.583 -448.405 -71.807 -0.147 0.000 0.357 0.923
20.540 -448.360 -71.825 -0.147 0.000 0.358 0.922
20.476 -448.292 -71.851 -0.148 0.000 0.361 0.921
20.416 -448.230 -71.876 -0.149 0.000 0.363 0.920
20.321 -448.132 -71.915 -0.150 0.000 0.366 0.919
20.249 -448.059 -71.944 -0.151 0.000 0.367 0.918
20.186 -447.995 -71.970 -0.152 0.000 0.369 0.917
20.103 -447.912 -72.004 -0.152 0.000 0.372 0.916
20.057 -447.867 -72.023 -0.152 0.001 0.373 0.915
19.952 -447.764 -72.066 -0.153 0.001 0.377 0.913
19.873 -447.688 -72.097 -0.153 0.001 0.380 0.912
19.833 -447.649 -72.114 -0.154 0.001 0.382 0.911
19.769 -447.589 -72.139 -0.155 0.001 0.384 0.910
19.683 -447.509 -72.174 -0.156 0.001 0.388 0.909
19.616 -447.447 -72.201 -0.156 0.002 0.390 0.907
19.549 -447.387 -72.227 -0.156 0.002 0.392 0.907
19.461 -447.308 -72.262 -0.157 0.002 0.395 0.905
19.376 -447.233 -72.295 -0.158 0.003 0.399 0.904
19.293 -447.160 -72.328 -0.158 0.003 0.400 0.903
19.229 -447.104 -72.353 -0.158 0.003 0.402 0.902
19.168 -447.053 -72.376 -0.158 0.003 0.404 0.901
19.128 -447.018 -72.392 -0.159 0.003 0.405 0.900
19.080 -446.977 -72.411 -0.159 0.003 0.406 0.900
19.006 -446.915 -72.439 -0.160 0.003 0.408 0.899
18.915 -446.840 -72.474 -0.161 0.003 0.411 0.897
18.813 -446.756 -72.514 -0.162 0.003 0.414 0.896
18.742 -446.698 -72.541 -0.163 0.003 0.416 0.895
18.647 -446.622 -72.578 -0.164 0.003 0.419 0.893
18.543 -446.540 -72.618 -0.164 0.004 0.422 0.892
18.492 -446.501 -72.638 -0.165 0.004 0.423 0.891
18.411 -446.438 -72.669 -0.166 0.004 0.425 0.890
18.327 -446.374 -72.701 -0.167 0.004 0.429 0.888
18.244 -446.311 -72.733 -0.167 0.004 0.431 0.887
18.172 -446.258 -72.761 -0.168 0.004 0.433 0.886
18.103 -446.207 -72.787 -0.168 0.004 0.435 0.885
18.028 -446.152 -72.816 -0.169 0.004 0.437 0.883
17.922 -446.076 -72.856 -0.169 0.005 0.440 0.882
17.853 -446.026 -72.882 -0.169 0.005 0.442 0.881
17.781 -445.976 -72.909 -0.170 0.005 0.445 0.879
17.669 -445.899 -72.951 -0.171 0.005 0.449 0.877
17.581 -445.840 -72.984 -0.172 0.005 0.451 0.876
17.508 -445.790 -73.011 -0.173 0.005 0.453 0.874
17.437 -445.743 -73.038 -0.173 0.005 0.455 0.874
17.366 -445.697 -73.065 -0.174 0.005 0.457 0.872
17.277 -445.639 -73.098 -0.175 0.005 0.459 0.871
17.182 -445.578 -73.133 -0.175 0.006 0.461 0.870
17.044 -445.490 -73.185 -0.177 0.005 0.464 0.868
16.942 -445.427 -73.223 -0.178 0.005 0.466 0.866
16.828 -445.357 -73.266 -0.179 0.005 0.469 0.865
16.748 -445.308 -73.295 -0.179 0.006 0.471 0.864
16.679 -445.267 -73.321 -0.179 0.006 0.473 0.863
16.591 -445.214 -73.354 -0.180 0.006 0.475 0.862
16.529 -445.178 -73.377 -0.181 0.006 0.476 0.861
16.462 -445.139 -73.402 -0.181 0.006 0.478 0.860
16.388 -445.097 -73.429 -0.181 0.006 0.479 0.859
16.298 -445.044 -73.463 -0.182 0.006 0.481 0.858
16.223 -445.002 -73.490 -0.182 0.006 0.483 0.857
16.117 -444.943 -73.529 -0.183 0.006 0.485 0.855
16.042 -444.902 -73.557 -0.183 0.007 0.486 0.854
15.959 -444.856 -73.587 -0.183 0.007 0.488 0.853
15.913 -444.831 -73.604 -0.183 0.007 0.489 0.853
15.812 -444.776 -73.641 -0.184 0.007 0.491 0.852
15.700 -444.717 -73.682 -0.184 0.007 0.493 0.851
15.619 -444.674 -73.711 -0.185 0.007 0.493 0.850
15.503 -444.612 -73.754 -0.185 0.007 0.494 0.849
15.437 -444.578 -73.778 -0.185 0.007 0.495 0.849
15.357 -444.536 -73.807 -0.185 0.007 0.496 0.848
15.286 -444.499 -73.832 -0.185 0.007 0.497 0.848
15.192 -444.451 -73.867 -0.186 0.007 0.498 0.847
15.109 -444.408 -73.897 -0.186 0.007 0.499 0.847
15.059 -444.382 -73.915 -0.186 0.007 0.499 0.846
14.968 -444.336 -73.948 -0.186 0.008 0.500 0.846
14.892 -444.298 -73.976 -0.186 0.008 0.501 0.845
14.813 -444.258 -74.004 -0.186 0.008 0.502 0.845
14.738 -444.220 -74.031 -0.187 0.008 0.502 0.844
14.651 -444.177 -74.062 -0.187 0.008 0.504 0.843
14.539 -444.122 -74.102 -0.186 0.009 0.506 0.842
14.439 -444.073 -74.138 -0.185 0.009 0.506 0.842
14.329 -444.019 -74.177 -0.185 0.010 0.507 0.842
14.223 -443.967 -74.214 -0.185 0.010 0.507 0.842
14.107 -443.912 -74.255 -0.185 0.010 0.509 0.841
