24.700 -458.400 -70.112 -0.001 0.000 0.004 1.000
24.699 -458.343 -70.112 -0.002 0.000 0.006 1.000
24.697 -458.239 -70.113 -0.004 0.000 0.010 1.000
24.695 -458.128 -70.114 -0.006 0.000 0.014 1.000
24.690 -457.985 -70.116 -0.009 0.000 0.019 1.000
24.687 -457.917 -70.117 -0.009 0.000 0.022 1.000
24.683 -457.836 -70.119 -0.011 0.000 0.025 1.000
24.679 -457.747 -70.121 -0.012 0.000 0.028 1.000
24.675 -457.690 -70.123 -0.013 0.000 0.030 0.999
24.668 -457.577 -70.126 -0.015 0.000 0.035 0.999
24.661 -457.479 -70.129 -0.016 0.000 0.038 0.999
24.650 -457.351 -70.133 -0.018 0.000 0.042 0.999
24.639 -457.226 -70.138 -0.019 0.000 0.047 0.999
24.628 -457.110 -70.142 -0.021 0.000 0.050 0.999
24.618 -457.018 -70.146 -0.022 0.000 0.054 0.998
24.606 -456.912 -70.151 -0.024 0.000 0.057 0.998
24.594 -456.810 -70.156 -0.025 0.000 0.061 0.998
24.581 -456.707 -70.161 -0.027 0.000 0.065 0.998
24.565 -456.588 -70.168 -0.029 0.000 0.068 0.997
24.551 -456.489 -70.174 -0.031 0.000 0.072 0.997
24.532 -456.360 -70.183 -0.033 0.000 0.076 0.997
24.513 -456.237 -70.191 -0.034 0.000 0.080 0.996
24.502 -456.174 -70.195 -0.035 0.000 0.082 0.996
24.489 -456.094 -70.201 -0.036 0.000 0.085 0.996
24.468 -455.974 -70.210 -0.037 0.000 0.089 0.995
24.443 -455.840 -70.221 -0.039 0.000 0.093 0.995
24.426 -455.754 -70.227 -0.040 0.000 0.096 0.995
24.405 -455.645 -70.237 -0.042 0.000 0.100 0.994
24.380 -455.527 -70.247 -0.043 0.000 0.104 0.994
24.358 -455.422 -70.256 -0.045 0.000 0.108 0.993
24.343 -455.357 -70.262 -0.046 0.000 0.110 0.993
24.326 -455.281 -70.270 -0.048 0.000 0.113 0.992
24.293 -455.141 -70.284 -0.051 0.000 0.118 0.992
24.268 -455.041 -70.294 -0.052 0.000 0.121 0.991
24.251 -454.972 -70.301 -0.053 0.000 0.123 0.991
24.230 -454.889 -70.311 -0.054 0.000 0.126 0.991
24.205 -454.796 -70.321 -0.056 0.000 0.129 0.990
24.180 -454.702 -70.332 -0.057 0.000 0.132 0.990
24.159 -454.628 -70.341 -0.058 0.000 0.134 0.989
24.131 -454.528 -70.353 -0.059 0.000 0.137 0.989
24.099 -454.416 -70.367 -0.061 0.000 0.141 0.988
24.066 -454.306 -70.381 -0.062 0.000 0.145 0.987
24.031 -454.191 -70.396 -0.063 0.000 0.150 0.987
23.999 -454.091 -70.409 -0.064 0.000 0.154 0.986
23.973 -454.009 -70.420 -0.066 0.000 0.156 0.986
23.935 -453.896 -70.436 -0.068 0.000 0.161 0.985
23.906 -453.810 -70.449 -0.069 0.000 0.163 0.984
23.879 -453.731 -70.460 -0.071 0.000 0.166 0.984
23.838 -453.617 -70.478 -0.073 0.000 0.170 0.983
23.804 -453.523 -70.492 -0.074 0.000 0.174 0.982
23.753 -453.386 -70.514 -0.076 0.000 0.179 0.981
23.714 -453.286 -70.530 -0.077 0.000 0.182 0.980
23.682 -453.203 -70.544 -0.078 0.000 0.185 0.980
23.654 -453.134 -70.556 -0.079 0.000 0.188 0.979
23.621 -453.050 -70.570 -0.080 0.000 0.191 0.978
23.579 -452.948 -70.587 -0.082 0.000 0.194 0.977
23.537 -452.849 -70.605 -0.084 0.000 0.198 0.977
23.510 -452.787 -70.616 -0.085 0.000 0.201 0.976
23.449 -452.649 -70.642 -0.087 0.000 0.205 0.975
23.404 -452.548 -70.661 -0.089 0.000 0.210 0.974
23.358 -452.448 -70.681 -0.091 0.000 0.213 0.973
23.316 -452.359 -70.699 -0.092 0.000 0.216 0.972
23.270 -452.263 -70.718 -0.093 0.000 0.220 0.971
23.219 -452.158 -70.740 -0.095 0.000 0.223 0.970
23.159 -452.036 -70.766 -0.098 0.000 0.228 0.969
23.115 -451.950 -70.785 -0.099 0.000 0.231 0.968
23.078 -451.877 -70.801 -0.101 -0.001 0.233 0.967
23.007 -451.743 -70.831 -0.103 0.000 0.238 0.966
22.937 -451.612 -70.862 -0.105 0.000 0.243 0.964
22.870 -451.491 -70.890 -0.105 0.000 0.247 0.963
22.823 -451.407 -70.910 -0.107 0.000 0.251 0.962
22.771 -451.317 -70.932 -0.108 0.000 0.254 0.961
22.724 -451.236 -70.952 -0.110 0.000 0.257 0.960
22.685 -451.169 -70.969 -0.111 0.000 0.259 0.959
22.633 -451.083 -70.991 -0.113 0.000 0.262 0.958
22.594 -451.018 -71.008 -0.113 0.000 0.264 0.958
22.522 -450.900 -71.039 -0.115 0.000 0.268 0.956
22.479 -450.831 -71.057 -0.116 0.000 0.270 0.956
22.429 -450.752 -71.079 -0.116 0.000 0.273 0.955
22.378 -450.671 -71.101 -0.117 0.000 0.276 0.954
22.309 -450.566 -71.130 -0.119 0.000 0.280 0.953
22.249 -450.474 -71.156 -0.121 0.000 0.283 0.951
22.182 -450.374 -71.184 -0.122 0.000 0.287 0.950
22.130 -450.299 -71.206 -0.124 0.000 0.290 0.949
22.063 -450.201 -71.235 -0.126 0.000 0.294 0.948
22.009 -450.125 -71.259 -0.127 0.000 0.297 0.946
21.924 -450.007 -71.295 -0.129 0.000 0.302 0.945
21.876 -449.941 -71.315 -0.129 0.000 0.304 0.944
21.818 -449.862 -71.340 -0.131 0.000 0.307 0.943
21.752 -449.775 -71.368 -0.132 0.000 0.310 0.942
21.701 -449.707 -71.390 -0.133 0.000 0.312 0.941
21.649 -449.639 -71.413 -0.135 0.000 0.315 0.940
21.578 -449.548 -71.443 -0.136 0.000 0.318 0.938
21.514 -449.467 -71.470 -0.136 0.000 0.320 0.937
21.434 -449.367 -71.504 -0.138 0.000 0.324 0.936
21.381 -449.301 -71.527 -0.138 0.000 0.326 0.935
21.307 -449.212 -71.558 -0.139 0.000 0.329 0.934
21.241 -449.133 -71.586 -0.140 0.001 0.333 0.933
21.168 -449.047 -71.616 -0.140 0.001 0.336 0.931
21.115 -448.985 -71.638 -0.142 0.001 0.338 0.930
21.047 -448.905 -71.667 -0.143 0.000 0.340 0.929
20.979 -448.828 -71.696 -0.145 0.000 0.343 0.928
20.911 -448.751 -71.724 -0.146 0.000 0.345 0.927
20.830 -448.661 -71.759 -0.147 0.000 0.349 0.926
20.757 -448.580 -71.790 -0.148 0.001 0.352 0.924
20.660 -448.476 -71.830 -0.150 0.001 0.356 0.922
20.580 -448.393 -71.864 -0.151 0.001 0.360 0.921
20.499 -448.307 -71.898 -0.153 0.000 0.362 0.919
20.415 -448.221 -71.933 -0.154 0.000 0.365 0.918
20.371 -448.176 -71.952 -0.154 0.001 0.366 0.918
20.306 -448.111 -71.979 -0.155 0.001 0.369 0.916
20.189 -447.994 -72.028 -0.156 0.001 0.373 0.915
20.140 -447.946 -72.049 -0.157 0.001 0.375 0.914
20.094 -447.900 -72.068 -0.157 0.001 0.376 0.913
20.031 -447.840 -72.094 -0.158 0.001 0.378 0.912
19.971 -447.782 -72.119 -0.159 0.001 0.381 0.911
19.899 -447.714 -72.149 -0.160 0.001 0.383 0.910
19.795 -447.617 -72.192 -0.161 0.001 0.386 0.908
19.711 -447.539 -72.227 -0.161 0.002 0.388 0.907
19.622 -447.459 -72.264 -0.162 0.002 0.391 0.906
19.559 -447.402 -72.290 -0.162 0.002 0.393 0.905
19.460 -447.314 -72.331 -0.164 0.002 0.396 0.904
19.412 -447.272 -72.350 -0.165 0.002 0.397 0.903
19.349 -447.217 -72.376 -0.166 0.002 0.400 0.901
19.221 -447.107 -72.429 -0.167 0.002 0.405 0.899
19.162 -447.057 -72.453 -0.168 0.002 0.407 0.898
19.072 -446.983 -72.489 -0.168 0.002 0.409 0.897
18.995 -446.919 -72.521 -0.169 0.002 0.411 0.896
18.946 -446.879 -72.541 -0.169 0.002 0.412 0.895
18.882 -446.827 -72.567 -0.169 0.002 0.414 0.894
18.839 -446.791 -72.585 -0.170 0.002 0.415 0.894
18.783 -446.747 -72.607 -0.171 0.002 0.417 0.893
18.695 -446.677 -72.643 -0.171 0.003 0.419 0.892
18.632 -446.628 -72.669 -0.172 0.003 0.420 0.891
18.567 -446.577 -72.695 -0.173 0.002 0.422 0.890
18.506 -446.530 -72.720 -0.173 0.003 0.423 0.889
18.442 -446.481 -72.745 -0.174 0.003 0.426 0.888
18.332 -446.397 -72.790 -0.174 0.003 0.428 0.887
18.240 -446.328 -72.827 -0.175 0.003 0.431 0.885
18.177 -446.282 -72.852 -0.176 0.003 0.433 0.884
18.095 -446.222 -72.885 -0.176 0.003 0.435 0.883
18.032 -446.176 -72.911 -0.177 0.003 0.437 0.882
17.982 -446.141 -72.930 -0.178 0.003 0.438 0.881
17.884 -446.071 -72.970 -0.179 0.003 0.440 0.880
17.754 -445.981 -73.022 -0.180 0.003 0.444 0.878
17.658 -445.914 -73.061 -0.181 0.003 0.446 0.877
17.567 -445.853 -73.097 -0.182 0.003 0.448 0.875
17.500 -445.807 -73.124 -0.182 0.003 0.450 0.874
17.399 -445.739 -73.165 -0.183 0.003 0.453 0.872
17.300 -445.675 -73.204 -0.185 0.003 0.456 0.871
17.201 -445.611 -73.244 -0.186 0.003 0.458 0.870
17.142 -445.573 -73.268 -0.186 0.003 0.459 0.869
17.086 -445.537 -73.290 -0.186 0.003 0.461 0.868
17.006 -445.487 -73.322 -0.187 0.004 0.463 0.866
16.920 -445.434 -73.356 -0.187 0.004 0.465 0.865
16.803 -445.361 -73.403 -0.187 0.004 0.467 0.864
16.725 -445.314 -73.434 -0.188 0.004 0.469 0.863
16.627 -445.256 -73.472 -0.188 0.005 0.471 0.862
16.572 -445.223 -73.494 -0.188 0.005 0.472 0.861
16.521 -445.193 -73.514 -0.188 0.005 0.473 0.861
16.440 -445.145 -73.546 -0.188 0.006 0.475 0.860
16.354 -445.095 -73.579 -0.189 0.006 0.476 0.859
16.250 -445.035 -73.619 -0.189 0.006 0.478 0.858
16.159 -444.984 -73.654 -0.190 0.005 0.480 0.856
16.072 -444.935 -73.688 -0.191 0.006 0.482 0.855
15.961 -444.873 -73.731 -0.191 0.006 0.484 0.854
15.873 -444.824 -73.766 -0.192 0.006 0.485 0.853
15.764 -444.765 -73.808 -0.192 0.006 0.486 0.852
15.693 -444.727 -73.835 -0.192 0.006 0.488 0.851
15.607 -444.680 -73.868 -0.192 0.007 0.490 0.851
15.515 -444.631 -73.903 -0.192 0.007 0.491 0.850
15.441 -444.592 -73.931 -0.192 0.007 0.492 0.849
15.379 -444.559 -73.955 -0.192 0.007 0.493 0.849
15.280 -444.508 -73.993 -0.192 0.007 0.493 0.848
15.191 -444.461 -74.026 -0.192 0.008 0.494 0.848
15.118 -444.423 -74.054 -0.192 0.008 0.495 0.848
15.044 -444.385 -74.082 -0.192 0.008 0.496 0.847
14.980 -444.352 -74.106 -0.192 0.008 0.497 0.847
14.897 -444.309 -74.137 -0.192 0.009 0.498 0.846
14.786 -444.253 -74.178 -0.192 0.009 0.499 0.845
14.724 -444.222 -74.201 -0.192 0.009 0.500 0.844
14.647 -444.183 -74.230 -0.191 0.010 0.501 0.844
14.556 -444.138 -74.263 -0.191 0.010 0.502 0.843
14.459 -444.089 -74.299 -0.191 0.010 0.503 0.843
14.308 -444.015 -74.354 -0.191 0.010 0.505 0.842
14.200 -443.963 -74.393 -0.192 0.010 0.506 0.841
14.086 -443.908 -74.435 -0.192 0.010 0.507 0.840
