21.500 -475.921 -70.112 -0.001 0.000 0.003 1.000
21.499 -475.801 -70.112 -0.003 0.000 0.007 1.000
21.497 -475.700 -70.113 -0.004 0.000 0.011 1.000
21.494 -475.592 -70.114 -0.004 0.000 0.015 1.000
21.491 -475.508 -70.115 -0.005 0.000 0.018 1.000
21.488 -475.414 -70.116 -0.006 0.000 0.021 1.000
21.484 -475.328 -70.117 -0.007 0.000 0.023 1.000
21.477 -475.187 -70.119 -0.008 0.000 0.028 1.000
21.471 -475.094 -70.121 -0.009 0.000 0.031 0.999
21.463 -474.971 -70.123 -0.012 0.000 0.034 0.999
21.455 -474.860 -70.126 -0.013 0.000 0.038 0.999
21.446 -474.742 -70.129 -0.015 0.000 0.042 0.999
21.435 -474.626 -70.133 -0.016 0.000 0.046 0.999
21.426 -474.525 -70.136 -0.018 0.000 0.050 0.999
21.415 -474.418 -70.140 -0.019 0.000 0.053 0.998
21.405 -474.329 -70.144 -0.021 0.000 0.056 0.998
21.392 -474.216 -70.149 -0.023 0.000 0.059 0.998
21.380 -474.123 -70.153 -0.024 0.000 0.061 0.998
21.367 -474.017 -70.158 -0.024 0.000 0.065 0.998
21.354 -473.924 -70.163 -0.026 0.000 0.068 0.997
21.333 -473.769 -70.171 -0.028 0.000 0.072 0.997
21.321 -473.692 -70.176 -0.029 0.000 0.074 0.997
21.313 -473.636 -70.179 -0.029 0.000 0.076 0.997
21.295 -473.523 -70.186 -0.031 0.000 0.079 0.996
21.273 -473.390 -70.195 -0.033 0.000 0.083 0.996
21.261 -473.314 -70.200 -0.034 0.000 0.085 0.996
21.242 -473.210 -70.207 -0.035 0.000 0.088 0.995
21.227 -473.127 -70.213 -0.037 0.000 0.091 0.995
21.199 -472.975 -70.224 -0.038 0.000 0.095 0.995
21.182 -472.893 -70.231 -0.040 0.000 0.098 0.994
21.157 -472.768 -70.241 -0.042 0.000 0.102 0.994
21.135 -472.664 -70.250 -0.043 0.000 0.105 0.994
21.108 -472.543 -70.261 -0.044 0.000 0.109 0.993
21.086 -472.446 -70.270 -0.045 0.000 0.112 0.993
21.067 -472.359 -70.278 -0.046 0.000 0.115 0.992
21.046 -472.272 -70.286 -0.047 0.000 0.117 0.992
21.016 -472.149 -70.298 -0.048 0.000 0.120 0.992
20.990 -472.045 -70.308 -0.049 0.000 0.124 0.991
20.970 -471.969 -70.316 -0.050 0.000 0.126 0.991
20.943 -471.868 -70.327 -0.052 0.000 0.129 0.990
20.925 -471.799 -70.334 -0.052 0.000 0.131 0.990
20.899 -471.702 -70.345 -0.054 0.000 0.134 0.989
20.872 -471.608 -70.356 -0.055 0.000 0.137 0.989
20.839 -471.494 -70.369 -0.056 0.000 0.141 0.988
20.814 -471.409 -70.379 -0.057 0.000 0.143 0.988
20.793 -471.338 -70.387 -0.057 0.000 0.145 0.988
20.754 -471.210 -70.403 -0.059 0.000 0.149 0.987
20.722 -471.109 -70.415 -0.059 0.000 0.153 0.987
20.690 -471.010 -70.427 -0.060 0.000 0.155 0.986
20.656 -470.906 -70.440 -0.061 0.000 0.158 0.985
20.622 -470.803 -70.454 -0.062 0.000 0.160 0.985
20.592 -470.714 -70.465 -0.063 0.000 0.163 0.985
20.563 -470.630 -70.476 -0.064 0.000 0.165 0.984
20.526 -470.523 -70.491 -0.065 0.000 0.167 0.984
20.489 -470.421 -70.505 -0.065 0.000 0.170 0.983
20.458 -470.336 -70.516 -0.066 0.000 0.173 0.983
20.408 -470.198 -70.536 -0.066 0.000 0.176 0.982
20.366 -470.088 -70.551 -0.067 0.000 0.179 0.982
20.349 -470.043 -70.558 -0.067 0.000 0.180 0.981
20.297 -469.908 -70.577 -0.069 0.000 0.182 0.981
20.268 -469.834 -70.588 -0.069 0.000 0.184 0.980
20.231 -469.739 -70.602 -0.070 0.000 0.187 0.980
20.199 -469.658 -70.614 -0.070 0.001 0.189 0.980
20.155 -469.551 -70.630 -0.071 0.001 0.191 0.979
20.132 -469.493 -70.639 -0.071 0.001 0.192 0.979
20.091 -469.395 -70.654 -0.072 0.001 0.195 0.978
20.047 -469.291 -70.670 -0.073 0.001 0.198 0.978
20.000 -469.180 -70.687 -0.073 0.001 0.201 0.977
19.937 -469.036 -70.710 -0.075 0.001 0.205 0.976
19.892 -468.934 -70.726 -0.075 0.001 0.207 0.975
19.840 -468.819 -70.745 -0.076 0.001 0.210 0.975
19.794 -468.719 -70.762 -0.077 0.001 0.212 0.974
19.742 -468.606 -70.781 -0.078 0.001 0.214 0.974
19.693 -468.504 -70.798 -0.079 0.001 0.217 0.973
19.651 -468.414 -70.813 -0.079 0.001 0.218 0.973
19.620 -468.350 -70.825 -0.080 0.001 0.219 0.972
19.593 -468.292 -70.834 -0.080 0.001 0.220 0.972
19.548 -468.199 -70.851 -0.082 0.001 0.222 0.972
19.498 -468.098 -70.869 -0.083 0.001 0.224 0.971
19.431 -467.962 -70.894 -0.084 0.001 0.228 0.970
19.375 -467.851 -70.914 -0.084 0.001 0.230 0.969
19.329 -467.761 -70.931 -0.085 0.001 0.233 0.969
19.283 -467.672 -70.948 -0.086 0.001 0.234 0.968
19.243 -467.596 -70.962 -0.086 0.001 0.236 0.968
19.200 -467.515 -70.978 -0.086 0.001 0.238 0.967
19.160 -467.438 -70.993 -0.088 0.001 0.239 0.967
19.129 -467.380 -71.004 -0.088 0.001 0.241 0.967
19.087 -467.303 -71.019 -0.088 0.001 0.243 0.966
19.051 -467.237 -71.032 -0.088 0.001 0.244 0.966
19.014 -467.169 -71.046 -0.089 0.001 0.245 0.965
18.985 -467.117 -71.056 -0.089 0.001 0.246 0.965
18.921 -467.000 -71.079 -0.089 0.001 0.248 0.965
18.857 -466.886 -71.102 -0.088 0.002 0.251 0.964
18.827 -466.833 -71.112 -0.089 0.002 0.252 0.964
18.766 -466.726 -71.133 -0.089 0.002 0.254 0.963
18.709 -466.627 -71.153 -0.090 0.002 0.255 0.963
18.666 -466.553 -71.168 -0.090 0.002 0.256 0.962
18.611 -466.458 -71.187 -0.090 0.002 0.258 0.962
18.554 -466.360 -71.207 -0.091 0.002 0.259 0.962
18.502 -466.273 -71.225 -0.092 0.002 0.261 0.961
18.457 -466.197 -71.241 -0.091 0.002 0.262 0.961
18.412 -466.122 -71.256 -0.092 0.002 0.264 0.960
18.367 -466.047 -71.272 -0.092 0.002 0.265 0.960
18.318 -465.966 -71.289 -0.092 0.002 0.266 0.960
18.251 -465.857 -71.311 -0.092 0.002 0.267 0.959
18.187 -465.751 -71.333 -0.092 0.002 0.269 0.959
18.149 -465.690 -71.346 -0.092 0.002 0.269 0.959
18.092 -465.598 -71.366 -0.092 0.002 0.271 0.958
18.053 -465.536 -71.379 -0.092 0.003 0.272 0.958
18.000 -465.451 -71.396 -0.092 0.003 0.273 0.958
17.961 -465.388 -71.409 -0.092 0.003 0.274 0.957
17.908 -465.304 -71.427 -0.092 0.003 0.275 0.957
17.864 -465.236 -71.441 -0.091 0.003 0.277 0.957
17.819 -465.166 -71.456 -0.092 0.003 0.278 0.956
17.766 -465.083 -71.473 -0.091 0.004 0.279 0.956
17.695 -464.974 -71.496 -0.091 0.004 0.281 0.956
17.628 -464.870 -71.517 -0.090 0.004 0.282 0.955
17.592 -464.816 -71.528 -0.090 0.004 0.283 0.955
17.559 -464.766 -71.539 -0.090 0.004 0.283 0.955
17.511 -464.692 -71.554 -0.091 0.004 0.284 0.954
17.452 -464.604 -71.572 -0.090 0.004 0.286 0.954
17.407 -464.538 -71.586 -0.090 0.004 0.286 0.954
17.337 -464.433 -71.608 -0.091 0.005 0.288 0.953
17.274 -464.338 -71.627 -0.091 0.005 0.289 0.953
17.231 -464.275 -71.641 -0.090 0.005 0.290 0.953
17.154 -464.163 -71.664 -0.090 0.005 0.291 0.952
17.087 -464.066 -71.684 -0.090 0.005 0.294 0.952
17.030 -463.982 -71.701 -0.091 0.005 0.295 0.951
16.992 -463.928 -71.713 -0.090 0.005 0.295 0.951
16.903 -463.801 -71.739 -0.091 0.005 0.298 0.950
16.840 -463.711 -71.758 -0.090 0.006 0.299 0.950
16.781 -463.628 -71.775 -0.090 0.006 0.300 0.950
16.735 -463.564 -71.789 -0.090 0.006 0.302 0.949
16.687 -463.497 -71.803 -0.090 0.006 0.303 0.949
16.621 -463.406 -71.822 -0.090 0.006 0.305 0.948
16.573 -463.340 -71.836 -0.090 0.006 0.305 0.948
16.511 -463.255 -71.854 -0.090 0.006 0.307 0.947
16.437 -463.155 -71.874 -0.090 0.007 0.309 0.947
16.399 -463.104 -71.885 -0.090 0.007 0.309 0.947
16.349 -463.035 -71.899 -0.090 0.007 0.310 0.946
16.291 -462.958 -71.916 -0.090 0.007 0.311 0.946
16.238 -462.886 -71.931 -0.090 0.007 0.312 0.946
16.185 -462.817 -71.946 -0.091 0.007 0.313 0.946
16.147 -462.766 -71.956 -0.091 0.007 0.313 0.945
16.072 -462.667 -71.977 -0.090 0.007 0.315 0.945
16.022 -462.601 -71.991 -0.091 0.007 0.316 0.944
15.983 -462.550 -72.002 -0.091 0.007 0.317 0.944
15.933 -462.485 -72.016 -0.091 0.007 0.317 0.944
15.858 -462.388 -72.037 -0.090 0.008 0.318 0.944
15.789 -462.298 -72.056 -0.091 0.007 0.319 0.943
15.703 -462.187 -72.080 -0.091 0.007 0.320 0.943
15.619 -462.079 -72.103 -0.090 0.008 0.322 0.942
15.532 -461.969 -72.126 -0.090 0.008 0.323 0.942
15.482 -461.906 -72.140 -0.090 0.008 0.324 0.942
15.413 -461.818 -72.158 -0.090 0.008 0.325 0.941
15.372 -461.767 -72.169 -0.090 0.008 0.326 0.941
15.296 -461.672 -72.190 -0.091 0.008 0.327 0.941
15.257 -461.623 -72.200 -0.091 0.008 0.328 0.940
15.221 -461.578 -72.210 -0.091 0.008 0.328 0.940
15.159 -461.501 -72.226 -0.090 0.008 0.328 0.940
15.072 -461.394 -72.249 -0.091 0.008 0.329 0.940
15.009 -461.315 -72.266 -0.091 0.008 0.330 0.940
14.944 -461.236 -72.284 -0.091 0.008 0.331 0.939
14.871 -461.146 -72.303 -0.091 0.008 0.331 0.939
14.825 -461.089 -72.315 -0.090 0.009 0.332 0.939
14.750 -460.998 -72.335 -0.090 0.009 0.334 0.938
14.672 -460.905 -72.355 -0.090 0.009 0.336 0.938
14.604 -460.822 -72.373 -0.091 0.009 0.337 0.937
14.533 -460.738 -72.391 -0.091 0.009 0.338 0.937
14.464 -460.657 -72.408 -0.090 0.009 0.339 0.936
14.410 -460.593 -72.422 -0.090 0.009 0.340 0.936
14.325 -460.493 -72.444 -0.090 0.010 0.341 0.936
14.284 -460.444 -72.454 -0.090 0.010 0.342 0.935
14.221 -460.372 -72.470 -0.090 0.010 0.343 0.935
14.144 -460.282 -72.489 -0.090 0.010 0.344 0.935
14.099 -460.230 -72.500 -0.089 0.010 0.345 0.934
