24.700 -458.442 -70.112 -0.001 0.000 0.002 1.000
24.699 -458.317 -70.112 -0.003 0.000 0.006 1.000
24.698 -458.235 -70.113 -0.003 0.000 0.009 1.000
24.696 -458.143 -70.114 -0.005 0.000 0.013 1.000
24.693 -458.054 -70.115 -0.007 0.000 0.016 1.000
24.689 -457.934 -70.117 -0.008 0.000 0.020 1.000
24.684 -457.836 -70.118 -0.009 0.000 0.024 1.000
24.677 -457.696 -70.121 -0.012 0.000 0.028 1.000
24.672 -457.608 -70.124 -0.014 0.000 0.031 0.999
24.663 -457.481 -70.127 -0.015 0.000 0.036 0.999
24.658 -457.413 -70.129 -0.016 0.000 0.039 0.999
24.649 -457.294 -70.133 -0.018 0.000 0.043 0.999
24.642 -457.221 -70.136 -0.018 0.000 0.045 0.999
24.632 -457.109 -70.140 -0.020 0.000 0.049 0.999
24.627 -457.063 -70.142 -0.021 0.000 0.050 0.999
24.615 -456.950 -70.147 -0.023 0.000 0.054 0.998
24.605 -456.862 -70.152 -0.025 0.000 0.057 0.998
24.588 -456.716 -70.159 -0.026 0.000 0.062 0.998
24.573 -456.602 -70.165 -0.027 0.000 0.066 0.997
24.562 -456.519 -70.170 -0.029 0.000 0.069 0.997
24.548 -456.425 -70.176 -0.030 0.000 0.072 0.997
24.534 -456.327 -70.182 -0.032 0.000 0.075 0.997
24.520 -456.237 -70.188 -0.034 0.000 0.078 0.996
24.503 -456.134 -70.195 -0.034 0.000 0.081 0.996
24.487 -456.040 -70.201 -0.036 0.000 0.084 0.996
24.470 -455.937 -70.209 -0.037 0.000 0.088 0.995
24.452 -455.840 -70.216 -0.039 0.000 0.092 0.995
24.432 -455.737 -70.225 -0.040 0.000 0.095 0.995
24.418 -455.663 -70.231 -0.042 0.000 0.098 0.994
24.393 -455.543 -70.241 -0.043 0.000 0.102 0.994
24.364 -455.406 -70.254 -0.046 0.000 0.106 0.993
24.341 -455.300 -70.264 -0.047 0.000 0.110 0.993
24.313 -455.179 -70.276 -0.049 0.000 0.113 0.992
24.283 -455.053 -70.289 -0.052 0.000 0.117 0.992
24.262 -454.965 -70.298 -0.053 0.000 0.120 0.991
24.245 -454.896 -70.305 -0.054 0.000 0.123 0.991
24.219 -454.795 -70.317 -0.056 0.000 0.126 0.990
24.200 -454.721 -70.326 -0.057 0.000 0.128 0.990
24.183 -454.657 -70.333 -0.058 0.000 0.130 0.990
24.158 -454.566 -70.344 -0.059 0.000 0.133 0.989
24.127 -454.453 -70.358 -0.061 0.000 0.137 0.989
24.110 -454.395 -70.366 -0.061 0.000 0.139 0.988
24.074 -454.272 -70.381 -0.063 0.000 0.142 0.988
24.055 -454.208 -70.390 -0.064 0.000 0.145 0.987
24.031 -454.129 -70.400 -0.065 0.000 0.147 0.987
24.002 -454.035 -70.413 -0.066 0.000 0.150 0.987
23.976 -453.953 -70.425 -0.068 0.000 0.153 0.986
23.941 -453.845 -70.440 -0.069 0.000 0.157 0.985
23.913 -453.760 -70.452 -0.070 0.000 0.160 0.985
23.880 -453.662 -70.467 -0.072 0.000 0.163 0.984
23.848 -453.570 -70.481 -0.074 0.000 0.166 0.983
23.785 -453.395 -70.508 -0.076 0.000 0.172 0.982
23.749 -453.295 -70.525 -0.077 0.000 0.176 0.981
23.715 -453.206 -70.539 -0.079 0.000 0.179 0.981
23.689 -453.137 -70.551 -0.079 0.000 0.182 0.980
23.641 -453.015 -70.572 -0.081 0.000 0.186 0.979
23.576 -452.854 -70.600 -0.084 0.000 0.192 0.978
23.543 -452.774 -70.614 -0.085 0.000 0.194 0.977
23.509 -452.694 -70.629 -0.086 0.000 0.198 0.976
23.464 -452.591 -70.648 -0.088 0.000 0.202 0.976
23.431 -452.515 -70.663 -0.089 0.000 0.204 0.975
23.391 -452.424 -70.680 -0.090 0.000 0.207 0.974
23.354 -452.342 -70.697 -0.091 0.000 0.210 0.973
23.318 -452.263 -70.712 -0.092 0.000 0.213 0.973
23.288 -452.199 -70.725 -0.093 0.000 0.215 0.972
23.225 -452.069 -70.752 -0.095 0.000 0.220 0.971
23.173 -451.960 -70.775 -0.096 0.000 0.224 0.970
23.138 -451.889 -70.790 -0.097 0.000 0.226 0.969
23.098 -451.811 -70.806 -0.098 0.000 0.229 0.969
23.060 -451.736 -70.823 -0.098 0.000 0.231 0.968
23.012 -451.643 -70.843 -0.099 0.001 0.234 0.967
22.974 -451.570 -70.859 -0.100 0.001 0.236 0.967
22.930 -451.487 -70.878 -0.101 0.001 0.239 0.966
22.887 -451.407 -70.896 -0.103 0.001 0.242 0.965
22.833 -451.307 -70.919 -0.104 0.001 0.245 0.964
22.768 -451.192 -70.946 -0.106 0.001 0.250 0.963
22.726 -451.117 -70.965 -0.107 0.001 0.253 0.962
22.649 -450.985 -70.997 -0.109 0.001 0.257 0.960
22.588 -450.881 -71.023 -0.111 0.001 0.261 0.959
22.529 -450.783 -71.048 -0.112 0.001 0.265 0.958
22.452 -450.658 -71.080 -0.113 0.001 0.269 0.956
22.400 -450.575 -71.102 -0.115 0.001 0.272 0.955
22.339 -450.478 -71.128 -0.116 0.001 0.276 0.954
22.273 -450.376 -71.156 -0.118 0.001 0.279 0.953
22.197 -450.262 -71.187 -0.119 0.001 0.284 0.951
22.126 -450.156 -71.217 -0.120 0.001 0.289 0.950
22.073 -450.080 -71.239 -0.121 0.001 0.292 0.949
22.016 -449.997 -71.263 -0.123 0.001 0.295 0.948
21.962 -449.921 -71.285 -0.123 0.001 0.297 0.947
21.884 -449.812 -71.317 -0.125 0.001 0.301 0.946
21.810 -449.711 -71.347 -0.125 0.002 0.305 0.944
21.748 -449.626 -71.373 -0.127 0.001 0.308 0.943
21.693 -449.553 -71.396 -0.128 0.001 0.311 0.942
21.653 -449.501 -71.412 -0.129 0.001 0.312 0.941
21.579 -449.404 -71.442 -0.130 0.001 0.316 0.940
21.516 -449.324 -71.468 -0.132 0.001 0.319 0.939
21.432 -449.218 -71.503 -0.133 0.002 0.323 0.937
21.393 -449.169 -71.519 -0.134 0.001 0.325 0.936
21.307 -449.064 -71.554 -0.136 0.001 0.329 0.935
21.258 -449.005 -71.574 -0.137 0.001 0.330 0.934
21.178 -448.909 -71.607 -0.138 0.001 0.333 0.933
21.096 -448.812 -71.641 -0.139 0.002 0.337 0.931
21.017 -448.720 -71.674 -0.141 0.001 0.340 0.930
20.973 -448.669 -71.692 -0.141 0.001 0.342 0.929
20.896 -448.583 -71.724 -0.142 0.002 0.346 0.928
20.831 -448.511 -71.750 -0.143 0.002 0.348 0.926
20.777 -448.451 -71.772 -0.144 0.002 0.350 0.926
20.707 -448.375 -71.801 -0.145 0.002 0.353 0.924
20.644 -448.307 -71.826 -0.146 0.002 0.356 0.923
20.573 -448.231 -71.856 -0.147 0.002 0.359 0.922
20.515 -448.170 -71.879 -0.148 0.002 0.361 0.921
20.438 -448.090 -71.911 -0.149 0.002 0.363 0.920
20.357 -448.007 -71.943 -0.150 0.002 0.365 0.919
20.272 -447.920 -71.978 -0.151 0.002 0.368 0.918
20.199 -447.846 -72.008 -0.152 0.002 0.370 0.917
20.111 -447.759 -72.044 -0.153 0.002 0.373 0.915
20.038 -447.687 -72.074 -0.154 0.002 0.376 0.914
19.968 -447.619 -72.102 -0.154 0.002 0.379 0.913
19.901 -447.555 -72.130 -0.155 0.002 0.381 0.912
19.848 -447.505 -72.151 -0.156 0.002 0.383 0.911
19.806 -447.466 -72.168 -0.156 0.002 0.384 0.910
19.723 -447.387 -72.202 -0.157 0.002 0.387 0.909
19.665 -447.334 -72.225 -0.158 0.002 0.389 0.908
19.561 -447.240 -72.267 -0.159 0.002 0.392 0.906
19.495 -447.181 -72.293 -0.160 0.002 0.395 0.905
19.412 -447.107 -72.326 -0.161 0.003 0.397 0.904
19.341 -447.045 -72.355 -0.162 0.003 0.400 0.902
19.300 -447.009 -72.371 -0.162 0.003 0.401 0.901
19.220 -446.941 -72.403 -0.163 0.003 0.403 0.900
19.141 -446.874 -72.435 -0.164 0.003 0.406 0.899
19.050 -446.797 -72.472 -0.165 0.003 0.408 0.898
18.963 -446.725 -72.506 -0.166 0.003 0.410 0.897
18.898 -446.671 -72.533 -0.166 0.003 0.412 0.896
18.824 -446.611 -72.562 -0.167 0.003 0.415 0.895
18.752 -446.553 -72.591 -0.167 0.003 0.417 0.893
18.704 -446.515 -72.610 -0.168 0.003 0.418 0.893
18.603 -446.436 -72.650 -0.169 0.003 0.421 0.891
18.524 -446.375 -72.681 -0.169 0.004 0.423 0.890
18.476 -446.338 -72.700 -0.170 0.003 0.424 0.890
18.429 -446.301 -72.718 -0.170 0.004 0.425 0.889
18.357 -446.246 -72.747 -0.170 0.004 0.426 0.888
18.284 -446.191 -72.775 -0.171 0.004 0.428 0.887
18.211 -446.136 -72.804 -0.171 0.004 0.430 0.886
18.077 -446.036 -72.857 -0.172 0.004 0.434 0.884
17.983 -445.968 -72.893 -0.173 0.004 0.437 0.883
17.938 -445.935 -72.911 -0.173 0.004 0.438 0.882
17.857 -445.877 -72.943 -0.174 0.005 0.440 0.881
17.771 -445.817 -72.976 -0.174 0.005 0.442 0.880
17.682 -445.754 -73.010 -0.174 0.005 0.444 0.879
17.606 -445.701 -73.040 -0.175 0.005 0.446 0.878
17.532 -445.651 -73.068 -0.176 0.005 0.449 0.876
17.412 -445.570 -73.114 -0.178 0.005 0.451 0.874
17.326 -445.512 -73.148 -0.178 0.005 0.454 0.873
17.258 -445.468 -73.174 -0.178 0.005 0.456 0.872
17.193 -445.425 -73.199 -0.178 0.006 0.457 0.871
17.043 -445.330 -73.256 -0.178 0.006 0.460 0.870
16.971 -445.284 -73.283 -0.179 0.006 0.462 0.869
16.911 -445.246 -73.306 -0.179 0.006 0.463 0.868
16.820 -445.189 -73.340 -0.179 0.007 0.466 0.867
16.748 -445.145 -73.367 -0.179 0.007 0.467 0.866
16.689 -445.109 -73.389 -0.180 0.007 0.468 0.865
16.596 -445.052 -73.424 -0.180 0.007 0.470 0.864
16.431 -444.953 -73.486 -0.182 0.007 0.473 0.862
16.344 -444.901 -73.518 -0.182 0.007 0.475 0.861
16.259 -444.851 -73.550 -0.182 0.007 0.476 0.860
16.162 -444.795 -73.586 -0.182 0.008 0.478 0.859
16.052 -444.732 -73.627 -0.182 0.008 0.481 0.858
15.971 -444.687 -73.657 -0.183 0.008 0.482 0.857
15.865 -444.627 -73.696 -0.183 0.008 0.485 0.855
15.762 -444.570 -73.733 -0.183 0.009 0.486 0.854
15.673 -444.521 -73.766 -0.184 0.009 0.488 0.853
15.555 -444.457 -73.809 -0.184 0.009 0.489 0.853
15.504 -444.429 -73.828 -0.184 0.009 0.489 0.853
15.399 -444.373 -73.866 -0.183 0.010 0.491 0.851
15.315 -444.328 -73.896 -0.182 0.011 0.492 0.851
15.205 -444.269 -73.935 -0.182 0.011 0.494 0.850
15.094 -444.211 -73.974 -0.182 0.011 0.495 0.849
14.977 -444.150 -74.015 -0.182 0.012 0.497 0.848
14.864 -444.092 -74.055 -0.183 0.012 0.498 0.848
14.795 -444.056 -74.079 -0.183 0.012 0.499 0.847
14.710 -444.013 -74.109 -0.183 0.012 0.500 0.846
14.625 -443.970 -74.139 -0.184 0.012 0.501 0.846
14.555 -443.934 -74.164 -0.184 0.012 0.502 0.845
14.457 -443.885 -74.198 -0.183 0.012 0.503 0.845
14.413 -443.863 -74.213 -0.183 0.012 0.503 0.844
14.338 -443.826 -74.239 -0.183 0.012 0.504 0.844
14.258 -443.786 -74.267 -0.183 0.013 0.505 0.843
14.163 -443.740 -74.300 -0.183 0.013 0.507 0.842
14.085 -443.702 -74.326 -0.183 0.013 0.508 0.841
