24.700 -458.380 -70.112 -0.002 0.000 0.003 1.000
24.698 -458.243 -70.113 -0.003 0.000 0.008 1.000
24.696 -458.131 -70.114 -0.005 0.000 0.013 1.000
24.692 -457.999 -70.115 -0.007 0.000 0.018 1.000
24.687 -457.895 -70.117 -0.008 0.000 0.022 1.000
24.681 -457.770 -70.119 -0.011 0.000 0.026 1.000
24.673 -457.620 -70.123 -0.013 0.000 0.032 0.999
24.666 -457.515 -70.126 -0.015 0.000 0.036 0.999
24.660 -457.438 -70.128 -0.016 0.000 0.039 0.999
24.646 -457.270 -70.134 -0.018 0.000 0.044 0.999
24.636 -457.163 -70.138 -0.021 0.000 0.048 0.999
24.629 -457.094 -70.141 -0.022 0.000 0.050 0.999
24.620 -457.001 -70.145 -0.023 0.000 0.053 0.998
24.610 -456.916 -70.149 -0.024 0.000 0.056 0.998
24.591 -456.753 -70.158 -0.028 0.000 0.061 0.998
24.585 -456.703 -70.161 -0.029 0.000 0.063 0.998
24.566 -456.563 -70.169 -0.030 0.000 0.068 0.997
24.553 -456.469 -70.175 -0.032 0.000 0.071 0.997
24.534 -456.338 -70.184 -0.033 0.000 0.076 0.997
24.516 -456.224 -70.192 -0.035 0.000 0.080 0.996
24.495 -456.100 -70.201 -0.037 0.000 0.085 0.996
24.480 -456.015 -70.207 -0.038 0.000 0.088 0.995
24.462 -455.912 -70.215 -0.039 0.000 0.092 0.995
24.443 -455.814 -70.223 -0.041 0.000 0.096 0.995
24.424 -455.720 -70.231 -0.043 0.000 0.099 0.994
24.395 -455.578 -70.244 -0.045 0.000 0.104 0.994
24.379 -455.502 -70.251 -0.046 0.000 0.106 0.993
24.347 -455.359 -70.265 -0.049 0.000 0.112 0.993
24.315 -455.224 -70.279 -0.051 0.000 0.117 0.992
24.283 -455.091 -70.293 -0.053 0.000 0.121 0.991
24.258 -454.992 -70.304 -0.055 0.000 0.125 0.991
24.235 -454.906 -70.314 -0.057 0.000 0.127 0.990
24.210 -454.811 -70.325 -0.058 0.000 0.131 0.990
24.174 -454.678 -70.341 -0.059 0.000 0.136 0.989
24.154 -454.609 -70.350 -0.061 0.000 0.138 0.989
24.131 -454.529 -70.360 -0.061 0.000 0.141 0.988
24.097 -454.414 -70.375 -0.063 0.000 0.145 0.987
24.062 -454.299 -70.390 -0.065 0.000 0.149 0.987
24.022 -454.174 -70.407 -0.067 0.000 0.153 0.986
23.999 -454.102 -70.417 -0.068 0.000 0.156 0.985
23.975 -454.031 -70.428 -0.069 0.000 0.158 0.985
23.937 -453.915 -70.445 -0.071 0.000 0.162 0.984
23.910 -453.838 -70.456 -0.072 0.000 0.165 0.984
23.878 -453.746 -70.470 -0.074 0.000 0.169 0.983
23.838 -453.636 -70.488 -0.075 0.000 0.172 0.982
23.814 -453.570 -70.498 -0.076 0.000 0.174 0.982
23.788 -453.500 -70.510 -0.078 0.000 0.177 0.981
23.757 -453.419 -70.523 -0.078 0.000 0.180 0.981
23.728 -453.343 -70.536 -0.079 0.000 0.182 0.980
23.700 -453.273 -70.548 -0.080 0.000 0.185 0.980
23.668 -453.192 -70.561 -0.080 0.000 0.187 0.979
23.649 -453.143 -70.570 -0.081 0.000 0.189 0.979
23.617 -453.065 -70.583 -0.082 0.000 0.191 0.978
23.560 -452.928 -70.608 -0.084 0.000 0.197 0.977
23.516 -452.825 -70.627 -0.085 0.000 0.201 0.976
23.485 -452.755 -70.640 -0.086 0.000 0.203 0.975
23.424 -452.618 -70.666 -0.089 0.000 0.209 0.974
23.387 -452.536 -70.682 -0.091 0.000 0.212 0.973
23.334 -452.423 -70.704 -0.091 0.000 0.214 0.972
23.301 -452.353 -70.718 -0.092 0.001 0.216 0.972
23.254 -452.255 -70.738 -0.092 0.001 0.219 0.971
23.226 -452.195 -70.750 -0.093 0.001 0.221 0.971
23.191 -452.124 -70.765 -0.094 0.001 0.223 0.970
23.131 -452.003 -70.790 -0.096 0.001 0.227 0.969
23.078 -451.899 -70.812 -0.096 0.001 0.230 0.968
23.029 -451.803 -70.833 -0.098 0.001 0.233 0.967
22.986 -451.720 -70.851 -0.098 0.001 0.236 0.967
22.941 -451.635 -70.869 -0.099 0.001 0.239 0.966
22.874 -451.511 -70.897 -0.101 0.001 0.243 0.965
22.821 -451.415 -70.919 -0.101 0.001 0.248 0.964
22.769 -451.322 -70.940 -0.102 0.001 0.251 0.963
22.699 -451.200 -70.968 -0.105 0.001 0.255 0.961
22.661 -451.135 -70.984 -0.106 0.001 0.257 0.961
22.617 -451.059 -71.002 -0.107 0.001 0.260 0.960
22.548 -450.944 -71.030 -0.108 0.001 0.264 0.958
22.498 -450.862 -71.051 -0.110 0.001 0.266 0.958
22.470 -450.817 -71.062 -0.110 0.001 0.268 0.957
22.414 -450.727 -71.085 -0.112 0.001 0.271 0.956
22.382 -450.677 -71.098 -0.113 0.001 0.273 0.955
22.322 -450.582 -71.123 -0.114 0.001 0.277 0.954
22.248 -450.469 -71.154 -0.116 0.001 0.282 0.952
22.199 -450.395 -71.174 -0.118 0.001 0.285 0.951
22.139 -450.307 -71.198 -0.119 0.001 0.288 0.950
22.057 -450.186 -71.232 -0.120 0.001 0.292 0.949
21.996 -450.099 -71.257 -0.121 0.001 0.296 0.948
21.908 -449.976 -71.293 -0.123 0.001 0.300 0.946
21.863 -449.913 -71.312 -0.124 0.001 0.302 0.945
21.787 -449.810 -71.343 -0.125 0.001 0.306 0.944
21.710 -449.706 -71.374 -0.127 0.001 0.309 0.942
21.599 -449.560 -71.420 -0.130 0.001 0.314 0.940
21.548 -449.494 -71.441 -0.131 0.001 0.317 0.939
21.491 -449.421 -71.465 -0.132 0.001 0.319 0.938
21.424 -449.337 -71.492 -0.133 0.001 0.322 0.937
21.381 -449.283 -71.510 -0.134 0.001 0.324 0.936
21.317 -449.204 -71.536 -0.135 0.001 0.327 0.935
21.241 -449.112 -71.567 -0.136 0.001 0.330 0.934
21.173 -449.030 -71.596 -0.137 0.001 0.333 0.933
21.119 -448.966 -71.618 -0.138 0.001 0.336 0.932
21.060 -448.898 -71.642 -0.139 0.001 0.338 0.931
21.003 -448.832 -71.665 -0.139 0.002 0.341 0.930
20.931 -448.750 -71.694 -0.140 0.002 0.344 0.929
20.871 -448.683 -71.718 -0.141 0.002 0.346 0.927
20.803 -448.607 -71.746 -0.143 0.001 0.349 0.926
20.736 -448.533 -71.774 -0.144 0.001 0.352 0.925
20.660 -448.451 -71.805 -0.145 0.001 0.355 0.923
20.578 -448.363 -71.838 -0.147 0.001 0.358 0.922
20.551 -448.335 -71.849 -0.147 0.001 0.359 0.922
20.468 -448.247 -71.883 -0.148 0.002 0.363 0.920
20.398 -448.175 -71.911 -0.149 0.002 0.365 0.919
20.338 -448.115 -71.935 -0.150 0.002 0.367 0.918
20.279 -448.054 -71.960 -0.150 0.002 0.369 0.917
20.207 -447.983 -71.989 -0.151 0.002 0.371 0.916
20.143 -447.919 -72.015 -0.153 0.001 0.373 0.915
20.087 -447.864 -72.038 -0.153 0.002 0.375 0.914
20.038 -447.816 -72.057 -0.154 0.002 0.377 0.913
19.971 -447.751 -72.084 -0.154 0.002 0.378 0.913
19.885 -447.669 -72.119 -0.155 0.002 0.381 0.912
19.780 -447.570 -72.162 -0.157 0.002 0.384 0.910
19.693 -447.489 -72.197 -0.158 0.002 0.388 0.908
19.625 -447.427 -72.225 -0.159 0.001 0.390 0.907
19.569 -447.376 -72.248 -0.159 0.002 0.392 0.906
19.460 -447.279 -72.292 -0.161 0.002 0.395 0.904
19.373 -447.202 -72.327 -0.162 0.002 0.398 0.903
19.317 -447.153 -72.349 -0.162 0.002 0.400 0.902
19.235 -447.083 -72.382 -0.163 0.002 0.403 0.901
19.158 -447.017 -72.413 -0.164 0.002 0.405 0.900
19.069 -446.942 -72.449 -0.165 0.002 0.408 0.898
18.998 -446.883 -72.478 -0.166 0.002 0.410 0.897
18.919 -446.818 -72.509 -0.167 0.002 0.411 0.896
18.798 -446.719 -72.558 -0.168 0.002 0.415 0.894
18.710 -446.649 -72.593 -0.169 0.002 0.417 0.893
18.635 -446.590 -72.624 -0.169 0.002 0.419 0.892
18.540 -446.515 -72.662 -0.170 0.002 0.422 0.890
18.467 -446.459 -72.691 -0.171 0.002 0.424 0.889
18.401 -446.408 -72.717 -0.172 0.002 0.427 0.888
18.327 -446.352 -72.747 -0.173 0.002 0.428 0.887
18.223 -446.274 -72.789 -0.174 0.002 0.431 0.885
18.138 -446.211 -72.822 -0.175 0.002 0.434 0.884
18.040 -446.140 -72.862 -0.176 0.002 0.436 0.882
17.966 -446.087 -72.891 -0.177 0.002 0.438 0.881
17.899 -446.039 -72.918 -0.178 0.002 0.440 0.880
17.817 -445.981 -72.951 -0.178 0.002 0.442 0.879
17.749 -445.934 -72.978 -0.179 0.002 0.444 0.878
17.662 -445.874 -73.013 -0.180 0.002 0.446 0.877
17.598 -445.830 -73.039 -0.180 0.003 0.448 0.876
17.506 -445.768 -73.076 -0.182 0.002 0.449 0.875
17.436 -445.721 -73.104 -0.182 0.002 0.451 0.874
17.345 -445.661 -73.140 -0.183 0.002 0.453 0.873
17.279 -445.617 -73.167 -0.183 0.002 0.454 0.872
17.199 -445.565 -73.199 -0.184 0.002 0.455 0.871
17.116 -445.511 -73.232 -0.184 0.003 0.457 0.870
17.027 -445.454 -73.267 -0.185 0.002 0.459 0.869
16.953 -445.407 -73.297 -0.185 0.003 0.461 0.868
16.860 -445.349 -73.334 -0.186 0.002 0.463 0.867
16.773 -445.295 -73.369 -0.188 0.002 0.464 0.866
16.695 -445.247 -73.400 -0.188 0.002 0.465 0.865
16.635 -445.210 -73.424 -0.189 0.002 0.467 0.864
16.535 -445.149 -73.464 -0.189 0.002 0.468 0.863
16.455 -445.101 -73.496 -0.190 0.002 0.470 0.862
16.406 -445.071 -73.516 -0.190 0.002 0.471 0.862
16.322 -445.021 -73.549 -0.190 0.002 0.473 0.861
16.200 -444.950 -73.598 -0.191 0.003 0.475 0.859
16.143 -444.917 -73.620 -0.191 0.003 0.477 0.858
16.088 -444.885 -73.642 -0.191 0.003 0.478 0.857
15.989 -444.829 -73.682 -0.192 0.003 0.480 0.856
15.890 -444.774 -73.721 -0.193 0.003 0.482 0.855
15.805 -444.726 -73.755 -0.193 0.003 0.483 0.854
15.688 -444.661 -73.801 -0.193 0.004 0.485 0.853
15.632 -444.631 -73.823 -0.193 0.004 0.486 0.852
15.531 -444.576 -73.862 -0.193 0.004 0.487 0.852
15.458 -444.537 -73.891 -0.194 0.004 0.489 0.851
15.360 -444.484 -73.929 -0.194 0.004 0.490 0.850
15.266 -444.434 -73.966 -0.193 0.005 0.491 0.850
15.159 -444.378 -74.007 -0.193 0.005 0.492 0.849
15.074 -444.333 -74.040 -0.193 0.006 0.494 0.848
14.986 -444.288 -74.073 -0.193 0.006 0.494 0.848
14.890 -444.238 -74.110 -0.193 0.006 0.496 0.847
14.822 -444.204 -74.136 -0.193 0.006 0.497 0.846
14.744 -444.163 -74.165 -0.193 0.007 0.498 0.846
14.656 -444.119 -74.198 -0.193 0.007 0.499 0.845
14.590 -444.085 -74.224 -0.192 0.007 0.500 0.844
14.520 -444.050 -74.250 -0.193 0.007 0.501 0.844
14.420 -444.001 -74.287 -0.192 0.008 0.501 0.844
14.311 -443.946 -74.328 -0.192 0.008 0.503 0.843
14.212 -443.897 -74.364 -0.192 0.009 0.504 0.842
14.090 -443.838 -74.409 -0.192 0.009 0.505 0.841
