24.700 -458.381 -70.112 -0.002 0.000 0.004 1.000
24.698 -458.281 -70.113 -0.004 0.000 0.007 1.000
24.695 -458.110 -70.114 -0.007 0.000 0.013 1.000
24.692 -458.031 -70.116 -0.008 0.000 0.016 1.000
24.688 -457.903 -70.118 -0.010 0.000 0.021 1.000
24.683 -457.810 -70.120 -0.011 0.000 0.025 1.000
24.678 -457.717 -70.122 -0.013 0.000 0.028 1.000
24.671 -457.602 -70.126 -0.014 0.000 0.033 0.999
24.664 -457.491 -70.129 -0.016 0.000 0.036 0.999
24.655 -457.374 -70.133 -0.018 0.000 0.041 0.999
24.643 -457.241 -70.138 -0.019 0.000 0.045 0.999
24.637 -457.173 -70.141 -0.021 0.000 0.048 0.999
24.629 -457.095 -70.144 -0.022 0.000 0.050 0.998
24.615 -456.966 -70.150 -0.023 0.000 0.055 0.998
24.607 -456.893 -70.153 -0.024 0.000 0.057 0.998
24.597 -456.807 -70.158 -0.026 0.000 0.061 0.998
24.589 -456.745 -70.161 -0.027 0.000 0.063 0.998
24.575 -456.637 -70.167 -0.028 0.000 0.067 0.997
24.561 -456.533 -70.173 -0.029 0.000 0.070 0.997
24.547 -456.438 -70.179 -0.030 0.000 0.074 0.997
24.530 -456.330 -70.186 -0.032 0.000 0.078 0.996
24.511 -456.213 -70.193 -0.034 0.000 0.082 0.996
24.486 -456.066 -70.204 -0.036 0.000 0.087 0.996
24.464 -455.940 -70.213 -0.038 0.000 0.090 0.995
24.447 -455.851 -70.220 -0.039 0.000 0.093 0.995
24.424 -455.734 -70.230 -0.040 0.000 0.097 0.994
24.406 -455.642 -70.237 -0.042 0.000 0.100 0.994
24.379 -455.513 -70.248 -0.044 0.000 0.104 0.994
24.356 -455.408 -70.258 -0.045 0.000 0.108 0.993
24.338 -455.328 -70.265 -0.046 0.000 0.111 0.993
24.325 -455.271 -70.271 -0.047 0.000 0.113 0.993
24.307 -455.192 -70.279 -0.049 0.000 0.116 0.992
24.281 -455.084 -70.290 -0.051 0.000 0.119 0.992
24.258 -454.994 -70.299 -0.053 0.000 0.122 0.991
24.240 -454.921 -70.307 -0.053 0.000 0.125 0.991
24.211 -454.810 -70.320 -0.055 0.000 0.129 0.990
24.199 -454.768 -70.325 -0.055 0.000 0.131 0.990
24.179 -454.693 -70.333 -0.057 0.000 0.133 0.989
24.158 -454.618 -70.342 -0.058 0.000 0.136 0.989
24.134 -454.534 -70.352 -0.059 0.000 0.139 0.989
24.101 -454.420 -70.367 -0.061 0.000 0.143 0.988
24.074 -454.330 -70.378 -0.063 0.000 0.146 0.987
24.044 -454.230 -70.391 -0.064 0.000 0.150 0.987
24.003 -454.104 -70.409 -0.066 0.000 0.155 0.986
23.983 -454.040 -70.417 -0.067 0.000 0.157 0.985
23.955 -453.958 -70.429 -0.068 0.000 0.160 0.985
23.921 -453.856 -70.444 -0.070 0.000 0.164 0.984
23.889 -453.767 -70.457 -0.071 0.000 0.167 0.983
23.841 -453.631 -70.478 -0.074 0.000 0.172 0.982
23.803 -453.529 -70.494 -0.075 0.000 0.175 0.982
23.772 -453.443 -70.508 -0.076 0.000 0.177 0.981
23.717 -453.301 -70.531 -0.078 0.000 0.183 0.980
23.686 -453.222 -70.544 -0.079 0.000 0.185 0.980
23.671 -453.183 -70.551 -0.079 0.000 0.187 0.979
23.638 -453.102 -70.565 -0.080 0.000 0.189 0.979
23.605 -453.021 -70.579 -0.081 0.000 0.192 0.978
23.573 -452.943 -70.592 -0.081 0.000 0.193 0.978
23.535 -452.853 -70.608 -0.082 0.000 0.196 0.977
23.494 -452.757 -70.625 -0.083 0.000 0.200 0.976
23.453 -452.662 -70.642 -0.084 0.000 0.202 0.976
23.410 -452.564 -70.660 -0.086 0.000 0.206 0.975
23.375 -452.487 -70.674 -0.087 0.000 0.209 0.974
23.321 -452.369 -70.697 -0.087 0.001 0.214 0.973
23.276 -452.273 -70.715 -0.089 0.001 0.217 0.972
23.228 -452.173 -70.735 -0.091 0.001 0.221 0.971
23.177 -452.069 -70.756 -0.092 0.001 0.224 0.970
23.117 -451.949 -70.780 -0.094 0.001 0.228 0.969
23.056 -451.829 -70.806 -0.096 0.000 0.231 0.968
23.023 -451.765 -70.819 -0.097 0.000 0.233 0.968
22.984 -451.690 -70.835 -0.097 0.001 0.236 0.967
22.953 -451.631 -70.848 -0.098 0.001 0.238 0.966
22.919 -451.567 -70.862 -0.099 0.001 0.240 0.966
22.876 -451.488 -70.880 -0.099 0.001 0.243 0.965
22.833 -451.409 -70.897 -0.100 0.001 0.246 0.964
22.785 -451.324 -70.917 -0.102 0.001 0.249 0.963
22.738 -451.241 -70.936 -0.103 0.001 0.252 0.962
22.697 -451.169 -70.953 -0.104 0.001 0.254 0.962
22.636 -451.063 -70.978 -0.106 0.001 0.258 0.960
22.605 -451.010 -70.991 -0.106 0.001 0.259 0.960
22.544 -450.909 -71.015 -0.108 0.001 0.262 0.959
22.502 -450.839 -71.033 -0.109 0.000 0.264 0.958
22.466 -450.778 -71.048 -0.110 0.000 0.266 0.958
22.430 -450.720 -71.062 -0.111 0.000 0.268 0.957
22.375 -450.632 -71.085 -0.112 0.000 0.271 0.956
22.318 -450.542 -71.109 -0.113 0.000 0.274 0.955
22.270 -450.466 -71.129 -0.114 0.000 0.277 0.954
22.226 -450.398 -71.147 -0.115 0.001 0.280 0.953
22.178 -450.325 -71.166 -0.116 0.001 0.283 0.952
22.100 -450.208 -71.198 -0.118 0.001 0.286 0.951
22.048 -450.131 -71.220 -0.119 0.001 0.288 0.950
21.990 -450.046 -71.244 -0.120 0.001 0.292 0.949
21.924 -449.953 -71.270 -0.120 0.001 0.295 0.948
21.879 -449.888 -71.289 -0.120 0.001 0.296 0.947
21.817 -449.801 -71.314 -0.121 0.001 0.298 0.947
21.756 -449.715 -71.338 -0.121 0.002 0.300 0.946
21.691 -449.626 -71.364 -0.122 0.002 0.303 0.945
21.641 -449.557 -71.384 -0.123 0.001 0.305 0.944
21.583 -449.479 -71.407 -0.124 0.001 0.308 0.943
21.498 -449.366 -71.441 -0.124 0.002 0.311 0.942
21.446 -449.298 -71.462 -0.125 0.002 0.314 0.941
21.426 -449.272 -71.470 -0.125 0.002 0.315 0.941
21.335 -449.156 -71.506 -0.127 0.002 0.320 0.939
21.229 -449.021 -71.548 -0.130 0.001 0.324 0.937
21.139 -448.911 -71.584 -0.132 0.001 0.327 0.936
21.085 -448.845 -71.605 -0.133 0.001 0.329 0.935
21.056 -448.809 -71.617 -0.133 0.001 0.331 0.934
20.961 -448.696 -71.655 -0.135 0.001 0.335 0.932
20.888 -448.611 -71.685 -0.136 0.001 0.338 0.931
20.821 -448.533 -71.711 -0.137 0.002 0.341 0.930
20.769 -448.474 -71.732 -0.137 0.002 0.343 0.929
20.721 -448.419 -71.751 -0.138 0.002 0.345 0.928
20.659 -448.350 -71.776 -0.138 0.002 0.348 0.927
20.580 -448.262 -71.807 -0.139 0.002 0.351 0.926
20.523 -448.200 -71.829 -0.141 0.002 0.354 0.925
20.446 -448.117 -71.860 -0.142 0.002 0.357 0.923
20.381 -448.048 -71.886 -0.143 0.002 0.358 0.923
20.316 -447.979 -71.912 -0.145 0.001 0.361 0.921
20.246 -447.906 -71.940 -0.146 0.001 0.364 0.920
20.189 -447.848 -71.962 -0.147 0.001 0.366 0.919
20.103 -447.760 -71.997 -0.149 0.001 0.369 0.918
20.040 -447.696 -72.022 -0.150 0.001 0.370 0.917
19.969 -447.625 -72.051 -0.150 0.001 0.373 0.916
19.915 -447.572 -72.073 -0.151 0.001 0.375 0.915
19.845 -447.505 -72.101 -0.152 0.001 0.377 0.914
19.758 -447.421 -72.136 -0.154 0.001 0.380 0.912
19.680 -447.346 -72.168 -0.156 0.001 0.383 0.911
19.630 -447.300 -72.188 -0.156 0.001 0.385 0.910
19.562 -447.236 -72.216 -0.157 0.001 0.387 0.909
19.493 -447.172 -72.243 -0.157 0.001 0.389 0.908
19.435 -447.120 -72.267 -0.158 0.001 0.391 0.907
19.333 -447.028 -72.308 -0.160 0.001 0.395 0.905
19.271 -446.972 -72.333 -0.161 0.001 0.397 0.904
19.188 -446.900 -72.367 -0.162 0.001 0.399 0.902
19.118 -446.839 -72.395 -0.163 0.001 0.401 0.901
19.051 -446.782 -72.422 -0.164 0.001 0.403 0.900
18.963 -446.707 -72.458 -0.165 0.001 0.406 0.899
18.892 -446.648 -72.486 -0.166 0.001 0.408 0.898
18.798 -446.570 -72.524 -0.166 0.001 0.411 0.896
18.732 -446.515 -72.551 -0.167 0.001 0.413 0.895
18.667 -446.463 -72.577 -0.167 0.001 0.415 0.894
18.588 -446.400 -72.609 -0.168 0.001 0.418 0.893
18.518 -446.344 -72.637 -0.169 0.001 0.419 0.892
18.452 -446.292 -72.664 -0.170 0.001 0.421 0.891
18.354 -446.216 -72.703 -0.171 0.001 0.423 0.890
18.282 -446.160 -72.732 -0.172 0.001 0.425 0.889
18.222 -446.114 -72.756 -0.172 0.001 0.427 0.888
18.138 -446.051 -72.790 -0.173 0.001 0.430 0.886
18.037 -445.975 -72.830 -0.174 0.001 0.432 0.885
17.943 -445.907 -72.868 -0.174 0.002 0.434 0.884
17.854 -445.842 -72.903 -0.175 0.002 0.437 0.882
17.797 -445.801 -72.926 -0.175 0.002 0.438 0.882
17.718 -445.744 -72.957 -0.176 0.002 0.440 0.880
17.610 -445.669 -73.000 -0.177 0.002 0.443 0.879
17.506 -445.597 -73.041 -0.178 0.002 0.445 0.877
17.441 -445.552 -73.067 -0.179 0.002 0.447 0.876
17.374 -445.506 -73.094 -0.180 0.002 0.449 0.875
17.318 -445.469 -73.116 -0.180 0.002 0.450 0.875
17.252 -445.424 -73.143 -0.181 0.002 0.452 0.874
17.180 -445.377 -73.171 -0.181 0.002 0.454 0.873
17.098 -445.323 -73.204 -0.181 0.003 0.456 0.872
17.031 -445.279 -73.230 -0.181 0.003 0.457 0.871
16.940 -445.220 -73.266 -0.182 0.003 0.459 0.870
16.844 -445.159 -73.303 -0.182 0.003 0.461 0.869
16.754 -445.103 -73.338 -0.182 0.003 0.462 0.868
16.681 -445.057 -73.367 -0.183 0.003 0.464 0.867
16.558 -444.981 -73.414 -0.183 0.004 0.467 0.865
16.475 -444.930 -73.447 -0.183 0.004 0.469 0.864
16.373 -444.868 -73.486 -0.184 0.004 0.471 0.863
16.298 -444.823 -73.515 -0.184 0.004 0.473 0.862
16.241 -444.790 -73.537 -0.185 0.004 0.474 0.861
16.145 -444.733 -73.573 -0.185 0.004 0.476 0.860
16.079 -444.694 -73.599 -0.186 0.004 0.477 0.859
15.991 -444.644 -73.632 -0.187 0.004 0.478 0.858
15.875 -444.578 -73.677 -0.187 0.004 0.480 0.857
15.804 -444.537 -73.704 -0.187 0.005 0.482 0.856
15.719 -444.490 -73.737 -0.187 0.005 0.483 0.855
15.623 -444.436 -73.773 -0.188 0.005 0.485 0.854
15.555 -444.398 -73.799 -0.188 0.005 0.486 0.854
15.448 -444.340 -73.839 -0.188 0.006 0.487 0.853
15.390 -444.308 -73.861 -0.188 0.006 0.488 0.853
15.282 -444.250 -73.902 -0.188 0.006 0.489 0.852
15.214 -444.214 -73.927 -0.188 0.006 0.490 0.851
15.129 -444.168 -73.959 -0.188 0.006 0.492 0.850
15.059 -444.131 -73.986 -0.189 0.006 0.493 0.849
14.996 -444.097 -74.009 -0.189 0.006 0.494 0.849
14.900 -444.047 -74.045 -0.189 0.006 0.495 0.848
14.820 -444.006 -74.075 -0.189 0.007 0.495 0.848
14.756 -443.972 -74.099 -0.189 0.007 0.496 0.847
14.689 -443.937 -74.124 -0.189 0.007 0.497 0.847
14.590 -443.887 -74.160 -0.189 0.007 0.497 0.847
14.508 -443.845 -74.190 -0.189 0.007 0.497 0.847
14.432 -443.806 -74.219 -0.189 0.007 0.498 0.846
14.346 -443.762 -74.250 -0.189 0.008 0.499 0.846
14.272 -443.724 -74.278 -0.189 0.008 0.500 0.845
14.166 -443.671 -74.316 -0.189 0.008 0.501 0.844
14.107 -443.641 -74.338 -0.189 0.008 0.501 0.844
