24.700 -458.432 -70.112 -0.001 0.000 0.002 1.000
24.699 -458.298 -70.112 -0.002 0.000 0.007 1.000
24.697 -458.198 -70.113 -0.004 0.000 0.010 1.000
24.695 -458.114 -70.114 -0.005 0.000 0.013 1.000
24.690 -457.968 -70.116 -0.008 0.000 0.019 1.000
24.685 -457.841 -70.118 -0.009 0.000 0.024 1.000
24.678 -457.707 -70.121 -0.011 0.000 0.028 1.000
24.673 -457.625 -70.123 -0.013 0.000 0.031 0.999
24.665 -457.510 -70.126 -0.014 0.000 0.035 0.999
24.659 -457.430 -70.128 -0.016 0.000 0.038 0.999
24.646 -457.272 -70.133 -0.018 0.000 0.044 0.999
24.638 -457.181 -70.137 -0.019 0.000 0.047 0.999
24.627 -457.076 -70.141 -0.021 0.000 0.051 0.998
24.616 -456.972 -70.145 -0.022 0.000 0.055 0.998
24.603 -456.861 -70.150 -0.024 0.000 0.059 0.998
24.593 -456.773 -70.155 -0.025 0.000 0.062 0.998
24.579 -456.670 -70.160 -0.027 0.000 0.065 0.997
24.563 -456.550 -70.167 -0.029 0.000 0.070 0.997
24.554 -456.485 -70.171 -0.030 0.000 0.072 0.997
24.540 -456.393 -70.177 -0.032 0.000 0.075 0.997
24.532 -456.341 -70.180 -0.033 0.000 0.077 0.996
24.518 -456.251 -70.186 -0.035 0.000 0.081 0.996
24.497 -456.127 -70.195 -0.036 0.000 0.085 0.996
24.472 -455.987 -70.206 -0.039 0.000 0.089 0.995
24.456 -455.902 -70.212 -0.040 0.000 0.092 0.995
24.440 -455.814 -70.220 -0.041 0.000 0.095 0.995
24.425 -455.739 -70.226 -0.042 0.000 0.098 0.994
24.402 -455.628 -70.236 -0.044 0.000 0.101 0.994
24.379 -455.519 -70.246 -0.046 0.000 0.105 0.993
24.356 -455.413 -70.256 -0.048 0.000 0.108 0.993
24.343 -455.355 -70.262 -0.049 0.000 0.110 0.993
24.317 -455.239 -70.273 -0.050 0.000 0.113 0.992
24.293 -455.137 -70.284 -0.052 0.000 0.117 0.992
24.263 -455.016 -70.297 -0.054 0.000 0.122 0.991
24.234 -454.904 -70.310 -0.056 0.000 0.126 0.990
24.217 -454.836 -70.318 -0.057 0.000 0.128 0.990
24.176 -454.684 -70.336 -0.059 0.000 0.133 0.989
24.144 -454.570 -70.350 -0.060 0.000 0.136 0.989
24.116 -454.472 -70.363 -0.061 0.000 0.139 0.988
24.093 -454.394 -70.373 -0.063 0.000 0.142 0.988
24.054 -454.264 -70.390 -0.064 0.000 0.147 0.987
24.020 -454.153 -70.405 -0.065 0.000 0.152 0.986
23.994 -454.073 -70.416 -0.066 0.000 0.154 0.986
23.971 -454.002 -70.426 -0.067 0.000 0.157 0.985
23.946 -453.925 -70.437 -0.068 0.000 0.159 0.985
23.924 -453.860 -70.446 -0.069 0.000 0.161 0.984
23.896 -453.779 -70.458 -0.070 0.000 0.164 0.984
23.836 -453.608 -70.484 -0.073 0.000 0.170 0.983
23.805 -453.524 -70.497 -0.074 0.000 0.173 0.982
23.764 -453.413 -70.514 -0.075 0.000 0.177 0.981
23.737 -453.342 -70.526 -0.076 0.000 0.180 0.981
23.707 -453.264 -70.538 -0.078 0.000 0.183 0.980
23.670 -453.170 -70.554 -0.079 0.000 0.187 0.979
23.636 -453.084 -70.569 -0.080 0.000 0.189 0.979
23.602 -453.002 -70.583 -0.081 0.000 0.192 0.978
23.569 -452.923 -70.597 -0.082 0.000 0.195 0.977
23.530 -452.830 -70.613 -0.083 0.000 0.199 0.977
23.479 -452.712 -70.634 -0.084 0.001 0.203 0.976
23.431 -452.606 -70.654 -0.086 0.000 0.207 0.974
23.393 -452.522 -70.670 -0.088 0.000 0.210 0.974
23.357 -452.443 -70.685 -0.089 0.000 0.213 0.973
23.324 -452.373 -70.699 -0.091 0.000 0.216 0.972
23.266 -452.251 -70.723 -0.092 0.000 0.220 0.971
23.240 -452.197 -70.734 -0.093 0.000 0.222 0.971
23.192 -452.100 -70.754 -0.095 0.000 0.226 0.969
23.163 -452.043 -70.766 -0.095 0.000 0.228 0.969
23.130 -451.977 -70.780 -0.096 0.000 0.230 0.968
23.088 -451.895 -70.797 -0.097 0.000 0.233 0.968
23.029 -451.782 -70.822 -0.098 0.001 0.235 0.967
22.977 -451.682 -70.844 -0.099 0.001 0.239 0.966
22.914 -451.566 -70.870 -0.100 0.001 0.242 0.965
22.860 -451.467 -70.892 -0.101 0.001 0.246 0.964
22.825 -451.404 -70.906 -0.102 0.001 0.249 0.963
22.768 -451.304 -70.929 -0.104 0.001 0.253 0.962
22.681 -451.152 -70.965 -0.105 0.001 0.257 0.961
22.630 -451.067 -70.986 -0.106 0.001 0.261 0.960
22.578 -450.980 -71.007 -0.108 0.001 0.264 0.959
22.515 -450.877 -71.033 -0.110 0.001 0.268 0.957
22.473 -450.809 -71.050 -0.111 0.001 0.270 0.956
22.428 -450.737 -71.068 -0.111 0.001 0.273 0.956
22.375 -450.653 -71.090 -0.113 0.001 0.276 0.955
22.337 -450.595 -71.105 -0.114 0.001 0.278 0.954
22.294 -450.528 -71.123 -0.114 0.001 0.280 0.953
22.246 -450.455 -71.143 -0.115 0.001 0.283 0.952
22.176 -450.351 -71.171 -0.117 0.001 0.287 0.951
22.138 -450.295 -71.186 -0.118 0.001 0.289 0.950
22.094 -450.231 -71.204 -0.118 0.001 0.292 0.949
22.038 -450.151 -71.227 -0.120 0.001 0.295 0.948
22.000 -450.097 -71.242 -0.121 0.001 0.296 0.948
21.946 -450.020 -71.264 -0.121 0.001 0.298 0.947
21.876 -449.922 -71.293 -0.122 0.001 0.300 0.946
21.830 -449.857 -71.311 -0.122 0.001 0.302 0.946
21.759 -449.761 -71.340 -0.123 0.001 0.305 0.944
21.717 -449.705 -71.357 -0.124 0.001 0.307 0.944
21.638 -449.599 -71.389 -0.125 0.002 0.310 0.942
21.559 -449.495 -71.420 -0.127 0.001 0.314 0.941
21.501 -449.419 -71.444 -0.128 0.001 0.317 0.940
21.433 -449.333 -71.471 -0.129 0.001 0.319 0.939
21.383 -449.269 -71.491 -0.130 0.001 0.321 0.938
21.313 -449.182 -71.519 -0.132 0.001 0.324 0.937
21.220 -449.067 -71.557 -0.133 0.001 0.328 0.935
21.159 -448.993 -71.581 -0.134 0.001 0.331 0.934
21.105 -448.928 -71.603 -0.136 0.001 0.333 0.933
21.045 -448.857 -71.627 -0.136 0.001 0.335 0.932
20.979 -448.780 -71.654 -0.138 0.001 0.338 0.931
20.897 -448.685 -71.687 -0.139 0.001 0.341 0.930
20.837 -448.617 -71.712 -0.139 0.001 0.343 0.929
20.766 -448.537 -71.740 -0.141 0.001 0.346 0.928
20.693 -448.455 -71.770 -0.142 0.001 0.348 0.926
20.625 -448.380 -71.798 -0.143 0.001 0.351 0.925
20.556 -448.304 -71.826 -0.144 0.001 0.353 0.924
20.490 -448.233 -71.853 -0.145 0.001 0.356 0.923
20.432 -448.172 -71.876 -0.146 0.001 0.358 0.922
20.370 -448.106 -71.901 -0.146 0.001 0.360 0.921
20.349 -448.084 -71.910 -0.147 0.001 0.360 0.921
20.278 -448.009 -71.939 -0.147 0.001 0.363 0.920
20.226 -447.957 -71.960 -0.148 0.001 0.364 0.919
20.210 -447.940 -71.966 -0.148 0.001 0.365 0.919
20.176 -447.905 -71.980 -0.149 0.001 0.366 0.919
20.102 -447.829 -72.010 -0.149 0.001 0.369 0.917
20.031 -447.758 -72.038 -0.150 0.001 0.372 0.916
19.938 -447.667 -72.076 -0.151 0.001 0.375 0.915
19.889 -447.619 -72.095 -0.152 0.002 0.377 0.914
19.828 -447.560 -72.120 -0.153 0.002 0.379 0.913
19.750 -447.485 -72.151 -0.154 0.002 0.382 0.911
19.656 -447.396 -72.189 -0.155 0.001 0.385 0.910
19.592 -447.337 -72.214 -0.156 0.001 0.387 0.909
19.526 -447.276 -72.241 -0.157 0.002 0.388 0.908
19.457 -447.213 -72.268 -0.157 0.002 0.391 0.907
19.391 -447.153 -72.295 -0.159 0.002 0.393 0.906
19.333 -447.101 -72.318 -0.159 0.002 0.395 0.905
19.250 -447.028 -72.351 -0.160 0.002 0.398 0.903
19.156 -446.946 -72.389 -0.161 0.002 0.401 0.902
19.068 -446.870 -72.424 -0.162 0.002 0.403 0.901
18.994 -446.807 -72.453 -0.163 0.002 0.405 0.900
18.939 -446.760 -72.475 -0.163 0.002 0.408 0.898
18.842 -446.680 -72.514 -0.164 0.002 0.411 0.897
18.789 -446.636 -72.535 -0.164 0.002 0.412 0.896
18.714 -446.575 -72.564 -0.165 0.002 0.414 0.895
18.641 -446.516 -72.593 -0.165 0.003 0.416 0.894
18.516 -446.416 -72.643 -0.167 0.003 0.420 0.892
18.432 -446.350 -72.675 -0.167 0.003 0.422 0.891
18.347 -446.285 -72.709 -0.168 0.003 0.424 0.890
18.268 -446.224 -72.740 -0.168 0.003 0.427 0.889
18.196 -446.169 -72.768 -0.169 0.003 0.428 0.888
18.121 -446.113 -72.797 -0.170 0.003 0.430 0.887
18.020 -446.038 -72.837 -0.171 0.003 0.433 0.885
17.956 -445.991 -72.862 -0.172 0.003 0.435 0.884
17.866 -445.926 -72.897 -0.172 0.003 0.437 0.883
17.756 -445.847 -72.940 -0.174 0.003 0.440 0.881
17.692 -445.801 -72.965 -0.175 0.003 0.441 0.880
17.639 -445.764 -72.986 -0.176 0.003 0.443 0.879
17.551 -445.703 -73.020 -0.177 0.002 0.445 0.878
17.471 -445.648 -73.052 -0.177 0.003 0.447 0.877
17.422 -445.614 -73.071 -0.178 0.003 0.448 0.876
17.357 -445.570 -73.097 -0.178 0.003 0.450 0.875
17.261 -445.506 -73.135 -0.179 0.003 0.451 0.874
17.162 -445.440 -73.174 -0.180 0.003 0.453 0.873
17.077 -445.384 -73.207 -0.180 0.003 0.455 0.872
16.986 -445.324 -73.243 -0.180 0.003 0.456 0.871
16.895 -445.265 -73.279 -0.181 0.003 0.459 0.870
16.805 -445.208 -73.313 -0.181 0.003 0.461 0.869
16.710 -445.148 -73.350 -0.182 0.003 0.463 0.867
16.647 -445.109 -73.375 -0.183 0.003 0.465 0.866
16.545 -445.046 -73.415 -0.184 0.003 0.467 0.865
16.491 -445.013 -73.436 -0.184 0.003 0.468 0.864
16.392 -444.953 -73.474 -0.185 0.003 0.470 0.863
16.326 -444.913 -73.500 -0.185 0.003 0.471 0.862
16.247 -444.866 -73.531 -0.186 0.003 0.473 0.861
16.197 -444.836 -73.550 -0.187 0.003 0.474 0.860
16.106 -444.783 -73.586 -0.187 0.003 0.476 0.860
15.992 -444.717 -73.630 -0.188 0.003 0.478 0.858
15.884 -444.655 -73.672 -0.188 0.004 0.480 0.857
15.802 -444.609 -73.703 -0.188 0.004 0.481 0.857
15.694 -444.548 -73.745 -0.188 0.004 0.482 0.856
15.612 -444.502 -73.776 -0.188 0.005 0.483 0.855
15.562 -444.474 -73.796 -0.188 0.005 0.484 0.855
15.494 -444.436 -73.822 -0.188 0.005 0.485 0.854
15.402 -444.386 -73.857 -0.188 0.005 0.486 0.854
15.309 -444.334 -73.892 -0.187 0.006 0.487 0.853
15.230 -444.291 -73.922 -0.188 0.006 0.488 0.852
15.135 -444.240 -73.957 -0.188 0.006 0.490 0.851
15.061 -444.200 -73.985 -0.188 0.006 0.491 0.850
14.941 -444.137 -74.030 -0.188 0.007 0.493 0.850
14.852 -444.090 -74.063 -0.188 0.007 0.494 0.849
14.774 -444.049 -74.092 -0.188 0.007 0.496 0.848
14.639 -443.980 -74.141 -0.187 0.008 0.497 0.847
14.501 -443.909 -74.192 -0.188 0.008 0.498 0.847
14.440 -443.878 -74.214 -0.188 0.008 0.499 0.846
14.352 -443.833 -74.247 -0.187 0.008 0.499 0.846
14.281 -443.797 -74.272 -0.187 0.009 0.500 0.845
14.186 -443.749 -74.307 -0.187 0.009 0.501 0.845
14.107 -443.709 -74.335 -0.188 0.009 0.502 0.844
