24.700 -458.410 -70.112 -0.001 0.000 0.003 1.000
24.699 -458.314 -70.112 -0.003 0.000 0.007 1.000
24.697 -458.207 -70.113 -0.004 0.000 0.011 1.000
24.693 -458.078 -70.114 -0.006 0.000 0.015 1.000
24.689 -457.960 -70.116 -0.008 0.000 0.019 1.000
24.684 -457.839 -70.118 -0.010 0.000 0.023 1.000
24.677 -457.690 -70.121 -0.012 0.000 0.027 1.000
24.672 -457.606 -70.123 -0.012 0.000 0.030 0.999
24.666 -457.508 -70.126 -0.013 0.000 0.033 0.999
24.659 -457.407 -70.129 -0.015 0.000 0.037 0.999
24.651 -457.312 -70.132 -0.017 0.000 0.040 0.999
24.639 -457.170 -70.137 -0.018 0.000 0.046 0.999
24.631 -457.080 -70.140 -0.020 0.000 0.049 0.999
24.622 -457.000 -70.143 -0.021 0.000 0.052 0.998
24.614 -456.918 -70.147 -0.023 0.000 0.055 0.998
24.605 -456.838 -70.151 -0.024 0.000 0.057 0.998
24.594 -456.751 -70.155 -0.026 0.000 0.061 0.998
24.576 -456.610 -70.163 -0.028 0.000 0.066 0.997
24.561 -456.497 -70.169 -0.029 0.000 0.070 0.997
24.544 -456.379 -70.177 -0.031 0.000 0.074 0.997
24.523 -456.248 -70.185 -0.033 0.000 0.079 0.996
24.504 -456.126 -70.193 -0.034 0.000 0.083 0.996
24.485 -456.016 -70.201 -0.036 0.000 0.086 0.996
24.462 -455.890 -70.211 -0.038 0.000 0.091 0.995
24.443 -455.787 -70.219 -0.040 0.000 0.094 0.995
24.424 -455.687 -70.227 -0.041 0.000 0.097 0.994
24.399 -455.565 -70.237 -0.042 0.000 0.102 0.994
24.378 -455.464 -70.246 -0.044 0.000 0.105 0.994
24.353 -455.351 -70.256 -0.045 0.000 0.108 0.993
24.333 -455.261 -70.265 -0.046 0.000 0.111 0.993
24.313 -455.173 -70.273 -0.048 0.000 0.114 0.992
24.297 -455.106 -70.280 -0.049 0.000 0.116 0.992
24.273 -455.007 -70.290 -0.050 0.000 0.119 0.992
24.248 -454.908 -70.301 -0.051 0.000 0.123 0.991
24.225 -454.816 -70.311 -0.053 0.000 0.126 0.991
24.190 -454.686 -70.325 -0.055 0.000 0.131 0.990
24.151 -454.544 -70.341 -0.056 0.000 0.136 0.989
24.111 -454.406 -70.358 -0.058 0.000 0.141 0.988
24.081 -454.305 -70.370 -0.060 0.000 0.145 0.988
24.052 -454.210 -70.382 -0.061 0.000 0.148 0.987
24.023 -454.117 -70.394 -0.062 0.000 0.151 0.987
23.984 -453.992 -70.410 -0.064 0.000 0.155 0.986
23.962 -453.926 -70.419 -0.065 0.000 0.158 0.985
23.927 -453.821 -70.434 -0.066 0.000 0.161 0.985
23.890 -453.714 -70.449 -0.068 0.000 0.165 0.984
23.836 -453.561 -70.471 -0.070 0.000 0.171 0.983
23.775 -453.396 -70.496 -0.073 0.000 0.177 0.982
23.738 -453.298 -70.511 -0.074 0.000 0.181 0.981
23.698 -453.195 -70.528 -0.076 0.000 0.185 0.980
23.640 -453.051 -70.552 -0.079 0.000 0.190 0.979
23.612 -452.982 -70.563 -0.080 0.000 0.193 0.978
23.568 -452.875 -70.582 -0.081 0.000 0.197 0.977
23.532 -452.792 -70.596 -0.082 0.000 0.200 0.976
23.490 -452.694 -70.614 -0.084 0.000 0.203 0.976
23.454 -452.614 -70.628 -0.085 0.000 0.206 0.975
23.422 -452.542 -70.642 -0.086 0.000 0.209 0.974
23.384 -452.460 -70.657 -0.088 0.000 0.212 0.973
23.357 -452.400 -70.669 -0.089 0.000 0.214 0.973
23.304 -452.289 -70.691 -0.091 0.000 0.219 0.972
23.272 -452.223 -70.704 -0.092 0.000 0.221 0.971
23.206 -452.087 -70.731 -0.093 0.000 0.226 0.970
23.163 -452.002 -70.749 -0.094 0.000 0.229 0.969
23.130 -451.938 -70.762 -0.094 0.000 0.231 0.968
23.094 -451.868 -70.777 -0.096 0.000 0.233 0.968
23.063 -451.808 -70.790 -0.097 0.000 0.235 0.967
23.032 -451.750 -70.802 -0.097 0.000 0.237 0.967
23.002 -451.692 -70.815 -0.097 0.000 0.239 0.966
22.969 -451.632 -70.828 -0.098 0.000 0.241 0.966
22.907 -451.517 -70.853 -0.100 0.000 0.245 0.964
22.848 -451.411 -70.877 -0.102 0.000 0.248 0.963
22.806 -451.336 -70.895 -0.103 0.000 0.251 0.963
22.765 -451.263 -70.912 -0.104 0.000 0.253 0.962
22.715 -451.177 -70.932 -0.106 0.000 0.257 0.961
22.685 -451.126 -70.945 -0.107 0.000 0.258 0.960
22.657 -451.079 -70.956 -0.108 0.000 0.260 0.960
22.612 -451.003 -70.975 -0.109 0.000 0.263 0.959
22.529 -450.867 -71.009 -0.110 0.000 0.267 0.957
22.478 -450.784 -71.030 -0.112 0.000 0.270 0.956
22.441 -450.726 -71.045 -0.113 0.000 0.272 0.956
22.409 -450.674 -71.059 -0.114 0.000 0.274 0.955
22.356 -450.591 -71.081 -0.115 0.000 0.277 0.954
22.300 -450.504 -71.104 -0.116 0.000 0.280 0.953
22.256 -450.437 -71.123 -0.117 0.000 0.282 0.952
22.213 -450.373 -71.140 -0.118 0.000 0.284 0.951
22.155 -450.287 -71.164 -0.120 0.000 0.288 0.950
22.110 -450.221 -71.183 -0.121 0.000 0.291 0.949
22.055 -450.141 -71.206 -0.122 0.000 0.294 0.948
22.011 -450.078 -71.224 -0.123 0.000 0.296 0.947
21.960 -450.007 -71.245 -0.124 0.000 0.298 0.946
21.906 -449.932 -71.268 -0.126 0.000 0.301 0.945
21.833 -449.831 -71.299 -0.126 0.000 0.304 0.944
21.772 -449.749 -71.324 -0.128 0.000 0.307 0.943
21.720 -449.679 -71.346 -0.129 0.000 0.309 0.942
21.663 -449.604 -71.369 -0.130 0.000 0.312 0.941
21.614 -449.540 -71.390 -0.131 0.000 0.314 0.940
21.547 -449.454 -71.417 -0.131 0.000 0.318 0.939
21.485 -449.374 -71.443 -0.132 0.000 0.320 0.938
21.427 -449.301 -71.467 -0.133 0.000 0.322 0.937
21.382 -449.245 -71.485 -0.133 0.000 0.324 0.937
21.308 -449.155 -71.516 -0.134 0.000 0.328 0.935
21.235 -449.066 -71.545 -0.134 0.001 0.330 0.934
21.165 -448.981 -71.574 -0.135 0.001 0.333 0.933
21.106 -448.912 -71.597 -0.136 0.001 0.335 0.932
21.055 -448.851 -71.618 -0.138 0.001 0.337 0.932
20.974 -448.757 -71.651 -0.139 0.000 0.340 0.930
20.909 -448.682 -71.678 -0.141 0.000 0.343 0.929
20.850 -448.615 -71.702 -0.141 0.000 0.345 0.928
20.785 -448.543 -71.728 -0.142 0.001 0.348 0.927
20.712 -448.462 -71.758 -0.143 0.001 0.350 0.926
20.630 -448.373 -71.792 -0.144 0.001 0.354 0.924
20.560 -448.298 -71.820 -0.146 0.001 0.357 0.923
20.515 -448.250 -71.839 -0.146 0.001 0.359 0.922
20.423 -448.153 -71.876 -0.147 0.001 0.362 0.920
20.361 -448.089 -71.901 -0.148 0.001 0.364 0.920
20.291 -448.017 -71.930 -0.149 0.001 0.366 0.919
20.221 -447.946 -71.958 -0.150 0.001 0.369 0.917
20.153 -447.878 -71.985 -0.151 0.001 0.372 0.916
20.084 -447.809 -72.013 -0.151 0.001 0.374 0.915
20.004 -447.731 -72.045 -0.152 0.001 0.377 0.914
19.930 -447.660 -72.075 -0.153 0.001 0.380 0.912
19.853 -447.587 -72.106 -0.155 0.001 0.382 0.911
19.777 -447.515 -72.137 -0.155 0.001 0.385 0.910
19.703 -447.447 -72.166 -0.156 0.002 0.387 0.909
19.594 -447.347 -72.210 -0.157 0.001 0.390 0.907
19.502 -447.263 -72.247 -0.158 0.001 0.393 0.906
19.437 -447.205 -72.273 -0.159 0.001 0.395 0.905
19.372 -447.148 -72.299 -0.160 0.002 0.398 0.904
19.292 -447.078 -72.331 -0.161 0.002 0.400 0.902
19.187 -446.988 -72.373 -0.161 0.002 0.403 0.901
19.107 -446.920 -72.404 -0.162 0.002 0.406 0.899
19.006 -446.835 -72.444 -0.164 0.002 0.409 0.898
18.926 -446.769 -72.476 -0.165 0.002 0.412 0.896
18.874 -446.726 -72.497 -0.165 0.002 0.413 0.895
18.818 -446.681 -72.519 -0.166 0.002 0.415 0.895
18.739 -446.617 -72.551 -0.168 0.001 0.417 0.893
18.683 -446.573 -72.573 -0.169 0.001 0.419 0.892
18.592 -446.502 -72.610 -0.169 0.002 0.421 0.891
18.542 -446.463 -72.630 -0.169 0.002 0.422 0.890
18.458 -446.398 -72.663 -0.170 0.002 0.425 0.889
18.382 -446.339 -72.694 -0.171 0.002 0.427 0.888
18.295 -446.273 -72.728 -0.172 0.002 0.429 0.887
18.208 -446.208 -72.763 -0.172 0.002 0.431 0.886
18.118 -446.141 -72.799 -0.173 0.002 0.433 0.885
18.052 -446.093 -72.825 -0.174 0.002 0.434 0.884
17.991 -446.048 -72.849 -0.175 0.002 0.436 0.883
17.931 -446.005 -72.873 -0.175 0.002 0.438 0.882
17.891 -445.976 -72.889 -0.176 0.002 0.439 0.881
17.802 -445.913 -72.924 -0.176 0.002 0.441 0.880
17.725 -445.859 -72.955 -0.176 0.003 0.443 0.879
17.639 -445.799 -72.989 -0.176 0.003 0.445 0.878
17.578 -445.757 -73.013 -0.176 0.003 0.446 0.877
17.462 -445.677 -73.058 -0.177 0.003 0.449 0.876
17.373 -445.618 -73.092 -0.178 0.003 0.451 0.875
17.313 -445.577 -73.116 -0.178 0.003 0.452 0.874
17.225 -445.519 -73.150 -0.179 0.003 0.454 0.873
17.143 -445.465 -73.182 -0.179 0.004 0.456 0.872
17.073 -445.420 -73.210 -0.179 0.004 0.458 0.871
16.993 -445.368 -73.240 -0.180 0.004 0.460 0.870
16.891 -445.304 -73.280 -0.180 0.005 0.462 0.868
16.819 -445.258 -73.307 -0.180 0.005 0.463 0.868
16.759 -445.221 -73.330 -0.180 0.005 0.465 0.867
16.686 -445.176 -73.357 -0.180 0.005 0.467 0.866
16.595 -445.120 -73.392 -0.181 0.005 0.469 0.865
16.531 -445.081 -73.416 -0.181 0.005 0.470 0.864
16.442 -445.028 -73.450 -0.182 0.005 0.471 0.863
16.332 -444.962 -73.492 -0.183 0.005 0.473 0.862
16.235 -444.905 -73.529 -0.184 0.005 0.476 0.860
16.144 -444.851 -73.563 -0.185 0.005 0.477 0.859
16.025 -444.783 -73.608 -0.185 0.005 0.480 0.858
15.959 -444.745 -73.634 -0.186 0.005 0.481 0.857
15.885 -444.703 -73.662 -0.186 0.005 0.482 0.856
15.762 -444.635 -73.708 -0.187 0.005 0.485 0.855
15.679 -444.589 -73.740 -0.187 0.005 0.486 0.854
15.622 -444.558 -73.761 -0.187 0.006 0.487 0.853
15.517 -444.501 -73.800 -0.187 0.006 0.488 0.853
15.450 -444.464 -73.826 -0.187 0.006 0.489 0.852
15.356 -444.413 -73.861 -0.187 0.006 0.490 0.851
15.267 -444.366 -73.894 -0.187 0.007 0.491 0.851
15.167 -444.312 -73.931 -0.187 0.007 0.492 0.850
15.104 -444.279 -73.954 -0.187 0.007 0.493 0.850
15.035 -444.243 -73.980 -0.187 0.007 0.494 0.849
14.958 -444.202 -74.008 -0.187 0.007 0.495 0.848
14.869 -444.156 -74.041 -0.187 0.008 0.496 0.848
14.755 -444.097 -74.083 -0.187 0.008 0.498 0.847
14.675 -444.056 -74.112 -0.186 0.008 0.499 0.847
14.568 -444.001 -74.151 -0.187 0.009 0.500 0.846
14.511 -443.973 -74.171 -0.187 0.009 0.500 0.846
14.404 -443.919 -74.210 -0.186 0.009 0.501 0.845
14.335 -443.884 -74.235 -0.186 0.009 0.502 0.845
14.262 -443.847 -74.261 -0.186 0.010 0.503 0.844
14.185 -443.809 -74.288 -0.186 0.010 0.503 0.844
14.121 -443.777 -74.311 -0.186 0.010 0.505 0.843
