24.700 -458.400 -70.112 -0.001 0.000 0.004 1.000
24.698 -458.300 -70.112 -0.003 0.000 0.008 1.000
24.697 -458.200 -70.113 -0.005 0.000 0.011 1.000
24.694 -458.083 -70.114 -0.006 0.000 0.015 1.000
24.690 -457.984 -70.116 -0.008 0.000 0.018 1.000
24.685 -457.861 -70.118 -0.009 0.000 0.023 1.000
24.680 -457.760 -70.120 -0.011 0.000 0.027 1.000
24.676 -457.681 -70.122 -0.011 0.000 0.030 0.999
24.670 -457.593 -70.124 -0.013 0.000 0.033 0.999
24.662 -457.475 -70.127 -0.014 0.000 0.038 0.999
24.649 -457.314 -70.132 -0.016 0.000 0.043 0.999
24.641 -457.227 -70.135 -0.017 0.000 0.046 0.999
24.630 -457.117 -70.139 -0.020 0.000 0.050 0.999
24.623 -457.045 -70.142 -0.021 0.000 0.053 0.998
24.608 -456.909 -70.148 -0.023 0.000 0.058 0.998
24.595 -456.806 -70.153 -0.025 0.000 0.061 0.998
24.582 -456.704 -70.158 -0.027 0.000 0.065 0.998
24.571 -456.619 -70.163 -0.028 0.000 0.068 0.997
24.553 -456.491 -70.170 -0.030 0.000 0.072 0.997
24.531 -456.350 -70.179 -0.032 0.000 0.077 0.997
24.507 -456.197 -70.190 -0.035 0.000 0.082 0.996
24.494 -456.122 -70.195 -0.036 0.000 0.085 0.996
24.474 -456.007 -70.204 -0.038 0.000 0.089 0.995
24.452 -455.888 -70.213 -0.040 0.000 0.093 0.995
24.428 -455.766 -70.223 -0.042 0.000 0.098 0.994
24.403 -455.642 -70.234 -0.043 0.000 0.102 0.994
24.386 -455.565 -70.241 -0.043 0.000 0.105 0.994
24.359 -455.441 -70.252 -0.046 0.000 0.109 0.993
24.338 -455.346 -70.261 -0.048 0.000 0.113 0.992
24.297 -455.176 -70.278 -0.051 0.000 0.119 0.992
24.266 -455.052 -70.292 -0.053 0.000 0.123 0.991
24.245 -454.966 -70.301 -0.054 0.000 0.126 0.991
24.224 -454.887 -70.310 -0.055 0.000 0.128 0.990
24.200 -454.796 -70.320 -0.056 0.000 0.131 0.990
24.179 -454.722 -70.329 -0.057 0.000 0.133 0.989
24.160 -454.654 -70.337 -0.058 0.000 0.136 0.989
24.138 -454.576 -70.346 -0.060 0.000 0.138 0.989
24.120 -454.513 -70.354 -0.061 0.000 0.140 0.988
24.093 -454.422 -70.366 -0.062 0.000 0.143 0.988
24.058 -454.304 -70.381 -0.064 0.000 0.147 0.987
24.042 -454.252 -70.388 -0.065 0.000 0.149 0.987
24.003 -454.128 -70.405 -0.067 0.000 0.153 0.986
23.974 -454.037 -70.418 -0.068 0.000 0.156 0.985
23.940 -453.936 -70.433 -0.070 0.000 0.159 0.985
23.895 -453.802 -70.453 -0.072 0.000 0.164 0.984
23.871 -453.734 -70.463 -0.072 0.000 0.166 0.983
23.844 -453.659 -70.475 -0.073 0.000 0.169 0.983
23.810 -453.565 -70.489 -0.074 0.000 0.172 0.982
23.767 -453.447 -70.508 -0.076 0.000 0.177 0.981
23.730 -453.348 -70.524 -0.078 0.000 0.180 0.981
23.690 -453.246 -70.542 -0.079 0.000 0.184 0.980
23.651 -453.147 -70.558 -0.080 0.000 0.187 0.979
23.619 -453.069 -70.572 -0.081 0.000 0.191 0.978
23.573 -452.956 -70.592 -0.082 0.000 0.195 0.977
23.520 -452.834 -70.614 -0.085 0.000 0.200 0.976
23.468 -452.713 -70.636 -0.087 0.000 0.205 0.975
23.429 -452.626 -70.653 -0.088 0.000 0.207 0.974
23.414 -452.593 -70.659 -0.088 0.000 0.209 0.974
23.364 -452.484 -70.680 -0.090 0.000 0.213 0.973
23.315 -452.380 -70.700 -0.091 0.000 0.217 0.972
23.267 -452.278 -70.721 -0.093 0.000 0.220 0.971
23.236 -452.214 -70.734 -0.094 0.000 0.222 0.970
23.200 -452.142 -70.749 -0.095 0.000 0.225 0.970
23.147 -452.035 -70.772 -0.097 0.000 0.229 0.968
23.094 -451.933 -70.794 -0.098 0.000 0.233 0.967
23.045 -451.838 -70.815 -0.101 0.000 0.237 0.966
22.988 -451.731 -70.839 -0.102 0.000 0.239 0.966
22.933 -451.630 -70.862 -0.103 0.000 0.243 0.965
22.887 -451.546 -70.882 -0.104 0.000 0.246 0.964
22.844 -451.467 -70.900 -0.105 0.000 0.249 0.963
22.793 -451.378 -70.922 -0.107 0.000 0.252 0.962
22.746 -451.296 -70.942 -0.108 0.000 0.255 0.961
22.712 -451.239 -70.956 -0.109 0.000 0.257 0.960
22.671 -451.168 -70.973 -0.109 0.000 0.260 0.959
22.614 -451.074 -70.997 -0.111 0.000 0.263 0.958
22.560 -450.984 -71.020 -0.111 0.001 0.267 0.957
22.515 -450.912 -71.038 -0.112 0.001 0.270 0.956
22.442 -450.795 -71.069 -0.116 0.000 0.274 0.955
22.410 -450.745 -71.083 -0.117 0.000 0.276 0.954
22.340 -450.637 -71.112 -0.118 0.000 0.280 0.953
22.296 -450.570 -71.131 -0.119 0.000 0.283 0.952
22.218 -450.456 -71.163 -0.120 0.000 0.288 0.950
22.157 -450.366 -71.189 -0.122 0.000 0.291 0.949
22.100 -450.284 -71.212 -0.123 0.000 0.294 0.948
22.059 -450.226 -71.229 -0.124 0.000 0.296 0.947
22.011 -450.158 -71.250 -0.125 0.000 0.299 0.946
21.957 -450.083 -71.272 -0.126 0.000 0.302 0.945
21.913 -450.023 -71.291 -0.127 0.000 0.304 0.944
21.820 -449.898 -71.330 -0.130 0.000 0.308 0.942
21.759 -449.816 -71.355 -0.131 0.000 0.312 0.941
21.687 -449.723 -71.386 -0.132 0.000 0.315 0.940
21.618 -449.633 -71.415 -0.134 0.000 0.317 0.939
21.579 -449.583 -71.431 -0.134 0.000 0.319 0.938
21.513 -449.501 -71.459 -0.136 0.000 0.323 0.937
21.459 -449.434 -71.481 -0.137 0.000 0.325 0.936
21.415 -449.379 -71.500 -0.138 0.000 0.326 0.935
21.325 -449.270 -71.538 -0.139 0.000 0.331 0.933
21.269 -449.203 -71.562 -0.140 0.000 0.333 0.932
21.233 -449.160 -71.577 -0.141 0.000 0.335 0.932
21.183 -449.102 -71.598 -0.142 0.000 0.337 0.931
21.091 -448.996 -71.636 -0.144 0.000 0.341 0.929
21.041 -448.938 -71.658 -0.145 0.000 0.343 0.928
20.970 -448.858 -71.688 -0.146 0.000 0.346 0.927
20.914 -448.796 -71.711 -0.146 0.000 0.348 0.926
20.854 -448.730 -71.736 -0.147 0.000 0.351 0.925
20.778 -448.647 -71.768 -0.148 0.001 0.353 0.924
20.705 -448.568 -71.799 -0.150 0.000 0.356 0.922
20.653 -448.513 -71.821 -0.150 0.000 0.357 0.922
20.567 -448.422 -71.857 -0.152 0.000 0.360 0.920
20.508 -448.360 -71.882 -0.152 0.000 0.362 0.919
20.436 -448.287 -71.912 -0.153 0.000 0.365 0.918
20.337 -448.186 -71.953 -0.154 0.001 0.368 0.917
20.281 -448.130 -71.977 -0.155 0.001 0.370 0.916
20.218 -448.068 -72.003 -0.156 0.001 0.372 0.915
20.133 -447.984 -72.038 -0.157 0.001 0.375 0.914
20.072 -447.925 -72.064 -0.157 0.001 0.377 0.913
19.995 -447.850 -72.096 -0.159 0.001 0.380 0.911
19.923 -447.782 -72.126 -0.159 0.001 0.383 0.910
19.864 -447.727 -72.150 -0.160 0.001 0.384 0.909
19.817 -447.683 -72.170 -0.160 0.001 0.386 0.909
19.754 -447.624 -72.196 -0.160 0.001 0.387 0.908
19.673 -447.551 -72.229 -0.162 0.001 0.390 0.907
19.617 -447.500 -72.252 -0.162 0.001 0.392 0.906
19.527 -447.419 -72.289 -0.163 0.001 0.395 0.904
19.435 -447.337 -72.327 -0.165 0.001 0.397 0.903
19.347 -447.260 -72.364 -0.166 0.001 0.400 0.901
19.274 -447.197 -72.394 -0.166 0.001 0.402 0.900
19.205 -447.139 -72.422 -0.167 0.001 0.405 0.899
19.119 -447.066 -72.458 -0.169 0.001 0.408 0.897
19.057 -447.015 -72.484 -0.169 0.001 0.409 0.897
18.986 -446.957 -72.512 -0.169 0.002 0.411 0.896
18.914 -446.898 -72.542 -0.170 0.002 0.414 0.894
18.826 -446.826 -72.578 -0.171 0.002 0.416 0.893
18.766 -446.779 -72.603 -0.172 0.002 0.417 0.892
18.667 -446.701 -72.643 -0.173 0.002 0.420 0.891
18.575 -446.629 -72.681 -0.174 0.002 0.423 0.889
18.502 -446.574 -72.710 -0.175 0.002 0.425 0.888
18.396 -446.494 -72.754 -0.175 0.002 0.429 0.886
18.333 -446.446 -72.779 -0.176 0.003 0.431 0.885
18.268 -446.399 -72.805 -0.176 0.003 0.432 0.884
18.149 -446.312 -72.853 -0.176 0.003 0.436 0.883
18.082 -446.263 -72.880 -0.177 0.003 0.438 0.882
18.006 -446.209 -72.910 -0.177 0.003 0.439 0.881
17.902 -446.135 -72.952 -0.178 0.004 0.442 0.879
17.857 -446.104 -72.970 -0.178 0.004 0.443 0.878
17.748 -446.029 -73.013 -0.180 0.004 0.447 0.876
17.696 -445.994 -73.034 -0.180 0.004 0.449 0.875
17.637 -445.954 -73.057 -0.181 0.004 0.450 0.874
17.565 -445.906 -73.086 -0.182 0.004 0.452 0.874
17.488 -445.855 -73.116 -0.182 0.004 0.453 0.873
17.404 -445.800 -73.150 -0.182 0.004 0.455 0.871
17.337 -445.757 -73.176 -0.183 0.004 0.456 0.871
17.199 -445.667 -73.231 -0.184 0.004 0.460 0.869
17.093 -445.601 -73.272 -0.184 0.005 0.462 0.868
16.992 -445.538 -73.312 -0.184 0.005 0.465 0.866
16.934 -445.502 -73.334 -0.185 0.005 0.466 0.865
16.873 -445.464 -73.358 -0.185 0.005 0.467 0.865
16.799 -445.420 -73.387 -0.185 0.005 0.468 0.864
16.688 -445.353 -73.430 -0.186 0.006 0.471 0.863
16.585 -445.291 -73.470 -0.186 0.006 0.473 0.861
16.507 -445.245 -73.500 -0.187 0.006 0.475 0.860
16.380 -445.171 -73.549 -0.187 0.006 0.477 0.859
16.299 -445.125 -73.580 -0.187 0.006 0.478 0.858
16.238 -445.090 -73.603 -0.187 0.006 0.479 0.857
16.143 -445.036 -73.639 -0.188 0.006 0.481 0.856
16.056 -444.988 -73.672 -0.189 0.006 0.483 0.855
15.985 -444.948 -73.699 -0.189 0.006 0.484 0.854
15.910 -444.906 -73.728 -0.190 0.006 0.485 0.853
15.825 -444.860 -73.761 -0.191 0.006 0.487 0.852
15.741 -444.814 -73.792 -0.190 0.007 0.489 0.851
15.659 -444.770 -73.824 -0.190 0.007 0.490 0.851
15.567 -444.721 -73.858 -0.190 0.007 0.491 0.850
15.474 -444.672 -73.893 -0.190 0.007 0.492 0.849
15.390 -444.627 -73.925 -0.191 0.008 0.493 0.849
15.314 -444.588 -73.953 -0.191 0.008 0.495 0.848
15.238 -444.548 -73.982 -0.191 0.008 0.495 0.848
15.140 -444.497 -74.019 -0.191 0.008 0.496 0.847
15.067 -444.460 -74.046 -0.191 0.008 0.497 0.847
14.977 -444.414 -74.079 -0.190 0.009 0.498 0.846
14.910 -444.380 -74.104 -0.190 0.009 0.499 0.845
14.841 -444.345 -74.130 -0.190 0.009 0.500 0.845
14.741 -444.294 -74.166 -0.191 0.009 0.501 0.844
14.666 -444.257 -74.194 -0.190 0.010 0.501 0.844
14.597 -444.223 -74.219 -0.190 0.010 0.502 0.844
14.508 -444.178 -74.251 -0.190 0.010 0.503 0.843
14.428 -444.139 -74.280 -0.190 0.010 0.504 0.843
14.308 -444.080 -74.324 -0.190 0.010 0.505 0.842
14.191 -444.023 -74.366 -0.190 0.011 0.507 0.841
14.097 -443.978 -74.400 -0.190 0.011 0.508 0.840
