21.499 -475.890 -70.112 -0.001 0.000 0.004 1.000
21.499 -475.811 -70.112 -0.002 0.000 0.007 1.000
21.494 -475.611 -70.114 -0.005 0.000 0.014 1.000
21.491 -475.503 -70.115 -0.007 0.000 0.018 1.000
21.486 -475.382 -70.117 -0.007 0.000 0.022 1.000
21.482 -475.288 -70.118 -0.009 0.000 0.025 1.000
21.477 -475.198 -70.120 -0.010 0.000 0.028 1.000
21.470 -475.075 -70.122 -0.012 0.000 0.032 0.999
21.462 -474.971 -70.125 -0.014 0.000 0.036 0.999
21.454 -474.865 -70.128 -0.015 0.000 0.039 0.999
21.439 -474.687 -70.134 -0.018 0.000 0.046 0.999
21.424 -474.533 -70.140 -0.020 0.000 0.051 0.999
21.414 -474.436 -70.144 -0.021 0.000 0.054 0.998
21.404 -474.347 -70.148 -0.023 0.000 0.057 0.998
21.391 -474.231 -70.153 -0.024 0.000 0.061 0.998
21.381 -474.153 -70.157 -0.025 0.000 0.063 0.998
21.366 -474.042 -70.163 -0.028 0.000 0.067 0.997
21.356 -473.970 -70.167 -0.029 0.000 0.069 0.997
21.345 -473.885 -70.173 -0.030 0.000 0.071 0.997
21.330 -473.786 -70.179 -0.031 0.000 0.074 0.997
21.310 -473.655 -70.187 -0.033 0.000 0.077 0.996
21.301 -473.596 -70.191 -0.034 0.000 0.079 0.996
21.284 -473.491 -70.198 -0.035 0.000 0.082 0.996
21.271 -473.416 -70.204 -0.036 0.000 0.085 0.996
21.256 -473.329 -70.210 -0.037 0.000 0.087 0.995
21.231 -473.190 -70.221 -0.038 0.000 0.091 0.995
21.213 -473.098 -70.228 -0.039 0.000 0.094 0.995
21.190 -472.980 -70.237 -0.040 0.000 0.097 0.994
21.172 -472.889 -70.245 -0.042 0.000 0.100 0.994
21.155 -472.810 -70.252 -0.043 0.000 0.103 0.994
21.133 -472.704 -70.261 -0.045 0.000 0.106 0.993
21.107 -472.587 -70.272 -0.047 0.000 0.109 0.993
21.092 -472.518 -70.279 -0.048 0.000 0.111 0.993
21.076 -472.449 -70.286 -0.049 0.000 0.113 0.992
21.054 -472.355 -70.295 -0.049 0.000 0.115 0.992
21.037 -472.284 -70.302 -0.050 0.000 0.117 0.992
21.013 -472.187 -70.313 -0.051 0.000 0.120 0.991
20.998 -472.126 -70.319 -0.052 0.000 0.122 0.991
20.979 -472.051 -70.327 -0.053 0.000 0.124 0.991
20.959 -471.974 -70.336 -0.054 0.000 0.126 0.991
20.916 -471.811 -70.355 -0.056 0.000 0.131 0.990
20.889 -471.710 -70.367 -0.058 0.000 0.134 0.989
20.858 -471.601 -70.380 -0.059 0.000 0.136 0.989
20.842 -471.543 -70.387 -0.060 0.000 0.137 0.989
20.819 -471.465 -70.397 -0.062 -0.001 0.139 0.988
20.798 -471.391 -70.407 -0.063 -0.001 0.141 0.988
20.763 -471.274 -70.422 -0.064 -0.001 0.144 0.988
20.727 -471.154 -70.438 -0.065 0.000 0.146 0.987
20.689 -471.031 -70.455 -0.066 0.000 0.149 0.987
20.663 -470.945 -70.467 -0.067 -0.001 0.150 0.986
20.636 -470.860 -70.479 -0.067 0.000 0.152 0.986
20.608 -470.774 -70.491 -0.068 0.000 0.154 0.986
20.580 -470.688 -70.503 -0.068 0.000 0.157 0.985
20.551 -470.598 -70.516 -0.069 0.000 0.159 0.985
20.526 -470.526 -70.526 -0.070 0.000 0.161 0.984
20.495 -470.435 -70.540 -0.070 0.000 0.162 0.984
20.468 -470.353 -70.552 -0.071 0.000 0.164 0.984
20.426 -470.234 -70.570 -0.071 0.000 0.167 0.983
20.395 -470.147 -70.583 -0.072 0.000 0.169 0.983
20.363 -470.056 -70.597 -0.073 0.000 0.172 0.982
20.328 -469.962 -70.612 -0.074 0.000 0.174 0.982
20.300 -469.885 -70.624 -0.074 0.000 0.175 0.982
20.264 -469.791 -70.639 -0.075 0.000 0.177 0.981
20.226 -469.689 -70.655 -0.075 0.000 0.180 0.981
20.193 -469.604 -70.669 -0.076 0.000 0.182 0.980
20.158 -469.515 -70.683 -0.077 0.000 0.185 0.980
20.107 -469.386 -70.704 -0.078 0.000 0.189 0.979
20.079 -469.316 -70.716 -0.079 0.000 0.191 0.978
20.048 -469.241 -70.729 -0.080 0.000 0.193 0.978
20.001 -469.130 -70.748 -0.082 0.000 0.196 0.977
19.968 -469.052 -70.762 -0.082 0.000 0.198 0.977
19.911 -468.918 -70.786 -0.083 0.000 0.201 0.976
19.875 -468.836 -70.801 -0.084 0.000 0.203 0.976
19.849 -468.778 -70.811 -0.085 0.000 0.204 0.975
19.796 -468.657 -70.833 -0.086 0.000 0.207 0.975
19.777 -468.615 -70.841 -0.086 0.000 0.208 0.974
19.721 -468.492 -70.864 -0.086 0.001 0.211 0.974
19.690 -468.425 -70.877 -0.087 0.001 0.213 0.973
19.638 -468.314 -70.898 -0.088 0.001 0.216 0.972
19.586 -468.205 -70.919 -0.089 0.001 0.218 0.972
19.537 -468.103 -70.939 -0.089 0.001 0.221 0.971
19.496 -468.016 -70.955 -0.088 0.001 0.223 0.971
19.454 -467.932 -70.972 -0.089 0.001 0.225 0.970
19.398 -467.819 -70.994 -0.089 0.001 0.226 0.970
19.370 -467.764 -71.005 -0.090 0.001 0.227 0.970
19.345 -467.712 -71.015 -0.090 0.001 0.228 0.969
19.308 -467.639 -71.029 -0.091 0.001 0.230 0.969
19.241 -467.508 -71.055 -0.091 0.002 0.233 0.968
19.203 -467.435 -71.070 -0.091 0.002 0.235 0.968
19.159 -467.352 -71.087 -0.091 0.002 0.237 0.967
19.095 -467.231 -71.111 -0.092 0.002 0.240 0.966
19.057 -467.160 -71.126 -0.092 0.002 0.241 0.966
19.013 -467.080 -71.142 -0.092 0.002 0.242 0.966
18.953 -466.969 -71.165 -0.093 0.002 0.244 0.965
18.900 -466.873 -71.184 -0.093 0.002 0.247 0.965
18.860 -466.801 -71.199 -0.093 0.002 0.248 0.964
18.798 -466.690 -71.222 -0.094 0.002 0.250 0.964
18.749 -466.602 -71.241 -0.095 0.002 0.252 0.963
18.697 -466.511 -71.260 -0.095 0.003 0.254 0.963
18.653 -466.436 -71.276 -0.095 0.003 0.255 0.962
18.595 -466.335 -71.298 -0.094 0.003 0.257 0.962
18.552 -466.261 -71.313 -0.095 0.003 0.258 0.962
18.497 -466.167 -71.334 -0.096 0.003 0.259 0.961
18.443 -466.076 -71.353 -0.096 0.003 0.261 0.961
18.389 -465.984 -71.373 -0.096 0.003 0.262 0.960
18.329 -465.885 -71.394 -0.096 0.003 0.263 0.960
18.262 -465.774 -71.418 -0.095 0.003 0.265 0.960
18.229 -465.718 -71.430 -0.095 0.004 0.266 0.959
18.188 -465.651 -71.445 -0.095 0.004 0.266 0.959
18.125 -465.549 -71.467 -0.095 0.004 0.268 0.959
18.070 -465.459 -71.486 -0.095 0.004 0.269 0.959
18.006 -465.355 -71.508 -0.095 0.004 0.270 0.958
17.973 -465.302 -71.520 -0.096 0.004 0.271 0.958
17.931 -465.233 -71.535 -0.095 0.004 0.272 0.958
17.870 -465.137 -71.555 -0.094 0.005 0.273 0.957
17.778 -464.992 -71.586 -0.094 0.005 0.275 0.957
17.731 -464.917 -71.602 -0.093 0.005 0.276 0.957
17.681 -464.838 -71.619 -0.093 0.005 0.277 0.956
17.623 -464.749 -71.638 -0.093 0.005 0.279 0.956
17.550 -464.637 -71.661 -0.094 0.006 0.281 0.955
17.502 -464.564 -71.677 -0.094 0.006 0.282 0.955
17.443 -464.473 -71.696 -0.094 0.006 0.284 0.954
17.377 -464.375 -71.717 -0.094 0.006 0.286 0.954
17.296 -464.254 -71.743 -0.095 0.006 0.288 0.953
17.247 -464.181 -71.759 -0.094 0.006 0.288 0.953
17.197 -464.106 -71.775 -0.093 0.006 0.289 0.953
17.139 -464.021 -71.793 -0.092 0.007 0.290 0.952
17.087 -463.945 -71.809 -0.092 0.007 0.292 0.952
17.038 -463.873 -71.824 -0.093 0.007 0.292 0.952
16.976 -463.783 -71.844 -0.093 0.007 0.294 0.951
16.911 -463.689 -71.864 -0.094 0.007 0.294 0.951
16.845 -463.594 -71.884 -0.094 0.007 0.295 0.951
16.779 -463.499 -71.905 -0.093 0.007 0.297 0.950
16.737 -463.441 -71.917 -0.092 0.007 0.297 0.950
16.666 -463.339 -71.939 -0.093 0.007 0.298 0.950
16.593 -463.236 -71.961 -0.092 0.008 0.299 0.950
16.536 -463.155 -71.978 -0.092 0.008 0.299 0.950
16.492 -463.094 -71.991 -0.092 0.008 0.300 0.949
16.431 -463.009 -72.009 -0.091 0.008 0.302 0.949
16.369 -462.922 -72.027 -0.090 0.009 0.303 0.949
16.318 -462.852 -72.042 -0.091 0.009 0.304 0.948
16.245 -462.750 -72.063 -0.091 0.009 0.305 0.948
16.200 -462.690 -72.076 -0.091 0.009 0.305 0.948
16.128 -462.591 -72.096 -0.090 0.009 0.306 0.948
16.066 -462.506 -72.114 -0.090 0.009 0.307 0.947
16.018 -462.441 -72.127 -0.090 0.009 0.308 0.947
15.963 -462.366 -72.143 -0.090 0.009 0.309 0.947
15.885 -462.261 -72.164 -0.090 0.009 0.310 0.946
15.809 -462.159 -72.186 -0.089 0.010 0.311 0.946
15.749 -462.079 -72.202 -0.089 0.010 0.313 0.946
15.693 -462.005 -72.217 -0.089 0.010 0.314 0.945
15.618 -461.907 -72.237 -0.087 0.011 0.315 0.945
15.523 -461.782 -72.262 -0.087 0.011 0.318 0.944
15.469 -461.711 -72.276 -0.087 0.011 0.318 0.944
15.426 -461.656 -72.288 -0.087 0.011 0.319 0.944
15.351 -461.559 -72.307 -0.087 0.011 0.320 0.943
15.269 -461.454 -72.328 -0.087 0.011 0.321 0.943
15.224 -461.397 -72.340 -0.087 0.011 0.322 0.943
15.188 -461.350 -72.349 -0.087 0.011 0.322 0.942
15.128 -461.273 -72.365 -0.087 0.012 0.323 0.942
15.068 -461.197 -72.380 -0.087 0.012 0.324 0.942
15.015 -461.131 -72.393 -0.086 0.012 0.325 0.942
14.974 -461.080 -72.403 -0.086 0.012 0.326 0.942
14.930 -461.024 -72.415 -0.086 0.012 0.327 0.941
14.862 -460.940 -72.431 -0.086 0.012 0.327 0.941
14.786 -460.845 -72.450 -0.086 0.013 0.329 0.940
14.676 -460.710 -72.477 -0.085 0.013 0.331 0.940
14.621 -460.642 -72.491 -0.085 0.013 0.331 0.940
14.554 -460.560 -72.507 -0.085 0.013 0.333 0.939
14.507 -460.503 -72.518 -0.085 0.013 0.333 0.939
14.434 -460.415 -72.536 -0.085 0.013 0.334 0.939
14.375 -460.343 -72.550 -0.084 0.014 0.335 0.938
14.326 -460.284 -72.561 -0.083 0.014 0.336 0.938
14.257 -460.201 -72.577 -0.082 0.014 0.337 0.938
14.212 -460.148 -72.587 -0.082 0.015 0.338 0.938
14.133 -460.053 -72.605 -0.082 0.015 0.339 0.937
14.074 -459.984 -72.618 -0.082 0.015 0.339 0.937
