21.500 -475.886 -70.112 -0.001 0.000 0.003 1.000
21.498 -475.774 -70.113 -0.003 0.000 0.008 1.000
21.496 -475.665 -70.113 -0.005 0.000 0.012 1.000
21.492 -475.517 -70.115 -0.007 0.000 0.017 1.000
21.486 -475.376 -70.118 -0.009 0.000 0.021 1.000
21.483 -475.304 -70.119 -0.010 0.000 0.023 1.000
21.478 -475.192 -70.121 -0.011 0.000 0.027 1.000
21.472 -475.089 -70.124 -0.012 0.000 0.030 0.999
21.465 -474.989 -70.126 -0.014 0.000 0.033 0.999
21.459 -474.896 -70.129 -0.015 0.000 0.036 0.999
21.453 -474.821 -70.131 -0.016 0.000 0.039 0.999
21.439 -474.651 -70.137 -0.018 0.000 0.045 0.999
21.424 -474.495 -70.143 -0.020 0.000 0.049 0.999
21.413 -474.391 -70.147 -0.021 0.000 0.053 0.998
21.401 -474.277 -70.152 -0.023 0.000 0.056 0.998
21.389 -474.171 -70.158 -0.025 0.000 0.059 0.998
21.375 -474.063 -70.163 -0.027 0.000 0.063 0.998
21.366 -473.989 -70.167 -0.027 0.000 0.065 0.997
21.347 -473.854 -70.175 -0.029 0.000 0.070 0.997
21.332 -473.750 -70.181 -0.030 0.000 0.073 0.997
21.316 -473.642 -70.188 -0.031 0.000 0.076 0.997
21.294 -473.504 -70.197 -0.033 0.000 0.080 0.996
21.279 -473.410 -70.203 -0.034 0.000 0.082 0.996
21.260 -473.300 -70.211 -0.035 0.000 0.086 0.996
21.248 -473.231 -70.216 -0.036 0.000 0.088 0.995
21.231 -473.136 -70.223 -0.037 0.000 0.091 0.995
21.203 -472.991 -70.234 -0.040 0.000 0.095 0.995
21.189 -472.917 -70.240 -0.041 0.000 0.097 0.994
21.169 -472.819 -70.248 -0.042 0.000 0.100 0.994
21.148 -472.718 -70.257 -0.043 0.000 0.103 0.994
21.133 -472.646 -70.263 -0.043 0.000 0.105 0.994
21.102 -472.505 -70.276 -0.045 0.000 0.110 0.993
21.075 -472.387 -70.287 -0.046 0.000 0.113 0.993
21.052 -472.290 -70.296 -0.047 0.000 0.115 0.992
21.029 -472.192 -70.306 -0.049 0.000 0.119 0.992
21.002 -472.083 -70.317 -0.051 0.000 0.122 0.991
20.969 -471.953 -70.331 -0.053 0.000 0.126 0.991
20.947 -471.870 -70.340 -0.054 0.000 0.128 0.990
20.919 -471.767 -70.351 -0.055 0.000 0.131 0.990
20.885 -471.641 -70.366 -0.057 0.000 0.134 0.989
20.847 -471.508 -70.382 -0.058 0.000 0.139 0.989
20.813 -471.389 -70.397 -0.060 0.000 0.142 0.988
20.784 -471.294 -70.409 -0.061 0.000 0.144 0.988
20.751 -471.184 -70.423 -0.063 0.000 0.148 0.987
20.715 -471.069 -70.438 -0.065 0.000 0.151 0.986
20.684 -470.972 -70.451 -0.066 0.000 0.154 0.986
20.641 -470.840 -70.470 -0.068 0.000 0.157 0.985
20.614 -470.756 -70.482 -0.069 0.000 0.160 0.985
20.589 -470.683 -70.493 -0.069 0.000 0.161 0.984
20.553 -470.577 -70.508 -0.071 0.000 0.164 0.984
20.501 -470.430 -70.530 -0.071 0.000 0.169 0.983
20.459 -470.313 -70.548 -0.072 0.000 0.172 0.982
20.414 -470.192 -70.566 -0.073 0.000 0.176 0.982
20.374 -470.085 -70.583 -0.074 0.000 0.179 0.981
20.331 -469.973 -70.601 -0.074 0.000 0.182 0.981
20.299 -469.890 -70.614 -0.075 0.000 0.183 0.980
20.253 -469.772 -70.633 -0.076 0.000 0.186 0.980
20.206 -469.656 -70.651 -0.076 0.000 0.189 0.979
20.182 -469.597 -70.661 -0.077 0.001 0.190 0.979
20.144 -469.503 -70.676 -0.077 0.001 0.193 0.978
20.110 -469.421 -70.690 -0.078 0.001 0.195 0.978
20.072 -469.333 -70.705 -0.078 0.001 0.198 0.977
20.023 -469.218 -70.724 -0.080 0.001 0.201 0.976
19.995 -469.153 -70.736 -0.081 0.001 0.203 0.976
19.934 -469.016 -70.759 -0.081 0.001 0.206 0.975
19.877 -468.888 -70.782 -0.082 0.001 0.209 0.974
19.830 -468.786 -70.800 -0.083 0.001 0.212 0.974
19.790 -468.699 -70.816 -0.084 0.001 0.214 0.973
19.729 -468.569 -70.840 -0.085 0.001 0.216 0.973
19.685 -468.475 -70.857 -0.086 0.001 0.219 0.972
19.639 -468.382 -70.875 -0.086 0.001 0.222 0.971
19.605 -468.310 -70.888 -0.086 0.001 0.223 0.971
19.563 -468.225 -70.904 -0.087 0.001 0.225 0.970
19.516 -468.132 -70.922 -0.088 0.001 0.227 0.970
19.454 -468.008 -70.946 -0.089 0.001 0.230 0.969
19.419 -467.939 -70.960 -0.090 0.001 0.231 0.969
19.366 -467.837 -70.980 -0.090 0.001 0.234 0.968
19.298 -467.708 -71.006 -0.091 0.001 0.238 0.967
19.263 -467.641 -71.020 -0.092 0.001 0.239 0.967
19.194 -467.514 -71.046 -0.092 0.002 0.243 0.966
19.137 -467.409 -71.067 -0.092 0.002 0.245 0.965
19.091 -467.327 -71.084 -0.093 0.002 0.247 0.965
19.013 -467.186 -71.114 -0.094 0.002 0.249 0.964
18.976 -467.120 -71.127 -0.094 0.002 0.251 0.963
18.917 -467.017 -71.149 -0.094 0.002 0.253 0.963
18.856 -466.910 -71.172 -0.095 0.002 0.255 0.962
18.835 -466.873 -71.180 -0.095 0.002 0.255 0.962
18.789 -466.795 -71.196 -0.095 0.002 0.258 0.961
18.735 -466.702 -71.216 -0.095 0.002 0.260 0.961
18.659 -466.575 -71.244 -0.096 0.003 0.262 0.960
18.619 -466.508 -71.258 -0.097 0.002 0.263 0.960
18.563 -466.416 -71.278 -0.097 0.003 0.265 0.959
18.511 -466.329 -71.297 -0.097 0.003 0.266 0.959
18.455 -466.238 -71.317 -0.097 0.003 0.267 0.959
18.399 -466.147 -71.337 -0.098 0.003 0.268 0.958
18.320 -466.020 -71.366 -0.099 0.003 0.272 0.957
18.266 -465.933 -71.385 -0.099 0.003 0.273 0.957
18.215 -465.851 -71.404 -0.098 0.003 0.274 0.957
18.162 -465.768 -71.423 -0.098 0.003 0.275 0.956
18.120 -465.702 -71.437 -0.098 0.004 0.277 0.956
18.075 -465.633 -71.453 -0.098 0.004 0.277 0.956
18.029 -465.561 -71.469 -0.098 0.004 0.278 0.955
17.985 -465.493 -71.484 -0.098 0.004 0.279 0.955
17.937 -465.420 -71.501 -0.098 0.004 0.280 0.955
17.879 -465.331 -71.521 -0.098 0.004 0.281 0.955
17.814 -465.231 -71.543 -0.099 0.004 0.282 0.954
17.769 -465.163 -71.558 -0.098 0.004 0.283 0.954
17.694 -465.050 -71.584 -0.098 0.004 0.285 0.954
17.655 -464.992 -71.597 -0.099 0.004 0.285 0.953
17.602 -464.912 -71.615 -0.099 0.004 0.287 0.953
17.554 -464.841 -71.632 -0.099 0.004 0.288 0.953
17.506 -464.769 -71.648 -0.099 0.004 0.289 0.952
17.437 -464.668 -71.671 -0.100 0.004 0.290 0.952
17.368 -464.567 -71.695 -0.099 0.005 0.291 0.951
17.303 -464.473 -71.716 -0.099 0.005 0.293 0.951
17.233 -464.371 -71.740 -0.099 0.005 0.294 0.951
17.185 -464.302 -71.755 -0.098 0.005 0.295 0.950
17.131 -464.224 -71.773 -0.098 0.005 0.296 0.950
17.068 -464.135 -71.793 -0.097 0.006 0.298 0.950
16.981 -464.012 -71.821 -0.097 0.006 0.299 0.949
16.928 -463.937 -71.838 -0.098 0.006 0.300 0.949
16.859 -463.842 -71.859 -0.098 0.006 0.303 0.948
16.797 -463.756 -71.879 -0.098 0.006 0.304 0.947
16.736 -463.671 -71.898 -0.098 0.006 0.305 0.947
16.680 -463.596 -71.916 -0.098 0.006 0.306 0.947
16.635 -463.534 -71.930 -0.098 0.007 0.307 0.947
16.573 -463.450 -71.949 -0.098 0.007 0.308 0.946
16.513 -463.368 -71.968 -0.098 0.007 0.309 0.946
16.451 -463.285 -71.987 -0.098 0.007 0.310 0.946
16.363 -463.168 -72.014 -0.099 0.007 0.312 0.945
16.274 -463.050 -72.041 -0.098 0.007 0.314 0.944
16.210 -462.966 -72.060 -0.098 0.007 0.315 0.944
16.150 -462.887 -72.079 -0.098 0.007 0.316 0.944
16.100 -462.822 -72.093 -0.098 0.007 0.317 0.943
16.038 -462.741 -72.112 -0.098 0.008 0.317 0.943
15.985 -462.672 -72.128 -0.097 0.008 0.318 0.943
15.953 -462.631 -72.137 -0.097 0.008 0.319 0.943
15.883 -462.540 -72.158 -0.097 0.008 0.320 0.942
15.840 -462.485 -72.170 -0.097 0.008 0.321 0.942
15.788 -462.418 -72.186 -0.097 0.008 0.321 0.942
15.722 -462.334 -72.205 -0.097 0.008 0.321 0.942
15.671 -462.270 -72.220 -0.097 0.008 0.322 0.942
15.603 -462.183 -72.240 -0.098 0.008 0.323 0.941
15.537 -462.100 -72.259 -0.097 0.008 0.324 0.941
15.475 -462.023 -72.277 -0.097 0.009 0.326 0.940
15.421 -461.955 -72.292 -0.096 0.009 0.326 0.940
15.351 -461.867 -72.312 -0.096 0.009 0.327 0.940
15.285 -461.785 -72.331 -0.096 0.009 0.327 0.940
15.228 -461.714 -72.347 -0.096 0.009 0.328 0.940
15.137 -461.602 -72.373 -0.096 0.010 0.329 0.939
15.078 -461.530 -72.389 -0.095 0.010 0.331 0.939
14.989 -461.420 -72.413 -0.094 0.010 0.331 0.939
14.892 -461.302 -72.439 -0.093 0.011 0.333 0.938
14.814 -461.208 -72.460 -0.094 0.011 0.335 0.938
14.751 -461.132 -72.477 -0.094 0.011 0.335 0.937
14.676 -461.042 -72.497 -0.094 0.011 0.336 0.937
14.620 -460.976 -72.512 -0.094 0.011 0.337 0.937
14.547 -460.889 -72.532 -0.095 0.011 0.340 0.936
14.497 -460.831 -72.545 -0.095 0.011 0.340 0.935
14.436 -460.759 -72.561 -0.095 0.011 0.341 0.935
14.360 -460.670 -72.581 -0.095 0.011 0.342 0.935
14.284 -460.582 -72.601 -0.094 0.011 0.344 0.934
14.185 -460.468 -72.627 -0.094 0.012 0.345 0.934
14.112 -460.384 -72.646 -0.094 0.012 0.346 0.933
