24.699 -458.341 -70.112 -0.002 0.000 0.005 1.000
24.697 -458.226 -70.113 -0.004 0.000 0.010 1.000
24.695 -458.114 -70.114 -0.006 0.000 0.014 1.000
24.691 -457.995 -70.116 -0.008 0.000 0.018 1.000
24.688 -457.915 -70.117 -0.010 0.000 0.021 1.000
24.681 -457.770 -70.121 -0.013 0.000 0.026 1.000
24.677 -457.694 -70.123 -0.014 0.000 0.029 0.999
24.668 -457.562 -70.127 -0.016 0.000 0.034 0.999
24.659 -457.433 -70.131 -0.019 0.000 0.037 0.999
24.646 -457.273 -70.138 -0.021 0.000 0.043 0.999
24.639 -457.193 -70.141 -0.022 0.000 0.046 0.999
24.630 -457.093 -70.146 -0.024 0.000 0.050 0.998
24.615 -456.958 -70.153 -0.027 0.000 0.055 0.998
24.604 -456.856 -70.159 -0.029 0.000 0.058 0.998
24.594 -456.780 -70.163 -0.030 0.000 0.061 0.998
24.580 -456.667 -70.170 -0.032 0.000 0.065 0.997
24.562 -456.534 -70.179 -0.034 0.000 0.070 0.997
24.549 -456.442 -70.185 -0.035 0.000 0.073 0.997
24.530 -456.319 -70.194 -0.037 0.000 0.077 0.996
24.515 -456.229 -70.201 -0.038 0.000 0.081 0.996
24.494 -456.102 -70.211 -0.040 0.000 0.086 0.996
24.474 -455.991 -70.220 -0.041 0.000 0.090 0.995
24.454 -455.880 -70.230 -0.044 0.000 0.093 0.995
24.432 -455.770 -70.240 -0.045 0.000 0.097 0.994
24.402 -455.620 -70.254 -0.047 0.000 0.103 0.994
24.378 -455.507 -70.265 -0.049 0.000 0.106 0.993
24.361 -455.430 -70.273 -0.051 0.000 0.109 0.993
24.335 -455.316 -70.285 -0.053 0.000 0.114 0.992
24.308 -455.205 -70.297 -0.055 0.000 0.117 0.992
24.290 -455.130 -70.306 -0.056 0.000 0.120 0.991
24.268 -455.042 -70.316 -0.057 0.000 0.123 0.991
24.226 -454.880 -70.335 -0.059 0.000 0.129 0.990
24.198 -454.775 -70.348 -0.059 0.000 0.133 0.989
24.180 -454.711 -70.356 -0.060 0.000 0.135 0.989
24.151 -454.608 -70.369 -0.062 0.000 0.138 0.989
24.126 -454.524 -70.380 -0.063 0.000 0.141 0.988
24.104 -454.448 -70.390 -0.064 0.000 0.143 0.988
24.078 -454.362 -70.401 -0.066 0.000 0.146 0.987
24.061 -454.305 -70.409 -0.066 0.000 0.149 0.987
24.029 -454.205 -70.423 -0.068 0.000 0.153 0.986
23.996 -454.103 -70.438 -0.070 0.000 0.156 0.985
23.968 -454.017 -70.450 -0.071 0.000 0.159 0.985
23.932 -453.911 -70.466 -0.073 0.000 0.163 0.984
23.903 -453.827 -70.479 -0.075 0.000 0.166 0.983
23.871 -453.737 -70.493 -0.076 0.000 0.168 0.983
23.835 -453.635 -70.510 -0.078 0.000 0.172 0.982
23.797 -453.532 -70.527 -0.079 0.000 0.176 0.981
23.767 -453.454 -70.540 -0.081 0.000 0.178 0.981
23.730 -453.357 -70.557 -0.082 0.000 0.181 0.980
23.685 -453.241 -70.578 -0.085 0.000 0.185 0.979
23.657 -453.170 -70.591 -0.086 0.000 0.187 0.978
23.617 -453.071 -70.609 -0.088 0.000 0.191 0.978
23.592 -453.012 -70.621 -0.089 0.000 0.193 0.977
23.557 -452.927 -70.637 -0.090 0.000 0.195 0.977
23.513 -452.824 -70.657 -0.091 0.000 0.198 0.976
23.463 -452.706 -70.681 -0.093 0.000 0.202 0.975
23.430 -452.632 -70.696 -0.095 0.000 0.205 0.974
23.396 -452.556 -70.711 -0.095 0.000 0.207 0.974
23.353 -452.462 -70.731 -0.096 0.000 0.211 0.973
23.308 -452.365 -70.751 -0.098 0.000 0.214 0.972
23.269 -452.282 -70.769 -0.099 0.000 0.217 0.971
23.230 -452.200 -70.787 -0.100 0.000 0.219 0.971
23.182 -452.102 -70.809 -0.101 0.000 0.223 0.970
23.144 -452.026 -70.826 -0.101 0.001 0.226 0.969
23.110 -451.958 -70.841 -0.102 0.001 0.228 0.968
23.047 -451.835 -70.869 -0.103 0.001 0.232 0.967
22.989 -451.723 -70.894 -0.105 0.001 0.235 0.966
22.945 -451.640 -70.914 -0.106 0.001 0.238 0.965
22.911 -451.576 -70.929 -0.107 0.001 0.240 0.965
22.866 -451.493 -70.949 -0.109 0.001 0.243 0.964
22.806 -451.384 -70.976 -0.111 0.000 0.248 0.962
22.754 -451.293 -70.999 -0.112 0.001 0.251 0.961
22.702 -451.202 -71.023 -0.113 0.001 0.255 0.960
22.675 -451.155 -71.035 -0.114 0.001 0.256 0.960
22.599 -451.027 -71.068 -0.116 0.001 0.260 0.958
22.544 -450.935 -71.093 -0.117 0.001 0.264 0.957
22.485 -450.839 -71.119 -0.119 0.001 0.268 0.956
22.428 -450.748 -71.144 -0.121 0.001 0.271 0.955
22.385 -450.681 -71.163 -0.121 0.001 0.274 0.954
22.344 -450.617 -71.181 -0.122 0.001 0.276 0.953
22.264 -450.494 -71.217 -0.124 0.001 0.281 0.952
22.218 -450.424 -71.237 -0.125 0.001 0.283 0.951
22.176 -450.362 -71.256 -0.127 0.001 0.285 0.950
22.122 -450.281 -71.280 -0.128 0.001 0.287 0.949
22.061 -450.193 -71.307 -0.129 0.001 0.290 0.948
22.013 -450.124 -71.328 -0.130 0.001 0.292 0.948
21.979 -450.075 -71.343 -0.131 0.001 0.294 0.947
21.914 -449.983 -71.372 -0.132 0.001 0.297 0.946
21.843 -449.885 -71.404 -0.134 0.001 0.301 0.944
21.792 -449.815 -71.427 -0.136 0.001 0.304 0.943
21.711 -449.706 -71.462 -0.137 0.001 0.308 0.941
21.661 -449.639 -71.485 -0.137 0.001 0.310 0.941
21.600 -449.559 -71.512 -0.138 0.001 0.313 0.940
21.548 -449.493 -71.534 -0.140 0.001 0.315 0.939
21.491 -449.419 -71.560 -0.140 0.001 0.318 0.938
21.435 -449.349 -71.584 -0.142 0.001 0.321 0.937
21.356 -449.250 -71.619 -0.143 0.001 0.324 0.935
21.324 -449.211 -71.633 -0.144 0.001 0.326 0.934
21.271 -449.147 -71.656 -0.145 0.001 0.328 0.933
21.206 -449.068 -71.685 -0.146 0.001 0.331 0.932
21.142 -448.993 -71.713 -0.147 0.001 0.333 0.931
21.083 -448.923 -71.739 -0.148 0.001 0.334 0.931
21.026 -448.856 -71.764 -0.148 0.001 0.336 0.930
20.950 -448.768 -71.798 -0.149 0.001 0.338 0.929
20.874 -448.681 -71.831 -0.151 0.001 0.342 0.928
20.825 -448.625 -71.853 -0.151 0.001 0.344 0.927
20.738 -448.528 -71.891 -0.153 0.001 0.347 0.925
20.680 -448.463 -71.916 -0.153 0.001 0.348 0.925
20.620 -448.398 -71.942 -0.154 0.001 0.351 0.924
20.536 -448.307 -71.979 -0.156 0.001 0.354 0.922
20.483 -448.250 -72.003 -0.156 0.001 0.356 0.921
20.420 -448.184 -72.030 -0.157 0.002 0.359 0.920
20.364 -448.126 -72.054 -0.157 0.002 0.361 0.919
20.283 -448.042 -72.089 -0.158 0.002 0.364 0.918
20.220 -447.977 -72.117 -0.159 0.002 0.367 0.917
20.160 -447.916 -72.143 -0.160 0.002 0.368 0.916
20.086 -447.844 -72.174 -0.160 0.003 0.371 0.915
20.041 -447.799 -72.193 -0.160 0.003 0.373 0.914
19.986 -447.745 -72.217 -0.161 0.003 0.375 0.913
19.929 -447.689 -72.241 -0.162 0.003 0.375 0.913
19.886 -447.648 -72.260 -0.162 0.003 0.377 0.912
19.813 -447.578 -72.291 -0.164 0.002 0.379 0.911
19.715 -447.486 -72.333 -0.165 0.002 0.383 0.909
19.627 -447.404 -72.370 -0.167 0.002 0.385 0.908
19.572 -447.353 -72.394 -0.167 0.002 0.386 0.907
19.489 -447.277 -72.430 -0.168 0.002 0.389 0.906
19.410 -447.205 -72.464 -0.168 0.003 0.392 0.905
19.349 -447.150 -72.490 -0.170 0.003 0.394 0.904
19.251 -447.064 -72.532 -0.171 0.003 0.397 0.902
19.157 -446.982 -72.572 -0.171 0.003 0.399 0.901
19.105 -446.937 -72.594 -0.172 0.003 0.401 0.900
19.027 -446.871 -72.627 -0.173 0.003 0.403 0.899
18.960 -446.815 -72.655 -0.173 0.003 0.406 0.897
18.878 -446.746 -72.690 -0.174 0.003 0.408 0.896
18.785 -446.670 -72.729 -0.175 0.003 0.411 0.894
18.717 -446.616 -72.758 -0.176 0.003 0.413 0.893
18.616 -446.534 -72.800 -0.177 0.004 0.416 0.892
18.533 -446.469 -72.835 -0.178 0.004 0.419 0.891
18.450 -446.404 -72.870 -0.179 0.004 0.421 0.889
18.380 -446.350 -72.899 -0.179 0.004 0.422 0.889
18.283 -446.276 -72.940 -0.180 0.004 0.425 0.887
18.229 -446.235 -72.963 -0.181 0.004 0.426 0.886
18.124 -446.156 -73.007 -0.182 0.004 0.430 0.884
18.054 -446.105 -73.036 -0.183 0.004 0.432 0.883
17.992 -446.060 -73.062 -0.183 0.004 0.434 0.882
17.947 -446.027 -73.080 -0.184 0.004 0.435 0.881
17.871 -445.973 -73.112 -0.185 0.004 0.438 0.880
17.817 -445.935 -73.134 -0.185 0.004 0.439 0.879
17.736 -445.878 -73.168 -0.185 0.004 0.441 0.878
17.670 -445.832 -73.196 -0.186 0.004 0.443 0.877
17.584 -445.773 -73.231 -0.187 0.005 0.445 0.876
17.518 -445.728 -73.259 -0.188 0.004 0.446 0.875
17.442 -445.677 -73.290 -0.189 0.004 0.448 0.874
17.386 -445.639 -73.314 -0.189 0.005 0.450 0.873
17.337 -445.607 -73.334 -0.189 0.005 0.451 0.872
17.239 -445.542 -73.374 -0.189 0.005 0.453 0.871
17.152 -445.486 -73.410 -0.190 0.005 0.456 0.870
17.069 -445.433 -73.444 -0.191 0.005 0.457 0.869
16.988 -445.381 -73.477 -0.191 0.005 0.459 0.868
16.860 -445.300 -73.530 -0.192 0.005 0.461 0.866
16.766 -445.241 -73.568 -0.191 0.006 0.462 0.866
16.695 -445.197 -73.596 -0.192 0.006 0.463 0.865
16.611 -445.145 -73.631 -0.193 0.006 0.464 0.865
16.535 -445.099 -73.662 -0.193 0.006 0.466