26.387 -423.575 -82.406 -0.026 0.000 0.052 0.998
26.375 -423.459 -82.413 -0.028 0.000 0.055 0.998
26.364 -423.361 -82.418 -0.029 0.000 0.059 0.998
26.353 -423.269 -82.424 -0.031 0.000 0.061 0.998
26.337 -423.146 -82.432 -0.034 0.000 0.066 0.997
26.326 -423.067 -82.437 -0.035 0.000 0.068 0.997
26.312 -422.969 -82.444 -0.035 0.000 0.072 0.997
26.302 -422.901 -82.449 -0.035 0.000 0.074 0.997
26.287 -422.798 -82.457 -0.037 0.000 0.077 0.996
26.264 -422.658 -82.467 -0.039 0.000 0.082 0.996
26.245 -422.543 -82.477 -0.041 0.000 0.086 0.995
26.227 -422.444 -82.485 -0.042 0.000 0.089 0.995
26.205 -422.325 -82.496 -0.044 0.000 0.092 0.995
26.174 -422.163 -82.510 -0.046 0.000 0.098 0.994
26.158 -422.084 -82.518 -0.046 0.000 0.101 0.994
26.143 -422.012 -82.525 -0.047 0.000 0.103 0.994
26.121 -421.909 -82.534 -0.047 0.000 0.106 0.993
26.105 -421.840 -82.541 -0.048 0.000 0.108 0.993
26.084 -421.745 -82.551 -0.051 0.000 0.111 0.992
26.066 -421.666 -82.559 -0.052 0.000 0.114 0.992
26.040 -421.558 -82.571 -0.053 0.000 0.117 0.992
26.019 -421.469 -82.580 -0.054 0.000 0.120 0.991
25.990 -421.356 -82.593 -0.055 0.000 0.124 0.991
25.965 -421.260 -82.604 -0.057 0.000 0.127 0.990
25.948 -421.194 -82.612 -0.058 0.000 0.129 0.990
25.925 -421.109 -82.622 -0.059 0.000 0.132 0.990
25.903 -421.027 -82.632 -0.060 0.000 0.134 0.989
25.874 -420.923 -82.645 -0.061 0.001 0.137 0.989
25.855 -420.858 -82.654 -0.061 0.001 0.139 0.988
25.828 -420.766 -82.665 -0.062 0.001 0.142 0.988
25.799 -420.666 -82.678 -0.063 0.001 0.144 0.988
25.761 -420.543 -82.695 -0.064 0.001 0.147 0.987
25.721 -420.414 -82.712 -0.066 0.001 0.151 0.986
25.698 -420.341 -82.722 -0.066 0.001 0.153 0.986
25.661 -420.225 -82.738 -0.068 0.001 0.156 0.985
25.623 -420.111 -82.755 -0.069 0.001 0.159 0.985
25.597 -420.034 -82.766 -0.069 0.001 0.161 0.984
25.559 -419.922 -82.782 -0.070 0.001 0.164 0.984
25.520 -419.811 -82.799 -0.072 0.001 0.168 0.983
25.479 -419.697 -82.816 -0.074 0.001 0.171 0.982
25.452 -419.623 -82.828 -0.074 0.001 0.173 0.982
25.413 -419.517 -82.844 -0.075 0.001 0.177 0.981
25.389 -419.453 -82.854 -0.075 0.001 0.179 0.981
25.350 -419.352 -82.871 -0.077 0.001 0.181 0.980
25.319 -419.272 -82.884 -0.078 0.001 0.183 0.980
25.275 -419.160 -82.902 -0.079 0.001 0.186 0.979
25.239 -419.070 -82.918 -0.080 0.001 0.188 0.979
25.202 -418.977 -82.934 -0.081 0.001 0.190 0.979
25.165 -418.888 -82.949 -0.082 0.001 0.193 0.978
25.116 -418.770 -82.970 -0.083 0.001 0.195 0.977
25.064 -418.647 -82.992 -0.085 0.001 0.199 0.976
25.017 -418.539 -83.012 -0.086 0.001 0.202 0.976
24.984 -418.465 -83.026 -0.087 0.001 0.204 0.975
24.934 -418.351 -83.047 -0.088 0.001 0.208 0.974
24.886 -418.247 -83.067 -0.090 0.001 0.211 0.973
24.829 -418.124 -83.092 -0.091 0.001 0.216 0.972
24.794 -418.049 -83.107 -0.093 0.001 0.218 0.972
24.762 -417.984 -83.120 -0.094 0.001 0.220 0.971
24.713 -417.882 -83.141 -0.095 0.001 0.223 0.970
24.677 -417.811 -83.156 -0.096 0.001 0.226 0.969
24.635 -417.726 -83.174 -0.098 0.001 0.229 0.969
24.579 -417.616 -83.198 -0.100 0.001 0.232 0.968
24.545 -417.550 -83.213 -0.100 0.001 0.234 0.967
24.483 -417.432 -83.239 -0.101 0.001 0.239 0.966
24.427 -417.330 -83.263 -0.103 0.001 0.243 0.964
24.381 -417.245 -83.282 -0.104 0.001 0.246 0.964
24.318 -417.133 -83.309 -0.106 0.001 0.251 0.962
24.275 -417.058 -83.327 -0.107 0.001 0.253 0.961
24.232 -416.982 -83.345 -0.108 0.001 0.256 0.961
24.195 -416.920 -83.361 -0.109 0.001 0.258 0.960
24.147 -416.839 -83.381 -0.111 0.001 0.261 0.959
24.103 -416.766 -83.399 -0.112 0.001 0.264 0.958
24.046 -416.672 -83.424 -0.114 0.001 0.267 0.957
24.019 -416.629 -83.435 -0.115 0.001 0.269 0.956
23.963 -416.538 -83.459 -0.117 0.001 0.272 0.955
23.910 -416.455 -83.482 -0.119 0.000 0.275 0.954
23.865 -416.386 -83.501 -0.119 0.001 0.277 0.953
23.836 -416.341 -83.514 -0.120 0.001 0.279 0.953
23.773 -416.245 -83.541 -0.121 0.001 0.282 0.952
23.708 -416.149 -83.568 -0.122 0.001 0.287 0.950
23.662 -416.081 -83.588 -0.123 0.001 0.289 0.949
23.622 -416.022 -83.605 -0.125 0.001 0.291 0.948
23.558 -415.930 -83.633 -0.126 0.001 0.295 0.947
23.523 -415.881 -83.647 -0.127 0.001 0.298 0.946
23.464 -415.799 -83.672 -0.129 0.001 0.302 0.945
23.413 -415.730 -83.694 -0.130 0.001 0.304 0.944
23.364 -415.664 -83.715 -0.131 0.001 0.307 0.943
23.301 -415.579 -83.742 -0.132 0.001 0.311 0.941
23.242 -415.503 -83.767 -0.134 0.001 0.315 0.940
23.159 -415.396 -83.802 -0.136 0.001 0.320 0.938
23.104 -415.328 -83.825 -0.137 0.001 0.323 0.936
23.044 -415.253 -83.850 -0.138 0.001 0.327 0.935
22.957 -415.149 -83.887 -0.140 0.001 0.332 0.933
22.901 -415.082 -83.910 -0.141 0.002 0.335 0.932
22.841 -415.012 -83.935 -0.142 0.002 0.338 0.930
22.766 -414.926 -83.966 -0.144 0.002 0.343 0.928
22.670 -414.818 -84.006 -0.146 0.002 0.348 0.926
22.613 -414.756 -84.030 -0.147 0.002 0.351 0.925
22.539 -414.675 -84.061 -0.149 0.001 0.355 0.923
22.452 -414.583 -84.097 -0.152 0.001 0.360 0.921
22.383 -414.511 -84.127 -0.154 0.001 0.363 0.919
22.301 -414.428 -84.161 -0.155 0.001 0.368 0.917
22.229 -414.355 -84.191 -0.156 0.001 0.371 0.915
22.142 -414.270 -84.228 -0.158 0.001 0.376 0.913
22.061 -414.193 -84.261 -0.160 0.001 0.380 0.911
21.992 -414.127 -84.291 -0.161 0.001 0.383 0.910
21.933 -414.072 -84.315 -0.162 0.001 0.386 0.908
21.888 -414.030 -84.334 -0.163 0.001 0.387 0.907
21.825 -413.973 -84.361 -0.164 0.001 0.390 0.906
21.736 -413.894 -84.398 -0.167 0.001 0.395 0.904
21.681 -413.844 -84.421 -0.168 0.001 0.397 0.902
21.587 -413.763 -84.461 -0.170 0.001 0.401 0.900
21.501 -413.691 -84.497 -0.171 0.001 0.406 0.898
21.449 -413.647 -84.519 -0.172 0.001 0.408 0.897
21.350 -413.565 -84.561 -0.174 0.001 0.412 0.894
21.251 -413.486 -84.602 -0.176 0.001 0.417 0.892
21.176 -413.427 -84.634 -0.177 0.001 0.420 0.890
21.104 -413.372 -84.664 -0.178 0.002 0.423 0.888
21.031 -413.316 -84.695 -0.180 0.001 0.427 0.886
20.956 -413.260 -84.726 -0.181 0.001 0.430 0.885
20.852 -413.183 -84.770 -0.183 0.001 0.435 0.882
20.774 -413.127 -84.803 -0.184 0.001 0.438 0.880
20.682 -413.063 -84.841 -0.187 0.001 0.442 0.878
20.628 -413.026 -84.864 -0.187 0.001 0.444 0.876
20.572 -412.987 -84.888 -0.188 0.002 0.446 0.875
20.475 -412.922 -84.928 -0.189 0.002 0.451 0.872
20.409 -412.878 -84.956 -0.190 0.002 0.453 0.871
20.296 -412.806 -85.003 -0.192 0.002 0.458 0.868
20.214 -412.754 -85.037 -0.194 0.001 0.461 0.866
20.131 -412.702 -85.072 -0.196 0.001 0.464 0.864
20.074 -412.667 -85.096 -0.196 0.002 0.467 0.862
19.991 -412.618 -85.131 -0.197 0.002 0.470 0.860
19.882 -412.554 -85.176 -0.199 0.002 0.475 0.857
19.780 -412.496 -85.219 -0.201 0.002 0.479 0.855
19.666 -412.433 -85.266 -0.203 0.001 0.483 0.852
19.583 -412.388 -85.301 -0.204 0.001 0.486 0.850
19.552 -412.371 -85.314 -0.205 0.001 0.487 0.849
19.479 -412.333 -85.344 -0.206 0.002 0.490 0.847
19.380 -412.281 -85.386 -0.208 0.001 0.493 0.845
19.280 -412.230 -85.428 -0.209 0.001 0.497 0.842
19.209 -412.195 -85.458 -0.210 0.001 0.499 0.841
19.124 -412.153 -85.494 -0.211 0.001 0.502 0.839
19.048 -412.117 -85.525 -0.212 0.001 0.504 0.837
18.972 -412.081 -85.557 -0.214 0.001 0.507 0.835
18.908 -412.052 -85.584 -0.214 0.001 0.509 0.834
18.811 -412.008 -85.624 -0.215 0.002 0.513 0.831
18.738 -411.975 -85.655 -0.217 0.001 0.515 0.829
18.657 -411.940 -85.689 -0.219 0.001 0.517 0.827
18.577 -411.906 -85.723 -0.220 0.001 0.519 0.826
18.449 -411.853 -85.777 -0.221 0.001 0.523 0.823
18.378 -411.824 -85.807 -0.222 0.001 0.525 0.821
18.294 -411.790 -85.842 -0.223 0.001 0.528 0.820
18.194 -411.751 -85.885 -0.225 0.000 0.531 0.817
18.075 -411.705 -85.935 -0.226 0.001 0.535 0.814
17.943 -411.657 -85.990 -0.228 0.001 0.539 0.811
17.825 -411.615 -86.040 -0.229 0.001 0.543 0.808
17.740 -411.586 -86.076 -0.230 0.001 0.546 0.806
17.630 -411.549 -86.122 -0.231 0.001 0.549 0.803
17.568 -411.529 -86.148 -0.232 0.001 0.551 0.801
17.498 -411.507 -86.177 -0.233 0.001 0.553 0.800
17.336 -411.457 -86.245 -0.235 0.001 0.557 0.796
17.272 -411.438 -86.272 -0.236 0.001 0.559 0.795
17.169 -411.408 -86.315 -0.238 0.001 0.562 0.792
17.099 -411.388 -86.345 -0.238 0.001 0.564 0.790
17.021 -411.366 -86.378 -0.239 0.001 0.567 0.788
16.920 -411.339 -86.420 -0.240 0.001 0.570 0.786
16.864 -411.325 -86.444 -0.241 0.001 0.572 0.784
16.768 -411.301 -86.484 -0.242 0.001 0.575 0.782
16.677 -411.279 -86.522 -0.243 0.001 0.577 0.780
16.540 -411.247 -86.580 -0.244 0.002 0.581 0.776
16.481 -411.234 -86.604 -0.245 0.002 0.583 0.775
16.381 -411.212 -86.646 -0.246 0.002 0.586 0.772
16.286 -411.192 -86.686 -0.248 0.002 0.589 0.769
16.171 -411.170 -86.734 -0.248 0.002 0.593 0.766
16.042 -411.146 -86.788 -0.250 0.002 0.596 0.763
15.927 -411.126 -86.836 -0.251 0.002 0.599 0.760
15.792 -411.103 -86.892 -0.252 0.002 0.602 0.757
15.716 -411.091 -86.923 -0.253 0.003 0.605 0.755
15.603 -411.075 -86.970 -0.254 0.003 0.608 0.752
15.463 -411.055 -87.028 -0.255 0.003 0.612 0.749
15.398 -411.047 -87.054 -0.255 0.003 0.613 0.747
15.286 -411.033 -87.100 -0.257 0.003 0.617 0.744
15.189 -411.023 -87.141 -0.258 0.003 0.620 0.741
15.087 -411.012 -87.183 -0.260 0.003 0.622 0.739
14.996 -411.003 -87.221 -0.261 0.002 0.625 0.736
14.890 -410.994 -87.264 -0.262 0.002 0.628 0.733
14.783 -410.986 -87.309 -0.264 0.002 0.631 0.730
14.671 -410.979 -87.355 -0.265 0.002 0.634 0.727
14.561 -410.973 -87.401 -0.266 0.003 0.637 0.723
14.483 -410.969 -87.433 -0.266 0.003 0.640 0.721
14.347 -410.964 -87.489 -0.268 0.003 0.643 0.717
14.264 -410.961 -87.523 -0.269 0.003 0.645 0.715
14.172 -410.960 -87.560 -0.270 0.003 0.648 0.713
14.062 -410.958 -87.606 -0.271 0.004 0.650 0.710
13.944 -410.958 -87.654 -0.272 0.003 0.653 0.706
13.841 -410.959 -87.697 -0.273 0.003 0.656 0.703
13.759 -410.960 -87.730 -0.275 0.003 0.658 0.701
13.634 -410.963 -87.782 -0.276 0.003 0.661 0.698
13.524 -410.967 -87.827 -0.277 0.003 0.664 0.695
13.417 -410.971 -87.872 -0.278 0.002 0.666 0.692
13.291 -410.977 -87.924 -0.280 0.002 0.668 0.689
13.215 -410.982 -87.955 -0.280 0.002 0.669 0.688
13.056 -410.991 -88.021 -0.281 0.002 0.672 0.685
12.957 -410.998 -88.062 -0.281 0.002 0.674 0.683
12.847 -411.007 -88.108 -0.283 0.002 0.676 0.680
12.715 -411.018 -88.162 -0.284 0.002 0.678 0.679
12.613 -411.027 -88.205 -0.284 0.002 0.679 0.677
12.540 -411.033 -88.235 -0.284 0.002 0.680 0.676
12.441 -411.043 -88.276 -0.285 0.002 0.681 0.675
12.318 -411.055 -88.327 -0.285 0.003 0.683 0.673
12.193 -411.069 -88.379 -0.286 0.002 0.685 0.670
12.106 -411.078 -88.414 -0.286 0.003 0.686 0.669
12.002 -411.090 -88.457 -0.286 0.003 0.687 0.667
11.921 -411.100 -88.490 -0.287 0.003 0.689 0.666
11.784 -411.117 -88.547 -0.287 0.004 0.690 0.664
11.656 -411.134 -88.599 -0.287 0.004 0.692 0.662
11.605 -411.141 -88.620 -0.287 0.004 0.693 0.661
11.484 -411.158 -88.669 -0.288 0.005 0.694 0.659
