24.699 -458.361 -70.112 -0.002 0.000 0.005 1.000
24.698 -458.251 -70.113 -0.004 0.000 0.009 1.000
24.695 -458.141 -70.114 -0.005 0.000 0.013 1.000
24.690 -457.976 -70.116 -0.009 0.000 0.020 1.000
24.686 -457.873 -70.118 -0.010 0.000 0.023 1.000
24.675 -457.680 -70.122 -0.013 0.000 0.029 0.999
24.671 -457.605 -70.125 -0.014 0.000 0.032 0.999
24.664 -457.508 -70.127 -0.015 0.000 0.035 0.999
24.655 -457.389 -70.131 -0.016 0.000 0.040 0.999
24.643 -457.249 -70.136 -0.019 0.000 0.045 0.999
24.634 -457.150 -70.140 -0.020 0.000 0.049 0.999
24.624 -457.050 -70.144 -0.021 0.000 0.053 0.998
24.608 -456.907 -70.150 -0.023 0.000 0.057 0.998
24.588 -456.744 -70.158 -0.025 0.000 0.063 0.998
24.578 -456.662 -70.162 -0.026 0.000 0.066 0.997
24.566 -456.577 -70.167 -0.028 0.000 0.069 0.997
24.554 -456.491 -70.172 -0.029 0.000 0.072 0.997
24.540 -456.396 -70.178 -0.030 0.000 0.076 0.997
24.528 -456.321 -70.182 -0.031 0.000 0.079 0.996
24.513 -456.231 -70.188 -0.032 0.000 0.082 0.996
24.492 -456.105 -70.196 -0.033 0.000 0.086 0.996
24.476 -456.017 -70.203 -0.035 0.000 0.090 0.995
24.459 -455.926 -70.209 -0.036 0.000 0.093 0.995
24.437 -455.812 -70.218 -0.037 0.000 0.097 0.995
24.418 -455.719 -70.225 -0.039 0.000 0.100 0.994
24.393 -455.595 -70.235 -0.041 0.000 0.104 0.994
24.373 -455.505 -70.243 -0.042 0.000 0.107 0.993
24.349 -455.399 -70.252 -0.043 0.000 0.111 0.993
24.330 -455.315 -70.259 -0.044 0.000 0.114 0.992
24.304 -455.207 -70.269 -0.046 0.000 0.118 0.992
24.277 -455.095 -70.280 -0.048 0.000 0.122 0.991
24.254 -455.006 -70.289 -0.049 0.000 0.125 0.991
24.223 -454.885 -70.301 -0.051 0.000 0.129 0.990
24.195 -454.781 -70.313 -0.053 0.000 0.132 0.990
24.179 -454.725 -70.319 -0.054 0.000 0.133 0.990
24.161 -454.657 -70.326 -0.055 0.000 0.135 0.989
24.127 -454.540 -70.340 -0.056 0.000 0.138 0.989
24.085 -454.396 -70.357 -0.058 0.000 0.143 0.988
24.065 -454.328 -70.365 -0.058 0.000 0.145 0.988
24.052 -454.284 -70.370 -0.059 0.000 0.147 0.987
24.017 -454.171 -70.384 -0.060 0.000 0.151 0.987
23.989 -454.083 -70.395 -0.062 0.000 0.153 0.986
23.960 -453.994 -70.407 -0.063 0.000 0.157 0.986
23.933 -453.912 -70.418 -0.064 0.000 0.160 0.985
23.893 -453.796 -70.434 -0.066 0.000 0.165 0.984
23.853 -453.681 -70.450 -0.068 0.000 0.169 0.983
23.825 -453.603 -70.461 -0.069 0.000 0.172 0.983
23.782 -453.488 -70.478 -0.071 0.000 0.176 0.982
23.759 -453.425 -70.488 -0.072 0.000 0.179 0.981
23.728 -453.345 -70.500 -0.074 0.000 0.182 0.981
23.691 -453.251 -70.515 -0.075 0.000 0.186 0.980
23.639 -453.120 -70.536 -0.075 0.000 0.191 0.979
23.596 -453.016 -70.553 -0.077 0.000 0.194 0.978
23.544 -452.894 -70.573 -0.079 0.000 0.199 0.977
23.505 -452.804 -70.589 -0.080 0.000 0.202 0.976
23.476 -452.736 -70.600 -0.081 0.000 0.205 0.975
23.422 -452.617 -70.622 -0.083 0.000 0.210 0.974
23.389 -452.545 -70.635 -0.085 0.000 0.213 0.973
23.355 -452.473 -70.648 -0.085 0.000 0.216 0.973
23.311 -452.380 -70.665 -0.086 0.000 0.219 0.972
23.253 -452.260 -70.688 -0.088 0.000 0.223 0.971
23.186 -452.126 -70.714 -0.089 0.000 0.228 0.970
23.150 -452.053 -70.729 -0.090 0.000 0.231 0.969
23.110 -451.976 -70.744 -0.091 0.000 0.234 0.968
23.063 -451.886 -70.762 -0.092 0.001 0.237 0.967
23.009 -451.785 -70.783 -0.093 0.001 0.240 0.966
22.943 -451.662 -70.809 -0.095 0.001 0.243 0.965
22.899 -451.582 -70.826 -0.095 0.001 0.246 0.965
22.846 -451.486 -70.847 -0.096 0.001 0.250 0.963
22.782 -451.374 -70.871 -0.098 0.001 0.254 0.962
22.726 -451.278 -70.893 -0.100 0.001 0.258 0.961
22.666 -451.174 -70.916 -0.102 0.000 0.261 0.960
22.609 -451.080 -70.938 -0.104 0.000 0.265 0.959
22.553 -450.989 -70.960 -0.105 0.000 0.267 0.958
22.515 -450.927 -70.975 -0.106 0.000 0.270 0.957
22.485 -450.878 -70.987 -0.107 0.000 0.272 0.956
22.434 -450.798 -71.007 -0.108 0.000 0.275 0.955
22.403 -450.750 -71.019 -0.109 0.000 0.276 0.955
22.369 -450.697 -71.033 -0.109 0.000 0.279 0.954
22.304 -450.598 -71.058 -0.111 0.000 0.282 0.953
22.253 -450.521 -71.078 -0.111 0.001 0.285 0.952
22.223 -450.475 -71.090 -0.111 0.001 0.286 0.952
22.153 -450.372 -71.117 -0.112 0.001 0.290 0.951
22.083 -450.270 -71.144 -0.113 0.001 0.292 0.950
22.035 -450.202 -71.162 -0.114 0.001 0.295 0.949
21.960 -450.095 -71.192 -0.116 0.000 0.298 0.947
21.912 -450.028 -71.210 -0.117 0.000 0.300 0.947
21.872 -449.973 -71.226 -0.118 0.000 0.301 0.946
21.820 -449.901 -71.246 -0.119 0.000 0.304 0.945
21.756 -449.813 -71.271 -0.119 0.001 0.306 0.944
21.697 -449.734 -71.294 -0.120 0.001 0.309 0.943
21.634 -449.651 -71.318 -0.121 0.001 0.312 0.943
21.578 -449.577 -71.340 -0.121 0.001 0.314 0.942
21.506 -449.482 -71.367 -0.122 0.001 0.316 0.941
21.430 -449.385 -71.396 -0.123 0.001 0.319 0.940
21.383 -449.326 -71.415 -0.124 0.001 0.321 0.939
21.352 -449.286 -71.427 -0.124 0.001 0.322 0.938
21.265 -449.177 -71.460 -0.126 0.001 0.325 0.937
21.196 -449.093 -71.487 -0.127 0.001 0.328 0.936
21.132 -449.015 -71.511 -0.128 0.001 0.331 0.935
21.063 -448.932 -71.538 -0.129 0.001 0.335 0.933
20.979 -448.833 -71.570 -0.132 0.000 0.338 0.932
20.920 -448.764 -71.594 -0.133 0.000 0.340 0.931
20.862 -448.697 -71.616 -0.133 0.000 0.343 0.930
20.794 -448.621 -71.642 -0.134 0.000 0.345 0.929
20.741 -448.560 -71.663 -0.135 0.000 0.347 0.928
20.706 -448.522 -71.677 -0.136 0.000 0.349 0.927
20.674 -448.487 -71.689 -0.136 0.000 0.350 0.927
20.592 -448.396 -71.721 -0.137 0.000 0.352 0.926
20.535 -448.335 -71.743 -0.138 0.000 0.355 0.925
20.435 -448.227 -71.782 -0.140 0.000 0.358 0.923
20.360 -448.148 -71.811 -0.141 0.000 0.360 0.922
20.299 -448.083 -71.835 -0.142 0.000 0.362 0.921
20.228 -448.010 -71.863 -0.143 0.000 0.364 0.920
20.166 -447.946 -71.888 -0.143 0.000 0.366 0.919
20.103 -447.882 -71.912 -0.144 0.000 0.369 0.918
20.035 -447.814 -71.939 -0.145 0.000 0.371 0.917
19.958 -447.736 -71.969 -0.145 0.001 0.373 0.916
19.882 -447.661 -71.998 -0.146 0.001 0.376 0.915
19.826 -447.606 -72.020 -0.147 0.001 0.378 0.914
19.762 -447.545 -72.045 -0.148 0.001 0.380 0.913
19.688 -447.474 -72.074 -0.149 0.000 0.382 0.912
19.639 -447.428 -72.093 -0.150 0.000 0.384 0.911
19.576 -447.368 -72.117 -0.150 0.000 0.386 0.910
19.503 -447.301 -72.145 -0.151 0.000 0.388 0.909
19.454 -447.255 -72.165 -0.152 0.000 0.389 0.909
19.371 -447.179 -72.197 -0.152 0.001 0.391 0.908
19.274 -447.091 -72.234 -0.152 0.001 0.394 0.907
19.218 -447.041 -72.256 -0.153 0.001 0.396 0.906
19.147 -446.978 -72.284 -0.153 0.001 0.398 0.905
19.073 -446.913 -72.312 -0.154 0.001 0.399 0.904
19.014 -446.861 -72.335 -0.155 0.001 0.402 0.903
18.948 -446.805 -72.360 -0.156 0.001 0.403 0.902
18.879 -446.745 -72.386 -0.156 0.001 0.405 0.901
18.828 -446.702 -72.406 -0.156 0.001 0.406 0.900
18.731 -446.620 -72.443 -0.158 0.001 0.408 0.899
18.646 -446.548 -72.476 -0.158 0.001 0.410 0.898
18.543 -446.463 -72.516 -0.159 0.001 0.412 0.897
18.432 -446.373 -72.558 -0.161 0.001 0.415 0.895
18.373 -446.325 -72.581 -0.161 0.001 0.417 0.895
18.326 -446.288 -72.599 -0.161 0.001 0.418 0.894
18.217 -446.202 -72.641 -0.162 0.001 0.422 0.892
18.167 -446.162 -72.660 -0.163 0.001 0.423 0.891
18.045 -446.068 -72.706 -0.164 0.001 0.426 0.890
17.949 -445.994 -72.743 -0.164 0.002 0.429 0.889
17.841 -445.912 -72.784 -0.164 0.002 0.432 0.887
17.776 -445.864 -72.809 -0.164 0.002 0.433 0.886
17.696 -445.805 -72.839 -0.165 0.003 0.435 0.885
17.603 -445.737 -72.873 -0.165 0.003 0.437 0.884
17.546 -445.695 -72.894 -0.165 0.003 0.439 0.883
17.421 -445.606 -72.941 -0.165 0.003 0.442 0.882
17.346 -445.552 -72.969 -0.165 0.004 0.443 0.881
17.286 -445.510 -72.991 -0.166 0.003 0.445 0.880
17.199 -445.449 -73.023 -0.167 0.003 0.446 0.879
17.123 -445.397 -73.051 -0.167 0.003 0.448 0.878
17.046 -445.344 -73.079 -0.168 0.003 0.449 0.877
16.966 -445.289 -73.109 -0.168 0.004 0.451 0.876
16.886 -445.236 -73.138 -0.168 0.004 0.453 0.876
16.802 -445.180 -73.169 -0.168 0.004 0.454 0.875
16.733 -445.134 -73.194 -0.168 0.004 0.456 0.874
16.667 -445.090 -73.218 -0.169 0.005 0.457 0.873
16.544 -445.009 -73.263 -0.169 0.005 0.459 0.872
16.451 -444.950 -73.297 -0.170 0.005 0.461 0.871
16.397 -444.915 -73.316 -0.171 0.005 0.462 0.870
16.302 -444.855 -73.351 -0.171 0.005 0.464 0.869
16.241 -444.816 -73.373 -0.172 0.005 0.465 0.868
16.177 -444.777 -73.396 -0.172 0.005 0.466 0.868
16.086 -444.720 -73.429 -0.173 0.005 0.468 0.867
16.016 -444.678 -73.454 -0.173 0.005 0.469 0.866
15.930 -444.625 -73.486 -0.174 0.004 0.471 0.865
15.852 -444.578 -73.514 -0.174 0.005 0.473 0.864
15.776 -444.532 -73.542 -0.174 0.005 0.474 0.863
15.712 -444.494 -73.564 -0.174 0.005 0.475 0.863
15.617 -444.437 -73.599 -0.174 0.005 0.476 0.862
15.549 -444.398 -73.623 -0.173 0.006 0.476 0.862
15.453 -444.341 -73.657 -0.173 0.006 0.477 0.862
15.365 -444.289 -73.688 -0.174 0.006 0.478 0.861
15.269 -444.233 -73.723 -0.174 0.006 0.479 0.860
15.188 -444.187 -73.751 -0.173 0.007 0.481 0.860
15.099 -444.136 -73.782 -0.173 0.007 0.482 0.859
15.032 -444.097 -73.806 -0.174 0.007 0.483 0.858
14.973 -444.064 -73.826 -0.174 0.007 0.484 0.858
14.921 -444.034 -73.845 -0.174 0.007 0.485 0.857
14.860 -444.000 -73.866 -0.174 0.008 0.486 0.856
14.771 -443.951 -73.897 -0.174 0.008 0.487 0.856
14.677 -443.899 -73.929 -0.173 0.008 0.488 0.856
14.592 -443.852 -73.958 -0.173 0.009 0.489 0.855
14.534 -443.820 -73.978 -0.173 0.009 0.490 0.854
14.429 -443.763 -74.014 -0.173 0.009 0.491 0.853
14.342 -443.716 -74.043 -0.173 0.009 0.493 0.853
14.255 -443.669 -74.073 -0.173 0.009 0.493 0.853
14.160 -443.618 -74.105 -0.173 0.010 0.495 0.852
