26.392 -423.623 -82.404 -0.025 0.000 0.050 0.998
26.381 -423.513 -82.410 -0.026 0.000 0.054 0.998
26.369 -423.406 -82.415 -0.027 0.000 0.058 0.998
26.355 -423.292 -82.422 -0.029 0.000 0.062 0.998
26.343 -423.197 -82.427 -0.031 0.000 0.066 0.997
26.334 -423.130 -82.432 -0.032 0.000 0.068 0.997
26.320 -423.029 -82.438 -0.033 0.000 0.071 0.997
26.302 -422.906 -82.447 -0.035 0.000 0.075 0.997
26.280 -422.770 -82.456 -0.036 0.000 0.079 0.996
26.260 -422.645 -82.466 -0.037 0.000 0.082 0.996
26.236 -422.504 -82.476 -0.039 0.000 0.087 0.995
26.208 -422.353 -82.489 -0.041 0.000 0.092 0.995
26.184 -422.228 -82.499 -0.042 0.000 0.096 0.994
26.165 -422.131 -82.508 -0.043 0.000 0.099 0.994
26.150 -422.060 -82.514 -0.044 0.000 0.101 0.994
26.137 -421.995 -82.520 -0.044 0.000 0.104 0.994
26.120 -421.920 -82.527 -0.045 0.000 0.106 0.993
26.103 -421.839 -82.534 -0.046 0.000 0.108 0.993
26.080 -421.738 -82.544 -0.048 0.000 0.112 0.993
26.058 -421.645 -82.553 -0.049 0.000 0.115 0.992
26.043 -421.579 -82.560 -0.050 0.000 0.117 0.992
26.024 -421.501 -82.568 -0.051 0.000 0.120 0.991
25.995 -421.386 -82.581 -0.053 0.000 0.123 0.991
25.976 -421.313 -82.588 -0.054 0.000 0.125 0.991
25.946 -421.198 -82.601 -0.056 0.000 0.129 0.990
25.908 -421.055 -82.618 -0.057 0.000 0.133 0.989
25.884 -420.969 -82.628 -0.059 0.000 0.135 0.989
25.845 -420.832 -82.645 -0.059 0.000 0.139 0.989
25.811 -420.715 -82.660 -0.060 0.000 0.142 0.988
25.782 -420.618 -82.672 -0.061 0.000 0.144 0.988
25.749 -420.508 -82.686 -0.062 0.000 0.147 0.987
25.704 -420.365 -82.705 -0.064 0.001 0.151 0.986
25.676 -420.277 -82.717 -0.065 0.001 0.153 0.986
25.636 -420.154 -82.733 -0.066 0.001 0.156 0.985
25.585 -419.999 -82.755 -0.067 0.001 0.162 0.984
25.534 -419.853 -82.776 -0.070 0.001 0.167 0.983
25.506 -419.773 -82.788 -0.070 0.001 0.169 0.983
25.482 -419.706 -82.798 -0.071 0.001 0.171 0.983
25.433 -419.574 -82.818 -0.073 0.001 0.175 0.982
25.403 -419.491 -82.830 -0.073 0.001 0.177 0.981
25.362 -419.385 -82.847 -0.074 0.001 0.181 0.981
25.333 -419.308 -82.859 -0.075 0.001 0.183 0.980
25.304 -419.236 -82.870 -0.075 0.001 0.185 0.980
25.253 -419.108 -82.891 -0.076 0.001 0.189 0.979
25.203 -418.985 -82.911 -0.078 0.001 0.192 0.978
25.169 -418.903 -82.925 -0.079 0.001 0.194 0.978
25.128 -418.805 -82.941 -0.079 0.001 0.196 0.977
25.066 -418.658 -82.966 -0.080 0.001 0.201 0.976
25.023 -418.559 -82.983 -0.080 0.001 0.203 0.976
24.985 -418.473 -82.998 -0.081 0.001 0.206 0.975
24.948 -418.392 -83.013 -0.083 0.001 0.209 0.974
24.883 -418.249 -83.038 -0.084 0.002 0.214 0.973
24.837 -418.153 -83.056 -0.085 0.002 0.218 0.972
24.778 -418.030 -83.079 -0.087 0.002 0.222 0.971
24.727 -417.927 -83.099 -0.088 0.002 0.226 0.970
24.671 -417.816 -83.121 -0.090 0.002 0.230 0.969
24.619 -417.714 -83.141 -0.092 0.002 0.234 0.968
24.576 -417.631 -83.158 -0.093 0.002 0.236 0.967
24.529 -417.543 -83.176 -0.093 0.002 0.239 0.966
24.489 -417.468 -83.192 -0.095 0.002 0.242 0.966
24.415 -417.333 -83.220 -0.096 0.002 0.247 0.964
24.349 -417.216 -83.246 -0.098 0.002 0.252 0.963
24.303 -417.135 -83.264 -0.100 0.001 0.255 0.962
24.252 -417.048 -83.284 -0.101 0.002 0.258 0.961
24.200 -416.960 -83.304 -0.102 0.002 0.262 0.960
24.143 -416.865 -83.327 -0.104 0.001 0.265 0.959
24.109 -416.810 -83.340 -0.105 0.001 0.267 0.958
24.035 -416.690 -83.369 -0.107 0.001 0.271 0.956
23.987 -416.613 -83.388 -0.109 0.001 0.274 0.955
23.927 -416.520 -83.412 -0.110 0.001 0.278 0.954
23.869 -416.431 -83.434 -0.112 0.001 0.280 0.953
23.825 -416.364 -83.452 -0.113 0.001 0.283 0.952
23.777 -416.292 -83.471 -0.114 0.001 0.286 0.951
23.705 -416.186 -83.500 -0.117 0.001 0.291 0.950
23.632 -416.080 -83.529 -0.119 0.001 0.295 0.948
23.563 -415.984 -83.557 -0.120 0.001 0.299 0.947
23.508 -415.907 -83.579 -0.122 0.001 0.303 0.945
23.436 -415.809 -83.608 -0.124 0.001 0.307 0.944
23.360 -415.708 -83.638 -0.126 0.001 0.312 0.942
23.319 -415.654 -83.655 -0.127 0.001 0.314 0.941
23.281 -415.605 -83.670 -0.128 0.001 0.317 0.940
23.239 -415.551 -83.687 -0.128 0.001 0.319 0.939
23.192 -415.492 -83.706 -0.129 0.001 0.322 0.938
23.124 -415.408 -83.733 -0.131 0.001 0.326 0.936
23.067 -415.338 -83.756 -0.132 0.001 0.329 0.935
23.032 -415.295 -83.770 -0.133 0.001 0.331 0.934
22.962 -415.211 -83.798 -0.135 0.001 0.335 0.932
22.889 -415.127 -83.827 -0.136 0.001 0.339 0.931
22.830 -415.058 -83.851 -0.138 0.001 0.342 0.929
22.767 -414.986 -83.877 -0.139 0.001 0.345 0.928
22.698 -414.909 -83.904 -0.140 0.001 0.349 0.927
22.644 -414.849 -83.926 -0.142 0.001 0.352 0.925
22.586 -414.787 -83.949 -0.143 0.001 0.355 0.924
22.493 -414.687 -83.987 -0.145 0.000 0.359 0.922
22.414 -414.605 -84.019 -0.147 0.000 0.363 0.920
22.364 -414.552 -84.039 -0.148 0.000 0.366 0.919
22.325 -414.512 -84.055 -0.149 0.000 0.367 0.918
22.253 -414.440 -84.084 -0.151 0.000 0.371 0.916
22.175 -414.363 -84.115 -0.152 0.000 0.375 0.914
22.104 -414.294 -84.145 -0.154 0.000 0.378 0.913
22.053 -414.245 -84.165 -0.154 0.000 0.381 0.912
21.985 -414.181 -84.193 -0.156 0.000 0.384 0.910
21.922 -414.122 -84.218 -0.157 0.000 0.387 0.909
21.874 -414.078 -84.238 -0.158 0.000 0.389 0.908
21.781 -413.993 -84.276 -0.160 0.000 0.393 0.905
21.690 -413.913 -84.313 -0.162 0.000 0.397 0.903
21.610 -413.843 -84.345 -0.163 0.000 0.401 0.902
21.525 -413.770 -84.380 -0.166 0.000 0.405 0.899
21.460 -413.716 -84.406 -0.166 0.000 0.408 0.898
21.396 -413.662 -84.433 -0.168 0.000 0.411 0.896
21.285 -413.572 -84.478 -0.170 0.000 0.416 0.893
21.219 -413.520 -84.505 -0.171 0.000 0.419 0.892
21.171 -413.482 -84.525 -0.172 0.000 0.421 0.890
21.105 -413.431 -84.551 -0.173 0.000 0.424 0.889
21.013 -413.361 -84.589 -0.175 0.000 0.428 0.887
20.917 -413.289 -84.629 -0.177 -0.001 0.432 0.884
20.834 -413.229 -84.663 -0.179 -0.001 0.435 0.882
20.762 -413.177 -84.692 -0.180 -0.001 0.439 0.880
20.696 -413.131 -84.720 -0.181 -0.001 0.441 0.879
20.627 -413.083 -84.748 -0.182 -0.001 0.444 0.877
20.546 -413.027 -84.781 -0.184 -0.001 0.448 0.875
20.442 -412.957 -84.824 -0.186 -0.001 0.453 0.872
20.366 -412.908 -84.855 -0.187 0.000 0.455 0.870
20.298 -412.864 -84.883 -0.188 -0.001 0.458 0.869
20.226 -412.818 -84.913 -0.189 0.000 0.461 0.867
20.128 -412.758 -84.953 -0.191 -0.001 0.465 0.864
20.043 -412.706 -84.988 -0.192 -0.001 0.469 0.862
19.943 -412.646 -85.029 -0.194 -0.001 0.473 0.859
19.859 -412.597 -85.064 -0.196 -0.001 0.476 0.857
19.775 -412.550 -85.098 -0.197 -0.001 0.479 0.855
19.700 -412.507 -85.129 -0.198 -0.001 0.482 0.853
19.592 -412.449 -85.174 -0.199 -0.001 0.486 0.851
19.495 -412.397 -85.213 -0.201 0.000 0.490 0.848
19.423 -412.359 -85.243 -0.202 0.000 0.493 0.846
19.364 -412.329 -85.267 -0.203 0.000 0.495 0.845
19.259 -412.276 -85.310 -0.204 0.000 0.499 0.842
19.122 -412.209 -85.366 -0.205 0.001 0.504 0.839
19.031 -412.166 -85.403 -0.206 0.000 0.508 0.836
18.933 -412.120 -85.442 -0.208 0.000 0.512 0.834
18.839 -412.078 -85.481 -0.210 0.000 0.515 0.831
18.760 -412.043 -85.513 -0.211 0.000 0.517 0.830
18.665 -412.002 -85.552 -0.212 0.000 0.520 0.827
18.536 -411.948 -85.604 -0.214 0.000 0.525 0.824
18.422 -411.902 -85.650 -0.216 0.000 0.529 0.821
18.363 -411.878 -85.675 -0.217 0.000 0.530 0.820
18.259 -411.837 -85.717 -0.218 0.000 0.533 0.817
18.144 -411.793 -85.764 -0.220 0.000 0.537 0.815
18.028 -411.751 -85.811 -0.220 0.000 0.541 0.812
17.920 -411.712 -85.855 -0.221 0.001 0.545 0.809
17.813 -411.675 -85.899 -0.222 0.001 0.548 0.806
17.713 -411.642 -85.939 -0.223 0.002 0.551 0.804
17.595 -411.604 -85.986 -0.224 0.002 0.555 0.801
17.514 -411.578 -86.019 -0.225 0.002 0.557 0.799
17.410 -411.547 -86.060 -0.227 0.001 0.561 0.796
17.311 -411.517 -86.100 -0.228 0.001 0.563 0.794
17.229 -411.494 -86.134 -0.230 0.001 0.566 0.792
17.117 -411.463 -86.179 -0.231 0.000 0.569 0.789
17.031 -411.439 -86.214 -0.233 0.000 0.572 0.787
16.916 -411.409 -86.261 -0.234 0.000 0.575 0.784
16.821 -411.385 -86.299 -0.235 0.001 0.578 0.782
16.714 -411.360 -86.343 -0.236 0.000 0.580 0.779
16.579 -411.329 -86.397 -0.237 0.001 0.584 0.776
16.453 -411.301 -86.448 -0.239 0.001 0.588 0.773
16.384 -411.287 -86.476 -0.239 0.001 0.590 0.771
16.272 -411.264 -86.522 -0.241 0.000 0.593 0.768
16.205 -411.251 -86.549 -0.242 0.000 0.595 0.766
16.142 -411.240 -86.575 -0.243 0.000 0.597 0.765
16.076 -411.227 -86.601 -0.244 0.000 0.598 0.763
15.979 -411.210 -86.641 -0.245 0.000 0.601 0.761
15.881 -411.194 -86.681 -0.245 0.000 0.603 0.759
15.780 -411.177 -86.722 -0.247 0.000 0.606 0.756
15.690 -411.163 -86.759 -0.248 0.000 0.608 0.754
15.579 -411.147 -86.804 -0.249 0.000 0.611 0.751
15.481 -411.134 -86.844 -0.250 0.000 0.614 0.748
15.367 -411.120 -86.890 -0.252 0.000 0.618 0.745
15.266 -411.109 -86.932 -0.253 0.000 0.621 0.742
15.155 -411.097 -86.977 -0.255 -0.001 0.623 0.739
15.059 -411.087 -87.016 -0.256 -0.001 0.626 0.737
14.964 -411.079 -87.055 -0.256 0.000 0.629 0.734
14.854 -411.070 -87.100 -0.258 0.000 0.631 0.732
14.773 -411.064 -87.133 -0.258 0.000 0.633 0.730
14.693 -411.059 -87.166 -0.259 -0.001 0.635 0.728
14.622 -411.054 -87.195 -0.261 -0.001 0.637 0.726
14.543 -411.050 -87.227 -0.261 0.000 0.639 0.724
14.421 -411.044 -87.277 -0.262 0.000 0.642 0.720
14.355 -411.042 -87.304 -0.263 -0.001 0.644 0.718
14.259 -411.039 -87.344 -0.264 0.000 0.647 0.716
14.171 -411.037 -87.379 -0.265 0.000 0.649 0.714
14.116 -411.036 -87.402 -0.265 0.000 0.650 0.712
13.997 -411.035 -87.451 -0.266 0.000 0.653 0.709
13.798 -411.035 -87.532 -0.268 0.000 0.658 0.704
13.726 -411.036 -87.561 -0.269 0.000 0.660 0.702
13.607 -411.039 -87.610 -0.270 0.000 0.663 0.698
13.493 -411.042 -87.656 -0.271 0.000 0.665 0.696
13.369 -411.047 -87.707 -0.272 0.000 0.667 0.694
13.279 -411.051 -87.743 -0.273 0.000 0.669 0.692
13.160 -411.057 -87.792 -0.274 0.000 0.671 0.689
13.083 -411.061 -87.823 -0.274 0.000 0.672 0.688
12.991 -411.067 -87.861 -0.274 0.000 0.673 0.687
12.907 -411.072 -87.895 -0.275 0.000 0.675 0.685
12.835 -411.077 -87.924 -0.275 0.000 0.676 0.684
12.759 -411.082 -87.955 -0.275 0.001 0.677 0.683
12.679 -411.088 -87.988 -0.276 0.001 0.678 0.681
12.600 -411.095 -88.020 -0.276 0.001 0.680 0.680
12.483 -411.105 -88.067 -0.277 0.001 0.682 0.677
12.396 -411.112 -88.102 -0.277 0.001 0.683 0.676
12.265 -411.125 -88.155 -0.278 0.001 0.685 0.674
12.165 -411.135 -88.195 -0.279 0.001 0.686 0.672
12.058 -411.147 -88.239 -0.279 0.001 0.688 0.670
11.969 -411.157 -88.275 -0.279 0.002 0.689 0.668
11.901 -411.165 -88.302 -0.280 0.002 0.690 0.667
11.774 -411.181 -88.353 -0.279 0.003 0.692 0.666
11.698 -411.190 -88.383 -0.280 0.002 0.693 0.665
11.565 -411.208 -88.436 -0.280 0.003 0.694 0.663
