26.391 -423.614 -82.404 -0.025 0.000 0.051 0.998
26.382 -423.526 -82.409 -0.027 0.000 0.053 0.998
26.372 -423.437 -82.414 -0.028 0.000 0.056 0.998
26.360 -423.332 -82.420 -0.030 0.000 0.060 0.998
26.344 -423.205 -82.428 -0.032 0.000 0.064 0.997
26.336 -423.145 -82.432 -0.033 0.000 0.066 0.997
26.326 -423.071 -82.437 -0.034 0.000 0.069 0.997
26.313 -422.980 -82.443 -0.036 0.000 0.072 0.997
26.298 -422.876 -82.451 -0.037 0.000 0.075 0.997
26.282 -422.772 -82.459 -0.038 0.000 0.078 0.996
26.268 -422.686 -82.465 -0.039 0.000 0.081 0.996
26.252 -422.587 -82.473 -0.041 0.000 0.084 0.996
26.237 -422.503 -82.480 -0.042 0.000 0.086 0.995
26.225 -422.433 -82.486 -0.043 0.000 0.089 0.995
26.202 -422.310 -82.497 -0.044 0.000 0.092 0.995
26.180 -422.196 -82.508 -0.046 0.000 0.096 0.994
26.163 -422.111 -82.515 -0.046 0.000 0.099 0.994
26.142 -422.005 -82.526 -0.048 0.000 0.102 0.994
26.115 -421.879 -82.538 -0.049 0.000 0.105 0.993
26.088 -421.758 -82.550 -0.051 0.000 0.110 0.993
26.054 -421.607 -82.566 -0.052 0.000 0.115 0.992
26.024 -421.482 -82.580 -0.054 0.000 0.118 0.992
26.002 -421.392 -82.590 -0.055 0.000 0.121 0.991
25.977 -421.295 -82.601 -0.056 0.000 0.124 0.991
25.961 -421.231 -82.608 -0.056 0.000 0.126 0.990
25.931 -421.119 -82.621 -0.058 0.001 0.130 0.990
25.895 -420.985 -82.638 -0.060 0.001 0.134 0.989
25.869 -420.895 -82.649 -0.061 0.001 0.137 0.989
25.844 -420.805 -82.660 -0.062 0.001 0.140 0.988
25.813 -420.700 -82.674 -0.063 0.001 0.143 0.988
25.790 -420.623 -82.684 -0.064 0.001 0.145 0.987
25.755 -420.508 -82.700 -0.065 0.001 0.148 0.987
25.737 -420.453 -82.707 -0.066 0.001 0.149 0.987
25.694 -420.315 -82.726 -0.068 0.001 0.153 0.986
25.662 -420.217 -82.740 -0.069 0.001 0.156 0.985
25.636 -420.137 -82.752 -0.069 0.001 0.158 0.985
25.611 -420.061 -82.763 -0.069 0.001 0.159 0.985
25.588 -419.992 -82.773 -0.070 0.001 0.161 0.985
25.559 -419.909 -82.785 -0.071 0.001 0.163 0.984
25.528 -419.816 -82.799 -0.072 0.001 0.166 0.983
25.500 -419.738 -82.811 -0.073 0.001 0.168 0.983
25.460 -419.625 -82.829 -0.075 0.001 0.171 0.982
25.430 -419.544 -82.841 -0.075 0.001 0.173 0.982
25.389 -419.432 -82.859 -0.077 0.001 0.177 0.981
25.362 -419.362 -82.871 -0.077 0.001 0.178 0.981
25.326 -419.267 -82.886 -0.077 0.001 0.181 0.981
25.290 -419.174 -82.902 -0.078 0.001 0.183 0.980
25.246 -419.062 -82.920 -0.078 0.001 0.185 0.980
25.208 -418.966 -82.936 -0.079 0.001 0.188 0.979
25.176 -418.886 -82.950 -0.080 0.001 0.190 0.978
25.143 -418.807 -82.963 -0.081 0.001 0.191 0.978
25.096 -418.692 -82.984 -0.083 0.001 0.195 0.977
25.053 -418.590 -83.002 -0.084 0.001 0.198 0.977
25.001 -418.470 -83.024 -0.085 0.001 0.202 0.976
24.962 -418.381 -83.040 -0.086 0.001 0.205 0.975
24.907 -418.260 -83.063 -0.087 0.001 0.208 0.974
24.870 -418.178 -83.078 -0.089 0.001 0.211 0.973
24.842 -418.117 -83.090 -0.090 0.001 0.213 0.973
24.798 -418.022 -83.109 -0.091 0.001 0.216 0.972
24.743 -417.908 -83.132 -0.093 0.001 0.220 0.971
24.690 -417.798 -83.154 -0.095 0.001 0.224 0.970
24.638 -417.694 -83.177 -0.097 0.001 0.228 0.969
24.588 -417.596 -83.198 -0.099 0.001 0.231 0.968
24.549 -417.521 -83.214 -0.100 0.001 0.234 0.967
24.500 -417.427 -83.235 -0.101 0.001 0.237 0.966
24.467 -417.365 -83.249 -0.102 0.001 0.240 0.966
24.418 -417.276 -83.270 -0.102 0.001 0.243 0.965
24.353 -417.156 -83.298 -0.105 0.001 0.248 0.963
24.309 -417.079 -83.316 -0.105 0.001 0.250 0.962
24.253 -416.981 -83.339 -0.106 0.001 0.254 0.961
24.218 -416.920 -83.354 -0.108 0.001 0.256 0.961
24.167 -416.833 -83.375 -0.109 0.001 0.259 0.960
24.114 -416.744 -83.398 -0.111 0.001 0.262 0.959
24.062 -416.657 -83.420 -0.112 0.001 0.265 0.958
24.003 -416.561 -83.445 -0.114 0.001 0.269 0.956
23.946 -416.471 -83.468 -0.115 0.001 0.272 0.955
23.903 -416.403 -83.487 -0.117 0.001 0.275 0.954
23.835 -416.298 -83.516 -0.119 0.001 0.279 0.953
23.776 -416.208 -83.541 -0.120 0.001 0.283 0.952
23.727 -416.135 -83.561 -0.122 0.001 0.286 0.951
23.663 -416.040 -83.589 -0.123 0.001 0.290 0.949
23.611 -415.965 -83.611 -0.125 0.001 0.293 0.948
23.568 -415.903 -83.629 -0.126 0.001 0.296 0.947
23.520 -415.835 -83.650 -0.127 0.001 0.298 0.946
23.445 -415.733 -83.681 -0.128 0.001 0.303 0.944
23.401 -415.673 -83.700 -0.129 0.001 0.305 0.944
23.322 -415.567 -83.733 -0.131 0.001 0.310 0.942
23.253 -415.476 -83.762 -0.133 0.001 0.314 0.940
23.178 -415.379 -83.794 -0.135 0.001 0.318 0.938
23.109 -415.293 -83.822 -0.136 0.001 0.322 0.937
23.056 -415.227 -83.845 -0.137 0.001 0.326 0.936
22.984 -415.140 -83.875 -0.138 0.002 0.329 0.934
22.938 -415.084 -83.894 -0.139 0.002 0.332 0.933
22.894 -415.032 -83.913 -0.141 0.001 0.334 0.932
22.853 -414.984 -83.930 -0.142 0.001 0.337 0.931
22.781 -414.901 -83.960 -0.144 0.001 0.341 0.929
22.717 -414.828 -83.987 -0.145 0.001 0.344 0.928
22.662 -414.767 -84.010 -0.147 0.001 0.347 0.926
22.597 -414.695 -84.037 -0.147 0.001 0.351 0.925
22.529 -414.621 -84.066 -0.149 0.002 0.354 0.923
22.468 -414.555 -84.092 -0.150 0.002 0.358 0.922
22.387 -414.470 -84.125 -0.152 0.001 0.362 0.920
22.338 -414.420 -84.146 -0.153 0.002 0.364 0.919
22.279 -414.359 -84.171 -0.154 0.002 0.367 0.917
22.212 -414.292 -84.199 -0.155 0.002 0.370 0.916
22.145 -414.225 -84.226 -0.156 0.002 0.373 0.915
22.083 -414.165 -84.252 -0.157 0.002 0.376 0.913
22.011 -414.096 -84.282 -0.158 0.002 0.380 0.911
21.950 -414.038 -84.307 -0.160 0.002 0.383 0.910
21.896 -413.988 -84.329 -0.161 0.002 0.386 0.909
21.835 -413.932 -84.354 -0.162 0.002 0.389 0.907
21.760 -413.864 -84.386 -0.164 0.002 0.392 0.905
21.678 -413.791 -84.419 -0.164 0.002 0.396 0.904
21.632 -413.750 -84.439 -0.165 0.002 0.398 0.903
21.565 -413.692 -84.466 -0.166 0.002 0.401 0.901
21.471 -413.612 -84.505 -0.168 0.002 0.405 0.899
21.392 -413.546 -84.537 -0.170 0.002 0.409 0.897
21.321 -413.488 -84.567 -0.172 0.002 0.412 0.895
21.253 -413.433 -84.595 -0.173 0.002 0.415 0.893
21.175 -413.371 -84.627 -0.175 0.002 0.418 0.891
21.086 -413.302 -84.664 -0.176 0.002 0.422 0.889
21.037 -413.264 -84.684 -0.177 0.002 0.424 0.888
20.963 -413.208 -84.715 -0.179 0.002 0.427 0.886
20.925 -413.179 -84.731 -0.179 0.002 0.429 0.885
20.854 -413.126 -84.761 -0.181 0.002 0.432 0.883
20.760 -413.058 -84.800 -0.183 0.001 0.436 0.881
20.688 -413.007 -84.830 -0.184 0.001 0.439 0.879
20.611 -412.953 -84.862 -0.186 0.001 0.443 0.877
20.560 -412.918 -84.884 -0.186 0.002 0.445 0.876
20.485 -412.866 -84.915 -0.188 0.001 0.448 0.874
20.393 -412.805 -84.953 -0.189 0.002 0.452 0.872
20.326 -412.761 -84.981 -0.191 0.001 0.455 0.870
20.241 -412.707 -85.016 -0.192 0.001 0.458 0.868
20.157 -412.654 -85.051 -0.193 0.002 0.462 0.866
20.094 -412.614 -85.078 -0.195 0.001 0.464 0.864
20.028 -412.574 -85.105 -0.195 0.002 0.467 0.862
19.941 -412.522 -85.141 -0.197 0.002 0.470 0.860
19.844 -412.465 -85.182 -0.199 0.002 0.474 0.858
19.766 -412.420 -85.215 -0.200 0.001 0.477 0.856
19.708 -412.387 -85.239 -0.201 0.001 0.480 0.854
19.612 -412.334 -85.279 -0.202 0.002 0.484 0.852
19.513 -412.281 -85.320 -0.204 0.002 0.487 0.849
19.420 -412.232 -85.358 -0.204 0.002 0.491 0.847
19.327 -412.184 -85.397 -0.205 0.002 0.493 0.845
19.262 -412.151 -85.423 -0.206 0.002 0.495 0.844
19.187 -412.113 -85.454 -0.206 0.003 0.498 0.843
19.097 -412.069 -85.491 -0.207 0.003 0.501 0.840
19.020 -412.031 -85.523 -0.208 0.003 0.504 0.838
18.928 -411.988 -85.560 -0.209 0.003 0.507 0.836
18.855 -411.954 -85.590 -0.210 0.003 0.509 0.835
18.789 -411.923 -85.617 -0.211 0.003 0.511 0.833
18.721 -411.892 -85.645 -0.212 0.003 0.512 0.832
18.645 -411.859 -85.676 -0.212 0.003 0.515 0.830
18.539 -411.812 -85.719 -0.214 0.003 0.519 0.828
18.446 -411.772 -85.757 -0.214 0.004 0.521 0.826
18.357 -411.735 -85.793 -0.215 0.004 0.523 0.825
18.265 -411.697 -85.831 -0.216 0.004 0.525 0.823
18.167 -411.657 -85.870 -0.217 0.003 0.527 0.821
18.070 -411.618 -85.910 -0.219 0.003 0.530 0.819
17.984 -411.584 -85.945 -0.220 0.003 0.533 0.817
17.888 -411.548 -85.984 -0.221 0.003 0.536 0.815
17.839 -411.530 -86.004 -0.222 0.003 0.537 0.814
17.747 -411.496 -86.042 -0.223 0.003 0.540 0.812
17.654 -411.463 -86.079 -0.224 0.003 0.543 0.810
17.573 -411.435 -86.113 -0.225 0.003 0.545 0.808
17.487 -411.406 -86.148 -0.226 0.003 0.547 0.806
17.404 -411.378 -86.182 -0.227 0.003 0.549 0.805
17.343 -411.358 -86.207 -0.228 0.003 0.550 0.803
17.226 -411.320 -86.254 -0.228 0.003 0.553 0.801
17.153 -411.297 -86.284 -0.229 0.003 0.555 0.800
17.071 -411.271 -86.318 -0.229 0.004 0.556 0.799
17.012 -411.253 -86.341 -0.229 0.004 0.558 0.798
16.904 -411.220 -86.385 -0.230 0.004 0.560 0.796
16.794 -411.188 -86.430 -0.231 0.004 0.563 0.794
16.698 -411.160 -86.468 -0.232 0.004 0.566 0.791
16.622 -411.139 -86.499 -0.232 0.004 0.567 0.790
16.559 -411.122 -86.524 -0.233 0.004 0.568 0.789
16.468 -411.097 -86.561 -0.234 0.004 0.571 0.787
16.386 -411.076 -86.594 -0.235 0.004 0.573 0.785
16.297 -411.053 -86.630 -0.236 0.004 0.576 0.783
16.219 -411.034 -86.662 -0.237 0.004 0.579 0.780
16.132 -411.014 -86.697 -0.238 0.004 0.581 0.778
16.011 -410.986 -86.746 -0.238 0.005 0.584 0.776
15.897 -410.961 -86.791 -0.238 0.006 0.586 0.774
15.816 -410.944 -86.823 -0.239 0.006 0.589 0.772
15.745 -410.929 -86.852 -0.239 0.006 0.591 0.771
15.675 -410.915 -86.879 -0.240 0.006 0.592 0.769
15.582 -410.897 -86.916 -0.241 0.006 0.595 0.767
15.470 -410.876 -86.960 -0.242 0.006 0.597 0.765
15.363 -410.856 -87.002 -0.243 0.006 0.600 0.762
15.268 -410.840 -87.040 -0.243 0.007 0.603 0.760
15.181 -410.825 -87.074 -0.244 0.007 0.605 0.757
15.092 -410.812 -87.109 -0.246 0.006 0.608 0.755
15.018 -410.801 -87.139 -0.247 0.006 0.611 0.753
14.890 -410.783 -87.189 -0.249 0.006 0.614 0.749
14.715 -410.761 -87.258 -0.250 0.006 0.619 0.744
14.658 -410.755 -87.280 -0.250 0.007 0.621 0.743
14.564 -410.745 -87.318 -0.251 0.007 0.623 0.741
14.463 -410.735 -87.357 -0.251 0.007 0.626 0.738
14.376 -410.727 -87.391 -0.252 0.007 0.628 0.736
14.302 -410.720 -87.420 -0.253 0.008 0.630 0.734
14.237 -410.715 -87.445 -0.253 0.008 0.632 0.733
14.144 -410.708 -87.481 -0.254 0.008 0.634 0.730
14.041 -410.701 -87.521 -0.255 0.008 0.637 0.727
13.919 -410.695 -87.568 -0.256 0.008 0.641 0.724
13.819 -410.690 -87.607 -0.257 0.008 0.643 0.721
13.769 -410.688 -87.626 -0.257 0.008 0.644 0.720
13.636 -410.683 -87.678 -0.258 0.009 0.646 0.718
13.544 -410.680 -87.713 -0.258 0.009 0.648 0.716
13.475 -410.678 -87.740 -0.259 0.009 0.649 0.715
13.374 -410.676 -87.779 -0.259 0.009 0.651 0.713
13.267 -410.674 -87.820 -0.260 0.009 0.653 0.712
13.175 -410.673 -87.855 -0.261 0.009 0.654 0.710
13.132 -410.673 -87.871 -0.261 0.009 0.655 0.709
13.000 -410.673 -87.922 -0.261 0.010 0.658 0.707
12.900 -410.673 -87.960 -0.262 0.009 0.659 0.705
12.748 -410.674 -88.018 -0.262 0.010 0.661 0.703
12.654 -410.675 -88.054 -0.263 0.010 0.662 0.702
12.579 -410.677 -88.082 -0.263 0.010 0.663 0.701
12.480 -410.679 -88.120 -0.264 0.010 0.664 0.700
12.365 -410.682 -88.164 -0.264 0.010 0.666 0.698
12.263 -410.685 -88.202 -0.265 0.010 0.667 0.696
12.195 -410.687 -88.228 -0.265 0.010 0.669 0.695
12.067 -410.692 -88.277 -0.265 0.010 0.670 0.693
11.968 -410.697 -88.314 -0.266 0.011 0.672 0.691
11.866 -410.701 -88.353 -0.266 0.011 0.673 0.691
11.747 -410.707 -88.398 -0.265 0.012 0.674 0.689
11.611 -410.715 -88.448 -0.266 0.012 0.676 0.688
11.523 -410.720 -88.482 -0.266 0.012 0.676 0.687
11.419 -410.727 -88.520 -0.267 0.012 0.678 0.685
11.293 -410.735 -88.567 -0.267 0.012 0.680 0.683
11.193 -410.743 -88.605 -0.268 0.012 0.681 0.682
