24.700 -458.391 -70.112 -0.002 0.000 0.004 1.000
24.698 -458.259 -70.113 -0.005 0.000 0.008 1.000
24.697 -458.198 -70.114 -0.006 0.000 0.010 1.000
24.694 -458.098 -70.115 -0.008 0.000 0.014 1.000
24.692 -458.017 -70.116 -0.008 0.000 0.017 1.000
24.688 -457.913 -70.118 -0.009 0.000 0.021 1.000
24.682 -457.793 -70.120 -0.012 0.000 0.025 1.000
24.674 -457.645 -70.124 -0.014 0.000 0.031 0.999
24.667 -457.536 -70.128 -0.016 0.000 0.035 0.999
24.662 -457.463 -70.130 -0.017 0.000 0.038 0.999
24.653 -457.355 -70.134 -0.019 0.000 0.041 0.999
24.644 -457.251 -70.138 -0.020 0.000 0.045 0.999
24.636 -457.165 -70.142 -0.021 0.000 0.048 0.999
24.628 -457.089 -70.145 -0.023 0.000 0.051 0.998
24.615 -456.965 -70.151 -0.024 0.000 0.056 0.998
24.601 -456.843 -70.157 -0.026 0.000 0.060 0.998
24.588 -456.740 -70.163 -0.029 0.000 0.064 0.998
24.573 -456.630 -70.170 -0.031 0.000 0.068 0.997
24.554 -456.498 -70.178 -0.033 0.000 0.073 0.997
24.542 -456.416 -70.184 -0.034 0.000 0.076 0.997
24.524 -456.303 -70.192 -0.036 0.000 0.080 0.996
24.515 -456.247 -70.196 -0.037 0.000 0.082 0.996
24.496 -456.136 -70.204 -0.038 0.000 0.087 0.995
24.470 -455.993 -70.216 -0.040 0.000 0.092 0.995
24.456 -455.922 -70.222 -0.041 0.000 0.095 0.995
24.442 -455.848 -70.228 -0.042 0.000 0.098 0.994
24.423 -455.755 -70.236 -0.045 0.000 0.101 0.994
24.404 -455.666 -70.244 -0.046 0.000 0.104 0.993
24.391 -455.602 -70.251 -0.047 0.000 0.106 0.993
24.375 -455.533 -70.257 -0.048 0.000 0.109 0.993
24.351 -455.425 -70.268 -0.050 0.000 0.113 0.992
24.329 -455.329 -70.278 -0.051 0.000 0.116 0.992
24.309 -455.246 -70.287 -0.052 0.000 0.118 0.992
24.279 -455.125 -70.300 -0.054 0.000 0.122 0.991
24.259 -455.047 -70.308 -0.055 0.000 0.124 0.991
24.239 -454.970 -70.317 -0.057 0.000 0.126 0.990
24.211 -454.863 -70.330 -0.058 0.000 0.129 0.990
24.179 -454.745 -70.344 -0.059 0.000 0.133 0.989
24.157 -454.668 -70.354 -0.060 0.000 0.136 0.989
24.137 -454.596 -70.363 -0.061 0.000 0.138 0.988
24.102 -454.475 -70.378 -0.063 0.000 0.143 0.988
24.074 -454.383 -70.390 -0.064 0.000 0.146 0.987
24.036 -454.260 -70.407 -0.065 0.000 0.150 0.987
24.011 -454.179 -70.418 -0.066 0.000 0.152 0.986
23.965 -454.038 -70.438 -0.068 0.000 0.156 0.985
23.922 -453.907 -70.457 -0.070 0.000 0.161 0.985
23.882 -453.792 -70.474 -0.071 0.000 0.164 0.984
23.857 -453.720 -70.485 -0.072 0.000 0.167 0.983
23.830 -453.644 -70.497 -0.073 0.000 0.169 0.983
23.784 -453.516 -70.516 -0.075 0.000 0.174 0.982
23.742 -453.404 -70.534 -0.076 0.000 0.178 0.981
23.704 -453.303 -70.551 -0.078 0.000 0.181 0.980
23.677 -453.235 -70.562 -0.078 0.000 0.184 0.980
23.648 -453.161 -70.575 -0.080 0.000 0.187 0.979
23.597 -453.036 -70.596 -0.081 0.001 0.192 0.978
23.558 -452.941 -70.613 -0.082 0.001 0.195 0.977
23.528 -452.871 -70.625 -0.083 0.001 0.198 0.977
23.493 -452.788 -70.640 -0.085 0.001 0.200 0.976
23.440 -452.668 -70.662 -0.086 0.001 0.205 0.975
23.390 -452.556 -70.683 -0.088 0.001 0.209 0.974
23.359 -452.489 -70.696 -0.090 0.001 0.211 0.973
23.318 -452.399 -70.714 -0.091 0.001 0.214 0.973
23.284 -452.328 -70.728 -0.091 0.001 0.217 0.972
23.233 -452.221 -70.750 -0.093 0.001 0.221 0.971
23.181 -452.114 -70.772 -0.094 0.001 0.224 0.970
23.105 -451.964 -70.803 -0.096 0.001 0.229 0.969
23.058 -451.872 -70.823 -0.097 0.001 0.233 0.968
23.012 -451.782 -70.842 -0.098 0.001 0.235 0.967
22.956 -451.678 -70.865 -0.099 0.001 0.240 0.966
22.905 -451.582 -70.886 -0.102 0.001 0.243 0.965
22.849 -451.481 -70.909 -0.104 0.001 0.247 0.963
22.808 -451.407 -70.927 -0.105 0.001 0.250 0.963
22.762 -451.327 -70.946 -0.106 0.001 0.252 0.962
22.710 -451.236 -70.968 -0.107 0.001 0.256 0.961
22.667 -451.163 -70.986 -0.108 0.001 0.258 0.960
22.614 -451.072 -71.008 -0.110 0.001 0.262 0.959
22.573 -451.006 -71.025 -0.111 0.001 0.264 0.958
22.506 -450.895 -71.054 -0.113 0.001 0.268 0.957
22.474 -450.843 -71.067 -0.113 0.001 0.270 0.956
22.415 -450.750 -71.092 -0.115 0.001 0.274 0.955
22.344 -450.639 -71.122 -0.116 0.001 0.278 0.954
22.300 -450.572 -71.140 -0.117 0.001 0.281 0.953
22.235 -450.474 -71.167 -0.118 0.001 0.284 0.951
22.174 -450.383 -71.192 -0.120 0.001 0.287 0.950
22.107 -450.285 -71.220 -0.121 0.001 0.291 0.949
22.051 -450.204 -71.243 -0.122 0.001 0.294 0.948
22.004 -450.137 -71.263 -0.123 0.001 0.296 0.947
21.952 -450.065 -71.284 -0.124 0.001 0.299 0.946
21.902 -449.995 -71.305 -0.124 0.002 0.302 0.945
21.846 -449.919 -71.327 -0.125 0.002 0.305 0.944
21.776 -449.825 -71.356 -0.126 0.002 0.307 0.943
21.700 -449.722 -71.387 -0.127 0.002 0.311 0.942
21.631 -449.633 -71.415 -0.128 0.002 0.314 0.941
21.563 -449.544 -71.442 -0.129 0.002 0.317 0.940
21.495 -449.457 -71.470 -0.130 0.002 0.320 0.938
21.465 -449.420 -71.482 -0.130 0.002 0.321 0.938
21.407 -449.347 -71.506 -0.132 0.002 0.324 0.937
21.340 -449.264 -71.533 -0.132 0.002 0.327 0.936
21.293 -449.207 -71.552 -0.134 0.002 0.330 0.935
21.229 -449.130 -71.577 -0.134 0.002 0.333 0.933
21.158 -449.045 -71.606 -0.136 0.002 0.336 0.932
21.100 -448.977 -71.629 -0.136 0.002 0.339 0.931
21.024 -448.890 -71.659 -0.138 0.002 0.342 0.930
20.960 -448.817 -71.685 -0.139 0.002 0.344 0.929
20.897 -448.747 -71.710 -0.139 0.003 0.347 0.927
20.835 -448.678 -71.735 -0.141 0.002 0.350 0.926
20.772 -448.608 -71.760 -0.143 0.002 0.352 0.925
20.709 -448.540 -71.786 -0.144 0.002 0.354 0.924
20.651 -448.479 -71.809 -0.145 0.002 0.357 0.923
20.562 -448.384 -71.845 -0.145 0.002 0.361 0.921
20.489 -448.308 -71.874 -0.147 0.002 0.363 0.920
20.454 -448.272 -71.888 -0.147 0.002 0.364 0.920
20.416 -448.232 -71.904 -0.148 0.002 0.366 0.919
20.347 -448.162 -71.931 -0.149 0.002 0.367 0.918
20.277 -448.091 -71.959 -0.149 0.002 0.369 0.917
20.217 -448.031 -71.984 -0.150 0.002 0.371 0.917
20.166 -447.980 -72.004 -0.151 0.002 0.373 0.916
20.110 -447.924 -72.027 -0.151 0.002 0.375 0.915
20.026 -447.843 -72.060 -0.152 0.003 0.378 0.913
19.958 -447.778 -72.087 -0.153 0.003 0.380 0.912
19.901 -447.723 -72.110 -0.153 0.003 0.382 0.912
19.804 -447.632 -72.148 -0.155 0.003 0.385 0.910
19.755 -447.586 -72.168 -0.155 0.003 0.387 0.909
19.691 -447.527 -72.193 -0.156 0.003 0.389 0.908
19.620 -447.463 -72.221 -0.157 0.003 0.391 0.907
19.526 -447.378 -72.259 -0.157 0.003 0.395 0.905
19.434 -447.297 -72.295 -0.157 0.003 0.397 0.904
19.369 -447.239 -72.320 -0.158 0.003 0.398 0.904
19.322 -447.198 -72.339 -0.158 0.003 0.399 0.903
19.262 -447.145 -72.362 -0.159 0.003 0.401 0.902
19.180 -447.075 -72.394 -0.159 0.004 0.403 0.901
19.086 -446.995 -72.431 -0.160 0.004 0.405 0.900
19.007 -446.928 -72.462 -0.161 0.004 0.408 0.899
18.935 -446.868 -72.490 -0.162 0.004 0.410 0.898
18.871 -446.815 -72.515 -0.163 0.003 0.412 0.897
18.769 -446.732 -72.555 -0.165 0.003 0.415 0.895
18.696 -446.673 -72.583 -0.165 0.003 0.417 0.894
18.640 -446.629 -72.606 -0.165 0.004 0.418 0.893
18.526 -446.539 -72.650 -0.167 0.003 0.421 0.891
18.475 -446.499 -72.670 -0.168 0.003 0.423 0.891
18.423 -446.458 -72.690 -0.168 0.003 0.424 0.890
18.332 -446.389 -72.726 -0.168 0.004 0.428 0.888
18.268 -446.340 -72.751 -0.168 0.004 0.430 0.887
18.156 -446.256 -72.794 -0.170 0.004 0.432 0.885
18.064 -446.188 -72.830 -0.172 0.003 0.434 0.884
17.983 -446.129 -72.862 -0.172 0.004 0.437 0.883
17.904 -446.072 -72.893 -0.173 0.004 0.439 0.882
17.843 -446.029 -72.916 -0.173 0.004 0.441 0.881
17.789 -445.991 -72.937 -0.174 0.004 0.442 0.880
17.683 -445.917 -72.978 -0.175 0.004 0.445 0.878
17.605 -445.864 -73.009 -0.176 0.004 0.447 0.877
17.537 -445.818 -73.035 -0.177 0.004 0.448 0.876
17.479 -445.779 -73.058 -0.177 0.004 0.449 0.875
17.414 -445.734 -73.083 -0.178 0.004 0.451 0.874
17.338 -445.684 -73.113 -0.178 0.004 0.453 0.873
17.254 -445.629 -73.145 -0.179 0.004 0.455 0.872
17.185 -445.584 -73.172 -0.180 0.004 0.456 0.872
17.116 -445.539 -73.199 -0.181 0.004 0.458 0.871
17.050 -445.496 -73.225 -0.181 0.004 0.459 0.870
16.981 -445.452 -73.251 -0.181 0.004 0.461 0.869
16.933 -445.421 -73.270 -0.182 0.004 0.462 0.868
16.815 -445.348 -73.316 -0.183 0.004 0.464 0.867
16.734 -445.298 -73.347 -0.183 0.004 0.466 0.866
16.644 -445.242 -73.382 -0.183 0.004 0.467 0.865
16.546 -445.182 -73.420 -0.183 0.004 0.468 0.864
16.439 -445.117 -73.461 -0.184 0.005 0.471 0.863
16.355 -445.067 -73.493 -0.184 0.005 0.472 0.862
16.229 -444.992 -73.542 -0.185 0.005 0.474 0.861
16.149 -444.945 -73.572 -0.185 0.005 0.475 0.861
16.083 -444.906 -73.597 -0.185 0.005 0.476 0.860
16.023 -444.871 -73.620 -0.185 0.005 0.477 0.859
15.939 -444.823 -73.652 -0.186 0.005 0.479 0.858
15.860 -444.777 -73.683 -0.186 0.005 0.480 0.857
15.785 -444.735 -73.711 -0.186 0.005 0.481 0.857
15.710 -444.693 -73.739 -0.187 0.006 0.483 0.856
15.603 -444.632 -73.780 -0.186 0.006 0.485 0.855
15.492 -444.571 -73.821 -0.186 0.006 0.486 0.854
15.404 -444.523 -73.855 -0.186 0.007 0.487 0.853
15.299 -444.466 -73.894 -0.186 0.007 0.488 0.852
15.203 -444.414 -73.929 -0.186 0.007 0.490 0.852
15.090 -444.353 -73.971 -0.186 0.008 0.491 0.851
15.018 -444.315 -73.998 -0.187 0.007 0.491 0.851
14.937 -444.272 -74.027 -0.186 0.008 0.492 0.850
14.865 -444.234 -74.054 -0.186 0.008 0.493 0.850
14.730 -444.163 -74.103 -0.186 0.009 0.495 0.849
14.621 -444.106 -74.143 -0.185 0.009 0.496 0.848
14.565 -444.077 -74.163 -0.185 0.010 0.497 0.848
14.520 -444.053 -74.179 -0.184 0.010 0.497 0.848
14.401 -443.992 -74.221 -0.183 0.011 0.499 0.847
14.276 -443.929 -74.265 -0.183 0.011 0.499 0.847
14.162 -443.871 -74.305 -0.183 0.012 0.501 0.846
14.108 -443.843 -74.324 -0.183 0.012 0.502 0.845
