24.700 -458.395 -70.112 -0.002 0.000 0.004 1.000
24.699 -458.318 -70.112 -0.004 0.000 0.007 1.000
24.697 -458.205 -70.113 -0.006 0.000 0.011 1.000
24.695 -458.119 -70.115 -0.007 0.000 0.014 1.000
24.691 -458.003 -70.116 -0.008 0.000 0.018 1.000
24.686 -457.879 -70.119 -0.011 0.000 0.022 1.000
24.682 -457.791 -70.121 -0.012 0.000 0.026 1.000
24.676 -457.698 -70.123 -0.013 0.000 0.029 0.999
24.669 -457.585 -70.126 -0.014 0.000 0.033 0.999
24.664 -457.504 -70.129 -0.015 0.000 0.036 0.999
24.654 -457.370 -70.133 -0.018 0.000 0.040 0.999
24.640 -457.210 -70.139 -0.019 0.000 0.046 0.999
24.628 -457.088 -70.144 -0.020 0.000 0.050 0.999
24.619 -456.998 -70.147 -0.021 0.000 0.054 0.998
24.606 -456.885 -70.153 -0.024 0.000 0.057 0.998
24.594 -456.779 -70.158 -0.026 0.000 0.061 0.998
24.578 -456.662 -70.164 -0.028 0.000 0.066 0.997
24.562 -456.542 -70.171 -0.029 0.000 0.070 0.997
24.550 -456.458 -70.176 -0.030 0.000 0.073 0.997
24.538 -456.378 -70.181 -0.031 0.000 0.076 0.997
24.521 -456.269 -70.188 -0.033 0.000 0.080 0.996
24.505 -456.175 -70.195 -0.033 0.000 0.084 0.996
24.490 -456.089 -70.201 -0.035 0.000 0.087 0.996
24.463 -455.944 -70.211 -0.038 0.000 0.093 0.995
24.439 -455.820 -70.221 -0.039 0.000 0.097 0.994
24.423 -455.738 -70.228 -0.041 0.000 0.100 0.994
24.390 -455.580 -70.241 -0.044 0.000 0.105 0.994
24.367 -455.477 -70.250 -0.045 0.000 0.108 0.993
24.352 -455.407 -70.257 -0.045 0.000 0.110 0.993
24.321 -455.275 -70.270 -0.048 0.000 0.115 0.992
24.292 -455.152 -70.282 -0.050 0.000 0.119 0.992
24.273 -455.076 -70.290 -0.051 0.000 0.122 0.991
24.242 -454.955 -70.302 -0.052 0.000 0.127 0.991
24.223 -454.884 -70.310 -0.053 0.000 0.129 0.990
24.201 -454.801 -70.319 -0.054 0.000 0.132 0.990
24.179 -454.721 -70.329 -0.055 0.000 0.135 0.989
24.143 -454.595 -70.343 -0.057 0.000 0.138 0.989
24.114 -454.494 -70.355 -0.059 0.000 0.141 0.988
24.095 -454.430 -70.363 -0.060 0.000 0.143 0.988
24.072 -454.354 -70.373 -0.061 0.000 0.146 0.987
24.054 -454.293 -70.380 -0.062 0.000 0.148 0.987
24.027 -454.208 -70.391 -0.064 0.000 0.151 0.986
23.997 -454.114 -70.404 -0.065 0.000 0.154 0.986
23.960 -453.998 -70.420 -0.067 0.000 0.157 0.985
23.929 -453.907 -70.433 -0.068 0.000 0.160 0.985
23.892 -453.798 -70.449 -0.069 0.000 0.164 0.984
23.849 -453.675 -70.467 -0.071 0.000 0.169 0.983
23.812 -453.574 -70.482 -0.072 0.000 0.173 0.982
23.781 -453.488 -70.495 -0.073 0.000 0.176 0.982
23.742 -453.386 -70.511 -0.076 0.000 0.180 0.981
23.712 -453.308 -70.524 -0.077 0.000 0.183 0.980
23.680 -453.227 -70.537 -0.078 0.000 0.186 0.979
23.645 -453.139 -70.552 -0.079 0.000 0.190 0.979
23.598 -453.025 -70.572 -0.081 0.000 0.194 0.978
23.552 -452.916 -70.591 -0.083 0.000 0.199 0.976
23.506 -452.812 -70.610 -0.086 0.000 0.203 0.975
23.469 -452.726 -70.626 -0.087 0.000 0.206 0.975
23.443 -452.669 -70.637 -0.089 0.000 0.208 0.974
23.413 -452.602 -70.650 -0.090 0.000 0.210 0.974
23.365 -452.499 -70.670 -0.091 0.000 0.214 0.972
23.335 -452.436 -70.683 -0.092 0.000 0.217 0.972
23.276 -452.313 -70.708 -0.094 0.000 0.221 0.971
23.234 -452.227 -70.726 -0.096 0.000 0.224 0.970
23.182 -452.124 -70.748 -0.097 0.000 0.228 0.969
23.126 -452.014 -70.772 -0.099 0.000 0.233 0.968
23.081 -451.927 -70.791 -0.100 0.000 0.235 0.967
23.021 -451.814 -70.817 -0.102 0.000 0.239 0.966
22.973 -451.724 -70.837 -0.103 0.000 0.242 0.965
22.936 -451.656 -70.853 -0.104 0.000 0.244 0.964
22.876 -451.549 -70.878 -0.105 0.000 0.248 0.963
22.824 -451.457 -70.900 -0.107 0.000 0.252 0.962
22.775 -451.371 -70.921 -0.108 0.000 0.255 0.961
22.711 -451.260 -70.949 -0.109 0.000 0.259 0.960
22.663 -451.180 -70.969 -0.110 0.000 0.262 0.959
22.599 -451.074 -70.996 -0.113 0.000 0.266 0.957
22.531 -450.965 -71.024 -0.114 0.000 0.271 0.956
22.473 -450.873 -71.049 -0.115 0.000 0.274 0.955
22.414 -450.781 -71.073 -0.116 0.000 0.277 0.954
22.332 -450.655 -71.108 -0.118 0.000 0.283 0.952
22.300 -450.608 -71.121 -0.119 0.000 0.284 0.951
22.264 -450.554 -71.136 -0.120 0.000 0.286 0.951
22.196 -450.453 -71.164 -0.121 0.000 0.290 0.950
22.141 -450.374 -71.187 -0.122 0.000 0.293 0.948
22.070 -450.273 -71.217 -0.124 0.000 0.297 0.947
21.987 -450.158 -71.251 -0.125 0.001 0.301 0.945
21.928 -450.076 -71.276 -0.126 0.000 0.304 0.944
21.872 -450.001 -71.299 -0.128 0.000 0.307 0.943
21.803 -449.908 -71.327 -0.128 0.001 0.310 0.942
21.751 -449.839 -71.349 -0.129 0.001 0.313 0.941
21.667 -449.731 -71.383 -0.130 0.001 0.317 0.940
21.617 -449.667 -71.404 -0.131 0.001 0.319 0.938
21.554 -449.588 -71.430 -0.132 0.001 0.323 0.937
21.493 -449.512 -71.455 -0.134 0.001 0.325 0.936
21.452 -449.462 -71.471 -0.134 0.001 0.327 0.935
21.399 -449.397 -71.493 -0.135 0.001 0.330 0.934
21.334 -449.319 -71.520 -0.137 0.001 0.333 0.933
21.262 -449.233 -71.549 -0.137 0.001 0.335 0.932
21.197 -449.158 -71.575 -0.138 0.001 0.338 0.931
21.105 -449.052 -71.613 -0.139 0.002 0.342 0.929
21.041 -448.980 -71.638 -0.140 0.002 0.345 0.928
20.965 -448.894 -71.669 -0.141 0.002 0.348 0.927
20.907 -448.830 -71.692 -0.141 0.002 0.350 0.926
20.854 -448.772 -71.714 -0.142 0.002 0.352 0.925
20.788 -448.701 -71.740 -0.143 0.002 0.355 0.924
20.704 -448.610 -71.774 -0.144 0.002 0.357 0.923
20.632 -448.534 -71.803 -0.145 0.002 0.360 0.922
20.546 -448.444 -71.837 -0.147 0.001 0.362 0.921
20.477 -448.373 -71.865 -0.148 0.002 0.364 0.920
20.408 -448.302 -71.893 -0.149 0.001 0.366 0.918
20.372 -448.265 -71.908 -0.149 0.001 0.368 0.918
20.302 -448.194 -71.936 -0.150 0.002 0.370 0.917
20.216 -448.109 -71.971 -0.151 0.001 0.372 0.916
20.137 -448.031 -72.003 -0.153 0.001 0.375 0.914
20.090 -447.985 -72.022 -0.154 0.001 0.377 0.914
20.041 -447.937 -72.042 -0.154 0.001 0.378 0.913
19.966 -447.866 -72.072 -0.155 0.001 0.381 0.912
19.878 -447.782 -72.108 -0.156 0.001 0.384 0.910
19.784 -447.694 -72.146 -0.157 0.001 0.387 0.909
19.711 -447.627 -72.175 -0.158 0.002 0.389 0.907
19.601 -447.527 -72.220 -0.159 0.002 0.393 0.906
19.525 -447.460 -72.250 -0.159 0.002 0.395 0.905
19.461 -447.403 -72.276 -0.160 0.002 0.396 0.904
19.401 -447.349 -72.300 -0.161 0.002 0.398 0.903
19.287 -447.251 -72.345 -0.163 0.001 0.402 0.901
19.197 -447.174 -72.382 -0.164 0.001 0.405 0.899
19.105 -447.096 -72.419 -0.165 0.002 0.408 0.898
19.000 -447.009 -72.461 -0.166 0.002 0.411 0.896
18.953 -446.971 -72.480 -0.167 0.002 0.412 0.896
18.862 -446.897 -72.517 -0.168 0.002 0.414 0.895
18.756 -446.811 -72.560 -0.169 0.001 0.417 0.893
18.676 -446.748 -72.592 -0.170 0.001 0.419 0.892
18.609 -446.694 -72.619 -0.171 0.001 0.421 0.891
18.554 -446.652 -72.641 -0.172 0.001 0.422 0.890
18.493 -446.605 -72.666 -0.173 0.001 0.424 0.889
18.405 -446.537 -72.702 -0.174 0.001 0.426 0.888
18.315 -446.469 -72.738 -0.173 0.002 0.429 0.887
18.238 -446.411 -72.769 -0.174 0.002 0.431 0.885
18.172 -446.363 -72.796 -0.175 0.002 0.434 0.884
18.087 -446.301 -72.830 -0.176 0.002 0.437 0.882
18.037 -446.265 -72.850 -0.177 0.002 0.438 0.881
17.925 -446.185 -72.895 -0.177 0.002 0.442 0.879
17.831 -446.119 -72.932 -0.178 0.002 0.443 0.878
17.784 -446.086 -72.951 -0.179 0.002 0.445 0.878
17.687 -446.020 -72.989 -0.179 0.003 0.448 0.876
17.627 -445.979 -73.013 -0.180 0.002 0.450 0.875
17.555 -445.931 -73.042 -0.181 0.003 0.452 0.874
17.481 -445.881 -73.071 -0.181 0.003 0.453 0.873
17.358 -445.801 -73.120 -0.183 0.003 0.456 0.871
17.280 -445.751 -73.151 -0.183 0.003 0.458 0.870
17.184 -445.690 -73.189 -0.183 0.003 0.460 0.869
17.098 -445.635 -73.223 -0.184 0.003 0.462 0.868
16.985 -445.565 -73.267 -0.184 0.004 0.464 0.867
16.912 -445.519 -73.296 -0.184 0.004 0.466 0.866
16.805 -445.453 -73.337 -0.184 0.004 0.468 0.864
16.726 -445.405 -73.368 -0.184 0.004 0.469 0.864
16.637 -445.351 -73.402 -0.185 0.004 0.470 0.863
16.528 -445.286 -73.444 -0.186 0.004 0.473 0.861
16.427 -445.227 -73.483 -0.186 0.004 0.473 0.861
16.369 -445.192 -73.506 -0.187 0.004 0.475 0.860
16.276 -445.138 -73.542 -0.186 0.005 0.476 0.859
16.182 -445.084 -73.578 -0.186 0.006 0.479 0.858
16.111 -445.044 -73.605 -0.186 0.006 0.480 0.857
16.018 -444.991 -73.640 -0.186 0.006 0.482 0.856
15.940 -444.947 -73.669 -0.187 0.006 0.484 0.855
15.874 -444.910 -73.694 -0.187 0.007 0.486 0.854
15.818 -444.879 -73.715 -0.187 0.007 0.487 0.853
15.755 -444.845 -73.739 -0.187 0.007 0.488 0.852
15.654 -444.791 -73.777 -0.188 0.007 0.490 0.851
15.594 -444.758 -73.799 -0.188 0.007 0.491 0.851
15.540 -444.729 -73.819 -0.188 0.007 0.491 0.850
15.454 -444.684 -73.851 -0.189 0.007 0.493 0.849
15.381 -444.645 -73.878 -0.189 0.007 0.494 0.849
15.323 -444.615 -73.900 -0.188 0.008 0.495 0.848
15.218 -444.561 -73.938 -0.188 0.008 0.497 0.847
15.163 -444.532 -73.959 -0.188 0.008 0.497 0.847
15.101 -444.500 -73.982 -0.188 0.008 0.498 0.847
15.017 -444.457 -74.012 -0.188 0.009 0.499 0.846
14.870 -444.382 -74.066 -0.188 0.009 0.500 0.846
14.790 -444.342 -74.095 -0.188 0.009 0.501 0.845
14.717 -444.306 -74.121 -0.188 0.009 0.502 0.844
14.590 -444.243 -74.167 -0.188 0.010 0.504 0.843
14.495 -444.196 -74.201 -0.188 0.010 0.504 0.843
14.376 -444.137 -74.244 -0.187 0.011 0.505 0.842
14.310 -444.105 -74.267 -0.187 0.011 0.506 0.842
14.188 -444.045 -74.310 -0.187 0.011 0.508 0.841
14.100 -444.003 -74.341 -0.186 0.012 0.508 0.841
