24.700 -458.395 -70.112 -0.001 0.000 0.004 1.000
24.698 -458.261 -70.112 -0.003 0.000 0.009 1.000
24.696 -458.182 -70.113 -0.005 0.000 0.012 1.000
24.693 -458.079 -70.114 -0.007 0.000 0.016 1.000
24.691 -458.005 -70.115 -0.008 0.000 0.018 1.000
24.687 -457.909 -70.117 -0.010 0.000 0.022 1.000
24.681 -457.791 -70.120 -0.012 0.000 0.026 1.000
24.675 -457.675 -70.123 -0.014 0.000 0.030 0.999
24.671 -457.617 -70.124 -0.015 0.000 0.032 0.999
24.666 -457.545 -70.127 -0.016 0.000 0.035 0.999
24.658 -457.431 -70.130 -0.018 0.000 0.039 0.999
24.649 -457.322 -70.135 -0.020 0.000 0.043 0.999
24.638 -457.196 -70.140 -0.021 0.000 0.047 0.999
24.630 -457.122 -70.143 -0.022 0.000 0.050 0.998
24.617 -456.992 -70.149 -0.025 0.000 0.055 0.998
24.607 -456.904 -70.154 -0.026 0.000 0.058 0.998
24.596 -456.818 -70.159 -0.027 0.000 0.061 0.998
24.578 -456.676 -70.167 -0.029 0.000 0.066 0.997
24.570 -456.621 -70.170 -0.030 0.000 0.069 0.997
24.556 -456.517 -70.177 -0.033 0.000 0.072 0.997
24.544 -456.436 -70.182 -0.035 0.000 0.075 0.997
24.529 -456.345 -70.188 -0.036 0.000 0.078 0.996
24.517 -456.269 -70.194 -0.037 0.000 0.081 0.996
24.494 -456.132 -70.205 -0.039 0.000 0.086 0.996
24.473 -456.013 -70.214 -0.041 0.000 0.091 0.995
24.450 -455.892 -70.224 -0.043 0.000 0.095 0.995
24.427 -455.778 -70.235 -0.044 0.000 0.099 0.994
24.403 -455.659 -70.245 -0.046 0.000 0.103 0.994
24.379 -455.547 -70.256 -0.048 0.000 0.107 0.993
24.355 -455.440 -70.267 -0.050 0.000 0.111 0.993
24.334 -455.348 -70.276 -0.051 0.000 0.114 0.992
24.311 -455.250 -70.287 -0.052 0.000 0.118 0.992
24.284 -455.143 -70.298 -0.054 0.000 0.122 0.991
24.264 -455.061 -70.307 -0.055 0.000 0.125 0.991
24.250 -455.008 -70.313 -0.056 0.000 0.127 0.990
24.225 -454.914 -70.324 -0.057 0.000 0.129 0.990
24.202 -454.828 -70.334 -0.058 0.000 0.132 0.990
24.187 -454.775 -70.341 -0.058 0.000 0.134 0.989
24.164 -454.691 -70.351 -0.059 0.000 0.136 0.989
24.145 -454.625 -70.359 -0.061 0.000 0.139 0.988
24.113 -454.514 -70.374 -0.063 0.000 0.143 0.988
24.080 -454.405 -70.388 -0.064 0.000 0.145 0.987
24.043 -454.283 -70.404 -0.066 0.000 0.150 0.987
24.012 -454.187 -70.418 -0.067 0.000 0.153 0.986
23.997 -454.138 -70.424 -0.067 0.000 0.155 0.986
23.974 -454.067 -70.435 -0.068 0.000 0.157 0.985
23.946 -453.984 -70.447 -0.070 0.000 0.160 0.985
23.914 -453.892 -70.460 -0.071 0.000 0.164 0.984
23.877 -453.784 -70.476 -0.073 0.000 0.168 0.983
23.843 -453.689 -70.491 -0.074 0.000 0.172 0.982
23.788 -453.540 -70.514 -0.075 0.001 0.176 0.981
23.739 -453.411 -70.535 -0.076 0.001 0.180 0.981
23.695 -453.297 -70.554 -0.078 0.001 0.185 0.980
23.652 -453.191 -70.572 -0.080 0.001 0.189 0.979
23.620 -453.111 -70.586 -0.081 0.001 0.192 0.978
23.575 -453.003 -70.604 -0.083 0.001 0.196 0.977
23.538 -452.918 -70.620 -0.084 0.001 0.200 0.976
23.488 -452.803 -70.641 -0.086 0.001 0.204 0.975
23.442 -452.700 -70.660 -0.088 0.001 0.208 0.974
23.404 -452.617 -70.676 -0.090 0.001 0.211 0.973
23.373 -452.550 -70.690 -0.091 0.000 0.214 0.973
23.330 -452.459 -70.708 -0.093 0.000 0.218 0.972
23.299 -452.394 -70.721 -0.094 0.000 0.220 0.971
23.242 -452.277 -70.746 -0.095 0.001 0.225 0.970
23.199 -452.191 -70.764 -0.097 0.001 0.227 0.969
23.165 -452.123 -70.778 -0.098 0.001 0.230 0.968
23.116 -452.028 -70.799 -0.099 0.001 0.234 0.967
23.073 -451.947 -70.817 -0.100 0.001 0.237 0.966
23.025 -451.857 -70.837 -0.101 0.001 0.240 0.965
22.972 -451.758 -70.859 -0.101 0.001 0.243 0.965
22.917 -451.657 -70.882 -0.103 0.001 0.246 0.964
22.874 -451.581 -70.900 -0.104 0.001 0.249 0.963
22.819 -451.484 -70.923 -0.105 0.001 0.253 0.962
22.776 -451.409 -70.941 -0.107 0.001 0.255 0.961
22.730 -451.330 -70.960 -0.108 0.001 0.258 0.960
22.695 -451.271 -70.975 -0.109 0.001 0.260 0.959
22.647 -451.192 -70.995 -0.110 0.001 0.263 0.959
22.602 -451.117 -71.013 -0.112 0.001 0.265 0.958
22.565 -451.056 -71.029 -0.113 0.001 0.267 0.957
22.490 -450.935 -71.061 -0.114 0.001 0.269 0.956
22.430 -450.839 -71.086 -0.115 0.001 0.273 0.955
22.379 -450.758 -71.108 -0.116 0.001 0.275 0.954
22.321 -450.669 -71.132 -0.118 0.001 0.278 0.953
22.268 -450.589 -71.154 -0.119 0.001 0.282 0.952
22.211 -450.501 -71.178 -0.120 0.001 0.285 0.951
22.143 -450.401 -71.207 -0.122 0.001 0.289 0.950
22.065 -450.288 -71.239 -0.123 0.001 0.292 0.949
22.003 -450.199 -71.266 -0.124 0.001 0.295 0.947
21.961 -450.139 -71.283 -0.125 0.001 0.298 0.946
21.917 -450.078 -71.302 -0.126 0.001 0.300 0.946
21.862 -450.003 -71.325 -0.128 0.001 0.302 0.945
21.791 -449.906 -71.355 -0.129 0.000 0.305 0.943
21.738 -449.834 -71.377 -0.130 0.001 0.308 0.942
21.670 -449.745 -71.406 -0.132 0.000 0.312 0.941
21.584 -449.632 -71.443 -0.134 0.000 0.315 0.939
21.537 -449.572 -71.462 -0.135 0.000 0.317 0.939
21.456 -449.470 -71.497 -0.136 0.000 0.321 0.937
21.354 -449.343 -71.540 -0.138 0.000 0.326 0.935
21.302 -449.278 -71.562 -0.139 0.001 0.328 0.934
21.242 -449.206 -71.587 -0.140 0.001 0.331 0.933
21.165 -449.115 -71.620 -0.141 0.001 0.335 0.932
21.107 -449.047 -71.644 -0.142 0.001 0.338 0.931
21.022 -448.949 -71.679 -0.143 0.001 0.342 0.929
20.933 -448.848 -71.717 -0.144 0.001 0.345 0.927
20.885 -448.794 -71.737 -0.145 0.001 0.347 0.926
20.848 -448.754 -71.752 -0.146 0.001 0.349 0.926
20.791 -448.691 -71.776 -0.147 0.001 0.351 0.925
20.722 -448.615 -71.805 -0.148 0.001 0.354 0.924
20.621 -448.507 -71.847 -0.149 0.001 0.357 0.922
20.555 -448.437 -71.875 -0.150 0.001 0.359 0.921
20.486 -448.364 -71.904 -0.151 0.001 0.361 0.920
20.403 -448.279 -71.938 -0.153 0.001 0.364 0.919
20.351 -448.226 -71.960 -0.154 0.001 0.366 0.918
20.276 -448.150 -71.991 -0.155 0.001 0.369 0.917
20.172 -448.046 -72.035 -0.155 0.001 0.372 0.915
20.115 -447.990 -72.058 -0.156 0.001 0.374 0.914
20.037 -447.913 -72.091 -0.157 0.001 0.376 0.913
19.943 -447.823 -72.130 -0.158 0.002 0.379 0.912
19.856 -447.740 -72.166 -0.158 0.002 0.382 0.911
19.765 -447.655 -72.203 -0.159 0.002 0.385 0.909
19.673 -447.570 -72.241 -0.161 0.002 0.388 0.908
19.600 -447.504 -72.271 -0.162 0.002 0.391 0.906
19.533 -447.443 -72.299 -0.162 0.002 0.393 0.905
19.468 -447.385 -72.326 -0.163 0.002 0.394 0.904
19.379 -447.306 -72.362 -0.164 0.002 0.397 0.903
19.283 -447.223 -72.401 -0.165 0.002 0.401 0.901
19.214 -447.164 -72.430 -0.166 0.002 0.403 0.900
19.147 -447.107 -72.457 -0.166 0.002 0.405 0.899
19.074 -447.045 -72.487 -0.167 0.003 0.407 0.898
19.010 -446.992 -72.513 -0.167 0.003 0.409 0.897
18.949 -446.942 -72.537 -0.168 0.003 0.411 0.896
18.875 -446.881 -72.567 -0.169 0.002 0.413 0.895
18.812 -446.830 -72.593 -0.169 0.003 0.415 0.894
18.724 -446.760 -72.629 -0.170 0.003 0.417 0.893
18.626 -446.682 -72.668 -0.171 0.003 0.420 0.891
18.560 -446.630 -72.695 -0.172 0.003 0.422 0.890
18.498 -446.582 -72.720 -0.172 0.003 0.424 0.889
18.386 -446.497 -72.765 -0.174 0.003 0.427 0.887
18.306 -446.437 -72.797 -0.175 0.003 0.429 0.886
18.230 -446.381 -72.828 -0.176 0.003 0.431 0.885
18.131 -446.308 -72.868 -0.176 0.003 0.433 0.884
18.056 -446.253 -72.898 -0.177 0.003 0.436 0.882
17.969 -446.191 -72.933 -0.177 0.003 0.438 0.881
17.896 -446.138 -72.962 -0.178 0.004 0.440 0.880
17.791 -446.065 -73.004 -0.179 0.003 0.442 0.879
17.743 -446.031 -73.023 -0.179 0.004 0.444 0.878
17.684 -445.990 -73.046 -0.179 0.004 0.445 0.877
17.621 -445.947 -73.072 -0.180 0.004 0.446 0.877
17.567 -445.910 -73.093 -0.180 0.004 0.448 0.876
17.476 -445.848 -73.129 -0.180 0.004 0.450 0.875
17.402 -445.799 -73.158 -0.180 0.005 0.451 0.874
17.320 -445.745 -73.190 -0.181 0.005 0.453 0.873
17.248 -445.697 -73.219 -0.182 0.005 0.455 0.872
17.141 -445.627 -73.261 -0.182 0.005 0.457 0.870
17.062 -445.576 -73.291 -0.182 0.005 0.459 0.870
16.963 -445.514 -73.330 -0.183 0.005 0.461 0.868
16.902 -445.475 -73.354 -0.183 0.005 0.463 0.867
16.834 -445.433 -73.380 -0.183 0.006 0.464 0.866
16.746 -445.378 -73.414 -0.184 0.006 0.466 0.866
16.677 -445.336 -73.441 -0.184 0.006 0.467 0.865
16.571 -445.272 -73.482 -0.185 0.006 0.469 0.864
16.517 -445.239 -73.503 -0.185 0.006 0.470 0.863
16.445 -445.196 -73.530 -0.185 0.006 0.472 0.862
16.353 -445.141 -73.566 -0.185 0.007 0.473 0.862
16.225 -445.065 -73.615 -0.185 0.007 0.475 0.860
16.144 -445.018 -73.645 -0.186 0.007 0.477 0.859
16.091 -444.988 -73.665 -0.186 0.007 0.478 0.858
15.993 -444.932 -73.703 -0.186 0.008 0.481 0.857
15.865 -444.860 -73.751 -0.186 0.008 0.483 0.856
15.737 -444.789 -73.799 -0.186 0.008 0.485 0.854
15.660 -444.747 -73.827 -0.186 0.009 0.486 0.854
15.550 -444.686 -73.868 -0.186 0.009 0.488 0.853
15.458 -444.636 -73.902 -0.186 0.010 0.490 0.852
15.398 -444.604 -73.923 -0.185 0.010 0.491 0.851
15.328 -444.567 -73.949 -0.186 0.010 0.492 0.851
15.239 -444.519 -73.981 -0.185 0.011 0.493 0.850
15.185 -444.490 -74.001 -0.186 0.011 0.494 0.849
15.092 -444.442 -74.034 -0.185 0.011 0.495 0.849
15.003 -444.395 -74.066 -0.185 0.011 0.495 0.849
14.916 -444.350 -74.097 -0.185 0.012 0.496 0.848
14.828 -444.304 -74.129 -0.185 0.012 0.498 0.847
14.718 -444.248 -74.168 -0.185 0.012 0.499 0.846
14.630 -444.203 -74.199 -0.185 0.012 0.500 0.846
14.566 -444.170 -74.222 -0.184 0.013 0.500 0.846
14.481 -444.127 -74.252 -0.184 0.013 0.501 0.845
14.353 -444.063 -74.296 -0.183 0.014 0.502 0.845
14.308 -444.040 -74.312 -0.183 0.014 0.503 0.845
14.253 -444.013 -74.331 -0.183 0.014 0.504 0.844
14.150 -443.962 -74.366 -0.183 0.014 0.505 0.843
14.073 -443.924 -74.393 -0.183 0.015 0.507 0.842
