21.500 -475.910 -70.112 -0.002 0.000 0.003 1.000
21.499 -475.813 -70.112 -0.004 0.000 0.007 1.000
21.498 -475.747 -70.113 -0.005 0.000 0.009 1.000
21.496 -475.656 -70.114 -0.007 0.000 0.012 1.000
21.492 -475.534 -70.116 -0.009 0.000 0.017 1.000
21.489 -475.447 -70.118 -0.010 0.000 0.020 1.000
21.483 -475.304 -70.120 -0.011 0.000 0.025 1.000
21.476 -475.184 -70.123 -0.013 0.000 0.029 1.000
21.470 -475.080 -70.126 -0.014 0.000 0.032 0.999
21.463 -474.979 -70.129 -0.016 0.000 0.034 0.999
21.458 -474.901 -70.132 -0.017 0.000 0.037 0.999
21.451 -474.819 -70.135 -0.018 0.000 0.040 0.999
21.443 -474.715 -70.139 -0.019 0.000 0.043 0.999
21.436 -474.644 -70.141 -0.020 0.000 0.045 0.999
21.429 -474.564 -70.145 -0.021 0.000 0.048 0.999
21.420 -474.479 -70.148 -0.022 0.000 0.051 0.998
21.410 -474.376 -70.153 -0.024 0.000 0.054 0.998
21.393 -474.229 -70.160 -0.026 0.000 0.059 0.998
21.381 -474.134 -70.166 -0.027 0.000 0.062 0.998
21.369 -474.034 -70.171 -0.029 0.000 0.065 0.997
21.358 -473.956 -70.176 -0.030 0.000 0.068 0.997
21.347 -473.878 -70.181 -0.031 0.000 0.071 0.997
21.337 -473.811 -70.185 -0.032 0.000 0.073 0.997
21.322 -473.710 -70.192 -0.034 0.000 0.075 0.997
21.296 -473.544 -70.203 -0.035 0.000 0.080 0.996
21.279 -473.438 -70.211 -0.035 0.000 0.083 0.996
21.269 -473.379 -70.215 -0.036 0.000 0.085 0.996
21.253 -473.290 -70.221 -0.037 0.000 0.088 0.995
21.233 -473.177 -70.230 -0.038 0.000 0.091 0.995
21.211 -473.064 -70.239 -0.040 0.000 0.094 0.995
21.192 -472.963 -70.247 -0.041 0.000 0.097 0.994
21.176 -472.883 -70.254 -0.041 0.000 0.099 0.994
21.145 -472.735 -70.267 -0.043 0.000 0.103 0.994
21.120 -472.619 -70.277 -0.045 0.000 0.108 0.993
21.103 -472.540 -70.285 -0.047 0.000 0.110 0.993
21.077 -472.430 -70.295 -0.048 0.000 0.113 0.992
21.042 -472.282 -70.310 -0.050 0.000 0.117 0.992
21.018 -472.181 -70.321 -0.051 0.000 0.121 0.991
20.987 -472.057 -70.334 -0.053 0.000 0.124 0.991
20.958 -471.947 -70.346 -0.055 0.000 0.127 0.990
20.931 -471.844 -70.358 -0.056 0.000 0.130 0.990
20.906 -471.751 -70.369 -0.057 0.000 0.133 0.989
20.881 -471.662 -70.379 -0.058 0.000 0.135 0.989
20.850 -471.551 -70.393 -0.059 0.000 0.138 0.989
20.822 -471.455 -70.405 -0.060 0.000 0.141 0.988
20.793 -471.356 -70.417 -0.061 0.000 0.143 0.988
20.755 -471.229 -70.433 -0.061 0.000 0.146 0.987
20.732 -471.153 -70.443 -0.062 0.000 0.148 0.987
20.699 -471.047 -70.457 -0.063 0.000 0.151 0.987
20.662 -470.930 -70.472 -0.064 0.000 0.154 0.986
20.627 -470.822 -70.486 -0.065 0.000 0.156 0.986
20.600 -470.742 -70.497 -0.066 0.000 0.158 0.985
20.555 -470.607 -70.516 -0.067 0.000 0.162 0.985
20.532 -470.540 -70.526 -0.067 0.000 0.164 0.984
20.497 -470.440 -70.540 -0.068 0.000 0.167 0.984
20.458 -470.329 -70.556 -0.070 0.000 0.170 0.983
20.433 -470.262 -70.566 -0.071 0.000 0.172 0.983
20.406 -470.187 -70.577 -0.071 0.000 0.173 0.982
20.382 -470.121 -70.587 -0.072 0.001 0.175 0.982
20.343 -470.018 -70.603 -0.073 0.001 0.178 0.981
20.314 -469.941 -70.615 -0.073 0.001 0.180 0.981
20.269 -469.825 -70.633 -0.075 0.001 0.183 0.980
20.245 -469.762 -70.643 -0.075 0.001 0.185 0.980
20.203 -469.658 -70.660 -0.076 0.001 0.188 0.979
20.156 -469.541 -70.679 -0.078 0.001 0.191 0.979
20.129 -469.476 -70.690 -0.078 0.001 0.192 0.978
20.084 -469.367 -70.708 -0.079 0.001 0.195 0.978
20.039 -469.262 -70.726 -0.080 0.001 0.198 0.977
19.994 -469.155 -70.745 -0.081 0.001 0.200 0.976
19.950 -469.055 -70.763 -0.083 0.001 0.203 0.976
19.891 -468.921 -70.787 -0.084 0.001 0.206 0.975
19.867 -468.867 -70.797 -0.084 0.001 0.207 0.975
19.820 -468.764 -70.816 -0.085 0.001 0.209 0.974
19.765 -468.643 -70.838 -0.086 0.001 0.212 0.973
19.712 -468.529 -70.860 -0.087 0.000 0.213 0.973
19.673 -468.446 -70.876 -0.088 0.000 0.215 0.973
19.649 -468.395 -70.885 -0.089 0.000 0.216 0.972
19.617 -468.325 -70.899 -0.089 0.001 0.217 0.972
19.576 -468.240 -70.915 -0.090 0.001 0.220 0.971
19.528 -468.141 -70.935 -0.090 0.001 0.222 0.971
19.491 -468.066 -70.949 -0.089 0.001 0.224 0.970
19.442 -467.967 -70.969 -0.090 0.001 0.226 0.970
19.409 -467.900 -70.982 -0.091 0.001 0.228 0.969
19.358 -467.801 -71.002 -0.092 0.001 0.231 0.969
19.301 -467.689 -71.025 -0.092 0.001 0.233 0.968
19.273 -467.635 -71.036 -0.092 0.001 0.234 0.968
19.215 -467.524 -71.058 -0.093 0.002 0.238 0.967
19.178 -467.453 -71.073 -0.094 0.001 0.239 0.967
19.106 -467.319 -71.101 -0.095 0.001 0.241 0.966
19.038 -467.194 -71.127 -0.096 0.001 0.244 0.965
18.974 -467.078 -71.152 -0.096 0.001 0.246 0.964
18.900 -466.946 -71.181 -0.097 0.002 0.249 0.964
18.836 -466.832 -71.206 -0.098 0.001 0.251 0.963
18.766 -466.711 -71.233 -0.099 0.002 0.254 0.962
18.699 -466.594 -71.259 -0.099 0.002 0.256 0.962
18.626 -466.468 -71.287 -0.099 0.002 0.259 0.961
18.551 -466.341 -71.316 -0.100 0.002 0.261 0.960
18.496 -466.249 -71.336 -0.099 0.002 0.263 0.960
18.460 -466.190 -71.350 -0.100 0.002 0.263 0.960
18.415 -466.115 -71.366 -0.100 0.002 0.264 0.959
18.353 -466.013 -71.390 -0.100 0.002 0.265 0.959
18.307 -465.937 -71.407 -0.100 0.003 0.266 0.959
18.238 -465.824 -71.432 -0.099 0.003 0.267 0.958
18.162 -465.700 -71.460 -0.099 0.003 0.269 0.958
18.123 -465.637 -71.474 -0.099 0.003 0.269 0.958
18.075 -465.560 -71.492 -0.099 0.003 0.270 0.958
18.020 -465.472 -71.512 -0.099 0.003 0.271 0.958
17.963 -465.380 -71.532 -0.098 0.004 0.271 0.957
17.902 -465.283 -71.554 -0.099 0.004 0.273 0.957
17.853 -465.204 -71.572 -0.098 0.004 0.274 0.957
17.789 -465.103 -71.594 -0.098 0.004 0.275 0.956
17.725 -465.003 -71.616 -0.097 0.004 0.276 0.956
17.665 -464.908 -71.637 -0.097 0.004 0.276 0.956
17.643 -464.874 -71.645 -0.097 0.004 0.277 0.956
17.586 -464.785 -71.664 -0.097 0.004 0.278 0.956
17.529 -464.696 -71.684 -0.097 0.005 0.279 0.955
17.471 -464.608 -71.704 -0.097 0.005 0.280 0.955
17.402 -464.501 -71.727 -0.096 0.005 0.282 0.955
17.349 -464.421 -71.745 -0.096 0.006 0.283 0.954
17.287 -464.328 -71.765 -0.095 0.006 0.284 0.954
17.207 -464.207 -71.791 -0.095 0.006 0.286 0.953
17.155 -464.130 -71.808 -0.095 0.006 0.287 0.953
17.092 -464.036 -71.828 -0.095 0.006 0.289 0.953
17.046 -463.968 -71.843 -0.095 0.006 0.290 0.952
16.979 -463.870 -71.864 -0.094 0.007 0.292 0.952
16.925 -463.792 -71.881 -0.094 0.007 0.292 0.952
16.868 -463.708 -71.899 -0.094 0.007 0.293 0.951
16.803 -463.614 -71.920 -0.095 0.007 0.295 0.951
16.735 -463.517 -71.941 -0.095 0.007 0.296 0.950
16.672 -463.427 -71.961 -0.095 0.007 0.298 0.950
16.610 -463.340 -71.980 -0.094 0.008 0.300 0.949
16.578 -463.295 -71.989 -0.094 0.008 0.300 0.949
16.519 -463.212 -72.007 -0.094 0.008 0.302 0.949
16.455 -463.123 -72.027 -0.094 0.008 0.303 0.948
16.403 -463.051 -72.042 -0.094 0.008 0.304 0.948
16.350 -462.979 -72.058 -0.094 0.008 0.305 0.948
16.286 -462.891 -72.077 -0.094 0.008 0.307 0.947
16.234 -462.821 -72.093 -0.094 0.008 0.308 0.947
16.195 -462.768 -72.104 -0.093 0.009 0.308 0.947
16.127 -462.676 -72.124 -0.094 0.009 0.309 0.946
16.066 -462.593 -72.142 -0.093 0.009 0.311 0.946
16.005 -462.513 -72.159 -0.093 0.009 0.312 0.946
15.913 -462.390 -72.186 -0.092 0.009 0.313 0.945
15.855 -462.312 -72.202 -0.092 0.010 0.314 0.945
15.783 -462.218 -72.222 -0.090 0.010 0.315 0.945
15.744 -462.166 -72.233 -0.090 0.010 0.316 0.945
15.701 -462.110 -72.245 -0.090 0.010 0.316 0.944
15.666 -462.065 -72.254 -0.090 0.010 0.316 0.944
15.617 -462.001 -72.267 -0.090 0.011 0.317 0.944
15.545 -461.907 -72.287 -0.090 0.011 0.318 0.944
15.457 -461.793 -72.311 -0.089 0.011 0.320 0.943
15.404 -461.726 -72.324 -0.088 0.012 0.322 0.943
15.365 -461.675 -72.335 -0.089 0.012 0.323 0.942
15.307 -461.602 -72.350 -0.088 0.012 0.324 0.942
15.243 -461.521 -72.366 -0.089 0.012 0.324 0.942
15.158 -461.413 -72.389 -0.088 0.012 0.326 0.941
15.081 -461.319 -72.408 -0.089 0.012 0.328 0.940
15.008 -461.228 -72.427 -0.089 0.012 0.330 0.940
14.934 -461.138 -72.446 -0.087 0.013 0.332 0.939
14.813 -460.990 -72.476 -0.086 0.013 0.334 0.939
14.733 -460.893 -72.495 -0.085 0.014 0.336 0.938
14.658 -460.804 -72.513 -0.085 0.014 0.337 0.937
14.563 -460.691 -72.535 -0.085 0.014 0.339 0.937
14.484 -460.597 -72.554 -0.085 0.014 0.339 0.937
14.399 -460.497 -72.574 -0.084 0.015 0.341 0.936
14.353 -460.443 -72.584 -0.083 0.015 0.341 0.936
14.305 -460.387 -72.595 -0.083 0.015 0.342 0.936
14.236 -460.306 -72.610 -0.083 0.015 0.343 0.935
14.174 -460.234 -72.624 -0.083 0.015 0.344 0.935
14.125 -460.177 -72.635 -0.083 0.016 0.345 0.935
