26.390 -423.602 -82.405 -0.025 0.000 0.051 0.998
26.384 -423.544 -82.408 -0.026 0.000 0.052 0.998
26.373 -423.437 -82.414 -0.028 0.000 0.056 0.998
26.362 -423.343 -82.419 -0.029 0.000 0.058 0.998
26.347 -423.221 -82.426 -0.031 0.000 0.063 0.998
26.342 -423.180 -82.429 -0.031 0.000 0.064 0.997
26.329 -423.082 -82.435 -0.033 0.000 0.067 0.997
26.314 -422.974 -82.443 -0.034 0.000 0.071 0.997
26.298 -422.865 -82.450 -0.035 0.000 0.075 0.997
26.278 -422.738 -82.459 -0.036 0.000 0.080 0.996
26.263 -422.647 -82.466 -0.038 0.000 0.083 0.996
26.248 -422.563 -82.472 -0.039 0.000 0.086 0.996
26.231 -422.466 -82.480 -0.041 0.000 0.090 0.995
26.216 -422.385 -82.487 -0.042 0.000 0.092 0.995
26.200 -422.302 -82.494 -0.043 0.000 0.095 0.995
26.181 -422.203 -82.503 -0.045 0.000 0.098 0.994
26.155 -422.078 -82.515 -0.046 0.000 0.102 0.994
26.134 -421.978 -82.524 -0.047 0.000 0.104 0.993
26.112 -421.876 -82.534 -0.049 0.000 0.108 0.993
26.093 -421.789 -82.543 -0.050 0.000 0.111 0.993
26.073 -421.705 -82.552 -0.052 0.000 0.114 0.992
26.054 -421.626 -82.560 -0.053 0.000 0.116 0.992
26.033 -421.538 -82.570 -0.054 0.000 0.119 0.991
26.002 -421.415 -82.584 -0.056 0.000 0.123 0.991
25.980 -421.327 -82.594 -0.057 0.000 0.126 0.990
25.947 -421.203 -82.609 -0.058 0.000 0.130 0.990
25.913 -421.077 -82.624 -0.060 0.000 0.134 0.989
25.885 -420.979 -82.636 -0.061 0.000 0.137 0.989
25.865 -420.910 -82.645 -0.062 0.000 0.140 0.988
25.824 -420.768 -82.663 -0.064 0.000 0.144 0.988
25.794 -420.671 -82.676 -0.065 0.000 0.147 0.987
25.780 -420.624 -82.683 -0.066 0.000 0.148 0.987
25.747 -420.518 -82.697 -0.066 0.000 0.151 0.986
25.701 -420.375 -82.717 -0.067 0.001 0.155 0.986
25.671 -420.283 -82.730 -0.069 0.001 0.158 0.985
25.634 -420.171 -82.747 -0.070 0.001 0.160 0.985
25.602 -420.076 -82.761 -0.071 0.001 0.162 0.984
25.565 -419.969 -82.777 -0.072 0.001 0.165 0.984
25.519 -419.839 -82.796 -0.073 0.001 0.168 0.983
25.487 -419.749 -82.810 -0.073 0.001 0.172 0.982
25.450 -419.649 -82.826 -0.075 0.001 0.175 0.982
25.409 -419.540 -82.844 -0.076 0.001 0.178 0.981
25.377 -419.455 -82.857 -0.077 0.001 0.181 0.980
25.344 -419.369 -82.871 -0.078 0.001 0.184 0.980
25.289 -419.231 -82.894 -0.079 0.001 0.188 0.979
25.245 -419.123 -82.913 -0.080 0.001 0.191 0.978
25.198 -419.009 -82.932 -0.081 0.001 0.194 0.978
25.165 -418.929 -82.946 -0.081 0.001 0.197 0.977
25.123 -418.832 -82.963 -0.082 0.001 0.199 0.976
25.069 -418.708 -82.985 -0.083 0.002 0.204 0.976
25.019 -418.594 -83.005 -0.085 0.002 0.208 0.975
24.974 -418.496 -83.024 -0.085 0.002 0.211 0.974
24.925 -418.390 -83.043 -0.086 0.002 0.214 0.973
24.859 -418.250 -83.069 -0.087 0.002 0.219 0.972
24.820 -418.171 -83.085 -0.088 0.002 0.222 0.971
24.775 -418.078 -83.103 -0.090 0.002 0.225 0.970
24.749 -418.026 -83.113 -0.090 0.002 0.227 0.970
24.706 -417.941 -83.130 -0.091 0.002 0.229 0.969
24.644 -417.820 -83.154 -0.093 0.002 0.234 0.968
24.591 -417.719 -83.175 -0.094 0.002 0.237 0.967
24.552 -417.646 -83.191 -0.095 0.002 0.240 0.966
24.511 -417.569 -83.207 -0.096 0.002 0.242 0.966
24.432 -417.425 -83.238 -0.098 0.002 0.247 0.964
24.378 -417.328 -83.259 -0.100 0.002 0.250 0.963
24.348 -417.275 -83.271 -0.101 0.002 0.252 0.962
24.290 -417.175 -83.294 -0.103 0.002 0.256 0.961
24.249 -417.105 -83.311 -0.104 0.002 0.258 0.961
24.195 -417.013 -83.332 -0.105 0.002 0.261 0.959
24.134 -416.912 -83.357 -0.107 0.002 0.265 0.958
24.102 -416.860 -83.369 -0.108 0.002 0.267 0.958
24.041 -416.762 -83.394 -0.109 0.002 0.271 0.957
23.979 -416.663 -83.419 -0.110 0.002 0.274 0.955
23.900 -416.540 -83.450 -0.112 0.002 0.279 0.954
23.843 -416.453 -83.473 -0.114 0.002 0.282 0.952
23.820 -416.419 -83.482 -0.115 0.001 0.284 0.952
23.748 -416.312 -83.511 -0.116 0.002 0.288 0.951
23.692 -416.229 -83.533 -0.117 0.002 0.292 0.949
23.649 -416.168 -83.550 -0.118 0.002 0.294 0.948
23.609 -416.111 -83.566 -0.119 0.002 0.297 0.948
23.526 -415.995 -83.600 -0.122 0.001 0.302 0.946
23.488 -415.943 -83.615 -0.123 0.001 0.304 0.945
23.429 -415.864 -83.639 -0.124 0.001 0.308 0.943
23.369 -415.784 -83.663 -0.126 0.001 0.312 0.942
23.323 -415.723 -83.682 -0.128 0.001 0.315 0.941
23.280 -415.667 -83.699 -0.129 0.001 0.317 0.940
23.230 -415.604 -83.719 -0.129 0.001 0.320 0.939
23.197 -415.562 -83.732 -0.130 0.001 0.322 0.938
23.128 -415.476 -83.761 -0.132 0.001 0.326 0.936
23.063 -415.397 -83.787 -0.135 0.001 0.330 0.934
22.997 -415.317 -83.814 -0.135 0.001 0.333 0.933
22.938 -415.247 -83.838 -0.137 0.001 0.337 0.932
22.810 -415.100 -83.889 -0.139 0.001 0.344 0.929
22.694 -414.971 -83.936 -0.143 0.001 0.350 0.926
22.620 -414.890 -83.966 -0.145 0.001 0.354 0.924
22.552 -414.818 -83.994 -0.146 0.001 0.358 0.922
22.490 -414.752 -84.019 -0.148 0.001 0.361 0.921
22.391 -414.649 -84.060 -0.149 0.001 0.367 0.918
22.327 -414.586 -84.085 -0.151 0.001 0.370 0.917
22.269 -414.528 -84.109 -0.152 0.001 0.373 0.915
22.233 -414.492 -84.124 -0.153 0.001 0.375 0.914
22.145 -414.407 -84.159 -0.155 0.001 0.380 0.912
22.045 -414.312 -84.200 -0.156 0.001 0.385 0.910
21.983 -414.255 -84.225 -0.157 0.001 0.388 0.908
21.924 -414.201 -84.249 -0.159 0.001 0.391 0.907
21.881 -414.162 -84.266 -0.160 0.001 0.393 0.906
21.775 -414.068 -84.309 -0.162 0.001 0.398 0.903
21.721 -414.021 -84.331 -0.163 0.001 0.401 0.902
21.634 -413.947 -84.366 -0.164 0.002 0.405 0.899
21.569 -413.892 -84.392 -0.165 0.002 0.408 0.898
21.499 -413.834 -84.420 -0.166 0.002 0.411 0.896
21.433 -413.781 -84.446 -0.167 0.002 0.414 0.895
21.343 -413.708 -84.483 -0.169 0.002 0.418 0.893
21.235 -413.624 -84.526 -0.171 0.001 0.423 0.890
21.150 -413.559 -84.560 -0.172 0.002 0.427 0.888
21.073 -413.500 -84.591 -0.174 0.002 0.430 0.886
20.945 -413.407 -84.643 -0.176 0.001 0.435 0.883
20.858 -413.344 -84.678 -0.177 0.002 0.439 0.881
20.765 -413.278 -84.715 -0.179 0.002 0.443 0.878
20.663 -413.208 -84.756 -0.181 0.002 0.448 0.876
20.566 -413.143 -84.795 -0.183 0.001 0.452 0.873
20.500 -413.100 -84.822 -0.184 0.001 0.455 0.872
20.394 -413.031 -84.864 -0.185 0.002 0.458 0.869
20.343 -412.999 -84.884 -0.185 0.002 0.461 0.868
20.255 -412.944 -84.920 -0.187 0.002 0.464 0.866
20.104 -412.851 -84.980 -0.190 0.002 0.470 0.862
20.001 -412.791 -85.021 -0.191 0.002 0.474 0.860
19.902 -412.733 -85.062 -0.193 0.001 0.478 0.857
19.812 -412.682 -85.098 -0.194 0.002 0.481 0.855
19.742 -412.644 -85.125 -0.196 0.001 0.484 0.853
19.591 -412.562 -85.186 -0.198 0.002 0.490 0.849
19.503 -412.516 -85.222 -0.199 0.001 0.493 0.847
19.389 -412.458 -85.268 -0.201 0.002 0.498 0.843
19.335 -412.431 -85.290 -0.202 0.001 0.500 0.842
19.251 -412.390 -85.323 -0.203 0.002 0.503 0.840
19.155 -412.344 -85.362 -0.205 0.001 0.506 0.838
19.087 -412.312 -85.389 -0.207 0.001 0.509 0.836
18.998 -412.271 -85.425 -0.207 0.001 0.512 0.834
18.917 -412.234 -85.458 -0.209 0.001 0.514 0.832
18.833 -412.197 -85.492 -0.210 0.001 0.517 0.830
18.707 -412.142 -85.543 -0.212 0.001 0.521 0.827
18.621 -412.106 -85.578 -0.213 0.001 0.524 0.824
18.494 -412.054 -85.630 -0.215 0.001 0.528 0.821
18.417 -412.023 -85.661 -0.216 0.001 0.531 0.819
18.334 -411.991 -85.695 -0.217 0.000 0.534 0.817
18.248 -411.958 -85.730 -0.218 0.001 0.537 0.815
18.098 -411.903 -85.791 -0.220 0.000 0.541 0.812
18.004 -411.870 -85.829 -0.222 0.001 0.544 0.809
17.897 -411.833 -85.872 -0.223 0.001 0.548 0.806
17.832 -411.811 -85.899 -0.224 0.001 0.550 0.805
17.739 -411.781 -85.936 -0.224 0.001 0.552 0.803
17.686 -411.763 -85.958 -0.225 0.001 0.553 0.802
17.552 -411.721 -86.012 -0.227 0.000 0.557 0.799
17.460 -411.693 -86.050 -0.229 0.000 0.560 0.796
17.360 -411.663 -86.091 -0.230 0.000 0.563 0.794
17.263 -411.635 -86.130 -0.231 0.000 0.566 0.791
17.197 -411.617 -86.157 -0.232 0.000 0.568 0.790
17.113 -411.594 -86.192 -0.233 0.000 0.570 0.788
17.015 -411.568 -86.232 -0.235 -0.001 0.573 0.785
16.911 -411.542 -86.275 -0.236 -0.001 0.576 0.783
16.833 -411.523 -86.307 -0.237 0.000 0.578 0.781
16.745 -411.502 -86.343 -0.238 0.000 0.581 0.778
16.625 -411.475 -86.392 -0.239 0.000 0.584 0.776
16.549 -411.458 -86.423 -0.240 0.000 0.586 0.774
16.442 -411.435 -86.467 -0.242 -0.001 0.590 0.771
16.305 -411.408 -86.523 -0.243 -0.001 0.593 0.767
16.187 -411.385 -86.572 -0.245 -0.001 0.597 0.764
16.066 -411.364 -86.622 -0.247 -0.001 0.600 0.761
15.982 -411.349 -86.657 -0.248 -0.001 0.602 0.759
15.879 -411.333 -86.699 -0.249 -0.002 0.605 0.756
15.790 -411.319 -86.736 -0.251 -0.002 0.607 0.754
15.660 -411.300 -86.790 -0.252 -0.002 0.611 0.750
15.572 -411.288 -86.827 -0.253 -0.002 0.613 0.748
15.434 -411.271 -86.884 -0.255 -0.002 0.618 0.744
15.318 -411.258 -86.932 -0.257 -0.002 0.621 0.741
15.215 -411.248 -86.975 -0.258 -0.002 0.624 0.738
15.111 -411.238 -87.018 -0.259 -0.002 0.626 0.735
15.056 -411.234 -87.041 -0.259 -0.002 0.628 0.734
14.940 -411.224 -87.090 -0.261 -0.002 0.631 0.731
14.860 -411.219 -87.123 -0.262 -0.002 0.633 0.729
14.763 -411.212 -87.164 -0.263 -0.002 0.635 0.726
14.675 -411.207 -87.200 -0.264 -0.002 0.638 0.724
14.596 -411.203 -87.233 -0.264 -0.002 0.640 0.722
14.481 -411.199 -87.281 -0.266 -0.002 0.643 0.718
14.404 -411.196 -87.313 -0.267 -0.002 0.645 0.716
14.319 -411.194 -87.349 -0.267 -0.002 0.647 0.714
14.208 -411.193 -87.395 -0.269 -0.002 0.650 0.710
14.114 -411.193 -87.434 -0.270 -0.003 0.653 0.708
14.043 -411.193 -87.464 -0.271 -0.003 0.654 0.706
13.920 -411.194 -87.515 -0.272 -0.002 0.658 0.702
13.797 -411.196 -87.567 -0.273 -0.002 0.661 0.699
13.715 -411.199 -87.601 -0.274 -0.002 0.663 0.697
13.649 -411.201 -87.629 -0.275 -0.002 0.665 0.695
13.529 -411.206 -87.679 -0.276 -0.002 0.668 0.692
13.461 -411.209 -87.707 -0.276 -0.002 0.669 0.690
13.348 -411.215 -87.754 -0.277 -0.002 0.671 0.688
13.274 -411.220 -87.785 -0.278 -0.002 0.672 0.686
13.174 -411.227 -87.827 -0.279 -0.003 0.673 0.685
13.046 -411.236 -87.881 -0.280 -0.003 0.675 0.682
12.946 -411.243 -87.922 -0.280 -0.003 0.677 0.681
12.870 -411.250 -87.954 -0.280 -0.002 0.678 0.679
12.774 -411.258 -87.994 -0.281 -0.002 0.680 0.678
12.692 -411.266 -88.028 -0.281 -0.002 0.680 0.677
12.616 -411.273 -88.060 -0.281 -0.002 0.682 0.675
12.530 -411.282 -88.096 -0.282 -0.001 0.683 0.674
12.422 -411.293 -88.140 -0.282 -0.001 0.685 0.672
12.318 -411.304 -88.183 -0.282 -0.001 0.687 0.670
12.252 -411.312 -88.210 -0.283 -0.001 0.688 0.669
12.133 -411.326 -88.259 -0.283 0.000 0.689 0.667
12.000 -411.343 -88.314 -0.283 0.000 0.691 0.664
11.902 -411.355 -88.354 -0.284 0.001 0.693 0.663
11.780 -411.372 -88.404 -0.285 0.000 0.694 0.661
11.709 -411.382 -88.433 -0.285 0.000 0.695 0.660
