24.699 -458.361 -70.112 -0.002 0.000 0.004 1.000
24.698 -458.237 -70.113 -0.005 0.000 0.008 1.000
24.694 -458.081 -70.115 -0.008 0.000 0.014 1.000
24.691 -457.971 -70.117 -0.009 0.000 0.017 1.000
24.687 -457.871 -70.119 -0.011 0.000 0.021 1.000
24.682 -457.753 -70.121 -0.013 0.000 0.025 1.000
24.679 -457.692 -70.123 -0.014 0.000 0.027 1.000
24.672 -457.580 -70.126 -0.016 0.000 0.031 0.999
24.664 -457.463 -70.130 -0.019 0.000 0.035 0.999
24.654 -457.331 -70.136 -0.021 0.000 0.041 0.999
24.647 -457.249 -70.139 -0.022 0.000 0.044 0.999
24.638 -457.150 -70.144 -0.024 0.000 0.047 0.999
24.628 -457.046 -70.149 -0.026 0.000 0.051 0.998
24.617 -456.946 -70.155 -0.028 0.000 0.055 0.998
24.606 -456.846 -70.160 -0.029 0.000 0.058 0.998
24.594 -456.751 -70.166 -0.030 0.000 0.062 0.998
24.578 -456.624 -70.174 -0.032 0.000 0.066 0.997
24.563 -456.512 -70.181 -0.034 0.000 0.070 0.997
24.549 -456.420 -70.188 -0.036 0.000 0.073 0.997
24.532 -456.304 -70.197 -0.038 0.000 0.078 0.996
24.518 -456.219 -70.203 -0.039 0.000 0.080 0.996
24.502 -456.125 -70.211 -0.040 0.000 0.084 0.996
24.482 -456.006 -70.220 -0.041 0.000 0.088 0.995
24.457 -455.873 -70.232 -0.044 0.000 0.094 0.995
24.430 -455.735 -70.244 -0.046 0.000 0.098 0.994
24.408 -455.628 -70.255 -0.047 0.000 0.102 0.994
24.391 -455.549 -70.262 -0.047 0.000 0.105 0.993
24.378 -455.488 -70.268 -0.048 0.000 0.107 0.993
24.360 -455.407 -70.276 -0.050 0.000 0.109 0.993
24.337 -455.304 -70.287 -0.052 0.000 0.113 0.992
24.319 -455.226 -70.295 -0.053 0.000 0.116 0.992
24.299 -455.144 -70.304 -0.054 0.000 0.119 0.991
24.273 -455.041 -70.316 -0.055 0.000 0.123 0.991
24.243 -454.922 -70.330 -0.057 0.000 0.126 0.990
24.218 -454.829 -70.341 -0.058 0.000 0.130 0.990
24.189 -454.720 -70.354 -0.059 0.001 0.133 0.989
24.162 -454.625 -70.366 -0.060 0.001 0.136 0.989
24.132 -454.519 -70.379 -0.062 0.001 0.139 0.988
24.103 -454.420 -70.392 -0.063 0.001 0.143 0.988
24.078 -454.336 -70.403 -0.064 0.001 0.146 0.987
24.057 -454.269 -70.412 -0.065 0.001 0.148 0.987
24.028 -454.177 -70.424 -0.066 0.001 0.151 0.986
24.001 -454.092 -70.436 -0.066 0.001 0.154 0.986
23.959 -453.963 -70.454 -0.068 0.001 0.159 0.985
23.917 -453.838 -70.472 -0.070 0.001 0.162 0.984
23.870 -453.702 -70.493 -0.073 0.001 0.167 0.983
23.813 -453.544 -70.517 -0.075 0.001 0.173 0.982
23.775 -453.441 -70.534 -0.076 0.001 0.177 0.981
23.738 -453.344 -70.550 -0.077 0.001 0.180 0.981
23.704 -453.255 -70.565 -0.080 0.001 0.183 0.980
23.648 -453.113 -70.589 -0.081 0.001 0.187 0.979
23.599 -452.993 -70.610 -0.083 0.001 0.192 0.978
23.544 -452.860 -70.634 -0.085 0.001 0.196 0.977
23.503 -452.766 -70.651 -0.086 0.001 0.200 0.976
23.473 -452.695 -70.664 -0.087 0.001 0.202 0.975
23.428 -452.593 -70.684 -0.089 0.001 0.206 0.974
23.391 -452.511 -70.700 -0.090 0.001 0.209 0.974
23.372 -452.470 -70.708 -0.091 0.001 0.210 0.973
23.332 -452.384 -70.725 -0.093 0.001 0.213 0.973
23.294 -452.303 -70.741 -0.094 0.001 0.216 0.972
23.264 -452.239 -70.754 -0.095 0.001 0.218 0.971
23.223 -452.153 -70.772 -0.096 0.001 0.221 0.971
23.161 -452.028 -70.799 -0.097 0.001 0.225 0.970
23.098 -451.901 -70.826 -0.098 0.001 0.230 0.968
23.034 -451.777 -70.853 -0.100 0.001 0.234 0.967
22.988 -451.690 -70.872 -0.100 0.001 0.237 0.966
22.945 -451.609 -70.891 -0.102 0.001 0.240 0.965
22.900 -451.525 -70.910 -0.104 0.001 0.243 0.965
22.851 -451.437 -70.931 -0.105 0.001 0.247 0.963
22.800 -451.346 -70.952 -0.106 0.001 0.250 0.962
22.727 -451.218 -70.983 -0.109 0.001 0.255 0.961
22.684 -451.145 -71.002 -0.111 0.001 0.257 0.960
22.640 -451.070 -71.021 -0.112 0.001 0.260 0.959
22.594 -450.993 -71.040 -0.113 0.001 0.263 0.958
22.516 -450.865 -71.074 -0.114 0.001 0.267 0.957
22.451 -450.760 -71.101 -0.116 0.001 0.271 0.956
22.400 -450.680 -71.123 -0.117 0.001 0.274 0.955
22.364 -450.623 -71.138 -0.118 0.001 0.276 0.954
22.292 -450.513 -71.169 -0.119 0.001 0.280 0.953
22.228 -450.416 -71.196 -0.120 0.001 0.282 0.952
22.182 -450.346 -71.215 -0.121 0.001 0.285 0.951
22.105 -450.232 -71.248 -0.123 0.001 0.289 0.949
22.049 -450.151 -71.272 -0.125 0.001 0.292 0.948
21.985 -450.060 -71.299 -0.127 0.001 0.295 0.947
21.923 -449.972 -71.326 -0.128 0.001 0.298 0.946
21.851 -449.873 -71.357 -0.130 0.001 0.302 0.945
21.788 -449.787 -71.384 -0.130 0.001 0.304 0.944
21.703 -449.673 -71.420 -0.131 0.001 0.308 0.942
21.656 -449.610 -71.440 -0.132 0.001 0.311 0.941
21.593 -449.528 -71.466 -0.133 0.001 0.313 0.940
21.535 -449.453 -71.491 -0.134 0.001 0.316 0.939
21.468 -449.367 -71.519 -0.135 0.002 0.319 0.938
21.404 -449.286 -71.546 -0.136 0.001 0.322 0.937
21.355 -449.226 -71.567 -0.137 0.002 0.325 0.936
21.302 -449.161 -71.589 -0.138 0.002 0.327 0.935
21.219 -449.060 -71.624 -0.140 0.001 0.331 0.933
21.146 -448.974 -71.654 -0.140 0.002 0.334 0.932
21.087 -448.905 -71.679 -0.141 0.002 0.337 0.931
21.024 -448.831 -71.706 -0.143 0.002 0.341 0.929
20.970 -448.770 -71.728 -0.144 0.002 0.343 0.928
20.910 -448.702 -71.753 -0.144 0.002 0.345 0.927
20.851 -448.636 -71.778 -0.145 0.002 0.347 0.927
20.794 -448.573 -71.801 -0.146 0.002 0.349 0.926
20.717 -448.489 -71.833 -0.146 0.002 0.352 0.924
20.642 -448.407 -71.864 -0.148 0.002 0.355 0.923
20.573 -448.334 -71.893 -0.149 0.002 0.358 0.922
20.519 -448.276 -71.915 -0.150 0.002 0.360 0.921
20.441 -448.196 -71.947 -0.151 0.002 0.362 0.920
20.382 -448.134 -71.972 -0.152 0.002 0.364 0.919
20.321 -448.072 -71.997 -0.152 0.002 0.366 0.918
20.268 -448.018 -72.019 -0.153 0.002 0.367 0.917
20.222 -447.973 -72.038 -0.153 0.002 0.368 0.917
20.145 -447.895 -72.070 -0.154 0.002 0.370 0.916
20.095 -447.846 -72.090 -0.154 0.002 0.371 0.916
20.024 -447.775 -72.119 -0.155 0.003 0.374 0.914
19.968 -447.720 -72.142 -0.156 0.002 0.375 0.914
19.905 -447.659 -72.168 -0.156 0.003 0.377 0.913
19.848 -447.604 -72.192 -0.156 0.003 0.379 0.912
19.787 -447.547 -72.216 -0.157 0.003 0.381 0.911
19.725 -447.488 -72.242 -0.158 0.003 0.383 0.910
19.637 -447.406 -72.278 -0.159 0.003 0.387 0.908
19.581 -447.354 -72.301 -0.160 0.003 0.388 0.908
19.505 -447.285 -72.331 -0.160 0.003 0.391 0.906
19.432 -447.219 -72.361 -0.161 0.003 0.393 0.905
19.348 -447.144 -72.395 -0.162 0.003 0.396 0.904
19.291 -447.094 -72.418 -0.163 0.003 0.398 0.903
19.201 -447.015 -72.455 -0.165 0.003 0.400 0.901
19.128 -446.953 -72.485 -0.165 0.003 0.402 0.901
19.046 -446.883 -72.518 -0.165 0.004 0.405 0.899
18.957 -446.808 -72.554 -0.166 0.004 0.407 0.898
18.907 -446.766 -72.574 -0.166 0.004 0.408 0.898
18.871 -446.736 -72.588 -0.166 0.004 0.409 0.897
18.804 -446.681 -72.615 -0.167 0.004 0.412 0.896
18.703 -446.598 -72.656 -0.167 0.004 0.414 0.895
18.615 -446.527 -72.691 -0.168 0.004 0.416 0.894
18.538 -446.467 -72.721 -0.168 0.005 0.419 0.892
18.473 -446.415 -72.747 -0.169 0.004 0.420 0.891
18.403 -446.360 -72.775 -0.170 0.005 0.422 0.890
18.324 -446.300 -72.806 -0.170 0.005 0.425 0.889
18.259 -446.250 -72.831 -0.171 0.005 0.427 0.888
18.205 -446.209 -72.852 -0.171 0.005 0.428 0.887
18.160 -446.175 -72.870 -0.171 0.005 0.429 0.887
18.067 -446.106 -72.906 -0.171 0.006 0.432 0.886
17.975 -446.037 -72.942 -0.171 0.006 0.433 0.885
17.892 -445.977 -72.974 -0.171 0.006 0.435 0.884
17.802 -445.912 -73.009 -0.172 0.006 0.438 0.882
17.707 -445.844 -73.045 -0.173 0.007 0.440 0.881
17.614 -445.778 -73.081 -0.174 0.007 0.442 0.880
17.521 -445.713 -73.117 -0.174 0.007 0.444 0.879
17.426 -445.648 -73.153 -0.175 0.006 0.446 0.878
17.340 -445.588 -73.186 -0.176 0.006 0.448 0.876
17.266 -445.538 -73.215 -0.177 0.007 0.450 0.875
17.147 -445.459 -73.260 -0.178 0.007 0.453 0.874
17.078 -445.413 -73.287 -0.178 0.007 0.454 0.873
17.023 -445.377 -73.308 -0.179 0.006 0.456 0.872
16.956 -445.333 -73.334 -0.180 0.006 0.457 0.871
16.818 -445.244 -73.387 -0.180 0.007 0.460 0.870
16.729 -445.188 -73.421 -0.179 0.007 0.462 0.869
16.657 -445.143 -73.448 -0.181 0.007 0.463 0.868
16.587 -445.099 -73.474 -0.182 0.007 0.465 0.867
16.544 -445.072 -73.491 -0.182 0.007 0.466 0.866
16.483 -445.034 -73.514 -0.182 0.007 0.467 0.865
16.420 -444.996 -73.538 -0.182 0.007 0.469 0.864
16.358 -444.958 -73.562 -0.183 0.007 0.470 0.864
16.278 -444.910 -73.592 -0.184 0.007 0.471 0.863
16.231 -444.881 -73.610 -0.184 0.007 0.472 0.862
16.147 -444.832 -73.642 -0.185 0.007 0.474 0.861
16.065 -444.784 -73.673 -0.185 0.007 0.476 0.860
16.004 -444.748 -73.696 -0.185 0.007 0.477 0.859
15.935 -444.709 -73.722 -0.186 0.007 0.478 0.858
15.867 -444.670 -73.747 -0.186 0.008 0.479 0.858
15.777 -444.618 -73.781 -0.185 0.008 0.481 0.857
15.716 -444.584 -73.804 -0.186 0.008 0.482 0.856
15.613 -444.526 -73.843 -0.186 0.008 0.484 0.855
15.527 -444.478 -73.875 -0.187 0.008 0.486 0.854
15.413 -444.416 -73.917 -0.186 0.009 0.487 0.853
15.339 -444.375 -73.944 -0.186 0.009 0.488 0.853
15.246 -444.325 -73.979 -0.186 0.010 0.489 0.852
15.127 -444.261 -74.022 -0.186 0.010 0.491 0.851
15.063 -444.227 -74.046 -0.186 0.010 0.492 0.850
14.975 -444.180 -74.078 -0.186 0.011 0.494 0.850
14.891 -444.136 -74.108 -0.186 0.011 0.495 0.849
14.803 -444.090 -74.140 -0.186 0.011 0.496 0.848
14.698 -444.036 -74.177 -0.186 0.011 0.496 0.848
14.584 -443.977 -74.218 -0.186 0.011 0.497 0.847
14.498 -443.933 -74.249 -0.186 0.011 0.498 0.847
14.427 -443.897 -74.274 -0.186 0.012 0.499 0.846
14.290 -443.827 -74.324 -0.186 0.012 0.499 0.846
14.168 -443.765 -74.367 -0.186 0.012 0.501 0.845
14.087 -443.724 -74.396 -0.185 0.013 0.502 0.845
