24.700 -458.407 -70.112 -0.002 0.000 0.003 1.000
24.698 -458.282 -70.113 -0.003 0.000 0.008 1.000
24.697 -458.198 -70.113 -0.005 0.000 0.011 1.000
24.693 -458.076 -70.115 -0.006 0.000 0.015 1.000
24.690 -457.983 -70.116 -0.008 0.000 0.018 1.000
24.685 -457.853 -70.118 -0.011 0.000 0.022 1.000
24.680 -457.757 -70.120 -0.011 0.000 0.026 1.000
24.674 -457.636 -70.123 -0.012 0.000 0.030 0.999
24.663 -457.471 -70.128 -0.015 0.000 0.036 0.999
24.656 -457.375 -70.131 -0.017 0.000 0.039 0.999
24.647 -457.274 -70.135 -0.019 0.000 0.043 0.999
24.641 -457.198 -70.138 -0.020 0.000 0.046 0.999
24.636 -457.147 -70.140 -0.021 0.000 0.048 0.999
24.629 -457.081 -70.143 -0.022 0.000 0.050 0.999
24.621 -457.005 -70.146 -0.023 0.000 0.053 0.998
24.612 -456.917 -70.150 -0.024 0.000 0.056 0.998
24.599 -456.813 -70.155 -0.025 0.000 0.060 0.998
24.585 -456.699 -70.161 -0.026 0.000 0.064 0.998
24.573 -456.603 -70.166 -0.028 0.000 0.067 0.997
24.560 -456.512 -70.172 -0.029 0.000 0.070 0.997
24.549 -456.431 -70.176 -0.030 0.000 0.073 0.997
24.534 -456.336 -70.182 -0.032 0.000 0.077 0.997
24.513 -456.206 -70.191 -0.033 0.000 0.082 0.996
24.489 -456.066 -70.200 -0.035 0.000 0.087 0.996
24.477 -455.997 -70.205 -0.035 0.000 0.089 0.995
24.459 -455.899 -70.212 -0.037 0.000 0.092 0.995
24.445 -455.827 -70.218 -0.038 0.000 0.095 0.995
24.422 -455.709 -70.227 -0.040 0.000 0.099 0.994
24.392 -455.563 -70.240 -0.043 0.000 0.104 0.994
24.360 -455.419 -70.252 -0.044 0.000 0.109 0.993
24.341 -455.332 -70.260 -0.046 0.000 0.112 0.993
24.322 -455.250 -70.268 -0.048 0.000 0.115 0.992
24.292 -455.128 -70.280 -0.050 0.000 0.118 0.992
24.273 -455.047 -70.289 -0.051 0.000 0.121 0.991
24.242 -454.925 -70.302 -0.053 0.000 0.126 0.991
24.222 -454.851 -70.310 -0.054 0.000 0.128 0.990
24.204 -454.783 -70.318 -0.055 0.000 0.130 0.990
24.184 -454.710 -70.326 -0.056 0.000 0.132 0.990
24.149 -454.584 -70.341 -0.057 0.000 0.136 0.989
24.123 -454.491 -70.352 -0.059 0.000 0.140 0.988
24.098 -454.408 -70.362 -0.060 0.000 0.143 0.988
24.078 -454.341 -70.371 -0.061 0.000 0.145 0.987
24.045 -454.231 -70.385 -0.063 0.000 0.150 0.987
24.004 -454.104 -70.402 -0.065 0.000 0.154 0.986
23.955 -453.955 -70.423 -0.067 0.000 0.160 0.985
23.931 -453.885 -70.432 -0.068 0.000 0.163 0.984
23.879 -453.735 -70.454 -0.071 0.000 0.168 0.983
23.841 -453.628 -70.471 -0.073 0.000 0.172 0.982
23.794 -453.500 -70.490 -0.075 0.000 0.175 0.982
23.745 -453.370 -70.511 -0.076 0.000 0.180 0.981
23.701 -453.256 -70.530 -0.078 0.000 0.185 0.980
23.668 -453.174 -70.544 -0.080 0.000 0.188 0.979
23.635 -453.092 -70.558 -0.081 0.000 0.191 0.978
23.590 -452.984 -70.577 -0.082 0.000 0.194 0.978
23.535 -452.854 -70.600 -0.084 0.000 0.199 0.976
23.479 -452.724 -70.624 -0.086 0.000 0.204 0.975
23.448 -452.654 -70.637 -0.087 0.000 0.207 0.974
23.400 -452.550 -70.657 -0.088 0.000 0.210 0.974
23.368 -452.479 -70.671 -0.089 0.000 0.212 0.973
23.304 -452.342 -70.698 -0.091 0.000 0.217 0.972
23.262 -452.255 -70.715 -0.092 0.000 0.220 0.971
23.202 -452.132 -70.741 -0.095 0.000 0.224 0.970
23.157 -452.041 -70.760 -0.096 0.000 0.228 0.969
23.098 -451.926 -70.784 -0.098 0.000 0.231 0.968
23.054 -451.840 -70.803 -0.099 0.000 0.233 0.967
23.011 -451.756 -70.822 -0.100 0.000 0.236 0.967
22.971 -451.681 -70.839 -0.101 0.000 0.238 0.966
22.921 -451.588 -70.860 -0.103 0.000 0.241 0.965
22.879 -451.510 -70.878 -0.104 0.000 0.243 0.964
22.854 -451.465 -70.889 -0.105 0.000 0.245 0.964
22.798 -451.364 -70.913 -0.107 0.000 0.249 0.962
22.748 -451.275 -70.934 -0.108 0.000 0.253 0.961
22.712 -451.213 -70.950 -0.109 0.000 0.255 0.961
22.657 -451.120 -70.973 -0.111 0.000 0.259 0.960
22.613 -451.045 -70.992 -0.112 0.000 0.262 0.959
22.551 -450.944 -71.018 -0.114 0.000 0.266 0.957
22.510 -450.877 -71.036 -0.115 0.000 0.268 0.957
22.466 -450.805 -71.055 -0.116 -0.001 0.270 0.956
22.400 -450.701 -71.084 -0.118 0.000 0.275 0.954
22.349 -450.623 -71.105 -0.119 -0.001 0.278 0.953
22.276 -450.510 -71.137 -0.121 -0.001 0.281 0.952
22.214 -450.417 -71.163 -0.123 -0.001 0.284 0.951
22.150 -450.321 -71.191 -0.124 -0.001 0.288 0.950
22.089 -450.233 -71.217 -0.125 0.000 0.291 0.949
22.025 -450.140 -71.245 -0.127 -0.001 0.294 0.947
21.989 -450.090 -71.260 -0.128 -0.001 0.296 0.947
21.936 -450.016 -71.283 -0.129 -0.001 0.299 0.946
21.878 -449.934 -71.308 -0.130 -0.001 0.301 0.945
21.820 -449.855 -71.333 -0.130 0.000 0.304 0.944
21.776 -449.795 -71.352 -0.131 0.000 0.306 0.943
21.704 -449.700 -71.383 -0.133 -0.001 0.310 0.942
21.660 -449.641 -71.402 -0.134 -0.001 0.311 0.941
21.610 -449.576 -71.424 -0.135 -0.001 0.314 0.940
21.534 -449.478 -71.456 -0.136 0.000 0.317 0.939
21.433 -449.350 -71.499 -0.138 0.000 0.321 0.937
21.363 -449.263 -71.529 -0.139 0.000 0.325 0.936
21.318 -449.208 -71.548 -0.140 0.000 0.327 0.935
21.267 -449.145 -71.570 -0.140 0.000 0.329 0.934
21.201 -449.066 -71.598 -0.141 0.000 0.332 0.933
21.145 -448.999 -71.622 -0.142 0.000 0.334 0.932
21.070 -448.912 -71.654 -0.144 0.000 0.337 0.931
21.007 -448.838 -71.681 -0.145 0.000 0.339 0.930
20.947 -448.769 -71.707 -0.146 -0.001 0.341 0.929
20.896 -448.711 -71.729 -0.147 0.000 0.343 0.928
20.791 -448.593 -71.774 -0.149 0.000 0.347 0.926
20.703 -448.496 -71.812 -0.150 0.000 0.350 0.924
20.622 -448.407 -71.847 -0.151 0.000 0.353 0.923
20.547 -448.327 -71.879 -0.153 0.000 0.356 0.922
20.435 -448.210 -71.926 -0.154 0.000 0.361 0.920
20.351 -448.123 -71.962 -0.154 0.000 0.364 0.919
20.289 -448.059 -71.988 -0.156 0.000 0.366 0.918
20.216 -447.985 -72.020 -0.156 0.000 0.368 0.917
20.122 -447.891 -72.059 -0.157 0.000 0.370 0.915
20.040 -447.810 -72.094 -0.158 0.000 0.373 0.914
19.965 -447.735 -72.126 -0.159 0.000 0.375 0.913
19.893 -447.667 -72.157 -0.161 0.000 0.377 0.912
19.823 -447.599 -72.187 -0.161 0.000 0.379 0.911
19.760 -447.539 -72.213 -0.163 0.000 0.381 0.910
19.664 -447.449 -72.255 -0.165 -0.001 0.384 0.908
19.603 -447.392 -72.281 -0.165 0.000 0.386 0.908
19.527 -447.323 -72.313 -0.166 0.000 0.388 0.907
19.459 -447.261 -72.342 -0.168 -0.001 0.390 0.906
19.370 -447.181 -72.381 -0.168 0.000 0.393 0.904
19.292 -447.112 -72.414 -0.169 -0.001 0.395 0.903
19.234 -447.060 -72.439 -0.170 0.000 0.397 0.902
19.166 -447.002 -72.468 -0.170 0.000 0.399 0.901
19.099 -446.944 -72.497 -0.172 0.000 0.401 0.900
19.025 -446.881 -72.528 -0.172 0.000 0.403 0.899
18.940 -446.810 -72.565 -0.173 0.000 0.405 0.898
18.838 -446.724 -72.609 -0.175 0.000 0.409 0.896
18.759 -446.659 -72.642 -0.175 0.000 0.411 0.895
18.707 -446.617 -72.665 -0.176 0.000 0.412 0.894
18.648 -446.569 -72.690 -0.176 0.000 0.414 0.893
18.543 -446.486 -72.735 -0.177 0.000 0.418 0.891
18.474 -446.432 -72.764 -0.178 0.000 0.420 0.890
18.386 -446.363 -72.801 -0.179 0.001 0.423 0.888
18.312 -446.307 -72.832 -0.179 0.001 0.425 0.887
18.230 -446.245 -72.867 -0.180 0.001 0.428 0.886
18.133 -446.173 -72.907 -0.182 0.001 0.430 0.884
18.057 -446.117 -72.940 -0.182 0.001 0.432 0.883
17.975 -446.056 -72.974 -0.184 0.000 0.434 0.882
17.871 -445.981 -73.018 -0.185 0.000 0.436 0.880
17.801 -445.932 -73.048 -0.186 0.000 0.438 0.880
17.727 -445.879 -73.079 -0.186 0.000 0.439 0.879
17.691 -445.854 -73.095 -0.187 0.000 0.440 0.878
17.604 -445.793 -73.131 -0.188 0.000 0.442 0.877
17.525 -445.738 -73.165 -0.189 0.000 0.444 0.876
17.486 -445.712 -73.182 -0.189 0.000 0.445 0.875
17.378 -445.638 -73.228 -0.190 0.000 0.448 0.874
17.292 -445.581 -73.264 -0.191 0.000 0.450 0.872
17.239 -445.546 -73.287 -0.192 0.000 0.451 0.872
17.141 -445.481 -73.328 -0.192 0.000 0.453 0.871
17.075 -445.438 -73.356 -0.192 0.001 0.455 0.870
17.012 -445.397 -73.383 -0.193 0.001 0.456 0.869
16.949 -445.357 -73.409 -0.193 0.001 0.457 0.868
16.833 -445.283 -73.458 -0.193 0.001 0.459 0.867
16.775 -445.247 -73.483 -0.194 0.001 0.460 0.866
16.722 -445.213 -73.505 -0.194 0.001 0.461 0.866
16.612 -445.145 -73.551 -0.194 0.001 0.463 0.865
16.526 -445.092 -73.587 -0.195 0.001 0.464 0.864
16.442 -445.040 -73.622 -0.196 0.001 0.465 0.863
16.344 -444.981 -73.663 -0.196 0.002 0.467 0.862
16.253 -444.926 -73.701 -0.196 0.002 0.469 0.861
16.184 -444.885 -73.729 -0.196 0.002 0.471 0.860
16.110 -444.842 -73.760 -0.197 0.002 0.472 0.859
16.012 -444.784 -73.801 -0.197 0.002 0.474 0.858
15.919 -444.731 -73.839 -0.198 0.002 0.476 0.857
15.836 -444.684 -73.873 -0.198 0.003 0.477 0.856
15.754 -444.637 -73.907 -0.198 0.003 0.479 0.855
15.641 -444.574 -73.953 -0.198 0.004 0.481 0.854
15.561 -444.529 -73.986 -0.198 0.004 0.482 0.853
15.505 -444.499 -74.008 -0.197 0.004 0.483 0.853
15.397 -444.440 -74.051 -0.198 0.004 0.484 0.853
15.348 -444.412 -74.071 -0.198 0.004 0.485 0.852
15.272 -444.371 -74.102 -0.198 0.004 0.485 0.852
15.185 -444.324 -74.137 -0.198 0.004 0.486 0.851
15.101 -444.279 -74.171 -0.199 0.004 0.487 0.850
15.018 -444.235 -74.204 -0.199 0.004 0.488 0.850
14.937 -444.192 -74.237 -0.199 0.005 0.489 0.849
14.825 -444.133 -74.282 -0.199 0.005 0.491 0.848
14.741 -444.088 -74.315 -0.199 0.005 0.491 0.848
14.619 -444.025 -74.363 -0.198 0.006 0.493 0.847
14.558 -443.993 -74.387 -0.198 0.006 0.494 0.847
14.461 -443.943 -74.425 -0.198 0.007 0.495 0.846
14.398 -443.910 -74.450 -0.198 0.007 0.496 0.846
14.292 -443.857 -74.491 -0.199 0.007 0.496 0.845
14.189 -443.805 -74.531 -0.198 0.007 0.497 0.845
14.124 -443.772 -74.557 -0.198 0.007 0.498 0.844
14.036 -443.728 -74.591 -0.198 0.007 0.499 0.844
