24.700 -458.389 -70.112 -0.002 0.000 0.004 1.000
24.698 -458.233 -70.113 -0.003 0.000 0.009 1.000
24.695 -458.140 -70.113 -0.005 0.000 0.013 1.000
24.691 -458.003 -70.115 -0.008 0.000 0.018 1.000
24.689 -457.941 -70.116 -0.008 0.000 0.020 1.000
24.683 -457.813 -70.118 -0.009 0.000 0.025 1.000
24.678 -457.724 -70.120 -0.010 0.000 0.028 1.000
24.672 -457.618 -70.122 -0.012 0.000 0.032 0.999
24.666 -457.521 -70.125 -0.013 0.000 0.036 0.999
24.658 -457.418 -70.128 -0.014 0.000 0.039 0.999
24.645 -457.262 -70.132 -0.017 0.000 0.045 0.999
24.635 -457.159 -70.136 -0.018 0.000 0.049 0.999
24.623 -457.041 -70.141 -0.020 0.000 0.053 0.998
24.610 -456.924 -70.146 -0.022 0.000 0.057 0.998
24.603 -456.871 -70.148 -0.023 0.000 0.059 0.998
24.595 -456.799 -70.151 -0.024 0.000 0.062 0.998
24.580 -456.689 -70.157 -0.026 0.000 0.066 0.997
24.565 -456.574 -70.163 -0.028 0.000 0.070 0.997
24.550 -456.475 -70.169 -0.029 0.000 0.074 0.997
24.541 -456.414 -70.173 -0.030 0.000 0.076 0.997
24.520 -456.279 -70.181 -0.032 0.000 0.080 0.996
24.505 -456.190 -70.187 -0.034 0.000 0.083 0.996
24.485 -456.075 -70.195 -0.036 0.000 0.088 0.995
24.466 -455.971 -70.203 -0.037 0.000 0.092 0.995
24.446 -455.864 -70.211 -0.039 0.000 0.095 0.995
24.424 -455.756 -70.220 -0.041 0.000 0.100 0.994
24.394 -455.613 -70.232 -0.042 0.000 0.105 0.994
24.375 -455.524 -70.240 -0.043 0.000 0.108 0.993
24.359 -455.454 -70.246 -0.044 0.000 0.110 0.993
24.342 -455.378 -70.253 -0.045 0.000 0.113 0.993
24.323 -455.298 -70.261 -0.046 0.000 0.116 0.992
24.302 -455.209 -70.269 -0.047 0.000 0.118 0.992
24.274 -455.095 -70.280 -0.049 0.000 0.121 0.991
24.250 -455.001 -70.290 -0.051 0.000 0.125 0.991
24.234 -454.941 -70.296 -0.052 0.000 0.127 0.991
24.212 -454.855 -70.306 -0.053 0.000 0.130 0.990
24.184 -454.755 -70.317 -0.055 0.000 0.133 0.990
24.150 -454.630 -70.331 -0.057 0.000 0.137 0.989
24.118 -454.519 -70.345 -0.059 0.000 0.140 0.988
24.100 -454.457 -70.352 -0.059 0.000 0.142 0.988
24.061 -454.327 -70.368 -0.061 0.000 0.146 0.987
24.028 -454.222 -70.382 -0.063 0.000 0.149 0.987
23.987 -454.090 -70.400 -0.064 0.000 0.154 0.986
23.942 -453.954 -70.418 -0.066 0.000 0.158 0.985
23.918 -453.883 -70.428 -0.067 0.000 0.161 0.985
23.884 -453.782 -70.443 -0.069 0.000 0.164 0.984
23.846 -453.672 -70.459 -0.072 -0.001 0.168 0.983
23.820 -453.601 -70.470 -0.073 -0.001 0.171 0.983
23.794 -453.528 -70.481 -0.074 -0.001 0.174 0.982
23.755 -453.424 -70.498 -0.075 -0.001 0.177 0.981
23.709 -453.303 -70.517 -0.076 0.000 0.181 0.980
23.659 -453.174 -70.538 -0.078 0.000 0.186 0.979
23.612 -453.058 -70.558 -0.080 0.000 0.191 0.978
23.578 -452.976 -70.572 -0.081 0.000 0.194 0.978
23.536 -452.877 -70.590 -0.083 0.000 0.198 0.977
23.516 -452.831 -70.598 -0.084 0.000 0.200 0.976
23.472 -452.730 -70.616 -0.087 -0.001 0.204 0.975
23.418 -452.608 -70.640 -0.088 -0.001 0.208 0.974
23.387 -452.541 -70.653 -0.089 -0.001 0.211 0.973
23.331 -452.419 -70.677 -0.092 -0.001 0.215 0.972
23.284 -452.321 -70.697 -0.093 -0.001 0.219 0.971
23.234 -452.218 -70.718 -0.095 -0.001 0.222 0.970
23.198 -452.145 -70.733 -0.095 -0.001 0.225 0.970
23.153 -452.055 -70.752 -0.097 -0.001 0.228 0.969
23.116 -451.982 -70.768 -0.098 -0.001 0.231 0.968
23.056 -451.867 -70.793 -0.100 -0.001 0.235 0.967
23.016 -451.790 -70.811 -0.101 -0.001 0.238 0.966
22.947 -451.661 -70.840 -0.102 0.000 0.241 0.965
22.895 -451.565 -70.862 -0.104 -0.001 0.244 0.964
22.854 -451.491 -70.880 -0.105 -0.001 0.247 0.963
22.819 -451.428 -70.895 -0.106 -0.001 0.249 0.963
22.777 -451.354 -70.912 -0.107 -0.001 0.252 0.962
22.741 -451.292 -70.928 -0.108 0.000 0.254 0.961
22.691 -451.205 -70.949 -0.109 0.000 0.258 0.960
22.642 -451.123 -70.969 -0.110 0.000 0.261 0.959
22.595 -451.045 -70.989 -0.111 0.000 0.264 0.958
22.522 -450.926 -71.020 -0.112 0.000 0.269 0.957
22.435 -450.787 -71.056 -0.115 0.000 0.274 0.955
22.364 -450.676 -71.086 -0.116 0.000 0.279 0.953
22.305 -450.587 -71.110 -0.117 0.000 0.282 0.952
22.250 -450.504 -71.133 -0.119 0.000 0.285 0.951
22.206 -450.439 -71.152 -0.119 0.000 0.288 0.950
22.123 -450.317 -71.186 -0.120 0.001 0.293 0.949
22.053 -450.218 -71.215 -0.121 0.001 0.296 0.948
22.005 -450.150 -71.234 -0.122 0.001 0.298 0.947
21.936 -450.054 -71.263 -0.124 0.001 0.301 0.945
21.884 -449.982 -71.284 -0.125 0.001 0.303 0.945
21.815 -449.888 -71.312 -0.126 0.001 0.307 0.944
21.780 -449.841 -71.326 -0.126 0.001 0.308 0.943
21.728 -449.773 -71.348 -0.128 0.000 0.311 0.942
21.655 -449.676 -71.378 -0.128 0.001 0.314 0.941
21.601 -449.607 -71.399 -0.129 0.001 0.317 0.940
21.536 -449.524 -71.426 -0.130 0.001 0.320 0.938
21.472 -449.444 -71.452 -0.132 0.001 0.323 0.937
21.396 -449.349 -71.483 -0.133 0.001 0.326 0.936
21.300 -449.232 -71.522 -0.135 0.001 0.331 0.934
21.226 -449.144 -71.552 -0.136 0.001 0.334 0.933
21.168 -449.076 -71.575 -0.137 0.001 0.336 0.932
21.113 -449.012 -71.598 -0.138 0.001 0.339 0.931
21.065 -448.956 -71.617 -0.138 0.001 0.341 0.930
20.990 -448.871 -71.647 -0.139 0.001 0.344 0.929
20.929 -448.801 -71.672 -0.141 0.001 0.346 0.928
20.874 -448.740 -71.694 -0.142 0.001 0.348 0.927
20.822 -448.683 -71.715 -0.142 0.001 0.351 0.926
20.773 -448.629 -71.735 -0.143 0.001 0.353 0.925
20.679 -448.529 -71.773 -0.145 0.001 0.357 0.923
20.604 -448.450 -71.803 -0.146 0.001 0.360 0.921
20.526 -448.367 -71.835 -0.147 0.001 0.362 0.920
20.473 -448.313 -71.856 -0.147 0.001 0.364 0.920
20.399 -448.237 -71.886 -0.148 0.002 0.367 0.918
20.319 -448.156 -71.918 -0.149 0.002 0.370 0.917
20.248 -448.085 -71.946 -0.150 0.002 0.372 0.916
20.191 -448.029 -71.969 -0.151 0.001 0.374 0.915
20.101 -447.941 -72.005 -0.152 0.002 0.377 0.914
20.031 -447.873 -72.033 -0.152 0.002 0.379 0.913
19.957 -447.802 -72.063 -0.153 0.002 0.382 0.912
19.879 -447.729 -72.094 -0.154 0.002 0.384 0.910
19.799 -447.654 -72.126 -0.155 0.002 0.387 0.909
19.747 -447.606 -72.146 -0.156 0.002 0.389 0.908
19.646 -447.514 -72.187 -0.157 0.002 0.393 0.906
19.567 -447.444 -72.218 -0.157 0.002 0.395 0.905
19.495 -447.379 -72.246 -0.158 0.002 0.397 0.904
19.406 -447.301 -72.281 -0.158 0.003 0.400 0.903
19.324 -447.231 -72.313 -0.159 0.003 0.402 0.902
19.246 -447.163 -72.344 -0.160 0.003 0.405 0.900
19.161 -447.092 -72.377 -0.161 0.003 0.407 0.899
19.103 -447.043 -72.400 -0.161 0.003 0.409 0.898
19.025 -446.979 -72.430 -0.162 0.003 0.411 0.897
18.950 -446.917 -72.460 -0.163 0.003 0.413 0.896
18.879 -446.858 -72.487 -0.163 0.003 0.415 0.895
18.803 -446.798 -72.517 -0.164 0.003 0.417 0.894
18.732 -446.741 -72.545 -0.164 0.003 0.419 0.893
18.637 -446.666 -72.581 -0.165 0.004 0.422 0.891
18.554 -446.601 -72.613 -0.166 0.004 0.424 0.891
18.483 -446.546 -72.641 -0.166 0.003 0.425 0.890
18.441 -446.514 -72.657 -0.167 0.003 0.426 0.889
18.362 -446.454 -72.688 -0.168 0.004 0.429 0.888
18.265 -446.381 -72.725 -0.169 0.003 0.432 0.886
18.180 -446.319 -72.758 -0.170 0.003 0.434 0.885
18.108 -446.266 -72.786 -0.170 0.003 0.436 0.884
18.029 -446.209 -72.816 -0.171 0.003 0.438 0.882
17.932 -446.139 -72.854 -0.172 0.004 0.441 0.881
17.868 -446.095 -72.878 -0.172 0.004 0.442 0.880
17.828 -446.066 -72.894 -0.172 0.004 0.443 0.880
17.721 -445.991 -72.935 -0.174 0.004 0.446 0.878
17.615 -445.919 -72.976 -0.175 0.004 0.448 0.877
17.540 -445.868 -73.005 -0.175 0.004 0.450 0.876
17.473 -445.823 -73.030 -0.176 0.004 0.452 0.874
17.398 -445.773 -73.059 -0.176 0.004 0.454 0.873
17.327 -445.726 -73.086 -0.176 0.004 0.456 0.873
17.230 -445.662 -73.123 -0.177 0.005 0.457 0.871
17.124 -445.595 -73.163 -0.178 0.005 0.460 0.870
17.064 -445.556 -73.186 -0.178 0.005 0.462 0.869
16.941 -445.479 -73.233 -0.178 0.005 0.464 0.868
16.855 -445.425 -73.265 -0.178 0.005 0.466 0.867
16.768 -445.371 -73.298 -0.179 0.005 0.468 0.866
16.642 -445.294 -73.345 -0.179 0.006 0.470 0.864
16.541 -445.233 -73.383 -0.180 0.006 0.473 0.863
16.422 -445.163 -73.427 -0.181 0.006 0.474 0.862
16.356 -445.124 -73.452 -0.181 0.006 0.476 0.861
16.270 -445.073 -73.484 -0.182 0.006 0.477 0.860
16.220 -445.044 -73.502 -0.182 0.006 0.478 0.860
16.133 -444.994 -73.535 -0.182 0.006 0.479 0.859
16.067 -444.956 -73.559 -0.182 0.006 0.480 0.858
15.987 -444.911 -73.589 -0.183 0.006 0.482 0.857
15.927 -444.877 -73.611 -0.182 0.007 0.483 0.856
15.859 -444.839 -73.636 -0.182 0.007 0.484 0.856
15.760 -444.784 -73.672 -0.183 0.007 0.486 0.855
15.659 -444.728 -73.709 -0.183 0.007 0.487 0.854
15.552 -444.670 -73.748 -0.183 0.007 0.488 0.853
15.471 -444.626 -73.778 -0.182 0.008 0.489 0.853
15.376 -444.574 -73.813 -0.183 0.008 0.489 0.853
15.297 -444.532 -73.841 -0.183 0.008 0.491 0.852
15.196 -444.477 -73.877 -0.182 0.009 0.492 0.851
15.116 -444.435 -73.906 -0.183 0.009 0.493 0.851
15.047 -444.398 -73.931 -0.182 0.009 0.494 0.850
14.983 -444.364 -73.954 -0.182 0.009 0.494 0.850
14.927 -444.334 -73.974 -0.182 0.009 0.494 0.850
14.854 -444.296 -74.000 -0.182 0.009 0.495 0.850
14.778 -444.256 -74.027 -0.183 0.009 0.496 0.849
14.666 -444.198 -74.067 -0.183 0.009 0.497 0.848
14.580 -444.153 -74.097 -0.183 0.009 0.498 0.848
14.486 -444.105 -74.130 -0.183 0.010 0.499 0.847
14.393 -444.058 -74.163 -0.182 0.010 0.500 0.847
14.286 -444.003 -74.200 -0.183 0.010 0.501 0.846
14.197 -443.958 -74.232 -0.182 0.011 0.502 0.845
