24.700 -458.421 -70.112 -0.002 0.000 0.003 1.000
24.698 -458.289 -70.113 -0.004 0.000 0.007 1.000
24.696 -458.159 -70.114 -0.006 0.000 0.013 1.000
24.693 -458.072 -70.115 -0.007 0.000 0.016 1.000
24.688 -457.934 -70.117 -0.008 0.000 0.021 1.000
24.683 -457.805 -70.120 -0.010 0.000 0.025 1.000
24.679 -457.738 -70.121 -0.011 0.000 0.027 1.000
24.674 -457.649 -70.123 -0.012 0.000 0.031 0.999
24.667 -457.547 -70.126 -0.014 0.000 0.035 0.999
24.660 -457.451 -70.129 -0.017 0.000 0.039 0.999
24.651 -457.345 -70.132 -0.018 0.000 0.043 0.999
24.641 -457.232 -70.137 -0.019 0.000 0.047 0.999
24.630 -457.118 -70.141 -0.020 0.000 0.050 0.999
24.624 -457.057 -70.144 -0.022 0.000 0.053 0.998
24.615 -456.974 -70.147 -0.023 0.000 0.055 0.998
24.605 -456.885 -70.152 -0.025 0.000 0.058 0.998
24.594 -456.801 -70.156 -0.026 0.000 0.061 0.998
24.571 -456.622 -70.166 -0.028 0.000 0.068 0.997
24.557 -456.517 -70.172 -0.030 0.000 0.072 0.997
24.546 -456.447 -70.176 -0.031 0.000 0.074 0.997
24.533 -456.360 -70.182 -0.033 0.000 0.077 0.996
24.520 -456.279 -70.188 -0.034 0.000 0.080 0.996
24.496 -456.140 -70.197 -0.036 0.000 0.086 0.996
24.479 -456.043 -70.205 -0.039 0.000 0.089 0.995
24.456 -455.920 -70.214 -0.039 0.000 0.093 0.995
24.421 -455.741 -70.229 -0.041 0.000 0.099 0.994
24.408 -455.673 -70.235 -0.042 0.000 0.101 0.994
24.383 -455.554 -70.245 -0.043 0.000 0.105 0.994
24.367 -455.482 -70.251 -0.044 0.000 0.107 0.993
24.346 -455.390 -70.260 -0.045 0.000 0.111 0.993
24.328 -455.307 -70.267 -0.047 0.000 0.113 0.992
24.303 -455.203 -70.278 -0.048 0.000 0.117 0.992
24.285 -455.130 -70.285 -0.049 0.000 0.120 0.992
24.265 -455.047 -70.293 -0.051 0.000 0.123 0.991
24.244 -454.966 -70.302 -0.052 0.000 0.126 0.991
24.227 -454.902 -70.309 -0.053 0.000 0.127 0.990
24.205 -454.817 -70.318 -0.054 0.000 0.130 0.990
24.175 -454.709 -70.330 -0.055 0.000 0.133 0.990
24.151 -454.619 -70.341 -0.056 0.000 0.136 0.989
24.110 -454.479 -70.357 -0.057 0.000 0.141 0.988
24.063 -454.321 -70.376 -0.059 0.000 0.146 0.988
24.042 -454.249 -70.385 -0.060 0.000 0.148 0.987
24.012 -454.155 -70.397 -0.061 0.000 0.151 0.987
23.977 -454.044 -70.411 -0.063 0.000 0.155 0.986
23.956 -453.982 -70.419 -0.064 0.000 0.158 0.985
23.929 -453.901 -70.430 -0.064 0.000 0.161 0.985
23.884 -453.769 -70.448 -0.067 0.000 0.165 0.984
23.845 -453.657 -70.464 -0.069 0.000 0.169 0.983
23.810 -453.559 -70.479 -0.070 0.000 0.173 0.983
23.767 -453.444 -70.496 -0.071 0.000 0.177 0.982
23.737 -453.365 -70.508 -0.072 0.000 0.180 0.981
23.703 -453.276 -70.522 -0.074 0.000 0.183 0.980
23.653 -453.151 -70.542 -0.075 0.000 0.188 0.979
23.616 -453.059 -70.557 -0.077 0.000 0.191 0.979
23.591 -452.998 -70.567 -0.078 0.000 0.193 0.978
23.548 -452.894 -70.584 -0.080 0.000 0.197 0.977
23.502 -452.788 -70.603 -0.081 0.000 0.201 0.976
23.461 -452.694 -70.619 -0.082 0.000 0.204 0.975
23.430 -452.625 -70.632 -0.084 0.000 0.207 0.975
23.396 -452.549 -70.646 -0.085 0.000 0.209 0.974
23.365 -452.480 -70.659 -0.086 0.000 0.212 0.973
23.336 -452.418 -70.670 -0.088 0.000 0.214 0.973
23.291 -452.324 -70.689 -0.089 0.000 0.218 0.972
23.244 -452.226 -70.708 -0.090 0.000 0.221 0.971
23.193 -452.121 -70.729 -0.091 0.000 0.225 0.970
23.146 -452.028 -70.748 -0.093 0.000 0.228 0.969
23.085 -451.907 -70.773 -0.095 0.000 0.232 0.968
23.026 -451.794 -70.797 -0.096 0.000 0.235 0.967
22.958 -451.664 -70.825 -0.098 0.000 0.238 0.966
22.907 -451.567 -70.846 -0.100 0.000 0.241 0.965
22.836 -451.438 -70.875 -0.102 0.000 0.246 0.964
22.776 -451.330 -70.900 -0.104 0.000 0.250 0.963
22.733 -451.254 -70.918 -0.105 0.000 0.253 0.962
22.685 -451.171 -70.938 -0.106 0.000 0.255 0.961
22.632 -451.081 -70.960 -0.106 0.000 0.258 0.960
22.576 -450.986 -70.983 -0.107 0.000 0.261 0.959
22.520 -450.892 -71.006 -0.108 0.000 0.264 0.958
22.481 -450.829 -71.021 -0.109 0.000 0.267 0.958
22.426 -450.740 -71.044 -0.110 0.000 0.270 0.956
22.363 -450.640 -71.070 -0.112 0.000 0.274 0.955
22.317 -450.568 -71.088 -0.112 0.000 0.277 0.954
22.232 -450.436 -71.123 -0.114 0.000 0.281 0.953
22.175 -450.350 -71.146 -0.115 0.000 0.284 0.952
22.101 -450.240 -71.176 -0.117 0.000 0.288 0.951
22.064 -450.186 -71.191 -0.118 0.000 0.290 0.950
22.017 -450.118 -71.210 -0.119 0.000 0.292 0.949
21.948 -450.018 -71.238 -0.121 0.000 0.295 0.948
21.892 -449.940 -71.261 -0.121 0.000 0.298 0.947
21.829 -449.852 -71.286 -0.123 0.000 0.301 0.946
21.795 -449.805 -71.300 -0.124 0.000 0.303 0.945
21.744 -449.736 -71.321 -0.125 0.000 0.306 0.944
21.678 -449.647 -71.348 -0.127 0.000 0.309 0.943
21.619 -449.569 -71.372 -0.128 0.000 0.312 0.942
21.566 -449.500 -71.394 -0.129 0.000 0.314 0.941
21.500 -449.414 -71.421 -0.129 0.000 0.317 0.940
21.427 -449.322 -71.451 -0.131 0.000 0.320 0.938
21.370 -449.249 -71.474 -0.132 0.000 0.323 0.937
21.319 -449.186 -71.495 -0.132 0.000 0.326 0.936
21.231 -449.079 -71.530 -0.134 0.000 0.331 0.934
21.155 -448.988 -71.561 -0.135 0.000 0.334 0.933
21.086 -448.907 -71.589 -0.137 0.000 0.336 0.932
21.032 -448.844 -71.611 -0.138 0.000 0.339 0.931
20.958 -448.758 -71.642 -0.140 0.000 0.343 0.929
20.859 -448.646 -71.682 -0.141 0.000 0.347 0.927
20.795 -448.575 -71.708 -0.142 0.000 0.349 0.926
20.724 -448.498 -71.737 -0.144 0.000 0.352 0.925
20.662 -448.430 -71.762 -0.145 0.000 0.354 0.924
20.563 -448.324 -71.802 -0.147 0.000 0.358 0.922
20.512 -448.270 -71.824 -0.147 0.000 0.360 0.921
20.415 -448.169 -71.863 -0.148 0.000 0.363 0.920
20.338 -448.090 -71.894 -0.149 0.000 0.367 0.918
20.270 -448.021 -71.922 -0.150 0.000 0.369 0.917
20.228 -447.979 -71.939 -0.150 0.000 0.371 0.916
20.163 -447.914 -71.965 -0.151 0.001 0.373 0.916
20.119 -447.871 -71.983 -0.151 0.001 0.374 0.915
20.052 -447.806 -72.010 -0.153 0.000 0.376 0.914
19.942 -447.699 -72.055 -0.153 0.001 0.381 0.912
19.875 -447.636 -72.082 -0.154 0.001 0.383 0.911
19.798 -447.563 -72.112 -0.155 0.001 0.385 0.910
19.751 -447.519 -72.132 -0.156 0.001 0.387 0.909
19.652 -447.428 -72.171 -0.157 0.001 0.390 0.907
19.562 -447.347 -72.207 -0.158 0.001 0.393 0.906
19.497 -447.289 -72.233 -0.160 0.001 0.396 0.904
19.416 -447.217 -72.266 -0.161 0.001 0.397 0.903
19.341 -447.152 -72.296 -0.162 0.001 0.400 0.902
19.297 -447.113 -72.314 -0.162 0.001 0.401 0.902
19.213 -447.041 -72.348 -0.163 0.001 0.404 0.900
19.139 -446.978 -72.378 -0.163 0.001 0.406 0.899
19.054 -446.906 -72.412 -0.164 0.001 0.408 0.898
18.995 -446.857 -72.435 -0.164 0.002 0.410 0.897
18.907 -446.785 -72.470 -0.164 0.002 0.412 0.896
18.863 -446.749 -72.488 -0.165 0.002 0.414 0.895
18.792 -446.692 -72.515 -0.165 0.002 0.416 0.894
18.711 -446.627 -72.548 -0.166 0.002 0.418 0.893
18.641 -446.571 -72.575 -0.167 0.002 0.420 0.892
18.573 -446.519 -72.602 -0.168 0.002 0.422 0.891
18.512 -446.471 -72.626 -0.169 0.002 0.424 0.890
18.439 -446.415 -72.655 -0.170 0.002 0.425 0.889
18.359 -446.354 -72.687 -0.170 0.002 0.427 0.888
18.268 -446.285 -72.723 -0.171 0.002 0.430 0.886
18.164 -446.208 -72.764 -0.172 0.002 0.432 0.885
18.104 -446.164 -72.788 -0.173 0.002 0.434 0.884
18.002 -446.089 -72.829 -0.174 0.002 0.437 0.883
17.951 -446.053 -72.849 -0.174 0.002 0.438 0.882
17.846 -445.978 -72.890 -0.174 0.002 0.440 0.881
17.763 -445.919 -72.923 -0.175 0.002 0.443 0.879
17.701 -445.876 -72.947 -0.176 0.002 0.444 0.879
17.643 -445.836 -72.970 -0.176 0.002 0.445 0.878
17.571 -445.786 -72.998 -0.176 0.003 0.447 0.877
17.463 -445.713 -73.040 -0.178 0.003 0.450 0.875
17.383 -445.659 -73.071 -0.178 0.003 0.453 0.874
17.312 -445.612 -73.099 -0.179 0.003 0.455 0.872
17.224 -445.554 -73.134 -0.180 0.003 0.457 0.871
17.128 -445.493 -73.171 -0.180 0.003 0.460 0.870
17.045 -445.440 -73.202 -0.180 0.004 0.462 0.869
16.930 -445.367 -73.247 -0.180 0.004 0.464 0.867
16.889 -445.342 -73.262 -0.180 0.004 0.465 0.867
16.813 -445.295 -73.291 -0.181 0.004 0.467 0.866
16.731 -445.245 -73.322 -0.181 0.004 0.469 0.865
16.632 -445.185 -73.360 -0.181 0.005 0.471 0.863
16.560 -445.141 -73.387 -0.182 0.004 0.472 0.863
16.454 -445.078 -73.428 -0.183 0.005 0.473 0.862
16.386 -445.037 -73.454 -0.183 0.005 0.475 0.861
16.309 -444.992 -73.483 -0.183 0.005 0.476 0.860
16.186 -444.921 -73.529 -0.184 0.005 0.478 0.859
16.113 -444.879 -73.557 -0.184 0.005 0.479 0.858
16.028 -444.831 -73.589 -0.184 0.005 0.481 0.857
15.911 -444.764 -73.633 -0.184 0.006 0.483 0.856
15.828 -444.718 -73.664 -0.186 0.005 0.485 0.855
15.767 -444.684 -73.687 -0.186 0.005 0.485 0.854
15.647 -444.618 -73.732 -0.185 0.006 0.487 0.853
15.559 -444.570 -73.764 -0.185 0.006 0.488 0.853
15.482 -444.528 -73.793 -0.186 0.006 0.490 0.852
15.378 -444.472 -73.831 -0.186 0.006 0.492 0.851
15.319 -444.441 -73.853 -0.186 0.007 0.492 0.850
15.256 -444.408 -73.876 -0.186 0.007 0.493 0.850
15.157 -444.355 -73.913 -0.186 0.007 0.494 0.849
15.092 -444.321 -73.937 -0.186 0.007 0.496 0.848
15.002 -444.274 -73.969 -0.186 0.007 0.496 0.848
14.924 -444.234 -73.998 -0.186 0.008 0.498 0.847
14.865 -444.204 -74.019 -0.186 0.008 0.499 0.846
14.770 -444.156 -74.054 -0.186 0.008 0.501 0.845
14.724 -444.133 -74.070 -0.186 0.009 0.501 0.845
14.633 -444.087 -74.103 -0.187 0.008 0.502 0.844
14.582 -444.062 -74.121 -0.187 0.009 0.503 0.844
14.455 -443.999 -74.167 -0.186 0.009 0.505 0.843
14.377 -443.960 -74.195 -0.186 0.009 0.506 0.842
14.308 -443.927 -74.219 -0.186 0.010 0.506 0.842
14.210 -443.879 -74.254 -0.187 0.010 0.508 0.841
14.131 -443.841 -74.282 -0.187 0.010 0.508 0.841
