21.500 -475.941 -70.112 -0.001 0.000 0.002 1.000
21.499 -475.827 -70.112 -0.002 0.000 0.006 1.000
21.497 -475.710 -70.113 -0.004 0.000 0.010 1.000
21.495 -475.617 -70.114 -0.006 0.000 0.013 1.000
21.492 -475.522 -70.115 -0.008 0.000 0.016 1.000
21.489 -475.420 -70.117 -0.009 0.000 0.020 1.000
21.482 -475.269 -70.120 -0.011 0.000 0.024 1.000
21.477 -475.177 -70.122 -0.012 0.000 0.027 1.000
21.471 -475.067 -70.125 -0.013 0.000 0.031 0.999
21.466 -474.988 -70.127 -0.014 0.000 0.033 0.999
21.456 -474.844 -70.131 -0.016 0.000 0.037 0.999
21.450 -474.770 -70.134 -0.016 0.000 0.040 0.999
21.445 -474.711 -70.136 -0.017 0.000 0.042 0.999
21.437 -474.618 -70.139 -0.018 0.000 0.045 0.999
21.426 -474.507 -70.143 -0.021 0.000 0.049 0.999
21.420 -474.446 -70.146 -0.022 0.000 0.051 0.998
21.414 -474.385 -70.149 -0.023 0.000 0.053 0.998
21.400 -474.257 -70.155 -0.025 0.000 0.057 0.998
21.385 -474.129 -70.161 -0.027 0.000 0.062 0.998
21.367 -473.993 -70.169 -0.029 0.000 0.066 0.997
21.359 -473.931 -70.173 -0.029 0.000 0.068 0.997
21.346 -473.837 -70.178 -0.030 0.000 0.071 0.997
21.330 -473.729 -70.185 -0.032 0.000 0.074 0.997
21.317 -473.647 -70.190 -0.033 0.000 0.076 0.997
21.305 -473.566 -70.196 -0.034 0.000 0.079 0.996
21.287 -473.455 -70.203 -0.035 0.000 0.083 0.996
21.274 -473.383 -70.209 -0.036 0.000 0.084 0.996
21.259 -473.295 -70.215 -0.037 0.000 0.088 0.995
21.238 -473.177 -70.224 -0.038 0.000 0.092 0.995
21.209 -473.026 -70.236 -0.040 0.000 0.097 0.994
21.188 -472.923 -70.245 -0.042 0.000 0.099 0.994
21.165 -472.813 -70.254 -0.043 0.000 0.103 0.994
21.150 -472.738 -70.261 -0.044 0.000 0.105 0.994
21.137 -472.680 -70.266 -0.045 0.000 0.106 0.993
21.117 -472.588 -70.274 -0.046 0.000 0.109 0.993
21.098 -472.505 -70.282 -0.047 0.000 0.112 0.993
21.080 -472.424 -70.290 -0.047 0.000 0.114 0.992
21.044 -472.274 -70.305 -0.049 0.000 0.119 0.992
21.017 -472.165 -70.316 -0.050 0.000 0.121 0.991
21.001 -472.102 -70.322 -0.050 0.000 0.122 0.991
20.966 -471.963 -70.337 -0.052 0.000 0.125 0.991
20.939 -471.860 -70.348 -0.053 0.000 0.128 0.990
20.913 -471.763 -70.358 -0.054 0.000 0.132 0.990
20.886 -471.665 -70.369 -0.055 0.000 0.134 0.989
20.866 -471.593 -70.377 -0.056 0.000 0.137 0.989
20.839 -471.498 -70.389 -0.056 0.000 0.140 0.989
20.791 -471.335 -70.408 -0.058 0.000 0.145 0.988
20.760 -471.232 -70.420 -0.059 0.000 0.147 0.987
20.740 -471.169 -70.428 -0.060 0.000 0.149 0.987
20.704 -471.055 -70.442 -0.061 0.000 0.152 0.986
20.671 -470.951 -70.456 -0.062 0.000 0.155 0.986
20.629 -470.824 -70.472 -0.063 0.000 0.158 0.985
20.603 -470.746 -70.483 -0.064 0.000 0.160 0.985
20.572 -470.653 -70.495 -0.065 0.000 0.163 0.984
20.538 -470.555 -70.508 -0.066 0.000 0.166 0.984
20.498 -470.441 -70.524 -0.067 0.001 0.169 0.983
20.469 -470.360 -70.536 -0.067 0.001 0.171 0.983
20.435 -470.268 -70.549 -0.068 0.001 0.173 0.983
20.395 -470.159 -70.565 -0.069 0.001 0.176 0.982
20.365 -470.078 -70.576 -0.069 0.001 0.178 0.982
20.328 -469.981 -70.591 -0.071 0.001 0.180 0.981
20.303 -469.916 -70.601 -0.071 0.001 0.182 0.981
20.267 -469.824 -70.615 -0.072 0.001 0.184 0.980
20.224 -469.714 -70.632 -0.074 0.001 0.186 0.980
20.182 -469.610 -70.648 -0.074 0.001 0.189 0.979
20.139 -469.505 -70.665 -0.075 0.001 0.193 0.978
20.098 -469.405 -70.681 -0.076 0.001 0.196 0.978
20.042 -469.275 -70.702 -0.077 0.001 0.199 0.977
20.002 -469.180 -70.718 -0.078 0.001 0.201 0.976
19.968 -469.104 -70.731 -0.079 0.001 0.203 0.976
19.915 -468.982 -70.752 -0.080 0.001 0.205 0.976
19.880 -468.904 -70.765 -0.080 0.001 0.207 0.975
19.852 -468.841 -70.776 -0.080 0.001 0.209 0.975
19.813 -468.756 -70.790 -0.081 0.001 0.211 0.974
19.768 -468.658 -70.808 -0.081 0.001 0.213 0.974
19.728 -468.573 -70.823 -0.081 0.001 0.215 0.973
19.681 -468.473 -70.841 -0.082 0.001 0.217 0.973
19.643 -468.394 -70.855 -0.083 0.001 0.219 0.972
19.617 -468.338 -70.865 -0.083 0.001 0.220 0.972
19.578 -468.258 -70.879 -0.084 0.001 0.222 0.971
19.521 -468.142 -70.901 -0.085 0.001 0.225 0.971
19.479 -468.057 -70.916 -0.085 0.001 0.227 0.970
19.439 -467.978 -70.931 -0.085 0.001 0.229 0.970
19.374 -467.850 -70.956 -0.087 0.001 0.232 0.969
19.335 -467.774 -70.970 -0.087 0.001 0.233 0.969
19.292 -467.692 -70.986 -0.088 0.001 0.235 0.968
19.248 -467.607 -71.003 -0.089 0.001 0.237 0.967
19.190 -467.497 -71.024 -0.089 0.002 0.240 0.967
19.149 -467.422 -71.039 -0.089 0.002 0.242 0.966
19.106 -467.342 -71.055 -0.090 0.002 0.243 0.966
19.033 -467.209 -71.082 -0.090 0.002 0.246 0.965
18.974 -467.102 -71.103 -0.090 0.002 0.247 0.965
18.919 -467.004 -71.123 -0.090 0.002 0.249 0.964
18.852 -466.885 -71.147 -0.091 0.002 0.252 0.963
18.817 -466.823 -71.160 -0.091 0.002 0.253 0.963
18.764 -466.730 -71.179 -0.092 0.002 0.255 0.962
18.715 -466.645 -71.196 -0.092 0.002 0.257 0.962
18.673 -466.574 -71.211 -0.093 0.002 0.258 0.962
18.631 -466.502 -71.226 -0.093 0.002 0.260 0.961
18.561 -466.383 -71.251 -0.093 0.003 0.262 0.960
18.492 -466.269 -71.275 -0.094 0.002 0.264 0.960
18.441 -466.184 -71.293 -0.094 0.003 0.265 0.960
18.379 -466.082 -71.315 -0.094 0.003 0.267 0.959
18.329 -466.001 -71.332 -0.094 0.003 0.268 0.959
18.278 -465.917 -71.350 -0.094 0.003 0.269 0.958
18.225 -465.832 -71.368 -0.094 0.003 0.270 0.958
18.168 -465.739 -71.388 -0.094 0.003 0.271 0.958
18.103 -465.636 -71.410 -0.094 0.003 0.272 0.958
18.071 -465.586 -71.421 -0.094 0.003 0.273 0.957
18.020 -465.504 -71.438 -0.094 0.003 0.274 0.957
17.950 -465.393 -71.462 -0.094 0.004 0.275 0.957
17.909 -465.329 -71.476 -0.093 0.004 0.276 0.957
17.849 -465.235 -71.496 -0.094 0.004 0.277 0.956
17.793 -465.148 -71.514 -0.094 0.004 0.278 0.956
17.756 -465.090 -71.527 -0.094 0.004 0.279 0.956
17.699 -465.003 -71.545 -0.094 0.004 0.280 0.955
17.637 -464.907 -71.566 -0.094 0.004 0.281 0.955
17.581 -464.821 -71.584 -0.093 0.005 0.282 0.955
17.518 -464.725 -71.605 -0.093 0.005 0.283 0.954
17.467 -464.649 -71.621 -0.093 0.005 0.284 0.954
17.422 -464.581 -71.635 -0.093 0.005 0.285 0.954
17.355 -464.479 -71.657 -0.092 0.005 0.286 0.954
17.305 -464.405 -71.673 -0.092 0.005 0.287 0.954
17.265 -464.344 -71.685 -0.092 0.006 0.288 0.953
17.200 -464.248 -71.706 -0.092 0.006 0.289 0.953
17.148 -464.172 -71.721 -0.092 0.006 0.290 0.952
17.051 -464.030 -71.752 -0.093 0.006 0.291 0.952
16.981 -463.928 -71.773 -0.093 0.006 0.293 0.951
16.923 -463.844 -71.791 -0.093 0.006 0.294 0.951
16.891 -463.798 -71.801 -0.093 0.006 0.295 0.951
16.850 -463.738 -71.814 -0.093 0.006 0.295 0.951
16.800 -463.666 -71.829 -0.093 0.006 0.297 0.950
16.749 -463.595 -71.845 -0.092 0.006 0.298 0.950
16.700 -463.524 -71.860 -0.092 0.006 0.299 0.950
16.651 -463.456 -71.874 -0.091 0.007 0.300 0.950
16.562 -463.330 -71.901 -0.092 0.007 0.301 0.949
16.499 -463.243 -71.919 -0.093 0.007 0.302 0.949
16.446 -463.169 -71.935 -0.093 0.007 0.303 0.948
16.398 -463.102 -71.950 -0.094 0.006 0.303 0.948
16.338 -463.019 -71.968 -0.094 0.006 0.304 0.948
16.309 -462.979 -71.976 -0.094 0.006 0.304 0.948
16.236 -462.880 -71.998 -0.094 0.007 0.305 0.948
16.170 -462.788 -72.018 -0.093 0.007 0.306 0.947
16.105 -462.701 -72.037 -0.092 0.007 0.308 0.947
16.058 -462.637 -72.051 -0.092 0.007 0.309 0.947
15.982 -462.533 -72.073 -0.092 0.008 0.310 0.946
15.923 -462.454 -72.089 -0.091 0.008 0.311 0.946
15.857 -462.367 -72.108 -0.091 0.008 0.313 0.946
15.808 -462.301 -72.122 -0.091 0.008 0.313 0.945
15.746 -462.220 -72.139 -0.091 0.008 0.314 0.945
15.696 -462.154 -72.153 -0.092 0.008 0.315 0.944
15.625 -462.061 -72.173 -0.091 0.008 0.316 0.944
15.532 -461.940 -72.199 -0.091 0.009 0.319 0.943
15.475 -461.866 -72.215 -0.091 0.009 0.320 0.943
15.428 -461.805 -72.227 -0.090 0.009 0.321 0.943
15.356 -461.714 -72.247 -0.090 0.009 0.322 0.943
15.292 -461.632 -72.264 -0.090 0.009 0.323 0.942
15.224 -461.546 -72.282 -0.091 0.009 0.324 0.942
15.179 -461.488 -72.294 -0.090 0.009 0.324 0.942
15.101 -461.390 -72.315 -0.090 0.010 0.325 0.941
15.011 -461.278 -72.339 -0.090 0.010 0.326 0.941
14.960 -461.215 -72.352 -0.090 0.010 0.327 0.941
14.909 -461.151 -72.366 -0.089 0.010 0.328 0.940
14.834 -461.058 -72.385 -0.090 0.010 0.329 0.940
14.781 -460.993 -72.399 -0.089 0.010 0.330 0.940
14.712 -460.908 -72.417 -0.090 0.010 0.330 0.940
14.656 -460.839 -72.431 -0.090 0.010 0.331 0.939
14.589 -460.756 -72.449 -0.090 0.010 0.333 0.939
14.517 -460.669 -72.467 -0.090 0.011 0.334 0.938
14.445 -460.582 -72.486 -0.089 0.011 0.335 0.938
14.376 -460.499 -72.503 -0.090 0.011 0.336 0.938
14.279 -460.382 -72.528 -0.090 0.011 0.337 0.937
14.222 -460.315 -72.543 -0.090 0.011 0.338 0.937
14.155 -460.236 -72.560 -0.090 0.011 0.339 0.937
14.089 -460.157 -72.576 -0.090 0.011 0.339 0.936
