26.391 -423.612 -82.404 -0.026 0.000 0.051 0.998
26.381 -423.513 -82.410 -0.027 0.000 0.054 0.998
26.368 -423.402 -82.416 -0.029 0.000 0.058 0.998
26.358 -423.316 -82.421 -0.030 0.000 0.061 0.998
26.344 -423.202 -82.428 -0.030 0.000 0.064 0.997
26.329 -423.088 -82.435 -0.032 0.000 0.068 0.997
26.317 -423.006 -82.441 -0.033 0.000 0.071 0.997
26.305 -422.920 -82.447 -0.034 0.000 0.074 0.997
26.291 -422.829 -82.453 -0.035 0.000 0.076 0.996
26.274 -422.721 -82.461 -0.036 0.000 0.080 0.996
26.259 -422.634 -82.467 -0.037 0.000 0.082 0.996
26.242 -422.532 -82.475 -0.039 0.000 0.086 0.996
26.223 -422.422 -82.484 -0.040 0.000 0.089 0.995
26.195 -422.271 -82.497 -0.043 0.000 0.093 0.995
26.177 -422.180 -82.505 -0.044 0.000 0.097 0.994
26.155 -422.067 -82.515 -0.045 0.000 0.100 0.994
26.131 -421.952 -82.525 -0.046 0.000 0.104 0.994
26.102 -421.822 -82.538 -0.047 0.000 0.108 0.993
26.084 -421.741 -82.545 -0.048 0.000 0.111 0.993
26.068 -421.671 -82.552 -0.049 0.000 0.113 0.992
26.043 -421.563 -82.564 -0.051 0.000 0.116 0.992
26.019 -421.466 -82.574 -0.052 0.000 0.119 0.992
25.983 -421.319 -82.590 -0.054 0.000 0.124 0.991
25.955 -421.214 -82.601 -0.055 0.000 0.128 0.990
25.936 -421.140 -82.610 -0.056 0.000 0.130 0.990
25.909 -421.040 -82.622 -0.057 0.001 0.133 0.989
25.888 -420.967 -82.630 -0.058 0.001 0.136 0.989
25.870 -420.903 -82.638 -0.059 0.001 0.138 0.989
25.839 -420.796 -82.651 -0.061 0.000 0.141 0.988
25.809 -420.694 -82.664 -0.061 0.001 0.144 0.988
25.776 -420.584 -82.678 -0.063 0.000 0.147 0.987
25.755 -420.517 -82.687 -0.064 0.001 0.149 0.987
25.725 -420.422 -82.700 -0.065 0.000 0.151 0.986
25.677 -420.272 -82.721 -0.067 0.000 0.155 0.986
25.644 -420.171 -82.735 -0.068 0.000 0.158 0.985
25.611 -420.072 -82.749 -0.070 0.000 0.161 0.985
25.585 -419.997 -82.760 -0.070 0.000 0.162 0.984
25.552 -419.900 -82.775 -0.071 0.000 0.165 0.984
25.506 -419.769 -82.794 -0.072 0.001 0.169 0.983
25.446 -419.606 -82.819 -0.074 0.001 0.175 0.982
25.409 -419.505 -82.835 -0.075 0.001 0.178 0.981
25.373 -419.410 -82.850 -0.076 0.001 0.181 0.981
25.336 -419.315 -82.866 -0.077 0.001 0.183 0.980
25.316 -419.263 -82.874 -0.077 0.001 0.185 0.980
25.280 -419.174 -82.889 -0.078 0.001 0.187 0.979
25.238 -419.068 -82.907 -0.079 0.001 0.191 0.978
25.192 -418.958 -82.925 -0.080 0.001 0.193 0.978
25.153 -418.865 -82.941 -0.081 0.001 0.197 0.977
25.090 -418.717 -82.967 -0.082 0.001 0.201 0.976
25.023 -418.566 -82.994 -0.083 0.001 0.205 0.975
24.996 -418.505 -83.005 -0.084 0.001 0.208 0.975
24.944 -418.390 -83.026 -0.085 0.001 0.211 0.974
24.907 -418.311 -83.041 -0.086 0.002 0.214 0.973
24.864 -418.219 -83.058 -0.087 0.002 0.217 0.972
24.830 -418.148 -83.072 -0.088 0.002 0.219 0.972
24.769 -418.021 -83.096 -0.090 0.001 0.224 0.971
24.722 -417.926 -83.115 -0.091 0.002 0.227 0.970
24.679 -417.842 -83.132 -0.093 0.001 0.230 0.969
24.638 -417.761 -83.149 -0.094 0.001 0.233 0.968
24.589 -417.667 -83.168 -0.095 0.001 0.236 0.967
24.544 -417.582 -83.186 -0.096 0.001 0.239 0.966
24.466 -417.437 -83.218 -0.099 0.001 0.244 0.965
24.408 -417.332 -83.241 -0.101 0.001 0.248 0.963
24.361 -417.250 -83.260 -0.102 0.001 0.251 0.962
24.322 -417.181 -83.276 -0.103 0.001 0.254 0.962
24.279 -417.107 -83.293 -0.104 0.001 0.257 0.961
24.221 -417.008 -83.317 -0.106 0.001 0.261 0.960
24.177 -416.935 -83.335 -0.107 0.001 0.264 0.959
24.129 -416.856 -83.354 -0.108 0.001 0.267 0.958
24.077 -416.772 -83.375 -0.109 0.001 0.270 0.957
24.017 -416.675 -83.400 -0.111 0.001 0.273 0.956
23.958 -416.583 -83.424 -0.113 0.001 0.277 0.954
23.917 -416.519 -83.440 -0.114 0.001 0.279 0.953
23.834 -416.394 -83.474 -0.115 0.001 0.283 0.952
23.786 -416.322 -83.493 -0.116 0.001 0.287 0.951
23.742 -416.257 -83.511 -0.118 0.001 0.289 0.950
23.697 -416.192 -83.529 -0.118 0.001 0.291 0.949
23.621 -416.083 -83.560 -0.121 0.001 0.297 0.947
23.564 -416.002 -83.583 -0.123 0.001 0.300 0.946
23.511 -415.929 -83.605 -0.125 0.001 0.304 0.945
23.452 -415.850 -83.629 -0.125 0.001 0.308 0.943
23.388 -415.765 -83.655 -0.127 0.001 0.312 0.942
23.318 -415.673 -83.684 -0.129 0.001 0.316 0.940
23.253 -415.591 -83.710 -0.131 0.001 0.320 0.938
23.204 -415.530 -83.730 -0.132 0.001 0.323 0.937
23.127 -415.435 -83.761 -0.133 0.001 0.328 0.935
23.061 -415.354 -83.788 -0.135 0.001 0.332 0.934
22.990 -415.270 -83.816 -0.136 0.001 0.336 0.932
22.919 -415.188 -83.845 -0.138 0.001 0.340 0.930
22.857 -415.116 -83.870 -0.139 0.001 0.343 0.929
22.802 -415.053 -83.893 -0.141 0.001 0.346 0.928
22.700 -414.941 -83.934 -0.143 0.001 0.352 0.925
22.625 -414.860 -83.964 -0.144 0.001 0.356 0.923
22.552 -414.782 -83.994 -0.146 0.001 0.360 0.922
22.490 -414.717 -84.019 -0.148 0.001 0.363 0.920
22.427 -414.652 -84.045 -0.149 0.001 0.366 0.918
22.369 -414.593 -84.068 -0.151 0.001 0.369 0.917
22.315 -414.539 -84.090 -0.153 0.001 0.372 0.916
22.250 -414.475 -84.117 -0.154 0.001 0.375 0.914
22.185 -414.413 -84.143 -0.155 0.001 0.378 0.913
22.149 -414.378 -84.158 -0.156 0.000 0.380 0.912
22.078 -414.311 -84.188 -0.158 0.000 0.384 0.910
22.005 -414.243 -84.217 -0.160 0.000 0.387 0.908
21.934 -414.178 -84.246 -0.160 0.001 0.391 0.906
21.886 -414.135 -84.266 -0.161 0.001 0.393 0.905
21.787 -414.047 -84.306 -0.163 0.001 0.398 0.903
21.730 -413.997 -84.330 -0.164 0.001 0.400 0.902
21.666 -413.942 -84.356 -0.165 0.001 0.403 0.900
21.617 -413.900 -84.376 -0.166 0.001 0.405 0.899
21.545 -413.840 -84.405 -0.167 0.001 0.408 0.897
21.471 -413.778 -84.436 -0.168 0.001 0.412 0.896
21.408 -413.727 -84.461 -0.170 0.001 0.415 0.894
21.358 -413.687 -84.482 -0.170 0.001 0.417 0.893
21.292 -413.635 -84.509 -0.172 0.001 0.420 0.891
21.209 -413.570 -84.543 -0.174 0.001 0.423 0.889
21.113 -413.497 -84.582 -0.175 0.001 0.428 0.887
21.047 -413.448 -84.609 -0.176 0.001 0.431 0.885
20.977 -413.396 -84.637 -0.177 0.001 0.434 0.883
20.879 -413.326 -84.677 -0.180 0.001 0.438 0.881
20.820 -413.283 -84.702 -0.180 0.001 0.441 0.879
20.732 -413.222 -84.737 -0.182 0.001 0.445 0.877
20.635 -413.156 -84.777 -0.184 0.001 0.449 0.874
20.550 -413.099 -84.812 -0.186 0.000 0.452 0.873
20.449 -413.033 -84.854 -0.188 0.000 0.455 0.870
20.365 -412.979 -84.888 -0.190 0.000 0.459 0.868
20.273 -412.921 -84.926 -0.191 0.000 0.462 0.866
20.207 -412.880 -84.954 -0.192 0.000 0.465 0.864
20.112 -412.822 -84.993 -0.194 0.000 0.469 0.862
20.010 -412.762 -85.035 -0.195 0.000 0.473 0.859
19.937 -412.719 -85.065 -0.196 0.000 0.476 0.857
19.834 -412.660 -85.108 -0.198 0.000 0.480 0.855
19.751 -412.615 -85.142 -0.199 0.000 0.483 0.853
19.676 -412.574 -85.173 -0.201 0.000 0.486 0.851
19.605 -412.536 -85.202 -0.202 0.000 0.488 0.849
19.545 -412.504 -85.227 -0.202 0.000 0.491 0.847
19.470 -412.465 -85.258 -0.204 0.000 0.494 0.845
19.386 -412.422 -85.293 -0.205 0.000 0.497 0.843
19.292 -412.375 -85.332 -0.207 0.000 0.500 0.841
19.219 -412.340 -85.362 -0.209 -0.001 0.503 0.839
19.130 -412.297 -85.399 -0.210 -0.001 0.506 0.837
19.031 -412.251 -85.440 -0.212 -0.001 0.509 0.834
18.924 -412.202 -85.485 -0.213 -0.001 0.513 0.831
18.831 -412.161 -85.524 -0.214 -0.001 0.517 0.829
18.737 -412.121 -85.563 -0.216 -0.001 0.520 0.827
18.597 -412.062 -85.621 -0.218 -0.001 0.524 0.823
18.473 -412.011 -85.673 -0.219 -0.001 0.527 0.821
18.359 -411.966 -85.720 -0.220 -0.001 0.531 0.818
18.332 -411.955 -85.732 -0.220 0.000 0.532 0.818
18.242 -411.921 -85.769 -0.221 0.000 0.534 0.816
18.161 -411.891 -85.803 -0.222 0.000 0.537 0.814
18.097 -411.867 -85.829 -0.223 0.000 0.539 0.812
18.017 -411.838 -85.862 -0.224 0.000 0.541 0.811
17.938 -411.810 -85.895 -0.225 0.000 0.543 0.809
17.804 -411.764 -85.950 -0.226 0.000 0.547 0.806
17.721 -411.736 -85.985 -0.228 -0.001 0.550 0.804
17.666 -411.718 -86.008 -0.229 -0.001 0.551 0.802
17.571 -411.687 -86.047 -0.230 -0.001 0.554 0.800
17.460 -411.653 -86.093 -0.231 0.000 0.558 0.797
17.385 -411.630 -86.124 -0.232 0.000 0.560 0.795
17.288 -411.602 -86.165 -0.234 0.000 0.563 0.792
17.207 -411.579 -86.198 -0.235 -0.001 0.566 0.790
17.103 -411.551 -86.241 -0.236 -0.001 0.569 0.788
17.008 -411.525 -86.281 -0.238 -0.001 0.571 0.785
16.891 -411.496 -86.330 -0.239 -0.001 0.575 0.782
16.803 -411.474 -86.367 -0.240 -0.001 0.578 0.780
16.710 -411.452 -86.406 -0.242 -0.001 0.581 0.777
16.600 -411.427 -86.451 -0.244 -0.001 0.584 0.774
16.483 -411.402 -86.500 -0.245 -0.001 0.588 0.771
16.394 -411.384 -86.538 -0.246 -0.001 0.590 0.769
16.272 -411.360 -86.589 -0.247 -0.001 0.593 0.766
16.132 -411.334 -86.647 -0.249 -0.001 0.597 0.762
16.010 -411.314 -86.698 -0.250 -0.001 0.601 0.759
15.925 -411.300 -86.734 -0.251 -0.001 0.604 0.757
15.863 -411.290 -86.760 -0.252 -0.001 0.605 0.755
15.762 -411.275 -86.802 -0.253 -0.001 0.608 0.752
15.645 -411.259 -86.851 -0.255 -0.001 0.612 0.749
15.525 -411.244 -86.901 -0.256 -0.002 0.614 0.746
15.407 -411.230 -86.951 -0.258 -0.002 0.618 0.743
15.322 -411.221 -86.987 -0.259 -0.002 0.620 0.741
15.228 -411.212 -87.026 -0.260 -0.002 0.623 0.738
15.134 -411.203 -87.066 -0.261 -0.002 0.625 0.736
15.056 -411.196 -87.099 -0.262 -0.002 0.627 0.733
14.988 -411.191 -87.127 -0.262 -0.001 0.629 0.731
14.887 -411.184 -87.169 -0.264 -0.001 0.632 0.728
14.828 -411.180 -87.194 -0.265 -0.002 0.634 0.727
14.749 -411.175 -87.228 -0.265 -0.002 0.636 0.725
14.639 -411.170 -87.274 -0.267 -0.002 0.638 0.722
14.532 -411.165 -87.319 -0.268 -0.002 0.641 0.719
14.453 -411.163 -87.352 -0.269 -0.002 0.643 0.717
14.351 -411.160 -87.395 -0.270 -0.002 0.646 0.714
14.256 -411.159 -87.435 -0.271 -0.002 0.649 0.711
14.138 -411.158 -87.485 -0.273 -0.002 0.652 0.708
14.066 -411.158 -87.516 -0.274 -0.002 0.654 0.705
13.985 -411.159 -87.550 -0.274 -0.002 0.656 0.703
13.928 -411.160 -87.573 -0.275 -0.002 0.657 0.702
13.801 -411.162 -87.627 -0.277 -0.003 0.660 0.699
13.699 -411.165 -87.670 -0.278 -0.003 0.663 0.696
13.613 -411.168 -87.707 -0.279 -0.003 0.665 0.693
13.485 -411.174 -87.761 -0.279 -0.002 0.668 0.690
13.393 -411.180 -87.800 -0.280 -0.001 0.670 0.688
13.278 -411.187 -87.848 -0.281 -0.002 0.672 0.686
13.196 -411.192 -87.883 -0.281 -0.002 0.673 0.684
13.085 -411.200 -87.929 -0.282 -0.002 0.674 0.683
12.999 -411.206 -87.966 -0.282 -0.001 0.675 0.682
12.914 -411.213 -88.001 -0.282 -0.001 0.677 0.680
12.844 -411.219 -88.030 -0.282 -0.001 0.678 0.679
12.777 -411.225 -88.058 -0.282 0.000 0.679 0.678
12.679 -411.233 -88.099 -0.282 0.000 0.680 0.677
12.581 -411.242 -88.140 -0.282 0.000 0.680 0.676
12.516 -411.248 -88.166 -0.283 0.000 0.681 0.675
12.407 -411.259 -88.212 -0.283 0.001 0.683 0.674
12.322 -411.268 -88.247 -0.283 0.001 0.684 0.672
12.198 -411.281 -88.297 -0.283 0.002 0.686 0.670
12.102 -411.292 -88.337 -0.284 0.002 0.687 0.669
12.012 -411.302 -88.374 -0.284 0.002 0.688 0.668
11.923 -411.313 -88.410 -0.284 0.003 0.689 0.667
11.804 -411.328 -88.459 -0.284 0.003 0.691 0.665
11.699 -411.341 -88.501 -0.284 0.003 0.692 0.664
11.587 -411.356 -88.546 -0.285 0.003 0.693 0.663
