26.390 -423.600 -82.405 -0.026 0.000 0.051 0.998
26.375 -423.463 -82.413 -0.028 0.000 0.056 0.998
26.359 -423.329 -82.420 -0.030 0.000 0.061 0.998
26.348 -423.237 -82.426 -0.032 0.000 0.064 0.997
26.335 -423.142 -82.432 -0.033 0.000 0.067 0.997
26.322 -423.048 -82.439 -0.034 0.000 0.070 0.997
26.311 -422.971 -82.444 -0.035 0.000 0.072 0.997
26.293 -422.849 -82.453 -0.037 0.000 0.076 0.996
26.278 -422.755 -82.460 -0.038 0.000 0.079 0.996
26.259 -422.636 -82.469 -0.040 0.000 0.082 0.996
26.247 -422.566 -82.475 -0.041 0.000 0.084 0.996
26.233 -422.484 -82.482 -0.041 0.000 0.087 0.995
26.217 -422.396 -82.489 -0.042 0.000 0.090 0.995
26.202 -422.318 -82.496 -0.043 0.000 0.093 0.995
26.182 -422.212 -82.506 -0.044 0.000 0.096 0.994
26.163 -422.115 -82.515 -0.046 0.000 0.099 0.994
26.144 -422.023 -82.523 -0.047 0.000 0.102 0.994
26.127 -421.942 -82.531 -0.049 0.000 0.104 0.993
26.108 -421.853 -82.540 -0.050 0.000 0.108 0.993
26.085 -421.751 -82.551 -0.051 0.000 0.111 0.992
26.073 -421.698 -82.556 -0.052 0.000 0.113 0.992
26.042 -421.567 -82.570 -0.053 0.000 0.117 0.992
26.027 -421.505 -82.577 -0.054 0.000 0.119 0.991
26.006 -421.424 -82.586 -0.055 0.000 0.121 0.991
25.978 -421.310 -82.599 -0.056 0.000 0.125 0.991
25.950 -421.203 -82.612 -0.058 0.000 0.128 0.990
25.925 -421.110 -82.623 -0.059 0.000 0.132 0.990
25.888 -420.979 -82.639 -0.061 0.000 0.137 0.989
25.860 -420.880 -82.652 -0.062 0.001 0.140 0.988
25.838 -420.805 -82.662 -0.063 0.000 0.142 0.988
25.790 -420.645 -82.683 -0.063 0.001 0.146 0.987
25.757 -420.535 -82.698 -0.064 0.001 0.148 0.987
25.726 -420.437 -82.711 -0.065 0.001 0.152 0.986
25.688 -420.318 -82.727 -0.067 0.001 0.155 0.986
25.659 -420.230 -82.740 -0.068 0.001 0.157 0.985
25.631 -420.145 -82.752 -0.068 0.001 0.160 0.985
25.599 -420.051 -82.765 -0.069 0.001 0.161 0.984
25.557 -419.928 -82.783 -0.071 0.001 0.165 0.984
25.507 -419.785 -82.805 -0.072 0.001 0.170 0.983
25.465 -419.671 -82.822 -0.073 0.001 0.174 0.982
25.433 -419.585 -82.836 -0.074 0.001 0.176 0.982
25.396 -419.486 -82.851 -0.075 0.001 0.179 0.981
25.355 -419.379 -82.868 -0.075 0.001 0.182 0.980
25.326 -419.304 -82.881 -0.076 0.001 0.184 0.980
25.292 -419.218 -82.895 -0.077 0.001 0.186 0.979
25.266 -419.153 -82.905 -0.077 0.002 0.188 0.979
25.215 -419.028 -82.926 -0.077 0.002 0.190 0.979
25.179 -418.940 -82.940 -0.078 0.002 0.192 0.978
25.118 -418.793 -82.965 -0.079 0.002 0.196 0.977
25.088 -418.723 -82.977 -0.079 0.002 0.199 0.977
25.051 -418.635 -82.991 -0.080 0.002 0.201 0.976
24.997 -418.512 -83.013 -0.082 0.002 0.203 0.976
24.960 -418.430 -83.027 -0.082 0.002 0.206 0.975
24.913 -418.325 -83.046 -0.084 0.002 0.209 0.974
24.862 -418.213 -83.066 -0.085 0.002 0.213 0.973
24.815 -418.112 -83.085 -0.086 0.002 0.216 0.972
24.766 -418.011 -83.105 -0.088 0.002 0.220 0.972
24.716 -417.907 -83.124 -0.088 0.002 0.224 0.971
24.665 -417.804 -83.144 -0.090 0.002 0.227 0.970
24.612 -417.699 -83.165 -0.092 0.002 0.231 0.969
24.560 -417.598 -83.186 -0.093 0.002 0.234 0.968
24.491 -417.467 -83.213 -0.095 0.002 0.238 0.967
24.443 -417.377 -83.232 -0.096 0.002 0.242 0.966
24.375 -417.254 -83.259 -0.097 0.002 0.247 0.964
24.343 -417.196 -83.271 -0.098 0.002 0.249 0.964
24.296 -417.112 -83.290 -0.100 0.002 0.252 0.963
24.258 -417.046 -83.305 -0.101 0.002 0.255 0.962
24.204 -416.953 -83.326 -0.103 0.002 0.258 0.961
24.177 -416.909 -83.337 -0.103 0.002 0.260 0.960
24.126 -416.822 -83.357 -0.104 0.002 0.263 0.959
24.063 -416.718 -83.382 -0.106 0.002 0.267 0.958
24.010 -416.632 -83.403 -0.107 0.002 0.270 0.957
23.972 -416.572 -83.417 -0.108 0.002 0.272 0.956
23.932 -416.508 -83.433 -0.109 0.002 0.274 0.955
23.887 -416.439 -83.451 -0.110 0.002 0.277 0.954
23.832 -416.353 -83.473 -0.111 0.002 0.280 0.953
23.784 -416.280 -83.491 -0.112 0.002 0.283 0.953
23.740 -416.213 -83.509 -0.113 0.002 0.285 0.952
23.689 -416.138 -83.529 -0.114 0.002 0.288 0.951
23.646 -416.076 -83.546 -0.115 0.002 0.290 0.950
23.578 -415.977 -83.573 -0.118 0.002 0.294 0.948
23.517 -415.890 -83.597 -0.119 0.002 0.298 0.947
23.443 -415.787 -83.626 -0.120 0.002 0.301 0.946
23.347 -415.655 -83.665 -0.122 0.002 0.306 0.944
23.285 -415.572 -83.689 -0.124 0.002 0.310 0.943
23.218 -415.483 -83.716 -0.126 0.002 0.314 0.941
23.167 -415.417 -83.737 -0.127 0.002 0.317 0.940
23.104 -415.337 -83.762 -0.128 0.002 0.321 0.938
23.049 -415.268 -83.784 -0.129 0.002 0.324 0.937
22.982 -415.185 -83.810 -0.131 0.002 0.328 0.936
22.934 -415.127 -83.830 -0.133 0.001 0.330 0.934
22.832 -415.006 -83.870 -0.136 0.001 0.336 0.932
22.781 -414.946 -83.891 -0.137 0.001 0.339 0.931
22.699 -414.852 -83.924 -0.139 0.001 0.344 0.929
22.637 -414.783 -83.949 -0.141 0.001 0.347 0.927
22.567 -414.705 -83.977 -0.143 0.001 0.351 0.925
22.489 -414.620 -84.009 -0.144 0.001 0.356 0.923
22.428 -414.555 -84.034 -0.145 0.001 0.359 0.922
22.371 -414.496 -84.056 -0.147 0.001 0.362 0.921
22.296 -414.418 -84.087 -0.148 0.001 0.366 0.919
22.215 -414.336 -84.120 -0.151 0.001 0.370 0.917
22.148 -414.270 -84.147 -0.152 0.001 0.374 0.915
22.056 -414.180 -84.184 -0.154 0.000 0.378 0.913
21.946 -414.075 -84.229 -0.158 0.000 0.384 0.910
21.887 -414.020 -84.254 -0.159 0.000 0.386 0.909
21.843 -413.980 -84.271 -0.159 0.000 0.388 0.908
21.764 -413.908 -84.304 -0.162 0.000 0.392 0.906
21.667 -413.821 -84.344 -0.163 0.000 0.397 0.903
21.590 -413.755 -84.375 -0.165 0.000 0.401 0.901
21.532 -413.705 -84.399 -0.165 0.000 0.404 0.900
21.453 -413.638 -84.432 -0.167 0.000 0.407 0.898
21.373 -413.572 -84.465 -0.169 0.000 0.411 0.896
21.306 -413.517 -84.492 -0.171 0.000 0.414 0.894
21.221 -413.449 -84.527 -0.172 0.000 0.418 0.892
21.140 -413.386 -84.560 -0.173 0.000 0.422 0.890
21.057 -413.322 -84.595 -0.175 0.000 0.426 0.888
20.992 -413.273 -84.621 -0.177 0.000 0.429 0.886
20.923 -413.221 -84.650 -0.178 0.000 0.432 0.884
20.830 -413.154 -84.688 -0.180 0.000 0.436 0.882
20.739 -413.088 -84.726 -0.182 -0.001 0.439 0.880
20.657 -413.031 -84.760 -0.184 -0.001 0.443 0.878
20.562 -412.965 -84.800 -0.185 -0.001 0.447 0.875
20.508 -412.929 -84.822 -0.186 -0.001 0.450 0.874
20.382 -412.846 -84.875 -0.189 -0.001 0.455 0.870
20.288 -412.785 -84.914 -0.190 -0.001 0.458 0.868
20.206 -412.734 -84.948 -0.192 -0.001 0.462 0.866
20.111 -412.675 -84.987 -0.193 -0.001 0.465 0.864
20.023 -412.621 -85.024 -0.194 -0.001 0.469 0.862
19.953 -412.580 -85.053 -0.195 -0.001 0.472 0.860
19.894 -412.545 -85.077 -0.197 -0.001 0.474 0.858
19.815 -412.499 -85.110 -0.198 -0.001 0.477 0.857
19.715 -412.443 -85.152 -0.198 0.000 0.481 0.854
19.663 -412.414 -85.173 -0.199 0.000 0.482 0.853
19.572 -412.364 -85.210 -0.200 0.000 0.486 0.851
19.475 -412.312 -85.250 -0.202 0.000 0.489 0.849
19.386 -412.265 -85.287 -0.202 0.000 0.493 0.846
19.301 -412.222 -85.322 -0.203 0.001 0.496 0.844
19.210 -412.175 -85.359 -0.206 0.000 0.499 0.842
19.112 -412.128 -85.399 -0.207 0.000 0.503 0.839
19.051 -412.098 -85.425 -0.208 0.000 0.505 0.838
18.958 -412.055 -85.463 -0.209 0.000 0.508 0.836
18.827 -411.995 -85.517 -0.211 0.000 0.513 0.832
18.761 -411.965 -85.544 -0.212 0.001 0.515 0.830
18.704 -411.940 -85.567 -0.212 0.001 0.517 0.829
18.621 -411.904 -85.601 -0.214 0.000 0.520 0.827
18.491 -411.849 -85.655 -0.215 0.000 0.525 0.824
18.380 -411.804 -85.700 -0.217 0.000 0.529 0.821
18.288 -411.768 -85.738 -0.218 0.001 0.532 0.818
18.189 -411.730 -85.778 -0.219 0.001 0.534 0.816
18.048 -411.678 -85.836 -0.221 0.001 0.539 0.813
17.999 -411.660 -85.856 -0.222 0.001 0.541 0.811
17.881 -411.618 -85.904 -0.223 0.001 0.544 0.809
17.779 -411.583 -85.946 -0.225 0.000 0.547 0.806
17.711 -411.560 -85.974 -0.226 0.000 0.549 0.805
17.642 -411.537 -86.003 -0.227 0.000 0.551 0.803
17.566 -411.512 -86.034 -0.228 0.000 0.553 0.801
17.493 -411.489 -86.064 -0.229 0.000 0.555 0.800
17.410 -411.464 -86.098 -0.230 0.000 0.557 0.798
17.325 -411.438 -86.133 -0.231 0.000 0.560 0.796
17.227 -411.409 -86.174 -0.232 0.000 0.563 0.794
17.093 -411.371 -86.229 -0.233 0.000 0.567 0.790
17.021 -411.352 -86.258 -0.234 0.000 0.569 0.788
16.944 -411.331 -86.290 -0.235 0.000 0.571 0.786
16.833 -411.302 -86.336 -0.236 0.000 0.575 0.784
16.710 -411.272 -86.386 -0.238 0.000 0.578 0.781
16.619 -411.250 -86.424 -0.239 0.000 0.580 0.779
16.546 -411.233 -86.454 -0.240 0.000 0.582 0.777
16.486 -411.219 -86.478 -0.241 0.000 0.584 0.775
16.359 -411.192 -86.531 -0.243 0.000 0.588 0.771
16.271 -411.174 -86.567 -0.244 -0.001 0.591 0.769
16.209 -411.162 -86.593 -0.245 -0.001 0.593 0.767
16.121 -411.145 -86.629 -0.246 -0.001 0.595 0.765
16.024 -411.127 -86.669 -0.246 0.000 0.597 0.763
15.931 -411.111 -86.708 -0.248 0.000 0.600 0.760
15.819 -411.092 -86.754 -0.249 0.000 0.604 0.757
15.731 -411.078 -86.790 -0.250 0.000 0.606 0.755
15.641 -411.065 -86.827 -0.251 0.000 0.609 0.753
15.535 -411.050 -86.871 -0.253 0.000 0.612 0.749
15.451 -411.039 -86.906 -0.254 -0.001 0.614 0.747
15.369 -411.029 -86.939 -0.254 0.000 0.617 0.745
15.283 -411.018 -86.975 -0.255 0.000 0.619 0.743
15.166 -411.006 -87.023 -0.255 0.001 0.622 0.740
15.079 -410.997 -87.059 -0.256 0.001 0.624 0.738
14.999 -410.989 -87.091 -0.257 0.001 0.626 0.736
14.917 -410.982 -87.125 -0.258 0.001 0.629 0.734
14.822 -410.975 -87.164 -0.259 0.001 0.631 0.731
14.724 -410.968 -87.204 -0.260 0.001 0.633 0.729
14.605 -410.960 -87.253 -0.261 0.001 0.637 0.725
14.553 -410.958 -87.274 -0.262 0.001 0.638 0.724
14.490 -410.954 -87.299 -0.262 0.001 0.639 0.723
14.386 -410.950 -87.342 -0.263 0.001 0.641 0.721
14.286 -410.946 -87.383 -0.264 0.001 0.644 0.718
14.178 -410.943 -87.427 -0.265 0.001 0.646 0.716
14.099 -410.941 -87.459 -0.266 0.001 0.648 0.714
13.996 -410.940 -87.501 -0.267 0.001 0.651 0.711
13.913 -410.939 -87.535 -0.267 0.001 0.653 0.709
13.788 -410.939 -87.586 -0.268 0.002 0.656 0.706
13.674 -410.940 -87.632 -0.269 0.001 0.658 0.703
13.590 -410.942 -87.667 -0.271 0.001 0.661 0.700
13.497 -410.944 -87.705 -0.271 0.001 0.662 0.698
13.397 -410.947 -87.746 -0.272 0.001 0.664 0.696
13.278 -410.951 -87.794 -0.274 0.000 0.666 0.694
13.168 -410.956 -87.839 -0.275 0.000 0.668 0.692
13.052 -410.962 -87.887 -0.275 0.001 0.670 0.690
12.956 -410.967 -87.926 -0.275 0.001 0.671 0.688
12.890 -410.971 -87.953 -0.275 0.001 0.672 0.687
12.804 -410.976 -87.988 -0.276 0.001 0.674 0.685
12.699 -410.984 -88.031 -0.277 0.001 0.675 0.684
12.596 -410.991 -88.073 -0.277 0.002 0.677 0.682
12.500 -410.999 -88.112 -0.278 0.001 0.678 0.680
12.403 -411.007 -88.152 -0.278 0.001 0.680 0.678
12.310 -411.015 -88.189 -0.279 0.002 0.681 0.677
12.255 -411.020 -88.211 -0.279 0.001 0.682 0.676
12.114 -411.033 -88.269 -0.280 0.002 0.685 0.673
12.028 -411.042 -88.304 -0.280 0.002 0.686 0.672
11.936 -411.052 -88.341 -0.281 0.002 0.687 0.670
11.852 -411.062 -88.375 -0.281 0.002 0.689 0.668
11.766 -411.072 -88.410 -0.281 0.003 0.690 0.667
11.685 -411.082 -88.442 -0.281 0.003 0.691 0.666
11.613 -411.091 -88.471 -0.281 0.004 0.692 0.664
11.523 -411.102 -88.507 -0.281 0.004 0.693 0.664
11.427 -411.115 -88.545 -0.282 0.004 0.694 0.662
