24.699 -458.360 -70.112 -0.002 0.000 0.005 1.000
24.698 -458.265 -70.112 -0.003 0.000 0.009 1.000
24.695 -458.145 -70.113 -0.006 0.000 0.013 1.000
24.692 -458.035 -70.115 -0.008 0.000 0.017 1.000
24.686 -457.876 -70.118 -0.009 0.000 0.023 1.000
24.682 -457.806 -70.119 -0.010 0.000 0.025 1.000
24.677 -457.707 -70.121 -0.012 0.000 0.029 1.000
24.669 -457.581 -70.124 -0.014 0.000 0.033 0.999
24.662 -457.485 -70.127 -0.015 0.000 0.036 0.999
24.659 -457.440 -70.128 -0.016 0.000 0.038 0.999
24.651 -457.339 -70.132 -0.017 0.000 0.042 0.999
24.642 -457.238 -70.135 -0.019 0.000 0.045 0.999
24.628 -457.095 -70.141 -0.020 0.000 0.050 0.999
24.618 -456.992 -70.146 -0.023 0.000 0.054 0.998
24.605 -456.878 -70.151 -0.025 0.000 0.058 0.998
24.599 -456.830 -70.154 -0.026 0.000 0.060 0.998
24.589 -456.752 -70.158 -0.027 0.000 0.063 0.998
24.576 -456.650 -70.163 -0.028 0.000 0.066 0.997
24.554 -456.493 -70.173 -0.030 0.000 0.072 0.997
24.539 -456.386 -70.179 -0.032 0.000 0.075 0.997
24.522 -456.282 -70.186 -0.034 0.000 0.079 0.996
24.507 -456.190 -70.193 -0.035 0.000 0.082 0.996
24.484 -456.056 -70.203 -0.038 0.000 0.087 0.996
24.467 -455.956 -70.211 -0.040 0.000 0.090 0.995
24.453 -455.886 -70.216 -0.041 0.000 0.093 0.995
24.433 -455.781 -70.226 -0.043 0.000 0.097 0.994
24.409 -455.659 -70.237 -0.045 0.000 0.101 0.994
24.383 -455.537 -70.248 -0.047 0.000 0.105 0.993
24.351 -455.389 -70.262 -0.049 0.000 0.110 0.993
24.335 -455.319 -70.270 -0.050 0.000 0.112 0.992
24.313 -455.223 -70.280 -0.051 0.000 0.115 0.992
24.291 -455.133 -70.289 -0.053 0.000 0.119 0.992
24.270 -455.048 -70.299 -0.054 0.000 0.121 0.991
24.238 -454.920 -70.313 -0.055 0.000 0.125 0.991
24.207 -454.803 -70.326 -0.057 0.000 0.129 0.990
24.174 -454.681 -70.341 -0.059 0.000 0.134 0.989
24.153 -454.606 -70.350 -0.060 0.000 0.136 0.989
24.121 -454.496 -70.364 -0.060 0.000 0.140 0.988
24.095 -454.405 -70.375 -0.062 0.000 0.143 0.988
24.059 -454.286 -70.391 -0.064 0.000 0.147 0.987
24.033 -454.203 -70.402 -0.066 0.000 0.150 0.986
24.001 -454.103 -70.416 -0.068 0.000 0.154 0.986
23.956 -453.965 -70.436 -0.070 0.000 0.159 0.985
23.932 -453.892 -70.447 -0.071 0.000 0.161 0.984
23.902 -453.805 -70.460 -0.073 0.000 0.164 0.984
23.865 -453.699 -70.476 -0.074 0.000 0.167 0.983
23.846 -453.647 -70.484 -0.075 0.000 0.169 0.983
23.796 -453.509 -70.506 -0.076 0.000 0.175 0.982
23.752 -453.389 -70.526 -0.079 0.000 0.179 0.981
23.703 -453.264 -70.547 -0.080 0.000 0.183 0.980
23.666 -453.169 -70.564 -0.082 0.000 0.186 0.979
23.618 -453.050 -70.585 -0.084 0.000 0.191 0.978
23.588 -452.977 -70.598 -0.085 0.000 0.193 0.977
23.542 -452.868 -70.618 -0.087 0.000 0.198 0.976
23.515 -452.805 -70.630 -0.088 0.000 0.200 0.976
23.486 -452.738 -70.643 -0.089 0.000 0.202 0.975
23.446 -452.648 -70.660 -0.090 0.000 0.205 0.975
23.405 -452.556 -70.679 -0.092 0.000 0.209 0.974
23.360 -452.458 -70.698 -0.094 0.000 0.213 0.973
23.330 -452.394 -70.712 -0.095 0.000 0.215 0.972
23.283 -452.296 -70.732 -0.096 0.000 0.219 0.971
23.222 -452.171 -70.759 -0.097 0.000 0.224 0.970
23.186 -452.098 -70.774 -0.098 0.000 0.227 0.969
23.149 -452.024 -70.790 -0.099 0.000 0.229 0.968
23.082 -451.894 -70.819 -0.101 0.000 0.234 0.967
23.045 -451.825 -70.835 -0.102 0.000 0.237 0.966
22.991 -451.723 -70.859 -0.104 0.000 0.240 0.965
22.948 -451.643 -70.877 -0.105 0.000 0.243 0.964
22.895 -451.547 -70.900 -0.106 0.000 0.247 0.963
22.858 -451.480 -70.916 -0.108 0.000 0.249 0.963
22.795 -451.369 -70.944 -0.110 0.000 0.253 0.961
22.770 -451.327 -70.954 -0.111 0.000 0.254 0.961
22.721 -451.243 -70.975 -0.112 0.000 0.257 0.960
22.668 -451.153 -70.999 -0.114 0.000 0.260 0.959
22.600 -451.039 -71.028 -0.115 0.000 0.264 0.957
22.532 -450.929 -71.058 -0.118 0.000 0.268 0.956
22.487 -450.857 -71.078 -0.119 0.000 0.271 0.955
22.420 -450.750 -71.108 -0.122 0.000 0.275 0.954
22.371 -450.674 -71.129 -0.123 0.000 0.278 0.953
22.332 -450.615 -71.146 -0.123 0.000 0.280 0.952
22.276 -450.529 -71.171 -0.125 0.000 0.283 0.951
22.226 -450.454 -71.194 -0.126 0.000 0.286 0.950
22.173 -450.377 -71.217 -0.128 0.000 0.288 0.949
22.106 -450.280 -71.246 -0.129 0.000 0.292 0.948
22.048 -450.196 -71.272 -0.130 0.000 0.296 0.946
21.991 -450.116 -71.297 -0.132 0.000 0.298 0.945
21.920 -450.019 -71.328 -0.133 0.000 0.302 0.944
21.859 -449.935 -71.355 -0.134 0.000 0.305 0.943
21.809 -449.867 -71.378 -0.135 0.000 0.307 0.942
21.727 -449.759 -71.414 -0.137 0.000 0.311 0.940
21.669 -449.683 -71.439 -0.138 0.000 0.314 0.939
21.607 -449.604 -71.466 -0.139 0.000 0.317 0.938
21.524 -449.499 -71.503 -0.140 0.000 0.321 0.937
21.478 -449.441 -71.523 -0.141 0.000 0.323 0.936
21.412 -449.360 -71.551 -0.142 0.000 0.325 0.935
21.344 -449.277 -71.581 -0.142 0.000 0.328 0.934
21.273 -449.191 -71.612 -0.143 0.001 0.332 0.932
21.208 -449.114 -71.639 -0.144 0.001 0.335 0.931
21.155 -449.051 -71.662 -0.145 0.001 0.337 0.930
21.101 -448.989 -71.686 -0.147 0.001 0.340 0.929
21.027 -448.904 -71.718 -0.147 0.001 0.343 0.928
20.976 -448.847 -71.739 -0.148 0.001 0.345 0.927
20.873 -448.732 -71.783 -0.149 0.002 0.350 0.925
20.809 -448.663 -71.810 -0.149 0.002 0.353 0.924
20.725 -448.573 -71.845 -0.150 0.002 0.356 0.922
20.660 -448.504 -71.872 -0.151 0.002 0.358 0.921
20.582 -448.422 -71.905 -0.152 0.002 0.360 0.920
20.528 -448.365 -71.928 -0.153 0.002 0.362 0.920
20.440 -448.276 -71.965 -0.154 0.002 0.365 0.918
20.366 -448.200 -71.996 -0.154 0.002 0.368 0.917
20.285 -448.119 -72.029 -0.156 0.002 0.371 0.915
20.229 -448.064 -72.053 -0.157 0.002 0.373 0.914
20.166 -448.003 -72.079 -0.158 0.002 0.376 0.913
20.088 -447.927 -72.112 -0.159 0.002 0.378 0.912
20.025 -447.867 -72.138 -0.160 0.002 0.380 0.911
19.959 -447.805 -72.166 -0.161 0.002 0.383 0.910
19.870 -447.721 -72.203 -0.161 0.003 0.385 0.909
19.785 -447.643 -72.238 -0.162 0.003 0.387 0.908
19.708 -447.572 -72.270 -0.162 0.003 0.390 0.907
19.635 -447.506 -72.300 -0.164 0.002 0.391 0.906
19.572 -447.449 -72.326 -0.165 0.002 0.393 0.905
19.511 -447.395 -72.352 -0.165 0.003 0.395 0.904
19.462 -447.352 -72.372 -0.166 0.002 0.397 0.903
19.414 -447.310 -72.392 -0.166 0.003 0.399 0.902
19.340 -447.246 -72.422 -0.167 0.003 0.401 0.901
19.258 -447.176 -72.456 -0.168 0.003 0.403 0.900
19.162 -447.094 -72.496 -0.169 0.003 0.406 0.898
19.076 -447.023 -72.531 -0.170 0.003 0.408 0.897
18.983 -446.946 -72.569 -0.171 0.003 0.411 0.896
18.924 -446.898 -72.594 -0.171 0.003 0.413 0.895
18.818 -446.812 -72.638 -0.173 0.003 0.416 0.893
18.749 -446.758 -72.666 -0.173 0.003 0.418 0.892
18.695 -446.715 -72.688 -0.174 0.003 0.419 0.891
18.614 -446.651 -72.721 -0.175 0.003 0.422 0.890
18.524 -446.582 -72.758 -0.176 0.003 0.424 0.888
18.465 -446.536 -72.782 -0.176 0.003 0.426 0.887
18.400 -446.488 -72.809 -0.177 0.003 0.428 0.886
18.333 -446.437 -72.837 -0.178 0.003 0.430 0.885
18.234 -446.364 -72.877 -0.178 0.004 0.433 0.884
18.161 -446.311 -72.907 -0.179 0.004 0.435 0.882
18.099 -446.266 -72.932 -0.179 0.004 0.437 0.882
18.013 -446.205 -72.967 -0.180 0.004 0.439 0.880
17.941 -446.154 -72.996 -0.181 0.004 0.441 0.879
17.857 -446.095 -73.030 -0.182 0.004 0.443 0.878
17.778 -446.040 -73.062 -0.182 0.004 0.445 0.877
17.688 -445.979 -73.098 -0.183 0.004 0.447 0.875
17.622 -445.934 -73.125 -0.184 0.004 0.449 0.874
17.540 -445.879 -73.158 -0.185 0.004 0.451 0.873
17.449 -445.819 -73.195 -0.186 0.004 0.453 0.872
17.357 -445.759 -73.232 -0.186 0.004 0.455 0.871
17.307 -445.726 -73.252 -0.187 0.004 0.456 0.870
17.200 -445.658 -73.296 -0.187 0.004 0.459 0.869
17.130 -445.613 -73.324 -0.188 0.005 0.461 0.868
17.064 -445.572 -73.350 -0.189 0.004 0.462 0.867
16.990 -445.526 -73.380 -0.188 0.005 0.463 0.866
16.913 -445.478 -73.411 -0.189 0.004 0.464 0.865
16.824 -445.423 -73.447 -0.190 0.005 0.466 0.864
16.744 -445.375 -73.479 -0.190 0.005 0.467 0.863
16.657 -445.322 -73.514 -0.191 0.005 0.470 0.862
16.583 -445.278 -73.543 -0.191 0.005 0.471 0.861
16.491 -445.225 -73.579 -0.192 0.005 0.474 0.860
16.418 -445.182 -73.608 -0.192 0.006 0.476 0.858
16.357 -445.147 -73.633 -0.192 0.006 0.477 0.857
16.276 -445.100 -73.665 -0.193 0.006 0.478 0.857
16.200 -445.057 -73.695 -0.193 0.006 0.480 0.856
16.100 -445.001 -73.734 -0.193 0.006 0.482 0.855
15.993 -444.942 -73.776 -0.193 0.007 0.484 0.853
15.899 -444.890 -73.812 -0.194 0.007 0.486 0.852
15.767 -444.819 -73.864 -0.194 0.007 0.489 0.850
15.650 -444.757 -73.909 -0.194 0.007 0.490 0.850
15.541 -444.700 -73.951 -0.195 0.008 0.492 0.848
15.442 -444.648 -73.989 -0.195 0.008 0.494 0.848
15.345 -444.598 -74.026 -0.195 0.008 0.495 0.847
15.275 -444.561 -74.053 -0.195 0.008 0.496 0.846
15.184 -444.514 -74.088 -0.194 0.009 0.497 0.846
15.098 -444.471 -74.120 -0.194 0.009 0.498 0.845
15.013 -444.428 -74.152 -0.194 0.009 0.499 0.845
14.932 -444.387 -74.183 -0.195 0.009 0.499 0.844
14.844 -444.343 -74.216 -0.195 0.009 0.500 0.844
14.761 -444.302 -74.247 -0.195 0.010 0.501 0.843
14.683 -444.263 -74.277 -0.195 0.010 0.503 0.842
14.588 -444.217 -74.312 -0.195 0.010 0.504 0.842
14.524 -444.186 -74.336 -0.195 0.011 0.504 0.841
14.450 -444.149 -74.363 -0.195 0.011 0.506 0.840
14.387 -444.119 -74.386 -0.194 0.011 0.506 0.840
14.308 -444.081 -74.416 -0.194 0.011 0.507 0.840
14.241 -444.049 -74.440 -0.193 0.012 0.508 0.839
14.166 -444.013 -74.467 -0.193 0.013 0.509 0.839
14.085 -443.975 -74.496 -0.192 0.013 0.511 0.838
