24.700 -458.418 -70.112 -0.001 0.000 0.003 1.000
24.698 -458.256 -70.113 -0.004 0.000 0.009 1.000
24.695 -458.143 -70.114 -0.006 0.000 0.013 1.000
24.690 -457.991 -70.116 -0.008 0.000 0.019 1.000
24.685 -457.875 -70.118 -0.010 0.000 0.023 1.000
24.681 -457.792 -70.120 -0.011 0.000 0.026 1.000
24.676 -457.690 -70.123 -0.014 0.000 0.030 0.999
24.669 -457.584 -70.126 -0.016 0.000 0.033 0.999
24.664 -457.504 -70.128 -0.017 0.000 0.035 0.999
24.657 -457.417 -70.131 -0.018 0.000 0.038 0.999
24.649 -457.316 -70.135 -0.020 0.000 0.042 0.999
24.635 -457.164 -70.141 -0.021 0.000 0.048 0.999
24.621 -457.020 -70.148 -0.024 0.000 0.052 0.998
24.613 -456.947 -70.152 -0.025 0.000 0.055 0.998
24.607 -456.891 -70.154 -0.026 0.000 0.057 0.998
24.596 -456.804 -70.159 -0.027 0.000 0.060 0.998
24.584 -456.703 -70.165 -0.028 0.000 0.064 0.998
24.574 -456.632 -70.169 -0.029 0.000 0.067 0.997
24.562 -456.547 -70.174 -0.031 0.000 0.069 0.997
24.549 -456.451 -70.180 -0.032 0.000 0.072 0.997
24.538 -456.377 -70.185 -0.033 0.000 0.075 0.997
24.521 -456.273 -70.192 -0.035 0.000 0.079 0.996
24.507 -456.183 -70.198 -0.035 0.000 0.082 0.996
24.490 -456.084 -70.205 -0.037 0.000 0.086 0.996
24.466 -455.949 -70.215 -0.038 0.000 0.090 0.995
24.449 -455.859 -70.222 -0.039 0.000 0.094 0.995
24.430 -455.761 -70.231 -0.041 0.000 0.098 0.994
24.409 -455.658 -70.239 -0.043 0.000 0.101 0.994
24.390 -455.566 -70.247 -0.044 0.000 0.105 0.994
24.369 -455.469 -70.256 -0.045 0.000 0.108 0.993
24.340 -455.344 -70.268 -0.048 0.000 0.112 0.992
24.318 -455.250 -70.278 -0.049 0.000 0.116 0.992
24.292 -455.142 -70.289 -0.050 0.000 0.119 0.992
24.271 -455.056 -70.297 -0.051 0.000 0.123 0.991
24.245 -454.953 -70.308 -0.052 0.000 0.126 0.991
24.223 -454.870 -70.317 -0.054 0.000 0.129 0.990
24.190 -454.748 -70.331 -0.056 0.000 0.133 0.990
24.167 -454.664 -70.341 -0.057 0.000 0.135 0.989
24.148 -454.597 -70.349 -0.058 0.000 0.137 0.989
24.123 -454.509 -70.359 -0.059 0.000 0.139 0.989
24.085 -454.379 -70.375 -0.061 0.000 0.142 0.988
24.059 -454.291 -70.386 -0.062 0.000 0.145 0.987
24.006 -454.122 -70.408 -0.063 0.000 0.152 0.986
23.975 -454.026 -70.421 -0.065 0.000 0.155 0.986
23.944 -453.931 -70.434 -0.066 0.000 0.159 0.985
23.910 -453.830 -70.449 -0.068 0.000 0.163 0.984
23.894 -453.784 -70.455 -0.069 0.000 0.164 0.984
23.855 -453.672 -70.472 -0.070 0.000 0.168 0.983
23.818 -453.568 -70.487 -0.071 0.000 0.171 0.983
23.794 -453.503 -70.497 -0.072 0.000 0.173 0.982
23.760 -453.411 -70.511 -0.073 0.000 0.177 0.982
23.735 -453.344 -70.522 -0.074 0.000 0.180 0.981
23.696 -453.243 -70.537 -0.075 0.000 0.183 0.980
23.670 -453.175 -70.548 -0.076 0.000 0.186 0.980
23.612 -453.033 -70.572 -0.079 0.000 0.191 0.978
23.573 -452.938 -70.588 -0.080 0.000 0.194 0.978
23.524 -452.822 -70.608 -0.083 0.000 0.198 0.977
23.487 -452.735 -70.624 -0.084 0.000 0.201 0.976
23.444 -452.639 -70.642 -0.086 0.000 0.205 0.975
23.412 -452.567 -70.655 -0.087 0.000 0.208 0.974
23.374 -452.482 -70.671 -0.088 0.000 0.211 0.973
23.332 -452.392 -70.689 -0.090 0.000 0.214 0.973
23.274 -452.270 -70.713 -0.092 0.000 0.219 0.971
23.212 -452.143 -70.739 -0.094 0.000 0.223 0.970
23.166 -452.049 -70.758 -0.095 0.000 0.226 0.969
23.134 -451.985 -70.772 -0.095 0.000 0.228 0.969
23.089 -451.898 -70.791 -0.097 0.000 0.232 0.968
23.036 -451.795 -70.813 -0.098 0.000 0.236 0.967
23.003 -451.732 -70.827 -0.099 0.000 0.238 0.966
22.944 -451.622 -70.851 -0.101 0.000 0.242 0.965
22.905 -451.550 -70.868 -0.102 0.000 0.244 0.964
22.858 -451.466 -70.887 -0.103 0.000 0.248 0.963
22.777 -451.322 -70.921 -0.106 0.000 0.253 0.962
22.725 -451.233 -70.942 -0.107 0.000 0.257 0.960
22.670 -451.140 -70.965 -0.108 0.000 0.261 0.959
22.624 -451.063 -70.984 -0.109 0.000 0.263 0.958
22.562 -450.961 -71.010 -0.110 0.001 0.267 0.957
22.487 -450.841 -71.040 -0.112 0.001 0.272 0.956
22.428 -450.747 -71.065 -0.113 0.001 0.275 0.955
22.378 -450.669 -71.085 -0.115 0.000 0.277 0.954
22.325 -450.589 -71.107 -0.116 0.000 0.280 0.953
22.268 -450.502 -71.131 -0.118 0.000 0.283 0.952
22.212 -450.417 -71.155 -0.120 0.000 0.286 0.951
22.155 -450.333 -71.178 -0.121 0.000 0.290 0.949
22.073 -450.215 -71.213 -0.122 0.000 0.294 0.948
22.036 -450.162 -71.228 -0.123 0.000 0.296 0.947
21.972 -450.073 -71.255 -0.125 0.000 0.299 0.946
21.909 -449.986 -71.281 -0.127 0.000 0.302 0.945
21.841 -449.893 -71.309 -0.128 0.000 0.306 0.943
21.774 -449.803 -71.338 -0.130 0.000 0.309 0.942
21.725 -449.738 -71.358 -0.131 0.000 0.311 0.941
21.672 -449.669 -71.380 -0.132 0.000 0.314 0.940
21.622 -449.604 -71.401 -0.133 0.000 0.317 0.939
21.553 -449.516 -71.430 -0.133 0.000 0.320 0.938
21.485 -449.430 -71.459 -0.134 0.000 0.323 0.937
21.435 -449.369 -71.479 -0.135 0.000 0.325 0.936
21.358 -449.275 -71.511 -0.136 0.000 0.328 0.935
21.269 -449.167 -71.548 -0.137 0.001 0.332 0.933
21.217 -449.105 -71.570 -0.138 0.001 0.334 0.932
21.132 -449.006 -71.605 -0.140 0.001 0.338 0.931
21.079 -448.945 -71.627 -0.141 0.000 0.339 0.930
21.038 -448.897 -71.644 -0.141 0.000 0.341 0.929
20.978 -448.829 -71.668 -0.141 0.001 0.344 0.928
20.934 -448.779 -71.686 -0.142 0.001 0.346 0.927
20.870 -448.708 -71.713 -0.143 0.001 0.349 0.926
20.767 -448.595 -71.755 -0.146 0.001 0.353 0.924
20.715 -448.539 -71.776 -0.146 0.001 0.356 0.923
20.660 -448.480 -71.799 -0.147 0.001 0.358 0.922
20.595 -448.412 -71.825 -0.147 0.001 0.360 0.921
20.540 -448.355 -71.848 -0.148 0.001 0.363 0.920
20.464 -448.276 -71.879 -0.149 0.001 0.366 0.919
20.413 -448.224 -71.899 -0.150 0.002 0.368 0.918
20.320 -448.131 -71.937 -0.151 0.002 0.371 0.916
20.255 -448.067 -71.963 -0.152 0.002 0.374 0.915
20.192 -448.005 -71.988 -0.152 0.002 0.376 0.914
20.119 -447.934 -72.018 -0.153 0.002 0.378 0.913
20.032 -447.850 -72.053 -0.155 0.002 0.380 0.912
19.981 -447.802 -72.074 -0.155 0.002 0.382 0.911
19.887 -447.714 -72.112 -0.156 0.002 0.386 0.909
19.789 -447.624 -72.151 -0.158 0.002 0.389 0.907
19.725 -447.565 -72.177 -0.159 0.002 0.392 0.906
19.649 -447.497 -72.208 -0.159 0.002 0.394 0.905
19.585 -447.440 -72.233 -0.160 0.002 0.396 0.904
19.514 -447.378 -72.262 -0.161 0.002 0.398 0.903
19.455 -447.325 -72.286 -0.161 0.002 0.400 0.902
19.398 -447.276 -72.309 -0.162 0.002 0.402 0.901
19.341 -447.227 -72.332 -0.163 0.002 0.403 0.901
19.281 -447.176 -72.355 -0.164 0.002 0.405 0.899
19.190 -447.101 -72.392 -0.164 0.002 0.408 0.898
19.113 -447.036 -72.422 -0.165 0.002 0.411 0.897
19.029 -446.968 -72.456 -0.166 0.003 0.413 0.895
18.975 -446.924 -72.477 -0.166 0.003 0.415 0.895
18.891 -446.857 -72.511 -0.167 0.003 0.417 0.893
18.818 -446.798 -72.540 -0.168 0.003 0.419 0.892
18.725 -446.725 -72.576 -0.168 0.003 0.422 0.891
18.672 -446.684 -72.597 -0.169 0.003 0.423 0.890
18.595 -446.625 -72.628 -0.170 0.003 0.425 0.889
18.531 -446.576 -72.653 -0.170 0.003 0.427 0.888
18.415 -446.488 -72.699 -0.171 0.003 0.429 0.887
18.323 -446.420 -72.735 -0.172 0.003 0.431 0.886
18.243 -446.360 -72.767 -0.172 0.003 0.433 0.885
18.179 -446.313 -72.792 -0.173 0.003 0.435 0.884
18.115 -446.267 -72.817 -0.173 0.003 0.437 0.882
17.978 -446.169 -72.871 -0.175 0.003 0.441 0.880
17.835 -446.069 -72.927 -0.178 0.003 0.444 0.878
17.731 -445.998 -72.968 -0.178 0.003 0.447 0.877
17.653 -445.945 -72.999 -0.179 0.003 0.449 0.876
17.596 -445.907 -73.021 -0.179 0.003 0.451 0.875
17.540 -445.869 -73.044 -0.180 0.003 0.452 0.874
17.485 -445.832 -73.065 -0.180 0.003 0.453 0.873
17.416 -445.787 -73.092 -0.180 0.004 0.455 0.872
17.364 -445.753 -73.112 -0.180 0.004 0.456 0.871
17.265 -445.689 -73.151 -0.181 0.004 0.459 0.870
17.162 -445.624 -73.191 -0.182 0.004 0.461 0.868
17.051 -445.554 -73.234 -0.183 0.004 0.464 0.867
16.964 -445.500 -73.268 -0.183 0.004 0.466 0.865
16.884 -445.451 -73.299 -0.183 0.004 0.468 0.864
16.817 -445.411 -73.325 -0.184 0.004 0.469 0.864
16.750 -445.370 -73.351 -0.184 0.004 0.470 0.863
16.652 -445.311 -73.389 -0.185 0.005 0.473 0.862
16.588 -445.274 -73.413 -0.186 0.004 0.474 0.861
16.483 -445.212 -73.454 -0.185 0.005 0.476 0.860
16.385 -445.156 -73.491 -0.185 0.005 0.477 0.859
16.329 -445.123 -73.512 -0.186 0.006 0.479 0.858
16.225 -445.064 -73.552 -0.187 0.005 0.481 0.857
16.136 -445.014 -73.586 -0.188 0.005 0.483 0.855
16.056 -444.970 -73.616 -0.188 0.005 0.485 0.854
15.983 -444.929 -73.644 -0.188 0.006 0.486 0.853
15.910 -444.889 -73.672 -0.188 0.006 0.487 0.853
15.840 -444.851 -73.698 -0.188 0.006 0.489 0.852
15.760 -444.808 -73.728 -0.188 0.006 0.490 0.851
15.676 -444.763 -73.760 -0.188 0.007 0.491 0.850
15.608 -444.727 -73.785 -0.188 0.007 0.492 0.850
15.538 -444.690 -73.811 -0.188 0.007 0.493 0.849
15.437 -444.638 -73.849 -0.189 0.007 0.495 0.848
15.328 -444.581 -73.889 -0.189 0.007 0.497 0.847
15.260 -444.546 -73.914 -0.190 0.007 0.497 0.847
15.141 -444.486 -73.959 -0.191 0.007 0.499 0.845
15.060 -444.445 -73.989 -0.190 0.008 0.500 0.845
14.990 -444.409 -74.015 -0.189 0.008 0.500 0.845
14.902 -444.365 -74.047 -0.190 0.008 0.502 0.844
14.800 -444.314 -74.084 -0.190 0.008 0.502 0.844
14.713 -444.271 -74.116 -0.189 0.009 0.504 0.843
14.624 -444.227 -74.148 -0.189 0.009 0.505 0.842
14.524 -444.178 -74.185 -0.189 0.009 0.506 0.842
14.441 -444.138 -74.215 -0.189 0.010 0.506 0.841
14.341 -444.090 -74.251 -0.189 0.010 0.508 0.841
14.231 -444.037 -74.290 -0.188 0.010 0.509 0.840
14.152 -443.999 -74.318 -0.189 0.010 0.510 0.839
14.063 -443.957 -74.350 -0.189 0.011 0.511 0.839
