26.389 -423.595 -82.405 -0.026 0.000 0.052 0.998
26.382 -423.521 -82.409 -0.027 0.000 0.054 0.998
26.368 -423.404 -82.416 -0.029 0.000 0.058 0.998
26.358 -423.311 -82.421 -0.031 0.000 0.060 0.998
26.343 -423.197 -82.429 -0.032 0.000 0.064 0.997
26.333 -423.122 -82.434 -0.033 0.000 0.066 0.997
26.322 -423.041 -82.439 -0.033 0.000 0.069 0.997
26.306 -422.928 -82.447 -0.035 0.000 0.073 0.997
26.291 -422.829 -82.454 -0.036 0.000 0.076 0.996
26.278 -422.746 -82.460 -0.037 0.000 0.079 0.996
26.265 -422.665 -82.466 -0.038 0.000 0.082 0.996
26.243 -422.536 -82.476 -0.039 0.000 0.086 0.996
26.229 -422.457 -82.482 -0.040 0.000 0.088 0.995
26.208 -422.340 -82.492 -0.041 0.000 0.092 0.995
26.177 -422.181 -82.506 -0.043 0.000 0.097 0.994
26.155 -422.069 -82.516 -0.045 0.000 0.100 0.994
26.127 -421.935 -82.528 -0.046 0.000 0.104 0.994
26.111 -421.862 -82.535 -0.048 0.000 0.106 0.993
26.084 -421.740 -82.547 -0.049 0.000 0.110 0.993
26.066 -421.659 -82.555 -0.050 0.000 0.113 0.992
26.045 -421.572 -82.565 -0.051 0.000 0.115 0.992
26.020 -421.467 -82.576 -0.052 0.000 0.118 0.992
25.989 -421.342 -82.589 -0.054 0.000 0.123 0.991
25.965 -421.248 -82.600 -0.056 0.000 0.126 0.990
25.934 -421.130 -82.614 -0.057 0.000 0.130 0.990
25.904 -421.021 -82.627 -0.059 0.000 0.134 0.989
25.885 -420.949 -82.635 -0.059 0.000 0.135 0.989
25.865 -420.878 -82.644 -0.060 0.000 0.138 0.989
25.840 -420.791 -82.655 -0.062 0.000 0.140 0.988
25.818 -420.717 -82.665 -0.063 0.000 0.143 0.988
25.799 -420.654 -82.673 -0.063 0.000 0.144 0.988
25.758 -420.519 -82.691 -0.065 0.000 0.148 0.987
25.714 -420.378 -82.710 -0.066 0.001 0.151 0.986
25.685 -420.288 -82.722 -0.066 0.001 0.154 0.986
25.656 -420.198 -82.735 -0.067 0.001 0.156 0.985
25.618 -420.085 -82.751 -0.068 0.001 0.160 0.985
25.588 -419.995 -82.763 -0.068 0.001 0.162 0.984
25.564 -419.923 -82.774 -0.069 0.001 0.164 0.984
25.534 -419.838 -82.786 -0.070 0.001 0.166 0.984
25.494 -419.727 -82.803 -0.071 0.001 0.171 0.983
25.448 -419.599 -82.822 -0.072 0.001 0.174 0.982
25.422 -419.530 -82.832 -0.073 0.001 0.176 0.982
25.394 -419.455 -82.844 -0.074 0.001 0.179 0.981
25.363 -419.374 -82.857 -0.074 0.001 0.181 0.981
25.319 -419.259 -82.875 -0.075 0.001 0.183 0.980
25.283 -419.169 -82.889 -0.076 0.001 0.185 0.980
25.253 -419.092 -82.902 -0.077 0.001 0.187 0.979
25.230 -419.036 -82.911 -0.077 0.001 0.189 0.979
25.192 -418.941 -82.927 -0.078 0.001 0.191 0.979
25.153 -418.846 -82.942 -0.078 0.001 0.194 0.978
25.112 -418.750 -82.959 -0.080 0.001 0.196 0.977
25.086 -418.688 -82.969 -0.080 0.001 0.198 0.977
25.052 -418.608 -82.983 -0.081 0.001 0.200 0.977
24.996 -418.479 -83.006 -0.081 0.002 0.203 0.976
24.959 -418.395 -83.020 -0.082 0.001 0.205 0.975
24.923 -418.315 -83.035 -0.084 0.001 0.207 0.975
24.906 -418.277 -83.041 -0.084 0.001 0.208 0.974
24.867 -418.191 -83.057 -0.086 0.001 0.211 0.974
24.834 -418.120 -83.071 -0.087 0.001 0.214 0.973
24.795 -418.036 -83.087 -0.088 0.001 0.216 0.972
24.751 -417.944 -83.104 -0.089 0.001 0.220 0.971
24.717 -417.874 -83.118 -0.090 0.001 0.223 0.971
24.679 -417.797 -83.133 -0.091 0.001 0.226 0.970
24.628 -417.695 -83.154 -0.092 0.002 0.230 0.969
24.574 -417.591 -83.175 -0.094 0.002 0.234 0.968
24.520 -417.488 -83.197 -0.097 0.001 0.239 0.966
24.466 -417.388 -83.219 -0.099 0.001 0.242 0.965
24.432 -417.326 -83.233 -0.100 0.001 0.244 0.965
24.393 -417.255 -83.249 -0.101 0.001 0.247 0.964
24.347 -417.172 -83.268 -0.102 0.001 0.250 0.963
24.300 -417.090 -83.287 -0.104 0.001 0.253 0.962
24.232 -416.973 -83.314 -0.105 0.001 0.258 0.961
24.168 -416.865 -83.340 -0.107 0.001 0.261 0.959
24.118 -416.781 -83.361 -0.108 0.001 0.264 0.958
24.066 -416.695 -83.382 -0.110 0.001 0.267 0.957
24.013 -416.610 -83.404 -0.111 0.001 0.270 0.956
23.952 -416.513 -83.429 -0.112 0.001 0.274 0.955
23.903 -416.436 -83.449 -0.114 0.001 0.277 0.954
23.838 -416.337 -83.475 -0.115 0.001 0.280 0.953
23.757 -416.215 -83.509 -0.117 0.001 0.286 0.951
23.713 -416.150 -83.526 -0.118 0.001 0.289 0.950
23.678 -416.099 -83.541 -0.118 0.001 0.291 0.949
23.653 -416.062 -83.551 -0.119 0.001 0.293 0.949
23.609 -415.999 -83.569 -0.121 0.001 0.296 0.948
23.553 -415.921 -83.591 -0.123 0.001 0.299 0.946
23.492 -415.835 -83.617 -0.124 0.001 0.303 0.945
23.420 -415.738 -83.646 -0.125 0.001 0.307 0.944
23.367 -415.667 -83.667 -0.127 0.001 0.310 0.942
23.299 -415.577 -83.695 -0.129 0.001 0.314 0.941
23.241 -415.502 -83.719 -0.130 0.001 0.318 0.939
23.172 -415.415 -83.747 -0.132 0.001 0.321 0.938
23.104 -415.330 -83.774 -0.133 0.001 0.325 0.936
23.035 -415.245 -83.803 -0.134 0.001 0.328 0.935
22.994 -415.195 -83.819 -0.135 0.001 0.330 0.934
22.935 -415.125 -83.843 -0.136 0.001 0.333 0.933
22.851 -415.026 -83.877 -0.139 0.001 0.338 0.931
22.778 -414.942 -83.907 -0.140 0.001 0.342 0.929
22.670 -414.821 -83.951 -0.143 0.001 0.348 0.926
22.600 -414.743 -83.980 -0.145 0.001 0.352 0.925
22.525 -414.662 -84.011 -0.147 0.000 0.356 0.923
22.474 -414.608 -84.032 -0.149 0.000 0.359 0.921
22.406 -414.537 -84.060 -0.150 0.000 0.362 0.920
22.333 -414.462 -84.091 -0.152 0.000 0.366 0.918
22.278 -414.406 -84.113 -0.152 0.000 0.368 0.917
22.222 -414.350 -84.137 -0.154 0.000 0.371 0.916
22.156 -414.285 -84.164 -0.155 0.000 0.374 0.914
22.072 -414.204 -84.198 -0.157 0.000 0.378 0.913
22.010 -414.144 -84.224 -0.158 0.000 0.381 0.911
21.934 -414.073 -84.256 -0.160 0.000 0.385 0.909
21.874 -414.017 -84.281 -0.161 0.000 0.388 0.907
21.823 -413.970 -84.302 -0.162 0.000 0.391 0.906
21.778 -413.930 -84.321 -0.163 0.000 0.393 0.905
21.710 -413.870 -84.349 -0.165 0.000 0.396 0.903
21.681 -413.844 -84.361 -0.166 0.000 0.397 0.903
21.603 -413.776 -84.394 -0.167 0.000 0.401 0.901
21.499 -413.688 -84.437 -0.169 0.000 0.406 0.898
21.411 -413.615 -84.474 -0.171 0.000 0.410 0.896
21.334 -413.552 -84.506 -0.172 0.000 0.413 0.894
21.254 -413.487 -84.539 -0.174 0.000 0.417 0.892
21.184 -413.432 -84.568 -0.175 0.000 0.420 0.891
21.134 -413.393 -84.589 -0.176 0.000 0.422 0.889
21.065 -413.340 -84.618 -0.177 0.000 0.425 0.887
20.965 -413.265 -84.659 -0.179 0.000 0.430 0.885
20.880 -413.202 -84.695 -0.180 0.000 0.433 0.883
20.792 -413.139 -84.731 -0.182 0.000 0.437 0.881
20.709 -413.079 -84.766 -0.183 0.000 0.440 0.879
20.612 -413.012 -84.806 -0.185 0.000 0.444 0.877
20.556 -412.973 -84.830 -0.186 0.000 0.446 0.875
20.448 -412.901 -84.875 -0.188 0.000 0.451 0.873
20.355 -412.840 -84.914 -0.190 0.000 0.454 0.870
20.260 -412.779 -84.953 -0.191 0.000 0.458 0.868
20.184 -412.730 -84.985 -0.192 0.000 0.461 0.866
20.109 -412.684 -85.016 -0.193 0.000 0.464 0.864
20.009 -412.623 -85.058 -0.195 0.000 0.468 0.862
19.914 -412.567 -85.098 -0.197 0.000 0.472 0.859
19.832 -412.519 -85.132 -0.198 0.000 0.475 0.857
19.786 -412.493 -85.151 -0.199 0.000 0.477 0.856
19.728 -412.459 -85.176 -0.200 0.000 0.479 0.855
19.630 -412.405 -85.217 -0.202 0.000 0.483 0.852
19.567 -412.371 -85.243 -0.203 0.000 0.486 0.850
19.491 -412.330 -85.274 -0.204 0.000 0.488 0.849
19.388 -412.276 -85.318 -0.206 -0.001 0.492 0.846
19.299 -412.231 -85.355 -0.207 0.000 0.495 0.844
19.249 -412.206 -85.376 -0.208 0.000 0.497 0.843
19.168 -412.165 -85.410 -0.209 -0.001 0.499 0.841
19.046 -412.106 -85.461 -0.210 0.000 0.504 0.838
18.942 -412.057 -85.504 -0.212 0.000 0.508 0.835
18.862 -412.021 -85.537 -0.213 0.000 0.511 0.833
18.767 -411.978 -85.577 -0.214 0.000 0.514 0.830
18.710 -411.953 -85.601 -0.215 0.000 0.516 0.829
18.629 -411.918 -85.634 -0.216 0.000 0.518 0.827
18.573 -411.894 -85.658 -0.216 0.000 0.520 0.826
18.464 -411.848 -85.703 -0.217 0.000 0.522 0.825
18.355 -411.803 -85.748 -0.219 0.000 0.526 0.822
18.222 -411.751 -85.803 -0.220 0.001 0.531 0.819
18.148 -411.722 -85.834 -0.221 0.001 0.533 0.817
18.088 -411.699 -85.859 -0.221 0.001 0.535 0.815
18.027 -411.676 -85.884 -0.222 0.001 0.537 0.814
17.983 -411.660 -85.902 -0.223 0.001 0.538 0.813
17.911 -411.634 -85.932 -0.224 0.001 0.540 0.811
17.788 -411.590 -85.982 -0.225 0.001 0.543 0.809
17.713 -411.564 -86.014 -0.226 0.001 0.545 0.808
17.642 -411.540 -86.043 -0.226 0.001 0.547 0.806
17.536 -411.505 -86.086 -0.228 0.001 0.550 0.804
17.463 -411.481 -86.117 -0.228 0.001 0.552 0.802
17.367 -411.450 -86.156 -0.229 0.001 0.554 0.800
17.298 -411.429 -86.185 -0.230 0.001 0.557 0.798
17.187 -411.395 -86.230 -0.231 0.001 0.561 0.795
17.075 -411.362 -86.276 -0.233 0.001 0.563 0.793
16.972 -411.333 -86.319 -0.234 0.001 0.565 0.791
16.890 -411.310 -86.353 -0.235 0.001 0.568 0.789
16.791 -411.284 -86.393 -0.236 0.001 0.571 0.786
16.712 -411.263 -86.426 -0.237 0.001 0.574 0.784
16.581 -411.231 -86.480 -0.239 0.001 0.577 0.781
16.497 -411.211 -86.514 -0.240 0.001 0.580 0.779
16.384 -411.185 -86.561 -0.242 0.001 0.583 0.776
16.291 -411.165 -86.599 -0.242 0.001 0.586 0.773
16.223 -411.150 -86.628 -0.243 0.001 0.587 0.772
16.113 -411.127 -86.673 -0.245 0.001 0.591 0.769
16.017 -411.109 -86.712 -0.246 0.001 0.593 0.767
15.909 -411.088 -86.757 -0.247 0.001 0.596 0.764
15.744 -411.060 -86.825 -0.249 0.001 0.601 0.759
15.620 -411.040 -86.876 -0.250 0.001 0.605 0.756
15.514 -411.024 -86.920 -0.252 0.001 0.608 0.753
15.395 -411.007 -86.969 -0.253 0.001 0.611 0.750
15.302 -410.995 -87.008 -0.255 0.000 0.614 0.747
15.230 -410.986 -87.037 -0.256 0.000 0.616 0.745
15.107 -410.973 -87.088 -0.257 0.001 0.620 0.741
14.986 -410.960 -87.138 -0.258 0.001 0.623 0.738
14.868 -410.949 -87.187 -0.259 0.001 0.626 0.735
14.778 -410.942 -87.224 -0.261 0.000 0.628 0.733
14.709 -410.936 -87.253 -0.262 0.000 0.630 0.731
14.601 -410.929 -87.297 -0.263 0.000 0.633 0.728
14.505 -410.923 -87.337 -0.264 0.000 0.635 0.726
14.410 -410.918 -87.377 -0.265 0.000 0.638 0.723
14.301 -410.913 -87.423 -0.267 0.000 0.641 0.720
14.176 -410.909 -87.474 -0.268 0.000 0.644 0.717
14.112 -410.907 -87.501 -0.268 0.000 0.646 0.715
14.004 -410.905 -87.546 -0.270 0.000 0.649 0.712
13.917 -410.904 -87.582 -0.270 0.000 0.651 0.710
13.803 -410.903 -87.629 -0.271 0.001 0.654 0.706
13.716 -410.904 -87.665 -0.272 0.000 0.656 0.704
13.643 -410.904 -87.696 -0.273 0.000 0.658 0.702
13.535 -410.907 -87.740 -0.274 0.000 0.660 0.700
13.422 -410.910 -87.787 -0.275 0.000 0.662 0.697
13.309 -410.913 -87.834 -0.276 0.000 0.664 0.695
13.206 -410.918 -87.877 -0.277 0.000 0.666 0.693
13.096 -410.923 -87.922 -0.277 0.000 0.668 0.691
12.996 -410.928 -87.964 -0.277 0.001 0.669 0.689
12.894 -410.934 -88.006 -0.278 0.001 0.671 0.687
12.823 -410.938 -88.035 -0.278 0.001 0.672 0.686
12.717 -410.945 -88.079 -0.279 0.001 0.674 0.684
12.627 -410.951 -88.116 -0.279 0.002 0.675 0.683
12.551 -410.957 -88.147 -0.279 0.002 0.676 0.682
12.456 -410.964 -88.186 -0.279 0.002 0.677 0.681
12.348 -410.973 -88.230 -0.279 0.003 0.679 0.679
12.248 -410.982 -88.271 -0.280 0.002 0.680 0.677
12.180 -410.988 -88.298 -0.280 0.003 0.681 0.676
12.062 -410.999 -88.346 -0.281 0.003 0.683 0.674
11.984 -411.007 -88.378 -0.282 0.003 0.685 0.672
11.893 -411.016 -88.415 -0.282 0.003 0.686 0.671
11.771 -411.030 -88.464 -0.282 0.003 0.687 0.669
11.650 -411.044 -88.513 -0.282 0.004 0.689 0.668
11.570 -411.053 -88.546 -0.283 0.003 0.690 0.666
11.407 -411.074 -88.611 -0.284 0.004 0.692 0.663
