26.386 -423.566 -82.407 -0.027 0.000 0.053 0.998
26.375 -423.465 -82.413 -0.028 0.000 0.057 0.998
26.362 -423.355 -82.419 -0.030 0.000 0.060 0.998
26.351 -423.262 -82.425 -0.032 0.000 0.063 0.997
26.337 -423.160 -82.431 -0.033 0.000 0.067 0.997
26.328 -423.096 -82.436 -0.034 0.000 0.069 0.997
26.318 -423.026 -82.441 -0.035 0.000 0.072 0.997
26.307 -422.946 -82.446 -0.036 0.000 0.074 0.997
26.286 -422.812 -82.456 -0.038 0.000 0.078 0.996
26.271 -422.719 -82.464 -0.039 0.000 0.081 0.996
26.248 -422.586 -82.474 -0.040 0.000 0.086 0.995
26.227 -422.466 -82.484 -0.042 0.000 0.090 0.995
26.202 -422.333 -82.496 -0.044 0.000 0.095 0.995
26.176 -422.201 -82.508 -0.046 0.000 0.099 0.994
26.152 -422.084 -82.519 -0.048 0.000 0.102 0.994
26.129 -421.976 -82.530 -0.050 0.000 0.106 0.993
26.104 -421.864 -82.541 -0.051 0.000 0.110 0.993
26.079 -421.756 -82.553 -0.052 0.000 0.113 0.992
26.051 -421.636 -82.566 -0.054 0.000 0.118 0.992
26.009 -421.465 -82.585 -0.057 0.000 0.123 0.991
25.984 -421.367 -82.597 -0.059 0.000 0.126 0.990
25.948 -421.233 -82.613 -0.060 0.000 0.130 0.990
25.930 -421.164 -82.622 -0.061 0.000 0.132 0.989
25.894 -421.035 -82.638 -0.062 0.000 0.136 0.989
25.867 -420.942 -82.650 -0.063 0.000 0.139 0.988
25.845 -420.865 -82.660 -0.064 0.000 0.141 0.988
25.822 -420.787 -82.671 -0.064 0.001 0.144 0.988
25.786 -420.669 -82.687 -0.065 0.001 0.147 0.987
25.768 -420.611 -82.695 -0.066 0.001 0.149 0.987
25.730 -420.488 -82.712 -0.067 0.001 0.153 0.986
25.684 -420.347 -82.731 -0.068 0.001 0.156 0.985
25.656 -420.262 -82.743 -0.068 0.001 0.159 0.985
25.632 -420.190 -82.754 -0.069 0.001 0.161 0.985
25.603 -420.103 -82.766 -0.070 0.001 0.163 0.984
25.576 -420.025 -82.778 -0.071 0.001 0.165 0.984
25.536 -419.912 -82.795 -0.071 0.001 0.169 0.983
25.502 -419.817 -82.809 -0.072 0.001 0.172 0.982
25.469 -419.727 -82.823 -0.073 0.001 0.175 0.982
25.433 -419.630 -82.838 -0.075 0.001 0.178 0.981
25.394 -419.529 -82.854 -0.076 0.001 0.181 0.981
25.358 -419.436 -82.869 -0.077 0.001 0.182 0.980
25.317 -419.330 -82.887 -0.078 0.001 0.185 0.980
25.276 -419.227 -82.904 -0.079 0.001 0.187 0.979
25.237 -419.131 -82.920 -0.080 0.001 0.190 0.979
25.207 -419.056 -82.933 -0.081 0.001 0.192 0.978
25.169 -418.965 -82.949 -0.082 0.001 0.195 0.977
25.122 -418.855 -82.968 -0.083 0.001 0.198 0.977
25.072 -418.739 -82.989 -0.084 0.001 0.202 0.976
25.014 -418.608 -83.013 -0.085 0.001 0.206 0.975
24.960 -418.487 -83.035 -0.086 0.002 0.209 0.974
24.903 -418.363 -83.059 -0.088 0.001 0.212 0.973
24.863 -418.277 -83.075 -0.089 0.001 0.215 0.973
24.826 -418.198 -83.091 -0.091 0.001 0.218 0.972
24.788 -418.118 -83.106 -0.092 0.001 0.220 0.971
24.746 -418.032 -83.124 -0.092 0.001 0.223 0.970
24.709 -417.957 -83.139 -0.094 0.001 0.226 0.970
24.645 -417.831 -83.165 -0.096 0.001 0.230 0.968
24.590 -417.724 -83.188 -0.098 0.001 0.235 0.967
24.545 -417.639 -83.207 -0.100 0.001 0.238 0.966
24.504 -417.562 -83.224 -0.101 0.001 0.240 0.965
24.447 -417.456 -83.248 -0.102 0.001 0.245 0.964
24.396 -417.364 -83.269 -0.104 0.001 0.248 0.963
24.371 -417.321 -83.279 -0.104 0.001 0.250 0.963
24.314 -417.219 -83.303 -0.107 0.001 0.254 0.961
24.283 -417.167 -83.316 -0.107 0.001 0.256 0.961
24.224 -417.066 -83.341 -0.109 0.001 0.260 0.960
24.169 -416.973 -83.364 -0.110 0.001 0.263 0.958
24.124 -416.900 -83.382 -0.111 0.001 0.266 0.958
24.078 -416.825 -83.401 -0.112 0.001 0.268 0.957
24.025 -416.740 -83.424 -0.114 0.001 0.272 0.956
23.971 -416.654 -83.446 -0.115 0.001 0.275 0.954
23.911 -416.562 -83.471 -0.116 0.001 0.279 0.953
23.862 -416.488 -83.491 -0.117 0.002 0.282 0.952
23.824 -416.430 -83.507 -0.118 0.001 0.284 0.951
23.769 -416.349 -83.530 -0.120 0.001 0.287 0.950
23.707 -416.258 -83.556 -0.122 0.001 0.291 0.949
23.645 -416.169 -83.581 -0.124 0.001 0.295 0.947
23.580 -416.077 -83.609 -0.125 0.001 0.299 0.946
23.525 -416.002 -83.631 -0.127 0.001 0.302 0.945
23.468 -415.924 -83.655 -0.128 0.001 0.305 0.944
23.413 -415.850 -83.679 -0.129 0.001 0.309 0.942
23.332 -415.743 -83.712 -0.131 0.001 0.314 0.940
23.246 -415.632 -83.748 -0.133 0.001 0.319 0.938
23.194 -415.567 -83.769 -0.134 0.001 0.322 0.937
23.119 -415.473 -83.800 -0.136 0.001 0.326 0.935
23.024 -415.358 -83.840 -0.139 0.001 0.332 0.933
22.946 -415.266 -83.873 -0.141 0.001 0.336 0.931
22.895 -415.207 -83.894 -0.141 0.001 0.339 0.930
22.839 -415.142 -83.917 -0.143 0.001 0.342 0.929
22.767 -415.061 -83.947 -0.144 0.001 0.346 0.927
22.699 -414.987 -83.975 -0.146 0.001 0.350 0.925
22.628 -414.908 -84.005 -0.147 0.001 0.354 0.924
22.548 -414.823 -84.038 -0.150 0.001 0.358 0.922
22.466 -414.736 -84.073 -0.153 0.001 0.362 0.920
22.385 -414.654 -84.106 -0.155 0.000 0.366 0.918
22.345 -414.614 -84.123 -0.156 0.000 0.368 0.917
22.248 -414.517 -84.164 -0.158 0.001 0.374 0.914
22.183 -414.453 -84.192 -0.159 0.001 0.377 0.913
22.083 -414.357 -84.234 -0.161 0.001 0.382 0.910
22.021 -414.299 -84.260 -0.162 0.001 0.385 0.909
21.948 -414.232 -84.291 -0.163 0.001 0.389 0.907
21.870 -414.162 -84.323 -0.165 0.001 0.392 0.905
21.797 -414.096 -84.354 -0.167 0.001 0.395 0.903
21.699 -414.012 -84.395 -0.168 0.001 0.400 0.901
21.625 -413.948 -84.426 -0.169 0.001 0.404 0.899
21.523 -413.862 -84.469 -0.171 0.001 0.408 0.897
21.439 -413.793 -84.503 -0.172 0.002 0.412 0.895
21.344 -413.717 -84.543 -0.173 0.001 0.416 0.893
21.265 -413.654 -84.576 -0.175 0.001 0.420 0.891
21.127 -413.548 -84.633 -0.177 0.002 0.426 0.887
21.027 -413.473 -84.674 -0.179 0.002 0.430 0.885
20.951 -413.417 -84.706 -0.181 0.001 0.434 0.883
20.882 -413.367 -84.735 -0.182 0.001 0.436 0.881
20.811 -413.316 -84.764 -0.184 0.001 0.439 0.879
20.723 -413.255 -84.801 -0.186 0.001 0.443 0.877
20.591 -413.165 -84.856 -0.188 0.001 0.449 0.874
20.534 -413.127 -84.880 -0.189 0.001 0.451 0.872
20.485 -413.094 -84.901 -0.190 0.001 0.453 0.871
20.418 -413.051 -84.928 -0.192 0.001 0.456 0.869
20.339 -413.001 -84.962 -0.193 0.001 0.459 0.867
20.287 -412.968 -84.984 -0.194 0.000 0.461 0.866
20.198 -412.913 -85.021 -0.196 0.000 0.465 0.863
20.112 -412.861 -85.057 -0.198 0.000 0.468 0.861
20.007 -412.799 -85.102 -0.199 0.000 0.472 0.859
19.950 -412.766 -85.126 -0.200 0.000 0.475 0.857
19.897 -412.736 -85.148 -0.201 0.000 0.477 0.856
19.819 -412.692 -85.181 -0.202 0.000 0.480 0.854
19.725 -412.640 -85.220 -0.204 0.000 0.484 0.851
19.623 -412.585 -85.263 -0.205 0.000 0.487 0.849
19.539 -412.541 -85.298 -0.207 0.000 0.491 0.846
19.459 -412.500 -85.332 -0.209 0.000 0.494 0.844
19.331 -412.435 -85.387 -0.211 0.000 0.498 0.841
19.260 -412.400 -85.417 -0.212 0.000 0.501 0.839
19.174 -412.359 -85.453 -0.213 0.000 0.504 0.837
19.069 -412.310 -85.497 -0.214 0.000 0.507 0.835
18.979 -412.269 -85.535 -0.216 0.000 0.510 0.833
18.883 -412.225 -85.576 -0.218 0.000 0.513 0.830
18.822 -412.198 -85.602 -0.218 0.000 0.515 0.829
18.732 -412.160 -85.640 -0.220 0.000 0.518 0.827
18.667 -412.132 -85.668 -0.221 -0.001 0.520 0.825
18.588 -412.099 -85.702 -0.222 -0.001 0.523 0.823
18.521 -412.072 -85.730 -0.223 -0.001 0.524 0.822
18.462 -412.047 -85.755 -0.223 0.000 0.526 0.821
18.397 -412.022 -85.783 -0.224 0.000 0.528 0.820
18.282 -411.977 -85.832 -0.225 -0.001 0.530 0.818
18.192 -411.942 -85.870 -0.226 -0.001 0.531 0.816
18.091 -411.904 -85.913 -0.226 0.000 0.534 0.815
17.980 -411.862 -85.960 -0.227 0.000 0.537 0.812
17.888 -411.829 -85.999 -0.228 0.000 0.540 0.810
17.823 -411.806 -86.027 -0.229 0.000 0.541 0.809
17.760 -411.783 -86.053 -0.229 0.000 0.543 0.808
17.665 -411.751 -86.093 -0.230 0.000 0.544 0.807
17.548 -411.711 -86.143 -0.231 0.000 0.548 0.804
17.459 -411.682 -86.180 -0.233 0.000 0.551 0.802
17.408 -411.666 -86.202 -0.234 0.000 0.552 0.800
17.324 -411.639 -86.238 -0.234 0.001 0.554 0.799
17.185 -411.597 -86.296 -0.235 0.000 0.558 0.796
17.091 -411.570 -86.335 -0.236 0.001 0.561 0.793
17.006 -411.545 -86.371 -0.237 0.001 0.564 0.791
16.903 -411.517 -86.414 -0.238 0.001 0.567 0.788
16.808 -411.492 -86.454 -0.240 0.001 0.570 0.786
16.714 -411.467 -86.494 -0.241 0.001 0.573 0.783
16.627 -411.446 -86.530 -0.242 0.001 0.576 0.781
16.539 -411.424 -86.567 -0.242 0.002 0.578 0.779
16.393 -411.390 -86.628 -0.244 0.001 0.582 0.776
16.288 -411.367 -86.672 -0.246 0.001 0.585 0.773
16.193 -411.347 -86.711 -0.247 0.001 0.588 0.770
16.123 -411.332 -86.741 -0.248 0.001 0.590 0.769
15.981 -411.305 -86.800 -0.249 0.001 0.593 0.766
15.877 -411.285 -86.844 -0.251 0.001 0.596 0.763
15.789 -411.270 -86.881 -0.252 0.001 0.599 0.760
15.713 -411.257 -86.913 -0.252 0.001 0.601 0.759
15.637 -411.245 -86.944 -0.253 0.002 0.603 0.756
15.540 -411.230 -86.984 -0.254 0.002 0.606 0.754
15.417 -411.213 -87.036 -0.255 0.002 0.609 0.751
15.354 -411.204 -87.062 -0.256 0.002 0.611 0.749
15.283 -411.195 -87.092 -0.257 0.002 0.613 0.747
15.184 -411.183 -87.133 -0.258 0.002 0.616 0.744
15.110 -411.174 -87.163 -0.259 0.001 0.618 0.742
15.019 -411.164 -87.202 -0.259 0.002 0.621 0.740
14.925 -411.155 -87.240 -0.260 0.002 0.624 0.737
14.816 -411.145 -87.286 -0.262 0.002 0.626 0.734
14.709 -411.137 -87.330 -0.263 0.003 0.629 0.731
14.583 -411.128 -87.382 -0.264 0.003 0.633 0.728
14.490 -411.123 -87.420 -0.265 0.003 0.636 0.725
14.400 -411.118 -87.457 -0.266 0.003 0.638 0.723
14.320 -411.115 -87.490 -0.266 0.003 0.640 0.720
14.250 -411.112 -87.519 -0.267 0.004 0.642 0.718
14.177 -411.110 -87.549 -0.268 0.003 0.644 0.716
14.105 -411.108 -87.578 -0.269 0.003 0.646 0.715
13.965 -411.105 -87.636 -0.269 0.004 0.649 0.711
13.878 -411.105 -87.671 -0.270 0.004 0.651 0.709
13.746 -411.104 -87.725 -0.272 0.003 0.654 0.706
13.693 -411.104 -87.747 -0.272 0.004 0.655 0.705
13.609 -411.105 -87.782 -0.273 0.003 0.657 0.703
13.549 -411.106 -87.806 -0.273 0.004 0.658 0.702
13.419 -411.109 -87.859 -0.274 0.004 0.660 0.699
13.329 -411.111 -87.896 -0.274 0.004 0.662 0.698
13.217 -411.114 -87.942 -0.274 0.005 0.664 0.696
13.134 -411.118 -87.975 -0.275 0.005 0.665 0.695
13.052 -411.121 -88.008 -0.275 0.005 0.666 0.694
12.990 -411.123 -88.034 -0.275 0.005 0.667 0.693
12.884 -411.128 -88.076 -0.275 0.006 0.669 0.691
12.811 -411.132 -88.106 -0.276 0.006 0.670 0.689
12.699 -411.138 -88.151 -0.276 0.006 0.672 0.687
12.580 -411.146 -88.198 -0.276 0.007 0.674 0.686
12.493 -411.152 -88.233 -0.277 0.007 0.675 0.684
12.330 -411.164 -88.298 -0.278 0.006 0.677 0.681
12.239 -411.171 -88.335 -0.279 0.006 0.679 0.679
12.140 -411.179 -88.374 -0.279 0.006 0.680 0.677
12.036 -411.188 -88.415 -0.280 0.006 0.682 0.676
11.926 -411.199 -88.459 -0.281 0.006 0.683 0.674
11.824 -411.210 -88.500 -0.281 0.007 0.684 0.673
11.768 -411.215 -88.522 -0.281 0.007 0.685 0.672
11.676 -411.225 -88.559 -0.281 0.007 0.686 0.671
11.563 -411.238 -88.604 -0.281 0.008 0.688 0.669
11.495 -411.245 -88.630 -0.281 0.008 0.689 0.668
