26.389 -423.594 -82.405 -0.026 0.000 0.052 0.998
26.382 -423.523 -82.409 -0.027 0.000 0.054 0.998
26.371 -423.424 -82.415 -0.029 0.000 0.057 0.998
26.360 -423.334 -82.420 -0.030 0.000 0.061 0.998
26.347 -423.229 -82.426 -0.031 0.000 0.065 0.997
26.328 -423.092 -82.435 -0.033 0.000 0.070 0.997
26.313 -422.985 -82.442 -0.035 0.000 0.073 0.997
26.299 -422.895 -82.449 -0.036 0.000 0.076 0.996
26.283 -422.794 -82.456 -0.037 0.000 0.079 0.996
26.265 -422.687 -82.465 -0.039 0.000 0.083 0.996
26.248 -422.583 -82.473 -0.040 0.000 0.086 0.995
26.233 -422.502 -82.480 -0.041 0.000 0.089 0.995
26.211 -422.383 -82.490 -0.042 0.000 0.093 0.995
26.189 -422.266 -82.500 -0.044 0.000 0.096 0.994
26.163 -422.137 -82.512 -0.045 0.000 0.100 0.994
26.138 -422.018 -82.523 -0.047 0.000 0.104 0.994
26.115 -421.909 -82.533 -0.048 0.000 0.107 0.993
26.091 -421.803 -82.544 -0.049 0.000 0.110 0.993
26.066 -421.692 -82.555 -0.050 0.000 0.113 0.992
26.044 -421.598 -82.565 -0.051 0.000 0.117 0.992
26.013 -421.474 -82.578 -0.052 0.001 0.121 0.991
25.975 -421.325 -82.594 -0.055 0.000 0.126 0.991
25.944 -421.208 -82.608 -0.056 0.000 0.130 0.990
25.896 -421.032 -82.629 -0.059 0.000 0.136 0.989
25.881 -420.978 -82.635 -0.060 0.000 0.137 0.989
25.849 -420.868 -82.649 -0.061 0.000 0.140 0.988
25.822 -420.776 -82.661 -0.062 0.000 0.144 0.988
25.802 -420.709 -82.670 -0.063 0.001 0.146 0.987
25.762 -420.579 -82.687 -0.065 0.001 0.150 0.987
25.740 -420.510 -82.696 -0.066 0.000 0.152 0.986
25.706 -420.402 -82.711 -0.066 0.001 0.155 0.986
25.677 -420.315 -82.723 -0.067 0.001 0.157 0.985
25.652 -420.239 -82.734 -0.067 0.001 0.160 0.985
25.621 -420.146 -82.747 -0.067 0.001 0.161 0.985
25.602 -420.090 -82.755 -0.068 0.001 0.163 0.984
25.561 -419.974 -82.772 -0.069 0.001 0.166 0.984
25.514 -419.841 -82.791 -0.070 0.001 0.171 0.983
25.491 -419.776 -82.800 -0.071 0.001 0.173 0.982
25.452 -419.673 -82.816 -0.071 0.001 0.176 0.982
25.411 -419.561 -82.833 -0.073 0.001 0.179 0.981
25.379 -419.479 -82.846 -0.073 0.001 0.182 0.981
25.343 -419.387 -82.860 -0.074 0.001 0.185 0.980
25.316 -419.319 -82.871 -0.075 0.001 0.187 0.980
25.288 -419.247 -82.882 -0.075 0.002 0.189 0.979
25.238 -419.125 -82.902 -0.077 0.001 0.192 0.978
25.203 -419.042 -82.916 -0.078 0.001 0.194 0.978
25.177 -418.980 -82.926 -0.078 0.001 0.196 0.978
25.140 -418.892 -82.940 -0.078 0.002 0.197 0.977
25.095 -418.786 -82.958 -0.079 0.002 0.200 0.977
25.065 -418.716 -82.970 -0.079 0.002 0.203 0.976
25.034 -418.647 -82.982 -0.079 0.002 0.204 0.976
24.988 -418.544 -83.000 -0.081 0.002 0.207 0.975
24.934 -418.424 -83.021 -0.082 0.002 0.212 0.974
24.893 -418.336 -83.036 -0.084 0.002 0.214 0.973
24.854 -418.253 -83.052 -0.085 0.002 0.217 0.973
24.817 -418.174 -83.066 -0.086 0.002 0.219 0.972
24.751 -418.039 -83.092 -0.088 0.002 0.224 0.971
24.704 -417.944 -83.110 -0.090 0.002 0.228 0.970
24.662 -417.861 -83.127 -0.091 0.002 0.231 0.969
24.625 -417.789 -83.141 -0.092 0.002 0.234 0.968
24.578 -417.700 -83.159 -0.093 0.002 0.236 0.967
24.533 -417.615 -83.177 -0.095 0.002 0.240 0.966
24.485 -417.526 -83.196 -0.096 0.001 0.243 0.965
24.435 -417.435 -83.216 -0.098 0.001 0.247 0.964
24.392 -417.356 -83.233 -0.098 0.002 0.249 0.963
24.335 -417.256 -83.255 -0.100 0.001 0.253 0.962
24.283 -417.166 -83.276 -0.102 0.001 0.256 0.961
24.231 -417.077 -83.297 -0.104 0.001 0.260 0.960
24.140 -416.926 -83.333 -0.106 0.001 0.266 0.958
24.088 -416.841 -83.353 -0.108 0.001 0.269 0.957
24.049 -416.779 -83.369 -0.109 0.001 0.272 0.956
23.987 -416.682 -83.394 -0.111 0.001 0.275 0.955
23.944 -416.615 -83.411 -0.111 0.001 0.278 0.954
23.880 -416.517 -83.437 -0.113 0.001 0.282 0.953
23.845 -416.462 -83.451 -0.113 0.001 0.283 0.952
23.784 -416.371 -83.475 -0.115 0.001 0.287 0.951
23.732 -416.295 -83.496 -0.116 0.001 0.290 0.950
23.662 -416.194 -83.524 -0.118 0.001 0.294 0.948
23.620 -416.135 -83.541 -0.119 0.001 0.297 0.947
23.559 -416.049 -83.565 -0.121 0.001 0.301 0.946
23.503 -415.973 -83.587 -0.123 0.001 0.304 0.945
23.446 -415.896 -83.610 -0.124 0.001 0.308 0.943
23.369 -415.793 -83.641 -0.126 0.001 0.312 0.942
23.306 -415.711 -83.667 -0.127 0.001 0.316 0.940
23.245 -415.633 -83.691 -0.129 0.001 0.320 0.939
23.189 -415.563 -83.714 -0.131 0.001 0.323 0.937
23.140 -415.502 -83.733 -0.132 0.001 0.326 0.936
23.070 -415.417 -83.762 -0.133 0.001 0.330 0.935
22.999 -415.331 -83.791 -0.136 0.001 0.334 0.933
22.971 -415.298 -83.802 -0.137 0.000 0.336 0.932
22.895 -415.209 -83.833 -0.138 0.001 0.340 0.930
22.826 -415.130 -83.861 -0.140 0.001 0.344 0.929
22.759 -415.055 -83.888 -0.142 0.000 0.347 0.927
22.721 -415.012 -83.904 -0.143 0.000 0.349 0.926
22.622 -414.904 -83.944 -0.146 0.000 0.355 0.924
22.553 -414.830 -83.973 -0.147 0.000 0.358 0.922
22.483 -414.757 -84.001 -0.149 0.000 0.362 0.920
22.426 -414.698 -84.025 -0.150 0.000 0.365 0.919
22.337 -414.607 -84.061 -0.151 0.000 0.369 0.917
22.273 -414.544 -84.087 -0.153 0.000 0.372 0.915
22.223 -414.494 -84.108 -0.154 0.000 0.375 0.914
22.156 -414.429 -84.136 -0.156 0.000 0.378 0.912
22.092 -414.368 -84.162 -0.158 0.000 0.381 0.911
22.006 -414.287 -84.198 -0.160 -0.001 0.386 0.909
21.947 -414.232 -84.222 -0.161 0.000 0.388 0.907
21.863 -414.156 -84.257 -0.162 0.000 0.393 0.905
21.767 -414.071 -84.297 -0.164 0.000 0.398 0.903
21.678 -413.993 -84.334 -0.167 -0.001 0.402 0.901
21.613 -413.938 -84.361 -0.168 -0.001 0.404 0.899
21.552 -413.887 -84.386 -0.170 -0.001 0.407 0.897
21.477 -413.825 -84.418 -0.171 -0.001 0.411 0.895
21.430 -413.786 -84.437 -0.172 -0.001 0.413 0.894
21.332 -413.708 -84.478 -0.174 -0.001 0.418 0.892
21.238 -413.634 -84.517 -0.176 -0.001 0.422 0.890
21.163 -413.576 -84.549 -0.177 -0.001 0.425 0.888
21.073 -413.509 -84.586 -0.179 -0.001 0.429 0.885
20.997 -413.452 -84.618 -0.180 -0.001 0.433 0.883
20.909 -413.389 -84.655 -0.182 -0.001 0.437 0.881
20.785 -413.301 -84.707 -0.184 -0.001 0.442 0.878
20.712 -413.251 -84.737 -0.185 -0.001 0.445 0.876
20.581 -413.162 -84.792 -0.188 -0.001 0.451 0.873
20.498 -413.108 -84.826 -0.188 -0.001 0.454 0.871
20.410 -413.050 -84.863 -0.189 0.000 0.458 0.869
20.320 -412.994 -84.900 -0.191 0.000 0.462 0.866
20.243 -412.946 -84.932 -0.193 0.000 0.465 0.864
20.158 -412.894 -84.967 -0.193 0.000 0.468 0.862
20.074 -412.844 -85.002 -0.195 0.000 0.471 0.860
19.993 -412.797 -85.035 -0.197 -0.001 0.474 0.858
19.906 -412.746 -85.072 -0.198 0.000 0.478 0.856
19.814 -412.695 -85.110 -0.200 -0.001 0.480 0.854
19.724 -412.645 -85.148 -0.202 -0.001 0.484 0.852
19.626 -412.592 -85.188 -0.203 -0.001 0.488 0.849
19.563 -412.559 -85.215 -0.204 -0.001 0.490 0.847
19.479 -412.515 -85.250 -0.205 -0.001 0.494 0.845
19.405 -412.478 -85.281 -0.206 -0.001 0.496 0.843
19.321 -412.436 -85.316 -0.207 -0.001 0.499 0.841
19.260 -412.406 -85.341 -0.208 -0.001 0.501 0.840
19.207 -412.380 -85.363 -0.209 -0.001 0.503 0.838
19.105 -412.331 -85.406 -0.210 0.000 0.507 0.836
19.021 -412.292 -85.440 -0.211 0.000 0.509 0.834
18.930 -412.251 -85.478 -0.213 -0.001 0.512 0.832
18.837 -412.209 -85.517 -0.214 -0.001 0.515 0.830
18.747 -412.170 -85.555 -0.216 -0.001 0.518 0.828
18.656 -412.132 -85.592 -0.217 -0.001 0.521 0.825
18.521 -412.076 -85.649 -0.219 -0.001 0.526 0.822
18.477 -412.058 -85.667 -0.219 -0.001 0.528 0.821
18.416 -412.034 -85.693 -0.220 -0.001 0.529 0.819
18.339 -412.004 -85.724 -0.221 -0.001 0.531 0.818
18.254 -411.971 -85.760 -0.221 -0.001 0.532 0.817
18.175 -411.941 -85.793 -0.222 -0.001 0.534 0.816
18.095 -411.910 -85.826 -0.223 -0.001 0.535 0.815
18.006 -411.877 -85.864 -0.224 -0.001 0.537 0.813
17.900 -411.839 -85.908 -0.225 -0.001 0.539 0.811
17.813 -411.807 -85.944 -0.225 -0.001 0.542 0.810
17.744 -411.783 -85.973 -0.225 -0.001 0.543 0.809
17.645 -411.748 -86.014 -0.226 -0.001 0.545 0.808
17.590 -411.729 -86.037 -0.226 -0.001 0.546 0.807
17.529 -411.709 -86.062 -0.227 -0.001 0.547 0.805
17.435 -411.677 -86.101 -0.229 -0.001 0.550 0.803
17.382 -411.660 -86.124 -0.229 -0.001 0.552 0.802
17.294 -411.632 -86.160 -0.231 -0.001 0.555 0.799
17.193 -411.602 -86.202 -0.232 -0.001 0.558 0.796
17.126 -411.582 -86.230 -0.233 -0.001 0.561 0.795
17.007 -411.547 -86.280 -0.235 -0.001 0.564 0.791
16.956 -411.533 -86.302 -0.235 -0.001 0.566 0.790
16.852 -411.504 -86.345 -0.237 -0.001 0.569 0.787
16.799 -411.490 -86.367 -0.237 -0.001 0.571 0.786
16.740 -411.475 -86.392 -0.238 -0.001 0.573 0.784
16.664 -411.456 -86.423 -0.239 -0.001 0.575 0.782
16.587 -411.437 -86.456 -0.240 -0.001 0.577 0.781
16.508 -411.418 -86.488 -0.241 -0.001 0.580 0.779
16.415 -411.396 -86.527 -0.242 -0.001 0.582 0.776
16.297 -411.370 -86.576 -0.244 -0.001 0.586 0.773
16.195 -411.349 -86.619 -0.245 -0.001 0.588 0.771
16.133 -411.336 -86.645 -0.246 -0.001 0.590 0.769
16.002 -411.310 -86.700 -0.247 -0.001 0.594 0.766
15.922 -411.295 -86.733 -0.248 -0.001 0.596 0.764
15.815 -411.276 -86.778 -0.249 0.000 0.599 0.761
15.755 -411.266 -86.803 -0.249 0.000 0.601 0.759
15.696 -411.256 -86.827 -0.250 -0.001 0.602 0.758
15.617 -411.244 -86.860 -0.252 -0.001 0.605 0.756
15.531 -411.231 -86.896 -0.253 -0.001 0.607 0.753
15.474 -411.222 -86.920 -0.253 -0.001 0.608 0.752
15.406 -411.213 -86.948 -0.254 -0.001 0.610 0.750
15.348 -411.205 -86.973 -0.255 -0.001 0.612 0.748
15.243 -411.192 -87.017 -0.257 -0.002 0.615 0.746
15.107 -411.176 -87.074 -0.259 -0.002 0.619 0.742
15.021 -411.167 -87.110 -0.259 -0.001 0.621 0.740
14.919 -411.157 -87.153 -0.261 -0.002 0.624 0.737
14.808 -411.147 -87.199 -0.263 -0.002 0.627 0.733
14.712 -411.140 -87.240 -0.264 -0.002 0.630 0.730
14.629 -411.134 -87.275 -0.265 -0.002 0.632 0.728
14.551 -411.129 -87.308 -0.266 -0.002 0.635 0.726
14.426 -411.123 -87.361 -0.267 -0.002 0.637 0.723
14.311 -411.118 -87.410 -0.268 -0.002 0.641 0.719
14.182 -411.113 -87.464 -0.270 -0.002 0.644 0.716
14.106 -411.112 -87.496 -0.270 -0.002 0.646 0.714
14.019 -411.110 -87.533 -0.272 -0.002 0.648 0.711
13.929 -411.109 -87.571 -0.273 -0.002 0.651 0.709
13.866 -411.109 -87.598 -0.273 -0.002 0.652 0.707
13.765 -411.110 -87.640 -0.275 -0.003 0.655 0.704
13.676 -411.111 -87.678 -0.275 -0.003 0.656 0.702
13.571 -411.113 -87.722 -0.276 -0.003 0.659 0.700
13.491 -411.115 -87.757 -0.277 -0.002 0.660 0.698
13.365 -411.118 -87.810 -0.278 -0.003 0.662 0.697
13.302 -411.121 -87.837 -0.278 -0.003 0.663 0.695
13.199 -411.125 -87.880 -0.279 -0.003 0.664 0.694
13.106 -411.128 -87.920 -0.279 -0.003 0.665 0.693
13.021 -411.132 -87.956 -0.280 -0.003 0.666 0.691
12.917 -411.138 -88.000 -0.281 -0.003 0.668 0.689
12.865 -411.141 -88.022 -0.281 -0.003 0.669 0.688
12.766 -411.147 -88.065 -0.282 -0.003 0.671 0.686
12.673 -411.153 -88.104 -0.282 -0.003 0.672 0.685
12.585 -411.159 -88.141 -0.283 -0.003 0.673 0.683
12.464 -411.168 -88.192 -0.283 -0.002 0.676 0.681
12.357 -411.177 -88.238 -0.284 -0.003 0.677 0.679
12.232 -411.188 -88.290 -0.285 -0.002 0.679 0.676
12.156 -411.195 -88.323 -0.285 -0.002 0.680 0.676
12.057 -411.205 -88.364 -0.285 -0.002 0.681 0.674
11.967 -411.214 -88.403 -0.286 -0.002 0.682 0.673
11.852 -411.226 -88.451 -0.286 -0.002 0.684 0.671
11.755 -411.237 -88.492 -0.286 -0.001 0.685 0.670
11.695 -411.244 -88.517 -0.287 -0.001 0.686 0.669
11.594 -411.256 -88.560 -0.287 -0.001 0.687 0.667
