21.500 -475.892 -70.112 -0.001 0.000 0.003 1.000
21.499 -475.788 -70.112 -0.002 0.000 0.006 1.000
21.497 -475.693 -70.113 -0.004 0.000 0.009 1.000
21.495 -475.593 -70.113 -0.005 0.000 0.013 1.000
21.492 -475.509 -70.114 -0.006 0.000 0.016 1.000
21.489 -475.395 -70.116 -0.008 0.000 0.019 1.000
21.485 -475.311 -70.117 -0.009 0.000 0.022 1.000
21.482 -475.234 -70.119 -0.010 0.000 0.024 1.000
21.477 -475.146 -70.121 -0.011 0.000 0.027 1.000
21.471 -475.036 -70.123 -0.013 0.000 0.031 0.999
21.462 -474.906 -70.127 -0.015 0.000 0.035 0.999
21.455 -474.806 -70.130 -0.016 0.000 0.037 0.999
21.449 -474.737 -70.133 -0.017 0.000 0.040 0.999
21.440 -474.623 -70.137 -0.020 0.000 0.044 0.999
21.429 -474.504 -70.142 -0.021 0.000 0.048 0.999
21.418 -474.398 -70.146 -0.022 0.000 0.052 0.998
21.407 -474.297 -70.151 -0.024 0.000 0.055 0.998
21.395 -474.193 -70.156 -0.025 0.000 0.059 0.998
21.388 -474.135 -70.159 -0.025 0.000 0.061 0.998
21.375 -474.030 -70.165 -0.027 0.000 0.064 0.998
21.363 -473.941 -70.170 -0.028 0.000 0.066 0.997
21.349 -473.839 -70.176 -0.029 0.000 0.070 0.997
21.330 -473.710 -70.184 -0.031 0.000 0.074 0.997
21.305 -473.547 -70.194 -0.033 0.000 0.079 0.996
21.285 -473.423 -70.203 -0.034 0.000 0.084 0.996
21.266 -473.313 -70.210 -0.035 0.000 0.087 0.996
21.249 -473.221 -70.217 -0.036 0.000 0.090 0.995
21.224 -473.086 -70.227 -0.038 0.000 0.093 0.995
21.206 -472.994 -70.234 -0.039 0.000 0.096 0.995
21.190 -472.912 -70.241 -0.039 0.000 0.098 0.994
21.175 -472.834 -70.247 -0.040 0.000 0.100 0.994
21.149 -472.713 -70.257 -0.041 0.000 0.103 0.994
21.135 -472.643 -70.263 -0.042 0.000 0.105 0.994
21.114 -472.547 -70.271 -0.043 0.000 0.109 0.993
21.090 -472.442 -70.281 -0.044 0.000 0.111 0.993
21.067 -472.342 -70.290 -0.045 0.000 0.114 0.993
21.046 -472.252 -70.298 -0.045 0.000 0.116 0.992
21.015 -472.123 -70.311 -0.047 0.000 0.120 0.992
20.978 -471.978 -70.325 -0.049 0.000 0.124 0.991
20.942 -471.839 -70.339 -0.050 0.000 0.128 0.990
20.924 -471.771 -70.346 -0.051 0.000 0.130 0.990
20.896 -471.668 -70.357 -0.053 0.000 0.134 0.990
20.872 -471.582 -70.367 -0.053 0.000 0.136 0.989
20.854 -471.519 -70.374 -0.054 0.000 0.138 0.989
20.829 -471.433 -70.384 -0.055 0.000 0.140 0.989
20.797 -471.322 -70.397 -0.057 0.000 0.143 0.988
20.768 -471.226 -70.408 -0.057 0.000 0.146 0.988
20.744 -471.148 -70.417 -0.058 0.000 0.148 0.987
20.716 -471.058 -70.428 -0.059 0.000 0.150 0.987
20.689 -470.973 -70.439 -0.060 0.000 0.152 0.987
20.666 -470.901 -70.448 -0.060 0.000 0.155 0.986
20.638 -470.816 -70.459 -0.061 0.000 0.157 0.986
20.611 -470.732 -70.470 -0.062 0.000 0.158 0.985
20.566 -470.597 -70.488 -0.064 0.000 0.161 0.985
20.520 -470.462 -70.506 -0.065 0.000 0.165 0.984
20.488 -470.372 -70.518 -0.066 0.000 0.168 0.984
20.432 -470.214 -70.540 -0.066 0.001 0.172 0.983
20.397 -470.118 -70.553 -0.068 0.000 0.174 0.982
20.355 -470.007 -70.569 -0.068 0.001 0.177 0.982
20.319 -469.910 -70.583 -0.068 0.001 0.179 0.982
20.278 -469.802 -70.599 -0.069 0.001 0.182 0.981
20.237 -469.697 -70.614 -0.070 0.001 0.185 0.980
20.197 -469.595 -70.630 -0.072 0.001 0.188 0.980
20.155 -469.493 -70.645 -0.073 0.001 0.190 0.979
20.113 -469.390 -70.662 -0.074 0.001 0.193 0.978
20.061 -469.266 -70.681 -0.075 0.001 0.197 0.978
20.011 -469.148 -70.701 -0.076 0.001 0.200 0.977
19.961 -469.032 -70.720 -0.077 0.001 0.203 0.976
19.903 -468.901 -70.741 -0.077 0.001 0.206 0.976
19.869 -468.826 -70.754 -0.078 0.001 0.207 0.975
19.830 -468.739 -70.768 -0.078 0.001 0.209 0.975
19.793 -468.657 -70.782 -0.079 0.001 0.211 0.974
19.741 -468.544 -70.802 -0.079 0.001 0.214 0.974
19.696 -468.450 -70.818 -0.080 0.001 0.216 0.973
19.653 -468.359 -70.834 -0.081 0.001 0.219 0.972
19.605 -468.258 -70.852 -0.081 0.001 0.221 0.972
19.544 -468.134 -70.874 -0.083 0.001 0.224 0.971
19.493 -468.031 -70.893 -0.084 0.001 0.226 0.970
19.453 -467.949 -70.908 -0.084 0.001 0.228 0.970
19.427 -467.898 -70.917 -0.085 0.001 0.229 0.970
19.390 -467.826 -70.931 -0.085 0.001 0.231 0.969
19.341 -467.729 -70.949 -0.086 0.001 0.233 0.969
19.293 -467.637 -70.966 -0.086 0.001 0.235 0.968
19.246 -467.548 -70.983 -0.086 0.001 0.237 0.968
19.184 -467.430 -71.006 -0.087 0.002 0.240 0.967
19.128 -467.325 -71.026 -0.087 0.002 0.243 0.966
19.073 -467.225 -71.046 -0.088 0.002 0.245 0.966
19.019 -467.127 -71.065 -0.088 0.002 0.247 0.965
18.958 -467.019 -71.086 -0.089 0.002 0.250 0.964
18.914 -466.940 -71.102 -0.090 0.002 0.251 0.964
18.869 -466.860 -71.118 -0.090 0.002 0.253 0.963
18.821 -466.777 -71.135 -0.091 0.002 0.254 0.963
18.750 -466.654 -71.160 -0.091 0.002 0.258 0.962
18.702 -466.572 -71.177 -0.091 0.002 0.259 0.962
18.658 -466.498 -71.192 -0.091 0.002 0.260 0.961
18.606 -466.409 -71.210 -0.092 0.002 0.261 0.961
18.553 -466.321 -71.228 -0.092 0.002 0.264 0.960
18.500 -466.232 -71.247 -0.093 0.002 0.266 0.960
18.424 -466.108 -71.273 -0.093 0.003 0.267 0.959
18.338 -465.967 -71.303 -0.093 0.003 0.269 0.959
18.299 -465.905 -71.316 -0.093 0.003 0.270 0.958
18.236 -465.804 -71.337 -0.093 0.003 0.272 0.958
18.159 -465.681 -71.363 -0.093 0.003 0.274 0.957
18.114 -465.610 -71.378 -0.093 0.003 0.275 0.957
18.070 -465.541 -71.393 -0.094 0.003 0.277 0.956
18.021 -465.464 -71.409 -0.094 0.003 0.278 0.956
17.970 -465.386 -71.426 -0.094 0.003 0.279 0.956
17.926 -465.317 -71.441 -0.094 0.003 0.281 0.955
17.894 -465.269 -71.452 -0.095 0.003 0.281 0.955
17.832 -465.174 -71.472 -0.094 0.004 0.283 0.954
17.770 -465.080 -71.492 -0.094 0.004 0.285 0.954
17.726 -465.013 -71.507 -0.094 0.004 0.285 0.954
17.674 -464.934 -71.524 -0.095 0.004 0.286 0.953
17.638 -464.881 -71.536 -0.095 0.004 0.287 0.953
17.561 -464.767 -71.561 -0.095 0.004 0.288 0.953
17.522 -464.710 -71.573 -0.095 0.004 0.289 0.953
17.455 -464.610 -71.595 -0.094 0.004 0.291 0.952
17.394 -464.522 -71.614 -0.094 0.004 0.292 0.952
17.355 -464.464 -71.627 -0.094 0.005 0.293 0.951
17.304 -464.391 -71.643 -0.094 0.005 0.294 0.951
17.230 -464.284 -71.666 -0.094 0.005 0.295 0.951
17.152 -464.172 -71.690 -0.094 0.005 0.296 0.950
17.105 -464.106 -71.704 -0.093 0.005 0.297 0.950
17.058 -464.039 -71.719 -0.094 0.005 0.298 0.950
17.019 -463.983 -71.731 -0.094 0.005 0.299 0.950
16.971 -463.915 -71.746 -0.094 0.005 0.299 0.950
16.892 -463.805 -71.770 -0.094 0.005 0.301 0.949
16.845 -463.739 -71.784 -0.094 0.005 0.301 0.949
16.801 -463.678 -71.798 -0.094 0.006 0.302 0.949
16.747 -463.602 -71.815 -0.094 0.006 0.303 0.948
16.687 -463.520 -71.833 -0.094 0.006 0.305 0.948
16.646 -463.464 -71.845 -0.093 0.006 0.305 0.948
16.596 -463.395 -71.860 -0.093 0.006 0.306 0.947
16.543 -463.322 -71.876 -0.093 0.006 0.307 0.947
16.481 -463.239 -71.894 -0.093 0.006 0.309 0.947
16.407 -463.138 -71.916 -0.093 0.007 0.310 0.946
16.356 -463.070 -71.931 -0.094 0.007 0.311 0.946
16.288 -462.980 -71.951 -0.093 0.007 0.312 0.945
16.213 -462.879 -71.972 -0.093 0.007 0.313 0.945
16.151 -462.798 -71.990 -0.093 0.007 0.315 0.945
16.094 -462.722 -72.007 -0.094 0.007 0.315 0.944
16.028 -462.636 -72.026 -0.093 0.007 0.317 0.944
15.948 -462.533 -72.048 -0.093 0.007 0.318 0.944
15.884 -462.449 -72.067 -0.093 0.008 0.319 0.943
15.843 -462.397 -72.078 -0.093 0.008 0.320 0.943
15.781 -462.317 -72.096 -0.093 0.008 0.321 0.942
15.720 -462.239 -72.113 -0.093 0.008 0.322 0.942
15.651 -462.152 -72.132 -0.093 0.008 0.323 0.942
15.556 -462.032 -72.158 -0.093 0.008 0.325 0.941
15.483 -461.940 -72.178 -0.092 0.008 0.326 0.941
15.405 -461.843 -72.200 -0.092 0.009 0.328 0.940
15.343 -461.767 -72.216 -0.092 0.009 0.328 0.940
15.288 -461.699 -72.231 -0.092 0.009 0.329 0.940
15.228 -461.625 -72.247 -0.092 0.009 0.330 0.939
15.172 -461.556 -72.262 -0.092 0.009 0.330 0.939
15.097 -461.464 -72.283 -0.092 0.009 0.332 0.939
15.021 -461.371 -72.303 -0.092 0.009 0.333 0.938
14.993 -461.338 -72.310 -0.092 0.009 0.333 0.938
14.952 -461.288 -72.321 -0.092 0.009 0.334 0.938
14.880 -461.201 -72.340 -0.091 0.010 0.335 0.938
14.807 -461.113 -72.358 -0.090 0.010 0.335 0.938
14.716 -461.004 -72.382 -0.089 0.010 0.336 0.938
14.638 -460.910 -72.402 -0.089 0.011 0.338 0.937
14.609 -460.876 -72.409 -0.089 0.011 0.338 0.937
14.530 -460.783 -72.428 -0.089 0.011 0.339 0.937
14.471 -460.712 -72.443 -0.089 0.011 0.340 0.936
14.420 -460.652 -72.456 -0.089 0.011 0.341 0.936
14.371 -460.595 -72.468 -0.088 0.011 0.342 0.935
14.305 -460.518 -72.484 -0.088 0.011 0.343 0.935
14.237 -460.439 -72.501 -0.089 0.011 0.344 0.935
14.201 -460.398 -72.509 -0.089 0.011 0.344 0.935
14.131 -460.317 -72.527 -0.088 0.012 0.345 0.934
