21.500 -475.901 -70.112 -0.002 0.000 0.003 1.000
21.499 -475.803 -70.112 -0.003 0.000 0.007 1.000
21.497 -475.706 -70.113 -0.004 0.000 0.010 1.000
21.495 -475.610 -70.114 -0.006 0.000 0.013 1.000
21.493 -475.525 -70.115 -0.007 0.000 0.016 1.000
21.490 -475.441 -70.117 -0.009 0.000 0.018 1.000
21.486 -475.343 -70.119 -0.011 0.000 0.022 1.000
21.479 -475.207 -70.122 -0.012 0.000 0.026 1.000
21.473 -475.100 -70.125 -0.015 0.000 0.030 0.999
21.467 -475.007 -70.128 -0.016 0.000 0.033 0.999
21.457 -474.864 -70.132 -0.018 0.000 0.038 0.999
21.451 -474.784 -70.135 -0.018 0.000 0.040 0.999
21.442 -474.677 -70.139 -0.019 0.000 0.044 0.999
21.430 -474.549 -70.145 -0.021 0.000 0.048 0.999
21.423 -474.479 -70.147 -0.022 0.000 0.050 0.998
21.412 -474.369 -70.153 -0.024 0.000 0.054 0.998
21.403 -474.289 -70.157 -0.025 0.000 0.057 0.998
21.392 -474.198 -70.161 -0.026 0.000 0.059 0.998
21.375 -474.058 -70.169 -0.028 0.000 0.064 0.998
21.361 -473.955 -70.175 -0.030 0.000 0.067 0.997
21.351 -473.881 -70.180 -0.030 0.000 0.070 0.997
21.336 -473.777 -70.186 -0.032 0.000 0.072 0.997
21.326 -473.707 -70.191 -0.032 0.000 0.075 0.997
21.311 -473.614 -70.197 -0.033 0.000 0.078 0.996
21.296 -473.521 -70.203 -0.035 0.000 0.081 0.996
21.281 -473.431 -70.210 -0.036 0.000 0.084 0.996
21.269 -473.358 -70.215 -0.036 0.000 0.086 0.996
21.251 -473.260 -70.222 -0.038 0.000 0.090 0.995
21.237 -473.181 -70.228 -0.039 0.000 0.092 0.995
21.225 -473.118 -70.233 -0.040 0.000 0.094 0.995
21.186 -472.923 -70.250 -0.043 0.000 0.100 0.994
21.165 -472.819 -70.259 -0.044 0.000 0.103 0.994
21.140 -472.704 -70.270 -0.045 0.000 0.107 0.993
21.123 -472.628 -70.277 -0.046 0.000 0.109 0.993
21.098 -472.517 -70.287 -0.047 0.000 0.112 0.993
21.071 -472.401 -70.299 -0.048 0.000 0.115 0.992
21.055 -472.331 -70.306 -0.049 0.000 0.117 0.992
21.028 -472.222 -70.317 -0.051 0.000 0.120 0.991
21.004 -472.124 -70.327 -0.051 0.000 0.122 0.991
20.974 -472.006 -70.340 -0.054 0.000 0.125 0.991
20.949 -471.911 -70.350 -0.055 0.000 0.128 0.990
20.926 -471.824 -70.360 -0.056 0.000 0.131 0.990
20.891 -471.695 -70.375 -0.057 0.000 0.134 0.989
20.860 -471.587 -70.388 -0.058 0.000 0.137 0.989
20.834 -471.495 -70.399 -0.059 0.000 0.139 0.988
20.808 -471.404 -70.410 -0.060 0.000 0.142 0.988
20.772 -471.285 -70.426 -0.062 0.000 0.146 0.987
20.735 -471.165 -70.441 -0.063 0.000 0.149 0.987
20.703 -471.062 -70.455 -0.065 0.000 0.152 0.986
20.669 -470.956 -70.469 -0.066 0.000 0.155 0.986
20.641 -470.872 -70.481 -0.066 0.000 0.157 0.985
20.607 -470.768 -70.495 -0.067 0.000 0.160 0.985
20.586 -470.706 -70.504 -0.067 0.000 0.162 0.985
20.557 -470.621 -70.516 -0.068 0.000 0.164 0.984
20.527 -470.535 -70.529 -0.069 0.000 0.166 0.984
20.486 -470.417 -70.546 -0.070 0.000 0.169 0.983
20.457 -470.337 -70.558 -0.070 0.001 0.171 0.983
20.391 -470.156 -70.585 -0.071 0.001 0.175 0.982
20.375 -470.114 -70.591 -0.071 0.001 0.176 0.982
20.344 -470.032 -70.603 -0.072 0.001 0.178 0.981
20.313 -469.950 -70.616 -0.072 0.001 0.180 0.981
20.261 -469.814 -70.637 -0.074 0.001 0.184 0.980
20.226 -469.726 -70.651 -0.074 0.001 0.186 0.980
20.190 -469.637 -70.665 -0.076 0.001 0.188 0.979
20.147 -469.531 -70.682 -0.077 0.001 0.191 0.979
20.121 -469.467 -70.693 -0.077 0.001 0.193 0.978
20.078 -469.363 -70.710 -0.078 0.001 0.196 0.978
20.045 -469.286 -70.723 -0.079 0.001 0.198 0.977
20.014 -469.213 -70.735 -0.080 0.001 0.199 0.977
19.983 -469.139 -70.748 -0.080 0.001 0.201 0.976
19.957 -469.081 -70.758 -0.081 0.001 0.202 0.976
19.937 -469.035 -70.766 -0.081 0.001 0.203 0.976
19.900 -468.952 -70.781 -0.082 0.001 0.205 0.975
19.855 -468.850 -70.799 -0.083 0.001 0.207 0.975
19.821 -468.775 -70.812 -0.082 0.001 0.208 0.975
19.786 -468.698 -70.826 -0.083 0.001 0.210 0.974
19.756 -468.631 -70.838 -0.084 0.001 0.211 0.974
19.695 -468.499 -70.862 -0.085 0.001 0.214 0.973
19.633 -468.369 -70.886 -0.086 0.001 0.218 0.972
19.582 -468.261 -70.907 -0.086 0.001 0.220 0.972
19.518 -468.130 -70.931 -0.087 0.001 0.224 0.971
19.477 -468.047 -70.947 -0.088 0.001 0.226 0.970
19.432 -467.957 -70.965 -0.088 0.001 0.228 0.970
19.370 -467.834 -70.988 -0.088 0.002 0.229 0.969
19.319 -467.734 -71.008 -0.089 0.002 0.231 0.969
19.278 -467.654 -71.024 -0.090 0.002 0.233 0.968
19.223 -467.547 -71.045 -0.090 0.002 0.236 0.968
19.163 -467.434 -71.067 -0.091 0.002 0.238 0.967
19.137 -467.386 -71.077 -0.091 0.002 0.239 0.967
19.091 -467.300 -71.095 -0.092 0.002 0.242 0.966
19.050 -467.224 -71.110 -0.092 0.002 0.243 0.966
18.996 -467.126 -71.130 -0.093 0.002 0.245 0.965
18.958 -467.056 -71.145 -0.093 0.002 0.247 0.965
18.912 -466.972 -71.162 -0.094 0.002 0.248 0.964
18.850 -466.863 -71.185 -0.095 0.002 0.249 0.964
18.781 -466.740 -71.211 -0.096 0.002 0.252 0.963
18.726 -466.644 -71.232 -0.096 0.002 0.253 0.963
18.668 -466.543 -71.254 -0.097 0.002 0.255 0.962
18.615 -466.450 -71.274 -0.097 0.002 0.257 0.961
18.568 -466.371 -71.292 -0.097 0.002 0.258 0.961
18.539 -466.321 -71.303 -0.097 0.002 0.259 0.961
18.485 -466.229 -71.323 -0.098 0.002 0.260 0.961
18.425 -466.129 -71.345 -0.098 0.002 0.262 0.960
18.377 -466.048 -71.363 -0.098 0.002 0.263 0.960
18.319 -465.951 -71.384 -0.098 0.003 0.264 0.959
18.278 -465.883 -71.399 -0.098 0.003 0.265 0.959
18.246 -465.831 -71.411 -0.098 0.003 0.266 0.959
18.186 -465.733 -71.433 -0.099 0.003 0.268 0.958
18.135 -465.650 -71.451 -0.099 0.003 0.269 0.958
18.086 -465.571 -71.469 -0.099 0.003 0.270 0.958
18.032 -465.484 -71.489 -0.100 0.003 0.272 0.957
17.965 -465.377 -71.513 -0.099 0.003 0.273 0.957
17.899 -465.273 -71.537 -0.099 0.003 0.274 0.957
17.836 -465.174 -71.559 -0.098 0.004 0.275 0.956
17.774 -465.077 -71.581 -0.098 0.004 0.276 0.956
17.730 -465.007 -71.596 -0.098 0.004 0.277 0.956
17.671 -464.916 -71.617 -0.098 0.004 0.279 0.955
17.627 -464.849 -71.632 -0.098 0.004 0.280 0.955
17.576 -464.770 -71.649 -0.098 0.004 0.282 0.955
17.533 -464.705 -71.664 -0.098 0.004 0.283 0.954
17.462 -464.597 -71.688 -0.098 0.005 0.284 0.954
17.394 -464.494 -71.711 -0.097 0.005 0.285 0.954
17.345 -464.421 -71.727 -0.097 0.005 0.286 0.953
17.297 -464.349 -71.744 -0.097 0.005 0.287 0.953
17.238 -464.261 -71.763 -0.097 0.005 0.287 0.953
17.176 -464.170 -71.783 -0.097 0.005 0.289 0.952
17.107 -464.068 -71.806 -0.096 0.006 0.291 0.952
17.055 -463.992 -71.822 -0.096 0.006 0.292 0.952
16.984 -463.890 -71.845 -0.096 0.006 0.293 0.951
16.893 -463.759 -71.874 -0.096 0.006 0.296 0.950
16.841 -463.684 -71.891 -0.097 0.006 0.297 0.950
16.778 -463.595 -71.911 -0.096 0.007 0.299 0.949
16.724 -463.518 -71.928 -0.096 0.007 0.300 0.949
16.692 -463.473 -71.938 -0.096 0.007 0.300 0.949
16.652 -463.417 -71.950 -0.096 0.007 0.301 0.949
16.615 -463.365 -71.962 -0.095 0.007 0.302 0.948
16.553 -463.280 -71.981 -0.096 0.007 0.303 0.948
16.498 -463.203 -71.998 -0.096 0.007 0.304 0.948
16.447 -463.134 -72.013 -0.095 0.008 0.305 0.947
16.379 -463.040 -72.034 -0.095 0.008 0.306 0.947
16.309 -462.945 -72.055 -0.094 0.008 0.307 0.947
16.234 -462.843 -72.077 -0.093 0.008 0.309 0.947
16.165 -462.750 -72.097 -0.094 0.008 0.310 0.946
16.099 -462.662 -72.116 -0.094 0.008 0.311 0.946
16.057 -462.605 -72.129 -0.094 0.009 0.312 0.945
16.013 -462.548 -72.141 -0.094 0.009 0.313 0.945
15.951 -462.465 -72.159 -0.094 0.009 0.314 0.945
15.889 -462.383 -72.177 -0.094 0.009 0.315 0.944
15.808 -462.278 -72.201 -0.094 0.009 0.317 0.944
15.746 -462.197 -72.218 -0.094 0.009 0.318 0.943
15.681 -462.113 -72.237 -0.094 0.009 0.320 0.943
15.638 -462.058 -72.249 -0.094 0.009 0.320 0.943
15.582 -461.987 -72.265 -0.094 0.010 0.321 0.942
15.500 -461.882 -72.288 -0.094 0.010 0.323 0.942
15.454 -461.824 -72.301 -0.094 0.010 0.324 0.941
15.415 -461.774 -72.312 -0.094 0.010 0.324 0.941
15.378 -461.728 -72.322 -0.094 0.010 0.324 0.941
15.310 -461.643 -72.341 -0.094 0.010 0.325 0.941
15.258 -461.578 -72.355 -0.094 0.010 0.327 0.940
15.196 -461.500 -72.372 -0.094 0.010 0.328 0.940
15.142 -461.433 -72.387 -0.094 0.010 0.329 0.940
15.061 -461.333 -72.409 -0.094 0.010 0.330 0.939
14.993 -461.249 -72.428 -0.093 0.011 0.331 0.939
14.934 -461.177 -72.444 -0.093 0.011 0.332 0.938
14.817 -461.036 -72.475 -0.093 0.011 0.334 0.938
14.771 -460.981 -72.487 -0.093 0.011 0.335 0.938
14.695 -460.889 -72.507 -0.093 0.011 0.336 0.937
14.605 -460.782 -72.531 -0.094 0.011 0.338 0.936
14.549 -460.716 -72.545 -0.093 0.012 0.339 0.936
14.476 -460.630 -72.564 -0.092 0.012 0.340 0.936
14.411 -460.553 -72.581 -0.091 0.012 0.341 0.936
14.372 -460.507 -72.591 -0.091 0.012 0.341 0.936
14.282 -460.402 -72.614 -0.091 0.012 0.342 0.935
14.216 -460.326 -72.630 -0.091 0.012 0.343 0.935
14.152 -460.251 -72.647 -0.092 0.012 0.344 0.934
14.086 -460.176 -72.663 -0.092 0.012 0.345 0.934
