26.391 -423.605 -82.405 -0.026 0.000 0.051 0.998
26.378 -423.488 -82.411 -0.027 0.000 0.055 0.998
26.366 -423.382 -82.417 -0.028 0.000 0.059 0.998
26.354 -423.283 -82.423 -0.030 0.000 0.062 0.998
26.342 -423.192 -82.428 -0.031 0.000 0.066 0.997
26.330 -423.099 -82.434 -0.032 0.000 0.068 0.997
26.316 -423.002 -82.441 -0.032 0.000 0.072 0.997
26.303 -422.914 -82.446 -0.034 0.000 0.074 0.997
26.287 -422.812 -82.454 -0.035 0.000 0.078 0.996
26.269 -422.697 -82.462 -0.038 0.000 0.082 0.996
26.251 -422.595 -82.470 -0.039 0.000 0.085 0.996
26.235 -422.501 -82.478 -0.040 0.000 0.088 0.995
26.205 -422.340 -82.491 -0.042 0.000 0.092 0.995
26.184 -422.227 -82.501 -0.044 0.000 0.096 0.994
26.163 -422.127 -82.510 -0.045 0.000 0.099 0.994
26.148 -422.052 -82.517 -0.046 0.000 0.102 0.994
26.135 -421.989 -82.523 -0.047 0.000 0.103 0.994
26.111 -421.878 -82.534 -0.049 0.000 0.107 0.993
26.095 -421.805 -82.541 -0.050 0.000 0.110 0.993
26.075 -421.719 -82.550 -0.051 0.000 0.113 0.992
26.057 -421.642 -82.558 -0.052 0.000 0.115 0.992
26.039 -421.566 -82.567 -0.054 0.000 0.118 0.992
26.022 -421.495 -82.575 -0.055 0.000 0.120 0.991
26.000 -421.407 -82.584 -0.056 0.000 0.123 0.991
25.975 -421.310 -82.596 -0.057 0.000 0.126 0.990
25.941 -421.180 -82.611 -0.059 0.000 0.130 0.990
25.897 -421.022 -82.631 -0.061 0.000 0.135 0.989
25.870 -420.924 -82.643 -0.062 0.000 0.138 0.988
25.841 -420.823 -82.656 -0.063 0.000 0.141 0.988
25.807 -420.710 -82.671 -0.065 0.000 0.144 0.987
25.780 -420.619 -82.684 -0.066 0.000 0.146 0.987
25.750 -420.521 -82.697 -0.067 0.000 0.150 0.986
25.730 -420.458 -82.706 -0.068 0.000 0.151 0.986
25.711 -420.398 -82.715 -0.068 0.000 0.153 0.986
25.679 -420.300 -82.729 -0.070 0.000 0.156 0.985
25.658 -420.237 -82.738 -0.071 0.000 0.157 0.985
25.632 -420.160 -82.750 -0.071 0.000 0.160 0.985
25.604 -420.076 -82.763 -0.072 0.000 0.162 0.984
25.572 -419.981 -82.777 -0.073 0.000 0.165 0.984
25.549 -419.916 -82.787 -0.074 0.001 0.167 0.983
25.525 -419.849 -82.798 -0.074 0.001 0.169 0.983
25.478 -419.719 -82.818 -0.075 0.001 0.173 0.982
25.445 -419.631 -82.832 -0.077 0.001 0.176 0.981
25.410 -419.536 -82.848 -0.078 0.001 0.178 0.981
25.372 -419.437 -82.865 -0.080 0.001 0.181 0.980
25.336 -419.344 -82.880 -0.080 0.001 0.184 0.980
25.289 -419.224 -82.901 -0.082 0.001 0.186 0.979
25.253 -419.135 -82.917 -0.082 0.001 0.187 0.979
25.210 -419.027 -82.936 -0.084 0.000 0.188 0.979
25.184 -418.963 -82.947 -0.083 0.001 0.190 0.978
25.158 -418.900 -82.958 -0.083 0.001 0.191 0.978
25.112 -418.788 -82.978 -0.084 0.001 0.195 0.977
25.072 -418.694 -82.996 -0.085 0.001 0.197 0.977
25.033 -418.602 -83.012 -0.086 0.001 0.199 0.976
24.996 -418.516 -83.028 -0.086 0.001 0.201 0.976
24.948 -418.407 -83.049 -0.088 0.001 0.204 0.975
24.891 -418.279 -83.073 -0.090 0.001 0.209 0.974
24.815 -418.113 -83.106 -0.092 0.001 0.215 0.972
24.760 -417.998 -83.130 -0.094 0.001 0.218 0.971
24.719 -417.913 -83.147 -0.095 0.001 0.221 0.971
24.666 -417.805 -83.170 -0.097 0.001 0.225 0.969
24.645 -417.764 -83.179 -0.097 0.001 0.227 0.969
24.606 -417.685 -83.196 -0.098 0.001 0.230 0.968
24.569 -417.615 -83.211 -0.099 0.001 0.232 0.968
24.500 -417.481 -83.241 -0.101 0.001 0.237 0.966
24.453 -417.394 -83.260 -0.102 0.001 0.240 0.965
24.413 -417.320 -83.277 -0.104 0.001 0.242 0.965
24.373 -417.246 -83.295 -0.105 0.001 0.245 0.964
24.339 -417.185 -83.309 -0.106 0.001 0.248 0.963
24.293 -417.104 -83.329 -0.107 0.001 0.251 0.962
24.234 -417.001 -83.354 -0.109 0.001 0.255 0.961
24.167 -416.886 -83.382 -0.111 0.001 0.260 0.959
24.099 -416.774 -83.411 -0.114 0.001 0.264 0.958
24.052 -416.696 -83.431 -0.114 0.001 0.267 0.957
24.016 -416.639 -83.447 -0.115 0.001 0.269 0.956
23.960 -416.549 -83.471 -0.117 0.001 0.272 0.955
23.902 -416.458 -83.496 -0.119 0.000 0.275 0.954
23.842 -416.365 -83.522 -0.121 0.000 0.278 0.953
23.790 -416.285 -83.544 -0.122 0.000 0.282 0.952
23.740 -416.210 -83.566 -0.124 0.000 0.284 0.951
23.665 -416.099 -83.599 -0.126 0.000 0.289 0.949
23.617 -416.030 -83.619 -0.127 0.000 0.292 0.948
23.554 -415.940 -83.647 -0.129 0.000 0.296 0.947
23.474 -415.827 -83.682 -0.132 0.000 0.300 0.945
23.429 -415.766 -83.702 -0.133 0.000 0.303 0.944
23.368 -415.684 -83.728 -0.134 0.000 0.307 0.942
23.310 -415.607 -83.753 -0.135 0.000 0.311 0.941
23.242 -415.517 -83.783 -0.137 0.001 0.315 0.939
23.176 -415.432 -83.812 -0.139 0.000 0.318 0.938
23.126 -415.369 -83.833 -0.140 0.000 0.321 0.937
23.035 -415.257 -83.873 -0.142 0.000 0.327 0.934
22.978 -415.188 -83.898 -0.144 0.000 0.330 0.933
22.940 -415.142 -83.914 -0.145 0.000 0.332 0.932
22.846 -415.032 -83.956 -0.148 0.000 0.337 0.930
22.756 -414.929 -83.995 -0.150 0.000 0.342 0.928
22.683 -414.847 -84.027 -0.152 0.000 0.346 0.926
22.600 -414.755 -84.064 -0.153 0.000 0.350 0.924
22.526 -414.675 -84.096 -0.154 0.001 0.354 0.922
22.467 -414.612 -84.122 -0.156 0.000 0.358 0.921
22.390 -414.532 -84.155 -0.158 0.000 0.362 0.919
22.329 -414.469 -84.182 -0.159 0.000 0.365 0.917
22.246 -414.386 -84.218 -0.161 0.000 0.369 0.915
22.150 -414.290 -84.260 -0.163 0.000 0.374 0.913
22.079 -414.222 -84.291 -0.165 0.000 0.378 0.911
21.984 -414.131 -84.332 -0.167 0.000 0.383 0.909
21.896 -414.050 -84.371 -0.169 0.000 0.387 0.906
21.821 -413.982 -84.404 -0.170 0.000 0.391 0.905
21.759 -413.927 -84.430 -0.172 0.000 0.394 0.903
21.640 -413.823 -84.482 -0.175 0.000 0.400 0.900
21.559 -413.753 -84.518 -0.176 0.000 0.403 0.898
21.494 -413.699 -84.546 -0.178 0.000 0.406 0.896
21.422 -413.639 -84.578 -0.180 0.000 0.409 0.894
21.343 -413.575 -84.613 -0.181 0.000 0.413 0.893
21.261 -413.510 -84.649 -0.183 0.000 0.417 0.890
21.206 -413.467 -84.673 -0.184 0.000 0.419 0.889
21.133 -413.411 -84.705 -0.184 0.000 0.422 0.888
21.049 -413.347 -84.742 -0.186 0.000 0.426 0.885
20.992 -413.304 -84.767 -0.188 0.000 0.428 0.884
20.910 -413.244 -84.803 -0.190 -0.001 0.432 0.882
20.845 -413.197 -84.832 -0.192 -0.001 0.434 0.880
20.765 -413.140 -84.867 -0.193 -0.001 0.438 0.878
20.676 -413.078 -84.906 -0.195 -0.001 0.442 0.876
20.593 -413.022 -84.943 -0.197 -0.001 0.445 0.874
20.519 -412.972 -84.976 -0.198 -0.001 0.449 0.872
20.425 -412.910 -85.017 -0.200 -0.001 0.452 0.869
20.322 -412.844 -85.063 -0.202 -0.001 0.456 0.867
20.222 -412.781 -85.107 -0.203 -0.001 0.460 0.864
20.153 -412.739 -85.138 -0.204 -0.001 0.463 0.863
20.068 -412.687 -85.176 -0.205 0.000 0.466 0.860
19.971 -412.630 -85.218 -0.208 -0.001 0.471 0.858
19.929 -412.605 -85.237 -0.209 -0.001 0.472 0.856
19.819 -412.543 -85.286 -0.211 -0.001 0.477 0.853
19.759 -412.509 -85.312 -0.212 -0.001 0.479 0.852
19.648 -412.449 -85.362 -0.214 -0.001 0.483 0.849
19.572 -412.408 -85.396 -0.216 -0.001 0.486 0.847
19.497 -412.369 -85.429 -0.217 -0.001 0.489 0.845
19.404 -412.322 -85.470 -0.218 -0.001 0.493 0.842
19.322 -412.281 -85.507 -0.220 -0.001 0.496 0.840
19.247 -412.244 -85.540 -0.221 -0.001 0.499 0.838
19.136 -412.191 -85.589 -0.222 -0.001 0.503 0.835
19.057 -412.154 -85.624 -0.224 -0.001 0.505 0.833
19.016 -412.135 -85.642 -0.224 -0.001 0.507 0.832
18.932 -412.097 -85.680 -0.226 -0.001 0.510 0.830
18.884 -412.075 -85.701 -0.227 -0.001 0.511 0.829
18.803 -412.040 -85.737 -0.227 -0.001 0.513 0.828
18.736 -412.011 -85.767 -0.228 -0.001 0.514 0.827
18.633 -411.967 -85.813 -0.230 -0.001 0.517 0.825
18.548 -411.931 -85.851 -0.230 -0.001 0.519 0.823
18.442 -411.887 -85.898 -0.231 -0.001 0.521 0.822
18.355 -411.851 -85.937 -0.233 -0.002 0.523 0.820
18.242 -411.807 -85.987 -0.234 -0.001 0.527 0.817
18.159 -411.775 -86.024 -0.235 -0.001 0.529 0.815
18.066 -411.740 -86.066 -0.237 -0.002 0.532 0.813
17.989 -411.712 -86.100 -0.238 -0.002 0.534 0.811
17.901 -411.680 -86.140 -0.238 -0.001 0.537 0.809
17.808 -411.647 -86.181 -0.240 -0.001 0.540 0.806
17.726 -411.619 -86.218 -0.241 -0.001 0.543 0.804
17.663 -411.598 -86.246 -0.242 -0.001 0.545 0.803
17.588 -411.573 -86.279 -0.242 -0.001 0.547 0.801
17.504 -411.547 -86.317 -0.243 -0.001 0.549 0.800
17.404 -411.515 -86.361 -0.244 -0.001 0.551 0.798
17.352 -411.499 -86.384 -0.245 -0.001 0.553 0.797
17.247 -411.468 -86.430 -0.246 -0.001 0.555 0.795
17.198 -411.453 -86.452 -0.246 -0.001 0.556 0.794
17.078 -411.418 -86.505 -0.247 -0.001 0.559 0.791
16.968 -411.387 -86.554 -0.248 0.000 0.562 0.789
16.854 -411.356 -86.605 -0.249 0.000 0.565 0.786
16.810 -411.345 -86.624 -0.250 0.000 0.566 0.786
16.743 -411.327 -86.654 -0.250 0.000 0.567 0.785
16.669 -411.308 -86.686 -0.251 0.000 0.569 0.783
16.567 -411.283 -86.731 -0.251 0.001 0.573 0.780
16.504 -411.268 -86.758 -0.252 0.001 0.575 0.779
16.365 -411.236 -86.819 -0.254 0.001 0.579 0.775
16.253 -411.211 -86.868 -0.255 0.001 0.582 0.772
16.165 -411.192 -86.907 -0.256 0.001 0.584 0.770
16.062 -411.172 -86.951 -0.257 0.001 0.588 0.767
15.997 -411.159 -86.980 -0.258 0.002 0.590 0.765
15.927 -411.146 -87.010 -0.259 0.001 0.592 0.764
15.819 -411.127 -87.057 -0.259 0.002 0.594 0.762
15.745 -411.114 -87.089 -0.260 0.002 0.596 0.760
15.661 -411.100 -87.125 -0.261 0.002 0.598 0.758
15.581 -411.087 -87.160 -0.262 0.002 0.600 0.756
15.504 -411.075 -87.193 -0.263 0.002 0.602 0.754
15.419 -411.062 -87.230 -0.264 0.002 0.604 0.752
15.299 -411.045 -87.282 -0.264 0.002 0.606 0.750
15.221 -411.035 -87.316 -0.265 0.002 0.608 0.748
15.146 -411.025 -87.349 -0.266 0.002 0.609 0.747
15.060 -411.014 -87.386 -0.266 0.002 0.612 0.745
14.957 -411.002 -87.430 -0.267 0.003 0.614 0.743
14.873 -410.993 -87.467 -0.267 0.003 0.615 0.742
14.801 -410.985 -87.497 -0.268 0.003 0.617 0.740
14.677 -410.973 -87.551 -0.269 0.003 0.620 0.737
14.583 -410.964 -87.591 -0.270 0.003 0.621 0.736
14.509 -410.958 -87.623 -0.270 0.003 0.623 0.734
14.437 -410.952 -87.653 -0.271 0.003 0.625 0.732
14.328 -410.944 -87.700 -0.272 0.003 0.626 0.731
14.272 -410.940 -87.724 -0.272 0.003 0.627 0.730
14.165 -410.932 -87.770 -0.273 0.003 0.629 0.728
14.005 -410.923 -87.839 -0.274 0.003 0.633 0.724
13.905 -410.918 -87.882 -0.275 0.003 0.634 0.722
13.808 -410.914 -87.923 -0.276 0.003 0.636 0.721
13.737 -410.911 -87.954 -0.277 0.003 0.637 0.720
13.606 -410.906 -88.010 -0.278 0.003 0.639 0.717
13.535 -410.904 -88.041 -0.279 0.002 0.640 0.716
13.400 -410.901 -88.099 -0.279 0.003 0.642 0.714
13.309 -410.899 -88.138 -0.279 0.003 0.644 0.712
13.242 -410.899 -88.166 -0.279 0.004 0.645 0.711
13.167 -410.898 -88.198 -0.280 0.004 0.647 0.709
13.108 -410.898 -88.223 -0.280 0.004 0.648 0.709
12.969 -410.898 -88.283 -0.281 0.004 0.650 0.706
12.872 -410.898 -88.324 -0.281 0.004 0.652 0.704
12.772 -410.899 -88.366 -0.282 0.004 0.654 0.702
12.698 -410.900 -88.398 -0.282 0.005 0.655 0.700
12.612 -410.902 -88.434 -0.283 0.005 0.657 0.699
12.516 -410.904 -88.475 -0.284 0.005 0.658 0.697
12.412 -410.908 -88.519 -0.284 0.005 0.660 0.696
12.345 -410.910 -88.547 -0.284 0.005 0.661 0.695
12.277 -410.913 -88.576 -0.285 0.005 0.661 0.694
12.186 -410.917 -88.614 -0.285 0.005 0.663 0.693
12.119 -410.920 -88.642 -0.285 0.005 0.664 0.691
11.993 -410.926 -88.695 -0.285 0.006 0.665 0.690
11.901 -410.931 -88.733 -0.286 0.006 0.666 0.689
11.811 -410.936 -88.771 -0.286 0.006 0.667 0.688
11.680 -410.944 -88.826 -0.287 0.006 0.668 0.686
11.551 -410.953 -88.880 -0.288 0.006 0.670 0.684
11.469 -410.959 -88.915 -0.288 0.006 0.671 0.683
11.371 -410.966 -88.956 -0.288 0.007 0.672 0.682
