24.700 -458.402 -70.112 -0.002 0.000 0.004 1.000
24.699 -458.325 -70.112 -0.003 0.000 0.007 1.000
24.697 -458.232 -70.113 -0.004 0.000 0.010 1.000
24.695 -458.131 -70.114 -0.006 0.000 0.014 1.000
24.692 -458.035 -70.115 -0.008 0.000 0.017 1.000
24.687 -457.924 -70.117 -0.009 0.000 0.021 1.000
24.680 -457.766 -70.121 -0.012 0.000 0.027 1.000
24.676 -457.699 -70.123 -0.013 0.000 0.030 0.999
24.668 -457.582 -70.126 -0.016 0.000 0.033 0.999
24.662 -457.491 -70.129 -0.018 0.000 0.037 0.999
24.652 -457.360 -70.134 -0.020 0.000 0.042 0.999
24.638 -457.204 -70.141 -0.023 0.000 0.048 0.999
24.625 -457.079 -70.147 -0.024 0.000 0.052 0.998
24.611 -456.954 -70.153 -0.026 0.000 0.057 0.998
24.605 -456.901 -70.156 -0.027 0.000 0.059 0.998
24.587 -456.753 -70.164 -0.029 0.000 0.064 0.998
24.573 -456.650 -70.170 -0.030 0.000 0.068 0.997
24.559 -456.548 -70.176 -0.031 0.000 0.071 0.997
24.545 -456.456 -70.182 -0.033 0.000 0.075 0.997
24.533 -456.378 -70.188 -0.033 0.000 0.077 0.996
24.522 -456.304 -70.193 -0.034 0.000 0.080 0.996
24.506 -456.211 -70.199 -0.036 0.000 0.084 0.996
24.483 -456.081 -70.209 -0.038 0.000 0.089 0.995
24.465 -455.982 -70.217 -0.039 0.000 0.092 0.995
24.444 -455.871 -70.225 -0.039 0.000 0.096 0.995
24.420 -455.753 -70.235 -0.041 0.000 0.100 0.994
24.403 -455.668 -70.242 -0.043 0.000 0.103 0.994
24.383 -455.574 -70.251 -0.044 0.000 0.106 0.993
24.369 -455.511 -70.257 -0.045 0.000 0.109 0.993
24.356 -455.454 -70.262 -0.046 0.000 0.110 0.993
24.334 -455.360 -70.271 -0.047 0.000 0.114 0.992
24.313 -455.271 -70.279 -0.048 0.000 0.117 0.992
24.285 -455.156 -70.291 -0.050 0.000 0.122 0.991
24.264 -455.071 -70.300 -0.051 0.000 0.125 0.991
24.237 -454.969 -70.311 -0.052 0.000 0.128 0.990
24.213 -454.880 -70.320 -0.054 0.000 0.131 0.990
24.181 -454.764 -70.333 -0.055 0.000 0.135 0.989
24.153 -454.665 -70.344 -0.056 0.001 0.139 0.989
24.126 -454.572 -70.355 -0.057 0.000 0.142 0.988
24.103 -454.495 -70.365 -0.058 0.001 0.145 0.988
24.073 -454.396 -70.376 -0.058 0.001 0.148 0.987
24.046 -454.310 -70.387 -0.060 0.001 0.151 0.987
24.006 -454.185 -70.403 -0.062 0.001 0.156 0.986
23.973 -454.087 -70.416 -0.063 0.001 0.159 0.985
23.950 -454.015 -70.425 -0.064 0.001 0.161 0.985
23.915 -453.913 -70.439 -0.066 0.000 0.163 0.984
23.894 -453.853 -70.448 -0.067 0.000 0.166 0.984
23.853 -453.735 -70.464 -0.070 0.000 0.169 0.983
23.810 -453.617 -70.482 -0.072 0.000 0.174 0.982
23.781 -453.540 -70.494 -0.073 0.000 0.176 0.982
23.761 -453.486 -70.502 -0.073 0.000 0.178 0.981
23.729 -453.400 -70.516 -0.074 0.000 0.181 0.981
23.694 -453.310 -70.530 -0.076 0.000 0.183 0.980
23.650 -453.199 -70.548 -0.078 0.000 0.186 0.979
23.604 -453.085 -70.567 -0.079 0.000 0.190 0.979
23.560 -452.979 -70.585 -0.080 0.000 0.194 0.978
23.520 -452.882 -70.602 -0.082 0.000 0.198 0.977
23.470 -452.768 -70.623 -0.084 0.000 0.202 0.976
23.444 -452.707 -70.634 -0.084 0.000 0.204 0.975
23.405 -452.620 -70.650 -0.086 0.000 0.208 0.974
23.374 -452.552 -70.663 -0.087 0.000 0.210 0.974
23.333 -452.462 -70.680 -0.088 0.000 0.213 0.973
23.286 -452.361 -70.699 -0.090 0.000 0.217 0.972
23.235 -452.257 -70.720 -0.091 0.000 0.222 0.971
23.186 -452.156 -70.740 -0.092 0.000 0.225 0.970
23.140 -452.064 -70.759 -0.094 0.000 0.229 0.969
23.086 -451.959 -70.781 -0.095 0.000 0.232 0.968
23.021 -451.833 -70.808 -0.097 0.000 0.236 0.967
22.950 -451.699 -70.836 -0.097 0.001 0.240 0.966
22.908 -451.621 -70.854 -0.098 0.001 0.243 0.965
22.864 -451.540 -70.871 -0.100 0.001 0.246 0.964
22.817 -451.456 -70.890 -0.101 0.001 0.249 0.963
22.765 -451.364 -70.912 -0.103 0.000 0.253 0.962
22.710 -451.269 -70.934 -0.104 0.000 0.256 0.961
22.657 -451.179 -70.955 -0.106 0.000 0.259 0.960
22.617 -451.112 -70.972 -0.108 0.000 0.261 0.959
22.542 -450.988 -71.003 -0.109 0.000 0.266 0.958
22.501 -450.922 -71.019 -0.110 0.000 0.269 0.957
22.455 -450.847 -71.038 -0.111 0.000 0.272 0.956
22.420 -450.792 -71.053 -0.113 0.000 0.274 0.955
22.390 -450.745 -71.065 -0.113 0.000 0.275 0.955
22.338 -450.664 -71.086 -0.115 0.000 0.278 0.954
22.285 -450.583 -71.108 -0.116 0.000 0.282 0.952
22.228 -450.497 -71.131 -0.117 0.000 0.285 0.951
22.154 -450.388 -71.161 -0.118 0.000 0.288 0.950
22.108 -450.320 -71.180 -0.118 0.001 0.291 0.950
22.035 -450.214 -71.210 -0.120 0.001 0.295 0.948
21.980 -450.137 -71.232 -0.121 0.001 0.298 0.947
21.932 -450.070 -71.252 -0.122 0.001 0.301 0.946
21.845 -449.951 -71.287 -0.124 0.001 0.305 0.944
21.787 -449.873 -71.310 -0.125 0.001 0.308 0.943
21.754 -449.829 -71.324 -0.125 0.001 0.310 0.942
21.675 -449.725 -71.356 -0.127 0.001 0.314 0.941
21.625 -449.659 -71.376 -0.127 0.001 0.316 0.940
21.582 -449.605 -71.393 -0.128 0.001 0.318 0.939
21.524 -449.531 -71.416 -0.129 0.001 0.321 0.938
21.449 -449.437 -71.446 -0.130 0.001 0.324 0.937
21.380 -449.352 -71.474 -0.131 0.001 0.327 0.936
21.330 -449.290 -71.494 -0.132 0.001 0.330 0.935
21.277 -449.227 -71.515 -0.132 0.001 0.332 0.934
21.203 -449.138 -71.544 -0.133 0.002 0.336 0.932
21.148 -449.074 -71.566 -0.134 0.002 0.338 0.932
21.052 -448.963 -71.604 -0.137 0.001 0.342 0.930
20.989 -448.891 -71.629 -0.137 0.002 0.345 0.929
20.945 -448.842 -71.646 -0.138 0.002 0.347 0.928
20.885 -448.775 -71.670 -0.139 0.001 0.349 0.927
20.826 -448.710 -71.693 -0.140 0.001 0.352 0.926
20.747 -448.624 -71.725 -0.142 0.001 0.355 0.924
20.693 -448.566 -71.746 -0.143 0.001 0.357 0.923
20.622 -448.491 -71.775 -0.143 0.001 0.360 0.922
20.561 -448.427 -71.799 -0.144 0.002 0.363 0.921
20.492 -448.355 -71.826 -0.145 0.002 0.365 0.920
20.443 -448.305 -71.846 -0.145 0.002 0.367 0.919
20.360 -448.221 -71.878 -0.146 0.002 0.369 0.918
20.288 -448.149 -71.906 -0.148 0.002 0.372 0.916
20.214 -448.075 -71.936 -0.148 0.002 0.375 0.915
20.134 -447.997 -71.967 -0.150 0.001 0.377 0.914
20.063 -447.929 -71.995 -0.151 0.001 0.380 0.912
19.960 -447.831 -72.036 -0.152 0.002 0.384 0.911
19.859 -447.737 -72.076 -0.153 0.002 0.388 0.909
19.775 -447.660 -72.109 -0.155 0.002 0.391 0.907
19.696 -447.588 -72.140 -0.156 0.001 0.393 0.906
19.616 -447.517 -72.172 -0.157 0.002 0.396 0.905
19.527 -447.438 -72.207 -0.158 0.001 0.398 0.903
19.467 -447.385 -72.231 -0.159 0.001 0.400 0.902
19.397 -447.325 -72.259 -0.160 0.001 0.402 0.901
19.330 -447.268 -72.285 -0.161 0.001 0.405 0.900
19.224 -447.178 -72.327 -0.162 0.002 0.409 0.898
19.170 -447.133 -72.348 -0.162 0.002 0.410 0.897
19.084 -447.062 -72.382 -0.163 0.002 0.412 0.896
19.034 -447.022 -72.402 -0.164 0.002 0.413 0.896
18.913 -446.923 -72.450 -0.165 0.001 0.416 0.894
18.821 -446.849 -72.486 -0.167 0.001 0.418 0.893
18.760 -446.801 -72.510 -0.167 0.001 0.420 0.892
18.669 -446.730 -72.546 -0.168 0.001 0.422 0.891
18.581 -446.661 -72.581 -0.169 0.001 0.424 0.890
18.510 -446.607 -72.609 -0.170 0.001 0.426 0.889
18.400 -446.523 -72.653 -0.171 0.001 0.430 0.886
18.318 -446.462 -72.685 -0.172 0.001 0.432 0.885
18.239 -446.404 -72.717 -0.173 0.001 0.435 0.884
18.157 -446.345 -72.749 -0.174 0.001 0.437 0.883
18.113 -446.313 -72.766 -0.175 0.001 0.438 0.882
18.011 -446.240 -72.807 -0.175 0.001 0.440 0.881
17.925 -446.180 -72.841 -0.176 0.001 0.442 0.879
17.837 -446.118 -72.876 -0.177 0.002 0.445 0.878
17.748 -446.057 -72.911 -0.177 0.002 0.447 0.877
17.636 -445.981 -72.955 -0.178 0.002 0.450 0.875
17.554 -445.926 -72.987 -0.178 0.002 0.453 0.874
17.490 -445.884 -73.013 -0.179 0.002 0.454 0.873
17.384 -445.815 -73.054 -0.180 0.002 0.457 0.871
17.276 -445.745 -73.096 -0.181 0.002 0.459 0.870
17.198 -445.695 -73.127 -0.182 0.002 0.461 0.869
17.120 -445.646 -73.157 -0.182 0.002 0.463 0.868
17.043 -445.598 -73.187 -0.182 0.003 0.465 0.867
16.952 -445.541 -73.223 -0.183 0.003 0.466 0.866
16.846 -445.476 -73.264 -0.184 0.002 0.468 0.864
16.771 -445.431 -73.293 -0.185 0.002 0.470 0.863
16.710 -445.394 -73.317 -0.185 0.002 0.471 0.863
16.627 -445.345 -73.349 -0.186 0.002 0.472 0.862
16.533 -445.289 -73.386 -0.187 0.002 0.474 0.861
16.433 -445.230 -73.425 -0.187 0.002 0.476 0.859
16.347 -445.180 -73.459 -0.187 0.003 0.478 0.858
16.258 -445.129 -73.493 -0.188 0.003 0.479 0.858
16.165 -445.076 -73.529 -0.188 0.003 0.480 0.857
16.123 -445.052 -73.546 -0.189 0.003 0.481 0.856
16.027 -444.998 -73.583 -0.189 0.003 0.483 0.855
15.921 -444.940 -73.624 -0.190 0.003 0.486 0.853
15.818 -444.883 -73.664 -0.191 0.003 0.487 0.852
15.763 -444.854 -73.685 -0.191 0.003 0.488 0.852
15.656 -444.796 -73.727 -0.191 0.003 0.490 0.851
15.591 -444.761 -73.752 -0.192 0.003 0.491 0.850
15.521 -444.724 -73.779 -0.192 0.003 0.492 0.849
15.470 -444.698 -73.799 -0.192 0.003 0.493 0.849
15.375 -444.648 -73.835 -0.192 0.004 0.494 0.848
15.299 -444.608 -73.864 -0.192 0.004 0.496 0.847
15.259 -444.588 -73.879 -0.192 0.004 0.496 0.847
15.196 -444.555 -73.904 -0.192 0.004 0.497 0.846
15.131 -444.522 -73.928 -0.192 0.004 0.498 0.846
15.059 -444.485 -73.956 -0.192 0.005 0.498 0.846
14.936 -444.423 -74.002 -0.192 0.005 0.499 0.845
14.884 -444.397 -74.022 -0.192 0.005 0.500 0.845
14.784 -444.347 -74.060 -0.193 0.005 0.501 0.844
14.713 -444.311 -74.086 -0.193 0.005 0.502 0.843
14.560 -444.236 -74.144 -0.192 0.006 0.505 0.842
14.444 -444.179 -74.187 -0.193 0.006 0.505 0.841
14.348 -444.133 -74.223 -0.193 0.006 0.507 0.840
14.203 -444.064 -74.277 -0.193 0.006 0.509 0.839
14.111 -444.020 -74.311 -0.193 0.007 0.510 0.838
