21.500 -475.900 -70.112 -0.001 0.000 0.003 1.000
21.498 -475.738 -70.113 -0.003 0.000 0.009 1.000
21.495 -475.629 -70.114 -0.005 0.000 0.012 1.000
21.493 -475.532 -70.115 -0.006 0.000 0.016 1.000
21.490 -475.447 -70.116 -0.007 0.000 0.019 1.000
21.486 -475.350 -70.118 -0.009 0.000 0.023 1.000
21.480 -475.236 -70.120 -0.009 0.000 0.026 1.000
21.475 -475.151 -70.121 -0.011 0.000 0.029 1.000
21.469 -475.042 -70.124 -0.013 0.000 0.033 0.999
21.463 -474.958 -70.126 -0.014 0.000 0.036 0.999
21.453 -474.829 -70.130 -0.016 0.000 0.040 0.999
21.444 -474.721 -70.134 -0.017 0.000 0.044 0.999
21.436 -474.636 -70.137 -0.018 0.000 0.047 0.999
21.424 -474.511 -70.142 -0.020 0.000 0.052 0.998
21.410 -474.388 -70.147 -0.022 0.000 0.056 0.998
21.398 -474.282 -70.152 -0.023 0.000 0.059 0.998
21.384 -474.164 -70.157 -0.025 0.000 0.063 0.998
21.369 -474.052 -70.163 -0.026 0.000 0.067 0.997
21.356 -473.959 -70.168 -0.027 0.000 0.070 0.997
21.344 -473.877 -70.172 -0.028 0.000 0.072 0.997
21.329 -473.775 -70.178 -0.029 0.000 0.076 0.997
21.310 -473.656 -70.186 -0.031 0.000 0.080 0.996
21.297 -473.573 -70.191 -0.033 0.000 0.083 0.996
21.279 -473.470 -70.198 -0.034 0.000 0.086 0.996
21.261 -473.371 -70.205 -0.035 0.000 0.090 0.995
21.250 -473.312 -70.209 -0.036 0.000 0.091 0.995
21.241 -473.259 -70.213 -0.037 0.000 0.093 0.995
21.224 -473.175 -70.219 -0.038 0.000 0.096 0.995
21.205 -473.078 -70.227 -0.039 0.000 0.098 0.994
21.188 -472.990 -70.234 -0.039 0.000 0.101 0.994
21.165 -472.883 -70.243 -0.041 0.000 0.104 0.994
21.146 -472.795 -70.250 -0.042 0.000 0.107 0.993
21.115 -472.657 -70.262 -0.044 0.000 0.111 0.993
21.088 -472.539 -70.273 -0.046 0.000 0.114 0.992
21.059 -472.417 -70.284 -0.047 0.000 0.118 0.992
21.033 -472.313 -70.295 -0.050 0.000 0.122 0.991
21.017 -472.251 -70.301 -0.051 0.000 0.124 0.991
20.991 -472.150 -70.312 -0.052 0.000 0.127 0.991
20.970 -472.067 -70.321 -0.052 0.000 0.129 0.990
20.934 -471.934 -70.335 -0.053 0.000 0.132 0.990
20.918 -471.876 -70.341 -0.054 0.000 0.133 0.990
20.895 -471.792 -70.351 -0.055 0.000 0.136 0.989
20.874 -471.717 -70.359 -0.055 0.000 0.138 0.989
20.846 -471.619 -70.371 -0.055 0.000 0.139 0.989
20.823 -471.540 -70.380 -0.055 0.000 0.141 0.988
20.787 -471.419 -70.394 -0.057 0.000 0.144 0.988
20.754 -471.311 -70.407 -0.058 0.000 0.147 0.987
20.720 -471.201 -70.420 -0.059 0.000 0.150 0.987
20.682 -471.079 -70.435 -0.059 0.000 0.153 0.986
20.645 -470.966 -70.449 -0.061 0.000 0.156 0.986
20.615 -470.873 -70.461 -0.062 0.000 0.159 0.985
20.587 -470.790 -70.472 -0.063 0.000 0.161 0.985
20.555 -470.695 -70.485 -0.064 0.000 0.163 0.985
20.535 -470.639 -70.492 -0.065 0.000 0.165 0.984
20.502 -470.544 -70.505 -0.065 0.000 0.168 0.984
20.480 -470.481 -70.514 -0.066 0.000 0.170 0.983
20.463 -470.434 -70.520 -0.067 0.000 0.170 0.983
20.420 -470.316 -70.537 -0.067 0.000 0.173 0.983
20.382 -470.213 -70.551 -0.067 0.000 0.176 0.982
20.352 -470.134 -70.563 -0.068 0.000 0.178 0.982
20.324 -470.058 -70.574 -0.068 0.000 0.179 0.982
20.297 -469.988 -70.584 -0.069 0.000 0.180 0.981
20.269 -469.914 -70.595 -0.069 0.000 0.182 0.981
20.235 -469.827 -70.608 -0.070 0.001 0.185 0.980
20.191 -469.717 -70.624 -0.071 0.001 0.188 0.980
20.164 -469.650 -70.634 -0.071 0.001 0.190 0.979
20.133 -469.574 -70.646 -0.072 0.001 0.192 0.979
20.082 -469.451 -70.665 -0.073 0.001 0.195 0.978
20.033 -469.335 -70.683 -0.075 0.001 0.199 0.977
19.978 -469.208 -70.704 -0.076 0.000 0.202 0.976
19.926 -469.089 -70.723 -0.077 0.001 0.205 0.976
19.901 -469.031 -70.733 -0.077 0.001 0.206 0.976
19.853 -468.925 -70.751 -0.078 0.001 0.208 0.975
19.808 -468.825 -70.768 -0.078 0.001 0.211 0.974
19.768 -468.738 -70.782 -0.079 0.001 0.212 0.974
19.713 -468.619 -70.803 -0.080 0.001 0.215 0.973
19.676 -468.540 -70.817 -0.081 0.001 0.217 0.973
19.630 -468.444 -70.834 -0.082 0.001 0.219 0.972
19.595 -468.371 -70.847 -0.083 0.001 0.221 0.972
19.572 -468.323 -70.856 -0.083 0.001 0.222 0.972
19.526 -468.231 -70.873 -0.084 0.001 0.224 0.971
19.461 -468.099 -70.897 -0.085 0.001 0.227 0.970
19.426 -468.027 -70.910 -0.085 0.001 0.228 0.970
19.387 -467.952 -70.924 -0.085 0.001 0.230 0.970
19.339 -467.857 -70.942 -0.086 0.001 0.232 0.969
19.261 -467.705 -70.971 -0.086 0.001 0.235 0.968
19.189 -467.568 -70.998 -0.088 0.001 0.237 0.967
19.132 -467.461 -71.019 -0.089 0.001 0.240 0.967
19.068 -467.340 -71.042 -0.090 0.001 0.242 0.966
19.014 -467.241 -71.062 -0.091 0.001 0.244 0.966
18.962 -467.147 -71.082 -0.091 0.001 0.246 0.965
18.915 -467.062 -71.099 -0.091 0.001 0.247 0.965
18.854 -466.952 -71.121 -0.092 0.001 0.249 0.964
18.790 -466.838 -71.145 -0.092 0.001 0.252 0.963
18.726 -466.726 -71.168 -0.092 0.001 0.254 0.963
18.657 -466.607 -71.193 -0.093 0.001 0.257 0.962
18.597 -466.504 -71.215 -0.094 0.001 0.259 0.961
18.564 -466.448 -71.227 -0.095 0.001 0.260 0.961
18.519 -466.372 -71.243 -0.095 0.001 0.261 0.961
18.481 -466.309 -71.257 -0.095 0.001 0.263 0.960
18.423 -466.212 -71.277 -0.095 0.002 0.265 0.960
18.379 -466.141 -71.293 -0.095 0.002 0.266 0.959
18.332 -466.063 -71.310 -0.095 0.002 0.268 0.959
18.289 -465.993 -71.325 -0.095 0.002 0.269 0.959
18.244 -465.921 -71.340 -0.095 0.002 0.270 0.958
18.179 -465.816 -71.363 -0.094 0.003 0.272 0.958
18.116 -465.715 -71.384 -0.094 0.003 0.274 0.957
18.050 -465.611 -71.407 -0.094 0.003 0.274 0.957
17.958 -465.466 -71.438 -0.095 0.003 0.276 0.956
17.890 -465.360 -71.461 -0.095 0.003 0.277 0.956
17.802 -465.223 -71.491 -0.094 0.003 0.280 0.955
17.751 -465.146 -71.508 -0.094 0.004 0.282 0.955
17.693 -465.058 -71.527 -0.094 0.004 0.283 0.954
17.639 -464.976 -71.545 -0.093 0.004 0.284 0.954
17.590 -464.901 -71.561 -0.093 0.004 0.285 0.954
17.535 -464.818 -71.578 -0.093 0.004 0.285 0.954
17.472 -464.724 -71.598 -0.093 0.005 0.287 0.953
17.430 -464.662 -71.611 -0.093 0.005 0.289 0.953
17.362 -464.561 -71.633 -0.092 0.005 0.289 0.953
17.298 -464.467 -71.653 -0.092 0.005 0.290 0.953
17.235 -464.375 -71.672 -0.091 0.005 0.291 0.952
17.180 -464.294 -71.689 -0.090 0.006 0.292 0.952
17.137 -464.232 -71.702 -0.090 0.006 0.293 0.952
17.101 -464.180 -71.713 -0.090 0.006 0.294 0.952
17.049 -464.104 -71.729 -0.090 0.006 0.295 0.951
16.973 -463.995 -71.751 -0.090 0.006 0.296 0.951
16.914 -463.911 -71.769 -0.090 0.006 0.297 0.951
16.863 -463.838 -71.784 -0.090 0.006 0.298 0.950
16.796 -463.743 -71.804 -0.090 0.007 0.300 0.950
16.742 -463.667 -71.819 -0.089 0.007 0.301 0.949
16.681 -463.581 -71.837 -0.089 0.007 0.303 0.949
16.612 -463.487 -71.856 -0.089 0.007 0.304 0.948
16.551 -463.402 -71.874 -0.090 0.007 0.305 0.948
16.473 -463.295 -71.896 -0.090 0.007 0.306 0.948
16.404 -463.201 -71.916 -0.090 0.007 0.307 0.947
16.336 -463.108 -71.935 -0.090 0.007 0.308 0.947
16.304 -463.064 -71.944 -0.090 0.007 0.309 0.947
16.267 -463.015 -71.955 -0.090 0.008 0.310 0.946
16.199 -462.923 -71.974 -0.090 0.008 0.311 0.946
16.131 -462.833 -71.993 -0.090 0.008 0.313 0.946
16.074 -462.757 -72.009 -0.090 0.008 0.313 0.945
16.026 -462.694 -72.022 -0.090 0.008 0.314 0.945
15.976 -462.627 -72.036 -0.090 0.008 0.314 0.945
15.903 -462.531 -72.056 -0.091 0.008 0.316 0.945
15.836 -462.443 -72.075 -0.090 0.008 0.316 0.944
15.766 -462.353 -72.094 -0.089 0.008 0.318 0.944
15.728 -462.303 -72.104 -0.089 0.009 0.319 0.944
15.666 -462.223 -72.121 -0.090 0.008 0.320 0.943
15.591 -462.126 -72.142 -0.090 0.008 0.321 0.943
15.519 -462.034 -72.161 -0.090 0.009 0.322 0.942
15.435 -461.928 -72.183 -0.090 0.009 0.324 0.942
15.402 -461.887 -72.192 -0.089 0.009 0.325 0.941
15.327 -461.792 -72.212 -0.090 0.009 0.326 0.941
15.248 -461.693 -72.233 -0.090 0.009 0.328 0.940
15.194 -461.626 -72.247 -0.091 0.009 0.328 0.940
15.143 -461.563 -72.261 -0.090 0.009 0.329 0.940
15.075 -461.479 -72.279 -0.091 0.009 0.330 0.940
15.021 -461.412 -72.293 -0.090 0.009 0.331 0.939
14.952 -461.328 -72.311 -0.089 0.010 0.332 0.939
14.875 -461.233 -72.331 -0.089 0.010 0.332 0.939
14.813 -461.157 -72.347 -0.089 0.010 0.334 0.938
14.735 -461.064 -72.367 -0.089 0.010 0.335 0.938
14.656 -460.969 -72.387 -0.089 0.010 0.336 0.938
14.598 -460.898 -72.402 -0.088 0.010 0.337 0.937
14.519 -460.804 -72.421 -0.088 0.011 0.337 0.937
14.453 -460.725 -72.438 -0.088 0.011 0.338 0.937
14.399 -460.662 -72.451 -0.087 0.011 0.339 0.937
14.306 -460.551 -72.474 -0.087 0.011 0.340 0.936
14.218 -460.447 -72.495 -0.087 0.011 0.341 0.936
14.151 -460.370 -72.511 -0.087 0.012 0.341 0.936
14.085 -460.292 -72.527 -0.086 0.012 0.342 0.936
