26.390 -423.604 -82.405 -0.026 0.000 0.051 0.998
26.376 -423.470 -82.412 -0.026 0.000 0.055 0.998
26.364 -423.361 -82.418 -0.028 0.000 0.060 0.998
26.348 -423.240 -82.425 -0.030 0.000 0.064 0.998
26.335 -423.136 -82.431 -0.031 0.000 0.067 0.997
26.313 -422.979 -82.441 -0.034 0.000 0.072 0.997
26.298 -422.879 -82.448 -0.035 0.000 0.075 0.997
26.282 -422.775 -82.456 -0.036 0.000 0.079 0.996
26.252 -422.592 -82.469 -0.038 0.000 0.084 0.996
26.231 -422.472 -82.479 -0.040 0.000 0.088 0.995
26.201 -422.312 -82.492 -0.041 0.000 0.094 0.995
26.182 -422.215 -82.500 -0.043 0.000 0.097 0.994
26.167 -422.141 -82.507 -0.043 0.000 0.100 0.994
26.140 -422.008 -82.519 -0.044 0.000 0.104 0.994
26.110 -421.868 -82.532 -0.047 0.000 0.109 0.993
26.089 -421.777 -82.541 -0.048 0.000 0.112 0.993
26.064 -421.671 -82.551 -0.050 0.000 0.116 0.992
26.045 -421.591 -82.560 -0.051 0.000 0.118 0.992
26.022 -421.498 -82.570 -0.053 0.000 0.122 0.991
25.992 -421.379 -82.583 -0.055 0.000 0.124 0.991
25.958 -421.250 -82.598 -0.057 0.000 0.127 0.990
25.943 -421.190 -82.605 -0.057 0.000 0.129 0.990
25.904 -421.049 -82.621 -0.058 0.000 0.134 0.989
25.882 -420.968 -82.631 -0.059 0.000 0.136 0.989
25.863 -420.903 -82.639 -0.060 0.000 0.138 0.989
25.825 -420.772 -82.656 -0.062 0.000 0.143 0.988
25.798 -420.682 -82.668 -0.063 0.000 0.145 0.987
25.760 -420.558 -82.684 -0.064 0.000 0.148 0.987
25.729 -420.460 -82.697 -0.065 0.000 0.151 0.986
25.697 -420.359 -82.711 -0.066 0.000 0.153 0.986
25.678 -420.299 -82.719 -0.066 0.001 0.155 0.986
25.656 -420.230 -82.729 -0.067 0.000 0.157 0.985
25.607 -420.084 -82.749 -0.069 0.000 0.161 0.985
25.585 -420.020 -82.759 -0.070 0.000 0.163 0.984
25.563 -419.953 -82.769 -0.071 0.000 0.165 0.984
25.540 -419.888 -82.778 -0.071 0.000 0.166 0.983
25.506 -419.793 -82.793 -0.072 0.001 0.168 0.983
25.454 -419.648 -82.815 -0.073 0.001 0.173 0.982
25.432 -419.587 -82.824 -0.074 0.001 0.174 0.982
25.403 -419.508 -82.837 -0.075 0.001 0.176 0.981
25.376 -419.436 -82.848 -0.075 0.001 0.177 0.981
25.330 -419.315 -82.867 -0.077 0.001 0.180 0.981
25.295 -419.225 -82.882 -0.078 0.000 0.182 0.980
25.259 -419.133 -82.898 -0.079 0.000 0.184 0.980
25.231 -419.060 -82.910 -0.080 0.000 0.185 0.979
25.197 -418.975 -82.925 -0.080 0.000 0.186 0.979
25.169 -418.906 -82.936 -0.080 0.001 0.188 0.979
25.131 -418.811 -82.953 -0.081 0.001 0.191 0.978
25.099 -418.732 -82.966 -0.083 0.000 0.193 0.978
25.075 -418.675 -82.977 -0.084 0.000 0.194 0.977
25.043 -418.599 -82.991 -0.085 0.000 0.197 0.977
25.014 -418.531 -83.003 -0.086 0.000 0.199 0.976
24.969 -418.427 -83.023 -0.087 0.000 0.202 0.975
24.927 -418.332 -83.041 -0.089 0.000 0.205 0.975
24.881 -418.229 -83.061 -0.090 0.000 0.209 0.974
24.810 -418.075 -83.091 -0.092 0.000 0.214 0.972
24.773 -417.996 -83.107 -0.093 0.001 0.217 0.972
24.713 -417.871 -83.133 -0.095 0.000 0.220 0.971
24.680 -417.804 -83.147 -0.096 0.000 0.223 0.970
24.663 -417.770 -83.154 -0.096 0.000 0.224 0.970
24.607 -417.656 -83.178 -0.098 0.000 0.228 0.969
24.577 -417.597 -83.191 -0.099 0.000 0.229 0.968
24.537 -417.519 -83.208 -0.099 0.000 0.231 0.968
24.491 -417.429 -83.228 -0.100 0.001 0.234 0.967
24.433 -417.320 -83.252 -0.100 0.001 0.237 0.966
24.386 -417.230 -83.272 -0.101 0.001 0.240 0.965
24.343 -417.151 -83.290 -0.102 0.001 0.243 0.965
24.295 -417.064 -83.310 -0.103 0.001 0.247 0.964
24.252 -416.987 -83.328 -0.105 0.001 0.249 0.963
24.211 -416.915 -83.345 -0.106 0.001 0.251 0.962
24.134 -416.780 -83.378 -0.108 0.001 0.257 0.960
24.071 -416.673 -83.404 -0.109 0.001 0.261 0.959
24.001 -416.558 -83.434 -0.111 0.001 0.266 0.958
23.946 -416.468 -83.456 -0.112 0.001 0.269 0.957
23.877 -416.358 -83.485 -0.114 0.001 0.273 0.955
23.837 -416.296 -83.501 -0.114 0.001 0.276 0.954
23.805 -416.247 -83.515 -0.115 0.001 0.278 0.954
23.727 -416.127 -83.547 -0.117 0.002 0.283 0.952
23.637 -415.994 -83.584 -0.120 0.001 0.289 0.950
23.611 -415.956 -83.595 -0.120 0.001 0.291 0.949
23.574 -415.903 -83.610 -0.122 0.001 0.293 0.948
23.500 -415.798 -83.641 -0.123 0.001 0.298 0.947
23.449 -415.726 -83.662 -0.125 0.001 0.301 0.945
23.378 -415.629 -83.691 -0.126 0.001 0.306 0.944
23.306 -415.532 -83.721 -0.129 0.001 0.310 0.942
23.245 -415.453 -83.746 -0.130 0.001 0.314 0.940
23.171 -415.358 -83.776 -0.132 0.001 0.318 0.939
23.112 -415.284 -83.801 -0.134 0.001 0.322 0.937
23.045 -415.200 -83.829 -0.136 0.001 0.326 0.935
22.978 -415.119 -83.856 -0.137 0.001 0.330 0.934
22.926 -415.056 -83.878 -0.138 0.001 0.333 0.933
22.856 -414.974 -83.907 -0.140 0.001 0.337 0.931
22.780 -414.885 -83.939 -0.142 0.001 0.341 0.929
22.691 -414.785 -83.975 -0.144 0.001 0.346 0.927
22.612 -414.697 -84.008 -0.145 0.001 0.350 0.925
22.575 -414.657 -84.023 -0.146 0.002 0.352 0.924
22.515 -414.592 -84.048 -0.147 0.002 0.356 0.923
22.427 -414.499 -84.084 -0.149 0.002 0.361 0.921
22.339 -414.408 -84.120 -0.151 0.001 0.365 0.918
22.250 -414.318 -84.157 -0.155 0.001 0.370 0.916
22.160 -414.229 -84.195 -0.157 0.001 0.375 0.914
22.107 -414.177 -84.217 -0.158 0.001 0.377 0.913
22.055 -414.128 -84.239 -0.159 0.001 0.380 0.911
21.989 -414.066 -84.266 -0.160 0.001 0.383 0.910
21.926 -414.007 -84.292 -0.162 0.001 0.386 0.908
21.847 -413.934 -84.326 -0.164 0.001 0.390 0.906
21.761 -413.857 -84.361 -0.165 0.001 0.395 0.904
21.680 -413.786 -84.395 -0.167 0.001 0.398 0.902
21.612 -413.727 -84.424 -0.168 0.001 0.401 0.900
21.530 -413.657 -84.458 -0.170 0.001 0.405 0.898
21.418 -413.564 -84.505 -0.173 0.000 0.411 0.895
21.314 -413.479 -84.549 -0.175 0.000 0.416 0.893
21.224 -413.409 -84.586 -0.177 0.000 0.419 0.890
21.140 -413.343 -84.622 -0.179 0.000 0.423 0.888
20.995 -413.234 -84.683 -0.181 0.000 0.429 0.885
20.921 -413.179 -84.715 -0.183 0.000 0.433 0.883
20.838 -413.119 -84.750 -0.185 0.000 0.436 0.881
20.776 -413.075 -84.776 -0.186 0.000 0.439 0.879
20.701 -413.023 -84.807 -0.187 0.000 0.443 0.877
20.612 -412.962 -84.845 -0.189 0.000 0.446 0.875
20.539 -412.913 -84.876 -0.191 0.000 0.449 0.873
20.469 -412.866 -84.906 -0.192 -0.001 0.452 0.871
20.409 -412.827 -84.932 -0.193 -0.001 0.454 0.870
20.299 -412.757 -84.978 -0.194 0.000 0.459 0.867
20.188 -412.687 -85.025 -0.196 0.000 0.463 0.864
20.096 -412.631 -85.065 -0.198 0.000 0.467 0.862
20.046 -412.601 -85.086 -0.199 0.000 0.469 0.861
19.952 -412.546 -85.125 -0.200 0.000 0.473 0.858
19.881 -412.504 -85.156 -0.202 0.000 0.476 0.856
19.791 -412.454 -85.194 -0.203 0.000 0.480 0.854
19.719 -412.414 -85.224 -0.204 0.000 0.482 0.852
19.646 -412.374 -85.255 -0.205 0.000 0.485 0.850
19.530 -412.312 -85.305 -0.207 0.000 0.490 0.847
19.426 -412.258 -85.349 -0.209 0.000 0.494 0.844
19.318 -412.204 -85.394 -0.210 0.000 0.498 0.841
19.215 -412.153 -85.438 -0.212 0.000 0.502 0.839
19.139 -412.117 -85.470 -0.213 0.000 0.505 0.837
19.052 -412.077 -85.507 -0.215 0.000 0.508 0.834
18.951 -412.031 -85.549 -0.216 0.000 0.512 0.832
18.829 -411.976 -85.601 -0.218 0.000 0.516 0.829
18.770 -411.951 -85.626 -0.219 0.000 0.517 0.827
18.649 -411.899 -85.677 -0.221 0.000 0.521 0.824
18.580 -411.871 -85.706 -0.222 0.000 0.524 0.822
18.504 -411.841 -85.738 -0.223 0.000 0.526 0.821
18.365 -411.786 -85.797 -0.225 0.000 0.531 0.817
18.300 -411.761 -85.825 -0.226 0.000 0.533 0.815
18.190 -411.720 -85.872 -0.227 0.000 0.537 0.812
18.087 -411.682 -85.915 -0.228 0.000 0.540 0.810
17.989 -411.648 -85.957 -0.230 0.000 0.543 0.808
17.864 -411.605 -86.009 -0.231 0.000 0.548 0.804
17.784 -411.579 -86.043 -0.232 0.001 0.550 0.802
17.684 -411.547 -86.085 -0.233 0.000 0.554 0.799
17.581 -411.515 -86.128 -0.235 0.001 0.557 0.797
17.525 -411.498 -86.152 -0.236 0.001 0.559 0.795
17.418 -411.467 -86.197 -0.237 0.001 0.562 0.792
17.311 -411.437 -86.242 -0.238 0.001 0.566 0.789
17.222 -411.413 -86.279 -0.240 0.000 0.569 0.787
17.169 -411.399 -86.302 -0.241 0.000 0.570 0.785
17.126 -411.388 -86.320 -0.241 0.000 0.572 0.784
17.010 -411.359 -86.369 -0.242 0.001 0.576 0.781
16.928 -411.339 -86.403 -0.243 0.001 0.578 0.779
16.818 -411.314 -86.449 -0.244 0.001 0.581 0.776
16.741 -411.296 -86.482 -0.245 0.001 0.583 0.775
16.637 -411.274 -86.525 -0.247 0.001 0.586 0.772
16.552 -411.256 -86.561 -0.248 0.000 0.588 0.770
16.434 -411.232 -86.610 -0.249 0.000 0.591 0.767
16.315 -411.210 -86.661 -0.251 0.000 0.594 0.764
16.211 -411.191 -86.704 -0.252 0.000 0.597 0.761
16.102 -411.173 -86.751 -0.254 -0.001 0.600 0.758
16.024 -411.160 -86.784 -0.256 -0.001 0.602 0.756
15.945 -411.148 -86.817 -0.257 -0.001 0.605 0.754
15.878 -411.138 -86.846 -0.258 -0.001 0.606 0.752
15.754 -411.121 -86.899 -0.259 -0.001 0.610 0.749
15.641 -411.107 -86.947 -0.260 -0.001 0.613 0.746
15.547 -411.095 -86.987 -0.262 -0.001 0.615 0.744
15.424 -411.082 -87.040 -0.262 0.000 0.619 0.741
15.336 -411.072 -87.077 -0.263 0.000 0.621 0.739
15.208 -411.060 -87.131 -0.264 0.000 0.625 0.735
15.112 -411.053 -87.172 -0.265 0.000 0.627 0.732
15.011 -411.045 -87.214 -0.266 0.000 0.630 0.730
14.936 -411.040 -87.246 -0.268 0.000 0.632 0.727
14.858 -411.035 -87.279 -0.269 -0.001 0.634 0.726
14.800 -411.032 -87.304 -0.269 -0.001 0.635 0.724
14.729 -411.029 -87.334 -0.270 0.000 0.637 0.722
14.643 -411.025 -87.370 -0.270 0.000 0.640 0.719
14.585 -411.023 -87.395 -0.271 0.000 0.641 0.718
14.466 -411.020 -87.445 -0.272 0.000 0.645 0.714
14.366 -411.018 -87.487 -0.274 0.000 0.648 0.711
14.243 -411.017 -87.539 -0.275 0.000 0.651 0.707
14.121 -411.017 -87.591 -0.277 0.000 0.654 0.704
13.981 -411.020 -87.650 -0.278 0.000 0.658 0.700
13.861 -411.023 -87.700 -0.279 0.000 0.661 0.697
13.781 -411.026 -87.734 -0.280 0.000 0.663 0.695
13.650 -411.031 -87.789 -0.281 0.001 0.666 0.691
13.565 -411.036 -87.825 -0.282 0.001 0.668 0.688
13.477 -411.041 -87.862 -0.282 0.001 0.671 0.686
13.393 -411.047 -87.897 -0.283 0.001 0.673 0.683
13.315 -411.053 -87.930 -0.284 0.002 0.675 0.681
13.204 -411.062 -87.976 -0.285 0.002 0.677 0.679
13.119 -411.069 -88.011 -0.285 0.002 0.679 0.677
13.042 -411.076 -88.043 -0.285 0.002 0.680 0.676
12.943 -411.086 -88.085 -0.286 0.002 0.681 0.674
12.820 -411.099 -88.136 -0.286 0.003 0.683 0.672
12.709 -411.111 -88.182 -0.287 0.002 0.684 0.670
12.628 -411.120 -88.215 -0.287 0.003 0.686 0.669
12.532 -411.132 -88.255 -0.287 0.003 0.687 0.667
12.417 -411.145 -88.302 -0.288 0.003 0.688 0.666
12.342 -411.155 -88.333 -0.288 0.003 0.689 0.665
12.279 -411.163 -88.359 -0.288 0.004 0.691 0.663
12.155 -411.179 -88.410 -0.289 0.003 0.693 0.661
12.057 -411.193 -88.450 -0.289 0.004 0.694 0.659
11.947 -411.209 -88.496 -0.290 0.004 0.696 0.657
11.852 -411.223 -88.534 -0.290 0.004 0.697 0.656
11.734 -411.242 -88.583 -0.291 0.004 0.698 0.654
11.612 -411.261 -88.633 -0.291 0.004 0.699 0.653
11.534 -411.274 -88.665 -0.292 0.004 0.700 0.651
