26.390 -423.601 -82.405 -0.026 0.000 0.052 0.998
26.377 -423.479 -82.412 -0.028 0.000 0.056 0.998
26.371 -423.425 -82.415 -0.028 0.000 0.058 0.998
26.359 -423.328 -82.420 -0.030 0.000 0.061 0.998
26.347 -423.231 -82.426 -0.031 0.000 0.065 0.997
26.323 -423.060 -82.437 -0.033 0.000 0.070 0.997
26.310 -422.970 -82.444 -0.035 0.000 0.073 0.997
26.295 -422.865 -82.451 -0.036 0.000 0.076 0.996
26.280 -422.772 -82.458 -0.037 0.000 0.079 0.996
26.267 -422.694 -82.464 -0.038 0.000 0.082 0.996
26.244 -422.558 -82.474 -0.039 0.000 0.086 0.996
26.223 -422.437 -82.484 -0.040 0.000 0.090 0.995
26.191 -422.272 -82.498 -0.042 0.000 0.095 0.995
26.161 -422.119 -82.511 -0.045 0.000 0.101 0.994
26.133 -421.988 -82.524 -0.047 0.000 0.105 0.993
26.111 -421.885 -82.534 -0.048 0.000 0.107 0.993
26.092 -421.797 -82.542 -0.049 0.000 0.110 0.993
26.065 -421.678 -82.555 -0.051 0.000 0.113 0.992
26.043 -421.586 -82.564 -0.053 0.000 0.116 0.992
26.018 -421.482 -82.576 -0.054 0.000 0.119 0.991
26.003 -421.422 -82.582 -0.054 0.000 0.121 0.991
25.978 -421.321 -82.594 -0.056 0.000 0.124 0.991
25.958 -421.244 -82.603 -0.058 0.000 0.127 0.990
25.934 -421.154 -82.613 -0.059 0.000 0.130 0.990
25.904 -421.043 -82.627 -0.060 0.000 0.133 0.989
25.875 -420.938 -82.640 -0.062 0.000 0.136 0.989
25.851 -420.854 -82.651 -0.063 0.000 0.139 0.988
25.819 -420.746 -82.665 -0.063 0.000 0.142 0.988
25.780 -420.613 -82.683 -0.066 0.000 0.146 0.987
25.760 -420.550 -82.692 -0.067 0.000 0.148 0.987
25.734 -420.464 -82.704 -0.068 0.000 0.151 0.986
25.689 -420.324 -82.724 -0.069 0.000 0.154 0.986
25.663 -420.244 -82.736 -0.070 0.000 0.156 0.985
25.636 -420.162 -82.748 -0.071 0.000 0.158 0.985
25.612 -420.088 -82.759 -0.072 0.000 0.160 0.985
25.583 -420.004 -82.771 -0.072 0.000 0.161 0.984
25.531 -419.851 -82.795 -0.074 0.000 0.165 0.983
25.503 -419.771 -82.807 -0.074 0.001 0.168 0.983
25.462 -419.657 -82.825 -0.075 0.001 0.172 0.982
25.424 -419.555 -82.842 -0.076 0.001 0.175 0.982
25.381 -419.439 -82.860 -0.077 0.001 0.178 0.981
25.349 -419.356 -82.874 -0.078 0.001 0.180 0.980
25.296 -419.218 -82.897 -0.079 0.001 0.183 0.980
25.269 -419.150 -82.909 -0.081 0.001 0.185 0.979
25.230 -419.051 -82.926 -0.081 0.001 0.188 0.979
25.197 -418.971 -82.940 -0.082 0.001 0.190 0.978
25.154 -418.866 -82.958 -0.083 0.001 0.193 0.978
25.092 -418.718 -82.985 -0.084 0.001 0.197 0.977
25.063 -418.650 -82.997 -0.085 0.001 0.199 0.976
25.028 -418.569 -83.012 -0.086 0.001 0.202 0.976
24.979 -418.457 -83.033 -0.087 0.001 0.205 0.975
24.944 -418.378 -83.048 -0.088 0.001 0.207 0.974
24.886 -418.252 -83.072 -0.089 0.001 0.211 0.973
24.839 -418.149 -83.092 -0.090 0.001 0.214 0.973
24.798 -418.064 -83.109 -0.092 0.001 0.217 0.972
24.761 -417.985 -83.125 -0.093 0.001 0.220 0.971
24.726 -417.914 -83.139 -0.094 0.001 0.222 0.971
24.680 -417.820 -83.159 -0.094 0.001 0.225 0.970
24.641 -417.742 -83.175 -0.095 0.001 0.228 0.969
24.597 -417.654 -83.193 -0.097 0.001 0.231 0.968
24.555 -417.572 -83.211 -0.098 0.001 0.234 0.967
24.502 -417.472 -83.233 -0.100 0.001 0.237 0.966
24.400 -417.282 -83.276 -0.104 0.001 0.245 0.964
24.349 -417.191 -83.297 -0.105 0.001 0.248 0.963
24.301 -417.106 -83.317 -0.106 0.001 0.252 0.962
24.251 -417.018 -83.338 -0.108 0.001 0.255 0.961
24.191 -416.916 -83.364 -0.108 0.001 0.259 0.960
24.146 -416.841 -83.382 -0.109 0.001 0.263 0.959
24.092 -416.752 -83.405 -0.111 0.002 0.266 0.958
24.034 -416.657 -83.429 -0.113 0.001 0.270 0.956
23.956 -416.534 -83.461 -0.114 0.002 0.275 0.955
23.900 -416.447 -83.484 -0.115 0.002 0.278 0.954
23.832 -416.343 -83.512 -0.117 0.002 0.282 0.952
23.771 -416.252 -83.537 -0.119 0.002 0.286 0.951
23.688 -416.131 -83.571 -0.121 0.002 0.291 0.949
23.627 -416.043 -83.597 -0.123 0.002 0.295 0.948
23.571 -415.964 -83.620 -0.124 0.002 0.299 0.946
23.543 -415.925 -83.631 -0.125 0.002 0.300 0.946
23.485 -415.844 -83.656 -0.127 0.002 0.304 0.944
23.423 -415.761 -83.681 -0.128 0.002 0.308 0.943
23.346 -415.659 -83.713 -0.130 0.002 0.313 0.941
23.298 -415.597 -83.733 -0.131 0.002 0.316 0.940
23.237 -415.519 -83.758 -0.133 0.001 0.319 0.938
23.172 -415.437 -83.785 -0.135 0.001 0.323 0.937
23.110 -415.360 -83.811 -0.136 0.001 0.327 0.935
23.044 -415.280 -83.839 -0.138 0.001 0.331 0.934
22.972 -415.194 -83.868 -0.140 0.001 0.335 0.932
22.942 -415.159 -83.881 -0.141 0.001 0.336 0.931
22.853 -415.056 -83.918 -0.144 0.001 0.342 0.929
22.774 -414.967 -83.951 -0.145 0.001 0.346 0.927
22.709 -414.894 -83.979 -0.146 0.001 0.350 0.925
22.625 -414.803 -84.014 -0.148 0.001 0.355 0.923
22.592 -414.768 -84.027 -0.149 0.001 0.356 0.923
22.507 -414.678 -84.062 -0.150 0.002 0.361 0.921
22.453 -414.621 -84.085 -0.151 0.002 0.364 0.919
22.383 -414.550 -84.114 -0.153 0.002 0.367 0.918
22.314 -414.481 -84.142 -0.154 0.002 0.371 0.916
22.265 -414.431 -84.163 -0.155 0.002 0.373 0.915
22.157 -414.326 -84.207 -0.157 0.002 0.378 0.912
22.060 -414.234 -84.247 -0.159 0.002 0.382 0.910
21.989 -414.167 -84.277 -0.160 0.002 0.386 0.909
21.890 -414.076 -84.317 -0.162 0.002 0.390 0.906
21.818 -414.012 -84.347 -0.164 0.002 0.394 0.904
21.750 -413.952 -84.375 -0.165 0.002 0.398 0.903
21.676 -413.888 -84.406 -0.166 0.002 0.401 0.901
21.623 -413.842 -84.427 -0.167 0.002 0.404 0.899
21.556 -413.786 -84.455 -0.169 0.002 0.407 0.898
21.455 -413.702 -84.497 -0.171 0.001 0.411 0.895
21.372 -413.634 -84.531 -0.173 0.001 0.415 0.893
21.275 -413.557 -84.572 -0.174 0.002 0.419 0.891
21.181 -413.485 -84.610 -0.176 0.002 0.423 0.889
21.113 -413.432 -84.638 -0.177 0.002 0.426 0.887
21.044 -413.381 -84.667 -0.179 0.002 0.430 0.885
20.994 -413.343 -84.687 -0.179 0.002 0.432 0.884
20.924 -413.292 -84.717 -0.182 0.001 0.435 0.882
20.815 -413.215 -84.762 -0.184 0.001 0.439 0.879
20.737 -413.160 -84.794 -0.185 0.001 0.443 0.877
20.677 -413.119 -84.819 -0.186 0.001 0.446 0.876
20.558 -413.038 -84.869 -0.188 0.001 0.451 0.873
20.501 -413.001 -84.893 -0.189 0.001 0.453 0.871
20.412 -412.943 -84.930 -0.191 0.001 0.457 0.869
20.350 -412.904 -84.955 -0.192 0.001 0.459 0.867
20.280 -412.860 -84.984 -0.193 0.001 0.462 0.866
20.190 -412.804 -85.022 -0.195 0.001 0.466 0.863
20.091 -412.745 -85.064 -0.198 0.000 0.470 0.860
19.987 -412.684 -85.107 -0.200 0.000 0.474 0.858
19.898 -412.633 -85.145 -0.202 0.000 0.477 0.855
19.826 -412.592 -85.176 -0.204 -0.001 0.480 0.853
19.755 -412.553 -85.206 -0.205 0.000 0.483 0.851
19.648 -412.495 -85.251 -0.207 -0.001 0.487 0.848
19.508 -412.422 -85.311 -0.209 -0.001 0.492 0.845
19.417 -412.375 -85.350 -0.211 -0.001 0.496 0.843
19.317 -412.325 -85.393 -0.212 -0.001 0.499 0.840
19.194 -412.266 -85.445 -0.213 0.000 0.504 0.837
19.092 -412.219 -85.488 -0.215 0.000 0.508 0.834
19.003 -412.178 -85.526 -0.217 0.000 0.511 0.832
18.923 -412.142 -85.560 -0.217 0.000 0.514 0.830
18.855 -412.112 -85.588 -0.218 0.000 0.516 0.828
18.760 -412.071 -85.629 -0.220 -0.001 0.519 0.826
18.667 -412.032 -85.668 -0.222 -0.001 0.522 0.824
18.522 -411.973 -85.730 -0.223 0.000 0.527 0.820
18.411 -411.930 -85.777 -0.224 0.000 0.530 0.818
18.324 -411.896 -85.814 -0.225 0.000 0.532 0.816
18.202 -411.850 -85.865 -0.227 0.000 0.536 0.813
18.095 -411.811 -85.911 -0.228 0.000 0.540 0.810
18.018 -411.784 -85.943 -0.229 0.000 0.542 0.808
17.923 -411.751 -85.983 -0.231 0.000 0.545 0.806
17.869 -411.733 -86.006 -0.232 0.000 0.547 0.804
17.817 -411.715 -86.029 -0.233 -0.001 0.548 0.803
17.721 -411.684 -86.070 -0.235 -0.001 0.551 0.801
17.611 -411.649 -86.117 -0.236 -0.001 0.554 0.798
17.536 -411.627 -86.149 -0.237 -0.002 0.556 0.797
17.415 -411.590 -86.201 -0.239 -0.002 0.559 0.794
17.314 -411.561 -86.244 -0.241 -0.002 0.562 0.791
17.214 -411.533 -86.287 -0.242 -0.002 0.565 0.789
17.089 -411.499 -86.342 -0.244 -0.003 0.569 0.786
17.029 -411.484 -86.367 -0.245 -0.002 0.570 0.784
16.972 -411.469 -86.392 -0.246 -0.002 0.572 0.783
16.855 -411.441 -86.443 -0.247 -0.002 0.576 0.779
16.779 -411.423 -86.476 -0.248 -0.003 0.578 0.777
16.716 -411.408 -86.503 -0.249 -0.002 0.580 0.776
16.636 -411.390 -86.537 -0.250 -0.003 0.582 0.773
16.531 -411.368 -86.584 -0.252 -0.003 0.585 0.771
16.435 -411.348 -86.625 -0.253 -0.002 0.588 0.768
16.343 -411.330 -86.665 -0.253 -0.002 0.590 0.766
16.226 -411.308 -86.715 -0.254 -0.002 0.594 0.763
16.126 -411.290 -86.759 -0.255 -0.002 0.596 0.761
16.058 -411.278 -86.788 -0.256 -0.002 0.598 0.759
15.955 -411.262 -86.832 -0.257 -0.001 0.601 0.756
15.889 -411.251 -86.861 -0.258 -0.001 0.603 0.755
15.814 -411.240 -86.893 -0.258 -0.001 0.605 0.753
15.692 -411.223 -86.945 -0.259 -0.001 0.608 0.751
15.608 -411.211 -86.981 -0.260 -0.001 0.609 0.749
15.494 -411.196 -87.030 -0.261 -0.001 0.613 0.746
15.407 -411.186 -87.067 -0.263 -0.001 0.615 0.743
15.259 -411.170 -87.130 -0.264 -0.001 0.619 0.739
15.167 -411.161 -87.170 -0.265 -0.001 0.622 0.737
15.073 -411.152 -87.210 -0.266 -0.001 0.624 0.735
14.975 -411.144 -87.252 -0.267 -0.001 0.626 0.732
14.893 -411.138 -87.287 -0.268 -0.001 0.629 0.730
14.817 -411.133 -87.319 -0.269 -0.001 0.631 0.728
14.688 -411.126 -87.375 -0.271 -0.001 0.635 0.724
14.587 -411.121 -87.418 -0.271 0.000 0.638 0.721
14.476 -411.117 -87.465 -0.273 0.000 0.641 0.718
14.379 -411.114 -87.507 -0.274 -0.001 0.643 0.715
14.293 -411.113 -87.543 -0.275 0.000 0.646 0.712
14.213 -411.112 -87.577 -0.276 -0.001 0.648 0.710
14.093 -411.111 -87.629 -0.277 -0.001 0.651 0.707
13.964 -411.112 -87.684 -0.278 -0.001 0.654 0.704
13.853 -411.113 -87.731 -0.280 -0.001 0.656 0.701
13.715 -411.117 -87.790 -0.281 -0.001 0.659 0.697
13.646 -411.119 -87.820 -0.282 -0.001 0.661 0.695
13.521 -411.124 -87.873 -0.283 0.000 0.665 0.691
13.420 -411.129 -87.916 -0.283 0.000 0.667 0.690
13.317 -411.135 -87.960 -0.284 0.000 0.668 0.688
13.251 -411.139 -87.988 -0.284 0.000 0.669 0.687
13.163 -411.144 -88.025 -0.285 0.000 0.670 0.685
13.110 -411.148 -88.048 -0.285 0.000 0.671 0.684
13.017 -411.155 -88.087 -0.285 0.001 0.673 0.682
12.915 -411.163 -88.130 -0.285 0.001 0.675 0.681
12.828 -411.170 -88.167 -0.286 0.001 0.676 0.679
12.702 -411.181 -88.219 -0.286 0.002 0.678 0.677
12.625 -411.188 -88.252 -0.287 0.002 0.679 0.676
12.488 -411.202 -88.309 -0.288 0.002 0.682 0.673
12.408 -411.210 -88.343 -0.288 0.002 0.682 0.672
12.319 -411.220 -88.380 -0.288 0.002 0.683 0.671
12.244 -411.228 -88.411 -0.288 0.003 0.685 0.670
12.133 -411.241 -88.457 -0.289 0.003 0.686 0.667
11.994 -411.258 -88.515 -0.290 0.003 0.688 0.665
11.891 -411.272 -88.558 -0.290 0.003 0.690 0.663
11.767 -411.288 -88.609 -0.290 0.004 0.692 0.660
11.682 -411.301 -88.644 -0.291 0.004 0.694 0.659
11.622 -411.309 -88.669 -0.291 0.004 0.694 0.658
