26.391 -423.613 -82.404 -0.025 0.000 0.051 0.998
26.381 -423.514 -82.410 -0.027 0.000 0.055 0.998
26.368 -423.402 -82.416 -0.029 0.000 0.058 0.998
26.361 -423.342 -82.419 -0.030 0.000 0.060 0.998
26.347 -423.233 -82.426 -0.031 0.000 0.064 0.997
26.337 -423.154 -82.431 -0.032 0.000 0.067 0.997
26.324 -423.062 -82.437 -0.033 0.000 0.070 0.997
26.311 -422.968 -82.444 -0.035 0.000 0.073 0.997
26.300 -422.893 -82.449 -0.036 0.000 0.075 0.997
26.278 -422.752 -82.460 -0.038 0.000 0.079 0.996
26.258 -422.634 -82.469 -0.040 0.000 0.083 0.996
26.247 -422.571 -82.474 -0.040 0.000 0.085 0.996
26.227 -422.457 -82.484 -0.042 0.000 0.088 0.995
26.216 -422.395 -82.489 -0.042 0.000 0.090 0.995
26.210 -422.363 -82.492 -0.043 0.000 0.091 0.995
26.184 -422.226 -82.504 -0.045 0.000 0.095 0.994
26.162 -422.112 -82.515 -0.046 0.000 0.099 0.994
26.143 -422.022 -82.523 -0.048 0.000 0.102 0.994
26.122 -421.923 -82.533 -0.049 0.000 0.106 0.993
26.101 -421.825 -82.543 -0.051 0.000 0.109 0.993
26.081 -421.737 -82.552 -0.052 0.000 0.112 0.992
26.065 -421.667 -82.560 -0.053 0.000 0.114 0.992
26.045 -421.582 -82.569 -0.054 0.000 0.117 0.992
26.020 -421.481 -82.580 -0.055 0.000 0.120 0.991
25.992 -421.371 -82.593 -0.057 0.000 0.125 0.991
25.964 -421.261 -82.606 -0.058 0.000 0.128 0.990
25.939 -421.168 -82.617 -0.059 0.000 0.131 0.990
25.913 -421.073 -82.629 -0.060 0.000 0.134 0.989
25.875 -420.937 -82.646 -0.062 0.000 0.137 0.989
25.843 -420.825 -82.661 -0.063 0.000 0.140 0.988
25.812 -420.720 -82.675 -0.065 0.000 0.144 0.987
25.779 -420.611 -82.690 -0.066 0.000 0.146 0.987
25.749 -420.515 -82.703 -0.067 0.000 0.149 0.987
25.702 -420.363 -82.724 -0.069 0.000 0.153 0.986
25.664 -420.249 -82.741 -0.070 0.000 0.156 0.985
25.640 -420.174 -82.752 -0.070 0.001 0.158 0.985
25.596 -420.041 -82.771 -0.071 0.001 0.161 0.984
25.573 -419.975 -82.781 -0.072 0.001 0.163 0.984
25.552 -419.914 -82.791 -0.073 0.001 0.165 0.984
25.508 -419.789 -82.810 -0.074 0.001 0.168 0.983
25.467 -419.674 -82.828 -0.075 0.001 0.171 0.982
25.422 -419.551 -82.848 -0.077 0.001 0.175 0.982
25.380 -419.440 -82.866 -0.077 0.001 0.179 0.981
25.333 -419.318 -82.886 -0.079 0.001 0.181 0.980
25.288 -419.202 -82.905 -0.080 0.001 0.185 0.980
25.256 -419.121 -82.919 -0.080 0.001 0.187 0.979
25.229 -419.053 -82.931 -0.081 0.001 0.188 0.979
25.194 -418.968 -82.945 -0.081 0.001 0.190 0.978
25.164 -418.895 -82.958 -0.082 0.001 0.192 0.978
25.125 -418.801 -82.975 -0.084 0.001 0.195 0.977
25.087 -418.709 -82.991 -0.084 0.001 0.197 0.977
25.036 -418.592 -83.013 -0.086 0.001 0.200 0.976
24.981 -418.464 -83.037 -0.088 0.001 0.204 0.975
24.942 -418.378 -83.053 -0.089 0.001 0.207 0.974
24.886 -418.255 -83.077 -0.091 0.001 0.212 0.973
24.854 -418.185 -83.092 -0.093 0.001 0.213 0.973
24.814 -418.100 -83.109 -0.094 0.001 0.216 0.972
24.768 -418.004 -83.129 -0.095 0.001 0.219 0.971
24.728 -417.921 -83.146 -0.096 0.001 0.222 0.970
24.690 -417.844 -83.162 -0.097 0.001 0.225 0.970
24.630 -417.724 -83.188 -0.099 0.001 0.229 0.968
24.568 -417.604 -83.214 -0.099 0.001 0.234 0.967
24.519 -417.510 -83.235 -0.102 0.001 0.237 0.966
24.468 -417.415 -83.257 -0.103 0.001 0.242 0.965
24.400 -417.290 -83.286 -0.106 0.001 0.247 0.963
24.341 -417.186 -83.311 -0.108 0.001 0.251 0.962
24.281 -417.081 -83.337 -0.110 0.001 0.255 0.961
24.217 -416.971 -83.365 -0.112 0.001 0.259 0.959
24.127 -416.820 -83.404 -0.114 0.001 0.263 0.958
24.080 -416.743 -83.424 -0.115 0.001 0.266 0.957
24.013 -416.635 -83.453 -0.116 0.001 0.270 0.956
23.967 -416.562 -83.472 -0.117 0.001 0.273 0.955
23.902 -416.460 -83.500 -0.119 0.001 0.278 0.953
23.832 -416.353 -83.530 -0.120 0.001 0.282 0.952
23.778 -416.274 -83.553 -0.122 0.001 0.285 0.951
23.718 -416.185 -83.578 -0.123 0.001 0.289 0.949
23.673 -416.119 -83.597 -0.125 0.001 0.292 0.948
23.611 -416.031 -83.624 -0.126 0.001 0.296 0.947
23.546 -415.941 -83.651 -0.127 0.002 0.300 0.945
23.437 -415.792 -83.697 -0.130 0.002 0.307 0.943
23.386 -415.725 -83.718 -0.131 0.002 0.311 0.941
23.301 -415.613 -83.754 -0.134 0.002 0.316 0.939
23.243 -415.539 -83.779 -0.135 0.002 0.319 0.938
23.192 -415.475 -83.800 -0.137 0.001 0.322 0.937
23.101 -415.362 -83.839 -0.140 0.001 0.328 0.934
23.033 -415.281 -83.868 -0.141 0.001 0.331 0.933
22.947 -415.179 -83.904 -0.143 0.001 0.336 0.931
22.860 -415.078 -83.941 -0.146 0.001 0.341 0.929
22.793 -415.001 -83.970 -0.148 0.001 0.345 0.927
22.734 -414.936 -83.995 -0.149 0.001 0.348 0.926
22.689 -414.887 -84.014 -0.151 0.001 0.350 0.924
22.626 -414.818 -84.042 -0.152 0.001 0.354 0.923
22.529 -414.715 -84.084 -0.154 0.001 0.359 0.921
22.466 -414.649 -84.110 -0.156 0.001 0.362 0.919
22.396 -414.577 -84.141 -0.158 0.000 0.365 0.917
22.332 -414.513 -84.168 -0.159 0.000 0.369 0.916
22.277 -414.458 -84.192 -0.161 0.000 0.372 0.914
22.169 -414.353 -84.239 -0.163 0.000 0.377 0.912
22.117 -414.303 -84.261 -0.165 0.000 0.379 0.910
22.043 -414.233 -84.293 -0.166 0.000 0.383 0.909
22.002 -414.195 -84.311 -0.167 0.000 0.385 0.908
21.895 -414.097 -84.358 -0.169 0.000 0.390 0.905
21.811 -414.022 -84.394 -0.171 0.000 0.394 0.903
21.740 -413.959 -84.425 -0.173 0.000 0.397 0.901
21.643 -413.876 -84.467 -0.174 0.001 0.402 0.899
21.553 -413.800 -84.505 -0.175 0.001 0.406 0.897
21.495 -413.752 -84.531 -0.177 0.001 0.409 0.895
21.416 -413.687 -84.565 -0.178 0.001 0.413 0.893
21.323 -413.613 -84.605 -0.180 0.000 0.417 0.891
21.244 -413.551 -84.639 -0.182 0.000 0.421 0.888
21.173 -413.497 -84.670 -0.183 0.001 0.425 0.887
21.134 -413.467 -84.686 -0.184 0.001 0.426 0.886
21.054 -413.408 -84.721 -0.185 0.001 0.430 0.884
20.941 -413.326 -84.769 -0.188 0.001 0.435 0.881
20.871 -413.275 -84.800 -0.189 0.000 0.438 0.879
20.807 -413.230 -84.827 -0.190 0.001 0.441 0.877
20.700 -413.157 -84.873 -0.192 0.001 0.446 0.874
20.642 -413.118 -84.898 -0.193 0.001 0.448 0.873
20.549 -413.057 -84.938 -0.194 0.001 0.452 0.870
20.464 -413.002 -84.974 -0.196 0.001 0.456 0.868
20.396 -412.958 -85.004 -0.198 0.001 0.459 0.866
20.272 -412.882 -85.057 -0.199 0.001 0.464 0.863
20.184 -412.828 -85.095 -0.201 0.001 0.467 0.861
20.132 -412.797 -85.117 -0.201 0.001 0.469 0.860
20.056 -412.752 -85.149 -0.202 0.001 0.472 0.858
19.964 -412.699 -85.189 -0.204 0.001 0.475 0.856
19.916 -412.672 -85.209 -0.205 0.001 0.477 0.855
19.796 -412.606 -85.260 -0.207 0.001 0.482 0.852
19.695 -412.550 -85.304 -0.207 0.002 0.486 0.849
19.594 -412.497 -85.347 -0.209 0.002 0.489 0.847
19.512 -412.455 -85.382 -0.210 0.001 0.492 0.845
19.397 -412.396 -85.430 -0.211 0.002 0.496 0.842
19.297 -412.347 -85.473 -0.213 0.002 0.500 0.840
19.205 -412.303 -85.512 -0.214 0.002 0.503 0.838
19.104 -412.255 -85.555 -0.216 0.002 0.506 0.835
19.014 -412.213 -85.593 -0.218 0.001 0.509 0.833
18.929 -412.175 -85.629 -0.218 0.002 0.512 0.831
18.837 -412.134 -85.668 -0.220 0.002 0.514 0.829
18.726 -412.086 -85.715 -0.221 0.002 0.518 0.827
18.625 -412.044 -85.758 -0.223 0.001 0.521 0.824
18.501 -411.992 -85.811 -0.225 0.001 0.525 0.821
18.404 -411.954 -85.853 -0.226 0.001 0.528 0.819
18.313 -411.919 -85.891 -0.227 0.001 0.531 0.816
18.196 -411.875 -85.942 -0.229 0.002 0.535 0.814
18.074 -411.830 -85.993 -0.230 0.002 0.539 0.811
18.036 -411.817 -86.010 -0.231 0.002 0.540 0.810
17.972 -411.794 -86.037 -0.231 0.002 0.542 0.808
17.846 -411.751 -86.090 -0.233 0.002 0.546 0.805
17.709 -411.706 -86.148 -0.234 0.002 0.551 0.801
17.613 -411.675 -86.189 -0.236 0.002 0.553 0.799
17.523 -411.648 -86.227 -0.236 0.002 0.556 0.797
17.485 -411.636 -86.243 -0.237 0.003 0.557 0.796
17.391 -411.609 -86.282 -0.238 0.003 0.560 0.794
17.301 -411.583 -86.320 -0.239 0.003 0.563 0.791
17.236 -411.565 -86.347 -0.239 0.003 0.565 0.789
17.164 -411.545 -86.377 -0.240 0.003 0.568 0.787
17.073 -411.521 -86.415 -0.241 0.004 0.571 0.785
16.972 -411.496 -86.457 -0.242 0.003 0.574 0.782
16.867 -411.470 -86.501 -0.244 0.003 0.577 0.779
16.749 -411.442 -86.551 -0.245 0.003 0.581 0.776
16.647 -411.420 -86.593 -0.247 0.003 0.583 0.774
16.598 -411.409 -86.614 -0.247 0.003 0.585 0.773
16.516 -411.392 -86.648 -0.249 0.003 0.587 0.771
16.431 -411.375 -86.684 -0.250 0.002 0.589 0.768
16.365 -411.361 -86.712 -0.251 0.002 0.590 0.767
16.291 -411.347 -86.743 -0.252 0.002 0.592 0.766
16.159 -411.322 -86.799 -0.253 0.002 0.595 0.763
16.056 -411.304 -86.842 -0.254 0.002 0.598 0.760
15.983 -411.292 -86.873 -0.254 0.002 0.600 0.759
15.918 -411.281 -86.900 -0.255 0.002 0.601 0.758
15.816 -411.265 -86.943 -0.256 0.003 0.603 0.756
15.735 -411.252 -86.977 -0.256 0.003 0.604 0.754
15.599 -411.233 -87.034 -0.258 0.003 0.608 0.751
15.499 -411.219 -87.076 -0.259 0.003 0.610 0.749
15.448 -411.212 -87.098 -0.259 0.003 0.611 0.748
15.340 -411.199 -87.143 -0.260 0.003 0.614 0.745
15.226 -411.185 -87.191 -0.261 0.003 0.617 0.742
15.115 -411.174 -87.237 -0.263 0.003 0.620 0.739
14.998 -411.163 -87.286 -0.265 0.002 0.623 0.736
14.942 -411.158 -87.310 -0.265 0.002 0.625 0.734
14.843 -411.149 -87.351 -0.266 0.002 0.628 0.731
14.731 -411.142 -87.398 -0.268 0.002 0.631 0.729
14.635 -411.136 -87.438 -0.269 0.002 0.633 0.726
14.549 -411.131 -87.475 -0.270 0.002 0.635 0.724
14.474 -411.127 -87.506 -0.270 0.003 0.638 0.721
14.366 -411.123 -87.552 -0.271 0.003 0.641 0.718
14.255 -411.120 -87.598 -0.272 0.003 0.644 0.715
14.177 -411.118 -87.630 -0.273 0.003 0.646 0.713
14.044 -411.117 -87.687 -0.275 0.002 0.649 0.709
13.975 -411.117 -87.716 -0.276 0.002 0.651 0.707
13.853 -411.117 -87.767 -0.277 0.003 0.654 0.704
13.728 -411.119 -87.819 -0.277 0.003 0.657 0.701
13.668 -411.120 -87.844 -0.278 0.004 0.658 0.700
13.587 -411.121 -87.878 -0.278 0.004 0.659 0.699
13.525 -411.123 -87.904 -0.278 0.004 0.660 0.698
13.429 -411.125 -87.943 -0.278 0.004 0.662 0.696
13.354 -411.128 -87.975 -0.279 0.004 0.663 0.695
13.287 -411.131 -88.002 -0.279 0.005 0.664 0.693
13.237 -411.133 -88.023 -0.279 0.005 0.665 0.692
13.109 -411.139 -88.075 -0.280 0.005 0.668 0.690
13.031 -411.143 -88.107 -0.280 0.006 0.669 0.688
12.903 -411.151 -88.159 -0.281 0.005 0.671 0.686
12.848 -411.155 -88.182 -0.282 0.005 0.672 0.685
12.757 -411.161 -88.219 -0.282 0.005 0.673 0.683
12.671 -411.167 -88.255 -0.283 0.005 0.674 0.682
12.579 -411.174 -88.292 -0.283 0.005 0.676 0.681
12.494 -411.181 -88.327 -0.284 0.005 0.677 0.679
12.391 -411.190 -88.370 -0.284 0.005 0.678 0.678
12.341 -411.194 -88.390 -0.284 0.005 0.679 0.677
12.245 -411.203 -88.429 -0.284 0.006 0.680 0.675
12.082 -411.219 -88.495 -0.285 0.006 0.682 0.674
12.010 -411.227 -88.525 -0.285 0.006 0.683 0.672
11.936 -411.234 -88.555 -0.286 0.006 0.684 0.671
11.812 -411.248 -88.605 -0.287 0.006 0.686 0.669
11.759 -411.254 -88.627 -0.287 0.006 0.687 0.668
11.658 -411.266 -88.668 -0.287 0.006 0.688 0.666
11.540 -411.281 -88.716 -0.288 0.007 0.690 0.664
