26.393 -423.624 -82.404 -0.026 0.000 0.050 0.998
26.376 -423.472 -82.412 -0.029 0.000 0.055 0.998
26.362 -423.350 -82.419 -0.030 0.000 0.059 0.998
26.349 -423.240 -82.426 -0.031 0.000 0.063 0.998
26.334 -423.130 -82.433 -0.033 0.000 0.067 0.997
26.318 -423.010 -82.442 -0.034 0.000 0.071 0.997
26.307 -422.935 -82.447 -0.035 0.000 0.074 0.997
26.291 -422.833 -82.454 -0.036 0.000 0.077 0.996
26.275 -422.733 -82.461 -0.037 0.000 0.080 0.996
26.255 -422.613 -82.470 -0.038 0.000 0.084 0.996
26.237 -422.506 -82.479 -0.039 0.000 0.087 0.995
26.213 -422.372 -82.489 -0.041 0.000 0.091 0.995
26.182 -422.211 -82.503 -0.043 0.000 0.096 0.994
26.160 -422.103 -82.513 -0.044 0.000 0.099 0.994
26.141 -422.010 -82.521 -0.045 0.000 0.102 0.994
26.125 -421.930 -82.529 -0.046 0.000 0.105 0.993
26.108 -421.853 -82.536 -0.047 0.000 0.108 0.993
26.082 -421.737 -82.547 -0.049 0.000 0.111 0.993
26.056 -421.625 -82.558 -0.050 0.000 0.115 0.992
26.032 -421.525 -82.569 -0.052 0.000 0.118 0.992
26.004 -421.413 -82.581 -0.053 0.000 0.121 0.991
25.971 -421.280 -82.596 -0.055 0.000 0.125 0.991
25.945 -421.179 -82.607 -0.056 0.000 0.128 0.990
25.915 -421.069 -82.620 -0.058 0.000 0.132 0.990
25.881 -420.945 -82.635 -0.060 0.000 0.136 0.989
25.857 -420.862 -82.646 -0.061 0.000 0.139 0.988
25.829 -420.765 -82.658 -0.062 0.000 0.141 0.988
25.794 -420.649 -82.673 -0.063 0.000 0.145 0.987
25.761 -420.541 -82.687 -0.065 0.000 0.149 0.987
25.743 -420.481 -82.696 -0.066 0.000 0.150 0.987
25.714 -420.391 -82.708 -0.066 0.000 0.152 0.986
25.684 -420.297 -82.721 -0.067 0.001 0.155 0.986
25.654 -420.206 -82.734 -0.068 0.000 0.157 0.985
25.616 -420.092 -82.751 -0.070 0.000 0.160 0.985
25.594 -420.025 -82.761 -0.071 0.000 0.162 0.984
25.555 -419.912 -82.778 -0.072 0.000 0.165 0.984
25.527 -419.832 -82.790 -0.074 0.000 0.167 0.983
25.493 -419.737 -82.805 -0.075 0.000 0.170 0.983
25.466 -419.664 -82.816 -0.075 0.000 0.172 0.982
25.430 -419.564 -82.832 -0.076 0.001 0.175 0.982
25.387 -419.450 -82.851 -0.077 0.000 0.178 0.981
25.355 -419.366 -82.864 -0.078 0.001 0.181 0.980
25.325 -419.287 -82.878 -0.079 0.001 0.183 0.980
25.284 -419.182 -82.895 -0.080 0.001 0.186 0.979
25.254 -419.107 -82.908 -0.081 0.001 0.188 0.979
25.219 -419.020 -82.923 -0.082 0.001 0.189 0.978
25.188 -418.944 -82.937 -0.083 0.001 0.192 0.978
25.154 -418.863 -82.951 -0.083 0.001 0.193 0.978
25.137 -418.821 -82.959 -0.084 0.001 0.194 0.977
25.111 -418.759 -82.970 -0.084 0.001 0.196 0.977
25.067 -418.656 -82.989 -0.086 0.001 0.199 0.976
25.028 -418.565 -83.006 -0.086 0.001 0.202 0.976
24.982 -418.462 -83.025 -0.088 0.001 0.205 0.975
24.935 -418.356 -83.045 -0.089 0.001 0.208 0.974
24.892 -418.262 -83.063 -0.090 0.001 0.211 0.973
24.854 -418.179 -83.080 -0.091 0.001 0.213 0.973
24.821 -418.110 -83.093 -0.092 0.001 0.216 0.972
24.780 -418.024 -83.111 -0.093 0.001 0.219 0.971
24.751 -417.963 -83.123 -0.094 0.001 0.221 0.971
24.719 -417.898 -83.137 -0.095 0.001 0.224 0.970
24.677 -417.814 -83.154 -0.097 0.001 0.226 0.969
24.623 -417.707 -83.177 -0.098 0.001 0.230 0.968
24.579 -417.621 -83.196 -0.098 0.001 0.234 0.967
24.541 -417.548 -83.212 -0.099 0.001 0.236 0.967
24.486 -417.444 -83.235 -0.101 0.001 0.241 0.965
24.434 -417.348 -83.257 -0.102 0.001 0.244 0.964
24.383 -417.255 -83.278 -0.103 0.001 0.247 0.963
24.338 -417.176 -83.296 -0.104 0.001 0.250 0.963
24.291 -417.093 -83.316 -0.104 0.002 0.253 0.962
24.236 -416.998 -83.338 -0.104 0.002 0.255 0.961
24.185 -416.909 -83.359 -0.106 0.002 0.258 0.960
24.120 -416.800 -83.385 -0.108 0.002 0.262 0.959
24.067 -416.713 -83.407 -0.110 0.002 0.265 0.958
24.011 -416.621 -83.430 -0.111 0.001 0.269 0.957
23.956 -416.533 -83.453 -0.112 0.002 0.272 0.956
23.905 -416.452 -83.474 -0.113 0.002 0.275 0.955
23.837 -416.347 -83.501 -0.115 0.002 0.279 0.953
23.796 -416.284 -83.518 -0.116 0.002 0.281 0.953
23.740 -416.201 -83.541 -0.117 0.002 0.285 0.951
23.670 -416.096 -83.570 -0.119 0.002 0.290 0.950
23.605 -416.002 -83.596 -0.120 0.002 0.293 0.948
23.567 -415.949 -83.612 -0.121 0.002 0.296 0.948
23.507 -415.865 -83.636 -0.123 0.002 0.300 0.946
23.429 -415.758 -83.668 -0.125 0.002 0.305 0.944
23.360 -415.664 -83.696 -0.127 0.002 0.309 0.943
23.294 -415.577 -83.723 -0.128 0.002 0.313 0.941
23.233 -415.498 -83.748 -0.130 0.002 0.316 0.940
23.171 -415.419 -83.773 -0.131 0.002 0.320 0.938
23.115 -415.349 -83.796 -0.133 0.002 0.324 0.937
23.057 -415.277 -83.820 -0.135 0.001 0.327 0.935
23.007 -415.217 -83.841 -0.135 0.002 0.330 0.934
22.946 -415.143 -83.866 -0.137 0.002 0.334 0.933
22.879 -415.065 -83.893 -0.138 0.002 0.337 0.931
22.819 -414.996 -83.917 -0.139 0.002 0.341 0.930
22.753 -414.920 -83.944 -0.141 0.002 0.344 0.928
22.708 -414.869 -83.962 -0.142 0.002 0.347 0.927
22.643 -414.797 -83.988 -0.144 0.002 0.350 0.926
22.557 -414.703 -84.024 -0.145 0.002 0.354 0.924
22.474 -414.615 -84.058 -0.147 0.002 0.359 0.922
22.415 -414.552 -84.082 -0.149 0.002 0.362 0.920
22.354 -414.490 -84.107 -0.150 0.002 0.366 0.919
22.307 -414.442 -84.126 -0.151 0.002 0.368 0.917
22.250 -414.385 -84.149 -0.153 0.001 0.371 0.916
22.186 -414.322 -84.175 -0.154 0.002 0.374 0.914
22.093 -414.231 -84.213 -0.156 0.002 0.379 0.912
21.997 -414.141 -84.252 -0.157 0.002 0.383 0.910
21.915 -414.064 -84.286 -0.159 0.002 0.387 0.908
21.815 -413.973 -84.327 -0.161 0.002 0.392 0.906
21.751 -413.915 -84.353 -0.162 0.002 0.394 0.905
21.664 -413.838 -84.389 -0.164 0.002 0.399 0.902
21.585 -413.770 -84.421 -0.166 0.002 0.403 0.900
21.509 -413.705 -84.452 -0.167 0.002 0.407 0.898
21.442 -413.649 -84.479 -0.167 0.002 0.409 0.897
21.367 -413.588 -84.510 -0.169 0.002 0.413 0.895
21.296 -413.530 -84.539 -0.170 0.002 0.416 0.894
21.190 -413.446 -84.582 -0.171 0.002 0.421 0.891
21.114 -413.387 -84.612 -0.173 0.002 0.424 0.889
21.031 -413.324 -84.646 -0.174 0.002 0.428 0.887
20.980 -413.286 -84.666 -0.175 0.002 0.430 0.886
20.897 -413.224 -84.700 -0.176 0.002 0.434 0.884
20.781 -413.140 -84.747 -0.178 0.003 0.438 0.881
20.698 -413.082 -84.780 -0.179 0.003 0.442 0.879
20.622 -413.029 -84.811 -0.181 0.002 0.445 0.877
20.533 -412.968 -84.847 -0.182 0.002 0.449 0.875
20.446 -412.910 -84.882 -0.183 0.003 0.453 0.873
20.372 -412.861 -84.911 -0.184 0.003 0.456 0.871
20.270 -412.796 -84.952 -0.187 0.002 0.460 0.868
20.179 -412.738 -84.989 -0.189 0.002 0.464 0.866
20.078 -412.676 -85.030 -0.191 0.002 0.468 0.863
20.018 -412.640 -85.055 -0.192 0.002 0.470 0.861
19.914 -412.579 -85.097 -0.194 0.001 0.474 0.859
19.797 -412.512 -85.145 -0.197 0.001 0.479 0.856
19.707 -412.462 -85.181 -0.198 0.001 0.482 0.853
19.652 -412.432 -85.204 -0.198 0.002 0.484 0.852
19.592 -412.399 -85.228 -0.199 0.002 0.487 0.851
19.495 -412.347 -85.268 -0.201 0.001 0.490 0.848
19.410 -412.303 -85.302 -0.202 0.002 0.493 0.846
19.271 -412.232 -85.359 -0.204 0.002 0.499 0.842
19.209 -412.201 -85.384 -0.205 0.001 0.500 0.841
19.122 -412.159 -85.420 -0.207 0.001 0.503 0.839
19.054 -412.126 -85.448 -0.208 0.001 0.506 0.837
18.938 -412.072 -85.496 -0.211 0.000 0.510 0.834
18.829 -412.023 -85.540 -0.212 0.001 0.514 0.831
18.746 -411.986 -85.575 -0.213 0.001 0.517 0.829
18.658 -411.948 -85.611 -0.214 0.001 0.520 0.827
18.573 -411.912 -85.646 -0.215 0.001 0.522 0.825
18.499 -411.882 -85.676 -0.216 0.001 0.525 0.823
18.416 -411.848 -85.710 -0.217 0.001 0.527 0.821
18.334 -411.816 -85.744 -0.218 0.001 0.530 0.819
18.235 -411.777 -85.785 -0.220 0.001 0.534 0.817
18.143 -411.743 -85.822 -0.221 0.001 0.536 0.815
18.061 -411.712 -85.856 -0.222 0.001 0.538 0.813
17.960 -411.675 -85.897 -0.223 0.001 0.542 0.810
17.884 -411.649 -85.929 -0.224 0.001 0.544 0.809
17.747 -411.602 -85.985 -0.225 0.001 0.549 0.805
17.677 -411.579 -86.014 -0.226 0.001 0.551 0.803
17.607 -411.556 -86.042 -0.227 0.001 0.553 0.802
17.541 -411.535 -86.069 -0.228 0.001 0.555 0.800
17.414 -411.496 -86.121 -0.229 0.001 0.559 0.797
17.323 -411.468 -86.158 -0.230 0.002 0.562 0.795
17.239 -411.444 -86.192 -0.231 0.002 0.564 0.793
17.162 -411.422 -86.224 -0.232 0.002 0.567 0.790
17.101 -411.406 -86.248 -0.233 0.002 0.569 0.789
17.032 -411.387 -86.276 -0.233 0.002 0.570 0.788
16.949 -411.365 -86.310 -0.234 0.002 0.572 0.786
16.887 -411.349 -86.335 -0.234 0.002 0.573 0.785
16.825 -411.333 -86.361 -0.235 0.002 0.575 0.784
16.713 -411.305 -86.406 -0.237 0.002 0.578 0.781
16.642 -411.288 -86.435 -0.238 0.002 0.581 0.779
16.522 -411.261 -86.483 -0.238 0.002 0.584 0.776
16.460 -411.247 -86.508 -0.239 0.002 0.586 0.774
16.373 -411.228 -86.543 -0.240 0.002 0.588 0.772
16.255 -411.203 -86.591 -0.241 0.003 0.591 0.769
16.186 -411.190 -86.619 -0.241 0.003 0.593 0.768
16.070 -411.167 -86.666 -0.243 0.003 0.597 0.765
15.943 -411.145 -86.717 -0.244 0.003 0.600 0.762
15.798 -411.120 -86.775 -0.245 0.003 0.603 0.759
15.718 -411.107 -86.807 -0.246 0.003 0.605 0.757
15.621 -411.091 -86.846 -0.247 0.003 0.608 0.755
15.542 -411.080 -86.878 -0.248 0.003 0.610 0.753
15.447 -411.066 -86.916 -0.249 0.003 0.612 0.750
15.357 -411.054 -86.952 -0.250 0.003 0.615 0.748
15.257 -411.042 -86.992 -0.251 0.003 0.618 0.745
15.128 -411.027 -87.044 -0.252 0.003 0.622 0.742
15.017 -411.016 -87.089 -0.254 0.003 0.625 0.738
14.929 -411.008 -87.124 -0.255 0.003 0.627 0.736
14.801 -410.997 -87.175 -0.256 0.003 0.631 0.733
14.702 -410.989 -87.215 -0.256 0.004 0.634 0.730
14.592 -410.982 -87.258 -0.257 0.004 0.637 0.727
14.526 -410.978 -87.285 -0.258 0.004 0.639 0.725
14.450 -410.974 -87.315 -0.259 0.004 0.641 0.723
14.380 -410.971 -87.342 -0.259 0.004 0.643 0.721
14.269 -410.967 -87.386 -0.261 0.005 0.646 0.717
14.185 -410.965 -87.420 -0.262 0.004 0.648 0.715
14.103 -410.963 -87.452 -0.263 0.004 0.651 0.713
14.003 -410.962 -87.492 -0.264 0.004 0.653 0.710
13.961 -410.962 -87.509 -0.264 0.004 0.654 0.709
13.844 -410.962 -87.555 -0.266 0.003 0.657 0.705
13.793 -410.962 -87.576 -0.267 0.003 0.658 0.704
13.683 -410.963 -87.620 -0.268 0.003 0.661 0.701
13.582 -410.966 -87.660 -0.268 0.004 0.663 0.699
13.428 -410.970 -87.721 -0.269 0.004 0.666 0.696
13.317 -410.974 -87.766 -0.269 0.004 0.667 0.694
13.221 -410.978 -87.803 -0.270 0.004 0.669 0.693
13.130 -410.982 -87.839 -0.270 0.004 0.670 0.691
13.042 -410.986 -87.874 -0.271 0.004 0.672 0.690
12.957 -410.991 -87.908 -0.271 0.004 0.673 0.688
12.880 -410.996 -87.938 -0.272 0.004 0.674 0.687
12.813 -411.000 -87.965 -0.272 0.005 0.675 0.685
12.757 -411.004 -87.987 -0.272 0.005 0.676 0.684
12.649 -411.011 -88.030 -0.273 0.005 0.678 0.682
12.577 -411.017 -88.058 -0.273 0.006 0.679 0.681
12.473 -411.025 -88.099 -0.273 0.006 0.681 0.680
12.400 -411.031 -88.127 -0.273 0.006 0.682 0.679
12.291 -411.041 -88.169 -0.274 0.006 0.684 0.676
12.164 -411.053 -88.219 -0.274 0.007 0.686 0.674
12.057 -411.064 -88.260 -0.274 0.008 0.688 0.672
11.998 -411.070 -88.283 -0.274 0.008 0.688 0.671
11.892 -411.081 -88.324 -0.275 0.008 0.690 0.670
11.793 -411.093 -88.362 -0.275 0.008 0.691 0.669
11.706 -411.103 -88.395 -0.275 0.008 0.692 0.667
11.613 -411.114 -88.431 -0.275 0.008 0.693 0.666
11.544 -411.123 -88.457 -0.275 0.009 0.694 0.665
11.455 -411.134 -88.491 -0.276 0.009 0.695 0.664
