26.390 -423.596 -82.405 -0.026 0.000 0.051 0.998
26.380 -423.507 -82.410 -0.028 0.000 0.055 0.998
26.361 -423.344 -82.420 -0.029 0.000 0.060 0.998
26.352 -423.268 -82.424 -0.030 0.000 0.063 0.998
26.341 -423.185 -82.429 -0.032 0.000 0.065 0.997
26.328 -423.087 -82.436 -0.033 0.000 0.068 0.997
26.316 -423.005 -82.441 -0.034 0.000 0.071 0.997
26.307 -422.939 -82.446 -0.035 0.000 0.073 0.997
26.287 -422.811 -82.455 -0.036 0.000 0.077 0.996
26.276 -422.740 -82.460 -0.037 0.000 0.080 0.996
26.261 -422.651 -82.467 -0.039 0.000 0.082 0.996
26.246 -422.561 -82.474 -0.040 0.000 0.085 0.996
26.227 -422.453 -82.483 -0.042 0.000 0.089 0.995
26.211 -422.365 -82.491 -0.043 0.000 0.092 0.995
26.198 -422.294 -82.497 -0.043 0.000 0.094 0.995
26.182 -422.214 -82.504 -0.045 0.000 0.096 0.994
26.156 -422.086 -82.516 -0.046 0.000 0.101 0.994
26.138 -421.997 -82.524 -0.047 0.000 0.104 0.993
26.120 -421.912 -82.533 -0.048 0.000 0.107 0.993
26.097 -421.809 -82.543 -0.050 0.000 0.110 0.993
26.077 -421.722 -82.552 -0.051 0.000 0.113 0.992
26.051 -421.614 -82.563 -0.052 0.000 0.116 0.992
26.022 -421.493 -82.576 -0.053 0.000 0.120 0.991
25.996 -421.388 -82.588 -0.055 0.000 0.123 0.991
25.969 -421.285 -82.600 -0.056 0.000 0.126 0.990
25.940 -421.175 -82.612 -0.057 0.000 0.130 0.990
25.914 -421.078 -82.624 -0.058 0.001 0.133 0.989
25.883 -420.967 -82.638 -0.060 0.000 0.136 0.989
25.841 -420.822 -82.656 -0.062 0.000 0.140 0.988
25.809 -420.713 -82.670 -0.063 0.000 0.143 0.988
25.778 -420.611 -82.683 -0.064 0.000 0.146 0.987
25.746 -420.508 -82.697 -0.065 0.001 0.149 0.987
25.709 -420.388 -82.714 -0.066 0.001 0.152 0.986
25.680 -420.297 -82.726 -0.068 0.001 0.154 0.986
25.652 -420.214 -82.738 -0.068 0.001 0.156 0.985
25.625 -420.131 -82.750 -0.068 0.001 0.159 0.985
25.599 -420.052 -82.761 -0.069 0.001 0.161 0.984
25.566 -419.955 -82.775 -0.070 0.001 0.164 0.984
25.532 -419.859 -82.790 -0.071 0.001 0.167 0.983
25.509 -419.794 -82.799 -0.072 0.001 0.169 0.983
25.475 -419.700 -82.814 -0.074 0.001 0.172 0.982
25.453 -419.640 -82.823 -0.075 0.001 0.174 0.982
25.423 -419.558 -82.836 -0.076 0.001 0.176 0.981
25.388 -419.466 -82.851 -0.077 0.001 0.179 0.981
25.361 -419.395 -82.863 -0.077 0.001 0.181 0.980
25.315 -419.278 -82.882 -0.079 0.001 0.184 0.980
25.262 -419.143 -82.905 -0.081 0.001 0.187 0.979
25.234 -419.072 -82.917 -0.081 0.001 0.188 0.979
25.195 -418.977 -82.934 -0.083 0.000 0.191 0.978
25.167 -418.907 -82.946 -0.084 0.000 0.192 0.978
25.137 -418.834 -82.960 -0.084 0.000 0.193 0.978
25.096 -418.737 -82.977 -0.085 0.000 0.195 0.977
25.065 -418.662 -82.991 -0.087 0.000 0.197 0.976
25.030 -418.582 -83.006 -0.088 0.000 0.199 0.976
25.004 -418.521 -83.018 -0.089 0.000 0.201 0.976
24.967 -418.435 -83.034 -0.089 0.000 0.204 0.975
24.905 -418.297 -83.061 -0.091 0.000 0.208 0.974
24.863 -418.206 -83.080 -0.093 0.000 0.211 0.973
24.819 -418.110 -83.099 -0.094 0.000 0.214 0.972
24.794 -418.057 -83.110 -0.094 0.000 0.215 0.972
24.760 -417.984 -83.125 -0.095 0.000 0.217 0.971
24.713 -417.887 -83.145 -0.096 0.000 0.221 0.971
24.666 -417.791 -83.166 -0.098 0.000 0.224 0.970
24.607 -417.672 -83.192 -0.100 0.000 0.229 0.968
24.555 -417.571 -83.215 -0.102 0.000 0.233 0.967
24.525 -417.514 -83.227 -0.103 0.000 0.234 0.967
24.475 -417.419 -83.249 -0.104 0.000 0.238 0.966
24.436 -417.346 -83.266 -0.105 0.000 0.240 0.965
24.398 -417.275 -83.283 -0.106 0.000 0.243 0.964
24.359 -417.205 -83.300 -0.106 0.001 0.245 0.964
24.324 -417.141 -83.315 -0.107 0.001 0.247 0.963
24.283 -417.067 -83.333 -0.108 0.001 0.250 0.962
24.227 -416.970 -83.357 -0.110 0.001 0.253 0.961
24.177 -416.884 -83.379 -0.111 0.001 0.256 0.960
24.149 -416.836 -83.391 -0.112 0.001 0.258 0.960
24.111 -416.770 -83.408 -0.113 0.001 0.261 0.959
24.060 -416.686 -83.430 -0.114 0.001 0.264 0.958
23.995 -416.579 -83.458 -0.116 0.001 0.268 0.956
23.942 -416.495 -83.480 -0.116 0.001 0.270 0.956
23.894 -416.418 -83.501 -0.118 0.001 0.273 0.955
23.813 -416.293 -83.535 -0.119 0.001 0.278 0.953
23.774 -416.233 -83.552 -0.119 0.001 0.280 0.953
23.725 -416.159 -83.573 -0.121 0.001 0.282 0.952
23.657 -416.057 -83.602 -0.122 0.001 0.286 0.950
23.601 -415.975 -83.626 -0.124 0.001 0.289 0.949
23.536 -415.881 -83.654 -0.126 0.001 0.294 0.947
23.479 -415.800 -83.678 -0.128 0.001 0.297 0.946
23.407 -415.701 -83.709 -0.130 0.001 0.302 0.944
23.353 -415.626 -83.733 -0.132 0.001 0.305 0.943
23.309 -415.568 -83.751 -0.133 0.001 0.308 0.942
23.282 -415.531 -83.763 -0.134 0.001 0.310 0.941
23.229 -415.462 -83.786 -0.135 0.001 0.313 0.940
23.176 -415.393 -83.809 -0.136 0.001 0.316 0.939
23.099 -415.295 -83.842 -0.138 0.001 0.320 0.937
23.044 -415.227 -83.865 -0.139 0.001 0.323 0.936
22.970 -415.135 -83.897 -0.141 0.001 0.327 0.934
22.903 -415.054 -83.926 -0.143 0.001 0.331 0.933
22.841 -414.980 -83.953 -0.145 0.001 0.334 0.931
22.768 -414.896 -83.984 -0.146 0.001 0.339 0.930
22.715 -414.835 -84.007 -0.147 0.001 0.342 0.928
22.635 -414.744 -84.041 -0.149 0.001 0.346 0.926
22.550 -414.650 -84.078 -0.150 0.001 0.351 0.924
22.466 -414.559 -84.114 -0.152 0.001 0.355 0.922
22.386 -414.475 -84.148 -0.154 0.001 0.360 0.920
22.323 -414.410 -84.174 -0.155 0.001 0.363 0.919
22.236 -414.321 -84.211 -0.158 0.001 0.368 0.917
22.166 -414.251 -84.241 -0.159 0.001 0.371 0.915
22.092 -414.178 -84.273 -0.161 0.001 0.375 0.913
22.049 -414.137 -84.291 -0.161 0.001 0.377 0.912
21.975 -414.066 -84.323 -0.163 0.001 0.381 0.910
21.888 -413.985 -84.360 -0.166 0.001 0.385 0.908
21.836 -413.937 -84.382 -0.167 0.001 0.388 0.907
21.790 -413.895 -84.402 -0.168 0.001 0.390 0.905
21.731 -413.842 -84.427 -0.169 0.001 0.393 0.904
21.645 -413.766 -84.464 -0.170 0.001 0.397 0.902
21.559 -413.691 -84.501 -0.173 0.001 0.402 0.899
21.461 -413.609 -84.543 -0.174 0.001 0.406 0.897
21.372 -413.536 -84.581 -0.176 0.001 0.410 0.895
21.285 -413.464 -84.618 -0.178 0.001 0.414 0.893
21.210 -413.405 -84.650 -0.179 0.001 0.417 0.891
21.091 -413.312 -84.701 -0.181 0.001 0.422 0.888
20.998 -413.241 -84.741 -0.182 0.001 0.426 0.886
20.895 -413.164 -84.785 -0.184 0.001 0.430 0.884
20.799 -413.093 -84.826 -0.186 0.001 0.434 0.881
20.707 -413.027 -84.866 -0.188 0.001 0.438 0.879
20.605 -412.956 -84.909 -0.190 0.001 0.442 0.877
20.536 -412.909 -84.938 -0.190 0.001 0.445 0.875
20.446 -412.848 -84.977 -0.192 0.001 0.449 0.873
20.367 -412.795 -85.011 -0.194 0.001 0.452 0.871
20.270 -412.733 -85.052 -0.196 0.001 0.456 0.868
20.182 -412.677 -85.090 -0.197 0.001 0.460 0.866
20.120 -412.639 -85.117 -0.199 0.001 0.462 0.864
20.033 -412.585 -85.154 -0.200 0.001 0.466 0.862
19.927 -412.522 -85.199 -0.201 0.001 0.470 0.859
19.834 -412.468 -85.238 -0.202 0.002 0.474 0.857
19.702 -412.393 -85.294 -0.204 0.002 0.479 0.854
19.635 -412.355 -85.322 -0.205 0.002 0.481 0.852
19.554 -412.311 -85.357 -0.205 0.002 0.484 0.850
19.468 -412.264 -85.393 -0.207 0.002 0.488 0.848
19.373 -412.215 -85.433 -0.208 0.003 0.492 0.846
19.278 -412.166 -85.473 -0.209 0.003 0.495 0.843
19.210 -412.132 -85.501 -0.211 0.002 0.497 0.842
19.152 -412.104 -85.525 -0.211 0.002 0.499 0.840
19.095 -412.076 -85.549 -0.212 0.003 0.501 0.839
19.037 -412.048 -85.574 -0.212 0.003 0.504 0.837
18.894 -411.981 -85.633 -0.215 0.002 0.508 0.834
18.827 -411.950 -85.662 -0.216 0.003 0.511 0.832
18.758 -411.919 -85.691 -0.217 0.003 0.513 0.830
18.663 -411.878 -85.730 -0.218 0.003 0.516 0.828
18.596 -411.849 -85.758 -0.219 0.003 0.519 0.827
18.511 -411.813 -85.794 -0.220 0.003 0.521 0.825
18.423 -411.777 -85.830 -0.221 0.003 0.524 0.823
18.349 -411.747 -85.861 -0.221 0.003 0.525 0.821
18.243 -411.705 -85.906 -0.223 0.003 0.528 0.820
18.139 -411.664 -85.949 -0.224 0.003 0.530 0.818
18.032 -411.623 -85.994 -0.225 0.003 0.534 0.815
17.961 -411.596 -86.024 -0.226 0.003 0.536 0.814
17.888 -411.569 -86.054 -0.227 0.003 0.538 0.812
17.802 -411.539 -86.090 -0.228 0.003 0.541 0.810
17.712 -411.507 -86.127 -0.229 0.003 0.543 0.808
17.592 -411.466 -86.177 -0.230 0.003 0.546 0.805
17.543 -411.450 -86.198 -0.231 0.003 0.548 0.804
17.468 -411.425 -86.229 -0.232 0.003 0.550 0.803
17.382 -411.397 -86.265 -0.233 0.002 0.552 0.801
17.281 -411.365 -86.307 -0.235 0.002 0.554 0.798
17.199 -411.340 -86.342 -0.236 0.002 0.557 0.796
17.079 -411.305 -86.392 -0.238 0.002 0.561 0.793
16.970 -411.274 -86.438 -0.240 0.002 0.564 0.790
16.875 -411.248 -86.479 -0.241 0.002 0.567 0.788
16.789 -411.225 -86.515 -0.242 0.002 0.569 0.786
16.695 -411.201 -86.554 -0.243 0.002 0.572 0.783
16.600 -411.177 -86.594 -0.243 0.002 0.575 0.781
16.541 -411.162 -86.619 -0.244 0.002 0.577 0.780
16.471 -411.146 -86.648 -0.245 0.002 0.579 0.778
16.361 -411.121 -86.695 -0.247 0.002 0.582 0.775
16.244 -411.096 -86.744 -0.248 0.002 0.586 0.771
16.148 -411.076 -86.784 -0.249 0.002 0.589 0.769
16.076 -411.062 -86.815 -0.250 0.003 0.591 0.767
15.977 -411.043 -86.856 -0.251 0.003 0.594 0.765
15.874 -411.024 -86.899 -0.252 0.003 0.596 0.762
15.771 -411.006 -86.941 -0.252 0.003 0.599 0.760
15.641 -410.985 -86.996 -0.254 0.003 0.603 0.756
15.551 -410.972 -87.034 -0.256 0.003 0.606 0.753
15.397 -410.950 -87.098 -0.257 0.003 0.610 0.750
15.313 -410.939 -87.133 -0.258 0.003 0.613 0.747
15.199 -410.925 -87.180 -0.259 0.004 0.616 0.744
15.090 -410.913 -87.225 -0.260 0.003 0.619 0.741
14.958 -410.900 -87.280 -0.261 0.004 0.622 0.738
14.831 -410.888 -87.332 -0.262 0.004 0.626 0.734
14.731 -410.880 -87.373 -0.263 0.004 0.629 0.732
14.635 -410.873 -87.413 -0.264 0.004 0.631 0.729
14.538 -410.867 -87.453 -0.266 0.004 0.634 0.726
14.468 -410.863 -87.482 -0.266 0.004 0.636 0.724
14.395 -410.859 -87.512 -0.267 0.004 0.638 0.722
14.259 -410.854 -87.568 -0.269 0.004 0.642 0.718
14.165 -410.851 -87.607 -0.270 0.004 0.644 0.715
14.039 -410.849 -87.659 -0.272 0.004 0.648 0.712
13.932 -410.848 -87.703 -0.273 0.003 0.650 0.709
13.843 -410.848 -87.740 -0.274 0.004 0.652 0.707
13.728 -410.848 -87.787 -0.275 0.004 0.655 0.704
13.630 -410.850 -87.828 -0.277 0.003 0.658 0.701
13.526 -410.853 -87.871 -0.277 0.004 0.660 0.698
13.453 -410.855 -87.901 -0.278 0.004 0.662 0.696
13.338 -410.859 -87.949 -0.278 0.004 0.663 0.695
13.249 -410.862 -87.986 -0.279 0.003 0.665 0.693
13.183 -410.865 -88.013 -0.279 0.004 0.666 0.692
13.108 -410.869 -88.044 -0.280 0.004 0.667 0.691
13.036 -410.873 -88.074 -0.280 0.004 0.668 0.690
12.961 -410.877 -88.105 -0.280 0.004 0.669 0.689
12.889 -410.881 -88.134 -0.281 0.004 0.670 0.687
12.815 -410.886 -88.165 -0.282 0.003 0.671 0.686
12.746 -410.890 -88.193 -0.282 0.004 0.672 0.685
12.624 -410.899 -88.244 -0.281 0.005 0.674 0.683
12.545 -410.905 -88.276 -0.282 0.005 0.675 0.682
12.445 -410.912 -88.317 -0.282 0.005 0.676 0.680
12.359 -410.919 -88.352 -0.283 0.005 0.677 0.679
12.278 -410.926 -88.385 -0.283 0.005 0.678 0.678
12.188 -410.935 -88.422 -0.283 0.006 0.680 0.676
12.051 -410.948 -88.477 -0.284 0.006 0.682 0.674
11.987 -410.954 -88.503 -0.284 0.006 0.683 0.673
11.919 -410.961 -88.531 -0.285 0.005 0.683 0.673
11.823 -410.972 -88.570 -0.285 0.005 0.684 0.672
11.754 -410.979 -88.598 -0.285 0.005 0.685 0.671
11.627 -410.993 -88.650 -0.286 0.006 0.687 0.669
11.521 -411.006 -88.693 -0.286 0.006 0.688 0.667
11.421 -411.018 -88.734 -0.287 0.006 0.689 0.666
