21.500 -475.886 -70.112 -0.001 0.000 0.003 1.000
21.499 -475.830 -70.112 -0.002 0.000 0.005 1.000
21.498 -475.761 -70.112 -0.002 0.000 0.007 1.000
21.496 -475.635 -70.113 -0.004 0.000 0.012 1.000
21.495 -475.582 -70.114 -0.005 0.000 0.013 1.000
21.491 -475.454 -70.115 -0.007 0.000 0.018 1.000
21.488 -475.386 -70.116 -0.008 0.000 0.020 1.000
21.483 -475.283 -70.118 -0.010 0.000 0.024 1.000
21.474 -475.112 -70.122 -0.012 0.000 0.030 0.999
21.466 -474.988 -70.125 -0.014 0.000 0.034 0.999
21.462 -474.924 -70.127 -0.015 0.000 0.036 0.999
21.451 -474.780 -70.131 -0.017 0.000 0.040 0.999
21.441 -474.665 -70.135 -0.018 0.000 0.044 0.999
21.430 -474.546 -70.140 -0.019 0.000 0.048 0.999
21.418 -474.426 -70.145 -0.020 0.000 0.051 0.998
21.410 -474.351 -70.148 -0.021 0.000 0.054 0.998
21.396 -474.223 -70.153 -0.023 0.000 0.058 0.998
21.375 -474.051 -70.162 -0.024 0.000 0.064 0.998
21.359 -473.932 -70.167 -0.026 0.000 0.067 0.997
21.343 -473.817 -70.174 -0.028 0.000 0.071 0.997
21.326 -473.698 -70.181 -0.029 0.000 0.074 0.997
21.305 -473.567 -70.188 -0.030 0.000 0.078 0.997
21.288 -473.456 -70.195 -0.031 0.000 0.081 0.996
21.273 -473.365 -70.201 -0.032 0.000 0.083 0.996
21.253 -473.250 -70.209 -0.034 0.000 0.087 0.996
21.237 -473.160 -70.215 -0.035 0.000 0.089 0.995
21.221 -473.072 -70.222 -0.037 0.000 0.092 0.995
21.199 -472.957 -70.230 -0.038 0.000 0.095 0.995
21.176 -472.841 -70.240 -0.040 0.000 0.099 0.994
21.161 -472.766 -70.246 -0.040 0.000 0.101 0.994
21.132 -472.631 -70.257 -0.042 0.000 0.106 0.993
21.112 -472.540 -70.265 -0.043 0.000 0.109 0.993
21.090 -472.440 -70.274 -0.044 0.000 0.112 0.993
21.066 -472.337 -70.283 -0.045 0.000 0.114 0.992
21.042 -472.239 -70.292 -0.046 0.000 0.118 0.992
21.010 -472.108 -70.305 -0.047 0.000 0.122 0.991
20.976 -471.971 -70.318 -0.049 0.000 0.126 0.991
20.943 -471.847 -70.331 -0.050 0.000 0.129 0.990
20.922 -471.768 -70.339 -0.051 0.000 0.131 0.990
20.892 -471.661 -70.350 -0.053 0.000 0.135 0.989
20.860 -471.547 -70.363 -0.055 0.000 0.138 0.989
20.841 -471.480 -70.371 -0.055 0.000 0.140 0.989
20.815 -471.391 -70.381 -0.056 0.000 0.143 0.988
20.788 -471.301 -70.391 -0.056 0.000 0.145 0.988
20.747 -471.169 -70.407 -0.058 0.000 0.149 0.987
20.708 -471.045 -70.422 -0.058 0.000 0.153 0.986
20.677 -470.950 -70.434 -0.059 0.000 0.156 0.986
20.650 -470.866 -70.444 -0.060 0.000 0.158 0.986
20.618 -470.771 -70.456 -0.061 0.000 0.160 0.985
20.586 -470.675 -70.469 -0.063 0.000 0.163 0.985
20.556 -470.588 -70.480 -0.063 0.000 0.165 0.984
20.530 -470.515 -70.490 -0.064 0.000 0.167 0.984
20.501 -470.432 -70.501 -0.065 0.000 0.169 0.983
20.447 -470.284 -70.522 -0.067 0.000 0.173 0.983
20.418 -470.203 -70.533 -0.068 0.000 0.175 0.982
20.381 -470.105 -70.548 -0.069 0.000 0.178 0.982
20.345 -470.008 -70.562 -0.070 0.000 0.181 0.981
20.303 -469.901 -70.578 -0.071 0.000 0.184 0.980
20.257 -469.786 -70.595 -0.072 0.000 0.187 0.980
20.227 -469.709 -70.607 -0.073 0.000 0.189 0.979
20.190 -469.620 -70.621 -0.074 0.000 0.191 0.979
20.139 -469.496 -70.641 -0.075 0.000 0.194 0.978
20.109 -469.423 -70.653 -0.076 0.000 0.195 0.978
20.053 -469.292 -70.674 -0.078 0.000 0.199 0.977
20.015 -469.204 -70.689 -0.079 0.000 0.202 0.976
19.996 -469.159 -70.697 -0.079 0.000 0.203 0.976
19.964 -469.088 -70.709 -0.079 0.000 0.205 0.976
19.916 -468.980 -70.727 -0.080 0.000 0.207 0.975
19.870 -468.878 -70.745 -0.081 0.000 0.209 0.975
19.820 -468.768 -70.764 -0.081 0.000 0.212 0.974
19.787 -468.696 -70.777 -0.082 0.000 0.214 0.973
19.752 -468.622 -70.790 -0.083 0.000 0.215 0.973
19.689 -468.488 -70.815 -0.083 0.000 0.218 0.972
19.655 -468.417 -70.828 -0.085 0.000 0.220 0.972
19.609 -468.323 -70.845 -0.085 0.000 0.222 0.971
19.572 -468.247 -70.859 -0.085 0.000 0.224 0.971
19.536 -468.173 -70.873 -0.085 0.001 0.226 0.970
19.494 -468.089 -70.889 -0.086 0.001 0.229 0.970
19.459 -468.020 -70.902 -0.087 0.001 0.230 0.969
19.423 -467.950 -70.915 -0.087 0.001 0.231 0.969
19.389 -467.883 -70.928 -0.087 0.001 0.233 0.969
19.344 -467.797 -70.945 -0.089 0.001 0.235 0.968
19.302 -467.717 -70.961 -0.090 0.001 0.237 0.967
19.250 -467.618 -70.981 -0.090 0.001 0.239 0.967
19.207 -467.539 -70.996 -0.090 0.001 0.240 0.966
19.158 -467.447 -71.015 -0.091 0.001 0.243 0.966
19.101 -467.342 -71.036 -0.092 0.001 0.245 0.965
19.057 -467.263 -71.052 -0.092 0.001 0.246 0.965
19.007 -467.172 -71.071 -0.093 0.001 0.248 0.964
18.978 -467.120 -71.082 -0.093 0.001 0.249 0.964
18.924 -467.024 -71.102 -0.093 0.001 0.251 0.963
18.863 -466.917 -71.125 -0.094 0.001 0.253 0.963
18.824 -466.850 -71.139 -0.095 0.001 0.254 0.962
18.785 -466.781 -71.154 -0.095 0.001 0.255 0.962
18.739 -466.703 -71.170 -0.095 0.001 0.257 0.962
18.706 -466.646 -71.183 -0.096 0.001 0.258 0.961
18.664 -466.575 -71.198 -0.096 0.001 0.260 0.961
18.605 -466.474 -71.220 -0.097 0.001 0.262 0.960
18.583 -466.438 -71.228 -0.097 0.001 0.262 0.960
18.529 -466.347 -71.248 -0.097 0.001 0.264 0.960
18.451 -466.218 -71.277 -0.098 0.001 0.266 0.959
18.392 -466.122 -71.298 -0.097 0.001 0.267 0.959
18.324 -466.012 -71.323 -0.098 0.002 0.269 0.958
18.284 -465.946 -71.337 -0.097 0.002 0.269 0.958
18.234 -465.865 -71.355 -0.097 0.002 0.271 0.958
18.160 -465.747 -71.381 -0.097 0.002 0.271 0.958
18.114 -465.674 -71.398 -0.098 0.002 0.272 0.957
18.032 -465.543 -71.427 -0.097 0.002 0.275 0.957
17.989 -465.475 -71.442 -0.098 0.002 0.275 0.956
17.936 -465.391 -71.461 -0.098 0.002 0.277 0.956
17.895 -465.328 -71.475 -0.098 0.002 0.278 0.956
17.821 -465.214 -71.501 -0.098 0.002 0.279 0.955
17.777 -465.145 -71.516 -0.098 0.003 0.280 0.955
17.730 -465.073 -71.532 -0.097 0.003 0.281 0.955
17.679 -464.996 -71.550 -0.099 0.003 0.282 0.954
17.642 -464.939 -71.563 -0.099 0.003 0.282 0.954
17.587 -464.856 -71.582 -0.099 0.003 0.284 0.954
17.548 -464.796 -71.595 -0.099 0.003 0.285 0.954
17.496 -464.718 -71.613 -0.099 0.003 0.285 0.953
17.450 -464.650 -71.629 -0.099 0.003 0.286 0.953
17.381 -464.547 -71.652 -0.099 0.003 0.287 0.953
17.331 -464.472 -71.669 -0.099 0.003 0.288 0.953
17.259 -464.365 -71.694 -0.099 0.003 0.289 0.952
17.194 -464.270 -71.716 -0.099 0.003 0.290 0.952
17.119 -464.161 -71.741 -0.099 0.003 0.292 0.951
17.066 -464.084 -71.759 -0.100 0.003 0.293 0.951
17.005 -463.996 -71.780 -0.100 0.004 0.295 0.950
16.942 -463.905 -71.801 -0.100 0.004 0.296 0.950
16.884 -463.822 -71.820 -0.100 0.004 0.297 0.950
16.831 -463.747 -71.837 -0.099 0.004 0.297 0.950
16.783 -463.678 -71.853 -0.099 0.004 0.298 0.949
16.701 -463.562 -71.880 -0.099 0.004 0.298 0.949
16.626 -463.456 -71.905 -0.099 0.004 0.300 0.949
16.546 -463.344 -71.931 -0.099 0.004 0.301 0.948
16.497 -463.277 -71.946 -0.100 0.004 0.302 0.948
16.426 -463.178 -71.970 -0.099 0.005 0.303 0.948
16.356 -463.081 -71.992 -0.099 0.005 0.305 0.947
16.296 -463.000 -72.011 -0.099 0.005 0.306 0.947
16.256 -462.944 -72.024 -0.099 0.005 0.307 0.947
16.203 -462.872 -72.041 -0.099 0.005 0.307 0.946
16.115 -462.753 -72.068 -0.099 0.005 0.309 0.946
16.026 -462.633 -72.096 -0.098 0.006 0.310 0.945
15.975 -462.566 -72.112 -0.098 0.006 0.311 0.945
15.920 -462.493 -72.129 -0.098 0.006 0.312 0.945
15.860 -462.413 -72.147 -0.098 0.006 0.312 0.945
15.784 -462.312 -72.171 -0.098 0.006 0.314 0.944
15.737 -462.250 -72.185 -0.098 0.006 0.316 0.944
15.685 -462.183 -72.200 -0.098 0.007 0.317 0.943
15.636 -462.118 -72.215 -0.097 0.007 0.317 0.943
15.569 -462.032 -72.235 -0.097 0.007 0.318 0.943
15.500 -461.942 -72.256 -0.097 0.007 0.319 0.943
15.430 -461.852 -72.276 -0.097 0.007 0.320 0.942
15.371 -461.776 -72.294 -0.097 0.007 0.321 0.942
15.310 -461.700 -72.311 -0.097 0.007 0.321 0.942
15.238 -461.608 -72.332 -0.096 0.007 0.322 0.942
15.173 -461.525 -72.351 -0.096 0.007 0.323 0.942
15.115 -461.452 -72.368 -0.097 0.007 0.324 0.941
15.066 -461.389 -72.383 -0.096 0.008 0.325 0.941
15.017 -461.327 -72.397 -0.095 0.008 0.325 0.941
14.943 -461.235 -72.417 -0.095 0.008 0.327 0.940
14.859 -461.130 -72.441 -0.094 0.009 0.328 0.940
14.785 -461.039 -72.461 -0.094 0.009 0.328 0.940
14.731 -460.972 -72.476 -0.093 0.009 0.329 0.939
14.662 -460.887 -72.495 -0.094 0.009 0.330 0.939
14.580 -460.788 -72.517 -0.094 0.009 0.331 0.939
14.511 -460.704 -72.536 -0.093 0.010 0.332 0.939
14.444 -460.621 -72.554 -0.092 0.010 0.333 0.938
14.381 -460.545 -72.571 -0.092 0.010 0.334 0.938
14.318 -460.470 -72.587 -0.092 0.010 0.336 0.937
14.257 -460.396 -72.603 -0.092 0.010 0.336 0.937
14.187 -460.312 -72.621 -0.092 0.011 0.337 0.937
14.126 -460.240 -72.637 -0.092 0.011 0.338 0.937
