24.700 -458.404 -70.112 -0.002 0.000 0.003 1.000
24.699 -458.296 -70.112 -0.003 0.000 0.007 1.000
24.696 -458.171 -70.113 -0.005 0.000 0.012 1.000
24.692 -458.027 -70.115 -0.007 0.000 0.017 1.000
24.689 -457.933 -70.117 -0.008 0.000 0.020 1.000
24.685 -457.855 -70.118 -0.010 0.000 0.023 1.000
24.682 -457.775 -70.120 -0.010 0.000 0.025 1.000
24.676 -457.672 -70.122 -0.012 0.000 0.029 1.000
24.671 -457.596 -70.124 -0.013 0.000 0.032 0.999
24.664 -457.488 -70.127 -0.015 0.000 0.036 0.999
24.655 -457.374 -70.130 -0.017 0.000 0.040 0.999
24.645 -457.258 -70.135 -0.018 0.000 0.044 0.999
24.638 -457.173 -70.138 -0.019 0.000 0.048 0.999
24.626 -457.060 -70.142 -0.021 0.000 0.052 0.998
24.614 -456.949 -70.147 -0.022 0.000 0.056 0.998
24.600 -456.832 -70.152 -0.025 0.000 0.061 0.998
24.587 -456.725 -70.158 -0.026 0.000 0.065 0.998
24.575 -456.639 -70.163 -0.028 0.000 0.068 0.997
24.557 -456.506 -70.170 -0.029 0.000 0.072 0.997
24.537 -456.375 -70.178 -0.031 0.000 0.076 0.997
24.523 -456.288 -70.184 -0.033 0.000 0.080 0.996
24.506 -456.186 -70.191 -0.035 0.000 0.083 0.996
24.487 -456.074 -70.199 -0.036 0.000 0.087 0.996
24.465 -455.954 -70.208 -0.038 0.000 0.091 0.995
24.436 -455.797 -70.221 -0.040 0.000 0.096 0.995
24.410 -455.669 -70.231 -0.042 0.000 0.100 0.994
24.390 -455.572 -70.240 -0.043 0.000 0.104 0.994
24.373 -455.493 -70.247 -0.044 0.000 0.106 0.993
24.353 -455.404 -70.255 -0.045 0.000 0.109 0.993
24.324 -455.275 -70.267 -0.046 0.000 0.113 0.992
24.298 -455.164 -70.278 -0.048 0.000 0.117 0.992
24.273 -455.062 -70.288 -0.050 0.000 0.122 0.991
24.249 -454.970 -70.298 -0.052 0.000 0.125 0.991
24.223 -454.868 -70.309 -0.054 0.000 0.128 0.990
24.198 -454.775 -70.319 -0.055 0.000 0.131 0.990
24.182 -454.718 -70.325 -0.055 0.000 0.133 0.990
24.155 -454.618 -70.337 -0.056 0.000 0.136 0.989
24.134 -454.547 -70.345 -0.057 0.000 0.138 0.989
24.102 -454.437 -70.358 -0.059 0.000 0.143 0.988
24.081 -454.364 -70.367 -0.060 0.000 0.145 0.988
24.060 -454.295 -70.376 -0.061 0.000 0.147 0.987
24.036 -454.218 -70.386 -0.062 0.000 0.150 0.987
24.008 -454.130 -70.397 -0.063 0.000 0.153 0.986
23.982 -454.049 -70.408 -0.064 0.000 0.155 0.986
23.952 -453.957 -70.420 -0.065 0.000 0.158 0.985
23.914 -453.845 -70.436 -0.067 0.000 0.162 0.984
23.864 -453.699 -70.457 -0.069 0.000 0.167 0.984
23.820 -453.578 -70.475 -0.071 0.000 0.172 0.983
23.784 -453.479 -70.490 -0.072 0.000 0.175 0.982
23.747 -453.379 -70.505 -0.074 0.000 0.179 0.981
23.714 -453.293 -70.519 -0.074 0.000 0.182 0.980
23.687 -453.223 -70.530 -0.076 0.000 0.184 0.980
23.636 -453.096 -70.550 -0.079 0.000 0.189 0.979
23.594 -452.992 -70.568 -0.080 0.000 0.193 0.978
23.555 -452.898 -70.585 -0.082 0.000 0.196 0.977
23.523 -452.824 -70.598 -0.082 0.000 0.199 0.977
23.475 -452.712 -70.618 -0.084 0.000 0.203 0.975
23.439 -452.632 -70.632 -0.085 0.000 0.207 0.975
23.407 -452.561 -70.646 -0.086 0.000 0.209 0.974
23.379 -452.501 -70.657 -0.087 0.000 0.211 0.974
23.315 -452.364 -70.683 -0.090 0.000 0.217 0.972
23.288 -452.307 -70.695 -0.090 0.000 0.218 0.972
23.248 -452.224 -70.711 -0.091 0.000 0.222 0.971
23.192 -452.109 -70.734 -0.092 0.000 0.226 0.970
23.144 -452.014 -70.754 -0.094 0.000 0.229 0.969
23.098 -451.924 -70.773 -0.095 0.000 0.233 0.968
23.048 -451.828 -70.793 -0.097 0.000 0.236 0.967
23.011 -451.757 -70.808 -0.099 0.000 0.238 0.966
22.969 -451.679 -70.826 -0.100 0.000 0.241 0.965
22.940 -451.625 -70.838 -0.101 0.000 0.243 0.965
22.885 -451.526 -70.861 -0.103 0.000 0.246 0.964
22.812 -451.395 -70.891 -0.105 0.000 0.251 0.962
22.779 -451.337 -70.905 -0.106 0.000 0.253 0.962
22.713 -451.223 -70.933 -0.107 0.000 0.257 0.960
22.658 -451.131 -70.955 -0.107 0.000 0.260 0.960
22.615 -451.058 -70.973 -0.108 0.000 0.262 0.959
22.540 -450.934 -71.004 -0.109 0.000 0.267 0.958
22.491 -450.854 -71.024 -0.110 0.000 0.270 0.957
22.453 -450.794 -71.039 -0.110 0.001 0.272 0.956
22.402 -450.714 -71.060 -0.111 0.001 0.275 0.955
22.358 -450.646 -71.077 -0.112 0.001 0.277 0.954
22.305 -450.563 -71.099 -0.113 0.001 0.280 0.953
22.260 -450.495 -71.117 -0.114 0.001 0.283 0.952
22.219 -450.433 -71.134 -0.115 0.001 0.284 0.952
22.181 -450.376 -71.149 -0.116 0.001 0.286 0.951
22.102 -450.259 -71.181 -0.116 0.001 0.289 0.950
22.034 -450.162 -71.208 -0.118 0.001 0.293 0.949
21.973 -450.074 -71.232 -0.119 0.001 0.296 0.948
21.907 -449.982 -71.259 -0.121 0.001 0.300 0.946
21.853 -449.908 -71.280 -0.121 0.001 0.303 0.945
21.767 -449.790 -71.315 -0.123 0.001 0.307 0.944
21.720 -449.727 -71.333 -0.125 0.001 0.309 0.943
21.656 -449.642 -71.359 -0.125 0.001 0.312 0.942
21.594 -449.561 -71.384 -0.127 0.001 0.315 0.941
21.531 -449.479 -71.409 -0.128 0.001 0.318 0.939
21.470 -449.402 -71.434 -0.129 0.001 0.321 0.938
21.413 -449.331 -71.456 -0.129 0.001 0.323 0.938
21.351 -449.254 -71.481 -0.130 0.001 0.326 0.936
21.298 -449.189 -71.502 -0.131 0.001 0.328 0.936
21.247 -449.126 -71.523 -0.132 0.001 0.330 0.935
21.191 -449.059 -71.545 -0.133 0.001 0.333 0.934
21.110 -448.964 -71.577 -0.135 0.001 0.337 0.932
21.055 -448.899 -71.599 -0.136 0.001 0.339 0.931
20.998 -448.833 -71.622 -0.137 0.001 0.342 0.930
20.926 -448.751 -71.651 -0.138 0.001 0.345 0.928
20.851 -448.667 -71.681 -0.138 0.001 0.348 0.927
20.795 -448.605 -71.703 -0.139 0.001 0.350 0.926
20.735 -448.539 -71.726 -0.140 0.001 0.352 0.925
20.660 -448.458 -71.756 -0.141 0.002 0.356 0.924
20.599 -448.394 -71.780 -0.142 0.002 0.358 0.923
20.524 -448.314 -71.810 -0.143 0.002 0.361 0.922
20.458 -448.245 -71.836 -0.144 0.002 0.364 0.920
20.409 -448.194 -71.855 -0.144 0.002 0.366 0.919
20.350 -448.135 -71.878 -0.145 0.002 0.368 0.919
20.266 -448.050 -71.911 -0.146 0.002 0.370 0.917
20.216 -447.999 -71.931 -0.147 0.002 0.372 0.916
20.140 -447.925 -71.960 -0.148 0.002 0.376 0.915
20.076 -447.863 -71.985 -0.148 0.002 0.378 0.914
20.041 -447.829 -71.999 -0.149 0.002 0.379 0.913
19.966 -447.757 -72.028 -0.150 0.002 0.381 0.912
19.881 -447.676 -72.062 -0.151 0.002 0.383 0.911
19.823 -447.621 -72.084 -0.152 0.002 0.384 0.911
19.742 -447.546 -72.116 -0.152 0.002 0.387 0.909
19.667 -447.477 -72.145 -0.152 0.002 0.389 0.909
19.561 -447.380 -72.186 -0.154 0.002 0.392 0.907
19.474 -447.301 -72.221 -0.155 0.002 0.394 0.906
19.395 -447.231 -72.251 -0.156 0.002 0.397 0.905
19.336 -447.178 -72.275 -0.157 0.002 0.399 0.904
19.262 -447.114 -72.303 -0.158 0.002 0.401 0.902
19.192 -447.053 -72.331 -0.159 0.002 0.403 0.902
19.128 -446.998 -72.356 -0.159 0.002 0.404 0.901
19.079 -446.956 -72.375 -0.160 0.002 0.405 0.900
19.002 -446.891 -72.405 -0.160 0.002 0.408 0.899
18.919 -446.821 -72.438 -0.161 0.002 0.410 0.898
18.834 -446.752 -72.471 -0.162 0.002 0.412 0.897
18.756 -446.687 -72.501 -0.163 0.002 0.414 0.896
18.682 -446.628 -72.530 -0.164 0.002 0.416 0.894
18.614 -446.573 -72.557 -0.164 0.002 0.418 0.894
18.494 -446.479 -72.603 -0.165 0.002 0.422 0.892
18.391 -446.399 -72.643 -0.165 0.003 0.424 0.890
18.353 -446.369 -72.657 -0.165 0.003 0.426 0.890
18.287 -446.319 -72.683 -0.166 0.003 0.427 0.889
18.208 -446.259 -72.713 -0.166 0.003 0.430 0.888
18.126 -446.198 -72.745 -0.167 0.003 0.432 0.886
18.047 -446.140 -72.775 -0.168 0.003 0.434 0.885
17.977 -446.088 -72.802 -0.168 0.003 0.436 0.884
17.923 -446.049 -72.822 -0.169 0.003 0.437 0.883
17.825 -445.978 -72.860 -0.170 0.003 0.440 0.882
17.757 -445.929 -72.886 -0.170 0.003 0.441 0.881
17.685 -445.879 -72.913 -0.172 0.003 0.443 0.880
17.627 -445.839 -72.935 -0.172 0.003 0.444 0.879
17.525 -445.768 -72.975 -0.173 0.003 0.447 0.878
17.436 -445.707 -73.008 -0.174 0.003 0.450 0.876
17.363 -445.658 -73.036 -0.174 0.003 0.452 0.875
17.272 -445.597 -73.071 -0.174 0.004 0.454 0.874
17.200 -445.549 -73.098 -0.174 0.004 0.455 0.873
17.158 -445.522 -73.114 -0.174 0.004 0.456 0.873
17.045 -445.448 -73.156 -0.174 0.005 0.459 0.871
16.965 -445.397 -73.186 -0.175 0.005 0.461 0.870
16.860 -445.330 -73.225 -0.176 0.005 0.462 0.869
16.794 -445.288 -73.250 -0.176 0.005 0.463 0.868
16.703 -445.231 -73.284 -0.177 0.004 0.465 0.867
16.624 -445.182 -73.314 -0.178 0.004 0.467 0.866
16.528 -445.123 -73.350 -0.179 0.004 0.468 0.865
16.465 -445.085 -73.374 -0.179 0.004 0.470 0.864
16.395 -445.043 -73.400 -0.179 0.005 0.471 0.864
16.312 -444.993 -73.431 -0.180 0.005 0.474 0.862
16.208 -444.932 -73.470 -0.181 0.004 0.476 0.861
16.115 -444.877 -73.505 -0.182 0.004 0.478 0.859
16.018 -444.821 -73.541 -0.183 0.004 0.480 0.858
15.926 -444.769 -73.576 -0.184 0.004 0.481 0.857
15.838 -444.719 -73.609 -0.185 0.004 0.482 0.856
15.747 -444.668 -73.644 -0.185 0.004 0.484 0.855
15.655 -444.617 -73.678 -0.186 0.004 0.485 0.855
15.559 -444.564 -73.715 -0.185 0.004 0.486 0.854
15.460 -444.509 -73.752 -0.185 0.005 0.487 0.853
15.368 -444.459 -73.786 -0.186 0.005 0.488 0.853
15.291 -444.417 -73.815 -0.186 0.005 0.489 0.852
15.197 -444.366 -73.850 -0.187 0.005 0.491 0.851
15.096 -444.312 -73.888 -0.187 0.005 0.493 0.850
15.038 -444.282 -73.909 -0.187 0.005 0.493 0.850
14.968 -444.245 -73.936 -0.187 0.005 0.494 0.849
14.890 -444.204 -73.965 -0.188 0.005 0.495 0.848
14.821 -444.168 -73.990 -0.188 0.005 0.496 0.848
14.709 -444.110 -74.032 -0.187 0.006 0.498 0.846
14.642 -444.075 -74.057 -0.188 0.006 0.499 0.846
14.567 -444.038 -74.084 -0.188 0.006 0.500 0.846
14.499 -444.003 -74.109 -0.188 0.006 0.501 0.845
14.400 -443.953 -74.145 -0.187 0.007 0.502 0.844
14.333 -443.920 -74.169 -0.187 0.007 0.503 0.844
14.242 -443.875 -74.203 -0.187 0.007 0.504 0.843
14.135 -443.822 -74.241 -0.187 0.007 0.505 0.842
