26.388 -423.580 -82.406 -0.026 0.000 0.052 0.998
26.374 -423.452 -82.413 -0.027 0.000 0.056 0.998
26.359 -423.321 -82.421 -0.030 0.000 0.060 0.998
26.342 -423.192 -82.429 -0.032 0.000 0.064 0.997
26.331 -423.109 -82.434 -0.032 0.000 0.067 0.997
26.321 -423.036 -82.439 -0.033 0.000 0.070 0.997
26.303 -422.908 -82.447 -0.035 0.000 0.074 0.997
26.287 -422.807 -82.455 -0.036 0.000 0.077 0.996
26.263 -422.660 -82.466 -0.038 0.000 0.083 0.996
26.236 -422.501 -82.478 -0.040 0.000 0.087 0.995
26.219 -422.405 -82.486 -0.040 0.000 0.090 0.995
26.196 -422.284 -82.496 -0.042 0.000 0.094 0.995
26.181 -422.205 -82.503 -0.042 0.000 0.097 0.994
26.160 -422.104 -82.511 -0.043 0.000 0.100 0.994
26.138 -421.996 -82.521 -0.044 0.000 0.104 0.994
26.116 -421.894 -82.530 -0.046 0.000 0.108 0.993
26.096 -421.803 -82.539 -0.047 0.001 0.111 0.993
26.064 -421.668 -82.552 -0.049 0.000 0.115 0.992
26.045 -421.589 -82.560 -0.050 0.001 0.118 0.992
26.023 -421.498 -82.570 -0.051 0.000 0.121 0.991
26.003 -421.419 -82.578 -0.053 0.000 0.123 0.991
25.983 -421.341 -82.587 -0.053 0.001 0.126 0.991
25.956 -421.236 -82.598 -0.055 0.001 0.129 0.990
25.933 -421.152 -82.608 -0.056 0.000 0.132 0.990
25.909 -421.064 -82.618 -0.057 0.001 0.134 0.989
25.884 -420.973 -82.629 -0.058 0.001 0.137 0.989
25.860 -420.890 -82.639 -0.059 0.001 0.140 0.988
25.832 -420.795 -82.651 -0.060 0.001 0.143 0.988
25.811 -420.726 -82.659 -0.061 0.000 0.144 0.988
25.792 -420.663 -82.667 -0.061 0.001 0.146 0.987
25.766 -420.576 -82.679 -0.062 0.001 0.148 0.987
25.745 -420.510 -82.687 -0.063 0.001 0.150 0.987
25.718 -420.425 -82.698 -0.064 0.001 0.153 0.986
25.687 -420.326 -82.712 -0.064 0.001 0.155 0.986
25.660 -420.246 -82.722 -0.065 0.001 0.158 0.985
25.627 -420.148 -82.736 -0.065 0.001 0.161 0.985
25.597 -420.059 -82.748 -0.066 0.001 0.163 0.984
25.554 -419.934 -82.766 -0.068 0.001 0.166 0.984
25.532 -419.871 -82.775 -0.068 0.001 0.168 0.983
25.489 -419.753 -82.792 -0.070 0.001 0.171 0.983
25.455 -419.657 -82.806 -0.071 0.001 0.174 0.982
25.421 -419.568 -82.819 -0.072 0.001 0.177 0.982
25.382 -419.463 -82.836 -0.073 0.001 0.179 0.981
25.346 -419.369 -82.850 -0.073 0.001 0.182 0.980
25.309 -419.275 -82.865 -0.074 0.001 0.185 0.980
25.276 -419.193 -82.878 -0.075 0.001 0.187 0.980
25.230 -419.078 -82.896 -0.076 0.001 0.189 0.979
25.188 -418.973 -82.913 -0.077 0.001 0.191 0.979
25.149 -418.880 -82.929 -0.079 0.001 0.193 0.978
25.101 -418.763 -82.949 -0.081 0.001 0.196 0.977
25.060 -418.668 -82.965 -0.082 0.001 0.198 0.977
25.008 -418.547 -82.987 -0.084 0.000 0.202 0.976
24.964 -418.448 -83.005 -0.085 0.000 0.205 0.975
24.924 -418.358 -83.022 -0.086 0.001 0.209 0.974
24.894 -418.291 -83.035 -0.087 0.001 0.211 0.973
24.855 -418.208 -83.050 -0.088 0.001 0.214 0.973
24.815 -418.123 -83.067 -0.089 0.001 0.217 0.972
24.763 -418.016 -83.088 -0.091 0.001 0.221 0.971
24.718 -417.922 -83.107 -0.092 0.001 0.225 0.970
24.675 -417.836 -83.124 -0.093 0.001 0.228 0.969
24.628 -417.744 -83.143 -0.093 0.001 0.232 0.968
24.584 -417.659 -83.161 -0.094 0.001 0.235 0.967
24.539 -417.574 -83.179 -0.096 0.001 0.239 0.966
24.505 -417.510 -83.192 -0.097 0.001 0.241 0.966
24.458 -417.424 -83.211 -0.099 0.001 0.244 0.965
24.409 -417.335 -83.231 -0.100 0.001 0.248 0.964
24.376 -417.276 -83.244 -0.101 0.001 0.249 0.963
24.336 -417.206 -83.260 -0.102 0.001 0.252 0.962
24.281 -417.111 -83.282 -0.103 0.001 0.256 0.961
24.242 -417.043 -83.298 -0.104 0.001 0.258 0.960
24.194 -416.962 -83.317 -0.104 0.001 0.260 0.960
24.133 -416.860 -83.341 -0.105 0.002 0.263 0.959
24.085 -416.781 -83.360 -0.106 0.001 0.265 0.959
24.048 -416.719 -83.375 -0.106 0.001 0.266 0.958
23.983 -416.615 -83.401 -0.107 0.002 0.269 0.957
23.922 -416.517 -83.425 -0.107 0.002 0.272 0.956
23.864 -416.425 -83.448 -0.109 0.002 0.275 0.955
23.810 -416.341 -83.469 -0.110 0.002 0.278 0.954
23.747 -416.244 -83.494 -0.111 0.002 0.281 0.953
23.704 -416.179 -83.511 -0.113 0.001 0.284 0.952
23.621 -416.055 -83.544 -0.115 0.001 0.289 0.950
23.529 -415.922 -83.580 -0.118 0.001 0.295 0.948
23.445 -415.804 -83.614 -0.120 0.001 0.300 0.946
23.379 -415.714 -83.640 -0.121 0.001 0.304 0.945
23.339 -415.659 -83.656 -0.122 0.001 0.307 0.944
23.283 -415.584 -83.678 -0.124 0.001 0.310 0.943
23.222 -415.503 -83.703 -0.125 0.001 0.314 0.941
23.150 -415.411 -83.731 -0.127 0.001 0.318 0.939
23.049 -415.284 -83.771 -0.131 0.001 0.324 0.937
22.987 -415.207 -83.796 -0.133 0.001 0.328 0.935
22.916 -415.121 -83.825 -0.134 0.001 0.332 0.934
22.847 -415.039 -83.853 -0.135 0.001 0.336 0.932
22.747 -414.923 -83.893 -0.138 0.001 0.341 0.930
22.692 -414.861 -83.915 -0.140 0.001 0.344 0.928
22.640 -414.802 -83.936 -0.141 0.001 0.347 0.927
22.608 -414.766 -83.949 -0.141 0.001 0.349 0.926
22.573 -414.727 -83.963 -0.142 0.001 0.351 0.926
22.491 -414.638 -83.996 -0.143 0.001 0.355 0.924
22.444 -414.588 -84.015 -0.144 0.001 0.357 0.923
22.361 -414.500 -84.049 -0.146 0.001 0.362 0.921
22.261 -414.398 -84.089 -0.149 0.000 0.368 0.918
22.162 -414.299 -84.129 -0.151 0.001 0.373 0.916
22.086 -414.223 -84.160 -0.153 0.000 0.377 0.914
22.035 -414.174 -84.181 -0.154 0.000 0.379 0.913
21.976 -414.118 -84.205 -0.156 0.000 0.382 0.911
21.881 -414.028 -84.244 -0.158 0.000 0.386 0.909
21.836 -413.987 -84.262 -0.159 0.000 0.388 0.908
21.774 -413.930 -84.288 -0.161 0.000 0.392 0.906
21.692 -413.857 -84.321 -0.162 0.000 0.396 0.904
21.604 -413.780 -84.358 -0.164 0.000 0.400 0.902
21.500 -413.691 -84.400 -0.166 0.000 0.405 0.899
21.426 -413.628 -84.431 -0.167 0.000 0.409 0.897
21.332 -413.551 -84.469 -0.169 0.000 0.413 0.895
21.239 -413.477 -84.507 -0.171 0.000 0.418 0.892
21.143 -413.401 -84.546 -0.174 -0.001 0.422 0.890
21.082 -413.354 -84.572 -0.175 0.000 0.424 0.889
20.962 -413.263 -84.621 -0.177 0.000 0.429 0.886
20.860 -413.187 -84.663 -0.179 -0.001 0.433 0.883
20.790 -413.136 -84.692 -0.180 -0.001 0.436 0.882
20.699 -413.071 -84.730 -0.182 -0.001 0.440 0.879
20.618 -413.015 -84.763 -0.184 -0.001 0.443 0.877
20.517 -412.945 -84.806 -0.185 -0.001 0.447 0.875
20.467 -412.912 -84.826 -0.186 -0.001 0.449 0.874
20.368 -412.846 -84.868 -0.188 -0.001 0.454 0.871
20.299 -412.801 -84.896 -0.190 -0.001 0.457 0.869
20.206 -412.742 -84.935 -0.191 -0.001 0.460 0.867
20.122 -412.689 -84.970 -0.193 -0.002 0.464 0.865
20.063 -412.653 -84.995 -0.194 -0.002 0.466 0.863
19.995 -412.612 -85.023 -0.195 -0.001 0.469 0.862
19.908 -412.560 -85.060 -0.196 -0.001 0.472 0.859
19.817 -412.507 -85.098 -0.197 -0.001 0.475 0.857
19.723 -412.453 -85.137 -0.198 -0.001 0.479 0.855
19.650 -412.412 -85.167 -0.199 -0.001 0.482 0.853
19.535 -412.350 -85.215 -0.202 -0.001 0.487 0.850
19.474 -412.317 -85.240 -0.203 -0.001 0.489 0.848
19.391 -412.274 -85.275 -0.203 0.000 0.493 0.846
19.253 -412.204 -85.332 -0.206 -0.001 0.498 0.842
19.186 -412.170 -85.359 -0.207 -0.001 0.500 0.841
19.083 -412.121 -85.402 -0.208 0.000 0.504 0.838
19.012 -412.086 -85.431 -0.209 0.000 0.507 0.836
18.937 -412.052 -85.462 -0.210 0.000 0.509 0.835
18.824 -412.000 -85.509 -0.212 -0.001 0.513 0.832
18.727 -411.957 -85.549 -0.213 0.000 0.516 0.830
18.669 -411.931 -85.573 -0.214 0.000 0.518 0.828
18.543 -411.878 -85.625 -0.215 0.000 0.522 0.825
18.469 -411.847 -85.655 -0.215 0.000 0.525 0.824
18.360 -411.802 -85.700 -0.217 0.000 0.528 0.821
18.286 -411.773 -85.730 -0.218 0.000 0.531 0.819
18.225 -411.749 -85.755 -0.219 0.000 0.533 0.818
18.157 -411.723 -85.783 -0.219 0.001 0.535 0.816
18.026 -411.674 -85.837 -0.220 0.001 0.538 0.814
17.932 -411.640 -85.875 -0.222 0.000 0.541 0.812
17.877 -411.620 -85.898 -0.222 0.000 0.542 0.810
17.829 -411.603 -85.917 -0.223 0.000 0.543 0.809
17.766 -411.581 -85.943 -0.223 0.001 0.545 0.808
17.717 -411.564 -85.963 -0.224 0.001 0.546 0.807
17.646 -411.540 -85.992 -0.225 0.000 0.548 0.806
17.556 -411.510 -86.029 -0.226 0.000 0.550 0.804
17.462 -411.479 -86.068 -0.227 0.000 0.553 0.801
17.370 -411.450 -86.106 -0.229 0.000 0.556 0.799
17.295 -411.427 -86.137 -0.229 0.000 0.558 0.797
17.237 -411.410 -86.160 -0.230 0.000 0.560 0.796
17.153 -411.385 -86.195 -0.231 0.000 0.563 0.794
17.066 -411.359 -86.231 -0.233 0.000 0.565 0.792
16.988 -411.338 -86.263 -0.234 -0.001 0.567 0.790
16.904 -411.315 -86.298 -0.235 -0.001 0.570 0.787
16.809 -411.290 -86.337 -0.236 0.000 0.573 0.784
16.696 -411.261 -86.384 -0.238 -0.001 0.576 0.782
16.629 -411.245 -86.411 -0.239 -0.001 0.578 0.780
16.570 -411.231 -86.436 -0.240 -0.001 0.580 0.778
16.471 -411.208 -86.477 -0.241 0.000 0.584 0.776
16.356 -411.183 -86.524 -0.243 -0.001 0.587 0.773
16.217 -411.154 -86.582 -0.245 -0.001 0.591 0.769
16.084 -411.129 -86.637 -0.246 -0.001 0.595 0.765
15.995 -411.112 -86.675 -0.247 -0.001 0.598 0.763
15.931 -411.101 -86.701 -0.248 -0.001 0.599 0.761
15.818 -411.082 -86.748 -0.250 -0.001 0.603 0.758
15.719 -411.066 -86.790 -0.251 -0.001 0.605 0.756
15.602 -411.049 -86.839 -0.253 -0.002 0.608 0.753
15.486 -411.033 -86.887 -0.254 -0.002 0.611 0.750
15.376 -411.018 -86.933 -0.256 -0.002 0.614 0.747
15.280 -411.007 -86.974 -0.257 -0.002 0.617 0.744
15.190 -410.997 -87.011 -0.258 -0.003 0.619 0.741
15.108 -410.988 -87.046 -0.259 -0.003 0.622 0.739
15.031 -410.980 -87.078 -0.260 -0.003 0.624 0.737
14.875 -410.967 -87.144 -0.261 -0.002 0.628 0.733
14.728 -410.956 -87.206 -0.263 -0.003 0.631 0.730
14.653 -410.951 -87.237 -0.265 -0.003 0.633 0.728
14.552 -410.945 -87.280 -0.266 -0.003 0.636 0.725
14.500 -410.942 -87.302 -0.266 -0.003 0.637 0.723
14.410 -410.938 -87.340 -0.267 -0.003 0.640 0.721
14.350 -410.936 -87.365 -0.268 -0.003 0.641 0.719
14.247 -410.933 -87.408 -0.269 -0.003 0.644 0.716
14.098 -410.930 -87.472 -0.271 -0.003 0.648 0.712
14.010 -410.929 -87.509 -0.272 -0.003 0.650 0.709
13.921 -410.929 -87.547 -0.273 -0.003 0.653 0.707
13.859 -410.929 -87.573 -0.274 -0.003 0.654 0.705
13.775 -410.929 -87.608 -0.274 -0.003 0.657 0.702
13.694 -410.931 -87.643 -0.275 -0.003 0.659 0.700
13.626 -410.932 -87.671 -0.275 -0.002 0.661 0.698
13.555 -410.934 -87.701 -0.276 -0.002 0.662 0.696
13.421 -410.939 -87.758 -0.277 -0.002 0.665 0.693
13.304 -410.944 -87.807 -0.278 -0.002 0.667 0.691
13.184 -410.950 -87.857 -0.279 -0.002 0.669 0.689
13.086 -410.956 -87.898 -0.279 -0.002 0.671 0.687
12.983 -410.963 -87.941 -0.280 -0.002 0.672 0.685
12.839 -410.972 -88.001 -0.280 -0.001 0.674 0.683
12.739 -410.980 -88.043 -0.280 -0.001 0.676 0.682
12.627 -410.989 -88.090 -0.281 -0.001 0.678 0.680
12.510 -410.999 -88.138 -0.281 0.000 0.680 0.677
12.445 -411.005 -88.165 -0.281 0.000 0.680 0.677
12.381 -411.011 -88.192 -0.282 0.000 0.681 0.675
12.280 -411.021 -88.233 -0.282 0.000 0.683 0.674
12.214 -411.028 -88.261 -0.283 0.000 0.684 0.672
12.097 -411.040 -88.309 -0.283 0.001 0.686 0.670
12.009 -411.050 -88.345 -0.283 0.001 0.687 0.669
11.904 -411.062 -88.388 -0.284 0.001 0.689 0.667
11.800 -411.075 -88.431 -0.284 0.002 0.690 0.665
11.705 -411.086 -88.469 -0.284 0.002 0.691 0.665
11.631 -411.096 -88.499 -0.284 0.002 0.692 0.664
11.543 -411.107 -88.535 -0.284 0.003 0.693 0.662
11.469 -411.118 -88.565 -0.284 0.003 0.694 0.661
