21.500 -475.906 -70.112 -0.002 0.000 0.003 1.000
21.498 -475.774 -70.112 -0.003 0.000 0.008 1.000
21.495 -475.622 -70.114 -0.006 0.000 0.013 1.000
21.490 -475.463 -70.116 -0.008 0.000 0.019 1.000
21.485 -475.350 -70.118 -0.010 0.000 0.022 1.000
21.479 -475.217 -70.121 -0.012 0.000 0.027 1.000
21.471 -475.083 -70.124 -0.013 0.000 0.031 0.999
21.460 -474.922 -70.129 -0.016 0.000 0.036 0.999
21.450 -474.786 -70.133 -0.017 0.000 0.040 0.999
21.440 -474.668 -70.138 -0.019 0.000 0.045 0.999
21.427 -474.537 -70.143 -0.022 0.000 0.049 0.999
21.422 -474.479 -70.146 -0.023 0.000 0.051 0.998
21.414 -474.402 -70.149 -0.024 0.000 0.053 0.998
21.406 -474.337 -70.152 -0.024 0.000 0.055 0.998
21.386 -474.161 -70.162 -0.027 0.000 0.060 0.998
21.370 -474.029 -70.169 -0.029 0.000 0.065 0.997
21.359 -473.949 -70.174 -0.030 0.000 0.067 0.997
21.339 -473.805 -70.183 -0.032 0.000 0.071 0.997
21.319 -473.671 -70.192 -0.034 0.000 0.075 0.997
21.302 -473.563 -70.199 -0.035 0.000 0.079 0.996
21.283 -473.444 -70.208 -0.036 0.000 0.082 0.996
21.264 -473.331 -70.216 -0.037 0.000 0.085 0.996
21.246 -473.233 -70.223 -0.038 0.000 0.089 0.995
21.229 -473.136 -70.231 -0.039 0.000 0.091 0.995
21.214 -473.059 -70.237 -0.040 0.000 0.094 0.995
21.199 -472.982 -70.243 -0.041 0.000 0.096 0.995
21.182 -472.893 -70.251 -0.042 0.000 0.099 0.994
21.155 -472.761 -70.263 -0.043 0.000 0.103 0.994
21.139 -472.689 -70.269 -0.043 0.000 0.105 0.994
21.115 -472.576 -70.279 -0.044 0.000 0.108 0.993
21.087 -472.454 -70.290 -0.045 0.000 0.112 0.993
21.060 -472.335 -70.301 -0.046 0.000 0.115 0.992
21.037 -472.240 -70.310 -0.047 0.000 0.118 0.992
21.011 -472.135 -70.320 -0.048 0.000 0.121 0.991
20.990 -472.050 -70.329 -0.049 0.000 0.124 0.991
20.963 -471.946 -70.339 -0.051 0.000 0.127 0.991
20.938 -471.850 -70.349 -0.051 0.000 0.130 0.990
20.916 -471.771 -70.358 -0.052 0.000 0.132 0.990
20.889 -471.673 -70.368 -0.053 0.000 0.134 0.990
20.870 -471.603 -70.376 -0.054 0.000 0.137 0.989
20.840 -471.498 -70.388 -0.055 0.001 0.139 0.989
20.805 -471.380 -70.401 -0.056 0.000 0.142 0.988
20.769 -471.259 -70.416 -0.058 0.000 0.146 0.988
20.734 -471.144 -70.430 -0.059 0.000 0.149 0.987
20.700 -471.036 -70.443 -0.060 0.000 0.151 0.987
20.671 -470.946 -70.455 -0.061 0.000 0.154 0.986
20.661 -470.913 -70.459 -0.061 0.000 0.154 0.986
20.621 -470.792 -70.474 -0.062 0.000 0.158 0.985
20.587 -470.689 -70.488 -0.063 0.001 0.161 0.985
20.551 -470.584 -70.502 -0.065 0.000 0.164 0.984
20.525 -470.510 -70.512 -0.066 0.000 0.165 0.984
20.486 -470.398 -70.528 -0.067 0.000 0.168 0.983
20.461 -470.328 -70.538 -0.067 0.001 0.170 0.983
20.432 -470.248 -70.549 -0.068 0.001 0.172 0.983
20.396 -470.149 -70.563 -0.069 0.001 0.175 0.982
20.364 -470.064 -70.576 -0.070 0.000 0.177 0.982
20.322 -469.951 -70.593 -0.071 0.001 0.180 0.981
20.289 -469.866 -70.605 -0.071 0.001 0.182 0.981
20.248 -469.761 -70.622 -0.073 0.000 0.185 0.980
20.222 -469.696 -70.632 -0.074 0.000 0.186 0.980
20.172 -469.571 -70.652 -0.075 0.000 0.189 0.979
20.139 -469.489 -70.665 -0.076 0.000 0.191 0.979
20.112 -469.424 -70.676 -0.077 0.000 0.194 0.978
20.060 -469.300 -70.696 -0.078 0.000 0.197 0.977
20.023 -469.213 -70.711 -0.078 0.001 0.199 0.977
19.976 -469.105 -70.729 -0.080 0.000 0.202 0.976
19.931 -469.001 -70.747 -0.081 0.000 0.205 0.975
19.898 -468.928 -70.760 -0.082 0.000 0.207 0.975
19.847 -468.816 -70.780 -0.083 0.001 0.210 0.974
19.799 -468.711 -70.799 -0.084 0.001 0.214 0.973
19.725 -468.554 -70.828 -0.086 0.000 0.217 0.972
19.696 -468.492 -70.840 -0.087 0.000 0.218 0.972
19.659 -468.415 -70.855 -0.087 0.000 0.219 0.972
19.600 -468.292 -70.878 -0.088 0.000 0.221 0.971
19.538 -468.165 -70.903 -0.089 0.001 0.225 0.970
19.478 -468.046 -70.926 -0.089 0.001 0.228 0.970
19.436 -467.963 -70.943 -0.089 0.001 0.230 0.969
19.389 -467.871 -70.961 -0.090 0.001 0.233 0.968
19.338 -467.773 -70.980 -0.090 0.001 0.234 0.968
19.262 -467.627 -71.010 -0.091 0.001 0.237 0.967
19.212 -467.532 -71.029 -0.092 0.001 0.240 0.967
19.141 -467.400 -71.056 -0.093 0.001 0.242 0.966
19.090 -467.307 -71.075 -0.094 0.001 0.244 0.965
19.045 -467.225 -71.093 -0.095 0.001 0.246 0.965
18.998 -467.140 -71.111 -0.095 0.001 0.248 0.964
18.936 -467.031 -71.134 -0.095 0.001 0.251 0.963
18.882 -466.935 -71.155 -0.096 0.001 0.252 0.963
18.806 -466.802 -71.184 -0.097 0.001 0.254 0.962
18.763 -466.728 -71.200 -0.098 0.001 0.257 0.962
18.712 -466.640 -71.219 -0.098 0.001 0.258 0.961
18.672 -466.571 -71.234 -0.098 0.001 0.258 0.961
18.629 -466.499 -71.250 -0.098 0.002 0.260 0.961
18.570 -466.399 -71.273 -0.099 0.001 0.262 0.960
18.515 -466.308 -71.293 -0.099 0.002 0.264 0.959
18.463 -466.221 -71.313 -0.099 0.002 0.265 0.959
18.394 -466.109 -71.339 -0.100 0.002 0.267 0.958
18.347 -466.032 -71.356 -0.100 0.002 0.269 0.958
18.293 -465.945 -71.376 -0.100 0.002 0.269 0.958
18.232 -465.846 -71.399 -0.100 0.002 0.271 0.957
18.182 -465.767 -71.417 -0.100 0.002 0.272 0.957
18.125 -465.676 -71.437 -0.100 0.002 0.273 0.957
18.082 -465.608 -71.453 -0.100 0.002 0.274 0.957
18.030 -465.526 -71.472 -0.100 0.002 0.274 0.957
17.973 -465.436 -71.493 -0.100 0.003 0.275 0.956
17.928 -465.364 -71.509 -0.100 0.003 0.276 0.956
17.882 -465.292 -71.525 -0.100 0.003 0.277 0.956
17.809 -465.180 -71.552 -0.101 0.003 0.279 0.955
17.752 -465.092 -71.572 -0.101 0.003 0.280 0.955
17.689 -464.995 -71.594 -0.100 0.003 0.281 0.954
17.631 -464.906 -71.615 -0.100 0.003 0.282 0.954
17.569 -464.812 -71.636 -0.100 0.003 0.283 0.954
17.495 -464.700 -71.662 -0.100 0.004 0.284 0.954
17.457 -464.644 -71.675 -0.099 0.004 0.285 0.953
17.399 -464.557 -71.695 -0.098 0.004 0.286 0.953
17.350 -464.483 -71.711 -0.098 0.004 0.288 0.953
17.292 -464.397 -71.731 -0.098 0.005 0.289 0.952
17.246 -464.329 -71.746 -0.098 0.005 0.290 0.952
17.201 -464.263 -71.761 -0.098 0.005 0.291 0.952
17.143 -464.179 -71.781 -0.099 0.005 0.292 0.951
17.071 -464.074 -71.804 -0.098 0.005 0.293 0.951
17.002 -463.973 -71.827 -0.098 0.005 0.293 0.951
16.934 -463.876 -71.849 -0.098 0.005 0.295 0.951
16.845 -463.749 -71.878 -0.098 0.006 0.298 0.950
16.767 -463.638 -71.903 -0.097 0.006 0.299 0.949
16.709 -463.556 -71.922 -0.097 0.006 0.300 0.949
16.624 -463.437 -71.948 -0.097 0.006 0.302 0.949
16.581 -463.377 -71.962 -0.097 0.006 0.302 0.948
16.519 -463.292 -71.981 -0.097 0.007 0.304 0.948
16.459 -463.209 -71.999 -0.096 0.007 0.305 0.947
16.388 -463.113 -72.021 -0.096 0.007 0.307 0.947
16.299 -462.991 -72.048 -0.097 0.007 0.308 0.946
16.250 -462.925 -72.063 -0.097 0.007 0.309 0.946
16.173 -462.822 -72.087 -0.097 0.007 0.310 0.946
16.106 -462.732 -72.107 -0.096 0.007 0.312 0.945
16.070 -462.685 -72.118 -0.096 0.008 0.312 0.945
16.019 -462.617 -72.133 -0.096 0.008 0.313 0.945
15.949 -462.525 -72.153 -0.095 0.008 0.314 0.945
15.891 -462.448 -72.170 -0.096 0.008 0.315 0.944
15.829 -462.366 -72.189 -0.095 0.008 0.316 0.944
15.752 -462.267 -72.211 -0.096 0.008 0.317 0.943
15.665 -462.153 -72.237 -0.095 0.009 0.319 0.943
15.621 -462.096 -72.249 -0.095 0.009 0.319 0.943
15.542 -461.995 -72.272 -0.095 0.009 0.321 0.942
15.488 -461.927 -72.287 -0.096 0.009 0.322 0.942
15.436 -461.860 -72.302 -0.096 0.009 0.323 0.942
15.380 -461.789 -72.318 -0.096 0.009 0.324 0.941
15.303 -461.692 -72.340 -0.096 0.009 0.324 0.941
15.263 -461.642 -72.352 -0.096 0.009 0.325 0.941
15.192 -461.553 -72.372 -0.096 0.009 0.326 0.940
15.118 -461.461 -72.393 -0.096 0.009 0.327 0.940
15.051 -461.378 -72.412 -0.095 0.009 0.328 0.940
14.997 -461.311 -72.427 -0.095 0.009 0.329 0.940
14.930 -461.229 -72.445 -0.095 0.010 0.330 0.939
14.869 -461.154 -72.462 -0.095 0.010 0.330 0.939
14.769 -461.031 -72.490 -0.095 0.010 0.333 0.938
14.697 -460.944 -72.509 -0.095 0.010 0.334 0.938
14.640 -460.875 -72.525 -0.094 0.010 0.335 0.937
14.570 -460.791 -72.543 -0.094 0.011 0.337 0.937
14.501 -460.708 -72.562 -0.094 0.011 0.338 0.937
14.427 -460.620 -72.581 -0.093 0.011 0.339 0.936
14.345 -460.524 -72.603 -0.092 0.012 0.340 0.936
14.288 -460.457 -72.617 -0.092 0.012 0.341 0.936
14.233 -460.393 -72.631 -0.092 0.012 0.341 0.935
14.162 -460.310 -72.650 -0.094 0.011 0.343 0.935
