26.390 -423.605 -82.405 -0.026 0.000 0.052 0.998
26.379 -423.501 -82.410 -0.028 0.000 0.055 0.998
26.373 -423.443 -82.414 -0.029 0.000 0.057 0.998
26.365 -423.374 -82.418 -0.030 0.000 0.060 0.998
26.351 -423.267 -82.425 -0.032 0.000 0.063 0.997
26.337 -423.154 -82.432 -0.034 0.000 0.067 0.997
26.319 -423.030 -82.441 -0.035 0.000 0.071 0.997
26.298 -422.890 -82.451 -0.037 0.000 0.076 0.996
26.277 -422.756 -82.462 -0.040 0.000 0.079 0.996
26.265 -422.682 -82.468 -0.041 0.000 0.081 0.996
26.243 -422.549 -82.479 -0.044 0.000 0.085 0.995
26.235 -422.504 -82.483 -0.045 0.000 0.087 0.995
26.217 -422.401 -82.493 -0.046 0.000 0.089 0.995
26.201 -422.316 -82.501 -0.047 0.000 0.092 0.995
26.182 -422.218 -82.510 -0.048 0.000 0.095 0.994
26.166 -422.134 -82.518 -0.049 0.000 0.098 0.994
26.145 -422.030 -82.529 -0.050 0.000 0.101 0.994
26.123 -421.928 -82.540 -0.052 0.000 0.105 0.993
26.098 -421.813 -82.552 -0.053 0.000 0.108 0.993
26.080 -421.733 -82.561 -0.054 0.000 0.111 0.992
26.053 -421.615 -82.574 -0.056 0.000 0.115 0.992
26.032 -421.526 -82.584 -0.057 0.000 0.118 0.991
26.008 -421.428 -82.595 -0.058 0.000 0.121 0.991
25.981 -421.324 -82.608 -0.059 0.000 0.125 0.990
25.949 -421.200 -82.623 -0.060 0.001 0.129 0.990
25.922 -421.098 -82.636 -0.061 0.001 0.132 0.989
25.896 -421.006 -82.647 -0.063 0.000 0.134 0.989
25.882 -420.955 -82.654 -0.063 0.000 0.136 0.989
25.858 -420.872 -82.665 -0.064 0.001 0.139 0.988
25.824 -420.756 -82.681 -0.066 0.000 0.142 0.988
25.808 -420.701 -82.688 -0.067 0.000 0.144 0.987
25.762 -420.550 -82.710 -0.070 0.000 0.148 0.986
25.726 -420.435 -82.727 -0.071 0.000 0.151 0.986
25.704 -420.364 -82.737 -0.072 0.000 0.152 0.986
25.669 -420.257 -82.753 -0.072 0.000 0.155 0.985
25.637 -420.160 -82.768 -0.073 0.001 0.158 0.985
25.609 -420.073 -82.781 -0.074 0.001 0.160 0.984
25.582 -419.994 -82.794 -0.074 0.001 0.162 0.984
25.555 -419.916 -82.806 -0.075 0.001 0.163 0.984
25.528 -419.836 -82.818 -0.075 0.001 0.165 0.983
25.496 -419.745 -82.833 -0.076 0.001 0.167 0.983
25.463 -419.652 -82.848 -0.077 0.001 0.168 0.983
25.427 -419.550 -82.865 -0.079 0.001 0.170 0.982
25.394 -419.458 -82.880 -0.079 0.001 0.172 0.982
25.362 -419.372 -82.895 -0.079 0.001 0.175 0.981
25.341 -419.315 -82.904 -0.080 0.001 0.176 0.981
25.299 -419.204 -82.923 -0.081 0.001 0.179 0.981
25.255 -419.090 -82.943 -0.080 0.001 0.181 0.980
25.221 -419.002 -82.958 -0.081 0.001 0.183 0.980
25.181 -418.901 -82.975 -0.081 0.001 0.186 0.979
25.148 -418.817 -82.990 -0.082 0.001 0.188 0.979
25.106 -418.714 -83.008 -0.084 0.001 0.191 0.978
25.063 -418.611 -83.027 -0.085 0.001 0.194 0.977
25.010 -418.485 -83.050 -0.086 0.001 0.197 0.977
24.976 -418.406 -83.064 -0.087 0.001 0.200 0.976
24.937 -418.315 -83.082 -0.088 0.001 0.203 0.975
24.874 -418.174 -83.109 -0.090 0.001 0.207 0.974
24.827 -418.072 -83.129 -0.092 0.001 0.210 0.973
24.793 -417.998 -83.144 -0.093 0.001 0.212 0.973
24.742 -417.888 -83.166 -0.095 0.001 0.215 0.972
24.703 -417.805 -83.184 -0.096 0.001 0.219 0.971
24.663 -417.724 -83.201 -0.096 0.001 0.222 0.970
24.632 -417.660 -83.214 -0.098 0.001 0.224 0.970
24.591 -417.576 -83.232 -0.099 0.001 0.227 0.969
24.544 -417.484 -83.253 -0.100 0.001 0.230 0.968
24.501 -417.400 -83.271 -0.102 0.002 0.234 0.967
24.458 -417.319 -83.290 -0.103 0.002 0.236 0.966
24.399 -417.207 -83.316 -0.105 0.002 0.241 0.965
24.354 -417.125 -83.335 -0.105 0.002 0.244 0.964
24.314 -417.053 -83.352 -0.106 0.002 0.246 0.963
24.255 -416.948 -83.377 -0.108 0.002 0.250 0.962
24.202 -416.855 -83.400 -0.110 0.002 0.254 0.961
24.141 -416.750 -83.426 -0.111 0.002 0.257 0.960
24.095 -416.673 -83.446 -0.112 0.002 0.260 0.959
24.034 -416.570 -83.472 -0.114 0.002 0.264 0.958
23.985 -416.490 -83.493 -0.115 0.002 0.267 0.957
23.937 -416.412 -83.514 -0.116 0.002 0.269 0.956
23.904 -416.359 -83.528 -0.117 0.002 0.271 0.955
23.847 -416.270 -83.552 -0.118 0.002 0.275 0.954
23.799 -416.195 -83.572 -0.119 0.002 0.277 0.953
23.737 -416.100 -83.599 -0.120 0.002 0.281 0.952
23.682 -416.017 -83.622 -0.121 0.002 0.285 0.951
23.623 -415.931 -83.647 -0.123 0.002 0.288 0.950
23.581 -415.871 -83.665 -0.124 0.002 0.291 0.949
23.539 -415.810 -83.683 -0.125 0.002 0.294 0.948
23.485 -415.734 -83.706 -0.126 0.002 0.296 0.947
23.423 -415.646 -83.732 -0.128 0.002 0.300 0.945
23.371 -415.574 -83.754 -0.129 0.002 0.302 0.944
23.315 -415.498 -83.778 -0.131 0.002 0.306 0.943
23.231 -415.387 -83.813 -0.133 0.002 0.311 0.941
23.164 -415.299 -83.842 -0.134 0.002 0.315 0.939
23.113 -415.234 -83.863 -0.135 0.002 0.318 0.938
23.024 -415.122 -83.901 -0.138 0.002 0.324 0.936
22.972 -415.059 -83.922 -0.139 0.002 0.327 0.935
22.923 -414.998 -83.943 -0.140 0.002 0.330 0.934
22.883 -414.950 -83.960 -0.141 0.002 0.332 0.933
22.826 -414.884 -83.984 -0.142 0.002 0.335 0.931
22.764 -414.811 -84.010 -0.144 0.002 0.339 0.930
22.705 -414.744 -84.035 -0.144 0.003 0.342 0.929
22.628 -414.657 -84.067 -0.147 0.002 0.346 0.927
22.581 -414.605 -84.087 -0.147 0.002 0.349 0.926
22.473 -414.488 -84.132 -0.150 0.002 0.354 0.923
22.421 -414.431 -84.154 -0.151 0.002 0.357 0.922
22.344 -414.351 -84.186 -0.153 0.002 0.361 0.920
22.271 -414.276 -84.217 -0.154 0.002 0.365 0.918
22.225 -414.229 -84.236 -0.155 0.003 0.367 0.917
22.137 -414.141 -84.273 -0.156 0.003 0.372 0.915
22.041 -414.047 -84.313 -0.159 0.003 0.377 0.912
21.998 -414.006 -84.331 -0.160 0.003 0.379 0.911
21.934 -413.945 -84.358 -0.161 0.003 0.382 0.910
21.879 -413.893 -84.381 -0.162 0.003 0.384 0.909
21.807 -413.827 -84.411 -0.163 0.003 0.388 0.907
21.717 -413.744 -84.448 -0.165 0.003 0.392 0.905
21.627 -413.665 -84.486 -0.167 0.003 0.397 0.903
21.571 -413.616 -84.509 -0.168 0.003 0.399 0.901
21.515 -413.567 -84.533 -0.169 0.003 0.402 0.900
21.421 -413.488 -84.572 -0.170 0.003 0.406 0.898
21.313 -413.399 -84.616 -0.172 0.003 0.411 0.895
21.255 -413.352 -84.641 -0.174 0.003 0.414 0.894
21.159 -413.276 -84.681 -0.176 0.003 0.418 0.891
21.094 -413.224 -84.708 -0.177 0.003 0.421 0.889
20.976 -413.134 -84.757 -0.180 0.003 0.426 0.887
20.907 -413.083 -84.786 -0.181 0.002 0.430 0.885
20.825 -413.022 -84.820 -0.183 0.002 0.433 0.883
20.746 -412.966 -84.853 -0.184 0.002 0.436 0.881
20.670 -412.912 -84.885 -0.185 0.002 0.440 0.879
20.563 -412.837 -84.929 -0.187 0.003 0.444 0.877
20.521 -412.808 -84.947 -0.188 0.002 0.445 0.875
20.414 -412.736 -84.992 -0.190 0.002 0.450 0.873
20.342 -412.688 -85.022 -0.191 0.002 0.453 0.871
20.259 -412.635 -85.056 -0.193 0.002 0.456 0.869
20.184 -412.587 -85.088 -0.194 0.002 0.460 0.867
20.105 -412.538 -85.121 -0.195 0.003 0.463 0.865
19.992 -412.469 -85.168 -0.196 0.003 0.468 0.862
19.879 -412.402 -85.215 -0.198 0.003 0.473 0.859
19.796 -412.354 -85.249 -0.200 0.003 0.476 0.857
19.711 -412.306 -85.285 -0.201 0.003 0.479 0.854
19.638 -412.265 -85.315 -0.203 0.003 0.482 0.852
19.532 -412.207 -85.359 -0.204 0.002 0.485 0.850
19.395 -412.134 -85.417 -0.206 0.002 0.491 0.847
19.306 -412.089 -85.454 -0.208 0.002 0.494 0.844
19.232 -412.051 -85.485 -0.209 0.003 0.497 0.842
19.169 -412.020 -85.511 -0.210 0.002 0.499 0.841
19.051 -411.963 -85.560 -0.212 0.003 0.503 0.838
18.968 -411.924 -85.595 -0.213 0.002 0.506 0.836
18.884 -411.885 -85.630 -0.215 0.002 0.510 0.833
18.785 -411.840 -85.671 -0.216 0.002 0.513 0.831
18.652 -411.782 -85.727 -0.218 0.002 0.517 0.828
18.550 -411.738 -85.770 -0.219 0.002 0.520 0.825
18.436 -411.691 -85.817 -0.221 0.002 0.524 0.822
18.346 -411.655 -85.855 -0.222 0.002 0.528 0.820
18.242 -411.614 -85.898 -0.223 0.003 0.531 0.817
18.116 -411.566 -85.950 -0.224 0.003 0.535 0.814
18.041 -411.538 -85.981 -0.225 0.003 0.537 0.813
17.927 -411.497 -86.029 -0.226 0.003 0.541 0.810
17.850 -411.470 -86.060 -0.228 0.003 0.543 0.808
17.722 -411.427 -86.113 -0.230 0.002 0.547 0.805
17.633 -411.397 -86.151 -0.231 0.002 0.549 0.803
17.513 -411.358 -86.201 -0.232 0.003 0.553 0.800
17.436 -411.334 -86.233 -0.234 0.002 0.555 0.798
17.293 -411.291 -86.292 -0.235 0.002 0.560 0.795
17.184 -411.260 -86.338 -0.237 0.002 0.564 0.791
17.108 -411.238 -86.370 -0.238 0.003 0.566 0.789
17.024 -411.215 -86.404 -0.239 0.002 0.568 0.787
16.937 -411.192 -86.441 -0.240 0.003 0.571 0.785
16.835 -411.167 -86.483 -0.241 0.003 0.574 0.782
16.700 -411.134 -86.539 -0.243 0.003 0.579 0.779
16.618 -411.115 -86.573 -0.244 0.003 0.581 0.777
16.528 -411.095 -86.610 -0.245 0.003 0.584 0.774
16.412 -411.070 -86.658 -0.246 0.003 0.587 0.771
16.325 -411.052 -86.695 -0.247 0.003 0.590 0.769
16.263 -411.040 -86.720 -0.248 0.003 0.592 0.767
16.203 -411.028 -86.745 -0.248 0.003 0.593 0.766
16.122 -411.013 -86.779 -0.249 0.003 0.595 0.764
16.020 -410.995 -86.821 -0.251 0.003 0.598 0.761
15.944 -410.982 -86.853 -0.251 0.003 0.601 0.759
15.833 -410.964 -86.899 -0.253 0.003 0.604 0.756
15.726 -410.948 -86.943 -0.254 0.003 0.607 0.753
15.595 -410.930 -86.997 -0.255 0.003 0.610 0.750
15.495 -410.916 -87.039 -0.257 0.003 0.613 0.747
15.399 -410.905 -87.078 -0.258 0.003 0.615 0.745
15.325 -410.896 -87.109 -0.259 0.003 0.617 0.743
15.257 -410.888 -87.137 -0.260 0.002 0.619 0.741
15.186 -410.881 -87.167 -0.261 0.002 0.621 0.739
15.137 -410.876 -87.187 -0.261 0.002 0.622 0.738
15.068 -410.870 -87.216 -0.262 0.002 0.624 0.736
14.993 -410.863 -87.247 -0.263 0.002 0.625 0.735
14.881 -410.854 -87.294 -0.265 0.002 0.629 0.731
14.792 -410.848 -87.331 -0.265 0.002 0.631 0.729
14.735 -410.844 -87.355 -0.266 0.002 0.632 0.728
14.584 -410.835 -87.418 -0.267 0.002 0.635 0.725
14.466 -410.829 -87.467 -0.267 0.003 0.638 0.723
14.399 -410.826 -87.495 -0.267 0.003 0.639 0.722
14.292 -410.822 -87.539 -0.268 0.003 0.641 0.719
14.192 -410.818 -87.580 -0.268 0.004 0.643 0.717
14.108 -410.816 -87.614 -0.269 0.004 0.645 0.715
14.039 -410.814 -87.643 -0.269 0.004 0.646 0.714
13.917 -410.812 -87.693 -0.271 0.004 0.649 0.711
13.837 -410.812 -87.725 -0.271 0.004 0.651 0.709
13.715 -410.812 -87.775 -0.272 0.004 0.654 0.706
13.625 -410.813 -87.812 -0.273 0.004 0.656 0.703
13.544 -410.814 -87.846 -0.274 0.004 0.658 0.701
13.456 -410.815 -87.881 -0.275 0.004 0.660 0.699
13.377 -410.817 -87.914 -0.276 0.004 0.661 0.698
13.268 -410.821 -87.959 -0.277 0.004 0.664 0.695
13.137 -410.826 -88.013 -0.278 0.004 0.665 0.693
13.053 -410.830 -88.047 -0.278 0.004 0.667 0.692
12.954 -410.834 -88.088 -0.278 0.004 0.668 0.690
12.862 -410.839 -88.125 -0.279 0.004 0.670 0.689
12.788 -410.844 -88.156 -0.279 0.004 0.671 0.687
12.717 -410.848 -88.185 -0.279 0.004 0.672 0.686
12.640 -410.853 -88.216 -0.280 0.004 0.673 0.684
12.541 -410.860 -88.256 -0.281 0.004 0.675 0.683
12.409 -410.870 -88.310 -0.281 0.005 0.677 0.681
12.299 -410.879 -88.355 -0.282 0.005 0.678 0.679
12.226 -410.885 -88.385 -0.282 0.005 0.679 0.678
12.145 -410.893 -88.418 -0.283 0.004 0.680 0.676
12.029 -410.904 -88.465 -0.284 0.004 0.681 0.674
11.910 -410.916 -88.514 -0.285 0.004 0.683 0.673
11.845 -410.922 -88.541 -0.285 0.004 0.684 0.671
11.770 -410.931 -88.572 -0.285 0.004 0.685 0.671
11.678 -410.941 -88.609 -0.286 0.004 0.686 0.669
11.573 -410.953 -88.652 -0.286 0.005 0.688 0.667
11.462 -410.967 -88.697 -0.286 0.005 0.689 0.666
11.366 -410.979 -88.736 -0.286 0.005 0.690 0.665
