21.500 -475.924 -70.112 -0.001 0.000 0.002 1.000
21.499 -475.836 -70.112 -0.002 0.000 0.004 1.000
21.498 -475.730 -70.113 -0.003 0.000 0.008 1.000
21.496 -475.610 -70.114 -0.004 0.000 0.012 1.000
21.492 -475.481 -70.115 -0.007 0.000 0.016 1.000
21.487 -475.359 -70.117 -0.008 0.000 0.020 1.000
21.480 -475.208 -70.120 -0.010 0.000 0.026 1.000
21.478 -475.156 -70.121 -0.011 0.000 0.027 1.000
21.472 -475.052 -70.123 -0.013 0.000 0.031 0.999
21.465 -474.952 -70.126 -0.014 0.000 0.034 0.999
21.458 -474.854 -70.129 -0.016 0.000 0.037 0.999
21.451 -474.761 -70.132 -0.017 0.000 0.040 0.999
21.445 -474.690 -70.134 -0.018 0.000 0.042 0.999
21.436 -474.585 -70.138 -0.020 0.000 0.046 0.999
21.426 -474.481 -70.143 -0.021 0.000 0.049 0.999
21.412 -474.351 -70.149 -0.023 0.000 0.053 0.998
21.399 -474.232 -70.154 -0.024 0.000 0.057 0.998
21.386 -474.120 -70.160 -0.026 0.000 0.061 0.998
21.372 -474.012 -70.166 -0.028 0.000 0.064 0.998
21.356 -473.893 -70.173 -0.030 0.000 0.068 0.997
21.349 -473.840 -70.176 -0.031 0.000 0.070 0.997
21.338 -473.763 -70.181 -0.032 0.000 0.072 0.997
21.316 -473.613 -70.191 -0.034 0.000 0.076 0.997
21.302 -473.526 -70.197 -0.036 0.000 0.079 0.996
21.287 -473.435 -70.204 -0.037 0.000 0.081 0.996
21.273 -473.351 -70.210 -0.038 0.000 0.084 0.996
21.246 -473.196 -70.222 -0.039 0.000 0.089 0.995
21.226 -473.090 -70.231 -0.041 0.000 0.092 0.995
21.208 -472.994 -70.239 -0.042 0.000 0.095 0.995
21.194 -472.921 -70.245 -0.044 0.000 0.098 0.994
21.177 -472.839 -70.253 -0.046 0.000 0.100 0.994
21.158 -472.745 -70.262 -0.047 0.000 0.103 0.994
21.133 -472.628 -70.273 -0.049 0.000 0.107 0.993
21.114 -472.543 -70.282 -0.050 0.000 0.110 0.993
21.099 -472.476 -70.288 -0.051 0.000 0.112 0.992
21.072 -472.363 -70.301 -0.053 0.000 0.115 0.992
21.048 -472.260 -70.312 -0.054 0.000 0.118 0.992
21.023 -472.157 -70.323 -0.055 0.000 0.120 0.991
20.992 -472.035 -70.337 -0.056 0.000 0.124 0.991
20.970 -471.948 -70.348 -0.057 0.000 0.127 0.990
20.939 -471.833 -70.361 -0.059 0.000 0.130 0.990
20.908 -471.719 -70.376 -0.061 0.000 0.134 0.989
20.889 -471.650 -70.384 -0.062 0.000 0.136 0.989
20.857 -471.539 -70.399 -0.063 0.000 0.139 0.988
20.834 -471.459 -70.409 -0.064 0.000 0.141 0.988
20.809 -471.375 -70.420 -0.064 0.000 0.143 0.988
20.766 -471.233 -70.439 -0.066 0.000 0.147 0.987
20.743 -471.160 -70.450 -0.067 0.000 0.150 0.986
20.710 -471.053 -70.465 -0.068 0.000 0.152 0.986
20.684 -470.972 -70.477 -0.069 0.000 0.154 0.986
20.663 -470.906 -70.486 -0.070 0.000 0.156 0.985
20.621 -470.778 -70.505 -0.071 0.000 0.158 0.985
20.595 -470.702 -70.517 -0.072 0.000 0.159 0.985
20.581 -470.658 -70.523 -0.073 0.000 0.161 0.984
20.560 -470.599 -70.532 -0.073 0.000 0.162 0.984
20.534 -470.521 -70.545 -0.074 0.000 0.165 0.984
20.495 -470.411 -70.562 -0.075 0.000 0.168 0.983
20.470 -470.340 -70.573 -0.076 0.000 0.169 0.983
20.438 -470.251 -70.587 -0.077 0.000 0.172 0.982
20.414 -470.185 -70.598 -0.077 0.000 0.173 0.982
20.382 -470.098 -70.612 -0.078 0.000 0.176 0.981
20.347 -470.005 -70.628 -0.079 0.000 0.178 0.981
20.292 -469.861 -70.652 -0.080 0.000 0.182 0.980
20.251 -469.756 -70.670 -0.080 0.000 0.185 0.979
20.204 -469.639 -70.690 -0.080 0.001 0.188 0.979
20.167 -469.546 -70.706 -0.080 0.001 0.189 0.979
20.137 -469.472 -70.718 -0.081 0.001 0.191 0.978
20.089 -469.355 -70.738 -0.081 0.001 0.193 0.978
20.044 -469.248 -70.757 -0.083 0.001 0.196 0.977
20.025 -469.204 -70.765 -0.083 0.001 0.197 0.977
19.980 -469.098 -70.784 -0.084 0.001 0.200 0.976
19.937 -468.999 -70.802 -0.085 0.001 0.202 0.976
19.902 -468.918 -70.817 -0.085 0.001 0.203 0.975
19.856 -468.814 -70.836 -0.086 0.001 0.206 0.975
19.820 -468.734 -70.851 -0.086 0.001 0.208 0.974
19.768 -468.619 -70.872 -0.086 0.001 0.211 0.974
19.716 -468.507 -70.893 -0.087 0.002 0.213 0.973
19.676 -468.421 -70.910 -0.087 0.002 0.215 0.973
19.627 -468.318 -70.929 -0.088 0.002 0.217 0.972
19.582 -468.224 -70.948 -0.089 0.001 0.219 0.972
19.549 -468.154 -70.961 -0.090 0.001 0.221 0.971
19.494 -468.042 -70.983 -0.091 0.002 0.224 0.970
19.435 -467.924 -71.007 -0.092 0.002 0.227 0.970
19.382 -467.818 -71.028 -0.092 0.002 0.229 0.969
19.329 -467.715 -71.049 -0.093 0.002 0.231 0.968
19.267 -467.593 -71.075 -0.094 0.002 0.234 0.968
19.220 -467.503 -71.093 -0.095 0.002 0.236 0.967
19.180 -467.427 -71.110 -0.095 0.002 0.237 0.967
19.136 -467.344 -71.127 -0.095 0.002 0.239 0.966
19.101 -467.280 -71.141 -0.096 0.002 0.241 0.966
19.064 -467.211 -71.155 -0.096 0.002 0.243 0.965
19.013 -467.118 -71.175 -0.096 0.002 0.245 0.965
18.970 -467.040 -71.192 -0.097 0.002 0.246 0.964
18.930 -466.968 -71.207 -0.097 0.002 0.247 0.964
18.891 -466.897 -71.223 -0.098 0.002 0.249 0.964
18.851 -466.827 -71.238 -0.098 0.002 0.250 0.963
18.802 -466.740 -71.257 -0.099 0.002 0.252 0.963
18.740 -466.632 -71.281 -0.099 0.003 0.255 0.962
18.691 -466.548 -71.300 -0.100 0.003 0.257 0.961
18.636 -466.453 -71.322 -0.100 0.003 0.258 0.961
18.572 -466.345 -71.346 -0.100 0.003 0.260 0.960
18.515 -466.248 -71.368 -0.101 0.003 0.262 0.960
18.460 -466.158 -71.389 -0.102 0.003 0.264 0.959
18.406 -466.067 -71.409 -0.101 0.003 0.265 0.959
18.324 -465.934 -71.440 -0.103 0.003 0.267 0.958
18.244 -465.804 -71.471 -0.103 0.003 0.269 0.958
18.203 -465.737 -71.486 -0.103 0.003 0.269 0.957
18.152 -465.656 -71.506 -0.103 0.003 0.271 0.957
18.073 -465.530 -71.535 -0.103 0.003 0.273 0.957
18.044 -465.484 -71.546 -0.103 0.003 0.273 0.956
18.000 -465.413 -71.563 -0.103 0.003 0.274 0.956
17.948 -465.332 -71.582 -0.103 0.004 0.275 0.956
17.903 -465.260 -71.599 -0.103 0.004 0.276 0.956
17.843 -465.167 -71.621 -0.103 0.004 0.277 0.955
17.787 -465.080 -71.641 -0.103 0.004 0.278 0.955
17.731 -464.994 -71.662 -0.103 0.004 0.280 0.955
17.684 -464.922 -71.679 -0.103 0.004 0.280 0.954
17.626 -464.833 -71.700 -0.104 0.004 0.282 0.954
17.576 -464.758 -71.718 -0.104 0.004 0.283 0.954
17.491 -464.629 -71.749 -0.104 0.005 0.285 0.953
17.412 -464.511 -71.777 -0.104 0.005 0.287 0.952
17.348 -464.416 -71.800 -0.104 0.005 0.289 0.952
17.286 -464.326 -71.821 -0.104 0.005 0.290 0.951
17.236 -464.252 -71.839 -0.104 0.005 0.291 0.951
17.184 -464.176 -71.857 -0.105 0.005 0.292 0.951
17.119 -464.082 -71.880 -0.105 0.005 0.292 0.951
17.058 -463.995 -71.901 -0.104 0.005 0.293 0.950
17.004 -463.917 -71.920 -0.103 0.006 0.295 0.950
16.933 -463.814 -71.945 -0.103 0.006 0.296 0.950
16.891 -463.754 -71.959 -0.103 0.006 0.297 0.949
16.847 -463.692 -71.974 -0.103 0.006 0.298 0.949
16.818 -463.652 -71.984 -0.103 0.006 0.299 0.949
16.761 -463.572 -72.003 -0.103 0.006 0.300 0.948
16.703 -463.491 -72.022 -0.103 0.007 0.301 0.948
16.632 -463.392 -72.046 -0.102 0.007 0.303 0.948
16.566 -463.301 -72.067 -0.102 0.007 0.304 0.947
16.500 -463.209 -72.089 -0.102 0.007 0.305 0.947
16.412 -463.090 -72.117 -0.102 0.007 0.307 0.946
16.352 -463.009 -72.136 -0.102 0.008 0.308 0.946
16.274 -462.902 -72.162 -0.101 0.008 0.309 0.945
16.237 -462.854 -72.173 -0.101 0.008 0.310 0.945
16.160 -462.751 -72.197 -0.100 0.008 0.311 0.945
16.084 -462.650 -72.221 -0.100 0.009 0.312 0.945
16.026 -462.572 -72.239 -0.100 0.009 0.313 0.944
15.938 -462.457 -72.266 -0.098 0.009 0.315 0.944
15.905 -462.413 -72.276 -0.098 0.009 0.316 0.944
15.855 -462.348 -72.291 -0.099 0.009 0.317 0.943
15.794 -462.268 -72.309 -0.098 0.010 0.318 0.943
15.733 -462.190 -72.327 -0.097 0.010 0.319 0.943
15.662 -462.099 -72.348 -0.097 0.010 0.320 0.942
15.590 -462.006 -72.369 -0.098 0.010 0.320 0.942
15.507 -461.900 -72.394 -0.098 0.010 0.322 0.942
15.463 -461.844 -72.406 -0.098 0.010 0.322 0.941
15.396 -461.760 -72.426 -0.098 0.011 0.324 0.941
15.329 -461.676 -72.445 -0.098 0.010 0.325 0.941
15.258 -461.586 -72.466 -0.098 0.010 0.325 0.940
15.224 -461.544 -72.476 -0.098 0.011 0.326 0.940
15.135 -461.432 -72.501 -0.098 0.011 0.327 0.940
15.085 -461.371 -72.515 -0.097 0.011 0.328 0.940
15.010 -461.278 -72.537 -0.097 0.011 0.329 0.939
14.944 -461.197 -72.555 -0.097 0.011 0.330 0.939
14.897 -461.140 -72.568 -0.097 0.011 0.331 0.939
14.828 -461.055 -72.588 -0.098 0.011 0.332 0.938
14.735 -460.942 -72.614 -0.097 0.012 0.333 0.938
14.669 -460.862 -72.632 -0.097 0.012 0.334 0.938
14.589 -460.765 -72.654 -0.096 0.012 0.335 0.937
14.509 -460.670 -72.676 -0.095 0.013 0.336 0.937
14.458 -460.609 -72.690 -0.095 0.013 0.337 0.937
14.395 -460.534 -72.707 -0.096 0.013 0.337 0.937
14.330 -460.457 -72.724 -0.096 0.013 0.338 0.936
14.232 -460.341 -72.750 -0.096 0.013 0.339 0.936
14.165 -460.263 -72.768 -0.096 0.013 0.341 0.935
14.112 -460.201 -72.782 -0.096 0.013 0.342 0.935
