21.500 -475.883 -70.112 -0.002 0.000 0.004 1.000
21.498 -475.784 -70.113 -0.004 0.000 0.007 1.000
21.497 -475.689 -70.114 -0.005 0.000 0.011 1.000
21.493 -475.550 -70.115 -0.007 0.000 0.015 1.000
21.490 -475.451 -70.117 -0.009 0.000 0.019 1.000
21.485 -475.345 -70.119 -0.010 0.000 0.022 1.000
21.480 -475.228 -70.122 -0.012 0.000 0.026 1.000
21.476 -475.166 -70.123 -0.013 0.000 0.028 1.000
21.469 -475.044 -70.126 -0.014 0.000 0.032 0.999
21.463 -474.950 -70.129 -0.016 0.000 0.035 0.999
21.456 -474.861 -70.132 -0.017 0.000 0.038 0.999
21.444 -474.717 -70.138 -0.019 0.000 0.043 0.999
21.435 -474.612 -70.142 -0.020 0.000 0.047 0.999
21.421 -474.472 -70.148 -0.022 0.000 0.052 0.998
21.407 -474.342 -70.154 -0.023 0.000 0.055 0.998
21.393 -474.217 -70.160 -0.024 0.000 0.059 0.998
21.380 -474.118 -70.165 -0.026 0.000 0.062 0.998
21.365 -473.998 -70.171 -0.027 0.000 0.066 0.997
21.352 -473.900 -70.177 -0.029 0.000 0.069 0.997
21.340 -473.816 -70.182 -0.030 0.000 0.071 0.997
21.319 -473.674 -70.190 -0.032 0.000 0.076 0.997
21.307 -473.601 -70.195 -0.033 0.000 0.079 0.996
21.288 -473.484 -70.203 -0.034 0.000 0.082 0.996
21.275 -473.407 -70.209 -0.035 0.000 0.084 0.996
21.257 -473.302 -70.216 -0.036 0.000 0.088 0.995
21.235 -473.181 -70.225 -0.037 0.000 0.092 0.995
21.222 -473.116 -70.230 -0.038 0.000 0.094 0.995
21.200 -472.999 -70.239 -0.040 0.000 0.097 0.995
21.176 -472.878 -70.250 -0.041 0.000 0.100 0.994
21.157 -472.789 -70.257 -0.043 0.000 0.103 0.994
21.131 -472.664 -70.268 -0.044 0.000 0.106 0.993
21.114 -472.589 -70.275 -0.045 0.000 0.109 0.993
21.084 -472.458 -70.287 -0.045 0.000 0.112 0.993
21.064 -472.369 -70.295 -0.046 0.000 0.115 0.992
21.036 -472.250 -70.307 -0.047 0.000 0.117 0.992
21.007 -472.132 -70.318 -0.048 0.000 0.121 0.992
20.986 -472.050 -70.326 -0.049 0.000 0.124 0.991
20.963 -471.959 -70.336 -0.050 0.000 0.126 0.991
20.933 -471.844 -70.348 -0.052 0.000 0.129 0.990
20.902 -471.732 -70.360 -0.053 0.000 0.133 0.990
20.884 -471.665 -70.367 -0.054 0.000 0.135 0.989
20.854 -471.560 -70.379 -0.054 0.000 0.138 0.989
20.824 -471.455 -70.391 -0.056 0.000 0.141 0.988
20.804 -471.385 -70.399 -0.056 0.000 0.143 0.988
20.776 -471.293 -70.410 -0.057 0.000 0.145 0.988
20.730 -471.143 -70.428 -0.059 0.000 0.150 0.987
20.703 -471.055 -70.439 -0.059 0.001 0.153 0.987
20.665 -470.939 -70.453 -0.061 0.000 0.155 0.986
20.629 -470.828 -70.468 -0.063 0.000 0.159 0.985
20.603 -470.752 -70.478 -0.063 0.000 0.161 0.985
20.577 -470.673 -70.488 -0.064 0.000 0.163 0.985
20.544 -470.580 -70.501 -0.065 0.000 0.166 0.984
20.512 -470.488 -70.513 -0.065 0.001 0.169 0.983
20.477 -470.391 -70.527 -0.066 0.001 0.171 0.983
20.446 -470.304 -70.539 -0.067 0.001 0.173 0.983
20.406 -470.197 -70.554 -0.067 0.001 0.176 0.982
20.360 -470.076 -70.571 -0.069 0.001 0.180 0.981
20.314 -469.955 -70.589 -0.070 0.001 0.183 0.981
20.289 -469.891 -70.599 -0.070 0.001 0.184 0.980
20.243 -469.775 -70.616 -0.071 0.001 0.187 0.980
20.211 -469.694 -70.628 -0.072 0.001 0.190 0.979
20.171 -469.597 -70.643 -0.073 0.001 0.192 0.979
20.125 -469.485 -70.661 -0.074 0.001 0.194 0.978
20.081 -469.381 -70.678 -0.075 0.001 0.197 0.978
20.052 -469.313 -70.688 -0.075 0.001 0.198 0.977
20.008 -469.211 -70.705 -0.077 0.001 0.201 0.977
19.983 -469.152 -70.715 -0.078 0.001 0.202 0.976
19.938 -469.049 -70.732 -0.079 0.001 0.205 0.976
19.905 -468.976 -70.745 -0.079 0.001 0.207 0.975
19.851 -468.856 -70.765 -0.080 0.001 0.209 0.975
19.808 -468.762 -70.782 -0.081 0.001 0.212 0.974
19.763 -468.665 -70.799 -0.081 0.001 0.213 0.974
19.730 -468.593 -70.812 -0.082 0.001 0.215 0.973
19.698 -468.527 -70.824 -0.082 0.001 0.217 0.973
19.652 -468.429 -70.841 -0.083 0.001 0.219 0.972
19.604 -468.328 -70.859 -0.083 0.001 0.221 0.972
19.548 -468.214 -70.880 -0.083 0.001 0.223 0.971
19.505 -468.127 -70.896 -0.084 0.001 0.226 0.971
19.437 -467.991 -70.921 -0.085 0.001 0.229 0.970
19.394 -467.907 -70.937 -0.085 0.001 0.231 0.969
19.337 -467.795 -70.958 -0.085 0.002 0.234 0.969
19.291 -467.706 -70.975 -0.086 0.002 0.236 0.968
19.245 -467.618 -70.991 -0.086 0.002 0.238 0.967
19.192 -467.518 -71.011 -0.087 0.002 0.240 0.967
19.121 -467.387 -71.036 -0.087 0.002 0.242 0.966
19.066 -467.286 -71.056 -0.088 0.002 0.245 0.966
19.030 -467.220 -71.068 -0.088 0.002 0.246 0.965
18.988 -467.144 -71.083 -0.088 0.002 0.248 0.965
18.934 -467.048 -71.102 -0.089 0.002 0.250 0.964
18.868 -466.931 -71.125 -0.090 0.002 0.252 0.963
18.840 -466.882 -71.135 -0.090 0.002 0.253 0.963
18.776 -466.771 -71.158 -0.091 0.002 0.255 0.963
18.728 -466.688 -71.175 -0.092 0.002 0.256 0.962
18.671 -466.590 -71.195 -0.092 0.002 0.257 0.962
18.631 -466.521 -71.210 -0.093 0.002 0.259 0.961
18.574 -466.424 -71.230 -0.094 0.002 0.261 0.961
18.505 -466.308 -71.255 -0.095 0.002 0.264 0.960
18.453 -466.222 -71.273 -0.094 0.002 0.265 0.960
18.387 -466.114 -71.297 -0.095 0.002 0.268 0.959
18.349 -466.052 -71.310 -0.095 0.002 0.269 0.958
18.309 -465.987 -71.324 -0.096 0.002 0.269 0.958
18.259 -465.907 -71.341 -0.096 0.002 0.271 0.958
18.221 -465.845 -71.355 -0.096 0.002 0.272 0.958
18.175 -465.773 -71.371 -0.096 0.002 0.272 0.957
18.134 -465.706 -71.385 -0.096 0.003 0.273 0.957
18.072 -465.609 -71.407 -0.096 0.003 0.276 0.956
18.010 -465.511 -71.428 -0.096 0.003 0.276 0.956
17.948 -465.415 -71.449 -0.095 0.003 0.278 0.956
17.890 -465.325 -71.468 -0.095 0.003 0.279 0.955
17.835 -465.240 -71.487 -0.095 0.004 0.281 0.955
17.789 -465.170 -71.502 -0.095 0.004 0.282 0.955
17.742 -465.099 -71.517 -0.094 0.004 0.283 0.954
17.677 -464.999 -71.539 -0.094 0.004 0.284 0.954
17.633 -464.933 -71.553 -0.094 0.004 0.285 0.954
17.576 -464.847 -71.572 -0.094 0.004 0.286 0.954
17.550 -464.809 -71.580 -0.094 0.004 0.287 0.953
17.505 -464.742 -71.595 -0.094 0.005 0.288 0.953
17.431 -464.632 -71.618 -0.094 0.005 0.290 0.952
17.379 -464.556 -71.635 -0.094 0.005 0.291 0.952
17.344 -464.505 -71.646 -0.094 0.005 0.292 0.952
17.274 -464.403 -71.668 -0.094 0.005 0.295 0.951
17.207 -464.307 -71.689 -0.094 0.005 0.295 0.951
17.152 -464.229 -71.706 -0.093 0.006 0.296 0.950
17.074 -464.118 -71.730 -0.093 0.006 0.298 0.950
17.014 -464.032 -71.748 -0.093 0.006 0.299 0.950
16.952 -463.945 -71.767 -0.093 0.006 0.300 0.949
16.900 -463.871 -71.783 -0.094 0.006 0.300 0.949
16.837 -463.783 -71.802 -0.093 0.006 0.302 0.949
16.751 -463.663 -71.828 -0.094 0.006 0.303 0.948
16.630 -463.497 -71.865 -0.095 0.006 0.306 0.947
16.581 -463.429 -71.880 -0.095 0.006 0.307 0.947
16.525 -463.353 -71.896 -0.095 0.006 0.309 0.946
16.472 -463.281 -71.912 -0.095 0.006 0.309 0.946
16.383 -463.162 -71.939 -0.095 0.007 0.311 0.946
16.317 -463.073 -71.958 -0.095 0.007 0.312 0.945
16.265 -463.004 -71.974 -0.095 0.007 0.313 0.945
16.208 -462.929 -71.991 -0.094 0.007 0.315 0.944
16.124 -462.819 -72.015 -0.094 0.007 0.317 0.944
16.067 -462.745 -72.031 -0.094 0.008 0.318 0.943
15.976 -462.627 -72.057 -0.094 0.008 0.319 0.943
15.925 -462.562 -72.071 -0.094 0.008 0.320 0.943
15.870 -462.490 -72.087 -0.093 0.008 0.321 0.942
15.799 -462.400 -72.107 -0.094 0.008 0.322 0.942
15.746 -462.333 -72.122 -0.094 0.008 0.323 0.942
15.699 -462.273 -72.135 -0.094 0.008 0.323 0.942
15.651 -462.213 -72.149 -0.093 0.008 0.324 0.941
15.586 -462.130 -72.167 -0.094 0.008 0.326 0.941
15.533 -462.065 -72.181 -0.093 0.009 0.327 0.941
15.462 -461.976 -72.201 -0.092 0.009 0.327 0.940
15.373 -461.865 -72.225 -0.093 0.009 0.328 0.940
15.294 -461.768 -72.246 -0.092 0.009 0.330 0.940
15.224 -461.681 -72.265 -0.092 0.009 0.331 0.939
15.173 -461.619 -72.279 -0.092 0.009 0.332 0.939
15.121 -461.555 -72.293 -0.092 0.009 0.332 0.939
15.025 -461.439 -72.318 -0.092 0.010 0.333 0.938
14.974 -461.376 -72.332 -0.092 0.010 0.334 0.938
14.923 -461.315 -72.345 -0.092 0.010 0.335 0.938
14.862 -461.241 -72.361 -0.092 0.010 0.336 0.937
14.802 -461.169 -72.377 -0.092 0.010 0.337 0.937
14.750 -461.108 -72.391 -0.092 0.010 0.338 0.937
14.653 -460.993 -72.416 -0.092 0.010 0.339 0.936
14.566 -460.890 -72.439 -0.092 0.010 0.341 0.936
14.510 -460.825 -72.453 -0.092 0.010 0.341 0.935
14.444 -460.748 -72.470 -0.092 0.010 0.343 0.935
14.343 -460.632 -72.496 -0.092 0.011 0.345 0.934
14.259 -460.535 -72.517 -0.092 0.011 0.347 0.933
14.167 -460.429 -72.540 -0.092 0.011 0.348 0.933
