24.700 -458.410 -70.112 -0.002 0.000 0.003 1.000
24.698 -458.286 -70.113 -0.004 0.000 0.008 1.000
24.697 -458.199 -70.113 -0.005 0.000 0.011 1.000
24.695 -458.130 -70.114 -0.006 0.000 0.013 1.000
24.693 -458.043 -70.115 -0.008 0.000 0.017 1.000
24.690 -457.959 -70.117 -0.010 0.000 0.019 1.000
24.686 -457.874 -70.119 -0.011 0.000 0.022 1.000
24.682 -457.798 -70.121 -0.012 0.000 0.025 1.000
24.674 -457.658 -70.124 -0.015 0.000 0.031 0.999
24.668 -457.557 -70.128 -0.016 0.000 0.034 0.999
24.659 -457.431 -70.132 -0.018 0.000 0.039 0.999
24.650 -457.320 -70.136 -0.020 0.000 0.043 0.999
24.644 -457.262 -70.139 -0.021 0.000 0.045 0.999
24.635 -457.163 -70.143 -0.023 0.000 0.049 0.999
24.624 -457.052 -70.149 -0.025 0.000 0.052 0.998
24.615 -456.971 -70.153 -0.026 0.000 0.055 0.998
24.601 -456.853 -70.159 -0.028 0.000 0.060 0.998
24.594 -456.795 -70.163 -0.029 0.000 0.062 0.998
24.582 -456.699 -70.168 -0.030 0.000 0.065 0.997
24.562 -456.556 -70.177 -0.031 0.000 0.070 0.997
24.547 -456.448 -70.184 -0.032 0.000 0.075 0.997
24.531 -456.345 -70.191 -0.034 0.000 0.078 0.996
24.511 -456.225 -70.200 -0.036 0.000 0.083 0.996
24.490 -456.104 -70.209 -0.037 0.000 0.087 0.996
24.472 -456.002 -70.216 -0.038 0.000 0.090 0.995
24.457 -455.921 -70.223 -0.040 0.000 0.093 0.995
24.440 -455.836 -70.230 -0.041 0.000 0.096 0.995
24.412 -455.696 -70.241 -0.042 0.000 0.101 0.994
24.391 -455.593 -70.250 -0.043 0.000 0.105 0.994
24.370 -455.498 -70.259 -0.045 0.000 0.108 0.993
24.346 -455.392 -70.269 -0.046 0.000 0.112 0.993
24.330 -455.323 -70.275 -0.047 0.000 0.114 0.992
24.301 -455.200 -70.287 -0.049 0.000 0.119 0.992
24.275 -455.098 -70.298 -0.050 0.000 0.122 0.991
24.249 -454.993 -70.309 -0.052 0.000 0.125 0.991
24.224 -454.898 -70.319 -0.054 0.000 0.128 0.990
24.203 -454.820 -70.328 -0.055 0.000 0.130 0.990
24.176 -454.720 -70.339 -0.056 0.000 0.134 0.989
24.148 -454.621 -70.351 -0.058 0.000 0.137 0.989
24.119 -454.521 -70.363 -0.059 0.000 0.140 0.988
24.085 -454.404 -70.377 -0.060 0.000 0.144 0.988
24.058 -454.315 -70.388 -0.061 0.000 0.147 0.987
24.022 -454.199 -70.403 -0.063 0.000 0.151 0.987
23.973 -454.047 -70.424 -0.065 0.000 0.156 0.986
23.939 -453.944 -70.438 -0.066 0.000 0.160 0.985
23.901 -453.833 -70.453 -0.068 0.000 0.165 0.984
23.862 -453.721 -70.470 -0.070 0.000 0.169 0.983
23.823 -453.612 -70.486 -0.072 0.000 0.172 0.983
23.782 -453.500 -70.503 -0.073 0.000 0.176 0.982
23.739 -453.388 -70.521 -0.075 0.000 0.180 0.981
23.702 -453.291 -70.536 -0.076 0.000 0.183 0.980
23.665 -453.198 -70.552 -0.078 0.000 0.186 0.979
23.622 -453.090 -70.570 -0.080 0.000 0.190 0.978
23.582 -452.992 -70.587 -0.081 0.000 0.194 0.978
23.527 -452.863 -70.609 -0.083 0.000 0.199 0.977
23.474 -452.740 -70.631 -0.084 0.001 0.204 0.975
23.433 -452.648 -70.648 -0.085 0.001 0.207 0.975
23.367 -452.503 -70.675 -0.088 0.000 0.213 0.973
23.326 -452.417 -70.692 -0.089 0.000 0.215 0.972
23.267 -452.293 -70.717 -0.092 0.000 0.220 0.971
23.233 -452.222 -70.731 -0.093 0.000 0.223 0.970
23.177 -452.110 -70.754 -0.095 0.000 0.227 0.969
23.125 -452.007 -70.776 -0.097 0.000 0.230 0.968
23.083 -451.924 -70.794 -0.098 0.000 0.233 0.968
23.040 -451.842 -70.812 -0.099 0.000 0.236 0.967
22.976 -451.721 -70.839 -0.099 0.000 0.240 0.966
22.939 -451.652 -70.854 -0.100 0.000 0.242 0.965
22.880 -451.543 -70.878 -0.102 0.000 0.245 0.964
22.832 -451.457 -70.898 -0.103 0.001 0.249 0.963
22.784 -451.373 -70.918 -0.104 0.001 0.252 0.962
22.727 -451.274 -70.941 -0.106 0.000 0.255 0.961
22.670 -451.175 -70.965 -0.108 0.000 0.259 0.960
22.626 -451.101 -70.984 -0.110 0.000 0.262 0.959
22.585 -451.033 -71.001 -0.110 0.000 0.264 0.958
22.529 -450.942 -71.024 -0.112 0.000 0.267 0.957
22.474 -450.853 -71.047 -0.114 0.000 0.270 0.956
22.409 -450.750 -71.074 -0.116 0.000 0.273 0.955
22.354 -450.664 -71.098 -0.117 0.000 0.277 0.954
22.312 -450.599 -71.116 -0.118 0.000 0.279 0.953
22.257 -450.514 -71.139 -0.119 0.000 0.282 0.952
22.237 -450.485 -71.147 -0.120 0.000 0.283 0.952
22.160 -450.370 -71.180 -0.121 0.000 0.287 0.950
22.108 -450.294 -71.202 -0.123 0.000 0.290 0.949
22.057 -450.221 -71.223 -0.124 0.000 0.293 0.948
22.014 -450.159 -71.242 -0.125 0.000 0.295 0.947
21.963 -450.087 -71.263 -0.126 0.000 0.298 0.946
21.901 -450.001 -71.289 -0.127 0.000 0.300 0.945
21.869 -449.956 -71.303 -0.128 0.000 0.302 0.945
21.827 -449.899 -71.320 -0.128 0.000 0.303 0.944
21.752 -449.797 -71.352 -0.129 0.000 0.307 0.943
21.703 -449.731 -71.372 -0.129 0.000 0.309 0.942
21.649 -449.660 -71.395 -0.130 0.000 0.311 0.941
21.576 -449.565 -71.425 -0.131 0.000 0.315 0.940
21.494 -449.459 -71.460 -0.133 0.000 0.318 0.939
21.432 -449.380 -71.485 -0.134 0.000 0.319 0.938
21.365 -449.295 -71.513 -0.135 0.000 0.322 0.937
21.316 -449.235 -71.534 -0.136 0.000 0.325 0.936
21.237 -449.137 -71.567 -0.138 0.000 0.328 0.935
21.127 -449.005 -71.613 -0.140 0.000 0.332 0.933
21.093 -448.965 -71.627 -0.140 0.000 0.334 0.932
21.040 -448.902 -71.650 -0.141 0.000 0.336 0.931
20.960 -448.810 -71.683 -0.143 0.000 0.340 0.929
20.894 -448.733 -71.711 -0.144 0.000 0.343 0.928
20.820 -448.650 -71.742 -0.145 0.000 0.346 0.927
20.746 -448.568 -71.773 -0.146 0.000 0.349 0.926
20.682 -448.497 -71.800 -0.147 0.000 0.351 0.925
20.603 -448.411 -71.833 -0.148 0.000 0.353 0.924
20.557 -448.361 -71.852 -0.149 0.000 0.355 0.923
20.491 -448.291 -71.880 -0.150 0.000 0.357 0.922
20.443 -448.240 -71.900 -0.150 0.000 0.359 0.921
20.383 -448.177 -71.925 -0.151 0.000 0.361 0.920
20.321 -448.113 -71.951 -0.152 0.000 0.364 0.919
20.233 -448.023 -71.987 -0.154 0.000 0.368 0.917
20.148 -447.937 -72.023 -0.154 0.001 0.371 0.916
20.076 -447.866 -72.053 -0.155 0.001 0.373 0.915
19.995 -447.787 -72.086 -0.156 0.001 0.376 0.914
19.923 -447.717 -72.116 -0.156 0.001 0.378 0.913
19.836 -447.633 -72.151 -0.157 0.001 0.381 0.911
19.764 -447.566 -72.181 -0.157 0.002 0.383 0.910
19.694 -447.500 -72.209 -0.158 0.002 0.385 0.909
19.637 -447.447 -72.233 -0.159 0.002 0.387 0.908
19.570 -447.386 -72.260 -0.159 0.002 0.389 0.907
19.529 -447.348 -72.277 -0.159 0.002 0.390 0.907
19.461 -447.287 -72.304 -0.160 0.002 0.392 0.906
19.370 -447.206 -72.341 -0.162 0.002 0.395 0.905
19.285 -447.131 -72.376 -0.163 0.002 0.397 0.903
19.209 -447.064 -72.407 -0.163 0.002 0.400 0.902
19.113 -446.981 -72.446 -0.165 0.002 0.403 0.900
19.015 -446.898 -72.486 -0.167 0.001 0.406 0.899
18.939 -446.834 -72.517 -0.168 0.001 0.408 0.897
18.881 -446.785 -72.541 -0.168 0.001 0.410 0.896
18.817 -446.732 -72.567 -0.168 0.002 0.411 0.896
18.722 -446.655 -72.606 -0.169 0.002 0.413 0.895
18.625 -446.577 -72.645 -0.170 0.002 0.416 0.893
18.578 -446.539 -72.664 -0.170 0.002 0.417 0.893
18.485 -446.465 -72.702 -0.171 0.002 0.419 0.892
18.398 -446.397 -72.737 -0.172 0.002 0.422 0.890
18.311 -446.330 -72.773 -0.173 0.002 0.425 0.889
18.247 -446.282 -72.798 -0.174 0.002 0.427 0.887
18.150 -446.208 -72.838 -0.175 0.002 0.430 0.886
18.111 -446.180 -72.853 -0.175 0.002 0.431 0.885
18.043 -446.130 -72.881 -0.175 0.002 0.433 0.884
17.972 -446.078 -72.909 -0.176 0.003 0.435 0.883
17.907 -446.031 -72.935 -0.176 0.003 0.437 0.882
17.804 -445.957 -72.976 -0.177 0.003 0.440 0.880
17.716 -445.896 -73.011 -0.178 0.003 0.443 0.879
17.624 -445.831 -73.048 -0.179 0.003 0.445 0.878
17.584 -445.804 -73.064 -0.179 0.003 0.445 0.877
17.498 -445.745 -73.098 -0.180 0.003 0.448 0.876
17.429 -445.698 -73.125 -0.179 0.004 0.450 0.875
17.371 -445.659 -73.148 -0.180 0.004 0.451 0.874
17.305 -445.615 -73.174 -0.180 0.004 0.453 0.873
17.208 -445.551 -73.212 -0.181 0.004 0.455 0.872
17.105 -445.485 -73.252 -0.181 0.004 0.457 0.871
17.005 -445.420 -73.291 -0.182 0.005 0.460 0.869
16.962 -445.393 -73.308 -0.182 0.005 0.461 0.869
16.880 -445.341 -73.339 -0.182 0.005 0.462 0.868
16.796 -445.288 -73.372 -0.182 0.006 0.464 0.867
16.698 -445.227 -73.409 -0.182 0.006 0.466 0.866
16.592 -445.163 -73.450 -0.183 0.006 0.469 0.864
16.495 -445.104 -73.487 -0.184 0.006 0.471 0.863
16.436 -445.070 -73.509 -0.184 0.006 0.473 0.862
16.340 -445.012 -73.546 -0.184 0.006 0.474 0.861
16.254 -444.962 -73.578 -0.184 0.006 0.476 0.860
16.183 -444.920 -73.606 -0.185 0.007 0.477 0.859
16.111 -444.879 -73.633 -0.185 0.007 0.478 0.859
16.013 -444.823 -73.669 -0.185 0.007 0.480 0.857
15.885 -444.751 -73.717 -0.186 0.007 0.483 0.855
15.792 -444.699 -73.752 -0.186 0.008 0.485 0.855
15.735 -444.668 -73.773 -0.186 0.008 0.486 0.854
15.640 -444.615 -73.809 -0.185 0.008 0.486 0.854
15.549 -444.566 -73.842 -0.186 0.008 0.488 0.853
15.431 -444.502 -73.886 -0.187 0.008 0.489 0.852
15.326 -444.445 -73.925 -0.187 0.008 0.490 0.851
15.251 -444.405 -73.952 -0.187 0.008 0.491 0.851
15.182 -444.368 -73.978 -0.187 0.009 0.491 0.851
15.070 -444.309 -74.019 -0.186 0.009 0.493 0.850
14.966 -444.255 -74.057 -0.186 0.010 0.495 0.849
14.852 -444.195 -74.098 -0.185 0.010 0.496 0.848
14.742 -444.138 -74.138 -0.186 0.010 0.497 0.847
14.633 -444.082 -74.177 -0.186 0.010 0.498 0.847
14.522 -444.026 -74.217 -0.185 0.011 0.499 0.846
14.388 -443.958 -74.265 -0.186 0.011 0.501 0.845
14.272 -443.900 -74.305 -0.186 0.012 0.502 0.844
14.168 -443.848 -74.342 -0.185 0.012 0.503 0.844
14.106 -443.817 -74.364 -0.185 0.012 0.504 0.843
