24.700 -458.417 -70.112 -0.001 0.000 0.003 1.000
24.699 -458.323 -70.112 -0.003 0.000 0.006 1.000
24.697 -458.232 -70.113 -0.005 0.000 0.009 1.000
24.695 -458.128 -70.114 -0.006 0.000 0.013 1.000
24.691 -458.005 -70.116 -0.008 0.000 0.017 1.000
24.687 -457.894 -70.118 -0.009 0.000 0.022 1.000
24.684 -457.828 -70.119 -0.010 0.000 0.024 1.000
24.677 -457.705 -70.122 -0.012 0.000 0.029 1.000
24.667 -457.536 -70.126 -0.015 0.000 0.033 0.999
24.660 -457.438 -70.129 -0.015 0.000 0.037 0.999
24.652 -457.334 -70.133 -0.017 0.000 0.041 0.999
24.646 -457.261 -70.136 -0.018 0.000 0.043 0.999
24.633 -457.124 -70.141 -0.020 0.000 0.048 0.999
24.620 -456.998 -70.146 -0.022 0.000 0.053 0.998
24.602 -456.834 -70.154 -0.025 0.000 0.058 0.998
24.594 -456.766 -70.158 -0.026 0.000 0.060 0.998
24.577 -456.631 -70.165 -0.027 0.000 0.065 0.998
24.560 -456.506 -70.172 -0.029 0.000 0.068 0.997
24.543 -456.386 -70.179 -0.031 0.000 0.072 0.997
24.523 -456.257 -70.187 -0.033 0.000 0.077 0.997
24.505 -456.140 -70.195 -0.035 0.000 0.081 0.996
24.485 -456.024 -70.204 -0.037 0.000 0.085 0.996
24.461 -455.888 -70.214 -0.040 0.000 0.091 0.995
24.442 -455.787 -70.223 -0.041 0.000 0.095 0.995
24.419 -455.670 -70.233 -0.043 0.000 0.099 0.994
24.397 -455.564 -70.242 -0.045 0.000 0.102 0.994
24.377 -455.467 -70.251 -0.047 0.000 0.105 0.993
24.357 -455.375 -70.260 -0.048 0.000 0.108 0.993
24.336 -455.284 -70.269 -0.049 0.000 0.112 0.993
24.304 -455.147 -70.283 -0.050 0.000 0.117 0.992
24.266 -454.993 -70.300 -0.053 0.000 0.123 0.991
24.237 -454.880 -70.312 -0.054 0.000 0.127 0.990
24.202 -454.747 -70.327 -0.056 0.000 0.131 0.990
24.176 -454.652 -70.338 -0.058 0.000 0.134 0.989
24.152 -454.566 -70.349 -0.059 0.000 0.137 0.989
24.128 -454.483 -70.359 -0.060 0.000 0.140 0.988
24.097 -454.377 -70.372 -0.061 0.000 0.144 0.988
24.064 -454.270 -70.386 -0.063 0.000 0.148 0.987
24.038 -454.186 -70.397 -0.064 0.000 0.151 0.986
24.003 -454.076 -70.412 -0.066 0.000 0.155 0.986
23.976 -453.993 -70.423 -0.067 0.000 0.158 0.985
23.934 -453.869 -70.441 -0.069 0.000 0.162 0.984
23.894 -453.755 -70.458 -0.071 0.000 0.166 0.984
23.852 -453.636 -70.476 -0.073 0.000 0.170 0.983
23.815 -453.533 -70.492 -0.075 0.000 0.174 0.982
23.772 -453.418 -70.510 -0.077 0.000 0.178 0.981
23.708 -453.252 -70.538 -0.079 0.000 0.184 0.980
23.684 -453.192 -70.548 -0.080 0.000 0.186 0.979
23.640 -453.081 -70.567 -0.081 0.000 0.191 0.978
23.600 -452.985 -70.584 -0.083 0.000 0.195 0.977
23.557 -452.884 -70.603 -0.085 0.000 0.198 0.977
23.523 -452.804 -70.617 -0.086 0.000 0.201 0.976
23.479 -452.703 -70.636 -0.088 0.000 0.205 0.975
23.432 -452.598 -70.656 -0.089 0.000 0.209 0.974
23.400 -452.528 -70.670 -0.090 0.000 0.211 0.973
23.354 -452.429 -70.689 -0.091 0.000 0.215 0.972
23.331 -452.379 -70.699 -0.092 0.000 0.217 0.972
23.277 -452.267 -70.722 -0.094 0.000 0.221 0.971
23.228 -452.168 -70.743 -0.095 0.000 0.225 0.970
23.177 -452.065 -70.764 -0.098 0.000 0.229 0.969
23.122 -451.958 -70.787 -0.099 0.000 0.232 0.968
23.084 -451.885 -70.804 -0.099 0.000 0.235 0.967
23.035 -451.792 -70.824 -0.101 0.000 0.238 0.966
22.990 -451.708 -70.843 -0.102 0.000 0.240 0.966
22.938 -451.612 -70.865 -0.103 0.000 0.243 0.965
22.874 -451.495 -70.892 -0.104 0.000 0.247 0.963
22.815 -451.390 -70.917 -0.106 0.000 0.251 0.962
22.762 -451.296 -70.940 -0.108 0.000 0.254 0.961
22.697 -451.185 -70.968 -0.109 0.000 0.258 0.960
22.654 -451.113 -70.985 -0.111 0.000 0.260 0.959
22.589 -451.004 -71.013 -0.113 0.000 0.265 0.958
22.512 -450.880 -71.046 -0.115 0.000 0.269 0.956
22.462 -450.799 -71.068 -0.117 0.000 0.272 0.955
22.381 -450.672 -71.103 -0.118 0.000 0.276 0.954
22.337 -450.604 -71.121 -0.119 0.000 0.278 0.953
22.295 -450.540 -71.139 -0.120 0.000 0.281 0.952
22.233 -450.447 -71.166 -0.122 0.000 0.285 0.951
22.179 -450.367 -71.189 -0.123 0.000 0.287 0.950
22.150 -450.324 -71.201 -0.123 0.000 0.289 0.949
22.089 -450.235 -71.227 -0.124 0.000 0.293 0.948
22.046 -450.175 -71.245 -0.125 0.000 0.295 0.947
21.996 -450.103 -71.267 -0.126 0.000 0.298 0.946
21.944 -450.031 -71.289 -0.127 0.000 0.300 0.945
21.892 -449.959 -71.311 -0.128 0.000 0.303 0.944
21.838 -449.886 -71.334 -0.129 0.001 0.306 0.943
21.788 -449.818 -71.355 -0.130 0.001 0.308 0.942
21.712 -449.719 -71.386 -0.131 0.001 0.313 0.941
21.639 -449.624 -71.417 -0.132 0.001 0.316 0.940
21.572 -449.538 -71.445 -0.133 0.001 0.319 0.938
21.530 -449.485 -71.462 -0.134 0.001 0.321 0.938
21.462 -449.400 -71.491 -0.135 0.001 0.324 0.937
21.398 -449.322 -71.517 -0.136 0.001 0.327 0.935
21.369 -449.286 -71.529 -0.137 0.001 0.328 0.935
21.295 -449.197 -71.560 -0.137 0.001 0.330 0.934
21.251 -449.144 -71.578 -0.138 0.001 0.332 0.933
21.185 -449.065 -71.605 -0.138 0.001 0.334 0.932
21.133 -449.004 -71.626 -0.138 0.002 0.336 0.932
21.086 -448.949 -71.646 -0.139 0.002 0.338 0.931
21.013 -448.865 -71.676 -0.140 0.002 0.341 0.930
20.952 -448.794 -71.701 -0.140 0.002 0.343 0.929
20.893 -448.729 -71.724 -0.141 0.002 0.346 0.928
20.837 -448.665 -71.747 -0.142 0.002 0.348 0.927
20.770 -448.592 -71.774 -0.142 0.002 0.351 0.926
20.706 -448.522 -71.800 -0.144 0.002 0.354 0.924
20.639 -448.450 -71.827 -0.145 0.002 0.357 0.923
20.556 -448.362 -71.860 -0.145 0.002 0.359 0.922
20.453 -448.254 -71.902 -0.146 0.003 0.362 0.921
20.385 -448.184 -71.929 -0.147 0.003 0.365 0.920
20.301 -448.097 -71.962 -0.148 0.003 0.368 0.918
20.229 -448.025 -71.991 -0.149 0.003 0.370 0.917
20.151 -447.947 -72.022 -0.151 0.003 0.373 0.915
20.080 -447.877 -72.050 -0.151 0.003 0.376 0.914
20.018 -447.817 -72.075 -0.152 0.003 0.378 0.913
19.929 -447.732 -72.110 -0.153 0.003 0.381 0.912
19.858 -447.664 -72.139 -0.154 0.003 0.384 0.911
19.779 -447.591 -72.170 -0.154 0.003 0.386 0.909
19.718 -447.534 -72.195 -0.155 0.003 0.388 0.908
19.631 -447.454 -72.229 -0.157 0.003 0.391 0.907
19.565 -447.395 -72.255 -0.158 0.003 0.393 0.906
19.487 -447.326 -72.286 -0.159 0.003 0.396 0.905
19.425 -447.270 -72.311 -0.160 0.003 0.398 0.904
19.353 -447.208 -72.339 -0.161 0.003 0.400 0.902
19.280 -447.145 -72.369 -0.161 0.003 0.402 0.901
19.198 -447.074 -72.401 -0.162 0.003 0.405 0.900
19.130 -447.018 -72.428 -0.163 0.003 0.408 0.898
19.079 -446.975 -72.448 -0.164 0.003 0.409 0.898
19.018 -446.924 -72.472 -0.164 0.003 0.411 0.897
18.929 -446.852 -72.507 -0.165 0.003 0.414 0.895
18.849 -446.787 -72.539 -0.166 0.003 0.416 0.894
18.787 -446.737 -72.563 -0.167 0.003 0.417 0.893
18.725 -446.688 -72.588 -0.167 0.004 0.419 0.892
18.659 -446.636 -72.614 -0.167 0.004 0.420 0.892
18.574 -446.570 -72.647 -0.168 0.004 0.423 0.890
18.514 -446.523 -72.671 -0.169 0.003 0.425 0.889
18.449 -446.474 -72.696 -0.170 0.003 0.426 0.889
18.349 -446.398 -72.736 -0.170 0.004 0.428 0.888
18.283 -446.348 -72.761 -0.170 0.004 0.429 0.887
18.213 -446.296 -72.789 -0.170 0.004 0.431 0.886
18.164 -446.259 -72.808 -0.170 0.004 0.432 0.886
18.117 -446.224 -72.826 -0.170 0.004 0.433 0.885
18.015 -446.150 -72.866 -0.172 0.004 0.435 0.884
17.934 -446.092 -72.897 -0.172 0.004 0.438 0.883
17.855 -446.035 -72.928 -0.173 0.004 0.439 0.881
17.756 -445.965 -72.966 -0.173 0.005 0.442 0.880
17.698 -445.924 -72.988 -0.174 0.005 0.443 0.880
17.619 -445.869 -73.019 -0.175 0.005 0.445 0.878
17.556 -445.825 -73.043 -0.175 0.005 0.446 0.878
17.462 -445.761 -73.080 -0.177 0.004 0.448 0.876
17.354 -445.688 -73.122 -0.178 0.004 0.451 0.875
17.289 -445.644 -73.147 -0.178 0.004 0.452 0.874
17.208 -445.590 -73.178 -0.178 0.005 0.454 0.873
17.092 -445.515 -73.223 -0.178 0.005 0.456 0.872
17.018 -445.466 -73.252 -0.179 0.005 0.457 0.871
16.961 -445.430 -73.273 -0.179 0.005 0.458 0.870
16.875 -445.374 -73.306 -0.180 0.005 0.461 0.869
16.775 -445.311 -73.345 -0.181 0.005 0.463 0.868
16.642 -445.228 -73.396 -0.182 0.005 0.465 0.866
16.554 -445.174 -73.429 -0.182 0.005 0.467 0.865
16.474 -445.125 -73.460 -0.183 0.005 0.468 0.864
16.397 -445.078 -73.490 -0.183 0.005 0.470 0.863
16.307 -445.024 -73.524 -0.183 0.006 0.472 0.862
16.238 -444.983 -73.550 -0.183 0.006 0.474 0.861
16.159 -444.936 -73.580 -0.184 0.006 0.475 0.861
16.068 -444.884 -73.614 -0.185 0.006 0.477 0.859
16.008 -444.849 -73.637 -0.185 0.006 0.478 0.859
15.951 -444.816 -73.659 -0.186 0.006 0.479 0.858
15.808 -444.734 -73.713 -0.186 0.006 0.481 0.857
15.736 -444.694 -73.740 -0.186 0.006 0.483 0.856
15.662 -444.653 -73.768 -0.187 0.006 0.484 0.855
15.587 -444.611 -73.796 -0.187 0.006 0.485 0.854
15.493 -444.559 -73.832 -0.188 0.006 0.486 0.853
15.389 -444.502 -73.871 -0.187 0.006 0.487 0.853
15.318 -444.464 -73.898 -0.187 0.007 0.488 0.853
15.273 -444.440 -73.914 -0.187 0.007 0.488 0.852
15.183 -444.391 -73.948 -0.186 0.008 0.490 0.852
15.103 -444.348 -73.977 -0.186 0.008 0.491 0.851
14.995 -444.291 -74.017 -0.186 0.009 0.492 0.850
14.932 -444.257 -74.040 -0.185 0.009 0.493 0.850
14.857 -444.218 -74.067 -0.185 0.009 0.494 0.849
14.771 -444.173 -74.099 -0.185 0.009 0.495 0.849
14.672 -444.121 -74.134 -0.185 0.010 0.496 0.848
14.591 -444.080 -74.163 -0.185 0.010 0.498 0.847
14.523 -444.044 -74.188 -0.185 0.010 0.498 0.847
14.402 -443.983 -74.231 -0.186 0.010 0.500 0.846
14.331 -443.947 -74.256 -0.186 0.010 0.501 0.845
14.248 -443.905 -74.286 -0.186 0.011 0.503 0.844
14.167 -443.865 -74.315 -0.187 0.010 0.503 0.844
14.082 -443.823 -74.345 -0.186 0.011 0.504 0.843
