26.387 -423.575 -82.407 -0.027 0.000 0.052 0.998
26.377 -423.483 -82.412 -0.028 0.000 0.056 0.998
26.367 -423.390 -82.417 -0.029 0.000 0.058 0.998
26.359 -423.325 -82.421 -0.030 0.000 0.061 0.998
26.345 -423.212 -82.428 -0.032 0.000 0.064 0.997
26.333 -423.127 -82.433 -0.032 0.000 0.067 0.997
26.321 -423.037 -82.439 -0.033 0.000 0.070 0.997
26.302 -422.909 -82.448 -0.034 0.000 0.074 0.997
26.286 -422.802 -82.455 -0.035 0.000 0.078 0.996
26.265 -422.668 -82.465 -0.037 0.000 0.082 0.996
26.242 -422.535 -82.475 -0.038 0.000 0.085 0.996
26.229 -422.460 -82.481 -0.039 0.000 0.088 0.995
26.211 -422.360 -82.489 -0.040 0.000 0.091 0.995
26.187 -422.236 -82.499 -0.042 0.000 0.095 0.995
26.167 -422.133 -82.508 -0.043 0.000 0.098 0.994
26.156 -422.076 -82.513 -0.044 0.000 0.100 0.994
26.140 -421.998 -82.520 -0.045 0.000 0.102 0.994
26.116 -421.888 -82.531 -0.046 0.000 0.105 0.993
26.102 -421.822 -82.537 -0.047 0.000 0.108 0.993
26.076 -421.705 -82.549 -0.049 0.000 0.111 0.993
26.058 -421.628 -82.556 -0.049 0.000 0.113 0.992
26.027 -421.498 -82.570 -0.052 0.000 0.117 0.992
26.009 -421.421 -82.578 -0.053 0.000 0.120 0.991
25.982 -421.315 -82.589 -0.054 0.000 0.123 0.991
25.959 -421.224 -82.600 -0.056 0.000 0.126 0.990
25.935 -421.135 -82.610 -0.057 0.000 0.130 0.990
25.908 -421.035 -82.622 -0.058 0.000 0.133 0.989
25.880 -420.933 -82.634 -0.059 0.000 0.136 0.989
25.846 -420.816 -82.649 -0.061 0.000 0.140 0.988
25.828 -420.753 -82.657 -0.062 0.000 0.142 0.988
25.804 -420.672 -82.667 -0.063 0.000 0.144 0.988
25.778 -420.588 -82.678 -0.063 0.000 0.146 0.987
25.739 -420.460 -82.695 -0.064 0.001 0.150 0.987
25.707 -420.361 -82.708 -0.065 0.001 0.153 0.986
25.687 -420.297 -82.717 -0.066 0.001 0.155 0.986
25.655 -420.198 -82.731 -0.067 0.000 0.157 0.985
25.610 -420.064 -82.750 -0.069 0.001 0.160 0.985
25.591 -420.009 -82.758 -0.069 0.001 0.161 0.984
25.566 -419.935 -82.769 -0.070 0.001 0.164 0.984
25.532 -419.838 -82.783 -0.071 0.001 0.167 0.983
25.488 -419.713 -82.802 -0.071 0.001 0.170 0.983
25.460 -419.635 -82.814 -0.072 0.001 0.172 0.982
25.429 -419.551 -82.827 -0.073 0.001 0.174 0.982
25.402 -419.477 -82.838 -0.073 0.001 0.176 0.982
25.359 -419.364 -82.856 -0.074 0.001 0.180 0.981
25.319 -419.260 -82.872 -0.074 0.001 0.182 0.980
25.281 -419.161 -82.888 -0.076 0.001 0.185 0.980
25.258 -419.104 -82.897 -0.076 0.001 0.186 0.980
25.232 -419.038 -82.907 -0.076 0.001 0.188 0.979
25.189 -418.932 -82.925 -0.077 0.001 0.190 0.979
25.135 -418.800 -82.946 -0.078 0.001 0.193 0.978
25.108 -418.736 -82.957 -0.078 0.002 0.196 0.978
25.052 -418.604 -82.979 -0.079 0.002 0.200 0.977
25.016 -418.521 -82.994 -0.081 0.002 0.203 0.976
24.979 -418.437 -83.008 -0.081 0.002 0.206 0.975
24.946 -418.364 -83.021 -0.082 0.002 0.209 0.975
24.898 -418.258 -83.040 -0.084 0.002 0.212 0.974
24.866 -418.189 -83.053 -0.085 0.002 0.215 0.973
24.816 -418.084 -83.072 -0.086 0.002 0.217 0.972
24.765 -417.977 -83.092 -0.088 0.002 0.221 0.971
24.722 -417.889 -83.109 -0.089 0.002 0.224 0.970
24.668 -417.780 -83.131 -0.091 0.001 0.228 0.969
24.607 -417.661 -83.155 -0.093 0.001 0.233 0.968
24.559 -417.569 -83.174 -0.094 0.001 0.236 0.967
24.524 -417.503 -83.188 -0.095 0.002 0.239 0.967
24.476 -417.414 -83.207 -0.096 0.002 0.241 0.966
24.420 -417.310 -83.229 -0.097 0.002 0.245 0.965
24.371 -417.223 -83.248 -0.098 0.002 0.248 0.964
24.316 -417.126 -83.270 -0.100 0.002 0.252 0.962
24.259 -417.026 -83.293 -0.101 0.002 0.256 0.961
24.198 -416.924 -83.316 -0.102 0.002 0.261 0.960
24.148 -416.839 -83.336 -0.103 0.002 0.264 0.959
24.102 -416.764 -83.354 -0.104 0.002 0.266 0.958
24.077 -416.723 -83.363 -0.105 0.002 0.268 0.958
24.041 -416.664 -83.378 -0.105 0.002 0.270 0.957
23.991 -416.586 -83.397 -0.106 0.002 0.273 0.956
23.911 -416.460 -83.428 -0.107 0.002 0.278 0.955
23.877 -416.407 -83.441 -0.107 0.003 0.280 0.954
23.822 -416.324 -83.461 -0.108 0.003 0.283 0.953
23.784 -416.266 -83.476 -0.109 0.003 0.286 0.952
23.731 -416.188 -83.496 -0.110 0.003 0.289 0.951
23.651 -416.072 -83.526 -0.112 0.003 0.294 0.949
23.575 -415.965 -83.555 -0.114 0.003 0.299 0.948
23.496 -415.855 -83.585 -0.116 0.003 0.303 0.946
23.427 -415.760 -83.611 -0.118 0.003 0.307 0.944
23.363 -415.675 -83.635 -0.119 0.003 0.311 0.943
23.284 -415.571 -83.665 -0.121 0.003 0.316 0.941
23.196 -415.459 -83.698 -0.122 0.003 0.321 0.939
23.108 -415.348 -83.732 -0.125 0.003 0.326 0.937
23.072 -415.304 -83.745 -0.126 0.003 0.328 0.936
23.002 -415.219 -83.772 -0.127 0.003 0.332 0.935
22.934 -415.138 -83.798 -0.129 0.002 0.335 0.933
22.888 -415.084 -83.815 -0.130 0.002 0.338 0.932
22.817 -415.002 -83.843 -0.132 0.002 0.342 0.930
22.763 -414.940 -83.863 -0.134 0.002 0.344 0.929
22.692 -414.860 -83.891 -0.136 0.002 0.348 0.927
22.639 -414.801 -83.912 -0.137 0.001 0.351 0.926
22.597 -414.755 -83.928 -0.139 0.001 0.354 0.925
22.538 -414.691 -83.951 -0.139 0.002 0.357 0.924
22.457 -414.606 -83.982 -0.141 0.002 0.361 0.922
22.419 -414.565 -83.997 -0.141 0.002 0.363 0.921
22.337 -414.482 -84.029 -0.144 0.001 0.367 0.919
22.247 -414.390 -84.064 -0.145 0.001 0.372 0.917
22.165 -414.309 -84.096 -0.148 0.001 0.376 0.915
22.094 -414.241 -84.124 -0.148 0.001 0.379 0.913
22.023 -414.172 -84.152 -0.150 0.001 0.383 0.912
21.954 -414.108 -84.178 -0.151 0.001 0.386 0.910
21.901 -414.059 -84.199 -0.152 0.001 0.389 0.909
21.835 -413.998 -84.225 -0.154 0.001 0.392 0.907
21.781 -413.950 -84.246 -0.155 0.001 0.395 0.906
21.703 -413.880 -84.277 -0.157 0.001 0.398 0.904
21.650 -413.835 -84.297 -0.158 0.001 0.401 0.903
21.567 -413.763 -84.330 -0.159 0.001 0.404 0.901
21.515 -413.719 -84.350 -0.160 0.001 0.406 0.900
21.425 -413.643 -84.386 -0.162 0.001 0.411 0.897
21.366 -413.595 -84.409 -0.163 0.001 0.413 0.896
21.268 -413.516 -84.448 -0.165 0.001 0.417 0.894
21.195 -413.458 -84.477 -0.166 0.001 0.421 0.892
21.125 -413.403 -84.504 -0.168 0.001 0.424 0.890
21.030 -413.330 -84.542 -0.169 0.001 0.428 0.888
20.953 -413.272 -84.572 -0.171 0.000 0.430 0.886
20.892 -413.227 -84.597 -0.172 0.000 0.433 0.885
20.795 -413.156 -84.635 -0.173 0.001 0.437 0.882
20.734 -413.112 -84.659 -0.174 0.001 0.440 0.881
20.618 -413.031 -84.705 -0.176 0.000 0.445 0.878
20.525 -412.967 -84.742 -0.179 0.000 0.449 0.875
20.428 -412.902 -84.781 -0.180 0.000 0.453 0.873
20.319 -412.831 -84.824 -0.182 0.000 0.457 0.871
20.248 -412.785 -84.852 -0.183 0.000 0.460 0.869
20.196 -412.752 -84.873 -0.184 0.000 0.462 0.868
20.142 -412.718 -84.894 -0.185 0.000 0.464 0.866
20.053 -412.664 -84.930 -0.186 0.000 0.468 0.864
19.962 -412.609 -84.966 -0.188 0.000 0.471 0.862
19.867 -412.553 -85.004 -0.190 0.000 0.475 0.859
19.776 -412.500 -85.040 -0.191 0.000 0.479 0.857
19.691 -412.452 -85.074 -0.192 0.000 0.482 0.855
19.615 -412.410 -85.105 -0.193 0.000 0.485 0.853
19.540 -412.369 -85.135 -0.195 0.000 0.488 0.851
19.448 -412.320 -85.171 -0.196 0.000 0.491 0.849
19.337 -412.262 -85.216 -0.198 -0.001 0.496 0.846
19.251 -412.219 -85.250 -0.200 -0.001 0.499 0.843
19.165 -412.176 -85.285 -0.202 -0.001 0.502 0.841
19.097 -412.143 -85.312 -0.203 -0.001 0.504 0.839
18.989 -412.092 -85.356 -0.205 -0.001 0.508 0.836
18.898 -412.049 -85.392 -0.206 -0.001 0.512 0.834
18.803 -412.006 -85.431 -0.208 -0.001 0.516 0.831
18.692 -411.957 -85.476 -0.209 -0.001 0.520 0.829
18.589 -411.913 -85.517 -0.210 -0.001 0.523 0.826
18.476 -411.866 -85.563 -0.213 -0.002 0.527 0.823
18.384 -411.829 -85.600 -0.214 -0.002 0.530 0.821
18.296 -411.794 -85.636 -0.215 -0.002 0.532 0.819
18.233 -411.770 -85.662 -0.216 -0.002 0.534 0.818
18.115 -411.724 -85.710 -0.218 -0.002 0.538 0.814
18.050 -411.701 -85.736 -0.219 -0.002 0.540 0.813
17.905 -411.648 -85.795 -0.221 -0.002 0.544 0.810
17.814 -411.616 -85.833 -0.222 -0.003 0.546 0.808
17.737 -411.590 -85.865 -0.223 -0.002 0.549 0.806
17.677 -411.570 -85.889 -0.224 -0.003 0.551 0.804
17.597 -411.544 -85.922 -0.225 -0.003 0.553 0.802
17.514 -411.517 -85.956 -0.226 -0.003 0.556 0.800
17.373 -411.474 -86.014 -0.227 -0.002 0.560 0.797
17.291 -411.449 -86.047 -0.227 -0.002 0.562 0.795
17.181 -411.417 -86.092 -0.228 -0.001 0.565 0.793
17.069 -411.386 -86.137 -0.229 -0.001 0.569 0.790
16.937 -411.350 -86.190 -0.230 0.000 0.573 0.787
16.825 -411.321 -86.235 -0.231 0.000 0.576 0.784
16.736 -411.299 -86.271 -0.232 0.000 0.579 0.782
16.642 -411.276 -86.309 -0.233 -0.001 0.581 0.780
16.513 -411.247 -86.361 -0.235 -0.001 0.584 0.777
16.437 -411.229 -86.391 -0.236 -0.001 0.587 0.775
16.322 -411.205 -86.438 -0.238 -0.001 0.590 0.772
16.194 -411.179 -86.490 -0.240 -0.002 0.593 0.769
16.094 -411.159 -86.531 -0.241 -0.002 0.596 0.766
15.959 -411.134 -86.585 -0.242 -0.001 0.600 0.763
15.864 -411.118 -86.624 -0.243 -0.001 0.603 0.760
15.774 -411.103 -86.661 -0.245 -0.002 0.605 0.758
15.641 -411.082 -86.715 -0.246 -0.002 0.609 0.754
15.499 -411.062 -86.773 -0.248 -0.002 0.613 0.750
15.413 -411.050 -86.808 -0.249 -0.002 0.615 0.748
15.309 -411.037 -86.850 -0.250 -0.001 0.618 0.745
15.232 -411.028 -86.882 -0.251 -0.001 0.621 0.743
15.111 -411.015 -86.931 -0.252 -0.001 0.623 0.741
14.951 -410.999 -86.996 -0.253 -0.001 0.628 0.736
14.849 -410.990 -87.037 -0.255 -0.001 0.631 0.733
14.728 -410.981 -87.086 -0.256 -0.001 0.634 0.730
14.603 -410.973 -87.137 -0.258 -0.002 0.637 0.726
14.499 -410.967 -87.179 -0.259 -0.002 0.640 0.723
14.353 -410.961 -87.239 -0.261 -0.002 0.644 0.719
14.277 -410.959 -87.270 -0.262 -0.003 0.646 0.717
14.187 -410.957 -87.307 -0.263 -0.002 0.649 0.714
14.113 -410.955 -87.337 -0.264 -0.002 0.651 0.712
14.020 -410.954 -87.375 -0.265 -0.002 0.654 0.709
13.891 -410.954 -87.428 -0.267 -0.003 0.657 0.705
13.846 -410.954 -87.446 -0.267 -0.003 0.658 0.704
13.731 -410.956 -87.494 -0.268 -0.002 0.661 0.701
13.653 -410.958 -87.525 -0.269 -0.002 0.663 0.699
13.560 -410.961 -87.564 -0.270 -0.003 0.665 0.696
13.486 -410.963 -87.594 -0.271 -0.003 0.666 0.695
13.364 -410.969 -87.645 -0.273 -0.003 0.669 0.692
13.291 -410.972 -87.675 -0.273 -0.003 0.670 0.690
13.189 -410.978 -87.717 -0.274 -0.003 0.672 0.688
13.098 -410.983 -87.755 -0.275 -0.004 0.674 0.686
13.018 -410.989 -87.788 -0.275 -0.003 0.675 0.685
12.949 -410.994 -87.816 -0.275 -0.003 0.676 0.683
12.855 -411.001 -87.855 -0.276 -0.003 0.678 0.682
12.740 -411.010 -87.902 -0.277 -0.003 0.679 0.680
12.672 -411.015 -87.930 -0.277 -0.003 0.680 0.679
12.555 -411.026 -87.978 -0.277 -0.003 0.682 0.677
12.446 -411.036 -88.023 -0.278 -0.003 0.683 0.675
12.366 -411.044 -88.056 -0.278 -0.003 0.684 0.674
12.295 -411.051 -88.086 -0.279 -0.003 0.685 0.673
12.212 -411.060 -88.120 -0.280 -0.003 0.686 0.671
12.131 -411.069 -88.153 -0.280 -0.003 0.688 0.670
12.042 -411.079 -88.190 -0.280 -0.003 0.689 0.668
11.944 -411.090 -88.230 -0.281 -0.003 0.691 0.666
11.860 -411.101 -88.264 -0.281 -0.002 0.692 0.664
11.814 -411.107 -88.284 -0.281 -0.002 0.693 0.664
11.743 -411.116 -88.313 -0.282 -0.002 0.694 0.663
11.643 -411.130 -88.354 -0.283 -0.003 0.695 0.661
11.542 -411.144 -88.395 -0.283 -0.003 0.696 0.660
11.462 -411.155 -88.428 -0.283 -0.003 0.697 0.658
