21.500 -475.921 -70.112 -0.001 0.000 0.003 1.000
21.499 -475.821 -70.112 -0.003 0.000 0.006 1.000
21.497 -475.726 -70.113 -0.004 0.000 0.010 1.000
21.494 -475.597 -70.114 -0.006 0.000 0.014 1.000
21.489 -475.438 -70.117 -0.008 0.000 0.019 1.000
21.485 -475.336 -70.118 -0.010 0.000 0.022 1.000
21.481 -475.253 -70.120 -0.011 0.000 0.024 1.000
21.473 -475.100 -70.124 -0.012 0.000 0.030 0.999
21.466 -474.991 -70.126 -0.013 0.000 0.034 0.999
21.458 -474.880 -70.129 -0.014 0.000 0.038 0.999
21.446 -474.730 -70.134 -0.016 0.000 0.042 0.999
21.430 -474.557 -70.140 -0.019 0.000 0.048 0.999
21.418 -474.437 -70.145 -0.020 0.000 0.052 0.998
21.411 -474.368 -70.147 -0.021 0.000 0.054 0.998
21.402 -474.284 -70.151 -0.022 0.000 0.056 0.998
21.392 -474.199 -70.155 -0.023 0.000 0.059 0.998
21.377 -474.081 -70.161 -0.025 0.000 0.063 0.998
21.366 -473.991 -70.165 -0.026 0.000 0.065 0.998
21.351 -473.881 -70.171 -0.027 0.000 0.068 0.997
21.331 -473.742 -70.179 -0.029 0.000 0.071 0.997
21.313 -473.619 -70.186 -0.030 0.000 0.075 0.997
21.301 -473.540 -70.191 -0.030 0.000 0.078 0.997
21.280 -473.412 -70.199 -0.031 0.000 0.082 0.996
21.264 -473.319 -70.205 -0.032 0.000 0.085 0.996
21.245 -473.207 -70.212 -0.033 0.000 0.088 0.996
21.229 -473.119 -70.218 -0.034 0.000 0.091 0.995
21.213 -473.035 -70.224 -0.036 0.000 0.094 0.995
21.199 -472.964 -70.229 -0.037 0.000 0.096 0.995
21.172 -472.826 -70.240 -0.038 0.000 0.100 0.994
21.155 -472.745 -70.246 -0.039 0.000 0.103 0.994
21.141 -472.682 -70.251 -0.040 0.000 0.105 0.994
21.128 -472.618 -70.256 -0.041 0.000 0.107 0.993
21.108 -472.531 -70.263 -0.042 0.000 0.109 0.993
21.094 -472.468 -70.269 -0.043 0.000 0.111 0.993
21.070 -472.362 -70.278 -0.044 0.000 0.114 0.993
21.046 -472.260 -70.288 -0.046 0.000 0.117 0.992
21.027 -472.184 -70.295 -0.047 0.000 0.119 0.992
21.008 -472.105 -70.303 -0.048 0.000 0.122 0.991
20.980 -471.996 -70.314 -0.050 0.000 0.125 0.991
20.960 -471.917 -70.322 -0.050 0.000 0.128 0.990
20.928 -471.800 -70.334 -0.051 0.000 0.132 0.990
20.889 -471.656 -70.349 -0.053 0.000 0.136 0.989
20.872 -471.597 -70.356 -0.054 0.000 0.138 0.989
20.853 -471.532 -70.363 -0.055 0.000 0.140 0.989
20.821 -471.423 -70.376 -0.055 0.000 0.143 0.988
20.788 -471.312 -70.389 -0.056 0.000 0.146 0.988
20.757 -471.210 -70.401 -0.057 0.000 0.149 0.987
20.727 -471.114 -70.412 -0.057 0.000 0.151 0.987
20.692 -471.002 -70.425 -0.057 0.000 0.153 0.987
20.657 -470.895 -70.438 -0.058 0.000 0.156 0.986
20.619 -470.780 -70.452 -0.060 0.000 0.159 0.986
20.577 -470.655 -70.468 -0.061 0.000 0.162 0.985
20.541 -470.548 -70.482 -0.062 0.000 0.165 0.984
20.505 -470.446 -70.495 -0.063 0.000 0.167 0.984
20.477 -470.367 -70.506 -0.064 0.000 0.170 0.983
20.446 -470.280 -70.518 -0.065 0.000 0.172 0.983
20.414 -470.193 -70.530 -0.066 0.000 0.174 0.983
20.384 -470.113 -70.541 -0.066 0.000 0.177 0.982
20.349 -470.019 -70.554 -0.067 0.000 0.179 0.982
20.329 -469.968 -70.562 -0.068 0.000 0.180 0.981
20.282 -469.845 -70.579 -0.069 0.000 0.183 0.981
20.249 -469.759 -70.592 -0.070 0.000 0.185 0.980
20.204 -469.647 -70.609 -0.071 0.000 0.188 0.980
20.160 -469.539 -70.626 -0.072 0.000 0.192 0.979
20.125 -469.453 -70.639 -0.073 0.000 0.195 0.978
20.072 -469.327 -70.659 -0.075 0.000 0.197 0.977
20.028 -469.223 -70.675 -0.076 0.000 0.200 0.977
19.987 -469.130 -70.691 -0.076 0.000 0.202 0.976
19.960 -469.068 -70.701 -0.077 0.000 0.203 0.976
19.924 -468.986 -70.715 -0.078 0.000 0.205 0.976
19.885 -468.900 -70.729 -0.078 0.000 0.207 0.975
19.828 -468.773 -70.751 -0.079 0.000 0.209 0.975
19.803 -468.717 -70.760 -0.080 0.000 0.210 0.974
19.754 -468.610 -70.779 -0.081 0.000 0.213 0.974
19.708 -468.512 -70.796 -0.082 0.000 0.215 0.973
19.664 -468.418 -70.813 -0.082 0.000 0.217 0.973
19.609 -468.302 -70.834 -0.082 0.000 0.219 0.972
19.570 -468.221 -70.848 -0.083 0.000 0.221 0.972
19.546 -468.171 -70.857 -0.083 0.000 0.222 0.971
19.494 -468.066 -70.877 -0.083 0.001 0.225 0.971
19.454 -467.984 -70.892 -0.084 0.001 0.226 0.971
19.404 -467.884 -70.910 -0.084 0.001 0.228 0.970
19.369 -467.815 -70.923 -0.085 0.001 0.229 0.970
19.332 -467.741 -70.937 -0.085 0.001 0.230 0.969
19.287 -467.653 -70.953 -0.085 0.001 0.233 0.969
19.239 -467.560 -70.971 -0.085 0.001 0.236 0.968
19.192 -467.472 -70.987 -0.085 0.001 0.238 0.967
19.132 -467.360 -71.008 -0.085 0.002 0.240 0.967
19.089 -467.280 -71.023 -0.086 0.001 0.242 0.966
19.028 -467.166 -71.045 -0.087 0.002 0.245 0.966
18.986 -467.090 -71.060 -0.087 0.002 0.246 0.965
18.936 -467.000 -71.077 -0.088 0.001 0.248 0.965
18.887 -466.912 -71.095 -0.089 0.001 0.249 0.964
18.841 -466.829 -71.111 -0.089 0.002 0.252 0.964
18.803 -466.764 -71.124 -0.089 0.002 0.253 0.963
18.741 -466.655 -71.146 -0.090 0.002 0.256 0.963
18.696 -466.578 -71.162 -0.090 0.002 0.257 0.962
18.666 -466.526 -71.172 -0.091 0.002 0.258 0.962
18.617 -466.443 -71.189 -0.091 0.002 0.260 0.961
18.572 -466.366 -71.205 -0.091 0.002 0.262 0.961
18.494 -466.237 -71.232 -0.092 0.002 0.266 0.960
18.432 -466.136 -71.253 -0.092 0.002 0.267 0.959
18.388 -466.064 -71.268 -0.092 0.002 0.268 0.959
18.329 -465.968 -71.288 -0.092 0.002 0.270 0.958
18.271 -465.875 -71.307 -0.093 0.002 0.271 0.958
18.216 -465.787 -71.326 -0.092 0.003 0.273 0.958
18.175 -465.721 -71.340 -0.093 0.003 0.273 0.957
18.131 -465.652 -71.354 -0.093 0.003 0.274 0.957
18.086 -465.581 -71.369 -0.093 0.003 0.275 0.957
18.046 -465.518 -71.383 -0.093 0.003 0.276 0.957
17.974 -465.406 -71.406 -0.093 0.003 0.278 0.956
17.931 -465.339 -71.421 -0.093 0.003 0.278 0.956
17.879 -465.258 -71.438 -0.093 0.003 0.279 0.956
17.807 -465.146 -71.462 -0.093 0.003 0.280 0.956
17.750 -465.059 -71.480 -0.093 0.003 0.281 0.955
17.698 -464.979 -71.497 -0.093 0.003 0.282 0.955
17.633 -464.880 -71.518 -0.091 0.004 0.284 0.955
17.583 -464.804 -71.534 -0.091 0.004 0.284 0.954
17.525 -464.716 -71.552 -0.091 0.004 0.285 0.954
17.464 -464.624 -71.571 -0.090 0.005 0.286 0.954
17.392 -464.517 -71.594 -0.091 0.005 0.288 0.953
17.336 -464.435 -71.611 -0.091 0.005 0.290 0.953
17.282 -464.355 -71.628 -0.091 0.005 0.291 0.952
17.246 -464.303 -71.638 -0.091 0.005 0.292 0.952
17.171 -464.192 -71.661 -0.090 0.005 0.294 0.952
17.103 -464.095 -71.682 -0.091 0.005 0.295 0.951
17.060 -464.033 -71.695 -0.091 0.005 0.295 0.951
16.996 -463.941 -71.714 -0.091 0.005 0.295 0.951
16.924 -463.837 -71.736 -0.092 0.005 0.296 0.951
16.871 -463.762 -71.752 -0.091 0.005 0.298 0.950
16.831 -463.705 -71.764 -0.092 0.005 0.299 0.950
16.783 -463.636 -71.779 -0.092 0.005 0.300 0.949
16.738 -463.573 -71.792 -0.092 0.005 0.301 0.949
16.655 -463.458 -71.817 -0.092 0.005 0.302 0.949
16.590 -463.367 -71.837 -0.092 0.005 0.303 0.949
16.543 -463.301 -71.851 -0.092 0.006 0.304 0.948
16.499 -463.241 -71.863 -0.092 0.006 0.304 0.948
16.434 -463.152 -71.883 -0.092 0.006 0.305 0.948
16.361 -463.052 -71.904 -0.093 0.006 0.306 0.947
16.320 -462.995 -71.917 -0.093 0.006 0.307 0.947
16.275 -462.934 -71.930 -0.093 0.006 0.309 0.947
16.182 -462.809 -71.957 -0.092 0.006 0.310 0.946
16.130 -462.739 -71.972 -0.092 0.006 0.311 0.946
16.052 -462.635 -71.995 -0.092 0.006 0.312 0.946
15.997 -462.562 -72.010 -0.093 0.006 0.313 0.945
15.936 -462.481 -72.028 -0.093 0.006 0.313 0.945
15.879 -462.407 -72.044 -0.093 0.006 0.315 0.945
15.809 -462.314 -72.064 -0.093 0.007 0.316 0.944
15.744 -462.229 -72.083 -0.093 0.006 0.317 0.944
15.677 -462.142 -72.102 -0.093 0.007 0.318 0.944
15.606 -462.050 -72.122 -0.093 0.007 0.319 0.943
15.513 -461.929 -72.149 -0.093 0.007 0.320 0.943
15.445 -461.843 -72.168 -0.093 0.007 0.322 0.942
15.400 -461.785 -72.181 -0.093 0.007 0.323 0.942
15.317 -461.681 -72.204 -0.094 0.007 0.324 0.941
15.251 -461.598 -72.223 -0.094 0.007 0.325 0.941
15.197 -461.530 -72.238 -0.094 0.007 0.326 0.941
15.136 -461.454 -72.255 -0.094 0.007 0.327 0.940
15.054 -461.351 -72.278 -0.094 0.007 0.328 0.940
15.006 -461.292 -72.291 -0.094 0.007 0.329 0.940
14.915 -461.180 -72.317 -0.094 0.008 0.331 0.939
14.856 -461.108 -72.333 -0.094 0.008 0.332 0.938
14.803 -461.043 -72.348 -0.094 0.008 0.333 0.938
14.730 -460.955 -72.367 -0.094 0.008 0.335 0.937
14.679 -460.894 -72.381 -0.094 0.008 0.336 0.937
14.624 -460.828 -72.396 -0.093 0.008 0.337 0.937
14.547 -460.736 -72.417 -0.093 0.009 0.338 0.937
14.484 -460.661 -72.433 -0.093 0.009 0.339 0.936
14.401 -460.564 -72.455 -0.093 0.009 0.340 0.936
14.336 -460.488 -72.472 -0.093 0.009 0.341 0.935
14.266 -460.405 -72.490 -0.093 0.009 0.343 0.935
14.201 -460.331 -72.507 -0.093 0.009 0.344 0.934
14.135 -460.254 -72.524 -0.093 0.009 0.346 0.934
