26.394 -423.640 -82.403 -0.025 0.000 0.050 0.998
26.382 -423.521 -82.409 -0.027 0.000 0.054 0.998
26.370 -423.419 -82.415 -0.028 0.000 0.057 0.998
26.357 -423.301 -82.422 -0.029 0.000 0.060 0.998
26.349 -423.238 -82.426 -0.030 0.000 0.062 0.998
26.337 -423.145 -82.431 -0.032 0.000 0.066 0.997
26.324 -423.054 -82.437 -0.033 0.000 0.068 0.997
26.312 -422.965 -82.443 -0.035 0.000 0.072 0.997
26.297 -422.865 -82.451 -0.036 0.000 0.074 0.997
26.281 -422.761 -82.458 -0.037 0.000 0.077 0.996
26.261 -422.638 -82.468 -0.039 0.000 0.081 0.996
26.241 -422.516 -82.477 -0.040 0.000 0.085 0.996
26.226 -422.429 -82.485 -0.042 0.000 0.087 0.995
26.210 -422.340 -82.492 -0.044 0.000 0.091 0.995
26.193 -422.252 -82.500 -0.045 0.000 0.093 0.995
26.178 -422.172 -82.508 -0.046 0.000 0.096 0.994
26.162 -422.093 -82.515 -0.047 0.000 0.099 0.994
26.149 -422.027 -82.522 -0.048 0.000 0.101 0.994
26.127 -421.922 -82.532 -0.049 0.000 0.105 0.993
26.099 -421.793 -82.545 -0.052 0.000 0.109 0.993
26.074 -421.684 -82.557 -0.053 0.000 0.112 0.992
26.048 -421.575 -82.569 -0.055 0.000 0.116 0.992
26.022 -421.466 -82.582 -0.056 0.000 0.119 0.991
25.994 -421.352 -82.595 -0.057 0.000 0.123 0.991
25.974 -421.276 -82.604 -0.058 0.000 0.125 0.990
25.952 -421.190 -82.614 -0.058 0.000 0.128 0.990
25.928 -421.102 -82.625 -0.060 0.000 0.130 0.990
25.902 -421.004 -82.637 -0.061 0.000 0.132 0.989
25.875 -420.907 -82.649 -0.062 0.000 0.135 0.989
25.847 -420.806 -82.662 -0.063 0.000 0.138 0.988
25.811 -420.682 -82.679 -0.065 0.000 0.142 0.988
25.789 -420.608 -82.689 -0.065 0.000 0.143 0.988
25.756 -420.499 -82.703 -0.066 0.001 0.147 0.987
25.724 -420.395 -82.718 -0.067 0.001 0.150 0.986
25.693 -420.297 -82.731 -0.068 0.001 0.152 0.986
25.667 -420.218 -82.743 -0.069 0.001 0.154 0.986
25.625 -420.088 -82.762 -0.069 0.001 0.157 0.985
25.592 -419.988 -82.776 -0.071 0.001 0.160 0.985
25.560 -419.894 -82.790 -0.072 0.001 0.163 0.984
25.516 -419.767 -82.810 -0.073 0.001 0.168 0.983
25.492 -419.700 -82.820 -0.074 0.001 0.170 0.983
25.459 -419.609 -82.834 -0.076 0.001 0.173 0.982
25.440 -419.559 -82.842 -0.076 0.001 0.175 0.982
25.404 -419.463 -82.858 -0.078 0.001 0.177 0.981
25.379 -419.397 -82.869 -0.078 0.001 0.179 0.981
25.337 -419.286 -82.888 -0.080 0.001 0.182 0.980
25.290 -419.165 -82.908 -0.081 0.001 0.185 0.979
25.256 -419.080 -82.923 -0.082 0.001 0.187 0.979
25.229 -419.012 -82.935 -0.083 0.001 0.189 0.979
25.190 -418.917 -82.952 -0.083 0.001 0.191 0.978
25.156 -418.835 -82.966 -0.084 0.001 0.194 0.977
25.135 -418.785 -82.975 -0.084 0.001 0.195 0.977
25.106 -418.715 -82.988 -0.085 0.001 0.196 0.977
25.086 -418.668 -82.997 -0.086 0.001 0.197 0.977
25.046 -418.576 -83.014 -0.087 0.001 0.200 0.976
25.008 -418.487 -83.031 -0.088 0.001 0.202 0.975
24.980 -418.423 -83.043 -0.088 0.001 0.204 0.975
24.939 -418.332 -83.060 -0.089 0.001 0.207 0.974
24.899 -418.243 -83.078 -0.091 0.001 0.209 0.974
24.861 -418.161 -83.094 -0.092 0.001 0.213 0.973
24.826 -418.086 -83.109 -0.093 0.001 0.215 0.972
24.780 -417.989 -83.129 -0.095 0.001 0.218 0.971
24.731 -417.888 -83.150 -0.096 0.001 0.222 0.970
24.689 -417.802 -83.168 -0.097 0.001 0.225 0.970
24.640 -417.703 -83.189 -0.098 0.001 0.228 0.969
24.578 -417.583 -83.216 -0.100 0.001 0.233 0.967
24.543 -417.516 -83.231 -0.101 0.001 0.236 0.967
24.500 -417.436 -83.249 -0.103 0.001 0.239 0.966
24.458 -417.357 -83.267 -0.105 0.001 0.242 0.965
24.423 -417.292 -83.283 -0.106 0.001 0.244 0.964
24.352 -417.164 -83.313 -0.106 0.001 0.248 0.963
24.306 -417.084 -83.332 -0.106 0.002 0.251 0.962
24.264 -417.009 -83.350 -0.107 0.002 0.253 0.962
24.198 -416.895 -83.378 -0.109 0.001 0.257 0.960
24.162 -416.835 -83.393 -0.111 0.001 0.259 0.960
24.101 -416.731 -83.420 -0.112 0.001 0.262 0.958
24.033 -416.619 -83.448 -0.113 0.001 0.267 0.957
23.976 -416.528 -83.472 -0.115 0.002 0.270 0.956
23.918 -416.435 -83.497 -0.116 0.001 0.273 0.955
23.876 -416.369 -83.515 -0.117 0.002 0.276 0.954
23.833 -416.303 -83.533 -0.118 0.002 0.279 0.953
23.774 -416.212 -83.558 -0.119 0.002 0.283 0.952
23.710 -416.117 -83.584 -0.121 0.002 0.287 0.950
23.645 -416.022 -83.612 -0.123 0.002 0.290 0.949
23.599 -415.955 -83.631 -0.124 0.002 0.293 0.948
23.551 -415.888 -83.651 -0.126 0.002 0.297 0.947
23.482 -415.791 -83.681 -0.128 0.001 0.301 0.945
23.414 -415.699 -83.709 -0.130 0.001 0.305 0.944
23.336 -415.594 -83.742 -0.132 0.001 0.309 0.942
23.280 -415.521 -83.766 -0.133 0.001 0.313 0.940
23.230 -415.456 -83.787 -0.134 0.001 0.316 0.939
23.145 -415.347 -83.823 -0.137 0.001 0.320 0.937
23.049 -415.228 -83.864 -0.139 0.001 0.326 0.935
22.960 -415.120 -83.902 -0.142 0.001 0.331 0.933
22.906 -415.055 -83.926 -0.144 0.001 0.334 0.932
22.815 -414.950 -83.964 -0.146 0.001 0.339 0.929
22.752 -414.877 -83.991 -0.148 0.001 0.342 0.928
22.669 -414.784 -84.027 -0.150 0.001 0.347 0.926
22.596 -414.704 -84.059 -0.152 0.000 0.351 0.924
22.529 -414.632 -84.087 -0.153 0.001 0.355 0.922
22.455 -414.553 -84.119 -0.155 0.001 0.359 0.920
22.364 -414.459 -84.158 -0.156 0.001 0.363 0.918
22.312 -414.405 -84.181 -0.158 0.001 0.366 0.917
22.249 -414.342 -84.208 -0.159 0.001 0.369 0.915
22.143 -414.238 -84.253 -0.161 0.001 0.375 0.913
22.081 -414.177 -84.280 -0.162 0.001 0.378 0.911
22.003 -414.103 -84.314 -0.163 0.001 0.382 0.910
21.930 -414.035 -84.345 -0.165 0.001 0.385 0.908
21.892 -414.000 -84.361 -0.166 0.001 0.387 0.907
21.791 -413.909 -84.404 -0.168 0.001 0.392 0.904
21.727 -413.852 -84.431 -0.169 0.001 0.395 0.903
21.640 -413.775 -84.468 -0.170 0.001 0.399 0.901
21.554 -413.702 -84.505 -0.172 0.001 0.403 0.899
21.484 -413.643 -84.534 -0.174 0.001 0.406 0.897
21.433 -413.600 -84.557 -0.175 0.001 0.408 0.896
21.356 -413.537 -84.589 -0.176 0.001 0.411 0.894
21.270 -413.468 -84.626 -0.177 0.001 0.415 0.892
21.227 -413.433 -84.644 -0.178 0.001 0.417 0.891
21.168 -413.388 -84.669 -0.179 0.001 0.420 0.890
21.065 -413.308 -84.713 -0.181 0.001 0.425 0.887
20.994 -413.255 -84.743 -0.182 0.002 0.428 0.885
20.925 -413.204 -84.772 -0.183 0.002 0.431 0.883
20.852 -413.150 -84.803 -0.184 0.002 0.434 0.882
20.778 -413.098 -84.834 -0.186 0.002 0.438 0.880
20.698 -413.041 -84.868 -0.187 0.002 0.441 0.878
20.631 -412.995 -84.896 -0.188 0.002 0.444 0.876
20.528 -412.925 -84.939 -0.189 0.002 0.448 0.874
20.425 -412.856 -84.983 -0.190 0.003 0.452 0.871
20.326 -412.792 -85.024 -0.193 0.002 0.456 0.869
20.205 -412.715 -85.075 -0.194 0.003 0.461 0.866
20.117 -412.661 -85.112 -0.196 0.002 0.465 0.863
20.032 -412.610 -85.147 -0.198 0.002 0.468 0.861
19.922 -412.544 -85.194 -0.200 0.002 0.473 0.858
19.843 -412.499 -85.227 -0.201 0.002 0.475 0.856
19.758 -412.450 -85.262 -0.202 0.002 0.479 0.854
19.649 -412.391 -85.308 -0.205 0.002 0.483 0.852
19.551 -412.338 -85.349 -0.207 0.001 0.486 0.849
19.447 -412.282 -85.394 -0.209 0.001 0.491 0.846
19.339 -412.227 -85.440 -0.211 0.001 0.495 0.843
19.237 -412.176 -85.483 -0.212 0.001 0.498 0.841
19.136 -412.127 -85.526 -0.213 0.001 0.502 0.838
19.034 -412.078 -85.569 -0.215 0.001 0.506 0.835
18.968 -412.048 -85.597 -0.216 0.001 0.508 0.834
18.880 -412.008 -85.634 -0.217 0.002 0.512 0.831
18.803 -411.974 -85.667 -0.218 0.002 0.514 0.830
18.726 -411.940 -85.699 -0.219 0.002 0.516 0.828
18.610 -411.891 -85.748 -0.221 0.002 0.520 0.825
18.515 -411.851 -85.788 -0.222 0.002 0.523 0.823
18.436 -411.819 -85.822 -0.224 0.001 0.526 0.820
18.316 -411.772 -85.873 -0.226 0.001 0.530 0.817
18.242 -411.744 -85.904 -0.227 0.001 0.532 0.816
18.127 -411.701 -85.953 -0.229 0.001 0.536 0.813
18.065 -411.678 -85.980 -0.229 0.001 0.538 0.811
17.967 -411.643 -86.021 -0.230 0.001 0.540 0.809
17.840 -411.599 -86.075 -0.231 0.002 0.545 0.806
17.745 -411.567 -86.115 -0.232 0.002 0.548 0.804
17.607 -411.522 -86.173 -0.234 0.002 0.552 0.800
17.532 -411.498 -86.205 -0.235 0.002 0.554 0.799
17.458 -411.476 -86.236 -0.236 0.002 0.557 0.797
17.368 -411.449 -86.274 -0.237 0.002 0.560 0.794
17.301 -411.430 -86.302 -0.238 0.002 0.562 0.793
17.204 -411.402 -86.342 -0.238 0.003 0.565 0.790
17.148 -411.387 -86.366 -0.239 0.003 0.567 0.789
17.085 -411.370 -86.392 -0.240 0.003 0.568 0.787
16.984 -411.344 -86.434 -0.241 0.003 0.571 0.785
16.852 -411.311 -86.489 -0.242 0.003 0.576 0.781
16.725 -411.281 -86.542 -0.245 0.002 0.579 0.777
16.653 -411.264 -86.572 -0.245 0.003 0.582 0.776
16.520 -411.235 -86.628 -0.247 0.002 0.585 0.773
16.451 -411.220 -86.657 -0.248 0.002 0.587 0.771
16.338 -411.198 -86.704 -0.249 0.003 0.590 0.768
16.252 -411.181 -86.740 -0.250 0.003 0.593 0.766
16.176 -411.166 -86.772 -0.250 0.003 0.595 0.764
16.097 -411.152 -86.804 -0.251 0.003 0.597 0.762
16.008 -411.137 -86.841 -0.252 0.003 0.599 0.760
15.890 -411.117 -86.890 -0.253 0.004 0.602 0.757
15.838 -411.109 -86.911 -0.253 0.004 0.604 0.756
15.690 -411.087 -86.973 -0.255 0.003 0.607 0.753
15.633 -411.079 -86.997 -0.256 0.003 0.608 0.751
15.531 -411.065 -87.039 -0.257 0.003 0.611 0.748
15.411 -411.050 -87.089 -0.259 0.003 0.615 0.745
15.311 -411.039 -87.131 -0.261 0.003 0.618 0.742
15.211 -411.028 -87.173 -0.262 0.002 0.621 0.739
15.104 -411.018 -87.218 -0.263 0.002 0.623 0.736
14.993 -411.008 -87.264 -0.264 0.002 0.626 0.733
14.838 -410.997 -87.329 -0.266 0.002 0.631 0.729
14.764 -410.992 -87.360 -0.267 0.002 0.633 0.727
14.652 -410.986 -87.407 -0.268 0.002 0.635 0.724
14.556 -410.981 -87.447 -0.270 0.002 0.638 0.721
14.475 -410.978 -87.481 -0.270 0.002 0.640 0.719
14.431 -410.976 -87.499 -0.271 0.002 0.641 0.718
14.319 -410.973 -87.546 -0.272 0.002 0.644 0.715
14.240 -410.972 -87.579 -0.273 0.001 0.646 0.713
14.115 -410.971 -87.632 -0.275 0.001 0.649 0.709
14.033 -410.970 -87.667 -0.277 0.001 0.651 0.706
13.936 -410.971 -87.708 -0.278 0.001 0.654 0.704
13.803 -410.973 -87.765 -0.279 0.001 0.657 0.700
13.719 -410.975 -87.800 -0.280 0.001 0.659 0.698
13.663 -410.977 -87.824 -0.280 0.001 0.661 0.696
13.574 -410.980 -87.861 -0.281 0.001 0.663 0.694
13.471 -410.985 -87.905 -0.282 0.002 0.666 0.691
13.373 -410.991 -87.946 -0.283 0.001 0.668 0.688
13.282 -410.996 -87.984 -0.283 0.002 0.669 0.687
13.182 -411.002 -88.026 -0.284 0.002 0.671 0.685
13.118 -411.007 -88.053 -0.284 0.002 0.673 0.683
13.017 -411.015 -88.096 -0.285 0.002 0.674 0.682
12.945 -411.020 -88.126 -0.285 0.002 0.675 0.680
12.872 -411.026 -88.156 -0.285 0.002 0.676 0.679
12.743 -411.037 -88.210 -0.286 0.003 0.679 0.677
12.636 -411.048 -88.255 -0.286 0.003 0.680 0.675
12.558 -411.055 -88.287 -0.286 0.003 0.681 0.674
12.486 -411.063 -88.317 -0.287 0.003 0.682 0.672
12.369 -411.075 -88.365 -0.288 0.004 0.684 0.670
12.261 -411.087 -88.410 -0.288 0.004 0.686 0.668
12.101 -411.106 -88.476 -0.289 0.004 0.688 0.666
12.019 -411.117 -88.510 -0.289 0.004 0.689 0.664
11.913 -411.131 -88.554 -0.290 0.004 0.691 0.663
11.778 -411.149 -88.609 -0.289 0.005 0.693 0.661
11.670 -411.164 -88.653 -0.290 0.005 0.694 0.659
11.604 -411.174 -88.680 -0.291 0.005 0.695 0.658
11.521 -411.186 -88.714 -0.291 0.005 0.696 0.656
