24.700 -458.396 -70.112 -0.001 0.000 0.004 1.000
24.699 -458.339 -70.112 -0.002 0.000 0.005 1.000
24.698 -458.249 -70.112 -0.003 0.000 0.009 1.000
24.695 -458.109 -70.114 -0.005 0.000 0.013 1.000
24.690 -457.974 -70.115 -0.008 0.000 0.018 1.000
24.688 -457.918 -70.116 -0.009 0.000 0.020 1.000
24.685 -457.835 -70.118 -0.011 0.000 0.023 1.000
24.679 -457.733 -70.120 -0.012 0.000 0.027 1.000
24.674 -457.644 -70.123 -0.013 0.000 0.030 0.999
24.669 -457.558 -70.125 -0.014 0.000 0.032 0.999
24.665 -457.492 -70.127 -0.015 0.000 0.035 0.999
24.650 -457.303 -70.133 -0.017 0.000 0.041 0.999
24.641 -457.199 -70.136 -0.019 0.000 0.045 0.999
24.631 -457.089 -70.141 -0.021 0.000 0.049 0.999
24.621 -456.995 -70.145 -0.023 0.000 0.053 0.998
24.614 -456.931 -70.148 -0.023 0.000 0.055 0.998
24.600 -456.806 -70.154 -0.025 0.000 0.060 0.998
24.592 -456.740 -70.158 -0.026 0.000 0.062 0.998
24.576 -456.618 -70.164 -0.028 0.000 0.066 0.997
24.554 -456.456 -70.174 -0.030 0.000 0.071 0.997
24.534 -456.326 -70.182 -0.031 0.000 0.076 0.997
24.521 -456.243 -70.187 -0.033 0.000 0.079 0.996
24.508 -456.161 -70.193 -0.034 0.000 0.082 0.996
24.490 -456.058 -70.200 -0.036 0.000 0.085 0.996
24.471 -455.947 -70.208 -0.038 0.000 0.089 0.995
24.459 -455.881 -70.213 -0.038 0.000 0.092 0.995
24.434 -455.752 -70.224 -0.041 0.000 0.097 0.994
24.406 -455.612 -70.236 -0.044 0.000 0.102 0.994
24.387 -455.526 -70.244 -0.045 0.000 0.106 0.993
24.368 -455.435 -70.252 -0.047 0.000 0.108 0.993
24.346 -455.341 -70.261 -0.048 0.000 0.112 0.993
24.318 -455.221 -70.273 -0.049 0.000 0.116 0.992
24.294 -455.119 -70.284 -0.051 0.000 0.119 0.992
24.268 -455.015 -70.295 -0.052 0.000 0.122 0.991
24.250 -454.942 -70.303 -0.053 0.000 0.125 0.991
24.228 -454.859 -70.312 -0.054 0.000 0.127 0.990
24.197 -454.742 -70.325 -0.055 0.000 0.130 0.990
24.166 -454.627 -70.338 -0.057 0.000 0.134 0.989
24.142 -454.543 -70.348 -0.059 0.000 0.137 0.989
24.126 -454.485 -70.355 -0.059 0.000 0.139 0.989
24.094 -454.377 -70.369 -0.060 0.000 0.142 0.988
24.048 -454.223 -70.389 -0.063 0.000 0.148 0.987
24.024 -454.147 -70.399 -0.064 0.000 0.151 0.986
23.993 -454.050 -70.412 -0.066 0.000 0.154 0.986
23.955 -453.934 -70.428 -0.068 0.000 0.159 0.985
23.926 -453.846 -70.441 -0.068 0.000 0.162 0.984
23.890 -453.744 -70.455 -0.070 0.000 0.166 0.984
23.864 -453.669 -70.466 -0.070 0.000 0.169 0.983
23.835 -453.587 -70.479 -0.071 0.000 0.172 0.983
23.801 -453.494 -70.493 -0.073 0.000 0.176 0.982
23.757 -453.378 -70.511 -0.074 0.000 0.180 0.981
23.686 -453.195 -70.540 -0.077 0.000 0.187 0.979
23.650 -453.106 -70.555 -0.078 0.000 0.190 0.979
23.607 -453.003 -70.572 -0.080 0.000 0.194 0.978
23.566 -452.905 -70.589 -0.081 0.000 0.198 0.977
23.528 -452.816 -70.604 -0.082 0.001 0.201 0.976
23.479 -452.705 -70.624 -0.083 0.001 0.206 0.975
23.425 -452.585 -70.646 -0.085 0.001 0.210 0.974
23.403 -452.536 -70.655 -0.085 0.001 0.211 0.974
23.373 -452.472 -70.667 -0.086 0.001 0.214 0.973
23.336 -452.393 -70.682 -0.087 0.001 0.217 0.972
23.297 -452.312 -70.697 -0.089 0.001 0.220 0.972
23.264 -452.244 -70.711 -0.090 0.001 0.222 0.971
23.226 -452.166 -70.726 -0.091 0.001 0.225 0.970
23.191 -452.095 -70.740 -0.091 0.001 0.227 0.970
23.153 -452.021 -70.755 -0.092 0.001 0.230 0.969
23.107 -451.931 -70.774 -0.095 0.001 0.232 0.968
23.053 -451.826 -70.796 -0.096 0.000 0.235 0.967
23.001 -451.728 -70.817 -0.097 0.000 0.239 0.966
22.963 -451.657 -70.832 -0.097 0.001 0.240 0.966
22.914 -451.565 -70.852 -0.098 0.001 0.243 0.965
22.849 -451.448 -70.878 -0.100 0.001 0.246 0.964
22.797 -451.355 -70.899 -0.102 0.001 0.250 0.963
22.729 -451.235 -70.927 -0.105 0.000 0.254 0.962
22.677 -451.145 -70.949 -0.105 0.000 0.257 0.961
22.611 -451.033 -70.976 -0.107 0.000 0.261 0.959
22.552 -450.935 -71.000 -0.109 0.000 0.265 0.958
22.475 -450.809 -71.032 -0.110 0.000 0.269 0.957
22.438 -450.750 -71.046 -0.111 0.000 0.271 0.956
22.387 -450.670 -71.067 -0.112 0.000 0.274 0.955
22.328 -450.577 -71.091 -0.114 0.000 0.278 0.954
22.270 -450.489 -71.115 -0.116 0.000 0.281 0.953
22.224 -450.419 -71.134 -0.117 0.000 0.284 0.952
22.145 -450.302 -71.167 -0.118 0.000 0.288 0.950
22.089 -450.219 -71.190 -0.120 0.000 0.291 0.949
22.046 -450.158 -71.207 -0.121 0.000 0.294 0.948
21.968 -450.047 -71.239 -0.123 0.000 0.298 0.947
21.914 -449.972 -71.262 -0.124 0.000 0.300 0.946
21.856 -449.891 -71.286 -0.126 0.000 0.302 0.945
21.798 -449.812 -71.310 -0.127 0.000 0.305 0.944
21.753 -449.751 -71.328 -0.127 0.000 0.307 0.943
21.707 -449.690 -71.348 -0.128 0.000 0.309 0.942
21.613 -449.565 -71.387 -0.130 0.000 0.313 0.941
21.564 -449.502 -71.407 -0.130 0.000 0.316 0.940
21.508 -449.430 -71.430 -0.132 0.000 0.319 0.939
21.411 -449.308 -71.470 -0.133 0.000 0.324 0.937
21.329 -449.207 -71.503 -0.133 0.001 0.328 0.935
21.240 -449.100 -71.539 -0.134 0.001 0.332 0.934
21.200 -449.053 -71.555 -0.135 0.001 0.334 0.933
21.133 -448.974 -71.582 -0.136 0.001 0.336 0.932
21.075 -448.906 -71.605 -0.136 0.001 0.339 0.931
21.016 -448.837 -71.629 -0.137 0.001 0.342 0.930
20.959 -448.772 -71.652 -0.138 0.001 0.344 0.929
20.900 -448.706 -71.675 -0.139 0.001 0.347 0.928
20.835 -448.633 -71.701 -0.140 0.001 0.349 0.927
20.738 -448.527 -71.740 -0.141 0.002 0.353 0.925
20.652 -448.434 -71.774 -0.142 0.002 0.358 0.923
20.600 -448.379 -71.794 -0.143 0.002 0.359 0.922
20.539 -448.315 -71.819 -0.144 0.002 0.362 0.921
20.465 -448.238 -71.848 -0.145 0.002 0.364 0.920
20.418 -448.190 -71.866 -0.147 0.001 0.366 0.919
20.366 -448.138 -71.887 -0.147 0.001 0.368 0.918
20.287 -448.058 -71.918 -0.148 0.001 0.371 0.917
20.220 -447.991 -71.945 -0.150 0.001 0.373 0.916
20.154 -447.926 -71.971 -0.151 0.001 0.375 0.915
20.086 -447.859 -71.999 -0.151 0.001 0.377 0.914
20.015 -447.790 -72.027 -0.152 0.002 0.380 0.913
19.961 -447.739 -72.048 -0.152 0.002 0.382 0.912
19.896 -447.678 -72.074 -0.153 0.002 0.384 0.911
19.835 -447.621 -72.099 -0.154 0.002 0.386 0.910
19.763 -447.554 -72.127 -0.154 0.002 0.388 0.909
19.674 -447.473 -72.162 -0.155 0.002 0.390 0.908
19.614 -447.418 -72.186 -0.156 0.002 0.392 0.907
19.561 -447.370 -72.207 -0.156 0.002 0.394 0.906
19.470 -447.289 -72.242 -0.157 0.002 0.397 0.904
19.388 -447.216 -72.275 -0.157 0.002 0.399 0.903
19.322 -447.159 -72.300 -0.159 0.002 0.401 0.902
19.244 -447.091 -72.331 -0.160 0.002 0.403 0.901
19.164 -447.023 -72.363 -0.160 0.003 0.406 0.900
19.118 -446.984 -72.380 -0.160 0.003 0.407 0.899
19.076 -446.949 -72.397 -0.160 0.003 0.408 0.899
19.038 -446.917 -72.412 -0.161 0.003 0.409 0.898
18.986 -446.874 -72.432 -0.161 0.003 0.411 0.897
18.916 -446.816 -72.459 -0.162 0.003 0.412 0.896
18.799 -446.721 -72.505 -0.162 0.003 0.416 0.895
18.703 -446.644 -72.541 -0.163 0.003 0.418 0.894
18.605 -446.566 -72.579 -0.164 0.003 0.421 0.892
18.532 -446.509 -72.607 -0.164 0.004 0.423 0.891
18.476 -446.465 -72.629 -0.164 0.004 0.424 0.891
18.406 -446.412 -72.655 -0.164 0.004 0.426 0.890
18.301 -446.332 -72.695 -0.165 0.004 0.428 0.889
18.207 -446.260 -72.731 -0.165 0.005 0.431 0.887
18.082 -446.168 -72.778 -0.166 0.005 0.435 0.885
17.996 -446.104 -72.810 -0.166 0.005 0.437 0.884
17.918 -446.048 -72.840 -0.167 0.005 0.439 0.883
17.840 -445.993 -72.868 -0.167 0.006 0.441 0.882
17.739 -445.921 -72.906 -0.167 0.006 0.443 0.881
17.674 -445.875 -72.930 -0.168 0.006 0.444 0.880
17.598 -445.822 -72.958 -0.168 0.006 0.446 0.879
17.514 -445.764 -72.989 -0.169 0.006 0.447 0.878
17.437 -445.711 -73.018 -0.170 0.006 0.449 0.877
17.337 -445.643 -73.055 -0.170 0.006 0.451 0.876
17.205 -445.555 -73.103 -0.171 0.006 0.454 0.874
17.079 -445.472 -73.150 -0.172 0.006 0.456 0.873
17.019 -445.432 -73.172 -0.172 0.006 0.457 0.872
16.938 -445.380 -73.202 -0.173 0.006 0.459 0.872
16.853 -445.325 -73.233 -0.174 0.006 0.460 0.871
16.769 -445.272 -73.264 -0.174 0.006 0.462 0.870
16.673 -445.211 -73.300 -0.174 0.006 0.464 0.869
16.631 -445.185 -73.315 -0.175 0.006 0.465 0.868
16.588 -445.157 -73.331 -0.175 0.006 0.466 0.868
16.511 -445.110 -73.359 -0.176 0.006 0.467 0.866
16.423 -445.056 -73.391 -0.176 0.006 0.469 0.866
16.345 -445.008 -73.420 -0.176 0.006 0.471 0.865
16.254 -444.953 -73.453 -0.177 0.007 0.472 0.864
16.158 -444.896 -73.488 -0.177 0.007 0.474 0.863
16.033 -444.822 -73.534 -0.177 0.007 0.476 0.861
15.973 -444.787 -73.556 -0.178 0.007 0.478 0.860
15.909 -444.749 -73.579 -0.178 0.007 0.479 0.859
15.827 -444.702 -73.609 -0.179 0.007 0.481 0.859
15.690 -444.624 -73.658 -0.179 0.007 0.483 0.857
15.594 -444.570 -73.693 -0.179 0.008 0.484 0.857
15.463 -444.497 -73.740 -0.179 0.008 0.486 0.855
15.403 -444.464 -73.761 -0.179 0.008 0.487 0.855
15.298 -444.406 -73.798 -0.178 0.009 0.489 0.854
15.201 -444.353 -73.832 -0.178 0.009 0.490 0.853
15.126 -444.312 -73.859 -0.178 0.009 0.491 0.853
15.055 -444.275 -73.883 -0.179 0.009 0.492 0.852
14.976 -444.232 -73.911 -0.179 0.010 0.492 0.852
14.856 -444.168 -73.953 -0.179 0.009 0.494 0.851
14.793 -444.135 -73.975 -0.180 0.009 0.494 0.851
14.712 -444.092 -74.004 -0.180 0.009 0.495 0.850
14.616 -444.041 -74.037 -0.179 0.010 0.496 0.850
14.507 -443.984 -74.075 -0.180 0.010 0.497 0.849
14.407 -443.932 -74.110 -0.180 0.010 0.498 0.848
14.312 -443.883 -74.143 -0.180 0.010 0.500 0.847
14.186 -443.819 -74.187 -0.179 0.011 0.501 0.847
14.135 -443.794 -74.204 -0.178 0.012 0.502 0.846
