24.700 -458.432 -70.112 -0.001 0.000 0.003 1.000
24.699 -458.372 -70.112 -0.002 0.000 0.005 1.000
24.698 -458.296 -70.112 -0.003 0.000 0.008 1.000
24.696 -458.186 -70.113 -0.005 0.000 0.012 1.000
24.692 -458.058 -70.115 -0.008 0.000 0.016 1.000
24.688 -457.946 -70.117 -0.009 0.000 0.020 1.000
24.684 -457.845 -70.119 -0.011 0.000 0.024 1.000
24.679 -457.747 -70.122 -0.012 0.000 0.027 1.000
24.670 -457.602 -70.125 -0.015 0.000 0.032 0.999
24.661 -457.465 -70.130 -0.017 0.000 0.037 0.999
24.651 -457.345 -70.134 -0.018 0.000 0.041 0.999
24.643 -457.253 -70.137 -0.020 0.000 0.044 0.999
24.634 -457.147 -70.142 -0.021 0.000 0.048 0.999
24.624 -457.050 -70.146 -0.021 0.000 0.052 0.998
24.615 -456.965 -70.149 -0.022 0.000 0.056 0.998
24.605 -456.883 -70.153 -0.024 0.000 0.058 0.998
24.595 -456.799 -70.157 -0.025 0.000 0.061 0.998
24.580 -456.684 -70.163 -0.026 0.000 0.065 0.998
24.566 -456.578 -70.169 -0.028 0.000 0.069 0.997
24.549 -456.462 -70.176 -0.029 0.000 0.074 0.997
24.537 -456.379 -70.181 -0.031 0.000 0.077 0.997
24.517 -456.259 -70.188 -0.033 0.000 0.081 0.996
24.496 -456.135 -70.197 -0.035 0.000 0.086 0.996
24.478 -456.030 -70.205 -0.036 0.000 0.089 0.995
24.461 -455.938 -70.211 -0.038 0.000 0.093 0.995
24.442 -455.843 -70.219 -0.040 0.000 0.096 0.995
24.418 -455.719 -70.229 -0.041 0.000 0.100 0.994
24.396 -455.615 -70.238 -0.043 0.000 0.103 0.994
24.380 -455.539 -70.245 -0.044 0.000 0.106 0.993
24.360 -455.446 -70.253 -0.046 0.000 0.109 0.993
24.333 -455.329 -70.265 -0.047 0.000 0.112 0.993
24.318 -455.262 -70.271 -0.048 0.000 0.115 0.992
24.296 -455.171 -70.280 -0.049 0.000 0.118 0.992
24.276 -455.091 -70.288 -0.050 0.000 0.121 0.991
24.239 -454.945 -70.304 -0.052 0.000 0.126 0.991
24.208 -454.828 -70.316 -0.054 0.000 0.130 0.990
24.175 -454.704 -70.330 -0.055 0.000 0.134 0.989
24.139 -454.579 -70.345 -0.056 0.000 0.139 0.989
24.105 -454.462 -70.359 -0.058 0.000 0.143 0.988
24.081 -454.382 -70.368 -0.060 0.000 0.146 0.987
24.053 -454.290 -70.380 -0.061 0.000 0.150 0.987
24.027 -454.207 -70.391 -0.062 0.000 0.153 0.986
23.995 -454.108 -70.403 -0.064 0.000 0.157 0.986
23.959 -454.001 -70.418 -0.066 0.000 0.161 0.985
23.905 -453.843 -70.440 -0.068 0.000 0.166 0.984
23.881 -453.774 -70.450 -0.070 0.000 0.168 0.983
23.851 -453.692 -70.462 -0.071 0.000 0.171 0.983
23.816 -453.596 -70.477 -0.073 0.000 0.175 0.982
23.782 -453.505 -70.491 -0.075 0.000 0.178 0.981
23.736 -453.385 -70.510 -0.076 0.000 0.182 0.980
23.702 -453.298 -70.524 -0.077 0.000 0.186 0.980
23.672 -453.222 -70.537 -0.078 0.000 0.189 0.979
23.629 -453.116 -70.555 -0.080 0.000 0.193 0.978
23.593 -453.031 -70.570 -0.081 0.000 0.196 0.977
23.553 -452.938 -70.586 -0.082 0.000 0.200 0.976
23.509 -452.835 -70.604 -0.083 0.000 0.204 0.975
23.463 -452.734 -70.623 -0.084 0.000 0.208 0.974
23.413 -452.623 -70.643 -0.086 0.000 0.212 0.973
23.362 -452.514 -70.663 -0.087 0.001 0.216 0.972
23.317 -452.419 -70.682 -0.088 0.001 0.220 0.972
23.275 -452.333 -70.698 -0.090 0.000 0.223 0.971
23.225 -452.232 -70.719 -0.091 0.000 0.226 0.970
23.179 -452.140 -70.737 -0.093 0.000 0.229 0.969
23.129 -452.042 -70.757 -0.094 0.000 0.233 0.968
23.096 -451.979 -70.771 -0.095 0.000 0.235 0.967
23.048 -451.888 -70.790 -0.097 0.000 0.239 0.966
22.991 -451.782 -70.813 -0.097 0.001 0.241 0.966
22.959 -451.723 -70.826 -0.098 0.001 0.243 0.965
22.897 -451.609 -70.851 -0.099 0.001 0.247 0.964
22.840 -451.507 -70.874 -0.101 0.000 0.250 0.963
22.775 -451.395 -70.899 -0.102 0.001 0.255 0.962
22.744 -451.342 -70.912 -0.102 0.001 0.257 0.961
22.695 -451.257 -70.932 -0.104 0.001 0.260 0.960
22.641 -451.167 -70.953 -0.104 0.001 0.264 0.959
22.578 -451.063 -70.978 -0.106 0.001 0.268 0.958
22.541 -451.004 -70.992 -0.107 0.001 0.270 0.957
22.483 -450.911 -71.015 -0.109 0.001 0.274 0.956
22.427 -450.823 -71.038 -0.110 0.001 0.277 0.955
22.363 -450.726 -71.063 -0.112 0.001 0.281 0.953
22.304 -450.636 -71.086 -0.114 0.001 0.283 0.952
22.254 -450.561 -71.106 -0.114 0.001 0.286 0.951
22.201 -450.484 -71.127 -0.115 0.001 0.289 0.950
22.152 -450.412 -71.147 -0.117 0.000 0.292 0.949
22.104 -450.342 -71.166 -0.118 0.001 0.294 0.948
22.064 -450.285 -71.182 -0.119 0.000 0.296 0.948
22.028 -450.234 -71.197 -0.119 0.001 0.298 0.947
21.963 -450.143 -71.223 -0.120 0.001 0.301 0.946
21.914 -450.076 -71.242 -0.121 0.001 0.303 0.945
21.863 -450.006 -71.262 -0.121 0.001 0.306 0.944
21.820 -449.948 -71.279 -0.122 0.001 0.307 0.944
21.781 -449.896 -71.295 -0.123 0.001 0.310 0.943
21.728 -449.826 -71.316 -0.124 0.001 0.312 0.942
21.657 -449.733 -71.344 -0.125 0.001 0.315 0.941
21.590 -449.647 -71.371 -0.126 0.001 0.318 0.940
21.497 -449.529 -71.407 -0.127 0.001 0.323 0.938
21.431 -449.448 -71.433 -0.128 0.001 0.325 0.937
21.369 -449.370 -71.458 -0.128 0.001 0.327 0.936
21.273 -449.254 -71.495 -0.130 0.001 0.331 0.935
21.220 -449.189 -71.516 -0.131 0.001 0.334 0.934
21.161 -449.119 -71.539 -0.132 0.001 0.335 0.933
21.090 -449.036 -71.567 -0.133 0.002 0.338 0.932
21.014 -448.948 -71.596 -0.134 0.001 0.341 0.930
20.958 -448.883 -71.618 -0.134 0.002 0.344 0.929
20.896 -448.814 -71.642 -0.135 0.002 0.347 0.928
20.843 -448.754 -71.663 -0.136 0.002 0.349 0.927
20.793 -448.699 -71.682 -0.137 0.002 0.351 0.926
20.724 -448.624 -71.709 -0.138 0.002 0.354 0.925
20.663 -448.558 -71.732 -0.139 0.002 0.356 0.924
20.607 -448.499 -71.754 -0.141 0.001 0.358 0.923
20.564 -448.453 -71.771 -0.142 0.001 0.360 0.922
20.492 -448.378 -71.799 -0.142 0.002 0.363 0.921
20.436 -448.320 -71.821 -0.142 0.002 0.365 0.920
20.367 -448.248 -71.848 -0.143 0.002 0.366 0.919
20.324 -448.204 -71.865 -0.143 0.002 0.368 0.919
20.266 -448.146 -71.887 -0.143 0.002 0.370 0.918
20.197 -448.077 -71.913 -0.144 0.002 0.373 0.917
20.117 -447.997 -71.944 -0.144 0.002 0.375 0.916
20.043 -447.925 -71.972 -0.145 0.002 0.377 0.915
19.974 -447.858 -71.998 -0.146 0.003 0.380 0.914
19.919 -447.805 -72.019 -0.146 0.003 0.381 0.913
19.817 -447.709 -72.058 -0.147 0.003 0.384 0.912
19.757 -447.652 -72.080 -0.147 0.003 0.386 0.911
19.709 -447.607 -72.099 -0.147 0.003 0.387 0.910
19.616 -447.521 -72.134 -0.149 0.003 0.390 0.909
19.536 -447.448 -72.164 -0.150 0.003 0.391 0.908
19.449 -447.369 -72.197 -0.151 0.003 0.395 0.906
19.396 -447.322 -72.217 -0.151 0.003 0.396 0.906
19.313 -447.248 -72.248 -0.152 0.003 0.398 0.905
19.224 -447.170 -72.282 -0.154 0.002 0.400 0.903
19.121 -447.081 -72.321 -0.155 0.003 0.404 0.902
19.046 -447.017 -72.350 -0.156 0.003 0.406 0.901
18.968 -446.951 -72.379 -0.157 0.003 0.408 0.899
18.873 -446.872 -72.416 -0.157 0.003 0.410 0.898
18.766 -446.783 -72.457 -0.159 0.002 0.413 0.897
18.675 -446.709 -72.491 -0.159 0.003 0.415 0.896
18.603 -446.651 -72.518 -0.160 0.003 0.417 0.895
18.519 -446.584 -72.550 -0.161 0.003 0.420 0.893
18.423 -446.508 -72.587 -0.162 0.003 0.423 0.892
18.336 -446.440 -72.620 -0.162 0.003 0.426 0.890
18.232 -446.361 -72.659 -0.163 0.003 0.429 0.889
18.137 -446.289 -72.695 -0.164 0.003 0.432 0.887
18.083 -446.249 -72.715 -0.164 0.004 0.434 0.886
18.014 -446.199 -72.741 -0.165 0.004 0.435 0.885
17.925 -446.134 -72.774 -0.165 0.004 0.437 0.884
17.845 -446.076 -72.804 -0.165 0.004 0.439 0.883
17.771 -446.023 -72.831 -0.166 0.004 0.441 0.882
17.675 -445.955 -72.867 -0.167 0.004 0.444 0.880
17.609 -445.909 -72.891 -0.168 0.004 0.446 0.879
17.507 -445.838 -72.929 -0.169 0.004 0.449 0.878
17.410 -445.773 -72.965 -0.169 0.004 0.452 0.876
17.332 -445.720 -72.994 -0.170 0.004 0.453 0.875
17.261 -445.673 -73.020 -0.170 0.004 0.455 0.874
17.170 -445.613 -73.053 -0.170 0.005 0.457 0.873
17.081 -445.555 -73.086 -0.171 0.005 0.458 0.872
16.988 -445.495 -73.120 -0.172 0.005 0.461 0.871
16.901 -445.439 -73.152 -0.172 0.005 0.463 0.870
16.806 -445.379 -73.187 -0.172 0.005 0.464 0.869
16.701 -445.313 -73.225 -0.173 0.005 0.466 0.868
16.609 -445.256 -73.258 -0.173 0.005 0.467 0.867
16.548 -445.218 -73.280 -0.173 0.005 0.468 0.866
16.474 -445.173 -73.307 -0.174 0.005 0.470 0.866
16.389 -445.121 -73.338 -0.174 0.006 0.471 0.865
16.305 -445.070 -73.368 -0.175 0.005 0.472 0.864
16.204 -445.010 -73.405 -0.175 0.005 0.474 0.863
16.110 -444.954 -73.439 -0.176 0.006 0.476 0.862
16.002 -444.891 -73.478 -0.176 0.006 0.479 0.860
15.922 -444.845 -73.507 -0.177 0.006 0.480 0.859
15.825 -444.789 -73.542 -0.177 0.006 0.482 0.858
15.708 -444.722 -73.584 -0.177 0.007 0.484 0.857
15.652 -444.691 -73.603 -0.177 0.007 0.484 0.857
15.592 -444.656 -73.625 -0.177 0.007 0.485 0.856
15.508 -444.610 -73.654 -0.176 0.007 0.486 0.856
15.439 -444.572 -73.679 -0.177 0.007 0.487 0.856
15.368 -444.532 -73.704 -0.177 0.007 0.487 0.855
15.259 -444.472 -73.742 -0.177 0.007 0.489 0.854
15.153 -444.414 -73.780 -0.176 0.008 0.490 0.854
15.084 -444.377 -73.803 -0.176 0.008 0.490 0.854
15.016 -444.340 -73.827 -0.176 0.009 0.491 0.853
14.918 -444.287 -73.861 -0.176 0.009 0.493 0.852
14.832 -444.241 -73.891 -0.175 0.009 0.493 0.852
14.739 -444.191 -73.923 -0.176 0.009 0.494 0.851
14.652 -444.144 -73.953 -0.176 0.010 0.495 0.851
14.559 -444.095 -73.984 -0.175 0.010 0.496 0.851
14.444 -444.035 -74.023 -0.175 0.011 0.497 0.850
14.366 -443.994 -74.049 -0.175 0.011 0.498 0.849
14.275 -443.947 -74.080 -0.174 0.011 0.499 0.849
14.216 -443.916 -74.100 -0.174 0.011 0.500 0.848
14.124 -443.869 -74.130 -0.174 0.011 0.501 0.848
