24.700 -458.445 -70.112 
24.699 -458.326 -70.112 
24.697 -458.212 -70.113 
24.695 -458.110 -70.114 
24.691 -457.987 -70.115 
24.685 -457.855 -70.118 
24.680 -457.751 -70.120 
24.676 -457.679 -70.121 
24.668 -457.550 -70.125 
24.660 -457.443 -70.128 
24.647 -457.277 -70.133 
24.631 -457.116 -70.140 
24.619 -456.999 -70.145 
24.604 -456.861 -70.151 
24.594 -456.784 -70.155 
24.580 -456.671 -70.161 
24.559 -456.525 -70.169 
24.546 -456.433 -70.174 
24.533 -456.350 -70.179 
24.514 -456.234 -70.187 
24.501 -456.160 -70.192 
24.488 -456.084 -70.197 
24.465 -455.958 -70.207 
24.442 -455.844 -70.215 
24.429 -455.776 -70.221 
24.405 -455.660 -70.230 
24.389 -455.585 -70.236 
24.364 -455.470 -70.247 
24.329 -455.319 -70.261 
24.305 -455.218 -70.271 
24.273 -455.088 -70.285 
24.249 -454.994 -70.295 
24.215 -454.867 -70.309 
24.182 -454.748 -70.323 
24.164 -454.682 -70.330 
24.130 -454.565 -70.344 
24.108 -454.490 -70.354 
24.078 -454.388 -70.367 
24.041 -454.270 -70.382 
24.013 -454.182 -70.394 
23.992 -454.115 -70.403 
23.946 -453.978 -70.423 
23.919 -453.898 -70.435 
23.882 -453.790 -70.451 
23.836 -453.662 -70.471 
23.811 -453.595 -70.482 
23.785 -453.525 -70.493 
23.759 -453.455 -70.505 
23.735 -453.393 -70.515 
23.694 -453.289 -70.533 
23.666 -453.219 -70.545 
23.626 -453.121 -70.563 
23.590 -453.034 -70.579 
23.547 -452.931 -70.597 
23.500 -452.822 -70.618 
23.462 -452.736 -70.634 
23.420 -452.642 -70.652 
23.378 -452.549 -70.671 
23.329 -452.445 -70.692 
23.276 -452.332 -70.715 
23.239 -452.256 -70.731 
23.187 -452.149 -70.753 
23.154 -452.085 -70.767 
23.107 -451.991 -70.788 
23.051 -451.884 -70.812 
22.999 -451.785 -70.834 
22.917 -451.631 -70.870 
22.861 -451.530 -70.895 
22.796 -451.414 -70.923 
22.739 -451.315 -70.948 
22.692 -451.234 -70.969 
22.643 -451.151 -70.990 
22.584 -451.054 -71.016 
22.535 -450.974 -71.037 
22.483 -450.890 -71.060 
22.428 -450.802 -71.084 
22.379 -450.726 -71.105 
22.318 -450.633 -71.132 
22.271 -450.561 -71.152 
22.215 -450.478 -71.177 
22.157 -450.393 -71.202 
22.089 -450.294 -71.232 
22.030 -450.211 -71.258 
21.988 -450.152 -71.276 
21.921 -450.059 -71.305 
21.864 -449.981 -71.330 
21.800 -449.894 -71.358 
21.730 -449.800 -71.388 
21.681 -449.735 -71.410 
21.611 -449.645 -71.440 
21.549 -449.566 -71.467 
21.457 -449.451 -71.507 
21.380 -449.356 -71.540 
21.284 -449.239 -71.582 
21.213 -449.152 -71.613 
21.152 -449.080 -71.640 
21.100 -449.019 -71.662 
21.011 -448.917 -71.701 
20.921 -448.816 -71.740 
20.840 -448.725 -71.775 
20.796 -448.677 -71.794 
20.714 -448.588 -71.829 
20.662 -448.532 -71.851 
20.582 -448.448 -71.885 
20.540 -448.405 -71.903 
20.458 -448.321 -71.938 
20.404 -448.265 -71.961 
20.354 -448.216 -71.982 
20.246 -448.108 -72.027 
20.152 -448.016 -72.067 
20.089 -447.956 -72.094 
20.033 -447.902 -72.117 
19.979 -447.850 -72.140 
19.903 -447.779 -72.172 
19.805 -447.688 -72.214 
19.730 -447.620 -72.245 
19.662 -447.558 -72.274 
19.574 -447.479 -72.312 
19.476 -447.392 -72.353 
19.415 -447.338 -72.379 
19.316 -447.253 -72.421 
19.224 -447.175 -72.460 
19.163 -447.123 -72.486 
19.097 -447.069 -72.514 
19.007 -446.995 -72.551 
18.912 -446.919 -72.591 
18.845 -446.865 -72.619 
18.758 -446.795 -72.656 
18.682 -446.737 -72.687 
18.581 -446.658 -72.729 
18.514 -446.607 -72.756 
18.455 -446.562 -72.781 
18.359 -446.491 -72.820 
18.290 -446.440 -72.849 
18.217 -446.387 -72.878 
18.134 -446.326 -72.913 
18.065 -446.276 -72.941 
17.993 -446.226 -72.970 
17.922 -446.176 -72.999 
17.852 -446.128 -73.027 
17.780 -446.078 -73.056 
17.708 -446.029 -73.085 
17.617 -445.969 -73.122 
17.519 -445.903 -73.161 
17.467 -445.869 -73.182 
17.393 -445.820 -73.212 
17.303 -445.762 -73.248 
17.239 -445.721 -73.273 
17.147 -445.662 -73.310 
17.057 -445.606 -73.346 
16.943 -445.535 -73.392 
16.874 -445.492 -73.419 
16.777 -445.433 -73.457 
16.687 -445.380 -73.493 
16.616 -445.337 -73.521 
16.514 -445.277 -73.561 
16.457 -445.243 -73.584 
16.364 -445.189 -73.620 
16.256 -445.127 -73.663 
16.124 -445.052 -73.715 
16.040 -445.005 -73.747 
15.945 -444.953 -73.784 
15.849 -444.900 -73.822 
15.791 -444.868 -73.844 
15.701 -444.820 -73.879 
15.613 -444.773 -73.913 
15.546 -444.737 -73.939 
15.491 -444.708 -73.960 
15.427 -444.675 -73.985 
15.352 -444.636 -74.014 
15.276 -444.597 -74.043 
15.188 -444.552 -74.076 
15.124 -444.520 -74.100 
15.013 -444.463 -74.142 
14.945 -444.429 -74.168 
14.862 -444.386 -74.199 
14.782 -444.347 -74.228 
14.703 -444.307 -74.258 
14.625 -444.269 -74.286 
14.537 -444.225 -74.319 
14.455 -444.185 -74.349 
14.387 -444.152 -74.374 
14.273 -444.096 -74.415 
14.186 -444.055 -74.446 
14.064 -443.997 -74.490 
