21.500 -475.941 -70.112 
21.499 -475.827 -70.112 
21.497 -475.710 -70.113 
21.495 -475.617 -70.114 
21.492 -475.522 -70.115 
21.489 -475.420 -70.117 
21.482 -475.269 -70.120 
21.477 -475.177 -70.122 
21.471 -475.067 -70.125 
21.466 -474.988 -70.127 
21.456 -474.844 -70.131 
21.450 -474.770 -70.134 
21.445 -474.711 -70.136 
21.437 -474.618 -70.139 
21.426 -474.507 -70.143 
21.420 -474.446 -70.146 
21.414 -474.385 -70.149 
21.400 -474.257 -70.155 
21.385 -474.129 -70.161 
21.367 -473.993 -70.169 
21.359 -473.931 -70.173 
21.346 -473.837 -70.178 
21.330 -473.729 -70.185 
21.317 -473.647 -70.190 
21.305 -473.566 -70.196 
21.287 -473.455 -70.203 
21.274 -473.383 -70.209 
21.259 -473.295 -70.215 
21.238 -473.177 -70.224 
21.209 -473.026 -70.236 
21.188 -472.923 -70.245 
21.165 -472.813 -70.254 
21.150 -472.738 -70.261 
21.137 -472.680 -70.266 
21.117 -472.588 -70.274 
21.098 -472.505 -70.282 
21.080 -472.424 -70.290 
21.044 -472.274 -70.305 
21.017 -472.165 -70.316 
21.001 -472.102 -70.322 
20.966 -471.963 -70.337 
20.939 -471.860 -70.348 
20.913 -471.763 -70.358 
20.886 -471.665 -70.369 
20.866 -471.593 -70.377 
20.839 -471.498 -70.389 
20.791 -471.335 -70.408 
20.760 -471.232 -70.420 
20.740 -471.169 -70.428 
20.704 -471.055 -70.442 
20.671 -470.951 -70.456 
20.629 -470.824 -70.472 
20.603 -470.746 -70.483 
20.572 -470.653 -70.495 
20.538 -470.555 -70.508 
20.498 -470.441 -70.524 
20.469 -470.360 -70.536 
20.435 -470.268 -70.549 
20.395 -470.159 -70.565 
20.365 -470.078 -70.576 
20.328 -469.981 -70.591 
20.303 -469.916 -70.601 
20.267 -469.824 -70.615 
20.224 -469.714 -70.632 
20.182 -469.610 -70.648 
20.139 -469.505 -70.665 
20.098 -469.405 -70.681 
20.042 -469.275 -70.702 
20.002 -469.180 -70.718 
19.968 -469.104 -70.731 
19.915 -468.982 -70.752 
19.880 -468.904 -70.765 
19.852 -468.841 -70.776 
19.813 -468.756 -70.790 
19.768 -468.658 -70.808 
19.728 -468.573 -70.823 
19.681 -468.473 -70.841 
19.643 -468.394 -70.855 
19.617 -468.338 -70.865 
19.578 -468.258 -70.879 
19.521 -468.142 -70.901 
19.479 -468.057 -70.916 
19.439 -467.978 -70.931 
19.374 -467.850 -70.956 
19.335 -467.774 -70.970 
19.292 -467.692 -70.986 
19.248 -467.607 -71.003 
19.190 -467.497 -71.024 
19.149 -467.422 -71.039 
19.106 -467.342 -71.055 
19.033 -467.209 -71.082 
18.974 -467.102 -71.103 
18.919 -467.004 -71.123 
18.852 -466.885 -71.147 
18.817 -466.823 -71.160 
18.764 -466.730 -71.179 
18.715 -466.645 -71.196 
18.673 -466.574 -71.211 
18.631 -466.502 -71.226 
18.561 -466.383 -71.251 
18.492 -466.269 -71.275 
18.441 -466.184 -71.293 
18.379 -466.082 -71.315 
18.329 -466.001 -71.332 
18.278 -465.917 -71.350 
18.225 -465.832 -71.368 
18.168 -465.739 -71.388 
18.103 -465.636 -71.410 
18.071 -465.586 -71.421 
18.020 -465.504 -71.438 
17.950 -465.393 -71.462 
17.909 -465.329 -71.476 
17.849 -465.235 -71.496 
17.793 -465.148 -71.514 
17.756 -465.090 -71.527 
17.699 -465.003 -71.545 
17.637 -464.907 -71.566 
17.581 -464.821 -71.584 
17.518 -464.725 -71.605 
17.467 -464.649 -71.621 
17.422 -464.581 -71.635 
17.355 -464.479 -71.657 
17.305 -464.405 -71.673 
17.265 -464.344 -71.685 
17.200 -464.248 -71.706 
17.148 -464.172 -71.721 
17.051 -464.030 -71.752 
16.981 -463.928 -71.773 
16.923 -463.844 -71.791 
16.891 -463.798 -71.801 
16.850 -463.738 -71.814 
16.800 -463.666 -71.829 
16.749 -463.595 -71.845 
16.700 -463.524 -71.860 
16.651 -463.456 -71.874 
16.562 -463.330 -71.901 
16.499 -463.243 -71.919 
16.446 -463.169 -71.935 
16.398 -463.102 -71.950 
16.338 -463.019 -71.968 
16.309 -462.979 -71.976 
16.236 -462.880 -71.998 
16.170 -462.788 -72.018 
16.105 -462.701 -72.037 
16.058 -462.637 -72.051 
15.982 -462.533 -72.073 
15.923 -462.454 -72.089 
15.857 -462.367 -72.108 
15.808 -462.301 -72.122 
15.746 -462.220 -72.139 
15.696 -462.154 -72.153 
15.625 -462.061 -72.173 
15.532 -461.940 -72.199 
15.475 -461.866 -72.215 
15.428 -461.805 -72.227 
15.356 -461.714 -72.247 
15.292 -461.632 -72.264 
15.224 -461.546 -72.282 
15.179 -461.488 -72.294 
15.101 -461.390 -72.315 
15.011 -461.278 -72.339 
14.960 -461.215 -72.352 
14.909 -461.151 -72.366 
14.834 -461.058 -72.385 
14.781 -460.993 -72.399 
14.712 -460.908 -72.417 
14.656 -460.839 -72.431 
14.589 -460.756 -72.449 
14.517 -460.669 -72.467 
14.445 -460.582 -72.486 
14.376 -460.499 -72.503 
14.279 -460.382 -72.528 
14.222 -460.315 -72.543 
14.155 -460.236 -72.560 
14.089 -460.157 -72.576 
