24.700 -458.417 -70.112 
24.699 -458.305 -70.112 
24.698 -458.245 -70.113 
24.696 -458.144 -70.114 
24.694 -458.075 -70.115 
24.691 -457.991 -70.116 
24.685 -457.849 -70.118 
24.680 -457.757 -70.120 
24.676 -457.674 -70.123 
24.667 -457.536 -70.127 
24.657 -457.406 -70.131 
24.649 -457.313 -70.134 
24.641 -457.221 -70.138 
24.629 -457.099 -70.143 
24.621 -457.013 -70.147 
24.610 -456.919 -70.151 
24.595 -456.789 -70.158 
24.587 -456.731 -70.161 
24.574 -456.631 -70.166 
24.554 -456.488 -70.175 
24.537 -456.373 -70.182 
24.516 -456.234 -70.192 
24.492 -456.086 -70.202 
24.474 -455.986 -70.210 
24.454 -455.875 -70.219 
24.428 -455.742 -70.230 
24.408 -455.642 -70.239 
24.390 -455.556 -70.246 
24.355 -455.391 -70.262 
24.330 -455.281 -70.273 
24.317 -455.223 -70.279 
24.296 -455.136 -70.288 
24.265 -455.006 -70.302 
24.237 -454.898 -70.314 
24.209 -454.790 -70.326 
24.181 -454.683 -70.339 
24.139 -454.532 -70.357 
24.095 -454.378 -70.376 
24.068 -454.286 -70.388 
24.042 -454.202 -70.399 
24.010 -454.100 -70.412 
23.977 -453.997 -70.427 
23.940 -453.883 -70.443 
23.899 -453.764 -70.460 
23.864 -453.663 -70.475 
23.836 -453.584 -70.486 
23.797 -453.475 -70.503 
23.768 -453.397 -70.515 
23.723 -453.278 -70.534 
23.684 -453.179 -70.550 
23.647 -453.084 -70.567 
23.616 -453.008 -70.580 
23.579 -452.918 -70.596 
23.525 -452.791 -70.619 
23.503 -452.740 -70.628 
23.459 -452.640 -70.648 
23.430 -452.575 -70.660 
23.401 -452.511 -70.673 
23.345 -452.387 -70.697 
23.297 -452.286 -70.718 
23.251 -452.189 -70.738 
23.203 -452.090 -70.758 
23.159 -452.000 -70.777 
23.089 -451.861 -70.807 
23.041 -451.769 -70.827 
22.994 -451.679 -70.847 
22.947 -451.590 -70.867 
22.906 -451.515 -70.884 
22.855 -451.421 -70.905 
22.822 -451.360 -70.919 
22.798 -451.319 -70.929 
22.760 -451.251 -70.945 
22.717 -451.175 -70.963 
22.656 -451.070 -70.988 
22.605 -450.985 -71.009 
22.572 -450.929 -71.023 
22.526 -450.852 -71.042 
22.497 -450.805 -71.054 
22.446 -450.722 -71.075 
22.401 -450.650 -71.093 
22.344 -450.560 -71.117 
22.279 -450.459 -71.143 
22.214 -450.360 -71.170 
22.145 -450.256 -71.199 
22.078 -450.157 -71.226 
22.035 -450.095 -71.244 
22.003 -450.048 -71.257 
21.930 -449.944 -71.287 
21.875 -449.866 -71.309 
21.821 -449.789 -71.331 
21.751 -449.693 -71.360 
21.696 -449.619 -71.383 
21.658 -449.567 -71.398 
21.583 -449.467 -71.429 
21.492 -449.347 -71.467 
21.438 -449.278 -71.489 
21.388 -449.215 -71.509 
21.342 -449.157 -71.528 
21.291 -449.093 -71.549 
21.256 -449.050 -71.563 
21.197 -448.977 -71.588 
21.143 -448.911 -71.610 
21.074 -448.827 -71.638 
21.024 -448.767 -71.659 
20.959 -448.690 -71.685 
20.888 -448.607 -71.714 
20.821 -448.529 -71.742 
20.774 -448.475 -71.761 
20.717 -448.409 -71.785 
20.659 -448.344 -71.808 
20.594 -448.272 -71.835 
20.541 -448.213 -71.857 
20.461 -448.125 -71.889 
20.373 -448.030 -71.925 
20.307 -447.959 -71.952 
20.199 -447.845 -71.996 
20.148 -447.792 -72.016 
20.068 -447.710 -72.049 
19.987 -447.627 -72.082 
19.910 -447.551 -72.113 
19.811 -447.453 -72.153 
19.769 -447.411 -72.170 
19.685 -447.330 -72.203 
19.575 -447.225 -72.248 
19.525 -447.178 -72.268 
19.465 -447.122 -72.292 
19.373 -447.037 -72.329 
19.295 -446.965 -72.361 
19.227 -446.903 -72.388 
19.165 -446.847 -72.413 
19.107 -446.795 -72.436 
19.045 -446.741 -72.460 
19.009 -446.708 -72.475 
18.940 -446.649 -72.502 
18.904 -446.617 -72.516 
18.823 -446.547 -72.549 
18.763 -446.496 -72.573 
18.674 -446.421 -72.608 
18.580 -446.343 -72.645 
18.516 -446.290 -72.670 
18.450 -446.236 -72.696 
18.366 -446.167 -72.729 
18.293 -446.108 -72.758 
18.173 -446.013 -72.805 
18.108 -445.962 -72.831 
18.032 -445.903 -72.861 
17.942 -445.834 -72.896 
17.863 -445.774 -72.927 
17.798 -445.724 -72.953 
17.710 -445.659 -72.987 
17.642 -445.609 -73.014 
17.562 -445.550 -73.045 
17.465 -445.480 -73.083 
17.394 -445.429 -73.110 
17.318 -445.375 -73.140 
17.251 -445.328 -73.166 
17.165 -445.267 -73.199 
17.066 -445.199 -73.238 
16.982 -445.141 -73.270 
16.916 -445.096 -73.296 
16.826 -445.035 -73.331 
16.746 -444.982 -73.362 
16.655 -444.922 -73.397 
16.549 -444.853 -73.438 
16.469 -444.800 -73.469 
16.399 -444.756 -73.495 
16.282 -444.681 -73.541 
16.194 -444.627 -73.574 
16.082 -444.558 -73.617 
15.959 -444.483 -73.664 
15.880 -444.435 -73.694 
15.797 -444.386 -73.725 
15.713 -444.336 -73.757 
15.617 -444.279 -73.793 
15.538 -444.232 -73.823 
15.439 -444.175 -73.860 
15.343 -444.119 -73.896 
15.264 -444.074 -73.926 
15.188 -444.030 -73.954 
15.131 -443.997 -73.976 
15.034 -443.942 -74.012 
14.934 -443.886 -74.049 
14.864 -443.846 -74.075 
14.787 -443.803 -74.103 
14.717 -443.765 -74.129 
14.632 -443.718 -74.160 
14.525 -443.659 -74.199 
14.432 -443.608 -74.233 
14.324 -443.550 -74.273 
14.264 -443.517 -74.295 
14.201 -443.483 -74.318 
14.080 -443.418 -74.361 
