26.389 -423.592 -82.405 
26.380 -423.505 -82.410 
26.370 -423.416 -82.415 
26.355 -423.291 -82.422 
26.339 -423.169 -82.430 
26.328 -423.087 -82.435 
26.313 -422.980 -82.443 
26.296 -422.868 -82.450 
26.281 -422.772 -82.457 
26.267 -422.686 -82.463 
26.254 -422.608 -82.469 
26.240 -422.525 -82.476 
26.227 -422.453 -82.481 
26.207 -422.339 -82.490 
26.188 -422.238 -82.499 
26.169 -422.143 -82.507 
26.149 -422.046 -82.516 
26.124 -421.924 -82.527 
26.102 -421.824 -82.537 
26.087 -421.754 -82.544 
26.074 -421.700 -82.549 
26.050 -421.594 -82.560 
26.026 -421.496 -82.570 
26.004 -421.404 -82.580 
25.973 -421.283 -82.593 
25.946 -421.180 -82.605 
25.921 -421.085 -82.616 
25.900 -421.008 -82.625 
25.866 -420.887 -82.639 
25.835 -420.778 -82.653 
25.794 -420.636 -82.671 
25.759 -420.519 -82.687 
25.726 -420.415 -82.701 
25.693 -420.310 -82.715 
25.650 -420.175 -82.735 
25.619 -420.083 -82.748 
25.588 -419.989 -82.761 
25.560 -419.908 -82.773 
25.510 -419.765 -82.795 
25.471 -419.658 -82.811 
25.421 -419.521 -82.833 
25.389 -419.436 -82.847 
25.351 -419.334 -82.863 
25.316 -419.246 -82.878 
25.272 -419.132 -82.897 
25.255 -419.091 -82.903 
25.216 -418.993 -82.920 
25.169 -418.879 -82.940 
25.138 -418.805 -82.952 
25.083 -418.675 -82.976 
25.032 -418.556 -82.997 
24.976 -418.428 -83.020 
24.930 -418.327 -83.040 
24.896 -418.252 -83.054 
24.851 -418.155 -83.073 
24.810 -418.070 -83.090 
24.759 -417.963 -83.111 
24.711 -417.866 -83.131 
24.666 -417.776 -83.150 
24.615 -417.676 -83.172 
24.585 -417.619 -83.184 
24.551 -417.554 -83.199 
24.502 -417.462 -83.219 
24.460 -417.385 -83.237 
24.413 -417.299 -83.257 
24.375 -417.230 -83.273 
24.337 -417.163 -83.289 
24.288 -417.079 -83.309 
24.247 -417.008 -83.326 
24.207 -416.941 -83.343 
24.158 -416.858 -83.364 
24.099 -416.760 -83.388 
24.015 -416.624 -83.424 
23.963 -416.541 -83.446 
23.917 -416.470 -83.465 
23.857 -416.377 -83.490 
23.823 -416.325 -83.505 
23.777 -416.255 -83.524 
23.735 -416.192 -83.542 
23.699 -416.140 -83.557 
23.636 -416.048 -83.584 
23.591 -415.984 -83.603 
23.521 -415.885 -83.633 
23.434 -415.765 -83.670 
23.389 -415.705 -83.689 
23.321 -415.615 -83.718 
23.256 -415.529 -83.746 
23.186 -415.439 -83.776 
23.137 -415.378 -83.797 
23.066 -415.290 -83.827 
23.002 -415.212 -83.854 
22.953 -415.152 -83.876 
22.873 -415.059 -83.910 
22.795 -414.968 -83.943 
22.723 -414.887 -83.974 
22.674 -414.833 -83.995 
22.621 -414.774 -84.017 
22.575 -414.724 -84.037 
22.489 -414.633 -84.073 
22.440 -414.581 -84.094 
22.338 -414.476 -84.138 
22.265 -414.402 -84.169 
22.215 -414.352 -84.190 
22.155 -414.293 -84.216 
22.083 -414.223 -84.247 
22.006 -414.149 -84.280 
21.943 -414.091 -84.307 
21.863 -414.017 -84.341 
21.772 -413.935 -84.380 
21.713 -413.883 -84.406 
21.635 -413.815 -84.439 
21.554 -413.746 -84.474 
21.482 -413.685 -84.504 
21.418 -413.631 -84.532 
21.343 -413.569 -84.564 
21.267 -413.509 -84.596 
21.206 -413.461 -84.622 
21.127 -413.400 -84.656 
21.067 -413.354 -84.682 
20.977 -413.287 -84.720 
20.914 -413.240 -84.747 
20.850 -413.194 -84.774 
20.780 -413.144 -84.804 
20.672 -413.069 -84.850 
20.580 -413.006 -84.889 
20.504 -412.955 -84.922 
20.395 -412.883 -84.968 
20.265 -412.800 -85.024 
20.162 -412.735 -85.068 
20.085 -412.688 -85.102 
20.002 -412.637 -85.138 
19.913 -412.585 -85.176 
19.814 -412.528 -85.219 
19.713 -412.471 -85.262 
19.640 -412.430 -85.293 
19.545 -412.379 -85.334 
19.488 -412.349 -85.358 
19.409 -412.307 -85.392 
19.364 -412.284 -85.411 
19.299 -412.251 -85.439 
19.210 -412.207 -85.477 
19.156 -412.180 -85.501 
19.082 -412.145 -85.533 
19.015 -412.113 -85.561 
18.916 -412.067 -85.604 
18.840 -412.032 -85.636 
18.745 -411.990 -85.677 
18.640 -411.943 -85.722 
18.557 -411.907 -85.757 
18.480 -411.874 -85.790 
18.370 -411.827 -85.838 
18.269 -411.786 -85.880 
18.171 -411.746 -85.922 
18.066 -411.705 -85.967 
17.933 -411.655 -86.023 
17.846 -411.623 -86.060 
17.766 -411.595 -86.094 
17.699 -411.571 -86.123 
17.618 -411.543 -86.157 
17.535 -411.515 -86.193 
17.451 -411.488 -86.228 
17.338 -411.452 -86.277 
17.233 -411.420 -86.321 
17.136 -411.391 -86.362 
17.047 -411.366 -86.400 
16.966 -411.343 -86.434 
16.842 -411.310 -86.487 
16.724 -411.279 -86.536 
16.595 -411.247 -86.591 
16.503 -411.226 -86.630 
16.371 -411.196 -86.686 
16.316 -411.185 -86.710 
16.214 -411.163 -86.753 
16.094 -411.140 -86.804 
15.992 -411.121 -86.848 
15.893 -411.103 -86.890 
15.820 -411.091 -86.921 
15.718 -411.074 -86.964 
15.583 -411.054 -87.021 
15.500 -411.043 -87.056 
15.376 -411.026 -87.108 
15.270 -411.013 -87.153 
15.155 -411.000 -87.201 
15.061 -410.990 -87.241 
14.986 -410.983 -87.272 
14.887 -410.974 -87.313 
14.794 -410.967 -87.352 
14.717 -410.961 -87.384 
14.635 -410.956 -87.418 
14.524 -410.950 -87.465 
14.449 -410.946 -87.496 
14.350 -410.942 -87.538 
14.227 -410.938 -87.589 
14.141 -410.936 -87.624 
14.065 -410.936 -87.656 
13.936 -410.935 -87.709 
13.820 -410.935 -87.757 
13.720 -410.937 -87.797 
13.638 -410.939 -87.832 
13.521 -410.942 -87.880 
13.427 -410.946 -87.918 
13.350 -410.948 -87.950 
13.255 -410.953 -87.989 
13.145 -410.958 -88.035 
13.059 -410.963 -88.070 
12.976 -410.968 -88.104 
12.912 -410.972 -88.130 
12.814 -410.979 -88.170 
12.750 -410.984 -88.196 
12.639 -410.993 -88.241 
12.537 -411.001 -88.283 
12.459 -411.008 -88.314 
12.357 -411.018 -88.356 
12.217 -411.032 -88.412 
12.093 -411.045 -88.462 
11.993 -411.056 -88.503 
11.875 -411.069 -88.550 
11.787 -411.080 -88.585 
11.672 -411.094 -88.631 
11.533 -411.112 -88.687 
11.458 -411.122 -88.716 
