26.389 -423.595 -82.405 
26.382 -423.521 -82.409 
26.368 -423.404 -82.416 
26.358 -423.311 -82.421 
26.343 -423.197 -82.429 
26.333 -423.122 -82.434 
26.322 -423.041 -82.439 
26.306 -422.928 -82.447 
26.291 -422.829 -82.454 
26.278 -422.746 -82.460 
26.265 -422.665 -82.466 
26.243 -422.536 -82.476 
26.229 -422.457 -82.482 
26.208 -422.340 -82.492 
26.177 -422.181 -82.506 
26.155 -422.069 -82.516 
26.127 -421.935 -82.528 
26.111 -421.862 -82.535 
26.084 -421.740 -82.547 
26.066 -421.659 -82.555 
26.045 -421.572 -82.565 
26.020 -421.467 -82.576 
25.989 -421.342 -82.589 
25.965 -421.248 -82.600 
25.934 -421.130 -82.614 
25.904 -421.021 -82.627 
25.885 -420.949 -82.635 
25.865 -420.878 -82.644 
25.840 -420.791 -82.655 
25.818 -420.717 -82.665 
25.799 -420.654 -82.673 
25.758 -420.519 -82.691 
25.714 -420.378 -82.710 
25.685 -420.288 -82.722 
25.656 -420.198 -82.735 
25.618 -420.085 -82.751 
25.588 -419.995 -82.763 
25.564 -419.923 -82.774 
25.534 -419.838 -82.786 
25.494 -419.727 -82.803 
25.448 -419.599 -82.822 
25.422 -419.530 -82.832 
25.394 -419.455 -82.844 
25.363 -419.374 -82.857 
25.319 -419.259 -82.875 
25.283 -419.169 -82.889 
25.253 -419.092 -82.902 
25.230 -419.036 -82.911 
25.192 -418.941 -82.927 
25.153 -418.846 -82.942 
25.112 -418.750 -82.959 
25.086 -418.688 -82.969 
25.052 -418.608 -82.983 
24.996 -418.479 -83.006 
24.959 -418.395 -83.020 
24.923 -418.315 -83.035 
24.906 -418.277 -83.041 
24.867 -418.191 -83.057 
24.834 -418.120 -83.071 
24.795 -418.036 -83.087 
24.751 -417.944 -83.104 
24.717 -417.874 -83.118 
24.679 -417.797 -83.133 
24.628 -417.695 -83.154 
24.574 -417.591 -83.175 
24.520 -417.488 -83.197 
24.466 -417.388 -83.219 
24.432 -417.326 -83.233 
24.393 -417.255 -83.249 
24.347 -417.172 -83.268 
24.300 -417.090 -83.287 
24.232 -416.973 -83.314 
24.168 -416.865 -83.340 
24.118 -416.781 -83.361 
24.066 -416.695 -83.382 
24.013 -416.610 -83.404 
23.952 -416.513 -83.429 
23.903 -416.436 -83.449 
23.838 -416.337 -83.475 
23.757 -416.215 -83.509 
23.713 -416.150 -83.526 
23.678 -416.099 -83.541 
23.653 -416.062 -83.551 
23.609 -415.999 -83.569 
23.553 -415.921 -83.591 
23.492 -415.835 -83.617 
23.420 -415.738 -83.646 
23.367 -415.667 -83.667 
23.299 -415.577 -83.695 
23.241 -415.502 -83.719 
23.172 -415.415 -83.747 
23.104 -415.330 -83.774 
23.035 -415.245 -83.803 
22.994 -415.195 -83.819 
22.935 -415.125 -83.843 
22.851 -415.026 -83.877 
22.778 -414.942 -83.907 
22.670 -414.821 -83.951 
22.600 -414.743 -83.980 
22.525 -414.662 -84.011 
22.474 -414.608 -84.032 
22.406 -414.537 -84.060 
22.333 -414.462 -84.091 
22.278 -414.406 -84.113 
22.222 -414.350 -84.137 
22.156 -414.285 -84.164 
22.072 -414.204 -84.198 
22.010 -414.144 -84.224 
21.934 -414.073 -84.256 
21.874 -414.017 -84.281 
21.823 -413.970 -84.302 
21.778 -413.930 -84.321 
21.710 -413.870 -84.349 
21.681 -413.844 -84.361 
21.603 -413.776 -84.394 
21.499 -413.688 -84.437 
21.411 -413.615 -84.474 
21.334 -413.552 -84.506 
21.254 -413.487 -84.539 
21.184 -413.432 -84.568 
21.134 -413.393 -84.589 
21.065 -413.340 -84.618 
20.965 -413.265 -84.659 
20.880 -413.202 -84.695 
20.792 -413.139 -84.731 
20.709 -413.079 -84.766 
20.612 -413.012 -84.806 
20.556 -412.973 -84.830 
20.448 -412.901 -84.875 
20.355 -412.840 -84.914 
20.260 -412.779 -84.953 
20.184 -412.730 -84.985 
20.109 -412.684 -85.016 
20.009 -412.623 -85.058 
19.914 -412.567 -85.098 
19.832 -412.519 -85.132 
19.786 -412.493 -85.151 
19.728 -412.459 -85.176 
19.630 -412.405 -85.217 
19.567 -412.371 -85.243 
19.491 -412.330 -85.274 
19.388 -412.276 -85.318 
19.299 -412.231 -85.355 
19.249 -412.206 -85.376 
19.168 -412.165 -85.410 
19.046 -412.106 -85.461 
18.942 -412.057 -85.504 
18.862 -412.021 -85.537 
18.767 -411.978 -85.577 
18.710 -411.953 -85.601 
18.629 -411.918 -85.634 
18.573 -411.894 -85.658 
18.464 -411.848 -85.703 
18.355 -411.803 -85.748 
18.222 -411.751 -85.803 
18.148 -411.722 -85.834 
18.088 -411.699 -85.859 
18.027 -411.676 -85.884 
17.983 -411.660 -85.902 
17.911 -411.634 -85.932 
17.788 -411.590 -85.982 
17.713 -411.564 -86.014 
17.642 -411.540 -86.043 
17.536 -411.505 -86.086 
17.463 -411.481 -86.117 
17.367 -411.450 -86.156 
17.298 -411.429 -86.185 
17.187 -411.395 -86.230 
17.075 -411.362 -86.276 
16.972 -411.333 -86.319 
16.890 -411.310 -86.353 
16.791 -411.284 -86.393 
16.712 -411.263 -86.426 
16.581 -411.231 -86.480 
16.497 -411.211 -86.514 
16.384 -411.185 -86.561 
16.291 -411.165 -86.599 
16.223 -411.150 -86.628 
16.113 -411.127 -86.673 
16.017 -411.109 -86.712 
15.909 -411.088 -86.757 
15.744 -411.060 -86.825 
15.620 -411.040 -86.876 
15.514 -411.024 -86.920 
15.395 -411.007 -86.969 
15.302 -410.995 -87.008 
15.230 -410.986 -87.037 
15.107 -410.973 -87.088 
14.986 -410.960 -87.138 
14.868 -410.949 -87.187 
14.778 -410.942 -87.224 
14.709 -410.936 -87.253 
14.601 -410.929 -87.297 
14.505 -410.923 -87.337 
14.410 -410.918 -87.377 
14.301 -410.913 -87.423 
14.176 -410.909 -87.474 
14.112 -410.907 -87.501 
14.004 -410.905 -87.546 
13.917 -410.904 -87.582 
13.803 -410.903 -87.629 
13.716 -410.904 -87.665 
13.643 -410.904 -87.696 
13.535 -410.907 -87.740 
13.422 -410.910 -87.787 
13.309 -410.913 -87.834 
13.206 -410.918 -87.877 
13.096 -410.923 -87.922 
12.996 -410.928 -87.964 
12.894 -410.934 -88.006 
12.823 -410.938 -88.035 
12.717 -410.945 -88.079 
12.627 -410.951 -88.116 
12.551 -410.957 -88.147 
12.456 -410.964 -88.186 
12.348 -410.973 -88.230 
12.248 -410.982 -88.271 
12.180 -410.988 -88.298 
12.062 -410.999 -88.346 
11.984 -411.007 -88.378 
11.893 -411.016 -88.415 
11.771 -411.030 -88.464 
11.650 -411.044 -88.513 
11.570 -411.053 -88.546 
11.407 -411.074 -88.611 
