24.700 -458.395 -70.112 
24.698 -458.261 -70.112 
24.696 -458.182 -70.113 
24.693 -458.079 -70.114 
24.691 -458.005 -70.115 
24.687 -457.909 -70.117 
24.681 -457.791 -70.120 
24.675 -457.675 -70.123 
24.671 -457.617 -70.124 
24.666 -457.545 -70.127 
24.658 -457.431 -70.130 
24.649 -457.322 -70.135 
24.638 -457.196 -70.140 
24.630 -457.122 -70.143 
24.617 -456.992 -70.149 
24.607 -456.904 -70.154 
24.596 -456.818 -70.159 
24.578 -456.676 -70.167 
24.570 -456.621 -70.170 
24.556 -456.517 -70.177 
24.544 -456.436 -70.182 
24.529 -456.345 -70.188 
24.517 -456.269 -70.194 
24.494 -456.132 -70.205 
24.473 -456.013 -70.214 
24.450 -455.892 -70.224 
24.427 -455.778 -70.235 
24.403 -455.659 -70.245 
24.379 -455.547 -70.256 
24.355 -455.440 -70.267 
24.334 -455.348 -70.276 
24.311 -455.250 -70.287 
24.284 -455.143 -70.298 
24.264 -455.061 -70.307 
24.250 -455.008 -70.313 
24.225 -454.914 -70.324 
24.202 -454.828 -70.334 
24.187 -454.775 -70.341 
24.164 -454.691 -70.351 
24.145 -454.625 -70.359 
24.113 -454.514 -70.374 
24.080 -454.405 -70.388 
24.043 -454.283 -70.404 
24.012 -454.187 -70.418 
23.997 -454.138 -70.424 
23.974 -454.067 -70.435 
23.946 -453.984 -70.447 
23.914 -453.892 -70.460 
23.877 -453.784 -70.476 
23.843 -453.689 -70.491 
23.788 -453.540 -70.514 
23.739 -453.411 -70.535 
23.695 -453.297 -70.554 
23.652 -453.191 -70.572 
23.620 -453.111 -70.586 
23.575 -453.003 -70.604 
23.538 -452.918 -70.620 
23.488 -452.803 -70.641 
23.442 -452.700 -70.660 
23.404 -452.617 -70.676 
23.373 -452.550 -70.690 
23.330 -452.459 -70.708 
23.299 -452.394 -70.721 
23.242 -452.277 -70.746 
23.199 -452.191 -70.764 
23.165 -452.123 -70.778 
23.116 -452.028 -70.799 
23.073 -451.947 -70.817 
23.025 -451.857 -70.837 
22.972 -451.758 -70.859 
22.917 -451.657 -70.882 
22.874 -451.581 -70.900 
22.819 -451.484 -70.923 
22.776 -451.409 -70.941 
22.730 -451.330 -70.960 
22.695 -451.271 -70.975 
22.647 -451.192 -70.995 
22.602 -451.117 -71.013 
22.565 -451.056 -71.029 
22.490 -450.935 -71.061 
22.430 -450.839 -71.086 
22.379 -450.758 -71.108 
22.321 -450.669 -71.132 
22.268 -450.589 -71.154 
22.211 -450.501 -71.178 
22.143 -450.401 -71.207 
22.065 -450.288 -71.239 
22.003 -450.199 -71.266 
21.961 -450.139 -71.283 
21.917 -450.078 -71.302 
21.862 -450.003 -71.325 
21.791 -449.906 -71.355 
21.738 -449.834 -71.377 
21.670 -449.745 -71.406 
21.584 -449.632 -71.443 
21.537 -449.572 -71.462 
21.456 -449.470 -71.497 
21.354 -449.343 -71.540 
21.302 -449.278 -71.562 
21.242 -449.206 -71.587 
21.165 -449.115 -71.620 
21.107 -449.047 -71.644 
21.022 -448.949 -71.679 
20.933 -448.848 -71.717 
20.885 -448.794 -71.737 
20.848 -448.754 -71.752 
20.791 -448.691 -71.776 
20.722 -448.615 -71.805 
20.621 -448.507 -71.847 
20.555 -448.437 -71.875 
20.486 -448.364 -71.904 
20.403 -448.279 -71.938 
20.351 -448.226 -71.960 
20.276 -448.150 -71.991 
20.172 -448.046 -72.035 
20.115 -447.990 -72.058 
20.037 -447.913 -72.091 
19.943 -447.823 -72.130 
19.856 -447.740 -72.166 
19.765 -447.655 -72.203 
19.673 -447.570 -72.241 
19.600 -447.504 -72.271 
19.533 -447.443 -72.299 
19.468 -447.385 -72.326 
19.379 -447.306 -72.362 
19.283 -447.223 -72.401 
19.214 -447.164 -72.430 
19.147 -447.107 -72.457 
19.074 -447.045 -72.487 
19.010 -446.992 -72.513 
18.949 -446.942 -72.537 
18.875 -446.881 -72.567 
18.812 -446.830 -72.593 
18.724 -446.760 -72.629 
18.626 -446.682 -72.668 
18.560 -446.630 -72.695 
18.498 -446.582 -72.720 
18.386 -446.497 -72.765 
18.306 -446.437 -72.797 
18.230 -446.381 -72.828 
18.131 -446.308 -72.868 
18.056 -446.253 -72.898 
17.969 -446.191 -72.933 
17.896 -446.138 -72.962 
17.791 -446.065 -73.004 
17.743 -446.031 -73.023 
17.684 -445.990 -73.046 
17.621 -445.947 -73.072 
17.567 -445.910 -73.093 
17.476 -445.848 -73.129 
17.402 -445.799 -73.158 
17.320 -445.745 -73.190 
17.248 -445.697 -73.219 
17.141 -445.627 -73.261 
17.062 -445.576 -73.291 
16.963 -445.514 -73.330 
16.902 -445.475 -73.354 
16.834 -445.433 -73.380 
16.746 -445.378 -73.414 
16.677 -445.336 -73.441 
16.571 -445.272 -73.482 
16.517 -445.239 -73.503 
16.445 -445.196 -73.530 
16.353 -445.141 -73.566 
16.225 -445.065 -73.615 
16.144 -445.018 -73.645 
16.091 -444.988 -73.665 
15.993 -444.932 -73.703 
15.865 -444.860 -73.751 
15.737 -444.789 -73.799 
15.660 -444.747 -73.827 
15.550 -444.686 -73.868 
15.458 -444.636 -73.902 
15.398 -444.604 -73.923 
15.328 -444.567 -73.949 
15.239 -444.519 -73.981 
15.185 -444.490 -74.001 
15.092 -444.442 -74.034 
15.003 -444.395 -74.066 
14.916 -444.350 -74.097 
14.828 -444.304 -74.129 
14.718 -444.248 -74.168 
14.630 -444.203 -74.199 
14.566 -444.170 -74.222 
14.481 -444.127 -74.252 
14.353 -444.063 -74.296 
14.308 -444.040 -74.312 
14.253 -444.013 -74.331 
14.150 -443.962 -74.366 
14.073 -443.924 -74.393 
