24.700 -458.406 -70.112 
24.699 -458.340 -70.112 
24.697 -458.230 -70.113 
24.695 -458.108 -70.114 
24.690 -457.971 -70.116 
24.686 -457.866 -70.118 
24.680 -457.736 -70.121 
24.674 -457.643 -70.124 
24.667 -457.529 -70.127 
24.657 -457.395 -70.132 
24.649 -457.292 -70.136 
24.640 -457.196 -70.140 
24.628 -457.068 -70.146 
24.616 -456.955 -70.152 
24.603 -456.836 -70.158 
24.589 -456.726 -70.164 
24.575 -456.619 -70.171 
24.560 -456.507 -70.178 
24.551 -456.445 -70.182 
24.531 -456.310 -70.192 
24.518 -456.232 -70.198 
24.505 -456.150 -70.204 
24.486 -456.039 -70.213 
24.472 -455.962 -70.219 
24.456 -455.874 -70.226 
24.444 -455.809 -70.232 
24.428 -455.729 -70.239 
24.406 -455.616 -70.249 
24.395 -455.563 -70.254 
24.368 -455.436 -70.266 
24.350 -455.356 -70.274 
24.318 -455.212 -70.289 
24.294 -455.112 -70.300 
24.267 -455.002 -70.312 
24.252 -454.940 -70.319 
24.223 -454.827 -70.332 
24.204 -454.757 -70.341 
24.175 -454.650 -70.354 
24.134 -454.501 -70.373 
24.117 -454.443 -70.380 
24.075 -454.301 -70.399 
24.054 -454.232 -70.408 
24.028 -454.147 -70.420 
24.002 -454.066 -70.432 
23.978 -453.989 -70.443 
23.939 -453.873 -70.460 
23.915 -453.801 -70.471 
23.878 -453.694 -70.487 
23.844 -453.597 -70.502 
23.789 -453.445 -70.527 
23.747 -453.333 -70.546 
23.701 -453.214 -70.566 
23.674 -453.144 -70.578 
23.637 -453.053 -70.594 
23.603 -452.968 -70.610 
23.577 -452.907 -70.621 
23.541 -452.821 -70.637 
23.489 -452.699 -70.661 
23.457 -452.627 -70.675 
23.418 -452.538 -70.692 
23.373 -452.440 -70.712 
23.326 -452.339 -70.733 
23.293 -452.270 -70.748 
23.253 -452.186 -70.765 
23.190 -452.058 -70.793 
23.143 -451.965 -70.814 
23.088 -451.856 -70.839 
23.025 -451.735 -70.867 
22.969 -451.630 -70.891 
22.918 -451.535 -70.914 
22.863 -451.435 -70.939 
22.815 -451.350 -70.960 
22.758 -451.250 -70.985 
22.686 -451.125 -71.017 
22.631 -451.033 -71.041 
22.584 -450.955 -71.062 
22.520 -450.851 -71.090 
22.460 -450.755 -71.117 
22.420 -450.692 -71.134 
22.356 -450.592 -71.163 
22.285 -450.483 -71.194 
22.215 -450.380 -71.225 
22.164 -450.304 -71.247 
22.118 -450.237 -71.267 
22.079 -450.181 -71.285 
22.031 -450.112 -71.306 
21.967 -450.022 -71.334 
21.900 -449.930 -71.363 
21.842 -449.851 -71.388 
21.794 -449.787 -71.409 
21.742 -449.717 -71.431 
21.666 -449.617 -71.464 
21.615 -449.551 -71.486 
21.566 -449.487 -71.507 
21.522 -449.431 -71.526 
21.470 -449.366 -71.548 
21.413 -449.296 -71.573 
21.350 -449.218 -71.600 
21.265 -449.115 -71.636 
21.195 -449.031 -71.666 
21.117 -448.939 -71.700 
21.038 -448.848 -71.733 
20.982 -448.784 -71.757 
20.905 -448.698 -71.790 
20.809 -448.592 -71.830 
20.742 -448.519 -71.858 
20.707 -448.481 -71.873 
20.657 -448.427 -71.894 
20.618 -448.386 -71.911 
20.538 -448.302 -71.944 
20.469 -448.230 -71.973 
20.426 -448.185 -71.991 
20.360 -448.119 -72.018 
20.290 -448.048 -72.047 
20.221 -447.979 -72.076 
20.151 -447.909 -72.105 
20.103 -447.863 -72.125 
20.020 -447.781 -72.159 
19.940 -447.705 -72.192 
19.875 -447.643 -72.219 
19.810 -447.581 -72.246 
19.752 -447.526 -72.270 
19.672 -447.452 -72.303 
19.607 -447.392 -72.329 
19.521 -447.313 -72.365 
19.448 -447.247 -72.395 
19.358 -447.167 -72.431 
19.280 -447.098 -72.463 
19.203 -447.031 -72.495 
19.136 -446.973 -72.522 
19.063 -446.910 -72.551 
18.991 -446.849 -72.581 
18.887 -446.762 -72.623 
18.790 -446.682 -72.662 
18.713 -446.620 -72.693 
18.627 -446.552 -72.728 
18.549 -446.490 -72.759 
18.464 -446.423 -72.793 
18.408 -446.380 -72.816 
18.346 -446.331 -72.840 
18.280 -446.281 -72.867 
18.235 -446.247 -72.885 
18.185 -446.209 -72.905 
18.132 -446.169 -72.926 
18.073 -446.125 -72.950 
18.013 -446.080 -72.974 
17.934 -446.023 -73.005 
17.838 -445.953 -73.044 
17.778 -445.911 -73.067 
17.703 -445.857 -73.097 
17.623 -445.802 -73.129 
17.511 -445.724 -73.173 
17.435 -445.673 -73.203 
17.372 -445.630 -73.228 
17.311 -445.589 -73.253 
17.274 -445.564 -73.267 
17.211 -445.522 -73.292 
17.126 -445.466 -73.326 
17.026 -445.401 -73.365 
16.943 -445.347 -73.398 
16.851 -445.289 -73.434 
16.803 -445.258 -73.453 
16.718 -445.205 -73.486 
16.634 -445.152 -73.519 
16.551 -445.101 -73.551 
16.497 -445.068 -73.572 
16.431 -445.027 -73.598 
16.321 -444.961 -73.641 
16.255 -444.921 -73.667 
16.191 -444.883 -73.692 
16.130 -444.847 -73.716 
16.026 -444.786 -73.756 
15.969 -444.753 -73.778 
15.877 -444.700 -73.814 
15.796 -444.654 -73.845 
15.718 -444.609 -73.875 
15.631 -444.559 -73.909 
15.573 -444.527 -73.931 
15.492 -444.481 -73.962 
15.412 -444.437 -73.992 
15.315 -444.382 -74.029 
15.224 -444.332 -74.064 
15.152 -444.292 -74.091 
15.093 -444.260 -74.113 
15.012 -444.215 -74.143 
14.960 -444.187 -74.163 
14.867 -444.137 -74.197 
14.804 -444.102 -74.221 
14.725 -444.060 -74.250 
14.663 -444.027 -74.272 
14.566 -443.975 -74.308 
14.469 -443.924 -74.343 
14.347 -443.860 -74.388 
14.258 -443.813 -74.420 
14.150 -443.757 -74.459 
14.071 -443.717 -74.487 
