24.700 -458.392 -70.112 
24.698 -458.285 -70.113 
24.696 -458.160 -70.114 
24.693 -458.062 -70.115 
24.690 -457.988 -70.116 
24.686 -457.896 -70.117 
24.681 -457.798 -70.119 
24.676 -457.709 -70.121 
24.670 -457.600 -70.123 
24.659 -457.450 -70.128 
24.654 -457.388 -70.130 
24.646 -457.291 -70.133 
24.639 -457.214 -70.136 
24.631 -457.134 -70.139 
24.623 -457.048 -70.143 
24.608 -456.918 -70.148 
24.594 -456.795 -70.154 
24.583 -456.711 -70.159 
24.568 -456.592 -70.166 
24.550 -456.467 -70.173 
24.541 -456.403 -70.177 
24.522 -456.279 -70.185 
24.511 -456.207 -70.190 
24.488 -456.071 -70.200 
24.471 -455.974 -70.207 
24.448 -455.850 -70.218 
24.430 -455.758 -70.225 
24.402 -455.618 -70.238 
24.382 -455.523 -70.246 
24.347 -455.363 -70.262 
24.328 -455.281 -70.270 
24.295 -455.140 -70.285 
24.274 -455.056 -70.294 
24.260 -454.998 -70.300 
24.235 -454.899 -70.311 
24.201 -454.772 -70.326 
24.178 -454.685 -70.336 
24.150 -454.584 -70.348 
24.135 -454.531 -70.355 
24.113 -454.455 -70.365 
24.080 -454.345 -70.379 
24.043 -454.222 -70.395 
24.011 -454.120 -70.409 
23.982 -454.030 -70.422 
23.939 -453.899 -70.440 
23.889 -453.755 -70.462 
23.858 -453.668 -70.475 
23.832 -453.596 -70.487 
23.812 -453.539 -70.496 
23.786 -453.468 -70.507 
23.747 -453.366 -70.524 
23.714 -453.282 -70.538 
23.676 -453.183 -70.555 
23.661 -453.147 -70.561 
23.603 -453.004 -70.587 
23.569 -452.923 -70.602 
23.520 -452.808 -70.623 
23.503 -452.768 -70.631 
23.468 -452.688 -70.647 
23.444 -452.633 -70.657 
23.409 -452.555 -70.673 
23.380 -452.493 -70.685 
23.342 -452.409 -70.703 
23.288 -452.295 -70.726 
23.250 -452.216 -70.743 
23.188 -452.089 -70.770 
23.148 -452.007 -70.788 
23.098 -451.909 -70.810 
23.051 -451.818 -70.831 
23.012 -451.744 -70.848 
22.965 -451.655 -70.869 
22.905 -451.543 -70.896 
22.859 -451.459 -70.916 
22.803 -451.359 -70.941 
22.751 -451.267 -70.963 
22.711 -451.197 -70.981 
22.640 -451.076 -71.012 
22.601 -451.010 -71.030 
22.540 -450.909 -71.057 
22.472 -450.800 -71.086 
22.422 -450.719 -71.108 
22.374 -450.644 -71.129 
22.299 -450.527 -71.163 
22.254 -450.458 -71.183 
22.211 -450.394 -71.202 
22.169 -450.331 -71.220 
22.132 -450.276 -71.237 
22.061 -450.174 -71.268 
21.987 -450.068 -71.301 
21.939 -450.001 -71.322 
21.883 -449.922 -71.347 
21.847 -449.873 -71.363 
21.785 -449.789 -71.390 
21.731 -449.716 -71.415 
21.667 -449.631 -71.443 
21.598 -449.540 -71.474 
21.513 -449.430 -71.512 
21.464 -449.368 -71.533 
21.406 -449.295 -71.559 
21.340 -449.212 -71.589 
21.289 -449.150 -71.612 
21.213 -449.057 -71.646 
21.172 -449.008 -71.664 
21.104 -448.928 -71.695 
21.045 -448.860 -71.721 
20.986 -448.792 -71.747 
20.921 -448.717 -71.777 
20.847 -448.635 -71.810 
20.796 -448.578 -71.833 
20.727 -448.503 -71.863 
20.658 -448.428 -71.894 
20.580 -448.345 -71.928 
20.528 -448.290 -71.951 
20.492 -448.252 -71.967 
20.458 -448.216 -71.982 
20.361 -448.116 -72.024 
20.286 -448.040 -72.057 
20.215 -447.968 -72.088 
20.168 -447.921 -72.109 
20.123 -447.876 -72.128 
20.062 -447.816 -72.155 
19.984 -447.741 -72.188 
19.904 -447.664 -72.223 
19.837 -447.601 -72.252 
19.800 -447.565 -72.268 
19.691 -447.464 -72.315 
19.612 -447.391 -72.349 
19.554 -447.338 -72.374 
19.445 -447.240 -72.421 
19.321 -447.129 -72.474 
19.265 -447.081 -72.498 
19.182 -447.009 -72.534 
19.094 -446.934 -72.571 
19.043 -446.891 -72.593 
18.977 -446.835 -72.621 
18.935 -446.801 -72.639 
18.872 -446.749 -72.665 
18.736 -446.639 -72.723 
18.684 -446.598 -72.745 
18.615 -446.543 -72.774 
18.531 -446.477 -72.809 
18.453 -446.417 -72.842 
18.397 -446.374 -72.866 
18.326 -446.320 -72.895 
18.215 -446.237 -72.941 
18.142 -446.184 -72.972 
18.087 -446.143 -72.994 
18.022 -446.096 -73.021 
17.959 -446.051 -73.047 
17.880 -445.995 -73.080 
17.805 -445.943 -73.111 
17.691 -445.863 -73.158 
17.615 -445.812 -73.189 
17.552 -445.770 -73.214 
17.484 -445.725 -73.242 
17.407 -445.674 -73.273 
17.343 -445.632 -73.299 
17.254 -445.574 -73.336 
17.184 -445.529 -73.364 
17.132 -445.496 -73.385 
17.047 -445.443 -73.419 
16.977 -445.399 -73.448 
16.867 -445.331 -73.492 
16.801 -445.291 -73.518 
16.656 -445.203 -73.576 
16.570 -445.151 -73.610 
16.448 -445.079 -73.659 
16.377 -445.039 -73.687 
16.268 -444.975 -73.730 
16.159 -444.913 -73.773 
16.066 -444.861 -73.810 
15.960 -444.801 -73.852 
15.869 -444.751 -73.888 
15.759 -444.691 -73.931 
15.669 -444.642 -73.966 
15.597 -444.604 -73.994 
15.498 -444.551 -74.033 
15.423 -444.511 -74.062 
15.321 -444.457 -74.101 
15.239 -444.415 -74.133 
15.117 -444.351 -74.179 
15.036 -444.310 -74.210 
14.942 -444.262 -74.246 
14.856 -444.218 -74.278 
14.772 -444.175 -74.310 
14.678 -444.128 -74.345 
14.599 -444.089 -74.375 
14.538 -444.059 -74.398 
14.422 -444.001 -74.441 
14.326 -443.954 -74.476 
14.238 -443.911 -74.508 
14.128 -443.858 -74.549 
14.026 -443.808 -74.586 
