21.500 -475.922 -70.112 
21.499 -475.789 -70.112 
21.497 -475.677 -70.113 
21.495 -475.601 -70.113 
21.492 -475.518 -70.114 
21.490 -475.449 -70.115 
21.487 -475.380 -70.116 
21.480 -475.224 -70.119 
21.474 -475.113 -70.122 
21.470 -475.039 -70.124 
21.465 -474.972 -70.126 
21.460 -474.891 -70.128 
21.451 -474.779 -70.132 
21.443 -474.678 -70.135 
21.438 -474.628 -70.137 
21.426 -474.495 -70.142 
21.420 -474.440 -70.145 
21.410 -474.342 -70.149 
21.392 -474.182 -70.157 
21.379 -474.076 -70.163 
21.364 -473.963 -70.169 
21.344 -473.818 -70.177 
21.326 -473.690 -70.185 
21.315 -473.623 -70.189 
21.303 -473.543 -70.194 
21.282 -473.414 -70.203 
21.266 -473.323 -70.209 
21.257 -473.271 -70.213 
21.244 -473.195 -70.219 
21.223 -473.083 -70.227 
21.209 -473.005 -70.233 
21.194 -472.928 -70.240 
21.171 -472.813 -70.249 
21.143 -472.679 -70.261 
21.118 -472.561 -70.272 
21.094 -472.449 -70.282 
21.064 -472.318 -70.295 
21.033 -472.186 -70.308 
21.012 -472.099 -70.317 
20.983 -471.986 -70.329 
20.955 -471.877 -70.341 
20.917 -471.737 -70.357 
20.886 -471.623 -70.370 
20.866 -471.553 -70.378 
20.836 -471.446 -70.391 
20.812 -471.365 -70.401 
20.784 -471.271 -70.412 
20.752 -471.164 -70.426 
20.725 -471.078 -70.437 
20.691 -470.971 -70.451 
20.655 -470.858 -70.466 
20.620 -470.754 -70.480 
20.595 -470.678 -70.491 
20.561 -470.578 -70.505 
20.538 -470.512 -70.514 
20.507 -470.425 -70.527 
20.470 -470.320 -70.542 
20.451 -470.267 -70.550 
20.404 -470.138 -70.569 
20.365 -470.033 -70.585 
20.349 -469.991 -70.592 
20.309 -469.886 -70.608 
20.274 -469.795 -70.622 
20.234 -469.695 -70.638 
20.185 -469.572 -70.658 
20.144 -469.473 -70.674 
20.116 -469.405 -70.686 
20.074 -469.305 -70.703 
20.029 -469.200 -70.721 
19.982 -469.093 -70.739 
19.948 -469.016 -70.753 
19.890 -468.886 -70.776 
19.844 -468.785 -70.794 
19.793 -468.676 -70.813 
19.752 -468.587 -70.830 
19.701 -468.479 -70.850 
19.650 -468.374 -70.870 
19.611 -468.295 -70.885 
19.567 -468.207 -70.901 
19.538 -468.149 -70.912 
19.500 -468.072 -70.927 
19.438 -467.951 -70.950 
19.383 -467.846 -70.971 
19.333 -467.751 -70.990 
19.304 -467.697 -71.000 
19.240 -467.576 -71.024 
19.174 -467.454 -71.049 
19.112 -467.342 -71.071 
19.062 -467.251 -71.090 
19.008 -467.155 -71.109 
18.955 -467.062 -71.129 
18.895 -466.958 -71.150 
18.854 -466.887 -71.165 
18.793 -466.781 -71.187 
18.735 -466.684 -71.208 
18.661 -466.558 -71.235 
18.593 -466.445 -71.259 
18.543 -466.363 -71.277 
18.497 -466.287 -71.294 
18.417 -466.157 -71.322 
18.367 -466.076 -71.340 
18.307 -465.980 -71.361 
18.231 -465.861 -71.387 
18.198 -465.809 -71.399 
18.146 -465.728 -71.417 
18.089 -465.640 -71.436 
18.047 -465.575 -71.451 
18.001 -465.503 -71.467 
17.965 -465.448 -71.479 
17.922 -465.383 -71.494 
17.877 -465.314 -71.509 
17.814 -465.219 -71.530 
17.768 -465.150 -71.546 
17.723 -465.082 -71.561 
17.688 -465.030 -71.572 
17.648 -464.969 -71.586 
17.581 -464.869 -71.608 
17.540 -464.809 -71.621 
17.476 -464.715 -71.642 
17.413 -464.622 -71.663 
17.349 -464.530 -71.684 
17.294 -464.450 -71.701 
17.253 -464.391 -71.715 
17.189 -464.300 -71.735 
17.147 -464.239 -71.749 
17.088 -464.156 -71.768 
17.034 -464.079 -71.785 
16.982 -464.006 -71.801 
16.932 -463.937 -71.817 
16.866 -463.845 -71.838 
16.790 -463.741 -71.861 
16.722 -463.648 -71.882 
16.648 -463.547 -71.905 
16.571 -463.443 -71.928 
16.470 -463.307 -71.958 
16.407 -463.224 -71.977 
16.345 -463.141 -71.995 
16.291 -463.071 -72.011 
16.245 -463.009 -72.024 
16.186 -462.933 -72.041 
16.110 -462.833 -72.063 
16.050 -462.755 -72.081 
15.982 -462.667 -72.100 
15.923 -462.591 -72.117 
15.875 -462.529 -72.131 
15.828 -462.470 -72.144 
15.745 -462.364 -72.168 
15.663 -462.262 -72.191 
15.597 -462.178 -72.210 
15.515 -462.076 -72.232 
15.438 -461.980 -72.254 
15.378 -461.907 -72.270 
15.321 -461.836 -72.286 
15.268 -461.771 -72.301 
15.186 -461.670 -72.323 
15.118 -461.587 -72.341 
15.051 -461.506 -72.359 
14.942 -461.375 -72.387 
14.890 -461.311 -72.401 
14.846 -461.259 -72.412 
14.756 -461.151 -72.435 
14.694 -461.077 -72.451 
14.612 -460.981 -72.471 
14.537 -460.893 -72.490 
14.477 -460.822 -72.505 
14.411 -460.746 -72.521 
14.340 -460.664 -72.538 
14.252 -460.562 -72.560 
14.182 -460.482 -72.577 
