24.700 -458.410 -70.112 
24.699 -458.314 -70.112 
24.697 -458.207 -70.113 
24.693 -458.078 -70.114 
24.689 -457.960 -70.116 
24.684 -457.839 -70.118 
24.677 -457.690 -70.121 
24.672 -457.606 -70.123 
24.666 -457.508 -70.126 
24.659 -457.407 -70.129 
24.651 -457.312 -70.132 
24.639 -457.170 -70.137 
24.631 -457.080 -70.140 
24.622 -457.000 -70.143 
24.614 -456.918 -70.147 
24.605 -456.838 -70.151 
24.594 -456.751 -70.155 
24.576 -456.610 -70.163 
24.561 -456.497 -70.169 
24.544 -456.379 -70.177 
24.523 -456.248 -70.185 
24.504 -456.126 -70.193 
24.485 -456.016 -70.201 
24.462 -455.890 -70.211 
24.443 -455.787 -70.219 
24.424 -455.687 -70.227 
24.399 -455.565 -70.237 
24.378 -455.464 -70.246 
24.353 -455.351 -70.256 
24.333 -455.261 -70.265 
24.313 -455.173 -70.273 
24.297 -455.106 -70.280 
24.273 -455.007 -70.290 
24.248 -454.908 -70.301 
24.225 -454.816 -70.311 
24.190 -454.686 -70.325 
24.151 -454.544 -70.341 
24.111 -454.406 -70.358 
24.081 -454.305 -70.370 
24.052 -454.210 -70.382 
24.023 -454.117 -70.394 
23.984 -453.992 -70.410 
23.962 -453.926 -70.419 
23.927 -453.821 -70.434 
23.890 -453.714 -70.449 
23.836 -453.561 -70.471 
23.775 -453.396 -70.496 
23.738 -453.298 -70.511 
23.698 -453.195 -70.528 
23.640 -453.051 -70.552 
23.612 -452.982 -70.563 
23.568 -452.875 -70.582 
23.532 -452.792 -70.596 
23.490 -452.694 -70.614 
23.454 -452.614 -70.628 
23.422 -452.542 -70.642 
23.384 -452.460 -70.657 
23.357 -452.400 -70.669 
23.304 -452.289 -70.691 
23.272 -452.223 -70.704 
23.206 -452.087 -70.731 
23.163 -452.002 -70.749 
23.130 -451.938 -70.762 
23.094 -451.868 -70.777 
23.063 -451.808 -70.790 
23.032 -451.750 -70.802 
23.002 -451.692 -70.815 
22.969 -451.632 -70.828 
22.907 -451.517 -70.853 
22.848 -451.411 -70.877 
22.806 -451.336 -70.895 
22.765 -451.263 -70.912 
22.715 -451.177 -70.932 
22.685 -451.126 -70.945 
22.657 -451.079 -70.956 
22.612 -451.003 -70.975 
22.529 -450.867 -71.009 
22.478 -450.784 -71.030 
22.441 -450.726 -71.045 
22.409 -450.674 -71.059 
22.356 -450.591 -71.081 
22.300 -450.504 -71.104 
22.256 -450.437 -71.123 
22.213 -450.373 -71.140 
22.155 -450.287 -71.164 
22.110 -450.221 -71.183 
22.055 -450.141 -71.206 
22.011 -450.078 -71.224 
21.960 -450.007 -71.245 
21.906 -449.932 -71.268 
21.833 -449.831 -71.299 
21.772 -449.749 -71.324 
21.720 -449.679 -71.346 
21.663 -449.604 -71.369 
21.614 -449.540 -71.390 
21.547 -449.454 -71.417 
21.485 -449.374 -71.443 
21.427 -449.301 -71.467 
21.382 -449.245 -71.485 
21.308 -449.155 -71.516 
21.235 -449.066 -71.545 
21.165 -448.981 -71.574 
21.106 -448.912 -71.597 
21.055 -448.851 -71.618 
20.974 -448.757 -71.651 
20.909 -448.682 -71.678 
20.850 -448.615 -71.702 
20.785 -448.543 -71.728 
20.712 -448.462 -71.758 
20.630 -448.373 -71.792 
20.560 -448.298 -71.820 
20.515 -448.250 -71.839 
20.423 -448.153 -71.876 
20.361 -448.089 -71.901 
20.291 -448.017 -71.930 
20.221 -447.946 -71.958 
20.153 -447.878 -71.985 
20.084 -447.809 -72.013 
20.004 -447.731 -72.045 
19.930 -447.660 -72.075 
19.853 -447.587 -72.106 
19.777 -447.515 -72.137 
19.703 -447.447 -72.166 
19.594 -447.347 -72.210 
19.502 -447.263 -72.247 
19.437 -447.205 -72.273 
19.372 -447.148 -72.299 
19.292 -447.078 -72.331 
19.187 -446.988 -72.373 
19.107 -446.920 -72.404 
19.006 -446.835 -72.444 
18.926 -446.769 -72.476 
18.874 -446.726 -72.497 
18.818 -446.681 -72.519 
18.739 -446.617 -72.551 
18.683 -446.573 -72.573 
18.592 -446.502 -72.610 
18.542 -446.463 -72.630 
18.458 -446.398 -72.663 
18.382 -446.339 -72.694 
18.295 -446.273 -72.728 
18.208 -446.208 -72.763 
18.118 -446.141 -72.799 
18.052 -446.093 -72.825 
17.991 -446.048 -72.849 
17.931 -446.005 -72.873 
17.891 -445.976 -72.889 
17.802 -445.913 -72.924 
17.725 -445.859 -72.955 
17.639 -445.799 -72.989 
17.578 -445.757 -73.013 
17.462 -445.677 -73.058 
17.373 -445.618 -73.092 
17.313 -445.577 -73.116 
17.225 -445.519 -73.150 
17.143 -445.465 -73.182 
17.073 -445.420 -73.210 
16.993 -445.368 -73.240 
16.891 -445.304 -73.280 
16.819 -445.258 -73.307 
16.759 -445.221 -73.330 
16.686 -445.176 -73.357 
16.595 -445.120 -73.392 
16.531 -445.081 -73.416 
16.442 -445.028 -73.450 
16.332 -444.962 -73.492 
16.235 -444.905 -73.529 
16.144 -444.851 -73.563 
16.025 -444.783 -73.608 
15.959 -444.745 -73.634 
15.885 -444.703 -73.662 
15.762 -444.635 -73.708 
15.679 -444.589 -73.740 
15.622 -444.558 -73.761 
15.517 -444.501 -73.800 
15.450 -444.464 -73.826 
15.356 -444.413 -73.861 
15.267 -444.366 -73.894 
15.167 -444.312 -73.931 
15.104 -444.279 -73.954 
15.035 -444.243 -73.980 
14.958 -444.202 -74.008 
14.869 -444.156 -74.041 
14.755 -444.097 -74.083 
14.675 -444.056 -74.112 
14.568 -444.001 -74.151 
14.511 -443.973 -74.171 
14.404 -443.919 -74.210 
14.335 -443.884 -74.235 
14.262 -443.847 -74.261 
14.185 -443.809 -74.288 
14.121 -443.777 -74.311 
