24.700 -458.403 -70.112 
24.698 -458.274 -70.112 
24.696 -458.183 -70.113 
24.693 -458.057 -70.114 
24.690 -457.966 -70.115 
24.686 -457.881 -70.116 
24.680 -457.763 -70.118 
24.672 -457.629 -70.121 
24.664 -457.510 -70.124 
24.657 -457.413 -70.127 
24.647 -457.296 -70.130 
24.637 -457.186 -70.134 
24.629 -457.104 -70.137 
24.615 -456.966 -70.143 
24.604 -456.872 -70.148 
24.586 -456.729 -70.155 
24.572 -456.622 -70.161 
24.553 -456.490 -70.169 
24.541 -456.409 -70.174 
24.520 -456.276 -70.183 
24.506 -456.197 -70.188 
24.488 -456.090 -70.196 
24.469 -455.988 -70.203 
24.443 -455.853 -70.214 
24.427 -455.769 -70.221 
24.406 -455.666 -70.230 
24.390 -455.593 -70.236 
24.367 -455.487 -70.245 
24.347 -455.399 -70.254 
24.323 -455.295 -70.264 
24.296 -455.177 -70.275 
24.262 -455.041 -70.289 
24.235 -454.932 -70.301 
24.202 -454.808 -70.315 
24.178 -454.720 -70.325 
24.160 -454.654 -70.333 
24.127 -454.536 -70.347 
24.103 -454.453 -70.357 
24.073 -454.354 -70.369 
24.040 -454.243 -70.383 
24.009 -454.144 -70.397 
23.972 -454.031 -70.412 
23.941 -453.934 -70.425 
23.911 -453.847 -70.437 
23.866 -453.717 -70.456 
23.825 -453.600 -70.474 
23.796 -453.522 -70.486 
23.742 -453.375 -70.509 
23.709 -453.290 -70.522 
23.674 -453.199 -70.537 
23.634 -453.100 -70.554 
23.591 -452.994 -70.572 
23.549 -452.892 -70.590 
23.493 -452.761 -70.613 
23.459 -452.684 -70.628 
23.416 -452.587 -70.646 
23.372 -452.492 -70.664 
23.318 -452.375 -70.687 
23.269 -452.272 -70.707 
23.232 -452.195 -70.722 
23.176 -452.082 -70.745 
23.141 -452.012 -70.760 
23.090 -451.913 -70.781 
23.046 -451.827 -70.799 
23.019 -451.775 -70.810 
22.978 -451.698 -70.827 
22.942 -451.630 -70.842 
22.881 -451.519 -70.868 
22.822 -451.413 -70.892 
22.773 -451.326 -70.912 
22.720 -451.235 -70.934 
22.667 -451.146 -70.956 
22.614 -451.056 -70.978 
22.547 -450.947 -71.006 
22.505 -450.880 -71.023 
22.447 -450.788 -71.047 
22.390 -450.698 -71.071 
22.318 -450.588 -71.100 
22.294 -450.551 -71.110 
22.238 -450.467 -71.134 
22.164 -450.359 -71.164 
22.139 -450.321 -71.175 
22.056 -450.204 -71.209 
21.983 -450.101 -71.239 
21.920 -450.015 -71.265 
21.880 -449.960 -71.281 
21.826 -449.888 -71.303 
21.771 -449.814 -71.326 
21.709 -449.733 -71.351 
21.648 -449.653 -71.376 
21.593 -449.581 -71.399 
21.498 -449.462 -71.437 
21.451 -449.402 -71.457 
21.404 -449.344 -71.476 
21.306 -449.225 -71.516 
21.248 -449.155 -71.540 
21.197 -449.093 -71.561 
21.130 -449.015 -71.589 
21.069 -448.944 -71.614 
20.997 -448.861 -71.644 
20.912 -448.766 -71.679 
20.801 -448.643 -71.725 
20.740 -448.576 -71.750 
20.682 -448.513 -71.774 
20.623 -448.450 -71.799 
20.554 -448.377 -71.828 
20.464 -448.284 -71.865 
20.384 -448.201 -71.899 
20.327 -448.143 -71.923 
20.240 -448.055 -71.959 
20.173 -447.989 -71.987 
20.110 -447.926 -72.013 
19.999 -447.818 -72.059 
19.945 -447.766 -72.081 
19.870 -447.694 -72.113 
19.814 -447.642 -72.136 
19.759 -447.590 -72.159 
19.708 -447.542 -72.180 
19.638 -447.478 -72.209 
19.594 -447.437 -72.227 
19.534 -447.383 -72.252 
19.457 -447.315 -72.284 
19.370 -447.238 -72.320 
19.261 -447.144 -72.364 
19.198 -447.090 -72.390 
19.125 -447.028 -72.421 
19.027 -446.946 -72.461 
18.969 -446.899 -72.484 
18.872 -446.820 -72.524 
18.774 -446.740 -72.564 
18.711 -446.691 -72.590 
18.643 -446.637 -72.618 
18.575 -446.583 -72.646 
18.477 -446.508 -72.685 
18.426 -446.469 -72.706 
18.351 -446.411 -72.737 
18.277 -446.356 -72.767 
18.221 -446.314 -72.790 
18.118 -446.238 -72.832 
18.005 -446.156 -72.878 
17.957 -446.122 -72.897 
17.913 -446.090 -72.916 
17.835 -446.035 -72.947 
17.783 -445.999 -72.968 
17.705 -445.945 -73.000 
17.623 -445.888 -73.033 
17.528 -445.824 -73.072 
17.437 -445.763 -73.108 
17.336 -445.695 -73.149 
17.273 -445.654 -73.175 
17.157 -445.580 -73.221 
17.053 -445.514 -73.262 
16.996 -445.478 -73.285 
16.927 -445.434 -73.312 
16.823 -445.370 -73.353 
16.712 -445.302 -73.397 
16.612 -445.241 -73.436 
16.524 -445.189 -73.471 
16.463 -445.153 -73.495 
16.368 -445.097 -73.532 
16.287 -445.049 -73.564 
16.231 -445.016 -73.585 
16.156 -444.973 -73.615 
16.046 -444.910 -73.657 
15.915 -444.835 -73.707 
15.836 -444.791 -73.737 
15.774 -444.756 -73.761 
15.675 -444.702 -73.799 
15.600 -444.660 -73.828 
15.538 -444.627 -73.851 
15.460 -444.584 -73.881 
15.409 -444.556 -73.901 
15.337 -444.517 -73.928 
15.252 -444.471 -73.960 
15.162 -444.423 -73.994 
15.097 -444.388 -74.019 
15.014 -444.344 -74.051 
14.918 -444.294 -74.087 
14.812 -444.239 -74.127 
14.689 -444.175 -74.173 
14.612 -444.136 -74.201 
14.506 -444.082 -74.241 
14.433 -444.044 -74.268 
14.351 -444.002 -74.298 
14.290 -443.972 -74.321 
14.209 -443.931 -74.350 
14.138 -443.896 -74.376 
14.059 -443.857 -74.405 
