21.500 -475.886 -70.112 
21.499 -475.830 -70.112 
21.498 -475.761 -70.112 
21.496 -475.635 -70.113 
21.495 -475.582 -70.114 
21.491 -475.454 -70.115 
21.488 -475.386 -70.116 
21.483 -475.283 -70.118 
21.474 -475.112 -70.122 
21.466 -474.988 -70.125 
21.462 -474.924 -70.127 
21.451 -474.780 -70.131 
21.441 -474.665 -70.135 
21.430 -474.546 -70.140 
21.418 -474.426 -70.145 
21.410 -474.351 -70.148 
21.396 -474.223 -70.153 
21.375 -474.051 -70.162 
21.359 -473.932 -70.167 
21.343 -473.817 -70.174 
21.326 -473.698 -70.181 
21.305 -473.567 -70.188 
21.288 -473.456 -70.195 
21.273 -473.365 -70.201 
21.253 -473.250 -70.209 
21.237 -473.160 -70.215 
21.221 -473.072 -70.222 
21.199 -472.957 -70.230 
21.176 -472.841 -70.240 
21.161 -472.766 -70.246 
21.132 -472.631 -70.257 
21.112 -472.540 -70.265 
21.090 -472.440 -70.274 
21.066 -472.337 -70.283 
21.042 -472.239 -70.292 
21.010 -472.108 -70.305 
20.976 -471.971 -70.318 
20.943 -471.847 -70.331 
20.922 -471.768 -70.339 
20.892 -471.661 -70.350 
20.860 -471.547 -70.363 
20.841 -471.480 -70.371 
20.815 -471.391 -70.381 
20.788 -471.301 -70.391 
20.747 -471.169 -70.407 
20.708 -471.045 -70.422 
20.677 -470.950 -70.434 
20.650 -470.866 -70.444 
20.618 -470.771 -70.456 
20.586 -470.675 -70.469 
20.556 -470.588 -70.480 
20.530 -470.515 -70.490 
20.501 -470.432 -70.501 
20.447 -470.284 -70.522 
20.418 -470.203 -70.533 
20.381 -470.105 -70.548 
20.345 -470.008 -70.562 
20.303 -469.901 -70.578 
20.257 -469.786 -70.595 
20.227 -469.709 -70.607 
20.190 -469.620 -70.621 
20.139 -469.496 -70.641 
20.109 -469.423 -70.653 
20.053 -469.292 -70.674 
20.015 -469.204 -70.689 
19.996 -469.159 -70.697 
19.964 -469.088 -70.709 
19.916 -468.980 -70.727 
19.870 -468.878 -70.745 
19.820 -468.768 -70.764 
19.787 -468.696 -70.777 
19.752 -468.622 -70.790 
19.689 -468.488 -70.815 
19.655 -468.417 -70.828 
19.609 -468.323 -70.845 
19.572 -468.247 -70.859 
19.536 -468.173 -70.873 
19.494 -468.089 -70.889 
19.459 -468.020 -70.902 
19.423 -467.950 -70.915 
19.389 -467.883 -70.928 
19.344 -467.797 -70.945 
19.302 -467.717 -70.961 
19.250 -467.618 -70.981 
19.207 -467.539 -70.996 
19.158 -467.447 -71.015 
19.101 -467.342 -71.036 
19.057 -467.263 -71.052 
19.007 -467.172 -71.071 
18.978 -467.120 -71.082 
18.924 -467.024 -71.102 
18.863 -466.917 -71.125 
18.824 -466.850 -71.139 
18.785 -466.781 -71.154 
18.739 -466.703 -71.170 
18.706 -466.646 -71.183 
18.664 -466.575 -71.198 
18.605 -466.474 -71.220 
18.583 -466.438 -71.228 
18.529 -466.347 -71.248 
18.451 -466.218 -71.277 
18.392 -466.122 -71.298 
18.324 -466.012 -71.323 
18.284 -465.946 -71.337 
18.234 -465.865 -71.355 
18.160 -465.747 -71.381 
18.114 -465.674 -71.398 
18.032 -465.543 -71.427 
17.989 -465.475 -71.442 
17.936 -465.391 -71.461 
17.895 -465.328 -71.475 
17.821 -465.214 -71.501 
17.777 -465.145 -71.516 
17.730 -465.073 -71.532 
17.679 -464.996 -71.550 
17.642 -464.939 -71.563 
17.587 -464.856 -71.582 
17.548 -464.796 -71.595 
17.496 -464.718 -71.613 
17.450 -464.650 -71.629 
17.381 -464.547 -71.652 
17.331 -464.472 -71.669 
17.259 -464.365 -71.694 
17.194 -464.270 -71.716 
17.119 -464.161 -71.741 
17.066 -464.084 -71.759 
17.005 -463.996 -71.780 
16.942 -463.905 -71.801 
16.884 -463.822 -71.820 
16.831 -463.747 -71.837 
16.783 -463.678 -71.853 
16.701 -463.562 -71.880 
16.626 -463.456 -71.905 
16.546 -463.344 -71.931 
16.497 -463.277 -71.946 
16.426 -463.178 -71.970 
16.356 -463.081 -71.992 
16.296 -463.000 -72.011 
16.256 -462.944 -72.024 
16.203 -462.872 -72.041 
16.115 -462.753 -72.068 
16.026 -462.633 -72.096 
15.975 -462.566 -72.112 
15.920 -462.493 -72.129 
15.860 -462.413 -72.147 
15.784 -462.312 -72.171 
15.737 -462.250 -72.185 
15.685 -462.183 -72.200 
15.636 -462.118 -72.215 
15.569 -462.032 -72.235 
15.500 -461.942 -72.256 
15.430 -461.852 -72.276 
15.371 -461.776 -72.294 
15.310 -461.700 -72.311 
15.238 -461.608 -72.332 
15.173 -461.525 -72.351 
15.115 -461.452 -72.368 
15.066 -461.389 -72.383 
15.017 -461.327 -72.397 
14.943 -461.235 -72.417 
14.859 -461.130 -72.441 
14.785 -461.039 -72.461 
14.731 -460.972 -72.476 
14.662 -460.887 -72.495 
14.580 -460.788 -72.517 
14.511 -460.704 -72.536 
14.444 -460.621 -72.554 
14.381 -460.545 -72.571 
14.318 -460.470 -72.587 
14.257 -460.396 -72.603 
14.187 -460.312 -72.621 
14.126 -460.240 -72.637 
