24.699 -458.356 -70.112 
24.697 -458.220 -70.113 
24.695 -458.123 -70.114 
24.692 -458.008 -70.115 
24.687 -457.894 -70.117 
24.683 -457.805 -70.119 
24.679 -457.730 -70.121 
24.674 -457.630 -70.124 
24.667 -457.522 -70.127 
24.660 -457.428 -70.130 
24.644 -457.235 -70.138 
24.638 -457.170 -70.141 
24.622 -457.010 -70.148 
24.613 -456.929 -70.152 
24.598 -456.800 -70.159 
24.585 -456.697 -70.164 
24.570 -456.587 -70.171 
24.548 -456.435 -70.180 
24.529 -456.312 -70.188 
24.517 -456.242 -70.193 
24.502 -456.153 -70.200 
24.483 -456.043 -70.208 
24.461 -455.925 -70.217 
24.436 -455.795 -70.228 
24.423 -455.726 -70.234 
24.406 -455.646 -70.241 
24.391 -455.576 -70.247 
24.364 -455.451 -70.258 
24.338 -455.332 -70.270 
24.318 -455.248 -70.278 
24.295 -455.154 -70.288 
24.273 -455.061 -70.298 
24.250 -454.970 -70.307 
24.230 -454.894 -70.315 
24.209 -454.816 -70.324 
24.173 -454.683 -70.339 
24.138 -454.559 -70.354 
24.111 -454.463 -70.365 
24.083 -454.371 -70.376 
24.055 -454.279 -70.388 
24.012 -454.140 -70.405 
23.985 -454.056 -70.416 
23.953 -453.958 -70.429 
23.921 -453.862 -70.442 
23.881 -453.746 -70.458 
23.841 -453.634 -70.475 
23.810 -453.546 -70.488 
23.763 -453.420 -70.507 
23.735 -453.346 -70.519 
23.709 -453.280 -70.529 
23.673 -453.188 -70.544 
23.631 -453.085 -70.561 
23.588 -452.982 -70.579 
23.555 -452.903 -70.592 
23.525 -452.832 -70.605 
23.466 -452.699 -70.629 
23.427 -452.614 -70.644 
23.378 -452.507 -70.665 
23.331 -452.407 -70.684 
23.288 -452.316 -70.702 
23.254 -452.246 -70.716 
23.200 -452.137 -70.738 
23.155 -452.048 -70.756 
23.105 -451.951 -70.777 
23.044 -451.834 -70.802 
23.002 -451.754 -70.819 
22.958 -451.673 -70.837 
22.902 -451.571 -70.860 
22.839 -451.458 -70.886 
22.776 -451.348 -70.912 
22.740 -451.285 -70.927 
22.686 -451.194 -70.949 
22.623 -451.090 -70.975 
22.566 -450.996 -70.999 
22.502 -450.894 -71.026 
22.464 -450.834 -71.042 
22.407 -450.745 -71.065 
22.351 -450.660 -71.089 
22.311 -450.598 -71.105 
22.255 -450.515 -71.129 
22.207 -450.444 -71.149 
22.166 -450.384 -71.166 
22.099 -450.288 -71.194 
22.040 -450.205 -71.218 
21.970 -450.107 -71.247 
21.935 -450.059 -71.262 
21.872 -449.973 -71.288 
21.775 -449.844 -71.328 
21.715 -449.765 -71.353 
21.666 -449.702 -71.373 
21.587 -449.601 -71.405 
21.519 -449.515 -71.433 
21.453 -449.434 -71.460 
21.381 -449.345 -71.490 
21.320 -449.272 -71.515 
21.257 -449.196 -71.541 
21.185 -449.112 -71.571 
21.105 -449.020 -71.603 
21.033 -448.938 -71.633 
20.976 -448.873 -71.657 
20.928 -448.820 -71.676 
20.862 -448.748 -71.703 
20.818 -448.699 -71.721 
20.767 -448.644 -71.742 
20.685 -448.558 -71.775 
20.636 -448.506 -71.796 
20.598 -448.466 -71.811 
20.543 -448.409 -71.833 
20.486 -448.351 -71.857 
20.376 -448.239 -71.901 
20.273 -448.134 -71.942 
20.186 -448.049 -71.977 
20.119 -447.983 -72.004 
20.057 -447.923 -72.028 
20.001 -447.869 -72.050 
19.934 -447.805 -72.077 
19.866 -447.742 -72.103 
19.824 -447.703 -72.120 
19.743 -447.628 -72.152 
19.649 -447.542 -72.189 
19.608 -447.505 -72.205 
19.503 -447.412 -72.246 
19.431 -447.348 -72.274 
19.381 -447.304 -72.294 
19.324 -447.255 -72.316 
19.248 -447.190 -72.346 
19.176 -447.128 -72.374 
19.076 -447.044 -72.412 
18.999 -446.979 -72.442 
18.928 -446.921 -72.469 
18.877 -446.879 -72.489 
18.754 -446.781 -72.536 
18.652 -446.700 -72.575 
18.618 -446.674 -72.588 
18.543 -446.616 -72.616 
18.468 -446.558 -72.645 
18.385 -446.496 -72.677 
18.309 -446.438 -72.706 
18.228 -446.379 -72.737 
18.169 -446.335 -72.759 
18.084 -446.273 -72.792 
18.007 -446.217 -72.821 
17.922 -446.156 -72.854 
17.821 -446.085 -72.892 
17.749 -446.036 -72.919 
17.696 -445.999 -72.939 
17.627 -445.953 -72.966 
17.570 -445.914 -72.987 
17.459 -445.840 -73.029 
17.342 -445.763 -73.074 
17.243 -445.699 -73.112 
17.167 -445.651 -73.141 
17.050 -445.577 -73.186 
16.969 -445.527 -73.217 
16.877 -445.470 -73.252 
16.786 -445.414 -73.286 
16.701 -445.363 -73.319 
16.580 -445.291 -73.365 
16.479 -445.231 -73.404 
16.380 -445.174 -73.441 
16.297 -445.125 -73.473 
16.191 -445.064 -73.513 
16.092 -445.008 -73.550 
16.008 -444.961 -73.581 
15.958 -444.933 -73.600 
15.862 -444.880 -73.636 
15.759 -444.823 -73.674 
15.642 -444.759 -73.718 
15.499 -444.681 -73.771 
15.399 -444.627 -73.807 
15.309 -444.580 -73.840 
15.240 -444.544 -73.865 
15.152 -444.497 -73.897 
15.064 -444.451 -73.929 
14.978 -444.407 -73.960 
14.893 -444.363 -73.990 
14.795 -444.313 -74.025 
14.722 -444.275 -74.051 
14.609 -444.218 -74.091 
14.542 -444.184 -74.115 
14.474 -444.150 -74.139 
14.396 -444.111 -74.167 
14.270 -444.048 -74.211 
14.197 -444.012 -74.236 
14.115 -443.971 -74.265 
