24.700 -458.387 -70.112 
24.697 -458.230 -70.113 
24.694 -458.103 -70.115 
24.690 -457.978 -70.117 
24.686 -457.881 -70.118 
24.681 -457.768 -70.121 
24.678 -457.714 -70.122 
24.672 -457.625 -70.124 
24.664 -457.510 -70.127 
24.657 -457.415 -70.130 
24.647 -457.285 -70.134 
24.638 -457.185 -70.138 
24.626 -457.071 -70.142 
24.619 -457.005 -70.144 
24.609 -456.909 -70.148 
24.600 -456.837 -70.152 
24.589 -456.745 -70.156 
24.578 -456.661 -70.160 
24.564 -456.553 -70.166 
24.552 -456.473 -70.170 
24.538 -456.374 -70.176 
24.516 -456.231 -70.185 
24.498 -456.121 -70.192 
24.484 -456.042 -70.198 
24.465 -455.937 -70.205 
24.455 -455.881 -70.209 
24.439 -455.795 -70.216 
24.417 -455.681 -70.225 
24.402 -455.607 -70.231 
24.377 -455.493 -70.241 
24.349 -455.366 -70.252 
24.329 -455.276 -70.260 
24.307 -455.183 -70.269 
24.277 -455.061 -70.281 
24.251 -454.958 -70.291 
24.217 -454.828 -70.304 
24.195 -454.746 -70.313 
24.160 -454.620 -70.327 
24.139 -454.549 -70.335 
24.111 -454.451 -70.346 
24.086 -454.365 -70.356 
24.065 -454.299 -70.364 
24.050 -454.248 -70.371 
24.016 -454.141 -70.384 
23.991 -454.063 -70.394 
23.952 -453.945 -70.410 
23.910 -453.821 -70.427 
23.868 -453.699 -70.444 
23.826 -453.585 -70.460 
23.786 -453.477 -70.476 
23.751 -453.383 -70.491 
23.718 -453.297 -70.504 
23.696 -453.241 -70.513 
23.656 -453.141 -70.529 
23.615 -453.040 -70.546 
23.587 -452.973 -70.557 
23.532 -452.843 -70.579 
23.503 -452.776 -70.590 
23.472 -452.705 -70.603 
23.447 -452.648 -70.613 
23.407 -452.560 -70.629 
23.356 -452.449 -70.649 
23.297 -452.324 -70.672 
23.248 -452.222 -70.691 
23.208 -452.139 -70.708 
23.168 -452.060 -70.723 
23.121 -451.966 -70.742 
23.062 -451.851 -70.765 
23.006 -451.745 -70.788 
22.921 -451.587 -70.822 
22.852 -451.461 -70.850 
22.800 -451.369 -70.870 
22.762 -451.302 -70.885 
22.726 -451.239 -70.900 
22.690 -451.177 -70.914 
22.656 -451.119 -70.927 
22.610 -451.043 -70.945 
22.532 -450.914 -70.977 
22.481 -450.831 -70.997 
22.423 -450.740 -71.020 
22.358 -450.637 -71.046 
22.306 -450.557 -71.067 
22.270 -450.502 -71.082 
22.226 -450.435 -71.099 
22.166 -450.346 -71.123 
22.109 -450.263 -71.146 
22.047 -450.173 -71.171 
21.984 -450.083 -71.197 
21.951 -450.037 -71.211 
21.895 -449.959 -71.233 
21.807 -449.838 -71.269 
21.750 -449.762 -71.292 
21.686 -449.677 -71.317 
21.623 -449.593 -71.343 
21.548 -449.497 -71.373 
21.474 -449.402 -71.403 
21.424 -449.338 -71.423 
21.370 -449.270 -71.445 
21.316 -449.205 -71.467 
21.259 -449.134 -71.490 
21.189 -449.051 -71.518 
21.086 -448.929 -71.559 
20.999 -448.827 -71.595 
20.950 -448.771 -71.614 
20.898 -448.712 -71.635 
20.831 -448.637 -71.662 
20.765 -448.564 -71.689 
20.670 -448.462 -71.727 
20.591 -448.377 -71.759 
20.536 -448.319 -71.782 
20.439 -448.218 -71.821 
20.377 -448.154 -71.846 
20.321 -448.097 -71.868 
20.247 -448.022 -71.898 
20.144 -447.920 -71.939 
20.071 -447.847 -71.969 
19.987 -447.765 -72.003 
19.928 -447.709 -72.026 
19.890 -447.672 -72.042 
19.828 -447.613 -72.066 
19.755 -447.544 -72.096 
19.684 -447.478 -72.124 
19.621 -447.420 -72.149 
19.567 -447.371 -72.171 
19.504 -447.313 -72.196 
19.445 -447.261 -72.220 
19.366 -447.190 -72.251 
19.295 -447.128 -72.280 
19.227 -447.068 -72.307 
19.145 -446.998 -72.340 
19.049 -446.916 -72.378 
18.961 -446.842 -72.413 
18.892 -446.784 -72.440 
18.816 -446.722 -72.471 
18.726 -446.648 -72.507 
18.660 -446.596 -72.533 
18.591 -446.540 -72.560 
18.535 -446.496 -72.582 
18.443 -446.424 -72.619 
18.344 -446.346 -72.658 
18.248 -446.273 -72.696 
18.187 -446.226 -72.721 
18.128 -446.182 -72.744 
18.038 -446.114 -72.779 
17.977 -446.069 -72.803 
17.870 -445.990 -72.846 
17.797 -445.937 -72.875 
17.663 -445.842 -72.927 
17.577 -445.781 -72.961 
17.519 -445.740 -72.984 
17.447 -445.690 -73.012 
17.337 -445.615 -73.055 
17.236 -445.547 -73.095 
17.114 -445.466 -73.143 
17.041 -445.418 -73.172 
16.945 -445.355 -73.210 
16.862 -445.302 -73.242 
16.784 -445.252 -73.273 
16.716 -445.209 -73.300 
16.638 -445.160 -73.331 
16.514 -445.083 -73.380 
16.459 -445.049 -73.401 
16.369 -444.995 -73.436 
16.293 -444.948 -73.466 
16.236 -444.914 -73.488 
16.150 -444.863 -73.522 
16.027 -444.791 -73.570 
15.964 -444.754 -73.595 
15.866 -444.698 -73.633 
15.776 -444.647 -73.667 
15.690 -444.599 -73.701 
15.624 -444.562 -73.726 
15.539 -444.514 -73.759 
15.459 -444.470 -73.790 
15.381 -444.427 -73.820 
15.306 -444.386 -73.848 
15.230 -444.344 -73.877 
15.170 -444.311 -73.900 
15.108 -444.277 -73.923 
15.039 -444.240 -73.950 
14.956 -444.195 -73.981 
14.884 -444.156 -74.009 
14.814 -444.119 -74.035 
14.740 -444.079 -74.063 
14.651 -444.032 -74.096 
14.564 -443.986 -74.129 
14.482 -443.943 -74.159 
14.421 -443.911 -74.182 
14.327 -443.862 -74.216 
14.197 -443.795 -74.264 
14.092 -443.742 -74.302 
