21.500 -475.903 -70.112 
21.499 -475.786 -70.112 
21.497 -475.674 -70.113 
21.495 -475.595 -70.113 
21.493 -475.539 -70.114 
21.489 -475.423 -70.115 
21.484 -475.307 -70.117 
21.478 -475.180 -70.119 
21.471 -475.077 -70.121 
21.464 -474.967 -70.124 
21.453 -474.826 -70.128 
21.446 -474.744 -70.130 
21.437 -474.642 -70.134 
21.430 -474.565 -70.136 
21.421 -474.484 -70.140 
21.409 -474.371 -70.144 
21.395 -474.248 -70.150 
21.383 -474.149 -70.155 
21.365 -474.007 -70.162 
21.354 -473.929 -70.167 
21.340 -473.835 -70.172 
21.324 -473.724 -70.178 
21.308 -473.623 -70.185 
21.289 -473.510 -70.192 
21.279 -473.449 -70.196 
21.268 -473.383 -70.200 
21.249 -473.280 -70.207 
21.232 -473.185 -70.214 
21.217 -473.107 -70.220 
21.200 -473.021 -70.226 
21.187 -472.956 -70.231 
21.173 -472.888 -70.236 
21.162 -472.832 -70.241 
21.139 -472.724 -70.250 
21.114 -472.615 -70.259 
21.084 -472.482 -70.270 
21.069 -472.418 -70.276 
21.041 -472.303 -70.287 
21.011 -472.183 -70.298 
20.978 -472.056 -70.311 
20.939 -471.912 -70.326 
20.908 -471.798 -70.338 
20.881 -471.701 -70.349 
20.855 -471.612 -70.358 
20.818 -471.485 -70.373 
20.788 -471.385 -70.384 
20.748 -471.254 -70.399 
20.729 -471.195 -70.406 
20.706 -471.121 -70.416 
20.670 -471.012 -70.429 
20.636 -470.908 -70.442 
20.617 -470.852 -70.449 
20.578 -470.737 -70.464 
20.549 -470.655 -70.475 
20.497 -470.506 -70.495 
20.454 -470.389 -70.511 
20.418 -470.291 -70.525 
20.384 -470.200 -70.538 
20.345 -470.098 -70.552 
20.303 -469.992 -70.568 
20.258 -469.879 -70.585 
20.229 -469.805 -70.596 
20.197 -469.726 -70.608 
20.151 -469.616 -70.626 
20.110 -469.519 -70.642 
20.053 -469.385 -70.663 
20.012 -469.290 -70.679 
19.965 -469.184 -70.698 
19.936 -469.120 -70.708 
19.878 -468.991 -70.731 
19.842 -468.911 -70.745 
19.787 -468.793 -70.766 
19.752 -468.717 -70.780 
19.697 -468.601 -70.801 
19.659 -468.520 -70.816 
19.602 -468.402 -70.839 
19.568 -468.333 -70.852 
19.523 -468.240 -70.870 
19.492 -468.179 -70.882 
19.442 -468.079 -70.902 
19.377 -467.950 -70.927 
19.328 -467.855 -70.947 
19.281 -467.766 -70.965 
19.226 -467.661 -70.986 
19.178 -467.569 -71.005 
19.115 -467.452 -71.029 
19.074 -467.375 -71.045 
19.021 -467.278 -71.065 
18.998 -467.234 -71.075 
18.952 -467.151 -71.092 
18.906 -467.069 -71.110 
18.863 -466.991 -71.127 
18.812 -466.901 -71.146 
18.770 -466.828 -71.162 
18.723 -466.746 -71.181 
18.642 -466.608 -71.212 
18.592 -466.523 -71.231 
18.555 -466.460 -71.245 
18.507 -466.379 -71.264 
18.448 -466.281 -71.286 
18.380 -466.170 -71.311 
18.295 -466.032 -71.343 
18.253 -465.964 -71.359 
18.200 -465.880 -71.378 
18.157 -465.810 -71.394 
18.124 -465.759 -71.406 
18.076 -465.683 -71.424 
18.039 -465.624 -71.438 
17.998 -465.560 -71.453 
17.962 -465.504 -71.466 
17.920 -465.438 -71.481 
17.855 -465.337 -71.505 
17.805 -465.261 -71.522 
17.730 -465.145 -71.549 
17.694 -465.091 -71.562 
17.657 -465.035 -71.575 
17.611 -464.965 -71.591 
17.574 -464.910 -71.604 
17.527 -464.839 -71.620 
17.437 -464.705 -71.652 
17.387 -464.631 -71.669 
17.331 -464.549 -71.688 
17.284 -464.480 -71.704 
17.204 -464.364 -71.731 
17.127 -464.253 -71.757 
17.040 -464.129 -71.786 
16.984 -464.048 -71.805 
16.901 -463.932 -71.833 
16.842 -463.849 -71.852 
16.799 -463.789 -71.866 
16.747 -463.717 -71.883 
16.692 -463.641 -71.901 
16.636 -463.564 -71.918 
16.572 -463.477 -71.939 
16.499 -463.377 -71.962 
16.427 -463.281 -71.984 
16.345 -463.171 -72.010 
16.280 -463.084 -72.030 
16.236 -463.026 -72.044 
16.172 -462.942 -72.064 
16.106 -462.856 -72.084 
16.051 -462.783 -72.101 
15.966 -462.674 -72.126 
15.903 -462.591 -72.145 
15.817 -462.481 -72.171 
15.768 -462.419 -72.185 
15.726 -462.365 -72.198 
15.654 -462.273 -72.219 
15.570 -462.166 -72.243 
15.513 -462.094 -72.260 
15.432 -461.993 -72.284 
15.360 -461.903 -72.304 
15.311 -461.841 -72.319 
15.243 -461.756 -72.338 
15.179 -461.677 -72.357 
15.122 -461.607 -72.373 
15.031 -461.496 -72.399 
14.967 -461.418 -72.417 
14.920 -461.362 -72.430 
14.865 -461.296 -72.445 
14.799 -461.216 -72.464 
14.745 -461.151 -72.479 
14.695 -461.091 -72.493 
14.644 -461.032 -72.507 
14.578 -460.953 -72.525 
14.491 -460.851 -72.548 
14.401 -460.745 -72.572 
14.338 -460.673 -72.589 
14.255 -460.578 -72.611 
14.207 -460.522 -72.623 
14.147 -460.454 -72.639 
