21.500 -475.916 -70.112 
21.499 -475.809 -70.112 
21.498 -475.736 -70.113 
21.496 -475.630 -70.114 
21.492 -475.507 -70.115 
21.488 -475.407 -70.117 
21.484 -475.295 -70.119 
21.479 -475.207 -70.120 
21.474 -475.112 -70.122 
21.469 -475.042 -70.124 
21.462 -474.942 -70.127 
21.455 -474.845 -70.130 
21.448 -474.759 -70.132 
21.437 -474.645 -70.136 
21.429 -474.565 -70.139 
21.417 -474.446 -70.144 
21.404 -474.329 -70.149 
21.387 -474.192 -70.156 
21.372 -474.071 -70.162 
21.362 -473.997 -70.166 
21.347 -473.891 -70.172 
21.331 -473.782 -70.179 
21.313 -473.669 -70.186 
21.295 -473.560 -70.193 
21.274 -473.435 -70.201 
21.247 -473.282 -70.212 
21.231 -473.196 -70.219 
21.210 -473.085 -70.227 
21.189 -472.983 -70.235 
21.170 -472.886 -70.244 
21.151 -472.796 -70.251 
21.136 -472.727 -70.257 
21.111 -472.614 -70.268 
21.087 -472.511 -70.277 
21.068 -472.428 -70.285 
21.036 -472.296 -70.298 
21.011 -472.198 -70.307 
20.980 -472.075 -70.320 
20.951 -471.968 -70.331 
20.921 -471.858 -70.343 
20.889 -471.744 -70.355 
20.869 -471.676 -70.363 
20.836 -471.562 -70.376 
20.810 -471.475 -70.387 
20.778 -471.371 -70.399 
20.756 -471.299 -70.408 
20.723 -471.196 -70.421 
20.695 -471.109 -70.432 
20.656 -470.991 -70.447 
20.627 -470.905 -70.459 
20.569 -470.733 -70.483 
20.533 -470.631 -70.497 
20.504 -470.549 -70.509 
20.487 -470.503 -70.516 
20.461 -470.432 -70.527 
20.432 -470.354 -70.538 
20.389 -470.238 -70.556 
20.339 -470.109 -70.576 
20.290 -469.983 -70.596 
20.262 -469.912 -70.607 
20.239 -469.856 -70.616 
20.207 -469.775 -70.629 
20.163 -469.667 -70.646 
20.132 -469.594 -70.658 
20.092 -469.497 -70.674 
20.057 -469.416 -70.688 
20.007 -469.301 -70.707 
19.990 -469.261 -70.714 
19.942 -469.153 -70.732 
19.906 -469.071 -70.746 
19.877 -469.008 -70.757 
19.836 -468.918 -70.773 
19.785 -468.806 -70.792 
19.743 -468.716 -70.809 
19.696 -468.617 -70.827 
19.667 -468.556 -70.838 
19.595 -468.405 -70.865 
19.566 -468.344 -70.877 
19.525 -468.260 -70.892 
19.470 -468.148 -70.913 
19.430 -468.069 -70.928 
19.392 -467.992 -70.943 
19.358 -467.925 -70.956 
19.336 -467.881 -70.964 
19.286 -467.786 -70.983 
19.230 -467.678 -71.004 
19.188 -467.598 -71.020 
19.152 -467.530 -71.034 
19.087 -467.407 -71.058 
19.022 -467.286 -71.083 
18.947 -467.148 -71.111 
18.901 -467.065 -71.129 
18.857 -466.985 -71.146 
18.822 -466.923 -71.159 
18.763 -466.818 -71.181 
18.700 -466.710 -71.205 
18.638 -466.602 -71.228 
18.582 -466.506 -71.249 
18.550 -466.452 -71.261 
18.484 -466.339 -71.286 
18.417 -466.227 -71.311 
18.372 -466.152 -71.327 
18.338 -466.096 -71.339 
18.291 -466.018 -71.356 
18.229 -465.915 -71.379 
18.197 -465.864 -71.390 
18.142 -465.775 -71.410 
18.079 -465.673 -71.433 
18.037 -465.606 -71.448 
17.976 -465.507 -71.470 
17.909 -465.402 -71.494 
17.855 -465.316 -71.513 
17.803 -465.235 -71.531 
17.751 -465.154 -71.550 
17.698 -465.072 -71.568 
17.640 -464.981 -71.589 
17.586 -464.900 -71.608 
17.546 -464.838 -71.622 
17.491 -464.755 -71.640 
17.447 -464.689 -71.656 
17.396 -464.612 -71.673 
17.334 -464.520 -71.694 
17.289 -464.452 -71.710 
17.217 -464.347 -71.734 
17.148 -464.245 -71.757 
17.097 -464.172 -71.774 
17.056 -464.111 -71.787 
17.020 -464.060 -71.799 
16.961 -463.974 -71.818 
16.898 -463.883 -71.838 
16.842 -463.803 -71.856 
16.780 -463.714 -71.876 
16.708 -463.613 -71.899 
16.661 -463.546 -71.914 
16.602 -463.464 -71.932 
16.563 -463.408 -71.944 
16.491 -463.309 -71.967 
16.435 -463.232 -71.984 
16.377 -463.152 -72.002 
16.285 -463.026 -72.030 
16.228 -462.949 -72.048 
16.166 -462.865 -72.067 
16.087 -462.758 -72.091 
16.043 -462.699 -72.105 
15.998 -462.639 -72.118 
15.939 -462.560 -72.136 
15.901 -462.510 -72.148 
15.821 -462.404 -72.172 
15.751 -462.312 -72.192 
15.699 -462.243 -72.208 
15.636 -462.161 -72.226 
15.575 -462.082 -72.244 
15.491 -461.973 -72.268 
15.414 -461.875 -72.289 
15.331 -461.768 -72.313 
15.295 -461.723 -72.323 
15.237 -461.649 -72.339 
15.176 -461.572 -72.356 
15.119 -461.501 -72.371 
15.057 -461.424 -72.388 
14.971 -461.316 -72.411 
14.919 -461.251 -72.425 
14.852 -461.168 -72.443 
14.765 -461.062 -72.466 
14.700 -460.982 -72.483 
14.640 -460.910 -72.499 
14.577 -460.834 -72.515 
14.515 -460.759 -72.532 
14.447 -460.677 -72.549 
14.390 -460.609 -72.564 
14.320 -460.526 -72.582 
14.269 -460.465 -72.596 
14.203 -460.387 -72.613 
14.164 -460.340 -72.623 
