26.394 -423.640 -82.403 
26.382 -423.521 -82.409 
26.370 -423.419 -82.415 
26.357 -423.301 -82.422 
26.349 -423.238 -82.426 
26.337 -423.145 -82.431 
26.324 -423.054 -82.437 
26.312 -422.965 -82.443 
26.297 -422.865 -82.451 
26.281 -422.761 -82.458 
26.261 -422.638 -82.468 
26.241 -422.516 -82.477 
26.226 -422.429 -82.485 
26.210 -422.340 -82.492 
26.193 -422.252 -82.500 
26.178 -422.172 -82.508 
26.162 -422.093 -82.515 
26.149 -422.027 -82.522 
26.127 -421.922 -82.532 
26.099 -421.793 -82.545 
26.074 -421.684 -82.557 
26.048 -421.575 -82.569 
26.022 -421.466 -82.582 
25.994 -421.352 -82.595 
25.974 -421.276 -82.604 
25.952 -421.190 -82.614 
25.928 -421.102 -82.625 
25.902 -421.004 -82.637 
25.875 -420.907 -82.649 
25.847 -420.806 -82.662 
25.811 -420.682 -82.679 
25.789 -420.608 -82.689 
25.756 -420.499 -82.703 
25.724 -420.395 -82.718 
25.693 -420.297 -82.731 
25.667 -420.218 -82.743 
25.625 -420.088 -82.762 
25.592 -419.988 -82.776 
25.560 -419.894 -82.790 
25.516 -419.767 -82.810 
25.492 -419.700 -82.820 
25.459 -419.609 -82.834 
25.440 -419.559 -82.842 
25.404 -419.463 -82.858 
25.379 -419.397 -82.869 
25.337 -419.286 -82.888 
25.290 -419.165 -82.908 
25.256 -419.080 -82.923 
25.229 -419.012 -82.935 
25.190 -418.917 -82.952 
25.156 -418.835 -82.966 
25.135 -418.785 -82.975 
25.106 -418.715 -82.988 
25.086 -418.668 -82.997 
25.046 -418.576 -83.014 
25.008 -418.487 -83.031 
24.980 -418.423 -83.043 
24.939 -418.332 -83.060 
24.899 -418.243 -83.078 
24.861 -418.161 -83.094 
24.826 -418.086 -83.109 
24.780 -417.989 -83.129 
24.731 -417.888 -83.150 
24.689 -417.802 -83.168 
24.640 -417.703 -83.189 
24.578 -417.583 -83.216 
24.543 -417.516 -83.231 
24.500 -417.436 -83.249 
24.458 -417.357 -83.267 
24.423 -417.292 -83.283 
24.352 -417.164 -83.313 
24.306 -417.084 -83.332 
24.264 -417.009 -83.350 
24.198 -416.895 -83.378 
24.162 -416.835 -83.393 
24.101 -416.731 -83.420 
24.033 -416.619 -83.448 
23.976 -416.528 -83.472 
23.918 -416.435 -83.497 
23.876 -416.369 -83.515 
23.833 -416.303 -83.533 
23.774 -416.212 -83.558 
23.710 -416.117 -83.584 
23.645 -416.022 -83.612 
23.599 -415.955 -83.631 
23.551 -415.888 -83.651 
23.482 -415.791 -83.681 
23.414 -415.699 -83.709 
23.336 -415.594 -83.742 
23.280 -415.521 -83.766 
23.230 -415.456 -83.787 
23.145 -415.347 -83.823 
23.049 -415.228 -83.864 
22.960 -415.120 -83.902 
22.906 -415.055 -83.926 
22.815 -414.950 -83.964 
22.752 -414.877 -83.991 
22.669 -414.784 -84.027 
22.596 -414.704 -84.059 
22.529 -414.632 -84.087 
22.455 -414.553 -84.119 
22.364 -414.459 -84.158 
22.312 -414.405 -84.181 
22.249 -414.342 -84.208 
22.143 -414.238 -84.253 
22.081 -414.177 -84.280 
22.003 -414.103 -84.314 
21.930 -414.035 -84.345 
21.892 -414.000 -84.361 
21.791 -413.909 -84.404 
21.727 -413.852 -84.431 
21.640 -413.775 -84.468 
21.554 -413.702 -84.505 
21.484 -413.643 -84.534 
21.433 -413.600 -84.557 
21.356 -413.537 -84.589 
21.270 -413.468 -84.626 
21.227 -413.433 -84.644 
21.168 -413.388 -84.669 
21.065 -413.308 -84.713 
20.994 -413.255 -84.743 
20.925 -413.204 -84.772 
20.852 -413.150 -84.803 
20.778 -413.098 -84.834 
20.698 -413.041 -84.868 
20.631 -412.995 -84.896 
20.528 -412.925 -84.939 
20.425 -412.856 -84.983 
20.326 -412.792 -85.024 
20.205 -412.715 -85.075 
20.117 -412.661 -85.112 
20.032 -412.610 -85.147 
19.922 -412.544 -85.194 
19.843 -412.499 -85.227 
19.758 -412.450 -85.262 
19.649 -412.391 -85.308 
19.551 -412.338 -85.349 
19.447 -412.282 -85.394 
19.339 -412.227 -85.440 
19.237 -412.176 -85.483 
19.136 -412.127 -85.526 
19.034 -412.078 -85.569 
18.968 -412.048 -85.597 
18.880 -412.008 -85.634 
18.803 -411.974 -85.667 
18.726 -411.940 -85.699 
18.610 -411.891 -85.748 
18.515 -411.851 -85.788 
18.436 -411.819 -85.822 
18.316 -411.772 -85.873 
18.242 -411.744 -85.904 
18.127 -411.701 -85.953 
18.065 -411.678 -85.980 
17.967 -411.643 -86.021 
17.840 -411.599 -86.075 
17.745 -411.567 -86.115 
17.607 -411.522 -86.173 
17.532 -411.498 -86.205 
17.458 -411.476 -86.236 
17.368 -411.449 -86.274 
17.301 -411.430 -86.302 
17.204 -411.402 -86.342 
17.148 -411.387 -86.366 
17.085 -411.370 -86.392 
16.984 -411.344 -86.434 
16.852 -411.311 -86.489 
16.725 -411.281 -86.542 
16.653 -411.264 -86.572 
16.520 -411.235 -86.628 
16.451 -411.220 -86.657 
16.338 -411.198 -86.704 
16.252 -411.181 -86.740 
16.176 -411.166 -86.772 
16.097 -411.152 -86.804 
16.008 -411.137 -86.841 
15.890 -411.117 -86.890 
15.838 -411.109 -86.911 
15.690 -411.087 -86.973 
15.633 -411.079 -86.997 
15.531 -411.065 -87.039 
15.411 -411.050 -87.089 
15.311 -411.039 -87.131 
15.211 -411.028 -87.173 
15.104 -411.018 -87.218 
14.993 -411.008 -87.264 
14.838 -410.997 -87.329 
14.764 -410.992 -87.360 
14.652 -410.986 -87.407 
14.556 -410.981 -87.447 
14.475 -410.978 -87.481 
14.431 -410.976 -87.499 
14.319 -410.973 -87.546 
14.240 -410.972 -87.579 
14.115 -410.971 -87.632 
14.033 -410.970 -87.667 
13.936 -410.971 -87.708 
13.803 -410.973 -87.765 
13.719 -410.975 -87.800 
13.663 -410.977 -87.824 
13.574 -410.980 -87.861 
13.471 -410.985 -87.905 
13.373 -410.991 -87.946 
13.282 -410.996 -87.984 
13.182 -411.002 -88.026 
13.118 -411.007 -88.053 
13.017 -411.015 -88.096 
12.945 -411.020 -88.126 
12.872 -411.026 -88.156 
12.743 -411.037 -88.210 
12.636 -411.048 -88.255 
12.558 -411.055 -88.287 
12.486 -411.063 -88.317 
12.369 -411.075 -88.365 
12.261 -411.087 -88.410 
12.101 -411.106 -88.476 
12.019 -411.117 -88.510 
11.913 -411.131 -88.554 
11.778 -411.149 -88.609 
11.670 -411.164 -88.653 
11.604 -411.174 -88.680 
11.521 -411.186 -88.714 
