24.700 -458.427 -70.112 
24.699 -458.329 -70.112 
24.698 -458.233 -70.113 
24.696 -458.142 -70.114 
24.692 -458.027 -70.115 
24.688 -457.899 -70.117 
24.685 -457.835 -70.119 
24.680 -457.742 -70.121 
24.672 -457.601 -70.125 
24.668 -457.546 -70.127 
24.662 -457.459 -70.130 
24.655 -457.371 -70.133 
24.648 -457.278 -70.136 
24.641 -457.203 -70.140 
24.632 -457.114 -70.143 
24.621 -457.001 -70.149 
24.611 -456.911 -70.153 
24.598 -456.799 -70.159 
24.583 -456.682 -70.166 
24.566 -456.551 -70.174 
24.556 -456.482 -70.179 
24.543 -456.389 -70.185 
24.530 -456.306 -70.191 
24.509 -456.176 -70.200 
24.485 -456.033 -70.210 
24.466 -455.932 -70.218 
24.447 -455.828 -70.227 
24.431 -455.745 -70.234 
24.414 -455.660 -70.241 
24.387 -455.527 -70.253 
24.359 -455.401 -70.265 
24.320 -455.227 -70.283 
24.289 -455.095 -70.296 
24.273 -455.033 -70.303 
24.259 -454.974 -70.309 
24.236 -454.883 -70.319 
24.206 -454.768 -70.332 
24.180 -454.674 -70.343 
24.149 -454.560 -70.357 
24.126 -454.479 -70.367 
24.099 -454.387 -70.378 
24.062 -454.262 -70.394 
24.029 -454.155 -70.409 
24.003 -454.073 -70.420 
23.959 -453.938 -70.439 
23.929 -453.847 -70.452 
23.896 -453.750 -70.467 
23.866 -453.663 -70.480 
23.824 -453.545 -70.498 
23.780 -453.427 -70.516 
23.741 -453.323 -70.533 
23.716 -453.258 -70.543 
23.676 -453.155 -70.560 
23.617 -453.009 -70.586 
23.585 -452.929 -70.599 
23.542 -452.828 -70.618 
23.492 -452.712 -70.639 
23.440 -452.593 -70.662 
23.404 -452.512 -70.677 
23.348 -452.390 -70.702 
23.313 -452.316 -70.717 
23.266 -452.218 -70.737 
23.229 -452.140 -70.753 
23.183 -452.048 -70.773 
23.123 -451.927 -70.800 
23.077 -451.838 -70.820 
23.054 -451.793 -70.830 
23.003 -451.696 -70.852 
22.933 -451.566 -70.882 
22.865 -451.442 -70.911 
22.823 -451.368 -70.929 
22.787 -451.303 -70.945 
22.757 -451.252 -70.957 
22.727 -451.199 -70.971 
22.674 -451.109 -70.993 
22.609 -450.999 -71.021 
22.539 -450.885 -71.051 
22.471 -450.775 -71.080 
22.412 -450.682 -71.106 
22.361 -450.604 -71.127 
22.286 -450.490 -71.159 
22.245 -450.427 -71.177 
22.181 -450.332 -71.204 
22.110 -450.229 -71.235 
22.044 -450.135 -71.263 
21.999 -450.071 -71.282 
21.945 -449.996 -71.305 
21.860 -449.881 -71.341 
21.797 -449.795 -71.368 
21.742 -449.723 -71.391 
21.677 -449.638 -71.419 
21.609 -449.550 -71.447 
21.566 -449.495 -71.466 
21.496 -449.407 -71.496 
21.450 -449.349 -71.516 
21.383 -449.267 -71.544 
21.286 -449.149 -71.586 
21.239 -449.092 -71.606 
21.166 -449.006 -71.637 
21.137 -448.972 -71.650 
21.080 -448.906 -71.675 
21.006 -448.821 -71.707 
20.943 -448.750 -71.734 
20.878 -448.678 -71.762 
20.816 -448.610 -71.789 
20.713 -448.498 -71.833 
20.640 -448.419 -71.865 
20.566 -448.341 -71.896 
20.500 -448.272 -71.925 
20.418 -448.187 -71.960 
20.343 -448.110 -71.992 
20.294 -448.060 -72.013 
20.233 -447.999 -72.039 
20.159 -447.925 -72.071 
20.068 -447.835 -72.111 
20.013 -447.781 -72.134 
19.969 -447.738 -72.153 
19.916 -447.688 -72.176 
19.847 -447.623 -72.205 
19.766 -447.547 -72.240 
19.679 -447.467 -72.277 
19.585 -447.381 -72.317 
19.507 -447.311 -72.350 
19.459 -447.268 -72.371 
19.395 -447.212 -72.398 
19.316 -447.142 -72.431 
19.249 -447.084 -72.459 
19.171 -447.018 -72.492 
19.120 -446.975 -72.513 
19.028 -446.898 -72.551 
18.965 -446.846 -72.578 
18.884 -446.780 -72.612 
18.783 -446.699 -72.653 
18.707 -446.639 -72.685 
18.622 -446.573 -72.719 
18.548 -446.515 -72.750 
18.440 -446.433 -72.794 
18.367 -446.378 -72.824 
18.290 -446.320 -72.856 
18.213 -446.263 -72.887 
18.131 -446.204 -72.920 
18.066 -446.157 -72.947 
17.987 -446.100 -72.979 
17.922 -446.053 -73.006 
17.838 -445.994 -73.041 
17.756 -445.937 -73.074 
17.655 -445.867 -73.116 
17.558 -445.801 -73.156 
17.492 -445.758 -73.183 
17.431 -445.718 -73.207 
17.367 -445.675 -73.234 
17.290 -445.625 -73.266 
17.209 -445.572 -73.299 
17.101 -445.503 -73.343 
17.058 -445.476 -73.361 
16.984 -445.429 -73.391 
16.900 -445.377 -73.426 
16.817 -445.325 -73.460 
16.760 -445.291 -73.484 
16.633 -445.213 -73.536 
16.527 -445.150 -73.579 
16.465 -445.114 -73.604 
16.382 -445.065 -73.638 
16.296 -445.015 -73.673 
16.179 -444.947 -73.721 
16.100 -444.902 -73.753 
16.014 -444.853 -73.788 
15.950 -444.816 -73.814 
15.904 -444.791 -73.833 
15.794 -444.730 -73.877 
15.719 -444.688 -73.907 
15.652 -444.651 -73.935 
15.541 -444.591 -73.979 
15.483 -444.560 -74.002 
15.399 -444.515 -74.036 
15.298 -444.461 -74.076 
15.246 -444.433 -74.098 
15.165 -444.391 -74.130 
15.111 -444.362 -74.151 
15.023 -444.316 -74.186 
14.955 -444.281 -74.213 
14.884 -444.244 -74.241 
14.814 -444.208 -74.269 
14.718 -444.159 -74.307 
14.617 -444.108 -74.346 
14.531 -444.063 -74.381 
14.446 -444.021 -74.414 
14.379 -443.987 -74.440 
14.229 -443.913 -74.498 
14.128 -443.863 -74.537 
14.064 -443.831 -74.562 
