24.700 -458.442 -70.112 
24.699 -458.317 -70.112 
24.698 -458.235 -70.113 
24.696 -458.143 -70.114 
24.693 -458.054 -70.115 
24.689 -457.934 -70.117 
24.684 -457.836 -70.118 
24.677 -457.696 -70.121 
24.672 -457.608 -70.124 
24.663 -457.481 -70.127 
24.658 -457.413 -70.129 
24.649 -457.294 -70.133 
24.642 -457.221 -70.136 
24.632 -457.109 -70.140 
24.627 -457.063 -70.142 
24.615 -456.950 -70.147 
24.605 -456.862 -70.152 
24.588 -456.716 -70.159 
24.573 -456.602 -70.165 
24.562 -456.519 -70.170 
24.548 -456.425 -70.176 
24.534 -456.327 -70.182 
24.520 -456.237 -70.188 
24.503 -456.134 -70.195 
24.487 -456.040 -70.201 
24.470 -455.937 -70.209 
24.452 -455.840 -70.216 
24.432 -455.737 -70.225 
24.418 -455.663 -70.231 
24.393 -455.543 -70.241 
24.364 -455.406 -70.254 
24.341 -455.300 -70.264 
24.313 -455.179 -70.276 
24.283 -455.053 -70.289 
24.262 -454.965 -70.298 
24.245 -454.896 -70.305 
24.219 -454.795 -70.317 
24.200 -454.721 -70.326 
24.183 -454.657 -70.333 
24.158 -454.566 -70.344 
24.127 -454.453 -70.358 
24.110 -454.395 -70.366 
24.074 -454.272 -70.381 
24.055 -454.208 -70.390 
24.031 -454.129 -70.400 
24.002 -454.035 -70.413 
23.976 -453.953 -70.425 
23.941 -453.845 -70.440 
23.913 -453.760 -70.452 
23.880 -453.662 -70.467 
23.848 -453.570 -70.481 
23.785 -453.395 -70.508 
23.749 -453.295 -70.525 
23.715 -453.206 -70.539 
23.689 -453.137 -70.551 
23.641 -453.015 -70.572 
23.576 -452.854 -70.600 
23.543 -452.774 -70.614 
23.509 -452.694 -70.629 
23.464 -452.591 -70.648 
23.431 -452.515 -70.663 
23.391 -452.424 -70.680 
23.354 -452.342 -70.697 
23.318 -452.263 -70.712 
23.288 -452.199 -70.725 
23.225 -452.069 -70.752 
23.173 -451.960 -70.775 
23.138 -451.889 -70.790 
23.098 -451.811 -70.806 
23.060 -451.736 -70.823 
23.012 -451.643 -70.843 
22.974 -451.570 -70.859 
22.930 -451.487 -70.878 
22.887 -451.407 -70.896 
22.833 -451.307 -70.919 
22.768 -451.192 -70.946 
22.726 -451.117 -70.965 
22.649 -450.985 -70.997 
22.588 -450.881 -71.023 
22.529 -450.783 -71.048 
22.452 -450.658 -71.080 
22.400 -450.575 -71.102 
22.339 -450.478 -71.128 
22.273 -450.376 -71.156 
22.197 -450.262 -71.187 
22.126 -450.156 -71.217 
22.073 -450.080 -71.239 
22.016 -449.997 -71.263 
21.962 -449.921 -71.285 
21.884 -449.812 -71.317 
21.810 -449.711 -71.347 
21.748 -449.626 -71.373 
21.693 -449.553 -71.396 
21.653 -449.501 -71.412 
21.579 -449.404 -71.442 
21.516 -449.324 -71.468 
21.432 -449.218 -71.503 
21.393 -449.169 -71.519 
21.307 -449.064 -71.554 
21.258 -449.005 -71.574 
21.178 -448.909 -71.607 
21.096 -448.812 -71.641 
21.017 -448.720 -71.674 
20.973 -448.669 -71.692 
20.896 -448.583 -71.724 
20.831 -448.511 -71.750 
20.777 -448.451 -71.772 
20.707 -448.375 -71.801 
20.644 -448.307 -71.826 
20.573 -448.231 -71.856 
20.515 -448.170 -71.879 
20.438 -448.090 -71.911 
20.357 -448.007 -71.943 
20.272 -447.920 -71.978 
20.199 -447.846 -72.008 
20.111 -447.759 -72.044 
20.038 -447.687 -72.074 
19.968 -447.619 -72.102 
19.901 -447.555 -72.130 
19.848 -447.505 -72.151 
19.806 -447.466 -72.168 
19.723 -447.387 -72.202 
19.665 -447.334 -72.225 
19.561 -447.240 -72.267 
19.495 -447.181 -72.293 
19.412 -447.107 -72.326 
19.341 -447.045 -72.355 
19.300 -447.009 -72.371 
19.220 -446.941 -72.403 
19.141 -446.874 -72.435 
19.050 -446.797 -72.472 
18.963 -446.725 -72.506 
18.898 -446.671 -72.533 
18.824 -446.611 -72.562 
18.752 -446.553 -72.591 
18.704 -446.515 -72.610 
18.603 -446.436 -72.650 
18.524 -446.375 -72.681 
18.476 -446.338 -72.700 
18.429 -446.301 -72.718 
18.357 -446.246 -72.747 
18.284 -446.191 -72.775 
18.211 -446.136 -72.804 
18.077 -446.036 -72.857 
17.983 -445.968 -72.893 
17.938 -445.935 -72.911 
17.857 -445.877 -72.943 
17.771 -445.817 -72.976 
17.682 -445.754 -73.010 
17.606 -445.701 -73.040 
17.532 -445.651 -73.068 
17.412 -445.570 -73.114 
17.326 -445.512 -73.148 
17.258 -445.468 -73.174 
17.193 -445.425 -73.199 
17.043 -445.330 -73.256 
16.971 -445.284 -73.283 
16.911 -445.246 -73.306 
16.820 -445.189 -73.340 
16.748 -445.145 -73.367 
16.689 -445.109 -73.389 
16.596 -445.052 -73.424 
16.431 -444.953 -73.486 
16.344 -444.901 -73.518 
16.259 -444.851 -73.550 
16.162 -444.795 -73.586 
16.052 -444.732 -73.627 
15.971 -444.687 -73.657 
15.865 -444.627 -73.696 
15.762 -444.570 -73.733 
15.673 -444.521 -73.766 
15.555 -444.457 -73.809 
15.504 -444.429 -73.828 
15.399 -444.373 -73.866 
15.315 -444.328 -73.896 
15.205 -444.269 -73.935 
15.094 -444.211 -73.974 
14.977 -444.150 -74.015 
14.864 -444.092 -74.055 
14.795 -444.056 -74.079 
14.710 -444.013 -74.109 
14.625 -443.970 -74.139 
14.555 -443.934 -74.164 
14.457 -443.885 -74.198 
14.413 -443.863 -74.213 
14.338 -443.826 -74.239 
14.258 -443.786 -74.267 
14.163 -443.740 -74.300 
14.085 -443.702 -74.326 
