24.699 -458.321 -70.113 
24.696 -458.166 -70.114 
24.692 -458.021 -70.116 
24.687 -457.888 -70.118 
24.682 -457.779 -70.120 
24.674 -457.632 -70.123 
24.669 -457.557 -70.125 
24.661 -457.436 -70.129 
24.651 -457.315 -70.132 
24.641 -457.206 -70.136 
24.631 -457.104 -70.140 
24.621 -457.007 -70.144 
24.612 -456.919 -70.148 
24.602 -456.832 -70.152 
24.579 -456.654 -70.161 
24.565 -456.549 -70.167 
24.554 -456.468 -70.172 
24.539 -456.371 -70.178 
24.519 -456.237 -70.186 
24.504 -456.149 -70.192 
24.485 -456.032 -70.201 
24.460 -455.897 -70.211 
24.436 -455.769 -70.221 
24.418 -455.679 -70.229 
24.396 -455.569 -70.238 
24.367 -455.433 -70.250 
24.342 -455.320 -70.261 
24.316 -455.208 -70.272 
24.285 -455.079 -70.285 
24.256 -454.959 -70.297 
24.232 -454.867 -70.307 
24.201 -454.750 -70.320 
24.177 -454.659 -70.330 
24.140 -454.531 -70.345 
24.107 -454.416 -70.359 
24.074 -454.303 -70.373 
24.049 -454.224 -70.383 
24.015 -454.115 -70.397 
23.980 -454.005 -70.411 
23.943 -453.894 -70.426 
23.909 -453.793 -70.441 
23.868 -453.677 -70.458 
23.833 -453.581 -70.472 
23.797 -453.483 -70.487 
23.760 -453.384 -70.503 
23.732 -453.311 -70.515 
23.707 -453.247 -70.525 
23.663 -453.135 -70.544 
23.615 -453.019 -70.564 
23.580 -452.935 -70.579 
23.553 -452.871 -70.590 
23.519 -452.793 -70.605 
23.475 -452.692 -70.623 
23.442 -452.620 -70.637 
23.415 -452.559 -70.648 
23.373 -452.471 -70.665 
23.334 -452.388 -70.682 
23.313 -452.344 -70.690 
23.256 -452.226 -70.714 
23.209 -452.130 -70.733 
23.170 -452.052 -70.749 
23.138 -451.989 -70.762 
23.085 -451.885 -70.784 
23.040 -451.799 -70.803 
23.004 -451.733 -70.817 
22.967 -451.664 -70.832 
22.929 -451.594 -70.848 
22.887 -451.517 -70.865 
22.841 -451.435 -70.884 
22.777 -451.322 -70.910 
22.725 -451.232 -70.932 
22.678 -451.152 -70.951 
22.628 -451.069 -70.972 
22.582 -450.991 -70.992 
22.537 -450.919 -71.010 
22.490 -450.843 -71.030 
22.441 -450.765 -71.050 
22.359 -450.637 -71.084 
22.324 -450.584 -71.099 
22.259 -450.485 -71.126 
22.216 -450.420 -71.144 
22.175 -450.360 -71.161 
22.121 -450.279 -71.184 
22.041 -450.163 -71.217 
21.979 -450.074 -71.243 
21.915 -449.982 -71.270 
21.873 -449.924 -71.288 
21.810 -449.837 -71.315 
21.744 -449.748 -71.343 
21.659 -449.633 -71.379 
21.580 -449.529 -71.412 
21.507 -449.434 -71.443 
21.458 -449.372 -71.463 
21.383 -449.277 -71.495 
21.341 -449.225 -71.513 
21.290 -449.162 -71.534 
21.222 -449.078 -71.563 
21.171 -449.017 -71.584 
21.102 -448.935 -71.613 
21.039 -448.861 -71.639 
20.954 -448.762 -71.675 
20.887 -448.685 -71.703 
20.843 -448.636 -71.722 
20.756 -448.539 -71.758 
20.682 -448.457 -71.789 
20.601 -448.369 -71.823 
20.553 -448.318 -71.843 
20.508 -448.270 -71.862 
20.451 -448.210 -71.885 
20.367 -448.122 -71.920 
20.294 -448.047 -71.950 
20.215 -447.967 -71.983 
20.170 -447.921 -72.002 
20.095 -447.847 -72.032 
20.020 -447.772 -72.063 
19.967 -447.720 -72.085 
19.857 -447.615 -72.130 
19.789 -447.550 -72.158 
19.679 -447.446 -72.202 
19.622 -447.394 -72.225 
19.557 -447.334 -72.252 
19.462 -447.248 -72.290 
19.394 -447.187 -72.318 
19.313 -447.116 -72.350 
19.241 -447.054 -72.379 
19.154 -446.979 -72.414 
19.070 -446.908 -72.448 
18.963 -446.817 -72.491 
18.919 -446.781 -72.509 
18.840 -446.716 -72.540 
18.774 -446.662 -72.567 
18.692 -446.596 -72.599 
18.621 -446.539 -72.627 
18.563 -446.493 -72.650 
18.491 -446.437 -72.678 
18.415 -446.377 -72.708 
18.347 -446.325 -72.735 
18.295 -446.286 -72.755 
18.231 -446.237 -72.781 
18.167 -446.189 -72.806 
18.095 -446.135 -72.834 
18.038 -446.093 -72.856 
17.927 -446.012 -72.899 
17.879 -445.978 -72.918 
17.824 -445.938 -72.939 
17.754 -445.888 -72.966 
17.701 -445.851 -72.987 
17.641 -445.809 -73.010 
17.544 -445.741 -73.047 
17.470 -445.689 -73.076 
17.402 -445.643 -73.102 
17.354 -445.610 -73.120 
17.274 -445.557 -73.151 
17.209 -445.513 -73.176 
17.140 -445.467 -73.202 
17.041 -445.402 -73.240 
16.967 -445.354 -73.268 
16.899 -445.309 -73.294 
16.788 -445.238 -73.336 
16.715 -445.192 -73.364 
16.652 -445.152 -73.387 
16.545 -445.085 -73.428 
16.493 -445.053 -73.447 
16.415 -445.006 -73.476 
16.326 -444.952 -73.509 
16.216 -444.886 -73.550 
16.115 -444.826 -73.587 
16.037 -444.780 -73.616 
15.971 -444.742 -73.640 
15.847 -444.671 -73.686 
15.778 -444.631 -73.712 
15.672 -444.571 -73.751 
15.592 -444.526 -73.781 
15.505 -444.478 -73.813 
15.431 -444.437 -73.840 
15.306 -444.368 -73.885 
15.232 -444.328 -73.912 
15.165 -444.291 -73.936 
15.093 -444.252 -73.963 
15.022 -444.213 -73.988 
14.944 -444.172 -74.016 
14.869 -444.131 -74.043 
14.756 -444.072 -74.083 
14.678 -444.031 -74.110 
14.603 -443.991 -74.137 
14.514 -443.945 -74.168 
14.410 -443.891 -74.204 
14.317 -443.843 -74.237 
14.255 -443.811 -74.258 
14.148 -443.757 -74.295 
14.079 -443.722 -74.318 
