26.385 -423.550 -82.408 
26.374 -423.450 -82.413 
26.360 -423.331 -82.420 
26.350 -423.255 -82.425 
26.337 -423.153 -82.431 
26.326 -423.076 -82.436 
26.311 -422.968 -82.444 
26.297 -422.874 -82.451 
26.276 -422.743 -82.461 
26.258 -422.632 -82.470 
26.239 -422.524 -82.478 
26.224 -422.439 -82.486 
26.202 -422.322 -82.496 
26.184 -422.227 -82.504 
26.167 -422.141 -82.513 
26.151 -422.060 -82.520 
26.133 -421.976 -82.529 
26.114 -421.889 -82.537 
26.095 -421.803 -82.546 
26.064 -421.670 -82.561 
26.040 -421.569 -82.572 
26.011 -421.450 -82.585 
25.989 -421.362 -82.596 
25.969 -421.284 -82.605 
25.949 -421.207 -82.614 
25.918 -421.093 -82.628 
25.892 -420.998 -82.640 
25.855 -420.868 -82.657 
25.833 -420.791 -82.667 
25.810 -420.711 -82.678 
25.780 -420.614 -82.691 
25.758 -420.541 -82.701 
25.733 -420.460 -82.712 
25.700 -420.355 -82.727 
25.669 -420.260 -82.740 
25.635 -420.156 -82.756 
25.594 -420.035 -82.774 
25.564 -419.948 -82.787 
25.535 -419.864 -82.800 
25.503 -419.774 -82.813 
25.463 -419.660 -82.831 
25.423 -419.552 -82.848 
25.390 -419.464 -82.862 
25.366 -419.401 -82.873 
25.324 -419.289 -82.891 
25.283 -419.183 -82.909 
25.253 -419.108 -82.922 
25.219 -419.023 -82.937 
25.189 -418.951 -82.949 
25.135 -418.818 -82.973 
25.081 -418.691 -82.996 
25.025 -418.561 -83.020 
24.972 -418.441 -83.042 
24.932 -418.353 -83.059 
24.886 -418.253 -83.078 
24.840 -418.154 -83.097 
24.808 -418.085 -83.111 
24.761 -417.990 -83.130 
24.697 -417.860 -83.157 
24.652 -417.771 -83.177 
24.605 -417.677 -83.197 
24.575 -417.620 -83.210 
24.541 -417.556 -83.224 
24.490 -417.461 -83.245 
24.441 -417.369 -83.267 
24.387 -417.271 -83.290 
24.336 -417.179 -83.312 
24.277 -417.077 -83.337 
24.217 -416.973 -83.363 
24.169 -416.891 -83.383 
24.127 -416.822 -83.401 
24.064 -416.718 -83.428 
24.011 -416.633 -83.450 
23.948 -416.532 -83.477 
23.903 -416.462 -83.496 
23.857 -416.390 -83.515 
23.794 -416.294 -83.542 
23.713 -416.172 -83.576 
23.661 -416.096 -83.598 
23.595 -416.003 -83.625 
23.537 -415.920 -83.650 
23.490 -415.855 -83.670 
23.437 -415.782 -83.692 
23.387 -415.715 -83.713 
23.331 -415.641 -83.737 
23.258 -415.546 -83.767 
23.215 -415.491 -83.785 
23.166 -415.428 -83.806 
23.089 -415.333 -83.838 
23.022 -415.251 -83.866 
22.979 -415.199 -83.884 
22.885 -415.086 -83.924 
22.792 -414.979 -83.963 
22.724 -414.902 -83.991 
22.646 -414.814 -84.024 
22.590 -414.753 -84.047 
22.530 -414.688 -84.072 
22.460 -414.614 -84.102 
22.400 -414.550 -84.127 
22.318 -414.465 -84.161 
22.240 -414.386 -84.194 
22.161 -414.308 -84.226 
22.090 -414.239 -84.256 
22.012 -414.163 -84.288 
21.937 -414.092 -84.319 
21.861 -414.022 -84.351 
21.786 -413.954 -84.382 
21.714 -413.890 -84.412 
21.654 -413.836 -84.437 
21.579 -413.772 -84.468 
21.511 -413.714 -84.496 
21.434 -413.649 -84.528 
21.354 -413.583 -84.561 
21.286 -413.528 -84.589 
21.209 -413.466 -84.621 
21.108 -413.387 -84.663 
21.002 -413.306 -84.707 
20.949 -413.267 -84.729 
20.883 -413.218 -84.757 
20.809 -413.164 -84.787 
20.713 -413.096 -84.827 
20.601 -413.018 -84.874 
20.523 -412.965 -84.906 
20.463 -412.924 -84.931 
20.362 -412.858 -84.973 
20.283 -412.807 -85.005 
20.199 -412.754 -85.040 
20.126 -412.709 -85.070 
20.026 -412.649 -85.112 
19.944 -412.599 -85.146 
19.876 -412.560 -85.174 
19.784 -412.507 -85.212 
19.727 -412.475 -85.235 
19.656 -412.436 -85.265 
19.554 -412.380 -85.307 
19.499 -412.350 -85.330 
19.431 -412.315 -85.358 
19.318 -412.256 -85.404 
19.235 -412.214 -85.438 
19.126 -412.161 -85.483 
19.030 -412.115 -85.522 
18.974 -412.089 -85.545 
18.871 -412.041 -85.588 
18.777 -411.999 -85.626 
18.708 -411.969 -85.654 
18.617 -411.929 -85.691 
18.559 -411.905 -85.715 
18.462 -411.864 -85.754 
18.368 -411.826 -85.792 
18.238 -411.775 -85.845 
18.161 -411.746 -85.876 
18.095 -411.720 -85.903 
17.995 -411.684 -85.943 
17.938 -411.663 -85.966 
17.808 -411.618 -86.018 
17.752 -411.598 -86.041 
17.677 -411.573 -86.071 
17.580 -411.541 -86.111 
17.511 -411.519 -86.139 
17.392 -411.481 -86.187 
17.324 -411.461 -86.215 
17.267 -411.443 -86.238 
17.161 -411.412 -86.281 
17.025 -411.373 -86.336 
16.955 -411.353 -86.365 
16.886 -411.334 -86.393 
16.805 -411.312 -86.425 
16.680 -411.280 -86.476 
16.601 -411.261 -86.508 
16.481 -411.231 -86.556 
16.402 -411.213 -86.588 
16.303 -411.191 -86.628 
16.193 -411.167 -86.673 
16.043 -411.137 -86.733 
15.924 -411.114 -86.781 
15.832 -411.097 -86.819 
15.716 -411.077 -86.866 
15.604 -411.059 -86.912 
15.530 -411.047 -86.942 
15.466 -411.037 -86.968 
15.381 -411.025 -87.003 
15.284 -411.013 -87.042 
15.222 -411.005 -87.067 
15.123 -410.993 -87.107 
15.014 -410.981 -87.152 
14.943 -410.973 -87.181 
14.882 -410.967 -87.205 
14.801 -410.960 -87.238 
14.671 -410.950 -87.292 
14.581 -410.943 -87.328 
14.455 -410.935 -87.380 
14.395 -410.932 -87.404 
14.313 -410.928 -87.437 
14.221 -410.925 -87.475 
14.147 -410.922 -87.505 
14.050 -410.919 -87.545 
13.950 -410.917 -87.585 
13.877 -410.917 -87.615 
13.777 -410.916 -87.656 
13.699 -410.915 -87.688 
13.557 -410.915 -87.745 
13.452 -410.916 -87.788 
13.356 -410.917 -87.827 
13.241 -410.918 -87.874 
13.130 -410.921 -87.919 
13.059 -410.923 -87.948 
12.996 -410.925 -87.973 
12.900 -410.929 -88.012 
12.825 -410.932 -88.043 
12.743 -410.936 -88.076 
12.645 -410.941 -88.115 
12.542 -410.946 -88.156 
12.419 -410.954 -88.206 
12.314 -410.961 -88.249 
12.202 -410.969 -88.294 
12.102 -410.976 -88.333 
11.980 -410.986 -88.382 
11.874 -410.995 -88.424 
11.785 -411.004 -88.459 
11.681 -411.014 -88.500 
11.609 -411.021 -88.528 
11.559 -411.026 -88.548 
11.447 -411.038 -88.592 
