26.391 -423.612 -82.404 
26.381 -423.513 -82.410 
26.368 -423.402 -82.416 
26.358 -423.316 -82.421 
26.344 -423.202 -82.428 
26.329 -423.088 -82.435 
26.317 -423.006 -82.441 
26.305 -422.920 -82.447 
26.291 -422.829 -82.453 
26.274 -422.721 -82.461 
26.259 -422.634 -82.467 
26.242 -422.532 -82.475 
26.223 -422.422 -82.484 
26.195 -422.271 -82.497 
26.177 -422.180 -82.505 
26.155 -422.067 -82.515 
26.131 -421.952 -82.525 
26.102 -421.822 -82.538 
26.084 -421.741 -82.545 
26.068 -421.671 -82.552 
26.043 -421.563 -82.564 
26.019 -421.466 -82.574 
25.983 -421.319 -82.590 
25.955 -421.214 -82.601 
25.936 -421.140 -82.610 
25.909 -421.040 -82.622 
25.888 -420.967 -82.630 
25.870 -420.903 -82.638 
25.839 -420.796 -82.651 
25.809 -420.694 -82.664 
25.776 -420.584 -82.678 
25.755 -420.517 -82.687 
25.725 -420.422 -82.700 
25.677 -420.272 -82.721 
25.644 -420.171 -82.735 
25.611 -420.072 -82.749 
25.585 -419.997 -82.760 
25.552 -419.900 -82.775 
25.506 -419.769 -82.794 
25.446 -419.606 -82.819 
25.409 -419.505 -82.835 
25.373 -419.410 -82.850 
25.336 -419.315 -82.866 
25.316 -419.263 -82.874 
25.280 -419.174 -82.889 
25.238 -419.068 -82.907 
25.192 -418.958 -82.925 
25.153 -418.865 -82.941 
25.090 -418.717 -82.967 
25.023 -418.566 -82.994 
24.996 -418.505 -83.005 
24.944 -418.390 -83.026 
24.907 -418.311 -83.041 
24.864 -418.219 -83.058 
24.830 -418.148 -83.072 
24.769 -418.021 -83.096 
24.722 -417.926 -83.115 
24.679 -417.842 -83.132 
24.638 -417.761 -83.149 
24.589 -417.667 -83.168 
24.544 -417.582 -83.186 
24.466 -417.437 -83.218 
24.408 -417.332 -83.241 
24.361 -417.250 -83.260 
24.322 -417.181 -83.276 
24.279 -417.107 -83.293 
24.221 -417.008 -83.317 
24.177 -416.935 -83.335 
24.129 -416.856 -83.354 
24.077 -416.772 -83.375 
24.017 -416.675 -83.400 
23.958 -416.583 -83.424 
23.917 -416.519 -83.440 
23.834 -416.394 -83.474 
23.786 -416.322 -83.493 
23.742 -416.257 -83.511 
23.697 -416.192 -83.529 
23.621 -416.083 -83.560 
23.564 -416.002 -83.583 
23.511 -415.929 -83.605 
23.452 -415.850 -83.629 
23.388 -415.765 -83.655 
23.318 -415.673 -83.684 
23.253 -415.591 -83.710 
23.204 -415.530 -83.730 
23.127 -415.435 -83.761 
23.061 -415.354 -83.788 
22.990 -415.270 -83.816 
22.919 -415.188 -83.845 
22.857 -415.116 -83.870 
22.802 -415.053 -83.893 
22.700 -414.941 -83.934 
22.625 -414.860 -83.964 
22.552 -414.782 -83.994 
22.490 -414.717 -84.019 
22.427 -414.652 -84.045 
22.369 -414.593 -84.068 
22.315 -414.539 -84.090 
22.250 -414.475 -84.117 
22.185 -414.413 -84.143 
22.149 -414.378 -84.158 
22.078 -414.311 -84.188 
22.005 -414.243 -84.217 
21.934 -414.178 -84.246 
21.886 -414.135 -84.266 
21.787 -414.047 -84.306 
21.730 -413.997 -84.330 
21.666 -413.942 -84.356 
21.617 -413.900 -84.376 
21.545 -413.840 -84.405 
21.471 -413.778 -84.436 
21.408 -413.727 -84.461 
21.358 -413.687 -84.482 
21.292 -413.635 -84.509 
21.209 -413.570 -84.543 
21.113 -413.497 -84.582 
21.047 -413.448 -84.609 
20.977 -413.396 -84.637 
20.879 -413.326 -84.677 
20.820 -413.283 -84.702 
20.732 -413.222 -84.737 
20.635 -413.156 -84.777 
20.550 -413.099 -84.812 
20.449 -413.033 -84.854 
20.365 -412.979 -84.888 
20.273 -412.921 -84.926 
20.207 -412.880 -84.954 
20.112 -412.822 -84.993 
20.010 -412.762 -85.035 
19.937 -412.719 -85.065 
19.834 -412.660 -85.108 
19.751 -412.615 -85.142 
19.676 -412.574 -85.173 
19.605 -412.536 -85.202 
19.545 -412.504 -85.227 
19.470 -412.465 -85.258 
19.386 -412.422 -85.293 
19.292 -412.375 -85.332 
19.219 -412.340 -85.362 
19.130 -412.297 -85.399 
19.031 -412.251 -85.440 
18.924 -412.202 -85.485 
18.831 -412.161 -85.524 
18.737 -412.121 -85.563 
18.597 -412.062 -85.621 
18.473 -412.011 -85.673 
18.359 -411.966 -85.720 
18.332 -411.955 -85.732 
18.242 -411.921 -85.769 
18.161 -411.891 -85.803 
18.097 -411.867 -85.829 
18.017 -411.838 -85.862 
17.938 -411.810 -85.895 
17.804 -411.764 -85.950 
17.721 -411.736 -85.985 
17.666 -411.718 -86.008 
17.571 -411.687 -86.047 
17.460 -411.653 -86.093 
17.385 -411.630 -86.124 
17.288 -411.602 -86.165 
17.207 -411.579 -86.198 
17.103 -411.551 -86.241 
17.008 -411.525 -86.281 
16.891 -411.496 -86.330 
16.803 -411.474 -86.367 
16.710 -411.452 -86.406 
16.600 -411.427 -86.451 
16.483 -411.402 -86.500 
16.394 -411.384 -86.538 
16.272 -411.360 -86.589 
16.132 -411.334 -86.647 
16.010 -411.314 -86.698 
15.925 -411.300 -86.734 
15.863 -411.290 -86.760 
15.762 -411.275 -86.802 
15.645 -411.259 -86.851 
15.525 -411.244 -86.901 
15.407 -411.230 -86.951 
15.322 -411.221 -86.987 
15.228 -411.212 -87.026 
15.134 -411.203 -87.066 
15.056 -411.196 -87.099 
14.988 -411.191 -87.127 
14.887 -411.184 -87.169 
14.828 -411.180 -87.194 
14.749 -411.175 -87.228 
14.639 -411.170 -87.274 
14.532 -411.165 -87.319 
14.453 -411.163 -87.352 
14.351 -411.160 -87.395 
14.256 -411.159 -87.435 
14.138 -411.158 -87.485 
14.066 -411.158 -87.516 
13.985 -411.159 -87.550 
13.928 -411.160 -87.573 
13.801 -411.162 -87.627 
13.699 -411.165 -87.670 
13.613 -411.168 -87.707 
13.485 -411.174 -87.761 
13.393 -411.180 -87.800 
13.278 -411.187 -87.848 
13.196 -411.192 -87.883 
13.085 -411.200 -87.929 
12.999 -411.206 -87.966 
12.914 -411.213 -88.001 
12.844 -411.219 -88.030 
12.777 -411.225 -88.058 
12.679 -411.233 -88.099 
12.581 -411.242 -88.140 
12.516 -411.248 -88.166 
12.407 -411.259 -88.212 
12.322 -411.268 -88.247 
12.198 -411.281 -88.297 
12.102 -411.292 -88.337 
12.012 -411.302 -88.374 
11.923 -411.313 -88.410 
11.804 -411.328 -88.459 
11.699 -411.341 -88.501 
11.587 -411.356 -88.546 
