26.390 -423.601 -82.405 
26.377 -423.479 -82.412 
26.371 -423.425 -82.415 
26.359 -423.328 -82.420 
26.347 -423.231 -82.426 
26.323 -423.060 -82.437 
26.310 -422.970 -82.444 
26.295 -422.865 -82.451 
26.280 -422.772 -82.458 
26.267 -422.694 -82.464 
26.244 -422.558 -82.474 
26.223 -422.437 -82.484 
26.191 -422.272 -82.498 
26.161 -422.119 -82.511 
26.133 -421.988 -82.524 
26.111 -421.885 -82.534 
26.092 -421.797 -82.542 
26.065 -421.678 -82.555 
26.043 -421.586 -82.564 
26.018 -421.482 -82.576 
26.003 -421.422 -82.582 
25.978 -421.321 -82.594 
25.958 -421.244 -82.603 
25.934 -421.154 -82.613 
25.904 -421.043 -82.627 
25.875 -420.938 -82.640 
25.851 -420.854 -82.651 
25.819 -420.746 -82.665 
25.780 -420.613 -82.683 
25.760 -420.550 -82.692 
25.734 -420.464 -82.704 
25.689 -420.324 -82.724 
25.663 -420.244 -82.736 
25.636 -420.162 -82.748 
25.612 -420.088 -82.759 
25.583 -420.004 -82.771 
25.531 -419.851 -82.795 
25.503 -419.771 -82.807 
25.462 -419.657 -82.825 
25.424 -419.555 -82.842 
25.381 -419.439 -82.860 
25.349 -419.356 -82.874 
25.296 -419.218 -82.897 
25.269 -419.150 -82.909 
25.230 -419.051 -82.926 
25.197 -418.971 -82.940 
25.154 -418.866 -82.958 
25.092 -418.718 -82.985 
25.063 -418.650 -82.997 
25.028 -418.569 -83.012 
24.979 -418.457 -83.033 
24.944 -418.378 -83.048 
24.886 -418.252 -83.072 
24.839 -418.149 -83.092 
24.798 -418.064 -83.109 
24.761 -417.985 -83.125 
24.726 -417.914 -83.139 
24.680 -417.820 -83.159 
24.641 -417.742 -83.175 
24.597 -417.654 -83.193 
24.555 -417.572 -83.211 
24.502 -417.472 -83.233 
24.400 -417.282 -83.276 
24.349 -417.191 -83.297 
24.301 -417.106 -83.317 
24.251 -417.018 -83.338 
24.191 -416.916 -83.364 
24.146 -416.841 -83.382 
24.092 -416.752 -83.405 
24.034 -416.657 -83.429 
23.956 -416.534 -83.461 
23.900 -416.447 -83.484 
23.832 -416.343 -83.512 
23.771 -416.252 -83.537 
23.688 -416.131 -83.571 
23.627 -416.043 -83.597 
23.571 -415.964 -83.620 
23.543 -415.925 -83.631 
23.485 -415.844 -83.656 
23.423 -415.761 -83.681 
23.346 -415.659 -83.713 
23.298 -415.597 -83.733 
23.237 -415.519 -83.758 
23.172 -415.437 -83.785 
23.110 -415.360 -83.811 
23.044 -415.280 -83.839 
22.972 -415.194 -83.868 
22.942 -415.159 -83.881 
22.853 -415.056 -83.918 
22.774 -414.967 -83.951 
22.709 -414.894 -83.979 
22.625 -414.803 -84.014 
22.592 -414.768 -84.027 
22.507 -414.678 -84.062 
22.453 -414.621 -84.085 
22.383 -414.550 -84.114 
22.314 -414.481 -84.142 
22.265 -414.431 -84.163 
22.157 -414.326 -84.207 
22.060 -414.234 -84.247 
21.989 -414.167 -84.277 
21.890 -414.076 -84.317 
21.818 -414.012 -84.347 
21.750 -413.952 -84.375 
21.676 -413.888 -84.406 
21.623 -413.842 -84.427 
21.556 -413.786 -84.455 
21.455 -413.702 -84.497 
21.372 -413.634 -84.531 
21.275 -413.557 -84.572 
21.181 -413.485 -84.610 
21.113 -413.432 -84.638 
21.044 -413.381 -84.667 
20.994 -413.343 -84.687 
20.924 -413.292 -84.717 
20.815 -413.215 -84.762 
20.737 -413.160 -84.794 
20.677 -413.119 -84.819 
20.558 -413.038 -84.869 
20.501 -413.001 -84.893 
20.412 -412.943 -84.930 
20.350 -412.904 -84.955 
20.280 -412.860 -84.984 
20.190 -412.804 -85.022 
20.091 -412.745 -85.064 
19.987 -412.684 -85.107 
19.898 -412.633 -85.145 
19.826 -412.592 -85.176 
19.755 -412.553 -85.206 
19.648 -412.495 -85.251 
19.508 -412.422 -85.311 
19.417 -412.375 -85.350 
19.317 -412.325 -85.393 
19.194 -412.266 -85.445 
19.092 -412.219 -85.488 
19.003 -412.178 -85.526 
18.923 -412.142 -85.560 
18.855 -412.112 -85.588 
18.760 -412.071 -85.629 
18.667 -412.032 -85.668 
18.522 -411.973 -85.730 
18.411 -411.930 -85.777 
18.324 -411.896 -85.814 
18.202 -411.850 -85.865 
18.095 -411.811 -85.911 
18.018 -411.784 -85.943 
17.923 -411.751 -85.983 
17.869 -411.733 -86.006 
17.817 -411.715 -86.029 
17.721 -411.684 -86.070 
17.611 -411.649 -86.117 
17.536 -411.627 -86.149 
17.415 -411.590 -86.201 
17.314 -411.561 -86.244 
17.214 -411.533 -86.287 
17.089 -411.499 -86.342 
17.029 -411.484 -86.367 
16.972 -411.469 -86.392 
16.855 -411.441 -86.443 
16.779 -411.423 -86.476 
16.716 -411.408 -86.503 
16.636 -411.390 -86.537 
16.531 -411.368 -86.584 
16.435 -411.348 -86.625 
16.343 -411.330 -86.665 
16.226 -411.308 -86.715 
16.126 -411.290 -86.759 
16.058 -411.278 -86.788 
15.955 -411.262 -86.832 
15.889 -411.251 -86.861 
15.814 -411.240 -86.893 
15.692 -411.223 -86.945 
15.608 -411.211 -86.981 
15.494 -411.196 -87.030 
15.407 -411.186 -87.067 
15.259 -411.170 -87.130 
15.167 -411.161 -87.170 
15.073 -411.152 -87.210 
14.975 -411.144 -87.252 
14.893 -411.138 -87.287 
14.817 -411.133 -87.319 
14.688 -411.126 -87.375 
14.587 -411.121 -87.418 
14.476 -411.117 -87.465 
14.379 -411.114 -87.507 
14.293 -411.113 -87.543 
14.213 -411.112 -87.577 
14.093 -411.111 -87.629 
13.964 -411.112 -87.684 
13.853 -411.113 -87.731 
13.715 -411.117 -87.790 
13.646 -411.119 -87.820 
13.521 -411.124 -87.873 
13.420 -411.129 -87.916 
13.317 -411.135 -87.960 
13.251 -411.139 -87.988 
13.163 -411.144 -88.025 
13.110 -411.148 -88.048 
13.017 -411.155 -88.087 
12.915 -411.163 -88.130 
12.828 -411.170 -88.167 
12.702 -411.181 -88.219 
12.625 -411.188 -88.252 
12.488 -411.202 -88.309 
12.408 -411.210 -88.343 
12.319 -411.220 -88.380 
12.244 -411.228 -88.411 
12.133 -411.241 -88.457 
11.994 -411.258 -88.515 
11.891 -411.272 -88.558 
11.767 -411.288 -88.609 
11.682 -411.301 -88.644 
11.622 -411.309 -88.669 
