21.500 -475.892 -70.112 
21.499 -475.805 -70.112 
21.498 -475.694 -70.113 
21.496 -475.600 -70.114 
21.492 -475.460 -70.115 
21.488 -475.354 -70.117 
21.482 -475.212 -70.119 
21.476 -475.104 -70.122 
21.465 -474.934 -70.126 
21.453 -474.769 -70.131 
21.442 -474.634 -70.136 
21.432 -474.526 -70.140 
21.426 -474.462 -70.142 
21.418 -474.386 -70.146 
21.407 -474.281 -70.150 
21.397 -474.190 -70.154 
21.385 -474.087 -70.159 
21.373 -473.990 -70.164 
21.356 -473.865 -70.170 
21.341 -473.757 -70.176 
21.326 -473.653 -70.182 
21.312 -473.564 -70.187 
21.300 -473.486 -70.192 
21.278 -473.353 -70.201 
21.259 -473.239 -70.208 
21.235 -473.106 -70.218 
21.212 -472.981 -70.227 
21.188 -472.860 -70.237 
21.162 -472.729 -70.247 
21.141 -472.632 -70.256 
21.124 -472.553 -70.262 
21.093 -472.413 -70.274 
21.073 -472.325 -70.282 
21.053 -472.241 -70.290 
21.020 -472.106 -70.303 
20.992 -471.993 -70.314 
20.968 -471.902 -70.324 
20.937 -471.784 -70.336 
20.901 -471.653 -70.350 
20.882 -471.585 -70.358 
20.863 -471.518 -70.365 
20.831 -471.407 -70.378 
20.798 -471.295 -70.392 
20.769 -471.201 -70.403 
20.735 -471.090 -70.416 
20.712 -471.019 -70.425 
20.673 -470.897 -70.441 
20.638 -470.791 -70.454 
20.616 -470.726 -70.463 
20.581 -470.621 -70.477 
20.545 -470.517 -70.491 
20.522 -470.453 -70.499 
20.494 -470.372 -70.510 
20.455 -470.265 -70.525 
20.421 -470.172 -70.538 
20.382 -470.067 -70.553 
20.341 -469.959 -70.569 
20.307 -469.869 -70.582 
20.264 -469.760 -70.598 
20.228 -469.670 -70.612 
20.172 -469.533 -70.633 
20.124 -469.415 -70.651 
20.082 -469.316 -70.667 
20.050 -469.239 -70.679 
20.018 -469.164 -70.692 
19.992 -469.104 -70.702 
19.959 -469.029 -70.714 
19.929 -468.961 -70.726 
19.895 -468.884 -70.739 
19.845 -468.773 -70.758 
19.816 -468.710 -70.769 
19.790 -468.651 -70.779 
19.757 -468.581 -70.791 
19.711 -468.482 -70.808 
19.642 -468.334 -70.835 
19.605 -468.258 -70.849 
19.563 -468.169 -70.865 
19.508 -468.058 -70.885 
19.442 -467.924 -70.910 
19.405 -467.851 -70.923 
19.352 -467.747 -70.942 
19.310 -467.664 -70.958 
19.268 -467.583 -70.973 
19.223 -467.497 -70.990 
19.173 -467.402 -71.008 
19.135 -467.330 -71.022 
19.083 -467.233 -71.041 
19.046 -467.165 -71.054 
19.007 -467.093 -71.068 
18.954 -466.998 -71.087 
18.897 -466.895 -71.108 
18.833 -466.783 -71.131 
18.768 -466.670 -71.154 
18.690 -466.535 -71.181 
18.616 -466.410 -71.207 
18.586 -466.360 -71.217 
18.532 -466.270 -71.236 
18.476 -466.178 -71.256 
18.419 -466.085 -71.275 
18.367 -466.000 -71.293 
18.298 -465.888 -71.317 
18.228 -465.777 -71.341 
18.197 -465.726 -71.352 
18.140 -465.637 -71.371 
18.090 -465.558 -71.388 
18.011 -465.435 -71.414 
17.945 -465.332 -71.436 
17.881 -465.233 -71.457 
17.833 -465.158 -71.472 
17.773 -465.066 -71.492 
17.726 -464.995 -71.507 
17.651 -464.882 -71.531 
17.584 -464.782 -71.552 
17.526 -464.695 -71.570 
17.467 -464.607 -71.588 
17.418 -464.535 -71.603 
17.357 -464.446 -71.621 
17.309 -464.375 -71.636 
17.253 -464.293 -71.653 
17.210 -464.229 -71.666 
17.162 -464.160 -71.680 
17.098 -464.068 -71.699 
17.044 -463.990 -71.715 
16.997 -463.924 -71.728 
16.950 -463.857 -71.742 
16.886 -463.765 -71.760 
16.829 -463.685 -71.776 
16.769 -463.601 -71.793 
16.727 -463.542 -71.805 
16.685 -463.485 -71.816 
16.630 -463.408 -71.831 
16.563 -463.317 -71.850 
16.478 -463.201 -71.874 
16.423 -463.126 -71.889 
16.368 -463.052 -71.904 
16.319 -462.986 -71.917 
16.252 -462.896 -71.936 
16.195 -462.821 -71.951 
16.158 -462.772 -71.961 
16.099 -462.693 -71.977 
16.034 -462.608 -71.994 
15.981 -462.537 -72.008 
15.928 -462.468 -72.022 
15.881 -462.408 -72.034 
15.809 -462.315 -72.052 
15.754 -462.244 -72.066 
15.699 -462.173 -72.080 
15.647 -462.106 -72.093 
15.583 -462.025 -72.109 
15.545 -461.977 -72.118 
15.481 -461.897 -72.134 
15.418 -461.817 -72.150 
15.332 -461.709 -72.171 
15.266 -461.627 -72.187 
15.218 -461.566 -72.199 
15.158 -461.492 -72.214 
15.076 -461.392 -72.233 
15.018 -461.321 -72.247 
14.935 -461.218 -72.268 
14.871 -461.142 -72.283 
14.812 -461.070 -72.297 
14.749 -460.995 -72.311 
14.638 -460.863 -72.336 
14.569 -460.781 -72.352 
14.508 -460.709 -72.366 
14.454 -460.646 -72.378 
14.413 -460.598 -72.387 
14.346 -460.520 -72.402 
14.281 -460.445 -72.416 
14.242 -460.400 -72.425 
14.167 -460.314 -72.441 
14.109 -460.248 -72.454 
