24.700 -458.391 -70.112 
24.698 -458.287 -70.113 
24.696 -458.168 -70.113 
24.692 -458.038 -70.115 
24.687 -457.910 -70.117 
24.682 -457.798 -70.119 
24.676 -457.682 -70.121 
24.667 -457.548 -70.125 
24.657 -457.415 -70.128 
24.652 -457.349 -70.131 
24.642 -457.239 -70.134 
24.633 -457.145 -70.138 
24.621 -457.033 -70.142 
24.607 -456.906 -70.148 
24.595 -456.806 -70.153 
24.579 -456.679 -70.159 
24.570 -456.615 -70.163 
24.553 -456.496 -70.170 
24.531 -456.349 -70.179 
24.515 -456.248 -70.186 
24.497 -456.146 -70.193 
24.472 -456.005 -70.204 
24.449 -455.882 -70.213 
24.432 -455.794 -70.220 
24.415 -455.707 -70.227 
24.404 -455.653 -70.232 
24.387 -455.576 -70.239 
24.365 -455.475 -70.248 
24.346 -455.391 -70.256 
24.324 -455.294 -70.265 
24.296 -455.179 -70.276 
24.264 -455.052 -70.289 
24.238 -454.952 -70.300 
24.214 -454.862 -70.309 
24.182 -454.745 -70.322 
24.161 -454.669 -70.331 
24.111 -454.496 -70.351 
24.069 -454.359 -70.368 
24.037 -454.255 -70.382 
24.009 -454.166 -70.394 
23.960 -454.018 -70.414 
23.936 -453.946 -70.424 
23.904 -453.853 -70.437 
23.884 -453.796 -70.446 
23.845 -453.689 -70.462 
23.814 -453.603 -70.475 
23.791 -453.543 -70.485 
23.741 -453.411 -70.506 
23.695 -453.294 -70.526 
23.679 -453.255 -70.533 
23.647 -453.176 -70.546 
23.606 -453.076 -70.564 
23.552 -452.947 -70.587 
23.527 -452.889 -70.598 
23.489 -452.804 -70.614 
23.453 -452.721 -70.629 
23.410 -452.628 -70.647 
23.377 -452.556 -70.661 
23.318 -452.431 -70.686 
23.271 -452.334 -70.705 
23.235 -452.260 -70.721 
23.191 -452.171 -70.739 
23.141 -452.072 -70.760 
23.087 -451.967 -70.783 
23.048 -451.892 -70.799 
23.000 -451.800 -70.819 
22.942 -451.692 -70.844 
22.905 -451.624 -70.859 
22.865 -451.551 -70.876 
22.817 -451.466 -70.896 
22.787 -451.412 -70.909 
22.735 -451.322 -70.930 
22.663 -451.198 -70.961 
22.605 -451.100 -70.985 
22.558 -451.023 -71.005 
22.499 -450.927 -71.029 
22.438 -450.830 -71.055 
22.376 -450.732 -71.081 
22.324 -450.652 -71.103 
22.284 -450.592 -71.119 
22.234 -450.516 -71.140 
22.162 -450.410 -71.170 
22.102 -450.324 -71.195 
22.021 -450.209 -71.228 
21.971 -450.139 -71.249 
21.908 -450.053 -71.275 
21.850 -449.973 -71.300 
21.792 -449.896 -71.324 
21.727 -449.809 -71.351 
21.672 -449.737 -71.373 
21.608 -449.654 -71.400 
21.551 -449.581 -71.423 
21.494 -449.508 -71.447 
21.434 -449.433 -71.472 
21.356 -449.337 -71.504 
21.297 -449.265 -71.529 
21.252 -449.211 -71.547 
21.200 -449.149 -71.568 
21.126 -449.062 -71.599 
21.050 -448.972 -71.631 
20.953 -448.862 -71.671 
20.875 -448.775 -71.703 
20.781 -448.671 -71.742 
20.707 -448.591 -71.773 
20.651 -448.531 -71.796 
20.588 -448.463 -71.822 
20.543 -448.417 -71.840 
20.480 -448.351 -71.866 
20.426 -448.295 -71.888 
20.359 -448.227 -71.915 
20.285 -448.152 -71.946 
20.232 -448.100 -71.967 
20.159 -448.028 -71.997 
20.100 -447.971 -72.021 
20.054 -447.926 -72.040 
19.962 -447.838 -72.077 
19.893 -447.773 -72.105 
19.777 -447.666 -72.152 
19.660 -447.560 -72.199 
19.593 -447.500 -72.226 
19.503 -447.420 -72.262 
19.417 -447.345 -72.297 
19.305 -447.248 -72.342 
19.241 -447.193 -72.368 
19.127 -447.098 -72.413 
19.059 -447.042 -72.440 
18.960 -446.961 -72.480 
18.884 -446.900 -72.511 
18.811 -446.842 -72.540 
18.731 -446.779 -72.572 
18.664 -446.727 -72.598 
18.575 -446.659 -72.634 
18.500 -446.601 -72.664 
18.415 -446.537 -72.698 
18.325 -446.471 -72.733 
18.276 -446.435 -72.753 
18.225 -446.398 -72.773 
18.160 -446.352 -72.798 
18.082 -446.296 -72.829 
18.019 -446.251 -72.854 
17.946 -446.200 -72.883 
17.881 -446.155 -72.909 
17.752 -446.067 -72.959 
17.623 -445.980 -73.010 
17.540 -445.925 -73.042 
17.433 -445.855 -73.084 
17.372 -445.816 -73.108 
17.290 -445.763 -73.140 
17.218 -445.717 -73.168 
17.124 -445.658 -73.204 
17.027 -445.598 -73.242 
16.908 -445.525 -73.287 
16.814 -445.468 -73.324 
16.725 -445.415 -73.358 
16.649 -445.370 -73.387 
16.597 -445.339 -73.407 
16.530 -445.300 -73.433 
16.438 -445.246 -73.468 
16.347 -445.194 -73.503 
16.273 -445.152 -73.531 
16.197 -445.109 -73.560 
16.141 -445.078 -73.581 
16.020 -445.011 -73.627 
15.922 -444.958 -73.664 
15.826 -444.906 -73.701 
15.749 -444.865 -73.730 
15.649 -444.812 -73.768 
15.580 -444.776 -73.794 
15.535 -444.753 -73.811 
15.415 -444.691 -73.856 
15.313 -444.638 -73.894 
15.213 -444.587 -73.931 
15.120 -444.540 -73.966 
15.056 -444.507 -73.990 
14.958 -444.458 -74.026 
14.863 -444.410 -74.061 
14.783 -444.370 -74.091 
14.680 -444.319 -74.129 
14.602 -444.282 -74.157 
14.499 -444.231 -74.195 
14.412 -444.190 -74.226 
14.326 -444.148 -74.258 
14.270 -444.121 -74.278 
14.152 -444.066 -74.320 
