26.393 -423.624 -82.404 
26.376 -423.472 -82.412 
26.362 -423.350 -82.419 
26.349 -423.240 -82.426 
26.334 -423.130 -82.433 
26.318 -423.010 -82.442 
26.307 -422.935 -82.447 
26.291 -422.833 -82.454 
26.275 -422.733 -82.461 
26.255 -422.613 -82.470 
26.237 -422.506 -82.479 
26.213 -422.372 -82.489 
26.182 -422.211 -82.503 
26.160 -422.103 -82.513 
26.141 -422.010 -82.521 
26.125 -421.930 -82.529 
26.108 -421.853 -82.536 
26.082 -421.737 -82.547 
26.056 -421.625 -82.558 
26.032 -421.525 -82.569 
26.004 -421.413 -82.581 
25.971 -421.280 -82.596 
25.945 -421.179 -82.607 
25.915 -421.069 -82.620 
25.881 -420.945 -82.635 
25.857 -420.862 -82.646 
25.829 -420.765 -82.658 
25.794 -420.649 -82.673 
25.761 -420.541 -82.687 
25.743 -420.481 -82.696 
25.714 -420.391 -82.708 
25.684 -420.297 -82.721 
25.654 -420.206 -82.734 
25.616 -420.092 -82.751 
25.594 -420.025 -82.761 
25.555 -419.912 -82.778 
25.527 -419.832 -82.790 
25.493 -419.737 -82.805 
25.466 -419.664 -82.816 
25.430 -419.564 -82.832 
25.387 -419.450 -82.851 
25.355 -419.366 -82.864 
25.325 -419.287 -82.878 
25.284 -419.182 -82.895 
25.254 -419.107 -82.908 
25.219 -419.020 -82.923 
25.188 -418.944 -82.937 
25.154 -418.863 -82.951 
25.137 -418.821 -82.959 
25.111 -418.759 -82.970 
25.067 -418.656 -82.989 
25.028 -418.565 -83.006 
24.982 -418.462 -83.025 
24.935 -418.356 -83.045 
24.892 -418.262 -83.063 
24.854 -418.179 -83.080 
24.821 -418.110 -83.093 
24.780 -418.024 -83.111 
24.751 -417.963 -83.123 
24.719 -417.898 -83.137 
24.677 -417.814 -83.154 
24.623 -417.707 -83.177 
24.579 -417.621 -83.196 
24.541 -417.548 -83.212 
24.486 -417.444 -83.235 
24.434 -417.348 -83.257 
24.383 -417.255 -83.278 
24.338 -417.176 -83.296 
24.291 -417.093 -83.316 
24.236 -416.998 -83.338 
24.185 -416.909 -83.359 
24.120 -416.800 -83.385 
24.067 -416.713 -83.407 
24.011 -416.621 -83.430 
23.956 -416.533 -83.453 
23.905 -416.452 -83.474 
23.837 -416.347 -83.501 
23.796 -416.284 -83.518 
23.740 -416.201 -83.541 
23.670 -416.096 -83.570 
23.605 -416.002 -83.596 
23.567 -415.949 -83.612 
23.507 -415.865 -83.636 
23.429 -415.758 -83.668 
23.360 -415.664 -83.696 
23.294 -415.577 -83.723 
23.233 -415.498 -83.748 
23.171 -415.419 -83.773 
23.115 -415.349 -83.796 
23.057 -415.277 -83.820 
23.007 -415.217 -83.841 
22.946 -415.143 -83.866 
22.879 -415.065 -83.893 
22.819 -414.996 -83.917 
22.753 -414.920 -83.944 
22.708 -414.869 -83.962 
22.643 -414.797 -83.988 
22.557 -414.703 -84.024 
22.474 -414.615 -84.058 
22.415 -414.552 -84.082 
22.354 -414.490 -84.107 
22.307 -414.442 -84.126 
22.250 -414.385 -84.149 
22.186 -414.322 -84.175 
22.093 -414.231 -84.213 
21.997 -414.141 -84.252 
21.915 -414.064 -84.286 
21.815 -413.973 -84.327 
21.751 -413.915 -84.353 
21.664 -413.838 -84.389 
21.585 -413.770 -84.421 
21.509 -413.705 -84.452 
21.442 -413.649 -84.479 
21.367 -413.588 -84.510 
21.296 -413.530 -84.539 
21.190 -413.446 -84.582 
21.114 -413.387 -84.612 
21.031 -413.324 -84.646 
20.980 -413.286 -84.666 
20.897 -413.224 -84.700 
20.781 -413.140 -84.747 
20.698 -413.082 -84.780 
20.622 -413.029 -84.811 
20.533 -412.968 -84.847 
20.446 -412.910 -84.882 
20.372 -412.861 -84.911 
20.270 -412.796 -84.952 
20.179 -412.738 -84.989 
20.078 -412.676 -85.030 
20.018 -412.640 -85.055 
19.914 -412.579 -85.097 
19.797 -412.512 -85.145 
19.707 -412.462 -85.181 
19.652 -412.432 -85.204 
19.592 -412.399 -85.228 
19.495 -412.347 -85.268 
19.410 -412.303 -85.302 
19.271 -412.232 -85.359 
19.209 -412.201 -85.384 
19.122 -412.159 -85.420 
19.054 -412.126 -85.448 
18.938 -412.072 -85.496 
18.829 -412.023 -85.540 
18.746 -411.986 -85.575 
18.658 -411.948 -85.611 
18.573 -411.912 -85.646 
18.499 -411.882 -85.676 
18.416 -411.848 -85.710 
18.334 -411.816 -85.744 
18.235 -411.777 -85.785 
18.143 -411.743 -85.822 
18.061 -411.712 -85.856 
17.960 -411.675 -85.897 
17.884 -411.649 -85.929 
17.747 -411.602 -85.985 
17.677 -411.579 -86.014 
17.607 -411.556 -86.042 
17.541 -411.535 -86.069 
17.414 -411.496 -86.121 
17.323 -411.468 -86.158 
17.239 -411.444 -86.192 
17.162 -411.422 -86.224 
17.101 -411.406 -86.248 
17.032 -411.387 -86.276 
16.949 -411.365 -86.310 
16.887 -411.349 -86.335 
16.825 -411.333 -86.361 
16.713 -411.305 -86.406 
16.642 -411.288 -86.435 
16.522 -411.261 -86.483 
16.460 -411.247 -86.508 
16.373 -411.228 -86.543 
16.255 -411.203 -86.591 
16.186 -411.190 -86.619 
16.070 -411.167 -86.666 
15.943 -411.145 -86.717 
15.798 -411.120 -86.775 
15.718 -411.107 -86.807 
15.621 -411.091 -86.846 
15.542 -411.080 -86.878 
15.447 -411.066 -86.916 
15.357 -411.054 -86.952 
15.257 -411.042 -86.992 
15.128 -411.027 -87.044 
15.017 -411.016 -87.089 
14.929 -411.008 -87.124 
14.801 -410.997 -87.175 
14.702 -410.989 -87.215 
14.592 -410.982 -87.258 
14.526 -410.978 -87.285 
14.450 -410.974 -87.315 
14.380 -410.971 -87.342 
14.269 -410.967 -87.386 
14.185 -410.965 -87.420 
14.103 -410.963 -87.452 
14.003 -410.962 -87.492 
13.961 -410.962 -87.509 
13.844 -410.962 -87.555 
13.793 -410.962 -87.576 
13.683 -410.963 -87.620 
13.582 -410.966 -87.660 
13.428 -410.970 -87.721 
13.317 -410.974 -87.766 
13.221 -410.978 -87.803 
13.130 -410.982 -87.839 
13.042 -410.986 -87.874 
12.957 -410.991 -87.908 
12.880 -410.996 -87.938 
12.813 -411.000 -87.965 
12.757 -411.004 -87.987 
12.649 -411.011 -88.030 
12.577 -411.017 -88.058 
12.473 -411.025 -88.099 
12.400 -411.031 -88.127 
12.291 -411.041 -88.169 
12.164 -411.053 -88.219 
12.057 -411.064 -88.260 
11.998 -411.070 -88.283 
11.892 -411.081 -88.324 
11.793 -411.093 -88.362 
11.706 -411.103 -88.395 
11.613 -411.114 -88.431 
11.544 -411.123 -88.457 
11.455 -411.134 -88.491 
