24.700 -458.409 -70.112 
24.699 -458.342 -70.112 
24.698 -458.234 -70.113 
24.695 -458.117 -70.114 
24.694 -458.063 -70.114 
24.688 -457.897 -70.117 
24.684 -457.811 -70.118 
24.679 -457.695 -70.121 
24.671 -457.572 -70.123 
24.665 -457.479 -70.126 
24.656 -457.354 -70.129 
24.648 -457.255 -70.132 
24.639 -457.154 -70.136 
24.630 -457.061 -70.139 
24.623 -456.996 -70.142 
24.610 -456.874 -70.147 
24.598 -456.769 -70.152 
24.582 -456.640 -70.158 
24.572 -456.566 -70.162 
24.554 -456.436 -70.169 
24.535 -456.304 -70.177 
24.520 -456.210 -70.182 
24.506 -456.122 -70.188 
24.492 -456.041 -70.194 
24.466 -455.899 -70.204 
24.439 -455.756 -70.215 
24.411 -455.614 -70.226 
24.391 -455.520 -70.234 
24.369 -455.416 -70.243 
24.341 -455.291 -70.254 
24.322 -455.206 -70.262 
24.303 -455.126 -70.270 
24.277 -455.021 -70.281 
24.257 -454.940 -70.289 
24.232 -454.842 -70.299 
24.197 -454.710 -70.313 
24.177 -454.635 -70.322 
24.156 -454.561 -70.330 
24.127 -454.459 -70.342 
24.106 -454.388 -70.351 
24.085 -454.316 -70.359 
24.055 -454.219 -70.372 
24.027 -454.128 -70.383 
23.998 -454.038 -70.395 
23.971 -453.955 -70.406 
23.946 -453.881 -70.416 
23.905 -453.760 -70.434 
23.862 -453.636 -70.452 
23.842 -453.580 -70.460 
23.796 -453.451 -70.480 
23.757 -453.347 -70.496 
23.718 -453.241 -70.513 
23.676 -453.135 -70.531 
23.655 -453.080 -70.541 
23.619 -452.991 -70.556 
23.584 -452.905 -70.571 
23.533 -452.782 -70.593 
23.496 -452.695 -70.610 
23.465 -452.623 -70.624 
23.422 -452.526 -70.642 
23.381 -452.436 -70.660 
23.336 -452.337 -70.680 
23.280 -452.218 -70.705 
23.250 -452.156 -70.717 
23.210 -452.074 -70.735 
23.157 -451.967 -70.757 
23.120 -451.893 -70.773 
23.080 -451.814 -70.791 
23.035 -451.727 -70.810 
22.991 -451.643 -70.829 
22.937 -451.543 -70.851 
22.892 -451.460 -70.871 
22.849 -451.382 -70.889 
22.792 -451.278 -70.913 
22.726 -451.162 -70.942 
22.673 -451.072 -70.964 
22.618 -450.978 -70.988 
22.557 -450.878 -71.013 
22.502 -450.788 -71.036 
22.443 -450.693 -71.061 
22.397 -450.619 -71.081 
22.339 -450.528 -71.106 
22.292 -450.456 -71.126 
22.241 -450.378 -71.147 
22.176 -450.280 -71.175 
22.109 -450.182 -71.203 
22.058 -450.108 -71.225 
22.006 -450.033 -71.246 
21.936 -449.934 -71.276 
21.902 -449.886 -71.290 
21.835 -449.794 -71.318 
21.777 -449.716 -71.342 
21.700 -449.613 -71.374 
21.655 -449.553 -71.393 
21.575 -449.449 -71.426 
21.506 -449.361 -71.455 
21.438 -449.275 -71.483 
21.380 -449.203 -71.508 
21.296 -449.101 -71.543 
21.225 -449.014 -71.572 
21.140 -448.915 -71.607 
21.097 -448.864 -71.625 
21.019 -448.775 -71.657 
20.944 -448.689 -71.688 
20.860 -448.595 -71.723 
20.786 -448.514 -71.753 
20.729 -448.451 -71.777 
20.668 -448.386 -71.802 
20.606 -448.320 -71.827 
20.567 -448.278 -71.843 
20.513 -448.222 -71.865 
20.474 -448.182 -71.881 
20.405 -448.111 -71.909 
20.318 -448.023 -71.944 
20.258 -447.963 -71.969 
20.187 -447.893 -71.998 
20.121 -447.828 -72.024 
20.065 -447.773 -72.047 
19.994 -447.706 -72.076 
19.934 -447.649 -72.100 
19.852 -447.571 -72.133 
19.780 -447.503 -72.162 
19.673 -447.404 -72.205 
19.611 -447.347 -72.230 
19.499 -447.246 -72.275 
19.421 -447.177 -72.307 
19.339 -447.105 -72.339 
19.248 -447.026 -72.376 
19.159 -446.950 -72.412 
19.101 -446.901 -72.435 
19.009 -446.823 -72.473 
18.929 -446.757 -72.505 
18.862 -446.701 -72.532 
18.774 -446.630 -72.567 
18.696 -446.567 -72.599 
18.620 -446.506 -72.629 
18.546 -446.448 -72.658 
18.467 -446.386 -72.690 
18.411 -446.343 -72.712 
18.354 -446.299 -72.735 
18.256 -446.225 -72.774 
18.209 -446.190 -72.793 
18.117 -446.122 -72.830 
18.044 -446.069 -72.858 
17.966 -446.011 -72.889 
17.909 -445.971 -72.912 
17.808 -445.899 -72.951 
17.740 -445.852 -72.978 
17.674 -445.805 -73.004 
17.581 -445.742 -73.041 
17.497 -445.684 -73.074 
17.377 -445.604 -73.121 
17.276 -445.537 -73.161 
17.197 -445.485 -73.192 
17.118 -445.434 -73.222 
17.042 -445.385 -73.252 
16.981 -445.346 -73.275 
16.903 -445.297 -73.306 
16.833 -445.253 -73.333 
16.769 -445.213 -73.357 
16.670 -445.151 -73.396 
16.582 -445.098 -73.429 
16.491 -445.042 -73.465 
16.383 -444.977 -73.506 
16.262 -444.906 -73.553 
16.205 -444.872 -73.575 
16.097 -444.809 -73.617 
16.016 -444.763 -73.648 
15.916 -444.706 -73.686 
15.826 -444.655 -73.720 
15.723 -444.598 -73.760 
15.680 -444.574 -73.776 
15.604 -444.531 -73.805 
15.540 -444.496 -73.830 
15.461 -444.452 -73.860 
15.381 -444.408 -73.890 
15.298 -444.363 -73.922 
15.198 -444.309 -73.959 
15.134 -444.274 -73.984 
15.043 -444.226 -74.018 
14.962 -444.183 -74.048 
14.895 -444.148 -74.073 
14.822 -444.109 -74.100 
14.697 -444.044 -74.146 
14.624 -444.007 -74.173 
14.538 -443.963 -74.204 
14.415 -443.900 -74.249 
14.341 -443.862 -74.276 
14.237 -443.810 -74.314 
14.124 -443.753 -74.355 
