21.500 -475.888 -70.112 
21.499 -475.805 -70.113 
21.497 -475.709 -70.113 
21.494 -475.565 -70.115 
21.490 -475.457 -70.117 
21.485 -475.335 -70.119 
21.480 -475.237 -70.121 
21.470 -475.068 -70.125 
21.463 -474.958 -70.128 
21.456 -474.868 -70.131 
21.448 -474.774 -70.134 
21.442 -474.698 -70.137 
21.431 -474.586 -70.142 
21.421 -474.485 -70.146 
21.410 -474.378 -70.151 
21.396 -474.255 -70.157 
21.386 -474.171 -70.162 
21.376 -474.088 -70.166 
21.359 -473.960 -70.174 
21.341 -473.828 -70.182 
21.328 -473.739 -70.188 
21.312 -473.637 -70.195 
21.298 -473.548 -70.202 
21.278 -473.425 -70.211 
21.260 -473.322 -70.218 
21.242 -473.220 -70.226 
21.225 -473.131 -70.234 
21.211 -473.053 -70.240 
21.188 -472.939 -70.251 
21.170 -472.848 -70.259 
21.148 -472.744 -70.269 
21.118 -472.606 -70.283 
21.089 -472.478 -70.296 
21.071 -472.404 -70.304 
21.049 -472.310 -70.314 
21.028 -472.223 -70.324 
21.004 -472.128 -70.335 
20.983 -472.045 -70.344 
20.949 -471.918 -70.359 
20.924 -471.825 -70.370 
20.908 -471.766 -70.377 
20.891 -471.705 -70.385 
20.872 -471.635 -70.394 
20.842 -471.533 -70.406 
20.811 -471.427 -70.420 
20.772 -471.293 -70.437 
20.749 -471.218 -70.446 
20.719 -471.120 -70.459 
20.679 -470.997 -70.476 
20.655 -470.922 -70.486 
20.623 -470.822 -70.499 
20.580 -470.695 -70.517 
20.557 -470.628 -70.527 
20.525 -470.535 -70.540 
20.494 -470.447 -70.553 
20.454 -470.336 -70.569 
20.431 -470.273 -70.578 
20.411 -470.217 -70.587 
20.383 -470.141 -70.598 
20.350 -470.053 -70.611 
20.318 -469.970 -70.624 
20.271 -469.845 -70.643 
20.223 -469.722 -70.662 
20.177 -469.606 -70.680 
20.137 -469.506 -70.696 
20.093 -469.398 -70.714 
20.045 -469.284 -70.733 
19.996 -469.165 -70.753 
19.943 -469.041 -70.774 
19.903 -468.950 -70.790 
19.856 -468.843 -70.809 
19.816 -468.752 -70.825 
19.770 -468.649 -70.843 
19.738 -468.577 -70.856 
19.701 -468.498 -70.870 
19.662 -468.414 -70.886 
19.622 -468.328 -70.902 
19.563 -468.203 -70.925 
19.524 -468.122 -70.941 
19.479 -468.029 -70.958 
19.447 -467.964 -70.971 
19.415 -467.899 -70.984 
19.372 -467.812 -71.001 
19.336 -467.742 -71.015 
19.294 -467.658 -71.032 
19.248 -467.570 -71.049 
19.200 -467.478 -71.068 
19.174 -467.429 -71.078 
19.137 -467.359 -71.093 
19.098 -467.285 -71.108 
19.058 -467.212 -71.123 
19.008 -467.119 -71.143 
18.953 -467.019 -71.164 
18.887 -466.901 -71.189 
18.840 -466.817 -71.207 
18.793 -466.734 -71.224 
18.735 -466.632 -71.246 
18.680 -466.536 -71.267 
18.638 -466.464 -71.283 
18.601 -466.400 -71.296 
18.564 -466.338 -71.310 
18.521 -466.264 -71.326 
18.456 -466.155 -71.350 
18.416 -466.088 -71.364 
18.356 -465.989 -71.386 
18.304 -465.903 -71.405 
18.255 -465.824 -71.423 
18.184 -465.708 -71.448 
18.138 -465.635 -71.465 
18.098 -465.569 -71.479 
18.053 -465.498 -71.495 
17.994 -465.403 -71.516 
17.904 -465.261 -71.548 
17.844 -465.167 -71.569 
17.798 -465.096 -71.585 
17.740 -465.005 -71.605 
17.678 -464.910 -71.626 
17.615 -464.812 -71.648 
17.555 -464.721 -71.668 
17.488 -464.619 -71.691 
17.429 -464.530 -71.711 
17.368 -464.437 -71.732 
17.302 -464.338 -71.754 
17.256 -464.270 -71.769 
17.233 -464.236 -71.776 
17.202 -464.190 -71.786 
17.150 -464.114 -71.803 
17.106 -464.050 -71.818 
17.044 -463.958 -71.838 
16.971 -463.853 -71.861 
16.900 -463.751 -71.884 
16.831 -463.651 -71.906 
16.768 -463.563 -71.926 
16.715 -463.487 -71.942 
16.650 -463.395 -71.963 
16.573 -463.286 -71.987 
16.509 -463.197 -72.006 
16.443 -463.105 -72.027 
16.372 -463.007 -72.048 
16.338 -462.960 -72.059 
16.285 -462.888 -72.074 
16.220 -462.800 -72.094 
16.162 -462.720 -72.111 
16.125 -462.670 -72.122 
16.078 -462.606 -72.136 
16.006 -462.510 -72.157 
15.972 -462.464 -72.167 
15.905 -462.376 -72.186 
15.858 -462.312 -72.200 
15.800 -462.236 -72.217 
15.691 -462.092 -72.249 
15.633 -462.017 -72.265 
15.552 -461.912 -72.288 
15.489 -461.830 -72.306 
15.396 -461.711 -72.333 
15.341 -461.641 -72.349 
15.300 -461.589 -72.360 
15.247 -461.521 -72.375 
15.195 -461.455 -72.389 
15.154 -461.403 -72.401 
15.099 -461.333 -72.416 
15.024 -461.239 -72.437 
14.967 -461.169 -72.452 
14.905 -461.091 -72.469 
14.841 -461.012 -72.487 
14.784 -460.942 -72.502 
14.721 -460.864 -72.519 
14.652 -460.780 -72.538 
14.576 -460.687 -72.558 
14.535 -460.638 -72.569 
14.471 -460.561 -72.586 
14.401 -460.477 -72.605 
14.323 -460.383 -72.626 
14.274 -460.326 -72.639 
14.207 -460.246 -72.657 
14.133 -460.159 -72.677 
