24.700 -458.410 -70.112 
24.698 -458.286 -70.113 
24.697 -458.199 -70.113 
24.695 -458.130 -70.114 
24.693 -458.043 -70.115 
24.690 -457.959 -70.117 
24.686 -457.874 -70.119 
24.682 -457.798 -70.121 
24.674 -457.658 -70.124 
24.668 -457.557 -70.128 
24.659 -457.431 -70.132 
24.650 -457.320 -70.136 
24.644 -457.262 -70.139 
24.635 -457.163 -70.143 
24.624 -457.052 -70.149 
24.615 -456.971 -70.153 
24.601 -456.853 -70.159 
24.594 -456.795 -70.163 
24.582 -456.699 -70.168 
24.562 -456.556 -70.177 
24.547 -456.448 -70.184 
24.531 -456.345 -70.191 
24.511 -456.225 -70.200 
24.490 -456.104 -70.209 
24.472 -456.002 -70.216 
24.457 -455.921 -70.223 
24.440 -455.836 -70.230 
24.412 -455.696 -70.241 
24.391 -455.593 -70.250 
24.370 -455.498 -70.259 
24.346 -455.392 -70.269 
24.330 -455.323 -70.275 
24.301 -455.200 -70.287 
24.275 -455.098 -70.298 
24.249 -454.993 -70.309 
24.224 -454.898 -70.319 
24.203 -454.820 -70.328 
24.176 -454.720 -70.339 
24.148 -454.621 -70.351 
24.119 -454.521 -70.363 
24.085 -454.404 -70.377 
24.058 -454.315 -70.388 
24.022 -454.199 -70.403 
23.973 -454.047 -70.424 
23.939 -453.944 -70.438 
23.901 -453.833 -70.453 
23.862 -453.721 -70.470 
23.823 -453.612 -70.486 
23.782 -453.500 -70.503 
23.739 -453.388 -70.521 
23.702 -453.291 -70.536 
23.665 -453.198 -70.552 
23.622 -453.090 -70.570 
23.582 -452.992 -70.587 
23.527 -452.863 -70.609 
23.474 -452.740 -70.631 
23.433 -452.648 -70.648 
23.367 -452.503 -70.675 
23.326 -452.417 -70.692 
23.267 -452.293 -70.717 
23.233 -452.222 -70.731 
23.177 -452.110 -70.754 
23.125 -452.007 -70.776 
23.083 -451.924 -70.794 
23.040 -451.842 -70.812 
22.976 -451.721 -70.839 
22.939 -451.652 -70.854 
22.880 -451.543 -70.878 
22.832 -451.457 -70.898 
22.784 -451.373 -70.918 
22.727 -451.274 -70.941 
22.670 -451.175 -70.965 
22.626 -451.101 -70.984 
22.585 -451.033 -71.001 
22.529 -450.942 -71.024 
22.474 -450.853 -71.047 
22.409 -450.750 -71.074 
22.354 -450.664 -71.098 
22.312 -450.599 -71.116 
22.257 -450.514 -71.139 
22.237 -450.485 -71.147 
22.160 -450.370 -71.180 
22.108 -450.294 -71.202 
22.057 -450.221 -71.223 
22.014 -450.159 -71.242 
21.963 -450.087 -71.263 
21.901 -450.001 -71.289 
21.869 -449.956 -71.303 
21.827 -449.899 -71.320 
21.752 -449.797 -71.352 
21.703 -449.731 -71.372 
21.649 -449.660 -71.395 
21.576 -449.565 -71.425 
21.494 -449.459 -71.460 
21.432 -449.380 -71.485 
21.365 -449.295 -71.513 
21.316 -449.235 -71.534 
21.237 -449.137 -71.567 
21.127 -449.005 -71.613 
21.093 -448.965 -71.627 
21.040 -448.902 -71.650 
20.960 -448.810 -71.683 
20.894 -448.733 -71.711 
20.820 -448.650 -71.742 
20.746 -448.568 -71.773 
20.682 -448.497 -71.800 
20.603 -448.411 -71.833 
20.557 -448.361 -71.852 
20.491 -448.291 -71.880 
20.443 -448.240 -71.900 
20.383 -448.177 -71.925 
20.321 -448.113 -71.951 
20.233 -448.023 -71.987 
20.148 -447.937 -72.023 
20.076 -447.866 -72.053 
19.995 -447.787 -72.086 
19.923 -447.717 -72.116 
19.836 -447.633 -72.151 
19.764 -447.566 -72.181 
19.694 -447.500 -72.209 
19.637 -447.447 -72.233 
19.570 -447.386 -72.260 
19.529 -447.348 -72.277 
19.461 -447.287 -72.304 
19.370 -447.206 -72.341 
19.285 -447.131 -72.376 
19.209 -447.064 -72.407 
19.113 -446.981 -72.446 
19.015 -446.898 -72.486 
18.939 -446.834 -72.517 
18.881 -446.785 -72.541 
18.817 -446.732 -72.567 
18.722 -446.655 -72.606 
18.625 -446.577 -72.645 
18.578 -446.539 -72.664 
18.485 -446.465 -72.702 
18.398 -446.397 -72.737 
18.311 -446.330 -72.773 
18.247 -446.282 -72.798 
18.150 -446.208 -72.838 
18.111 -446.180 -72.853 
18.043 -446.130 -72.881 
17.972 -446.078 -72.909 
17.907 -446.031 -72.935 
17.804 -445.957 -72.976 
17.716 -445.896 -73.011 
17.624 -445.831 -73.048 
17.584 -445.804 -73.064 
17.498 -445.745 -73.098 
17.429 -445.698 -73.125 
17.371 -445.659 -73.148 
17.305 -445.615 -73.174 
17.208 -445.551 -73.212 
17.105 -445.485 -73.252 
17.005 -445.420 -73.291 
16.962 -445.393 -73.308 
16.880 -445.341 -73.339 
16.796 -445.288 -73.372 
16.698 -445.227 -73.409 
16.592 -445.163 -73.450 
16.495 -445.104 -73.487 
16.436 -445.070 -73.509 
16.340 -445.012 -73.546 
16.254 -444.962 -73.578 
16.183 -444.920 -73.606 
16.111 -444.879 -73.633 
16.013 -444.823 -73.669 
15.885 -444.751 -73.717 
15.792 -444.699 -73.752 
15.735 -444.668 -73.773 
15.640 -444.615 -73.809 
15.549 -444.566 -73.842 
15.431 -444.502 -73.886 
15.326 -444.445 -73.925 
15.251 -444.405 -73.952 
15.182 -444.368 -73.978 
15.070 -444.309 -74.019 
14.966 -444.255 -74.057 
14.852 -444.195 -74.098 
14.742 -444.138 -74.138 
14.633 -444.082 -74.177 
14.522 -444.026 -74.217 
14.388 -443.958 -74.265 
14.272 -443.900 -74.305 
14.168 -443.848 -74.342 
14.106 -443.817 -74.364 
