21.500 -475.961 -70.112 
21.499 -475.818 -70.112 
21.497 -475.707 -70.113 
21.495 -475.603 -70.114 
21.489 -475.436 -70.116 
21.485 -475.334 -70.118 
21.480 -475.247 -70.120 
21.472 -475.105 -70.123 
21.464 -474.985 -70.126 
21.456 -474.881 -70.129 
21.444 -474.732 -70.134 
21.436 -474.640 -70.138 
21.422 -474.507 -70.143 
21.414 -474.426 -70.147 
21.407 -474.366 -70.149 
21.396 -474.268 -70.154 
21.379 -474.135 -70.161 
21.370 -474.062 -70.165 
21.358 -473.972 -70.170 
21.342 -473.858 -70.176 
21.327 -473.760 -70.182 
21.319 -473.705 -70.186 
21.298 -473.576 -70.195 
21.283 -473.485 -70.201 
21.266 -473.387 -70.208 
21.241 -473.251 -70.218 
21.223 -473.157 -70.226 
21.205 -473.065 -70.233 
21.187 -472.979 -70.240 
21.163 -472.864 -70.249 
21.135 -472.736 -70.260 
21.110 -472.626 -70.270 
21.083 -472.509 -70.281 
21.063 -472.426 -70.289 
21.049 -472.368 -70.294 
21.023 -472.264 -70.304 
20.988 -472.128 -70.318 
20.963 -472.030 -70.328 
20.945 -471.965 -70.335 
20.922 -471.877 -70.344 
20.891 -471.768 -70.356 
20.859 -471.653 -70.369 
20.837 -471.580 -70.377 
20.808 -471.482 -70.389 
20.784 -471.403 -70.398 
20.761 -471.326 -70.407 
20.732 -471.234 -70.419 
20.698 -471.125 -70.433 
20.679 -471.065 -70.440 
20.652 -470.982 -70.451 
20.608 -470.850 -70.468 
20.567 -470.727 -70.484 
20.529 -470.616 -70.500 
20.493 -470.515 -70.514 
20.464 -470.433 -70.525 
20.426 -470.328 -70.540 
20.379 -470.201 -70.558 
20.351 -470.127 -70.569 
20.313 -470.029 -70.584 
20.274 -469.929 -70.598 
20.241 -469.845 -70.611 
20.206 -469.757 -70.624 
20.175 -469.682 -70.636 
20.127 -469.564 -70.654 
20.089 -469.474 -70.669 
20.034 -469.343 -70.690 
19.979 -469.218 -70.710 
19.917 -469.076 -70.734 
19.871 -468.973 -70.751 
19.830 -468.884 -70.766 
19.785 -468.787 -70.783 
19.733 -468.674 -70.803 
19.699 -468.602 -70.815 
19.656 -468.511 -70.831 
19.619 -468.434 -70.845 
19.572 -468.336 -70.863 
19.522 -468.236 -70.881 
19.485 -468.161 -70.895 
19.442 -468.074 -70.911 
19.399 -467.990 -70.927 
19.329 -467.854 -70.952 
19.289 -467.775 -70.967 
19.213 -467.632 -70.995 
19.141 -467.497 -71.020 
19.104 -467.428 -71.034 
19.058 -467.344 -71.050 
19.000 -467.238 -71.071 
18.941 -467.133 -71.092 
18.891 -467.044 -71.110 
18.836 -466.947 -71.129 
18.786 -466.861 -71.147 
18.720 -466.746 -71.170 
18.680 -466.678 -71.184 
18.637 -466.606 -71.199 
18.606 -466.554 -71.210 
18.562 -466.482 -71.225 
18.527 -466.422 -71.237 
18.478 -466.342 -71.254 
18.431 -466.266 -71.270 
18.395 -466.206 -71.282 
18.326 -466.095 -71.305 
18.297 -466.048 -71.315 
18.241 -465.958 -71.334 
18.185 -465.869 -71.352 
18.157 -465.824 -71.362 
18.109 -465.749 -71.378 
18.083 -465.708 -71.386 
18.035 -465.631 -71.402 
17.988 -465.559 -71.418 
17.942 -465.488 -71.433 
17.886 -465.401 -71.451 
17.848 -465.342 -71.463 
17.798 -465.266 -71.479 
17.725 -465.154 -71.503 
17.678 -465.083 -71.518 
17.637 -465.023 -71.530 
17.575 -464.929 -71.550 
17.517 -464.843 -71.568 
17.442 -464.733 -71.591 
17.395 -464.663 -71.606 
17.329 -464.568 -71.626 
17.271 -464.484 -71.644 
17.216 -464.406 -71.660 
17.151 -464.312 -71.679 
17.069 -464.195 -71.704 
16.997 -464.094 -71.726 
16.931 -464.002 -71.745 
16.881 -463.932 -71.760 
16.830 -463.861 -71.775 
16.772 -463.780 -71.792 
16.706 -463.690 -71.811 
16.644 -463.605 -71.829 
16.587 -463.527 -71.845 
16.490 -463.395 -71.873 
16.443 -463.333 -71.886 
16.343 -463.198 -71.915 
16.256 -463.083 -71.940 
16.213 -463.026 -71.952 
16.156 -462.950 -71.968 
16.064 -462.830 -71.994 
16.006 -462.755 -72.010 
15.942 -462.672 -72.027 
15.894 -462.611 -72.040 
15.833 -462.533 -72.057 
15.791 -462.478 -72.068 
15.721 -462.390 -72.087 
15.658 -462.310 -72.103 
15.598 -462.234 -72.119 
15.540 -462.161 -72.134 
15.469 -462.072 -72.153 
15.399 -461.986 -72.171 
15.361 -461.939 -72.180 
15.301 -461.865 -72.196 
15.233 -461.781 -72.213 
15.186 -461.723 -72.225 
15.104 -461.624 -72.245 
15.044 -461.551 -72.260 
14.997 -461.494 -72.272 
14.929 -461.412 -72.289 
14.876 -461.349 -72.302 
14.801 -461.259 -72.320 
14.755 -461.205 -72.332 
14.685 -461.122 -72.349 
14.593 -461.013 -72.371 
14.513 -460.920 -72.390 
14.468 -460.867 -72.401 
14.368 -460.751 -72.425 
14.297 -460.669 -72.441 
14.204 -460.562 -72.463 
14.146 -460.496 -72.477 
