26.390 -423.605 -82.405 
26.379 -423.501 -82.410 
26.373 -423.443 -82.414 
26.365 -423.374 -82.418 
26.351 -423.267 -82.425 
26.337 -423.154 -82.432 
26.319 -423.030 -82.441 
26.298 -422.890 -82.451 
26.277 -422.756 -82.462 
26.265 -422.682 -82.468 
26.243 -422.549 -82.479 
26.235 -422.504 -82.483 
26.217 -422.401 -82.493 
26.201 -422.316 -82.501 
26.182 -422.218 -82.510 
26.166 -422.134 -82.518 
26.145 -422.030 -82.529 
26.123 -421.928 -82.540 
26.098 -421.813 -82.552 
26.080 -421.733 -82.561 
26.053 -421.615 -82.574 
26.032 -421.526 -82.584 
26.008 -421.428 -82.595 
25.981 -421.324 -82.608 
25.949 -421.200 -82.623 
25.922 -421.098 -82.636 
25.896 -421.006 -82.647 
25.882 -420.955 -82.654 
25.858 -420.872 -82.665 
25.824 -420.756 -82.681 
25.808 -420.701 -82.688 
25.762 -420.550 -82.710 
25.726 -420.435 -82.727 
25.704 -420.364 -82.737 
25.669 -420.257 -82.753 
25.637 -420.160 -82.768 
25.609 -420.073 -82.781 
25.582 -419.994 -82.794 
25.555 -419.916 -82.806 
25.528 -419.836 -82.818 
25.496 -419.745 -82.833 
25.463 -419.652 -82.848 
25.427 -419.550 -82.865 
25.394 -419.458 -82.880 
25.362 -419.372 -82.895 
25.341 -419.315 -82.904 
25.299 -419.204 -82.923 
25.255 -419.090 -82.943 
25.221 -419.002 -82.958 
25.181 -418.901 -82.975 
25.148 -418.817 -82.990 
25.106 -418.714 -83.008 
25.063 -418.611 -83.027 
25.010 -418.485 -83.050 
24.976 -418.406 -83.064 
24.937 -418.315 -83.082 
24.874 -418.174 -83.109 
24.827 -418.072 -83.129 
24.793 -417.998 -83.144 
24.742 -417.888 -83.166 
24.703 -417.805 -83.184 
24.663 -417.724 -83.201 
24.632 -417.660 -83.214 
24.591 -417.576 -83.232 
24.544 -417.484 -83.253 
24.501 -417.400 -83.271 
24.458 -417.319 -83.290 
24.399 -417.207 -83.316 
24.354 -417.125 -83.335 
24.314 -417.053 -83.352 
24.255 -416.948 -83.377 
24.202 -416.855 -83.400 
24.141 -416.750 -83.426 
24.095 -416.673 -83.446 
24.034 -416.570 -83.472 
23.985 -416.490 -83.493 
23.937 -416.412 -83.514 
23.904 -416.359 -83.528 
23.847 -416.270 -83.552 
23.799 -416.195 -83.572 
23.737 -416.100 -83.599 
23.682 -416.017 -83.622 
23.623 -415.931 -83.647 
23.581 -415.871 -83.665 
23.539 -415.810 -83.683 
23.485 -415.734 -83.706 
23.423 -415.646 -83.732 
23.371 -415.574 -83.754 
23.315 -415.498 -83.778 
23.231 -415.387 -83.813 
23.164 -415.299 -83.842 
23.113 -415.234 -83.863 
23.024 -415.122 -83.901 
22.972 -415.059 -83.922 
22.923 -414.998 -83.943 
22.883 -414.950 -83.960 
22.826 -414.884 -83.984 
22.764 -414.811 -84.010 
22.705 -414.744 -84.035 
22.628 -414.657 -84.067 
22.581 -414.605 -84.087 
22.473 -414.488 -84.132 
22.421 -414.431 -84.154 
22.344 -414.351 -84.186 
22.271 -414.276 -84.217 
22.225 -414.229 -84.236 
22.137 -414.141 -84.273 
22.041 -414.047 -84.313 
21.998 -414.006 -84.331 
21.934 -413.945 -84.358 
21.879 -413.893 -84.381 
21.807 -413.827 -84.411 
21.717 -413.744 -84.448 
21.627 -413.665 -84.486 
21.571 -413.616 -84.509 
21.515 -413.567 -84.533 
21.421 -413.488 -84.572 
21.313 -413.399 -84.616 
21.255 -413.352 -84.641 
21.159 -413.276 -84.681 
21.094 -413.224 -84.708 
20.976 -413.134 -84.757 
20.907 -413.083 -84.786 
20.825 -413.022 -84.820 
20.746 -412.966 -84.853 
20.670 -412.912 -84.885 
20.563 -412.837 -84.929 
20.521 -412.808 -84.947 
20.414 -412.736 -84.992 
20.342 -412.688 -85.022 
20.259 -412.635 -85.056 
20.184 -412.587 -85.088 
20.105 -412.538 -85.121 
19.992 -412.469 -85.168 
19.879 -412.402 -85.215 
19.796 -412.354 -85.249 
19.711 -412.306 -85.285 
19.638 -412.265 -85.315 
19.532 -412.207 -85.359 
19.395 -412.134 -85.417 
19.306 -412.089 -85.454 
19.232 -412.051 -85.485 
19.169 -412.020 -85.511 
19.051 -411.963 -85.560 
18.968 -411.924 -85.595 
18.884 -411.885 -85.630 
18.785 -411.840 -85.671 
18.652 -411.782 -85.727 
18.550 -411.738 -85.770 
18.436 -411.691 -85.817 
18.346 -411.655 -85.855 
18.242 -411.614 -85.898 
18.116 -411.566 -85.950 
18.041 -411.538 -85.981 
17.927 -411.497 -86.029 
17.850 -411.470 -86.060 
17.722 -411.427 -86.113 
17.633 -411.397 -86.151 
17.513 -411.358 -86.201 
17.436 -411.334 -86.233 
17.293 -411.291 -86.292 
17.184 -411.260 -86.338 
17.108 -411.238 -86.370 
17.024 -411.215 -86.404 
16.937 -411.192 -86.441 
16.835 -411.167 -86.483 
16.700 -411.134 -86.539 
16.618 -411.115 -86.573 
16.528 -411.095 -86.610 
16.412 -411.070 -86.658 
16.325 -411.052 -86.695 
16.263 -411.040 -86.720 
16.203 -411.028 -86.745 
16.122 -411.013 -86.779 
16.020 -410.995 -86.821 
15.944 -410.982 -86.853 
15.833 -410.964 -86.899 
15.726 -410.948 -86.943 
15.595 -410.930 -86.997 
15.495 -410.916 -87.039 
15.399 -410.905 -87.078 
15.325 -410.896 -87.109 
15.257 -410.888 -87.137 
15.186 -410.881 -87.167 
15.137 -410.876 -87.187 
15.068 -410.870 -87.216 
14.993 -410.863 -87.247 
14.881 -410.854 -87.294 
14.792 -410.848 -87.331 
14.735 -410.844 -87.355 
14.584 -410.835 -87.418 
14.466 -410.829 -87.467 
14.399 -410.826 -87.495 
14.292 -410.822 -87.539 
14.192 -410.818 -87.580 
14.108 -410.816 -87.614 
14.039 -410.814 -87.643 
13.917 -410.812 -87.693 
13.837 -410.812 -87.725 
13.715 -410.812 -87.775 
13.625 -410.813 -87.812 
13.544 -410.814 -87.846 
13.456 -410.815 -87.881 
13.377 -410.817 -87.914 
13.268 -410.821 -87.959 
13.137 -410.826 -88.013 
13.053 -410.830 -88.047 
12.954 -410.834 -88.088 
12.862 -410.839 -88.125 
12.788 -410.844 -88.156 
12.717 -410.848 -88.185 
12.640 -410.853 -88.216 
12.541 -410.860 -88.256 
12.409 -410.870 -88.310 
12.299 -410.879 -88.355 
12.226 -410.885 -88.385 
12.145 -410.893 -88.418 
12.029 -410.904 -88.465 
11.910 -410.916 -88.514 
11.845 -410.922 -88.541 
11.770 -410.931 -88.572 
11.678 -410.941 -88.609 
11.573 -410.953 -88.652 
11.462 -410.967 -88.697 
11.366 -410.979 -88.736 
