26.394 -423.636 -82.403 
26.379 -423.500 -82.411 
26.366 -423.379 -82.418 
26.354 -423.285 -82.423 
26.342 -423.185 -82.430 
26.325 -423.056 -82.439 
26.314 -422.983 -82.444 
26.296 -422.857 -82.453 
26.282 -422.770 -82.460 
26.264 -422.658 -82.468 
26.238 -422.506 -82.481 
26.227 -422.440 -82.487 
26.211 -422.349 -82.495 
26.183 -422.206 -82.508 
26.155 -422.061 -82.522 
26.135 -421.966 -82.532 
26.114 -421.867 -82.542 
26.095 -421.780 -82.551 
26.081 -421.715 -82.558 
26.048 -421.572 -82.574 
26.013 -421.427 -82.591 
25.982 -421.304 -82.606 
25.957 -421.209 -82.617 
25.921 -421.072 -82.634 
25.882 -420.930 -82.652 
25.865 -420.869 -82.660 
25.838 -420.776 -82.673 
25.807 -420.673 -82.687 
25.782 -420.588 -82.699 
25.754 -420.497 -82.712 
25.732 -420.427 -82.722 
25.701 -420.328 -82.736 
25.657 -420.193 -82.756 
25.615 -420.066 -82.776 
25.576 -419.951 -82.793 
25.542 -419.852 -82.809 
25.501 -419.739 -82.827 
25.457 -419.617 -82.847 
25.412 -419.494 -82.867 
25.382 -419.415 -82.880 
25.344 -419.316 -82.897 
25.316 -419.245 -82.909 
25.293 -419.185 -82.919 
25.250 -419.076 -82.938 
25.223 -419.010 -82.950 
25.185 -418.919 -82.966 
25.153 -418.840 -82.980 
25.108 -418.733 -82.999 
25.058 -418.618 -83.021 
25.009 -418.504 -83.042 
24.976 -418.430 -83.056 
24.915 -418.295 -83.082 
24.879 -418.219 -83.097 
24.833 -418.121 -83.116 
24.785 -418.019 -83.137 
24.743 -417.933 -83.155 
24.692 -417.830 -83.176 
24.645 -417.738 -83.195 
24.587 -417.626 -83.220 
24.534 -417.525 -83.242 
24.455 -417.379 -83.274 
24.406 -417.289 -83.295 
24.330 -417.156 -83.325 
24.278 -417.065 -83.347 
24.247 -417.012 -83.360 
24.177 -416.893 -83.389 
24.115 -416.793 -83.414 
24.072 -416.722 -83.432 
24.033 -416.660 -83.448 
23.978 -416.573 -83.471 
23.931 -416.499 -83.490 
23.882 -416.424 -83.510 
23.819 -416.329 -83.536 
23.778 -416.268 -83.553 
23.738 -416.209 -83.570 
23.682 -416.129 -83.592 
23.630 -416.054 -83.614 
23.576 -415.977 -83.636 
23.519 -415.898 -83.660 
23.461 -415.819 -83.683 
23.422 -415.767 -83.699 
23.351 -415.673 -83.728 
23.282 -415.583 -83.757 
23.226 -415.511 -83.779 
23.153 -415.420 -83.809 
23.078 -415.327 -83.840 
23.020 -415.258 -83.863 
22.943 -415.166 -83.895 
22.880 -415.092 -83.921 
22.833 -415.039 -83.940 
22.769 -414.966 -83.966 
22.708 -414.898 -83.991 
22.596 -414.777 -84.036 
22.542 -414.719 -84.058 
22.463 -414.637 -84.089 
22.364 -414.535 -84.129 
22.269 -414.440 -84.167 
22.186 -414.358 -84.201 
22.117 -414.292 -84.228 
22.026 -414.206 -84.265 
21.944 -414.129 -84.298 
21.852 -414.046 -84.335 
21.747 -413.953 -84.377 
21.666 -413.882 -84.409 
21.590 -413.818 -84.440 
21.517 -413.757 -84.469 
21.456 -413.707 -84.493 
21.370 -413.637 -84.527 
21.288 -413.572 -84.560 
21.234 -413.529 -84.582 
21.194 -413.498 -84.598 
21.090 -413.419 -84.640 
21.029 -413.373 -84.664 
20.975 -413.333 -84.686 
20.871 -413.257 -84.728 
20.780 -413.192 -84.764 
20.682 -413.124 -84.804 
20.587 -413.059 -84.842 
20.545 -413.031 -84.859 
20.451 -412.969 -84.897 
20.377 -412.921 -84.927 
20.287 -412.864 -84.963 
20.222 -412.823 -84.989 
20.126 -412.764 -85.028 
20.016 -412.698 -85.073 
19.933 -412.649 -85.106 
19.818 -412.583 -85.152 
19.719 -412.528 -85.192 
19.611 -412.469 -85.236 
19.497 -412.409 -85.281 
19.424 -412.371 -85.311 
19.291 -412.304 -85.365 
19.201 -412.259 -85.402 
19.089 -412.205 -85.448 
18.995 -412.161 -85.486 
18.925 -412.129 -85.515 
18.828 -412.085 -85.554 
18.653 -412.009 -85.625 
18.577 -411.978 -85.656 
18.510 -411.950 -85.683 
18.384 -411.900 -85.734 
18.311 -411.871 -85.764 
18.183 -411.823 -85.816 
18.073 -411.782 -85.861 
18.000 -411.756 -85.891 
17.876 -411.713 -85.941 
17.819 -411.693 -85.964 
17.735 -411.664 -85.998 
17.625 -411.628 -86.043 
17.565 -411.609 -86.067 
17.475 -411.580 -86.104 
17.384 -411.552 -86.141 
17.266 -411.517 -86.188 
17.129 -411.478 -86.244 
17.034 -411.451 -86.283 
16.941 -411.427 -86.320 
16.812 -411.393 -86.373 
16.720 -411.370 -86.410 
16.654 -411.354 -86.437 
16.583 -411.337 -86.466 
16.467 -411.310 -86.513 
16.379 -411.290 -86.549 
16.296 -411.272 -86.583 
16.167 -411.246 -86.635 
16.055 -411.225 -86.681 
15.967 -411.208 -86.716 
15.870 -411.192 -86.756 
15.796 -411.180 -86.787 
15.691 -411.163 -86.829 
15.636 -411.155 -86.852 
15.505 -411.136 -86.905 
15.409 -411.123 -86.944 
15.317 -411.112 -86.981 
15.201 -411.099 -87.028 
15.127 -411.091 -87.058 
15.053 -411.084 -87.088 
14.981 -411.077 -87.117 
14.849 -411.066 -87.171 
14.725 -411.056 -87.221 
14.649 -411.051 -87.252 
14.572 -411.047 -87.283 
14.437 -411.039 -87.337 
14.325 -411.035 -87.382 
14.221 -411.031 -87.424 
14.156 -411.029 -87.450 
14.093 -411.028 -87.475 
13.993 -411.027 -87.516 
13.891 -411.027 -87.557 
13.773 -411.027 -87.604 
13.674 -411.029 -87.644 
13.565 -411.031 -87.687 
13.472 -411.034 -87.724 
13.391 -411.037 -87.757 
13.310 -411.041 -87.789 
13.233 -411.044 -87.820 
13.141 -411.049 -87.856 
12.975 -411.058 -87.922 
12.870 -411.065 -87.963 
12.756 -411.073 -88.009 
12.630 -411.082 -88.058 
12.513 -411.091 -88.105 
12.425 -411.099 -88.139 
12.323 -411.108 -88.180 
12.256 -411.114 -88.206 
12.156 -411.123 -88.245 
12.094 -411.129 -88.269 
12.012 -411.137 -88.301 
11.929 -411.146 -88.334 
11.861 -411.153 -88.360 
11.785 -411.162 -88.390 
11.686 -411.173 -88.429 
11.636 -411.179 -88.449 
11.548 -411.190 -88.483 
