24.700 -458.429 -70.112 
24.698 -458.260 -70.112 
24.696 -458.176 -70.113 
24.694 -458.117 -70.113 
24.691 -458.012 -70.115 
24.686 -457.879 -70.116 
24.680 -457.769 -70.118 
24.675 -457.674 -70.120 
24.667 -457.549 -70.123 
24.655 -457.397 -70.128 
24.647 -457.302 -70.131 
24.636 -457.182 -70.135 
24.625 -457.070 -70.140 
24.614 -456.968 -70.144 
24.596 -456.816 -70.152 
24.583 -456.719 -70.156 
24.571 -456.625 -70.161 
24.557 -456.528 -70.167 
24.539 -456.410 -70.174 
24.528 -456.338 -70.179 
24.516 -456.266 -70.184 
24.496 -456.146 -70.192 
24.479 -456.052 -70.199 
24.464 -455.969 -70.206 
24.437 -455.827 -70.217 
24.409 -455.686 -70.229 
24.391 -455.601 -70.236 
24.368 -455.491 -70.246 
24.350 -455.411 -70.253 
24.343 -455.382 -70.256 
24.322 -455.289 -70.265 
24.300 -455.195 -70.274 
24.286 -455.138 -70.280 
24.252 -455.005 -70.294 
24.221 -454.885 -70.308 
24.196 -454.790 -70.318 
24.155 -454.646 -70.335 
24.129 -454.553 -70.346 
24.093 -454.431 -70.360 
24.063 -454.331 -70.373 
24.032 -454.234 -70.385 
23.999 -454.130 -70.399 
23.978 -454.065 -70.407 
23.938 -453.946 -70.424 
23.908 -453.858 -70.436 
23.882 -453.787 -70.447 
23.829 -453.640 -70.469 
23.800 -453.560 -70.481 
23.761 -453.458 -70.497 
23.714 -453.335 -70.517 
23.687 -453.268 -70.528 
23.629 -453.126 -70.551 
23.576 -452.998 -70.573 
23.553 -452.945 -70.583 
23.508 -452.840 -70.601 
23.469 -452.752 -70.617 
23.417 -452.637 -70.639 
23.391 -452.582 -70.649 
23.344 -452.481 -70.669 
23.282 -452.352 -70.694 
23.220 -452.225 -70.720 
23.174 -452.133 -70.739 
23.150 -452.085 -70.749 
23.112 -452.011 -70.765 
23.060 -451.913 -70.787 
23.015 -451.827 -70.805 
22.970 -451.745 -70.823 
22.928 -451.667 -70.841 
22.872 -451.565 -70.864 
22.802 -451.442 -70.892 
22.755 -451.359 -70.912 
22.692 -451.252 -70.938 
22.625 -451.139 -70.965 
22.591 -451.082 -70.980 
22.528 -450.981 -71.005 
22.447 -450.851 -71.039 
22.379 -450.745 -71.067 
22.331 -450.671 -71.087 
22.264 -450.570 -71.115 
22.224 -450.510 -71.132 
22.168 -450.428 -71.155 
22.107 -450.340 -71.180 
22.055 -450.265 -71.202 
22.005 -450.195 -71.222 
21.957 -450.129 -71.242 
21.915 -450.072 -71.259 
21.842 -449.973 -71.289 
21.803 -449.921 -71.305 
21.742 -449.840 -71.330 
21.670 -449.745 -71.360 
21.617 -449.677 -71.382 
21.552 -449.595 -71.409 
21.493 -449.520 -71.433 
21.447 -449.463 -71.452 
21.372 -449.371 -71.483 
21.341 -449.333 -71.496 
21.269 -449.246 -71.525 
21.199 -449.162 -71.554 
21.120 -449.069 -71.587 
21.038 -448.974 -71.620 
20.961 -448.886 -71.651 
20.914 -448.833 -71.671 
20.834 -448.743 -71.704 
20.761 -448.663 -71.733 
20.684 -448.579 -71.765 
20.615 -448.505 -71.793 
20.555 -448.441 -71.818 
20.490 -448.373 -71.844 
20.431 -448.311 -71.869 
20.348 -448.226 -71.903 
20.274 -448.150 -71.933 
20.222 -448.097 -71.954 
20.148 -448.024 -71.984 
20.077 -447.954 -72.013 
20.042 -447.920 -72.027 
19.948 -447.828 -72.065 
19.877 -447.761 -72.093 
19.795 -447.683 -72.127 
19.733 -447.626 -72.152 
19.621 -447.522 -72.197 
19.546 -447.453 -72.227 
19.483 -447.397 -72.252 
19.424 -447.344 -72.276 
19.352 -447.280 -72.305 
19.282 -447.219 -72.333 
19.227 -447.171 -72.355 
19.150 -447.104 -72.386 
19.062 -447.030 -72.420 
18.977 -446.958 -72.454 
18.908 -446.901 -72.481 
18.841 -446.846 -72.508 
18.760 -446.780 -72.540 
18.699 -446.731 -72.565 
18.637 -446.681 -72.589 
18.571 -446.629 -72.615 
18.502 -446.576 -72.643 
18.394 -446.492 -72.686 
18.311 -446.429 -72.720 
18.264 -446.395 -72.738 
18.171 -446.325 -72.776 
18.102 -446.274 -72.804 
18.038 -446.228 -72.830 
17.937 -446.155 -72.871 
17.876 -446.111 -72.895 
17.789 -446.050 -72.931 
17.724 -446.004 -72.957 
17.638 -445.945 -72.991 
17.601 -445.920 -73.006 
17.516 -445.861 -73.040 
17.445 -445.813 -73.068 
17.364 -445.759 -73.100 
17.305 -445.720 -73.124 
17.226 -445.667 -73.155 
17.137 -445.609 -73.190 
17.026 -445.537 -73.234 
16.942 -445.483 -73.267 
16.892 -445.452 -73.287 
16.784 -445.384 -73.329 
16.683 -445.322 -73.368 
16.596 -445.268 -73.402 
16.522 -445.223 -73.431 
16.443 -445.175 -73.461 
16.361 -445.126 -73.493 
16.289 -445.083 -73.521 
16.238 -445.053 -73.541 
16.152 -445.003 -73.574 
16.072 -444.956 -73.605 
16.014 -444.923 -73.627 
15.891 -444.852 -73.675 
15.831 -444.819 -73.698 
15.771 -444.785 -73.721 
15.698 -444.744 -73.749 
15.600 -444.690 -73.787 
15.525 -444.649 -73.815 
15.412 -444.587 -73.859 
15.343 -444.550 -73.885 
15.249 -444.500 -73.921 
15.181 -444.463 -73.946 
15.130 -444.436 -73.965 
15.052 -444.394 -73.995 
14.957 -444.344 -74.031 
14.844 -444.285 -74.073 
14.731 -444.226 -74.116 
14.634 -444.176 -74.153 
14.524 -444.120 -74.194 
14.423 -444.069 -74.232 
14.330 -444.022 -74.267 
14.253 -443.984 -74.295 
14.164 -443.939 -74.329 
14.074 -443.895 -74.362 
