21.500 -475.955 -70.112 
21.499 -475.872 -70.112 
21.498 -475.767 -70.112 
21.496 -475.688 -70.113 
21.494 -475.581 -70.114 
21.490 -475.471 -70.115 
21.485 -475.351 -70.117 
21.477 -475.193 -70.120 
21.472 -475.107 -70.122 
21.465 -475.002 -70.124 
21.459 -474.912 -70.127 
21.451 -474.809 -70.130 
21.442 -474.699 -70.133 
21.433 -474.596 -70.137 
21.423 -474.494 -70.141 
21.412 -474.383 -70.145 
21.402 -474.289 -70.149 
21.386 -474.160 -70.155 
21.379 -474.101 -70.157 
21.369 -474.020 -70.161 
21.351 -473.886 -70.167 
21.338 -473.792 -70.172 
21.323 -473.692 -70.178 
21.307 -473.588 -70.184 
21.288 -473.473 -70.191 
21.278 -473.412 -70.194 
21.257 -473.288 -70.202 
21.244 -473.219 -70.207 
21.221 -473.094 -70.215 
21.200 -472.985 -70.223 
21.176 -472.864 -70.232 
21.162 -472.796 -70.237 
21.139 -472.686 -70.245 
21.115 -472.578 -70.254 
21.090 -472.464 -70.264 
21.079 -472.416 -70.268 
21.060 -472.336 -70.275 
21.037 -472.240 -70.283 
21.011 -472.135 -70.293 
20.992 -472.060 -70.300 
20.971 -471.974 -70.308 
20.948 -471.886 -70.316 
20.904 -471.719 -70.332 
20.876 -471.615 -70.343 
20.847 -471.514 -70.353 
20.822 -471.427 -70.362 
20.794 -471.331 -70.373 
20.766 -471.237 -70.383 
20.727 -471.107 -70.398 
20.691 -470.993 -70.411 
20.672 -470.931 -70.419 
20.645 -470.848 -70.429 
20.608 -470.735 -70.443 
20.582 -470.656 -70.453 
20.546 -470.548 -70.466 
20.533 -470.511 -70.471 
20.480 -470.360 -70.491 
20.444 -470.259 -70.505 
20.408 -470.158 -70.519 
20.367 -470.048 -70.534 
20.326 -469.941 -70.549 
20.285 -469.835 -70.565 
20.240 -469.719 -70.582 
20.192 -469.599 -70.600 
20.150 -469.495 -70.616 
20.113 -469.407 -70.630 
20.069 -469.302 -70.647 
20.002 -469.146 -70.672 
19.969 -469.070 -70.685 
19.906 -468.930 -70.708 
19.858 -468.823 -70.726 
19.817 -468.734 -70.741 
19.774 -468.641 -70.757 
19.728 -468.541 -70.775 
19.683 -468.446 -70.791 
19.647 -468.371 -70.805 
19.614 -468.303 -70.817 
19.558 -468.186 -70.838 
19.499 -468.068 -70.860 
19.454 -467.978 -70.876 
19.415 -467.902 -70.891 
19.361 -467.796 -70.910 
19.323 -467.724 -70.924 
19.254 -467.591 -70.950 
19.182 -467.455 -70.976 
19.109 -467.319 -71.003 
19.072 -467.250 -71.017 
19.033 -467.179 -71.031 
18.997 -467.114 -71.044 
18.938 -467.006 -71.066 
18.886 -466.914 -71.085 
18.830 -466.815 -71.106 
18.767 -466.703 -71.130 
18.734 -466.647 -71.142 
18.663 -466.524 -71.168 
18.612 -466.437 -71.186 
18.562 -466.352 -71.205 
18.514 -466.270 -71.222 
18.468 -466.193 -71.239 
18.405 -466.088 -71.262 
18.358 -466.011 -71.278 
18.296 -465.908 -71.301 
18.235 -465.808 -71.323 
18.167 -465.699 -71.347 
18.119 -465.622 -71.363 
18.065 -465.536 -71.382 
18.015 -465.457 -71.399 
17.956 -465.364 -71.420 
17.912 -465.296 -71.435 
17.867 -465.226 -71.450 
17.800 -465.123 -71.473 
17.766 -465.071 -71.485 
17.688 -464.951 -71.511 
17.625 -464.855 -71.532 
17.568 -464.769 -71.551 
17.517 -464.692 -71.568 
17.477 -464.632 -71.581 
17.429 -464.561 -71.597 
17.376 -464.482 -71.614 
17.311 -464.386 -71.636 
17.262 -464.314 -71.652 
17.220 -464.253 -71.666 
17.129 -464.122 -71.695 
17.066 -464.031 -71.715 
17.008 -463.947 -71.733 
16.913 -463.811 -71.763 
16.856 -463.730 -71.781 
16.787 -463.635 -71.802 
16.742 -463.571 -71.816 
16.686 -463.493 -71.833 
16.620 -463.402 -71.853 
16.558 -463.316 -71.872 
16.500 -463.238 -71.889 
16.456 -463.177 -71.903 
16.395 -463.095 -71.921 
16.346 -463.030 -71.935 
16.257 -462.911 -71.961 
16.189 -462.820 -71.980 
16.146 -462.763 -71.993 
16.095 -462.696 -72.007 
16.044 -462.630 -72.022 
15.966 -462.527 -72.044 
15.913 -462.458 -72.059 
15.854 -462.382 -72.075 
15.777 -462.282 -72.096 
15.749 -462.247 -72.104 
15.679 -462.158 -72.123 
15.581 -462.034 -72.149 
15.497 -461.927 -72.172 
15.430 -461.843 -72.190 
15.367 -461.765 -72.206 
15.290 -461.668 -72.226 
15.210 -461.568 -72.246 
15.155 -461.500 -72.260 
15.096 -461.426 -72.275 
15.035 -461.352 -72.290 
14.961 -461.261 -72.309 
14.860 -461.138 -72.334 
14.777 -461.038 -72.354 
14.696 -460.940 -72.374 
14.637 -460.870 -72.389 
14.553 -460.770 -72.409 
14.509 -460.717 -72.420 
14.447 -460.644 -72.435 
14.384 -460.571 -72.450 
14.330 -460.507 -72.462 
14.279 -460.447 -72.475 
14.239 -460.401 -72.484 
14.201 -460.357 -72.493 
14.119 -460.261 -72.512 
