24.700 -458.407 -70.112 
24.699 -458.316 -70.112 
24.697 -458.197 -70.113 
24.696 -458.118 -70.114 
24.693 -458.014 -70.115 
24.689 -457.903 -70.117 
24.685 -457.781 -70.120 
24.677 -457.640 -70.124 
24.671 -457.530 -70.127 
24.661 -457.387 -70.132 
24.654 -457.300 -70.134 
24.646 -457.208 -70.138 
24.633 -457.065 -70.144 
24.623 -456.967 -70.148 
24.614 -456.891 -70.152 
24.598 -456.747 -70.160 
24.585 -456.644 -70.166 
24.574 -456.560 -70.171 
24.562 -456.473 -70.176 
24.552 -456.400 -70.181 
24.536 -456.298 -70.187 
24.522 -456.204 -70.194 
24.502 -456.085 -70.203 
24.489 -456.004 -70.209 
24.476 -455.933 -70.215 
24.454 -455.816 -70.225 
24.438 -455.730 -70.232 
24.422 -455.646 -70.240 
24.412 -455.598 -70.244 
24.395 -455.514 -70.252 
24.356 -455.335 -70.270 
24.331 -455.223 -70.282 
24.300 -455.089 -70.297 
24.285 -455.024 -70.304 
24.262 -454.932 -70.315 
24.239 -454.840 -70.326 
24.224 -454.781 -70.333 
24.204 -454.703 -70.342 
24.174 -454.590 -70.356 
24.146 -454.488 -70.369 
24.119 -454.392 -70.382 
24.091 -454.297 -70.394 
24.075 -454.241 -70.402 
24.038 -454.120 -70.419 
24.025 -454.078 -70.424 
24.002 -454.005 -70.435 
23.969 -453.902 -70.450 
23.944 -453.825 -70.461 
23.913 -453.732 -70.476 
23.878 -453.631 -70.492 
23.827 -453.486 -70.515 
23.782 -453.364 -70.535 
23.744 -453.262 -70.553 
23.717 -453.190 -70.565 
23.666 -453.060 -70.589 
23.631 -452.971 -70.605 
23.588 -452.866 -70.625 
23.542 -452.756 -70.646 
23.496 -452.646 -70.668 
23.425 -452.485 -70.700 
23.390 -452.409 -70.716 
23.359 -452.340 -70.730 
23.327 -452.272 -70.745 
23.281 -452.174 -70.765 
23.227 -452.060 -70.790 
23.170 -451.945 -70.816 
23.134 -451.872 -70.833 
23.088 -451.784 -70.853 
23.057 -451.723 -70.867 
23.014 -451.641 -70.887 
22.959 -451.536 -70.912 
22.905 -451.435 -70.937 
22.850 -451.335 -70.961 
22.804 -451.253 -70.982 
22.750 -451.157 -71.007 
22.717 -451.101 -71.021 
22.670 -451.019 -71.043 
22.623 -450.940 -71.063 
22.583 -450.873 -71.081 
22.550 -450.819 -71.096 
22.498 -450.733 -71.119 
22.437 -450.635 -71.146 
22.390 -450.561 -71.167 
22.316 -450.445 -71.200 
22.271 -450.376 -71.221 
22.227 -450.309 -71.240 
22.159 -450.206 -71.271 
22.107 -450.129 -71.294 
22.060 -450.061 -71.316 
22.000 -449.975 -71.342 
21.953 -449.908 -71.363 
21.865 -449.784 -71.403 
21.804 -449.700 -71.430 
21.745 -449.620 -71.456 
21.703 -449.563 -71.475 
21.645 -449.486 -71.501 
21.596 -449.423 -71.523 
21.521 -449.326 -71.556 
21.478 -449.271 -71.575 
21.432 -449.212 -71.596 
21.392 -449.163 -71.614 
21.332 -449.088 -71.640 
21.253 -448.992 -71.675 
21.176 -448.898 -71.710 
21.092 -448.799 -71.746 
21.024 -448.718 -71.777 
20.967 -448.652 -71.801 
20.868 -448.539 -71.845 
20.794 -448.456 -71.877 
20.740 -448.396 -71.900 
20.676 -448.327 -71.928 
20.608 -448.252 -71.957 
20.543 -448.182 -71.985 
20.484 -448.121 -72.010 
20.427 -448.060 -72.035 
20.332 -447.962 -72.076 
20.234 -447.862 -72.118 
20.170 -447.797 -72.146 
20.099 -447.727 -72.176 
20.030 -447.658 -72.206 
19.961 -447.591 -72.235 
19.901 -447.533 -72.261 
19.803 -447.439 -72.304 
19.742 -447.381 -72.331 
19.690 -447.332 -72.353 
19.615 -447.262 -72.386 
19.550 -447.202 -72.414 
19.477 -447.136 -72.445 
19.409 -447.074 -72.475 
19.334 -447.007 -72.507 
19.274 -446.954 -72.533 
19.206 -446.895 -72.562 
19.116 -446.816 -72.601 
19.049 -446.759 -72.630 
18.962 -446.685 -72.667 
18.883 -446.618 -72.701 
18.823 -446.568 -72.726 
18.736 -446.497 -72.764 
18.667 -446.440 -72.793 
18.616 -446.400 -72.815 
18.527 -446.328 -72.853 
18.451 -446.269 -72.885 
18.379 -446.213 -72.916 
18.291 -446.145 -72.953 
18.188 -446.066 -72.997 
18.134 -446.026 -73.020 
18.080 -445.986 -73.043 
17.990 -445.920 -73.081 
17.871 -445.833 -73.131 
17.813 -445.792 -73.155 
17.756 -445.751 -73.179 
17.652 -445.678 -73.223 
17.588 -445.634 -73.250 
17.490 -445.567 -73.291 
17.399 -445.506 -73.329 
17.345 -445.469 -73.352 
17.290 -445.434 -73.375 
17.241 -445.401 -73.395 
17.161 -445.349 -73.429 
17.086 -445.301 -73.460 
17.014 -445.255 -73.490 
16.934 -445.204 -73.523 
16.856 -445.155 -73.555 
16.779 -445.107 -73.587 
16.709 -445.063 -73.616 
16.621 -445.009 -73.652 
16.544 -444.962 -73.683 
16.475 -444.921 -73.711 
16.385 -444.866 -73.748 
16.298 -444.815 -73.783 
16.195 -444.754 -73.824 
16.145 -444.725 -73.845 
16.072 -444.683 -73.874 
16.012 -444.648 -73.898 
15.941 -444.608 -73.926 
15.858 -444.561 -73.959 
15.757 -444.504 -73.999 
15.692 -444.468 -74.024 
15.586 -444.409 -74.066 
15.457 -444.339 -74.117 
15.394 -444.305 -74.142 
15.340 -444.276 -74.163 
15.240 -444.222 -74.203 
15.155 -444.177 -74.236 
15.054 -444.123 -74.275 
15.022 -444.106 -74.288 
14.918 -444.052 -74.328 
14.807 -443.994 -74.371 
14.706 -443.941 -74.409 
14.585 -443.879 -74.456 
14.528 -443.850 -74.477 
14.452 -443.812 -74.506 
14.380 -443.775 -74.533 
14.301 -443.735 -74.563 
14.196 -443.683 -74.603 
14.087 -443.629 -74.643 
