24.700 -458.433 -70.112 
24.699 -458.359 -70.112 
24.697 -458.204 -70.113 
24.694 -458.094 -70.114 
24.690 -457.979 -70.116 
24.684 -457.830 -70.118 
24.677 -457.703 -70.121 
24.667 -457.556 -70.125 
24.660 -457.451 -70.128 
24.655 -457.387 -70.130 
24.648 -457.307 -70.133 
24.637 -457.186 -70.137 
24.623 -457.051 -70.143 
24.611 -456.938 -70.148 
24.599 -456.831 -70.153 
24.583 -456.710 -70.160 
24.565 -456.578 -70.167 
24.549 -456.464 -70.173 
24.538 -456.390 -70.178 
24.521 -456.283 -70.184 
24.508 -456.204 -70.190 
24.497 -456.134 -70.194 
24.484 -456.063 -70.199 
24.470 -455.980 -70.205 
24.456 -455.907 -70.211 
24.441 -455.829 -70.217 
24.416 -455.703 -70.228 
24.388 -455.568 -70.239 
24.366 -455.465 -70.249 
24.343 -455.366 -70.258 
24.323 -455.280 -70.267 
24.296 -455.166 -70.279 
24.273 -455.076 -70.288 
24.251 -454.990 -70.298 
24.230 -454.909 -70.307 
24.189 -454.757 -70.324 
24.166 -454.673 -70.334 
24.145 -454.602 -70.343 
24.113 -454.491 -70.356 
24.088 -454.409 -70.367 
24.047 -454.274 -70.384 
24.020 -454.191 -70.395 
23.984 -454.078 -70.410 
23.942 -453.955 -70.428 
23.918 -453.885 -70.438 
23.889 -453.803 -70.450 
23.859 -453.717 -70.462 
23.806 -453.575 -70.484 
23.771 -453.480 -70.499 
23.732 -453.381 -70.515 
23.699 -453.296 -70.529 
23.649 -453.173 -70.550 
23.614 -453.087 -70.565 
23.589 -453.026 -70.576 
23.556 -452.949 -70.590 
23.531 -452.891 -70.600 
23.486 -452.789 -70.619 
23.448 -452.703 -70.636 
23.414 -452.629 -70.650 
23.376 -452.546 -70.666 
23.347 -452.483 -70.679 
23.288 -452.358 -70.704 
23.254 -452.287 -70.718 
23.202 -452.179 -70.741 
23.157 -452.089 -70.759 
23.116 -452.007 -70.777 
23.072 -451.921 -70.795 
23.021 -451.821 -70.816 
22.967 -451.718 -70.839 
22.913 -451.616 -70.861 
22.850 -451.499 -70.887 
22.771 -451.357 -70.920 
22.725 -451.275 -70.939 
22.662 -451.166 -70.965 
22.602 -451.064 -70.990 
22.549 -450.973 -71.012 
22.507 -450.904 -71.030 
22.469 -450.842 -71.045 
22.426 -450.772 -71.063 
22.378 -450.696 -71.083 
22.344 -450.643 -71.097 
22.300 -450.574 -71.116 
22.245 -450.490 -71.138 
22.190 -450.407 -71.161 
22.118 -450.299 -71.191 
22.084 -450.249 -71.205 
22.021 -450.157 -71.231 
21.956 -450.063 -71.258 
21.882 -449.960 -71.288 
21.814 -449.865 -71.316 
21.757 -449.786 -71.340 
21.702 -449.712 -71.363 
21.639 -449.627 -71.389 
21.599 -449.574 -71.405 
21.545 -449.503 -71.428 
21.487 -449.428 -71.452 
21.384 -449.297 -71.495 
21.311 -449.207 -71.525 
21.232 -449.109 -71.558 
21.164 -449.026 -71.586 
21.098 -448.948 -71.613 
21.040 -448.880 -71.637 
20.985 -448.815 -71.660 
20.939 -448.762 -71.679 
20.866 -448.679 -71.708 
20.773 -448.574 -71.746 
20.691 -448.484 -71.780 
20.628 -448.415 -71.806 
20.578 -448.361 -71.826 
20.530 -448.309 -71.846 
20.449 -448.223 -71.879 
20.398 -448.170 -71.899 
20.344 -448.113 -71.921 
20.272 -448.039 -71.950 
20.196 -447.962 -71.981 
20.149 -447.914 -72.000 
20.053 -447.818 -72.039 
19.977 -447.744 -72.069 
19.896 -447.665 -72.101 
19.828 -447.599 -72.128 
19.758 -447.532 -72.156 
19.670 -447.450 -72.190 
19.587 -447.373 -72.223 
19.499 -447.292 -72.258 
19.433 -447.233 -72.284 
19.310 -447.124 -72.332 
19.208 -447.034 -72.372 
19.133 -446.969 -72.402 
19.044 -446.893 -72.437 
18.979 -446.837 -72.462 
18.920 -446.788 -72.485 
18.839 -446.721 -72.517 
18.739 -446.638 -72.557 
18.650 -446.566 -72.592 
18.557 -446.492 -72.628 
18.499 -446.446 -72.651 
18.437 -446.398 -72.675 
18.386 -446.358 -72.695 
18.293 -446.287 -72.731 
18.200 -446.217 -72.768 
18.082 -446.129 -72.814 
18.020 -446.083 -72.838 
17.939 -446.025 -72.870 
17.891 -445.990 -72.889 
17.826 -445.943 -72.914 
17.784 -445.913 -72.930 
17.693 -445.849 -72.965 
17.589 -445.777 -73.005 
17.529 -445.736 -73.029 
17.443 -445.677 -73.062 
17.349 -445.614 -73.098 
17.277 -445.566 -73.125 
17.160 -445.490 -73.170 
17.103 -445.452 -73.191 
17.029 -445.405 -73.219 
16.930 -445.342 -73.257 
16.843 -445.287 -73.289 
16.737 -445.222 -73.329 
16.639 -445.161 -73.366 
16.536 -445.099 -73.405 
16.463 -445.054 -73.432 
16.359 -444.992 -73.471 
16.272 -444.940 -73.503 
16.151 -444.869 -73.548 
16.067 -444.820 -73.579 
15.966 -444.762 -73.616 
15.904 -444.726 -73.639 
15.829 -444.684 -73.666 
15.728 -444.627 -73.703 
15.653 -444.585 -73.731 
15.587 -444.549 -73.754 
15.492 -444.497 -73.789 
15.402 -444.448 -73.821 
15.330 -444.409 -73.847 
15.264 -444.373 -73.871 
15.149 -444.311 -73.913 
15.031 -444.248 -73.956 
14.912 -444.184 -73.999 
14.824 -444.137 -74.031 
14.742 -444.094 -74.061 
14.666 -444.053 -74.089 
14.559 -443.997 -74.127 
14.476 -443.954 -74.157 
14.398 -443.913 -74.185 
14.268 -443.847 -74.232 
14.184 -443.803 -74.262 
14.090 -443.755 -74.296 
