24.699 -458.373 -70.112 
24.698 -458.277 -70.112 
24.696 -458.169 -70.113 
24.693 -458.055 -70.114 
24.690 -457.974 -70.115 
24.686 -457.869 -70.117 
24.681 -457.766 -70.118 
24.675 -457.664 -70.120 
24.670 -457.581 -70.122 
24.658 -457.414 -70.126 
24.647 -457.275 -70.131 
24.641 -457.201 -70.133 
24.629 -457.077 -70.138 
24.618 -456.977 -70.142 
24.606 -456.864 -70.147 
24.596 -456.787 -70.151 
24.584 -456.691 -70.156 
24.574 -456.611 -70.160 
24.561 -456.515 -70.166 
24.543 -456.394 -70.173 
24.529 -456.303 -70.179 
24.511 -456.197 -70.186 
24.487 -456.055 -70.196 
24.471 -455.967 -70.203 
24.457 -455.890 -70.209 
24.437 -455.784 -70.218 
24.411 -455.657 -70.228 
24.389 -455.553 -70.237 
24.371 -455.468 -70.245 
24.355 -455.399 -70.251 
24.331 -455.290 -70.261 
24.303 -455.173 -70.272 
24.276 -455.063 -70.283 
24.256 -454.985 -70.291 
24.228 -454.872 -70.303 
24.201 -454.772 -70.313 
24.177 -454.684 -70.323 
24.154 -454.602 -70.332 
24.135 -454.535 -70.340 
24.106 -454.436 -70.351 
24.088 -454.374 -70.358 
24.053 -454.257 -70.372 
24.026 -454.172 -70.383 
23.968 -453.991 -70.405 
23.933 -453.884 -70.420 
23.900 -453.786 -70.433 
23.879 -453.728 -70.441 
23.850 -453.644 -70.453 
23.811 -453.537 -70.469 
23.777 -453.444 -70.483 
23.724 -453.307 -70.504 
23.693 -453.228 -70.517 
23.648 -453.115 -70.535 
23.603 -453.004 -70.554 
23.558 -452.898 -70.572 
23.519 -452.808 -70.588 
23.479 -452.716 -70.605 
23.444 -452.637 -70.619 
23.395 -452.528 -70.640 
23.357 -452.448 -70.655 
23.326 -452.381 -70.669 
23.268 -452.261 -70.693 
23.226 -452.175 -70.710 
23.189 -452.102 -70.725 
23.143 -452.010 -70.745 
23.097 -451.922 -70.764 
23.036 -451.804 -70.790 
22.982 -451.703 -70.813 
22.911 -451.572 -70.843 
22.868 -451.495 -70.861 
22.805 -451.382 -70.888 
22.748 -451.283 -70.912 
22.698 -451.197 -70.933 
22.642 -451.102 -70.957 
22.576 -450.993 -70.985 
22.515 -450.894 -71.011 
22.454 -450.797 -71.037 
22.394 -450.703 -71.062 
22.343 -450.624 -71.083 
22.294 -450.549 -71.104 
22.232 -450.456 -71.131 
22.161 -450.351 -71.161 
22.102 -450.265 -71.186 
22.038 -450.173 -71.213 
21.983 -450.096 -71.236 
21.936 -450.031 -71.256 
21.888 -449.964 -71.277 
21.823 -449.876 -71.304 
21.777 -449.814 -71.323 
21.715 -449.732 -71.350 
21.653 -449.651 -71.376 
21.598 -449.580 -71.399 
21.529 -449.492 -71.428 
21.473 -449.421 -71.452 
21.436 -449.375 -71.467 
21.386 -449.314 -71.488 
21.312 -449.225 -71.519 
21.261 -449.162 -71.541 
21.213 -449.105 -71.561 
21.154 -449.036 -71.585 
21.057 -448.923 -71.625 
20.992 -448.848 -71.653 
20.910 -448.755 -71.687 
20.866 -448.706 -71.705 
20.802 -448.635 -71.731 
20.749 -448.577 -71.753 
20.704 -448.527 -71.772 
20.622 -448.439 -71.806 
20.565 -448.379 -71.829 
20.484 -448.293 -71.863 
20.377 -448.182 -71.907 
20.293 -448.095 -71.941 
20.244 -448.046 -71.961 
20.160 -447.962 -71.995 
20.091 -447.893 -72.023 
20.028 -447.832 -72.049 
19.944 -447.751 -72.082 
19.858 -447.670 -72.117 
19.803 -447.617 -72.139 
19.740 -447.558 -72.165 
19.667 -447.491 -72.194 
19.591 -447.422 -72.224 
19.520 -447.357 -72.253 
19.459 -447.302 -72.277 
19.399 -447.250 -72.301 
19.353 -447.209 -72.320 
19.277 -447.142 -72.350 
19.202 -447.077 -72.380 
19.143 -447.028 -72.404 
19.075 -446.970 -72.431 
18.998 -446.906 -72.462 
18.931 -446.850 -72.489 
18.826 -446.764 -72.531 
18.757 -446.708 -72.559 
18.722 -446.680 -72.572 
18.622 -446.600 -72.612 
18.520 -446.520 -72.652 
18.442 -446.459 -72.683 
18.372 -446.405 -72.710 
18.263 -446.322 -72.753 
18.209 -446.281 -72.774 
18.116 -446.212 -72.810 
18.062 -446.172 -72.832 
17.987 -446.117 -72.861 
17.907 -446.059 -72.892 
17.826 -446.000 -72.924 
17.761 -445.954 -72.949 
17.678 -445.896 -72.982 
17.590 -445.835 -73.016 
17.513 -445.782 -73.046 
17.413 -445.714 -73.085 
17.330 -445.657 -73.118 
17.238 -445.596 -73.154 
17.175 -445.555 -73.178 
17.115 -445.515 -73.202 
17.022 -445.455 -73.238 
16.946 -445.407 -73.268 
16.862 -445.352 -73.301 
16.781 -445.301 -73.332 
16.733 -445.272 -73.350 
16.642 -445.215 -73.386 
16.545 -445.155 -73.424 
16.474 -445.112 -73.451 
16.369 -445.048 -73.492 
16.278 -444.993 -73.527 
16.199 -444.947 -73.557 
16.099 -444.887 -73.596 
15.987 -444.823 -73.639 
15.921 -444.785 -73.664 
15.835 -444.735 -73.697 
15.770 -444.699 -73.721 
15.689 -444.653 -73.752 
15.607 -444.607 -73.784 
15.556 -444.579 -73.803 
15.464 -444.528 -73.838 
15.357 -444.470 -73.878 
15.277 -444.427 -73.908 
15.209 -444.390 -73.934 
15.143 -444.355 -73.958 
15.046 -444.303 -73.995 
14.940 -444.247 -74.035 
14.872 -444.212 -74.060 
14.805 -444.177 -74.085 
14.725 -444.135 -74.114 
14.646 -444.095 -74.143 
14.583 -444.062 -74.167 
14.483 -444.010 -74.203 
14.396 -443.966 -74.235 
14.323 -443.929 -74.262 
14.211 -443.872 -74.302 
14.101 -443.816 -74.342 
