26.388 -423.584 -82.406 
26.378 -423.489 -82.411 
26.366 -423.387 -82.417 
26.359 -423.324 -82.420 
26.346 -423.224 -82.427 
26.328 -423.092 -82.436 
26.315 -423.001 -82.442 
26.291 -422.838 -82.454 
26.273 -422.727 -82.463 
26.250 -422.590 -82.474 
26.235 -422.500 -82.481 
26.215 -422.390 -82.491 
26.201 -422.316 -82.498 
26.188 -422.247 -82.504 
26.170 -422.155 -82.512 
26.143 -422.025 -82.525 
26.121 -421.923 -82.535 
26.090 -421.784 -82.549 
26.063 -421.666 -82.561 
26.045 -421.590 -82.570 
26.007 -421.436 -82.587 
25.984 -421.345 -82.598 
25.960 -421.253 -82.609 
25.937 -421.166 -82.619 
25.915 -421.086 -82.629 
25.871 -420.931 -82.648 
25.841 -420.827 -82.662 
25.813 -420.732 -82.674 
25.773 -420.598 -82.692 
25.734 -420.472 -82.709 
25.699 -420.363 -82.724 
25.665 -420.258 -82.739 
25.640 -420.182 -82.749 
25.605 -420.079 -82.764 
25.572 -419.980 -82.779 
25.521 -419.834 -82.801 
25.488 -419.743 -82.815 
25.457 -419.658 -82.829 
25.416 -419.545 -82.847 
25.392 -419.482 -82.857 
25.357 -419.389 -82.872 
25.320 -419.290 -82.888 
25.262 -419.141 -82.913 
25.224 -419.047 -82.929 
25.184 -418.948 -82.946 
25.148 -418.859 -82.961 
25.100 -418.744 -82.981 
25.049 -418.623 -83.002 
25.001 -418.513 -83.022 
24.966 -418.433 -83.037 
24.931 -418.354 -83.052 
24.882 -418.245 -83.073 
24.857 -418.191 -83.083 
24.815 -418.101 -83.101 
24.785 -418.037 -83.113 
24.738 -417.940 -83.133 
24.694 -417.850 -83.151 
24.659 -417.778 -83.167 
24.624 -417.708 -83.181 
24.601 -417.664 -83.191 
24.557 -417.576 -83.210 
24.503 -417.473 -83.232 
24.443 -417.358 -83.258 
24.395 -417.269 -83.278 
24.339 -417.167 -83.302 
24.297 -417.091 -83.320 
24.241 -416.992 -83.344 
24.185 -416.895 -83.368 
24.128 -416.797 -83.393 
24.057 -416.678 -83.423 
23.993 -416.574 -83.450 
23.930 -416.471 -83.477 
23.861 -416.363 -83.506 
23.791 -416.255 -83.535 
23.720 -416.147 -83.565 
23.650 -416.043 -83.595 
23.589 -415.955 -83.620 
23.548 -415.896 -83.638 
23.499 -415.826 -83.658 
23.437 -415.740 -83.684 
23.384 -415.667 -83.707 
23.324 -415.586 -83.732 
23.277 -415.524 -83.752 
23.221 -415.451 -83.775 
23.141 -415.348 -83.809 
23.054 -415.240 -83.845 
22.979 -415.148 -83.876 
22.912 -415.068 -83.904 
22.856 -415.002 -83.927 
22.791 -414.925 -83.954 
22.714 -414.838 -83.986 
22.651 -414.767 -84.012 
22.580 -414.689 -84.041 
22.522 -414.626 -84.065 
22.438 -414.536 -84.100 
22.371 -414.467 -84.128 
22.313 -414.408 -84.152 
22.242 -414.336 -84.182 
22.133 -414.228 -84.227 
22.076 -414.172 -84.250 
22.007 -414.106 -84.279 
21.950 -414.052 -84.302 
21.893 -413.998 -84.326 
21.818 -413.930 -84.357 
21.736 -413.856 -84.391 
21.676 -413.803 -84.416 
21.595 -413.733 -84.449 
21.491 -413.645 -84.493 
21.426 -413.591 -84.520 
21.335 -413.516 -84.558 
21.238 -413.438 -84.598 
21.179 -413.393 -84.622 
21.112 -413.341 -84.650 
21.030 -413.278 -84.685 
20.934 -413.207 -84.724 
20.804 -413.113 -84.778 
20.731 -413.062 -84.808 
20.674 -413.022 -84.832 
20.615 -412.981 -84.857 
20.545 -412.933 -84.886 
20.456 -412.875 -84.922 
20.387 -412.830 -84.951 
20.299 -412.773 -84.988 
20.183 -412.701 -85.036 
20.084 -412.641 -85.076 
20.020 -412.602 -85.103 
19.930 -412.549 -85.139 
19.849 -412.503 -85.173 
19.769 -412.458 -85.205 
19.661 -412.399 -85.250 
19.567 -412.348 -85.289 
19.484 -412.305 -85.323 
19.417 -412.270 -85.350 
19.331 -412.227 -85.386 
19.255 -412.189 -85.417 
19.129 -412.128 -85.469 
19.009 -412.072 -85.518 
18.935 -412.038 -85.549 
18.841 -411.996 -85.588 
18.743 -411.953 -85.628 
18.654 -411.915 -85.665 
18.586 -411.886 -85.693 
18.506 -411.852 -85.727 
18.415 -411.816 -85.764 
18.344 -411.788 -85.794 
18.231 -411.744 -85.840 
18.155 -411.715 -85.871 
18.075 -411.685 -85.904 
17.930 -411.633 -85.964 
17.831 -411.599 -86.005 
17.756 -411.573 -86.036 
17.647 -411.537 -86.080 
17.552 -411.507 -86.119 
17.460 -411.478 -86.157 
17.400 -411.460 -86.182 
17.300 -411.430 -86.222 
17.212 -411.405 -86.259 
17.099 -411.374 -86.305 
17.027 -411.355 -86.335 
16.952 -411.335 -86.366 
16.906 -411.324 -86.385 
16.810 -411.300 -86.424 
16.713 -411.277 -86.465 
16.589 -411.248 -86.516 
16.475 -411.223 -86.563 
16.393 -411.206 -86.597 
16.300 -411.187 -86.635 
16.225 -411.173 -86.666 
16.149 -411.159 -86.697 
16.055 -411.142 -86.736 
15.991 -411.131 -86.762 
15.878 -411.112 -86.809 
15.786 -411.098 -86.847 
15.706 -411.085 -86.880 
15.596 -411.069 -86.926 
15.497 -411.055 -86.966 
15.380 -411.040 -87.014 
15.285 -411.028 -87.053 
15.218 -411.021 -87.081 
15.078 -411.006 -87.138 
15.023 -411.001 -87.160 
14.931 -410.992 -87.198 
14.803 -410.982 -87.250 
14.718 -410.976 -87.285 
14.614 -410.969 -87.328 
14.541 -410.965 -87.358 
14.467 -410.961 -87.388 
14.369 -410.957 -87.427 
14.282 -410.954 -87.463 
14.194 -410.951 -87.499 
14.092 -410.949 -87.541 
14.015 -410.949 -87.572 
13.896 -410.948 -87.621 
13.832 -410.948 -87.646 
13.739 -410.949 -87.685 
13.623 -410.952 -87.732 
13.545 -410.954 -87.764 
13.493 -410.956 -87.786 
13.414 -410.959 -87.818 
13.278 -410.964 -87.873 
13.172 -410.970 -87.917 
13.086 -410.975 -87.952 
12.981 -410.981 -87.994 
12.907 -410.986 -88.024 
12.776 -410.995 -88.076 
12.681 -411.002 -88.115 
12.579 -411.010 -88.155 
12.480 -411.019 -88.195 
12.376 -411.028 -88.237 
12.279 -411.038 -88.276 
12.201 -411.045 -88.307 
12.108 -411.055 -88.344 
12.043 -411.062 -88.370 
11.953 -411.072 -88.406 
11.870 -411.082 -88.440 
11.763 -411.095 -88.482 
11.698 -411.103 -88.508 
11.563 -411.121 -88.562 
11.441 -411.137 -88.611 
