26.393 -423.628 -82.404 
26.379 -423.493 -82.411 
26.363 -423.357 -82.418 
26.356 -423.297 -82.422 
26.342 -423.190 -82.428 
26.328 -423.086 -82.435 
26.313 -422.983 -82.442 
26.300 -422.893 -82.448 
26.289 -422.823 -82.453 
26.276 -422.740 -82.460 
26.260 -422.643 -82.467 
26.235 -422.498 -82.479 
26.214 -422.379 -82.489 
26.194 -422.277 -82.498 
26.173 -422.169 -82.508 
26.158 -422.092 -82.516 
26.136 -421.990 -82.526 
26.112 -421.878 -82.537 
26.088 -421.770 -82.548 
26.066 -421.675 -82.558 
26.046 -421.590 -82.568 
26.020 -421.485 -82.579 
25.988 -421.359 -82.594 
25.960 -421.253 -82.606 
25.931 -421.144 -82.620 
25.889 -420.992 -82.638 
25.845 -420.840 -82.658 
25.820 -420.757 -82.669 
25.794 -420.668 -82.681 
25.758 -420.552 -82.696 
25.736 -420.481 -82.705 
25.706 -420.388 -82.718 
25.677 -420.300 -82.731 
25.658 -420.240 -82.739 
25.639 -420.185 -82.747 
25.612 -420.104 -82.759 
25.577 -420.002 -82.774 
25.543 -419.903 -82.788 
25.509 -419.806 -82.803 
25.484 -419.736 -82.814 
25.450 -419.644 -82.828 
25.427 -419.583 -82.838 
25.383 -419.466 -82.857 
25.352 -419.384 -82.870 
25.311 -419.279 -82.887 
25.274 -419.187 -82.902 
25.235 -419.088 -82.919 
25.194 -418.988 -82.936 
25.162 -418.908 -82.949 
25.124 -418.817 -82.964 
25.091 -418.737 -82.977 
25.059 -418.659 -82.990 
25.020 -418.569 -83.005 
24.977 -418.468 -83.022 
24.949 -418.404 -83.034 
24.916 -418.330 -83.047 
24.882 -418.255 -83.060 
24.847 -418.177 -83.074 
24.803 -418.083 -83.092 
24.780 -418.033 -83.101 
24.732 -417.934 -83.120 
24.688 -417.842 -83.137 
24.639 -417.744 -83.157 
24.585 -417.636 -83.179 
24.537 -417.544 -83.198 
24.485 -417.444 -83.219 
24.434 -417.349 -83.239 
24.394 -417.274 -83.255 
24.341 -417.177 -83.276 
24.294 -417.091 -83.295 
24.262 -417.035 -83.308 
24.200 -416.924 -83.333 
24.141 -416.822 -83.357 
24.096 -416.745 -83.375 
24.036 -416.645 -83.399 
23.978 -416.551 -83.422 
23.905 -416.431 -83.452 
23.851 -416.346 -83.474 
23.792 -416.253 -83.498 
23.746 -416.182 -83.516 
23.675 -416.075 -83.545 
23.636 -416.018 -83.560 
23.583 -415.941 -83.582 
23.521 -415.851 -83.607 
23.433 -415.727 -83.643 
23.348 -415.610 -83.677 
23.291 -415.534 -83.700 
23.245 -415.473 -83.719 
23.185 -415.394 -83.744 
23.128 -415.321 -83.767 
23.082 -415.264 -83.786 
22.991 -415.151 -83.823 
22.950 -415.102 -83.840 
22.899 -415.040 -83.861 
22.855 -414.987 -83.879 
22.784 -414.904 -83.909 
22.704 -414.813 -83.941 
22.640 -414.740 -83.967 
22.572 -414.665 -83.995 
22.515 -414.602 -84.019 
22.442 -414.524 -84.048 
22.359 -414.436 -84.083 
22.295 -414.370 -84.109 
22.228 -414.302 -84.136 
22.137 -414.211 -84.174 
22.057 -414.132 -84.206 
21.981 -414.059 -84.238 
21.885 -413.968 -84.277 
21.825 -413.913 -84.301 
21.728 -413.824 -84.341 
21.683 -413.784 -84.360 
21.621 -413.729 -84.385 
21.554 -413.670 -84.413 
21.479 -413.606 -84.443 
21.393 -413.534 -84.478 
21.288 -413.447 -84.521 
21.194 -413.372 -84.560 
21.075 -413.280 -84.608 
20.980 -413.207 -84.647 
20.896 -413.144 -84.682 
20.804 -413.077 -84.719 
20.708 -413.008 -84.758 
20.636 -412.958 -84.788 
20.538 -412.890 -84.828 
20.448 -412.829 -84.864 
20.376 -412.782 -84.893 
20.276 -412.717 -84.934 
20.137 -412.629 -84.990 
20.042 -412.571 -85.029 
19.946 -412.513 -85.068 
19.868 -412.468 -85.099 
19.780 -412.417 -85.135 
19.697 -412.371 -85.168 
19.630 -412.333 -85.196 
19.526 -412.277 -85.238 
19.449 -412.236 -85.269 
19.373 -412.196 -85.300 
19.254 -412.136 -85.348 
19.163 -412.091 -85.385 
19.041 -412.032 -85.434 
18.905 -411.968 -85.489 
18.827 -411.933 -85.521 
18.770 -411.907 -85.544 
18.711 -411.881 -85.568 
18.613 -411.838 -85.608 
18.523 -411.801 -85.645 
18.413 -411.755 -85.690 
18.356 -411.732 -85.713 
18.242 -411.688 -85.760 
18.151 -411.653 -85.797 
18.090 -411.630 -85.822 
18.007 -411.599 -85.856 
17.917 -411.567 -85.893 
17.824 -411.535 -85.932 
17.740 -411.506 -85.967 
17.648 -411.476 -86.005 
17.542 -411.442 -86.049 
17.462 -411.416 -86.083 
17.373 -411.389 -86.120 
17.301 -411.368 -86.150 
17.181 -411.334 -86.200 
17.089 -411.308 -86.238 
17.007 -411.286 -86.273 
16.916 -411.262 -86.311 
16.820 -411.238 -86.351 
16.707 -411.211 -86.398 
16.609 -411.189 -86.439 
16.506 -411.166 -86.483 
16.429 -411.149 -86.515 
16.341 -411.131 -86.551 
16.226 -411.108 -86.599 
16.136 -411.091 -86.637 
16.032 -411.072 -86.680 
15.950 -411.058 -86.715 
15.884 -411.048 -86.742 
15.756 -411.028 -86.796 
15.676 -411.016 -86.829 
15.602 -411.006 -86.860 
15.479 -410.990 -86.912 
15.395 -410.980 -86.947 
15.320 -410.971 -86.978 
15.227 -410.961 -87.017 
15.131 -410.951 -87.057 
15.041 -410.943 -87.095 
14.934 -410.935 -87.140 
14.815 -410.926 -87.190 
14.743 -410.921 -87.220 
14.654 -410.916 -87.257 
14.601 -410.913 -87.279 
14.520 -410.909 -87.313 
14.439 -410.906 -87.347 
14.361 -410.903 -87.379 
14.242 -410.900 -87.429 
14.171 -410.898 -87.459 
14.050 -410.896 -87.509 
13.948 -410.895 -87.551 
13.828 -410.895 -87.601 
13.704 -410.897 -87.653 
13.608 -410.899 -87.693 
13.532 -410.901 -87.725 
13.453 -410.903 -87.757 
13.361 -410.907 -87.796 
13.292 -410.910 -87.825 
13.202 -410.915 -87.862 
13.114 -410.920 -87.899 
13.024 -410.925 -87.936 
12.922 -410.932 -87.978 
12.814 -410.939 -88.023 
12.733 -410.946 -88.057 
12.627 -410.954 -88.101 
12.540 -410.962 -88.137 
12.437 -410.971 -88.180 
12.335 -410.980 -88.222 
12.263 -410.988 -88.252 
12.157 -410.999 -88.296 
12.057 -411.010 -88.338 
11.976 -411.019 -88.371 
11.879 -411.031 -88.411 
11.797 -411.041 -88.445 
11.720 -411.051 -88.477 
11.587 -411.069 -88.532 
11.483 -411.084 -88.575 
