24.700 -458.406 -70.112 
24.698 -458.253 -70.113 
24.694 -458.100 -70.114 
24.689 -457.954 -70.116 
24.683 -457.823 -70.118 
24.679 -457.752 -70.120 
24.672 -457.629 -70.122 
24.666 -457.534 -70.125 
24.655 -457.386 -70.129 
24.645 -457.275 -70.133 
24.636 -457.175 -70.137 
24.620 -457.020 -70.144 
24.607 -456.901 -70.150 
24.597 -456.819 -70.154 
24.587 -456.742 -70.159 
24.566 -456.582 -70.168 
24.552 -456.483 -70.174 
24.533 -456.357 -70.182 
24.513 -456.229 -70.191 
24.493 -456.115 -70.200 
24.472 -455.991 -70.210 
24.455 -455.903 -70.217 
24.434 -455.791 -70.227 
24.410 -455.668 -70.238 
24.387 -455.561 -70.248 
24.369 -455.479 -70.256 
24.348 -455.382 -70.266 
24.323 -455.273 -70.277 
24.293 -455.148 -70.290 
24.264 -455.028 -70.304 
24.237 -454.922 -70.316 
24.216 -454.844 -70.325 
24.196 -454.768 -70.334 
24.178 -454.702 -70.341 
24.150 -454.602 -70.353 
24.118 -454.491 -70.367 
24.085 -454.378 -70.381 
24.051 -454.268 -70.395 
24.018 -454.160 -70.409 
23.977 -454.034 -70.427 
23.947 -453.944 -70.439 
23.928 -453.889 -70.447 
23.891 -453.782 -70.462 
23.852 -453.670 -70.479 
23.827 -453.602 -70.489 
23.801 -453.530 -70.500 
23.772 -453.452 -70.513 
23.720 -453.316 -70.534 
23.683 -453.221 -70.550 
23.644 -453.123 -70.566 
23.602 -453.021 -70.584 
23.572 -452.947 -70.597 
23.537 -452.866 -70.611 
23.494 -452.766 -70.629 
23.440 -452.644 -70.652 
23.385 -452.522 -70.675 
23.347 -452.441 -70.690 
23.307 -452.355 -70.707 
23.260 -452.257 -70.727 
23.197 -452.128 -70.753 
23.153 -452.041 -70.771 
23.102 -451.939 -70.792 
23.050 -451.840 -70.813 
22.996 -451.737 -70.835 
22.927 -451.609 -70.863 
22.875 -451.515 -70.885 
22.819 -451.416 -70.907 
22.768 -451.325 -70.929 
22.710 -451.225 -70.952 
22.612 -451.060 -70.993 
22.553 -450.962 -71.017 
22.512 -450.897 -71.034 
22.470 -450.830 -71.051 
22.419 -450.750 -71.072 
22.368 -450.670 -71.093 
22.306 -450.576 -71.119 
22.270 -450.521 -71.133 
22.202 -450.420 -71.161 
22.131 -450.317 -71.190 
22.078 -450.241 -71.212 
22.022 -450.162 -71.235 
21.996 -450.126 -71.245 
21.939 -450.046 -71.269 
21.854 -449.931 -71.303 
21.773 -449.824 -71.336 
21.726 -449.762 -71.355 
21.661 -449.677 -71.381 
21.600 -449.598 -71.405 
21.537 -449.518 -71.431 
21.477 -449.444 -71.455 
21.443 -449.402 -71.468 
21.396 -449.345 -71.487 
21.323 -449.257 -71.516 
21.260 -449.181 -71.541 
21.173 -449.080 -71.576 
21.098 -448.994 -71.606 
21.039 -448.926 -71.630 
20.950 -448.826 -71.666 
20.860 -448.726 -71.702 
20.795 -448.655 -71.728 
20.718 -448.573 -71.760 
20.642 -448.493 -71.790 
20.596 -448.444 -71.809 
20.521 -448.367 -71.840 
20.470 -448.315 -71.860 
20.376 -448.219 -71.898 
20.298 -448.141 -71.929 
20.261 -448.104 -71.945 
20.198 -448.043 -71.970 
20.136 -447.982 -71.995 
20.079 -447.926 -72.018 
20.054 -447.902 -72.029 
19.984 -447.835 -72.057 
19.886 -447.742 -72.097 
19.818 -447.679 -72.124 
19.737 -447.603 -72.157 
19.665 -447.537 -72.187 
19.607 -447.484 -72.210 
19.525 -447.411 -72.243 
19.459 -447.352 -72.270 
19.410 -447.309 -72.290 
19.383 -447.285 -72.301 
19.317 -447.228 -72.328 
19.230 -447.153 -72.363 
19.159 -447.092 -72.391 
19.062 -447.009 -72.430 
18.964 -446.927 -72.470 
18.870 -446.849 -72.508 
18.788 -446.782 -72.541 
18.735 -446.739 -72.562 
18.668 -446.685 -72.588 
18.606 -446.635 -72.613 
18.529 -446.574 -72.644 
18.469 -446.527 -72.668 
18.423 -446.490 -72.686 
18.309 -446.402 -72.732 
18.222 -446.336 -72.767 
18.127 -446.264 -72.805 
18.050 -446.207 -72.835 
17.969 -446.147 -72.868 
17.902 -446.098 -72.895 
17.810 -446.032 -72.931 
17.741 -445.983 -72.958 
17.671 -445.933 -72.986 
17.615 -445.894 -73.009 
17.527 -445.833 -73.044 
17.451 -445.780 -73.074 
17.354 -445.715 -73.112 
17.256 -445.648 -73.151 
17.154 -445.581 -73.192 
17.084 -445.534 -73.219 
16.997 -445.478 -73.253 
16.901 -445.416 -73.291 
16.799 -445.351 -73.331 
16.748 -445.319 -73.351 
16.644 -445.253 -73.392 
16.531 -445.183 -73.436 
16.459 -445.139 -73.464 
16.363 -445.081 -73.501 
16.292 -445.039 -73.528 
16.236 -445.006 -73.549 
16.147 -444.954 -73.584 
16.018 -444.879 -73.633 
15.963 -444.848 -73.653 
15.844 -444.781 -73.699 
15.747 -444.727 -73.735 
15.675 -444.687 -73.762 
15.557 -444.622 -73.806 
15.450 -444.564 -73.846 
15.370 -444.520 -73.875 
15.297 -444.481 -73.902 
15.198 -444.428 -73.939 
15.116 -444.385 -73.969 
15.034 -444.342 -73.999 
14.998 -444.323 -74.012 
14.914 -444.278 -74.043 
14.839 -444.240 -74.070 
14.769 -444.203 -74.095 
14.678 -444.156 -74.128 
14.571 -444.101 -74.167 
14.487 -444.058 -74.197 
14.399 -444.014 -74.228 
14.313 -443.971 -74.259 
14.237 -443.932 -74.286 
14.158 -443.894 -74.313 
14.073 -443.851 -74.343 
