21.499 -475.851 -70.112 
21.498 -475.767 -70.113 
21.496 -475.667 -70.113 
21.494 -475.563 -70.114 
21.491 -475.473 -70.116 
21.487 -475.388 -70.117 
21.482 -475.276 -70.119 
21.476 -475.153 -70.121 
21.472 -475.079 -70.123 
21.461 -474.923 -70.127 
21.455 -474.836 -70.130 
21.445 -474.715 -70.134 
21.436 -474.616 -70.137 
21.424 -474.497 -70.142 
21.410 -474.366 -70.148 
21.401 -474.282 -70.152 
21.389 -474.182 -70.157 
21.379 -474.098 -70.161 
21.365 -473.988 -70.167 
21.344 -473.834 -70.175 
21.329 -473.729 -70.182 
21.312 -473.615 -70.189 
21.299 -473.532 -70.195 
21.283 -473.433 -70.201 
21.263 -473.317 -70.209 
21.234 -473.158 -70.221 
21.222 -473.092 -70.226 
21.200 -472.978 -70.236 
21.178 -472.869 -70.245 
21.146 -472.716 -70.258 
21.126 -472.621 -70.266 
21.107 -472.536 -70.274 
21.094 -472.479 -70.280 
21.074 -472.391 -70.288 
21.050 -472.291 -70.298 
21.033 -472.219 -70.305 
21.014 -472.142 -70.313 
20.979 -472.003 -70.328 
20.952 -471.900 -70.339 
20.924 -471.794 -70.351 
20.893 -471.682 -70.364 
20.868 -471.591 -70.375 
20.832 -471.463 -70.391 
20.784 -471.300 -70.411 
20.759 -471.215 -70.421 
20.728 -471.115 -70.434 
20.690 -470.995 -70.450 
20.669 -470.928 -70.458 
20.624 -470.790 -70.477 
20.601 -470.721 -70.487 
20.577 -470.650 -70.497 
20.546 -470.559 -70.509 
20.516 -470.473 -70.522 
20.482 -470.377 -70.536 
20.443 -470.270 -70.551 
20.404 -470.164 -70.567 
20.376 -470.090 -70.578 
20.336 -469.982 -70.595 
20.308 -469.910 -70.606 
20.278 -469.832 -70.618 
20.247 -469.753 -70.630 
20.218 -469.679 -70.641 
20.178 -469.580 -70.657 
20.141 -469.489 -70.672 
20.106 -469.405 -70.685 
20.081 -469.343 -70.695 
20.053 -469.279 -70.706 
20.015 -469.189 -70.720 
19.983 -469.113 -70.733 
19.954 -469.048 -70.744 
19.915 -468.959 -70.759 
19.880 -468.878 -70.773 
19.847 -468.805 -70.786 
19.792 -468.684 -70.807 
19.757 -468.610 -70.820 
19.714 -468.517 -70.837 
19.663 -468.408 -70.856 
19.626 -468.330 -70.870 
19.569 -468.212 -70.892 
19.535 -468.141 -70.905 
19.482 -468.034 -70.924 
19.424 -467.917 -70.946 
19.368 -467.807 -70.967 
19.311 -467.695 -70.988 
19.274 -467.623 -71.002 
19.223 -467.526 -71.021 
19.197 -467.476 -71.030 
19.136 -467.359 -71.053 
19.090 -467.273 -71.070 
19.041 -467.181 -71.088 
18.986 -467.081 -71.108 
18.945 -467.004 -71.123 
18.895 -466.912 -71.141 
18.843 -466.819 -71.160 
18.789 -466.724 -71.179 
18.752 -466.657 -71.193 
18.716 -466.594 -71.206 
18.680 -466.531 -71.219 
18.631 -466.445 -71.236 
18.557 -466.319 -71.262 
18.513 -466.244 -71.278 
18.474 -466.177 -71.292 
18.412 -466.073 -71.314 
18.384 -466.027 -71.324 
18.322 -465.923 -71.346 
18.248 -465.802 -71.371 
18.179 -465.689 -71.395 
18.145 -465.633 -71.407 
18.098 -465.556 -71.423 
18.052 -465.482 -71.438 
18.007 -465.410 -71.453 
17.955 -465.327 -71.471 
17.913 -465.260 -71.485 
17.857 -465.172 -71.504 
17.809 -465.098 -71.520 
17.746 -464.999 -71.541 
17.717 -464.954 -71.550 
17.665 -464.876 -71.567 
17.613 -464.795 -71.584 
17.562 -464.718 -71.600 
17.522 -464.657 -71.613 
17.467 -464.574 -71.631 
17.422 -464.507 -71.645 
17.371 -464.431 -71.661 
17.308 -464.338 -71.680 
17.226 -464.217 -71.705 
17.174 -464.141 -71.721 
17.118 -464.061 -71.738 
17.047 -463.958 -71.759 
16.979 -463.861 -71.780 
16.927 -463.787 -71.795 
16.888 -463.731 -71.807 
16.831 -463.650 -71.824 
16.775 -463.571 -71.840 
16.730 -463.508 -71.853 
16.674 -463.429 -71.869 
16.595 -463.318 -71.892 
16.533 -463.233 -71.909 
16.444 -463.110 -71.934 
16.419 -463.075 -71.942 
16.367 -463.004 -71.956 
16.327 -462.949 -71.967 
16.263 -462.861 -71.985 
16.203 -462.781 -72.001 
16.165 -462.729 -72.012 
16.107 -462.651 -72.027 
16.059 -462.587 -72.040 
15.972 -462.472 -72.064 
15.913 -462.394 -72.080 
15.851 -462.313 -72.096 
15.779 -462.219 -72.116 
15.706 -462.123 -72.135 
15.667 -462.073 -72.145 
15.612 -462.002 -72.160 
15.555 -461.929 -72.175 
15.471 -461.822 -72.197 
15.417 -461.753 -72.211 
15.347 -461.664 -72.229 
15.292 -461.595 -72.243 
15.236 -461.525 -72.258 
15.156 -461.425 -72.278 
15.087 -461.339 -72.296 
15.011 -461.244 -72.316 
14.952 -461.171 -72.331 
14.859 -461.057 -72.354 
14.793 -460.976 -72.370 
14.744 -460.916 -72.383 
14.693 -460.854 -72.395 
14.649 -460.802 -72.406 
14.593 -460.735 -72.420 
14.540 -460.670 -72.433 
14.472 -460.590 -72.449 
14.428 -460.538 -72.460 
14.371 -460.470 -72.474 
14.334 -460.427 -72.483 
14.249 -460.327 -72.503 
14.182 -460.249 -72.519 
14.122 -460.178 -72.533 
