24.700 -458.417 -70.112 
24.699 -458.297 -70.113 
24.697 -458.200 -70.113 
24.694 -458.086 -70.114 
24.689 -457.963 -70.116 
24.685 -457.857 -70.117 
24.680 -457.761 -70.119 
24.673 -457.637 -70.122 
24.665 -457.526 -70.125 
24.660 -457.457 -70.127 
24.656 -457.398 -70.129 
24.646 -457.283 -70.132 
24.638 -457.199 -70.135 
24.625 -457.062 -70.141 
24.615 -456.974 -70.144 
24.599 -456.834 -70.151 
24.584 -456.715 -70.157 
24.570 -456.611 -70.163 
24.556 -456.512 -70.168 
24.536 -456.383 -70.176 
24.520 -456.280 -70.183 
24.506 -456.199 -70.188 
24.491 -456.109 -70.195 
24.471 -455.999 -70.203 
24.450 -455.886 -70.212 
24.436 -455.815 -70.218 
24.410 -455.684 -70.229 
24.391 -455.597 -70.237 
24.361 -455.457 -70.249 
24.335 -455.343 -70.260 
24.316 -455.264 -70.267 
24.286 -455.140 -70.280 
24.264 -455.053 -70.289 
24.244 -454.972 -70.297 
24.216 -454.867 -70.308 
24.194 -454.786 -70.317 
24.164 -454.675 -70.330 
24.136 -454.578 -70.341 
24.115 -454.507 -70.349 
24.095 -454.439 -70.357 
24.078 -454.380 -70.364 
24.053 -454.300 -70.374 
24.022 -454.200 -70.387 
23.991 -454.103 -70.400 
23.962 -454.012 -70.412 
23.928 -453.913 -70.426 
23.893 -453.809 -70.440 
23.853 -453.693 -70.457 
23.805 -453.560 -70.477 
23.761 -453.441 -70.495 
23.720 -453.332 -70.512 
23.690 -453.253 -70.525 
23.670 -453.202 -70.533 
23.635 -453.116 -70.547 
23.597 -453.022 -70.563 
23.548 -452.904 -70.583 
23.523 -452.845 -70.593 
23.485 -452.757 -70.609 
23.453 -452.683 -70.622 
23.398 -452.559 -70.645 
23.357 -452.469 -70.662 
23.313 -452.375 -70.681 
23.283 -452.311 -70.693 
23.240 -452.220 -70.711 
23.207 -452.153 -70.725 
23.164 -452.064 -70.743 
23.105 -451.946 -70.767 
23.063 -451.863 -70.785 
23.030 -451.800 -70.799 
22.987 -451.717 -70.817 
22.917 -451.586 -70.846 
22.888 -451.533 -70.858 
22.841 -451.447 -70.877 
22.796 -451.366 -70.896 
22.750 -451.285 -70.915 
22.704 -451.203 -70.935 
22.654 -451.117 -70.955 
22.597 -451.020 -70.978 
22.533 -450.913 -71.004 
22.483 -450.830 -71.024 
22.417 -450.722 -71.051 
22.364 -450.639 -71.073 
22.310 -450.553 -71.094 
22.250 -450.461 -71.119 
22.217 -450.410 -71.132 
22.154 -450.315 -71.158 
22.105 -450.243 -71.178 
22.044 -450.153 -71.203 
21.986 -450.071 -71.226 
21.937 -450.001 -71.246 
21.884 -449.925 -71.268 
21.826 -449.846 -71.291 
21.773 -449.773 -71.313 
21.699 -449.674 -71.343 
21.629 -449.581 -71.371 
21.566 -449.498 -71.397 
21.479 -449.388 -71.432 
21.414 -449.305 -71.458 
21.342 -449.215 -71.487 
21.279 -449.138 -71.513 
21.219 -449.065 -71.537 
21.127 -448.954 -71.575 
21.050 -448.863 -71.606 
20.969 -448.770 -71.639 
20.937 -448.733 -71.652 
20.841 -448.624 -71.691 
20.802 -448.581 -71.706 
20.743 -448.515 -71.730 
20.657 -448.421 -71.765 
20.613 -448.373 -71.783 
20.545 -448.301 -71.810 
20.493 -448.245 -71.831 
20.427 -448.176 -71.858 
20.350 -448.096 -71.889 
20.298 -448.043 -71.909 
20.224 -447.967 -71.939 
20.130 -447.873 -71.977 
20.048 -447.792 -72.010 
19.967 -447.713 -72.043 
19.890 -447.639 -72.074 
19.829 -447.580 -72.098 
19.741 -447.497 -72.134 
19.681 -447.441 -72.158 
19.604 -447.370 -72.188 
19.538 -447.310 -72.215 
19.456 -447.236 -72.247 
19.372 -447.161 -72.281 
19.293 -447.093 -72.312 
19.226 -447.034 -72.339 
19.125 -446.948 -72.379 
19.043 -446.878 -72.412 
18.965 -446.813 -72.443 
18.886 -446.748 -72.473 
18.851 -446.720 -72.487 
18.749 -446.637 -72.527 
18.682 -446.583 -72.554 
18.580 -446.502 -72.594 
18.510 -446.447 -72.621 
18.411 -446.371 -72.660 
18.321 -446.302 -72.695 
18.214 -446.221 -72.737 
18.147 -446.172 -72.764 
18.070 -446.115 -72.794 
17.981 -446.050 -72.828 
17.888 -445.984 -72.864 
17.770 -445.900 -72.910 
17.706 -445.856 -72.935 
17.619 -445.795 -72.969 
17.512 -445.722 -73.010 
17.425 -445.663 -73.044 
17.315 -445.589 -73.087 
17.233 -445.535 -73.119 
17.150 -445.481 -73.151 
17.050 -445.417 -73.190 
16.983 -445.374 -73.216 
16.915 -445.330 -73.242 
16.807 -445.263 -73.283 
16.709 -445.202 -73.321 
16.628 -445.151 -73.352 
16.526 -445.090 -73.391 
16.427 -445.030 -73.429 
16.321 -444.967 -73.470 
16.192 -444.891 -73.519 
16.105 -444.841 -73.553 
15.999 -444.780 -73.593 
15.899 -444.723 -73.631 
15.800 -444.668 -73.669 
15.697 -444.610 -73.708 
15.619 -444.567 -73.738 
15.529 -444.518 -73.772 
15.410 -444.453 -73.817 
15.330 -444.410 -73.847 
15.252 -444.369 -73.876 
15.146 -444.313 -73.916 
15.029 -444.251 -73.959 
14.886 -444.176 -74.012 
14.794 -444.129 -74.046 
14.714 -444.088 -74.075 
14.615 -444.037 -74.111 
14.526 -443.993 -74.144 
14.383 -443.921 -74.195 
14.282 -443.871 -74.231 
14.171 -443.817 -74.270 
