26.392 -423.616 -82.404 
26.384 -423.539 -82.408 
26.368 -423.398 -82.416 
26.355 -423.290 -82.423 
26.341 -423.179 -82.430 
26.325 -423.065 -82.437 
26.309 -422.952 -82.445 
26.290 -422.823 -82.454 
26.271 -422.701 -82.464 
26.261 -422.641 -82.469 
26.247 -422.560 -82.475 
26.230 -422.459 -82.484 
26.220 -422.404 -82.489 
26.201 -422.300 -82.498 
26.182 -422.203 -82.507 
26.168 -422.133 -82.514 
26.152 -422.054 -82.522 
26.130 -421.946 -82.532 
26.093 -421.772 -82.551 
26.073 -421.684 -82.561 
26.052 -421.590 -82.571 
26.027 -421.486 -82.583 
26.008 -421.407 -82.592 
25.985 -421.317 -82.603 
25.958 -421.209 -82.615 
25.924 -421.083 -82.631 
25.888 -420.949 -82.648 
25.859 -420.844 -82.662 
25.827 -420.732 -82.677 
25.808 -420.669 -82.685 
25.768 -420.538 -82.703 
25.744 -420.457 -82.715 
25.727 -420.403 -82.722 
25.694 -420.299 -82.737 
25.672 -420.230 -82.747 
25.625 -420.085 -82.769 
25.584 -419.963 -82.788 
25.548 -419.857 -82.805 
25.520 -419.776 -82.818 
25.479 -419.660 -82.837 
25.444 -419.563 -82.853 
25.422 -419.502 -82.863 
25.388 -419.412 -82.879 
25.347 -419.305 -82.897 
25.304 -419.191 -82.917 
25.266 -419.095 -82.934 
25.231 -419.005 -82.950 
25.178 -418.875 -82.974 
25.147 -418.800 -82.988 
25.112 -418.716 -83.003 
25.069 -418.615 -83.022 
25.028 -418.519 -83.041 
24.974 -418.396 -83.065 
24.950 -418.340 -83.076 
24.901 -418.232 -83.097 
24.848 -418.116 -83.121 
24.809 -418.034 -83.138 
24.775 -417.962 -83.153 
24.727 -417.864 -83.174 
24.698 -417.805 -83.187 
24.670 -417.747 -83.200 
24.628 -417.666 -83.218 
24.590 -417.590 -83.235 
24.537 -417.489 -83.258 
24.496 -417.411 -83.277 
24.454 -417.334 -83.295 
24.403 -417.240 -83.318 
24.344 -417.134 -83.343 
24.310 -417.073 -83.359 
24.267 -416.997 -83.377 
24.222 -416.917 -83.397 
24.166 -416.821 -83.421 
24.122 -416.746 -83.441 
24.049 -416.622 -83.472 
23.993 -416.529 -83.497 
23.955 -416.467 -83.513 
23.896 -416.373 -83.538 
23.846 -416.293 -83.560 
23.775 -416.184 -83.591 
23.722 -416.103 -83.614 
23.663 -416.014 -83.640 
23.603 -415.926 -83.666 
23.559 -415.862 -83.685 
23.505 -415.786 -83.708 
23.455 -415.716 -83.730 
23.386 -415.620 -83.759 
23.307 -415.513 -83.793 
23.219 -415.396 -83.832 
23.162 -415.322 -83.856 
23.100 -415.244 -83.883 
23.044 -415.172 -83.907 
22.973 -415.085 -83.938 
22.918 -415.018 -83.962 
22.859 -414.948 -83.987 
22.786 -414.862 -84.019 
22.749 -414.820 -84.035 
22.676 -414.737 -84.066 
22.602 -414.654 -84.098 
22.544 -414.590 -84.123 
22.487 -414.529 -84.148 
22.425 -414.463 -84.175 
22.375 -414.411 -84.196 
22.315 -414.348 -84.222 
22.248 -414.280 -84.251 
22.191 -414.223 -84.275 
22.138 -414.171 -84.297 
22.036 -414.071 -84.341 
21.958 -413.997 -84.374 
21.867 -413.911 -84.413 
21.810 -413.859 -84.438 
21.762 -413.816 -84.458 
21.696 -413.756 -84.486 
21.643 -413.710 -84.509 
21.560 -413.637 -84.544 
21.477 -413.566 -84.580 
21.381 -413.486 -84.621 
21.310 -413.428 -84.651 
21.238 -413.370 -84.681 
21.148 -413.299 -84.719 
21.070 -413.238 -84.752 
20.969 -413.161 -84.795 
20.880 -413.095 -84.832 
20.813 -413.045 -84.861 
20.750 -413.000 -84.887 
20.642 -412.924 -84.932 
20.604 -412.898 -84.948 
20.541 -412.854 -84.975 
20.474 -412.809 -85.002 
20.378 -412.745 -85.043 
20.292 -412.689 -85.079 
20.220 -412.643 -85.108 
20.136 -412.591 -85.143 
20.061 -412.545 -85.175 
19.979 -412.496 -85.209 
19.875 -412.434 -85.252 
19.746 -412.361 -85.306 
19.687 -412.328 -85.330 
19.592 -412.275 -85.369 
19.483 -412.217 -85.414 
19.413 -412.181 -85.443 
19.362 -412.154 -85.464 
19.272 -412.109 -85.501 
19.168 -412.057 -85.545 
19.092 -412.020 -85.576 
19.006 -411.979 -85.611 
18.906 -411.933 -85.652 
18.858 -411.912 -85.672 
18.798 -411.885 -85.696 
18.664 -411.827 -85.751 
18.541 -411.774 -85.802 
18.452 -411.738 -85.838 
18.377 -411.708 -85.869 
18.291 -411.674 -85.904 
18.206 -411.641 -85.939 
18.120 -411.609 -85.974 
18.040 -411.579 -86.007 
17.942 -411.544 -86.047 
17.858 -411.515 -86.081 
17.748 -411.478 -86.126 
17.694 -411.460 -86.149 
17.631 -411.439 -86.175 
17.535 -411.409 -86.214 
17.428 -411.377 -86.258 
17.311 -411.343 -86.306 
17.245 -411.324 -86.333 
17.155 -411.299 -86.370 
17.075 -411.277 -86.403 
16.986 -411.254 -86.439 
16.911 -411.235 -86.469 
16.845 -411.219 -86.496 
16.720 -411.189 -86.547 
16.602 -411.162 -86.596 
16.472 -411.134 -86.648 
16.381 -411.115 -86.686 
16.288 -411.096 -86.724 
16.155 -411.071 -86.778 
16.068 -411.056 -86.814 
15.942 -411.034 -86.865 
15.830 -411.016 -86.911 
15.721 -411.000 -86.956 
15.607 -410.984 -87.002 
15.476 -410.966 -87.055 
15.365 -410.953 -87.101 
15.257 -410.940 -87.144 
15.112 -410.926 -87.203 
14.995 -410.915 -87.251 
14.884 -410.906 -87.296 
14.763 -410.898 -87.345 
14.692 -410.894 -87.374 
14.601 -410.889 -87.411 
14.445 -410.882 -87.475 
14.327 -410.878 -87.523 
14.242 -410.876 -87.557 
14.149 -410.875 -87.596 
14.068 -410.874 -87.629 
13.929 -410.875 -87.685 
13.845 -410.876 -87.719 
13.741 -410.877 -87.761 
13.678 -410.879 -87.787 
13.621 -410.880 -87.810 
13.553 -410.883 -87.838 
13.474 -410.886 -87.870 
13.396 -410.889 -87.902 
13.284 -410.895 -87.947 
13.130 -410.904 -88.010 
13.018 -410.912 -88.055 
12.971 -410.915 -88.074 
12.870 -410.923 -88.115 
12.761 -410.931 -88.159 
12.677 -410.938 -88.192 
12.541 -410.951 -88.247 
12.455 -410.959 -88.282 
12.346 -410.970 -88.325 
12.217 -410.984 -88.376 
12.102 -410.996 -88.422 
12.043 -411.003 -88.445 
11.933 -411.016 -88.489 
11.828 -411.029 -88.531 
11.759 -411.038 -88.558 
11.671 -411.049 -88.593 
11.534 -411.068 -88.647 
11.442 -411.081 -88.683 
