24.699 -458.367 -70.112 
24.698 -458.274 -70.113 
24.697 -458.216 -70.113 
24.695 -458.115 -70.115 
24.692 -458.021 -70.116 
24.686 -457.860 -70.119 
24.681 -457.762 -70.121 
24.676 -457.677 -70.123 
24.669 -457.574 -70.126 
24.662 -457.471 -70.129 
24.652 -457.338 -70.133 
24.641 -457.223 -70.137 
24.630 -457.110 -70.142 
24.619 -456.997 -70.147 
24.605 -456.879 -70.153 
24.595 -456.796 -70.157 
24.582 -456.694 -70.163 
24.568 -456.586 -70.169 
24.549 -456.458 -70.176 
24.529 -456.327 -70.185 
24.514 -456.235 -70.191 
24.487 -456.080 -70.201 
24.471 -455.987 -70.208 
24.458 -455.917 -70.214 
24.438 -455.814 -70.222 
24.417 -455.709 -70.231 
24.396 -455.610 -70.239 
24.373 -455.502 -70.249 
24.353 -455.413 -70.257 
24.329 -455.309 -70.267 
24.309 -455.225 -70.276 
24.293 -455.160 -70.282 
24.270 -455.069 -70.292 
24.243 -454.962 -70.303 
24.212 -454.849 -70.315 
24.183 -454.743 -70.327 
24.159 -454.658 -70.337 
24.133 -454.566 -70.347 
24.108 -454.481 -70.357 
24.082 -454.397 -70.368 
24.038 -454.255 -70.386 
24.010 -454.166 -70.398 
23.968 -454.040 -70.415 
23.938 -453.950 -70.427 
23.915 -453.884 -70.437 
23.894 -453.824 -70.445 
23.867 -453.748 -70.456 
23.831 -453.648 -70.471 
23.796 -453.555 -70.485 
23.760 -453.460 -70.500 
23.726 -453.371 -70.514 
23.700 -453.306 -70.524 
23.662 -453.211 -70.539 
23.627 -453.123 -70.554 
23.583 -453.018 -70.571 
23.536 -452.906 -70.591 
23.511 -452.847 -70.601 
23.455 -452.721 -70.624 
23.412 -452.623 -70.642 
23.386 -452.567 -70.653 
23.344 -452.476 -70.670 
23.300 -452.382 -70.687 
23.253 -452.281 -70.706 
23.231 -452.235 -70.715 
23.198 -452.169 -70.728 
23.156 -452.082 -70.746 
23.101 -451.972 -70.768 
23.045 -451.862 -70.791 
22.995 -451.766 -70.810 
22.937 -451.654 -70.834 
22.882 -451.550 -70.856 
22.828 -451.452 -70.877 
22.773 -451.351 -70.900 
22.745 -451.301 -70.912 
22.704 -451.229 -70.929 
22.667 -451.164 -70.944 
22.620 -451.083 -70.963 
22.577 -451.009 -70.981 
22.503 -450.886 -71.011 
22.450 -450.798 -71.032 
22.379 -450.684 -71.061 
22.317 -450.587 -71.086 
22.261 -450.501 -71.109 
22.205 -450.415 -71.132 
22.160 -450.348 -71.150 
22.098 -450.256 -71.175 
22.019 -450.143 -71.206 
21.962 -450.062 -71.229 
21.913 -449.993 -71.249 
21.869 -449.932 -71.267 
21.787 -449.819 -71.300 
21.736 -449.751 -71.320 
21.681 -449.678 -71.342 
21.615 -449.591 -71.369 
21.547 -449.503 -71.396 
21.489 -449.428 -71.419 
21.445 -449.373 -71.437 
21.338 -449.240 -71.480 
21.255 -449.139 -71.513 
21.216 -449.092 -71.529 
21.149 -449.013 -71.556 
21.093 -448.947 -71.578 
21.018 -448.860 -71.608 
20.933 -448.763 -71.642 
20.890 -448.716 -71.659 
20.827 -448.645 -71.685 
20.769 -448.582 -71.708 
20.700 -448.508 -71.735 
20.666 -448.471 -71.749 
20.600 -448.400 -71.775 
20.529 -448.326 -71.803 
20.470 -448.265 -71.827 
20.405 -448.198 -71.853 
20.368 -448.160 -71.867 
20.271 -448.062 -71.905 
20.201 -447.992 -71.933 
20.132 -447.923 -71.960 
20.063 -447.855 -71.988 
20.015 -447.807 -72.007 
19.947 -447.742 -72.033 
19.874 -447.672 -72.062 
19.800 -447.601 -72.091 
19.736 -447.541 -72.116 
19.691 -447.499 -72.134 
19.610 -447.424 -72.166 
19.513 -447.335 -72.204 
19.455 -447.283 -72.227 
19.344 -447.183 -72.271 
19.269 -447.117 -72.300 
19.205 -447.061 -72.325 
19.130 -446.996 -72.355 
19.053 -446.930 -72.385 
18.988 -446.875 -72.410 
18.936 -446.832 -72.430 
18.833 -446.747 -72.470 
18.761 -446.687 -72.498 
18.672 -446.614 -72.533 
18.599 -446.556 -72.561 
18.530 -446.500 -72.588 
18.429 -446.420 -72.627 
18.354 -446.362 -72.656 
18.253 -446.284 -72.695 
18.186 -446.232 -72.721 
18.113 -446.176 -72.750 
18.005 -446.095 -72.791 
17.910 -446.026 -72.828 
17.827 -445.965 -72.860 
17.717 -445.886 -72.903 
17.643 -445.834 -72.931 
17.555 -445.772 -72.964 
17.486 -445.724 -72.991 
17.396 -445.662 -73.026 
17.332 -445.619 -73.050 
17.249 -445.563 -73.082 
17.174 -445.513 -73.110 
17.091 -445.459 -73.142 
17.016 -445.409 -73.170 
16.916 -445.344 -73.209 
16.851 -445.303 -73.233 
16.764 -445.247 -73.266 
16.704 -445.209 -73.289 
16.621 -445.158 -73.320 
16.541 -445.108 -73.351 
16.445 -445.049 -73.387 
16.392 -445.017 -73.407 
16.309 -444.966 -73.439 
16.197 -444.899 -73.481 
16.151 -444.872 -73.498 
16.081 -444.831 -73.524 
16.004 -444.786 -73.552 
15.894 -444.722 -73.594 
15.799 -444.668 -73.629 
15.713 -444.619 -73.661 
15.613 -444.563 -73.697 
15.552 -444.529 -73.720 
15.445 -444.470 -73.759 
15.377 -444.432 -73.784 
15.274 -444.376 -73.822 
15.197 -444.335 -73.850 
15.095 -444.280 -73.887 
15.051 -444.256 -73.903 
14.977 -444.216 -73.930 
14.915 -444.183 -73.953 
14.820 -444.133 -73.987 
14.757 -444.100 -74.010 
14.667 -444.053 -74.042 
14.583 -444.009 -74.072 
14.527 -443.980 -74.092 
14.415 -443.922 -74.133 
14.328 -443.877 -74.164 
14.224 -443.824 -74.201 
14.124 -443.774 -74.236 
