21.500 -475.924 -70.112 
21.499 -475.836 -70.112 
21.498 -475.730 -70.113 
21.496 -475.610 -70.114 
21.492 -475.481 -70.115 
21.487 -475.359 -70.117 
21.480 -475.208 -70.120 
21.478 -475.156 -70.121 
21.472 -475.052 -70.123 
21.465 -474.952 -70.126 
21.458 -474.854 -70.129 
21.451 -474.761 -70.132 
21.445 -474.690 -70.134 
21.436 -474.585 -70.138 
21.426 -474.481 -70.143 
21.412 -474.351 -70.149 
21.399 -474.232 -70.154 
21.386 -474.120 -70.160 
21.372 -474.012 -70.166 
21.356 -473.893 -70.173 
21.349 -473.840 -70.176 
21.338 -473.763 -70.181 
21.316 -473.613 -70.191 
21.302 -473.526 -70.197 
21.287 -473.435 -70.204 
21.273 -473.351 -70.210 
21.246 -473.196 -70.222 
21.226 -473.090 -70.231 
21.208 -472.994 -70.239 
21.194 -472.921 -70.245 
21.177 -472.839 -70.253 
21.158 -472.745 -70.262 
21.133 -472.628 -70.273 
21.114 -472.543 -70.282 
21.099 -472.476 -70.288 
21.072 -472.363 -70.301 
21.048 -472.260 -70.312 
21.023 -472.157 -70.323 
20.992 -472.035 -70.337 
20.970 -471.948 -70.348 
20.939 -471.833 -70.361 
20.908 -471.719 -70.376 
20.889 -471.650 -70.384 
20.857 -471.539 -70.399 
20.834 -471.459 -70.409 
20.809 -471.375 -70.420 
20.766 -471.233 -70.439 
20.743 -471.160 -70.450 
20.710 -471.053 -70.465 
20.684 -470.972 -70.477 
20.663 -470.906 -70.486 
20.621 -470.778 -70.505 
20.595 -470.702 -70.517 
20.581 -470.658 -70.523 
20.560 -470.599 -70.532 
20.534 -470.521 -70.545 
20.495 -470.411 -70.562 
20.470 -470.340 -70.573 
20.438 -470.251 -70.587 
20.414 -470.185 -70.598 
20.382 -470.098 -70.612 
20.347 -470.005 -70.628 
20.292 -469.861 -70.652 
20.251 -469.756 -70.670 
20.204 -469.639 -70.690 
20.167 -469.546 -70.706 
20.137 -469.472 -70.718 
20.089 -469.355 -70.738 
20.044 -469.248 -70.757 
20.025 -469.204 -70.765 
19.980 -469.098 -70.784 
19.937 -468.999 -70.802 
19.902 -468.918 -70.817 
19.856 -468.814 -70.836 
19.820 -468.734 -70.851 
19.768 -468.619 -70.872 
19.716 -468.507 -70.893 
19.676 -468.421 -70.910 
19.627 -468.318 -70.929 
19.582 -468.224 -70.948 
19.549 -468.154 -70.961 
19.494 -468.042 -70.983 
19.435 -467.924 -71.007 
19.382 -467.818 -71.028 
19.329 -467.715 -71.049 
19.267 -467.593 -71.075 
19.220 -467.503 -71.093 
19.180 -467.427 -71.110 
19.136 -467.344 -71.127 
19.101 -467.280 -71.141 
19.064 -467.211 -71.155 
19.013 -467.118 -71.175 
18.970 -467.040 -71.192 
18.930 -466.968 -71.207 
18.891 -466.897 -71.223 
18.851 -466.827 -71.238 
18.802 -466.740 -71.257 
18.740 -466.632 -71.281 
18.691 -466.548 -71.300 
18.636 -466.453 -71.322 
18.572 -466.345 -71.346 
18.515 -466.248 -71.368 
18.460 -466.158 -71.389 
18.406 -466.067 -71.409 
18.324 -465.934 -71.440 
18.244 -465.804 -71.471 
18.203 -465.737 -71.486 
18.152 -465.656 -71.506 
18.073 -465.530 -71.535 
18.044 -465.484 -71.546 
18.000 -465.413 -71.563 
17.948 -465.332 -71.582 
17.903 -465.260 -71.599 
17.843 -465.167 -71.621 
17.787 -465.080 -71.641 
17.731 -464.994 -71.662 
17.684 -464.922 -71.679 
17.626 -464.833 -71.700 
17.576 -464.758 -71.718 
17.491 -464.629 -71.749 
17.412 -464.511 -71.777 
17.348 -464.416 -71.800 
17.286 -464.326 -71.821 
17.236 -464.252 -71.839 
17.184 -464.176 -71.857 
17.119 -464.082 -71.880 
17.058 -463.995 -71.901 
17.004 -463.917 -71.920 
16.933 -463.814 -71.945 
16.891 -463.754 -71.959 
16.847 -463.692 -71.974 
16.818 -463.652 -71.984 
16.761 -463.572 -72.003 
16.703 -463.491 -72.022 
16.632 -463.392 -72.046 
16.566 -463.301 -72.067 
16.500 -463.209 -72.089 
16.412 -463.090 -72.117 
16.352 -463.009 -72.136 
16.274 -462.902 -72.162 
16.237 -462.854 -72.173 
16.160 -462.751 -72.197 
16.084 -462.650 -72.221 
16.026 -462.572 -72.239 
15.938 -462.457 -72.266 
15.905 -462.413 -72.276 
15.855 -462.348 -72.291 
15.794 -462.268 -72.309 
15.733 -462.190 -72.327 
15.662 -462.099 -72.348 
15.590 -462.006 -72.369 
15.507 -461.900 -72.394 
15.463 -461.844 -72.406 
15.396 -461.760 -72.426 
15.329 -461.676 -72.445 
15.258 -461.586 -72.466 
15.224 -461.544 -72.476 
15.135 -461.432 -72.501 
15.085 -461.371 -72.515 
15.010 -461.278 -72.537 
14.944 -461.197 -72.555 
14.897 -461.140 -72.568 
14.828 -461.055 -72.588 
14.735 -460.942 -72.614 
14.669 -460.862 -72.632 
14.589 -460.765 -72.654 
14.509 -460.670 -72.676 
14.458 -460.609 -72.690 
14.395 -460.534 -72.707 
14.330 -460.457 -72.724 
14.232 -460.341 -72.750 
14.165 -460.263 -72.768 
14.112 -460.201 -72.782 
