21.500 -475.900 -70.112 
21.498 -475.738 -70.113 
21.495 -475.629 -70.114 
21.493 -475.532 -70.115 
21.490 -475.447 -70.116 
21.486 -475.350 -70.118 
21.480 -475.236 -70.120 
21.475 -475.151 -70.121 
21.469 -475.042 -70.124 
21.463 -474.958 -70.126 
21.453 -474.829 -70.130 
21.444 -474.721 -70.134 
21.436 -474.636 -70.137 
21.424 -474.511 -70.142 
21.410 -474.388 -70.147 
21.398 -474.282 -70.152 
21.384 -474.164 -70.157 
21.369 -474.052 -70.163 
21.356 -473.959 -70.168 
21.344 -473.877 -70.172 
21.329 -473.775 -70.178 
21.310 -473.656 -70.186 
21.297 -473.573 -70.191 
21.279 -473.470 -70.198 
21.261 -473.371 -70.205 
21.250 -473.312 -70.209 
21.241 -473.259 -70.213 
21.224 -473.175 -70.219 
21.205 -473.078 -70.227 
21.188 -472.990 -70.234 
21.165 -472.883 -70.243 
21.146 -472.795 -70.250 
21.115 -472.657 -70.262 
21.088 -472.539 -70.273 
21.059 -472.417 -70.284 
21.033 -472.313 -70.295 
21.017 -472.251 -70.301 
20.991 -472.150 -70.312 
20.970 -472.067 -70.321 
20.934 -471.934 -70.335 
20.918 -471.876 -70.341 
20.895 -471.792 -70.351 
20.874 -471.717 -70.359 
20.846 -471.619 -70.371 
20.823 -471.540 -70.380 
20.787 -471.419 -70.394 
20.754 -471.311 -70.407 
20.720 -471.201 -70.420 
20.682 -471.079 -70.435 
20.645 -470.966 -70.449 
20.615 -470.873 -70.461 
20.587 -470.790 -70.472 
20.555 -470.695 -70.485 
20.535 -470.639 -70.492 
20.502 -470.544 -70.505 
20.480 -470.481 -70.514 
20.463 -470.434 -70.520 
20.420 -470.316 -70.537 
20.382 -470.213 -70.551 
20.352 -470.134 -70.563 
20.324 -470.058 -70.574 
20.297 -469.988 -70.584 
20.269 -469.914 -70.595 
20.235 -469.827 -70.608 
20.191 -469.717 -70.624 
20.164 -469.650 -70.634 
20.133 -469.574 -70.646 
20.082 -469.451 -70.665 
20.033 -469.335 -70.683 
19.978 -469.208 -70.704 
19.926 -469.089 -70.723 
19.901 -469.031 -70.733 
19.853 -468.925 -70.751 
19.808 -468.825 -70.768 
19.768 -468.738 -70.782 
19.713 -468.619 -70.803 
19.676 -468.540 -70.817 
19.630 -468.444 -70.834 
19.595 -468.371 -70.847 
19.572 -468.323 -70.856 
19.526 -468.231 -70.873 
19.461 -468.099 -70.897 
19.426 -468.027 -70.910 
19.387 -467.952 -70.924 
19.339 -467.857 -70.942 
19.261 -467.705 -70.971 
19.189 -467.568 -70.998 
19.132 -467.461 -71.019 
19.068 -467.340 -71.042 
19.014 -467.241 -71.062 
18.962 -467.147 -71.082 
18.915 -467.062 -71.099 
18.854 -466.952 -71.121 
18.790 -466.838 -71.145 
18.726 -466.726 -71.168 
18.657 -466.607 -71.193 
18.597 -466.504 -71.215 
18.564 -466.448 -71.227 
18.519 -466.372 -71.243 
18.481 -466.309 -71.257 
18.423 -466.212 -71.277 
18.379 -466.141 -71.293 
18.332 -466.063 -71.310 
18.289 -465.993 -71.325 
18.244 -465.921 -71.340 
18.179 -465.816 -71.363 
18.116 -465.715 -71.384 
18.050 -465.611 -71.407 
17.958 -465.466 -71.438 
17.890 -465.360 -71.461 
17.802 -465.223 -71.491 
17.751 -465.146 -71.508 
17.693 -465.058 -71.527 
17.639 -464.976 -71.545 
17.590 -464.901 -71.561 
17.535 -464.818 -71.578 
17.472 -464.724 -71.598 
17.430 -464.662 -71.611 
17.362 -464.561 -71.633 
17.298 -464.467 -71.653 
17.235 -464.375 -71.672 
17.180 -464.294 -71.689 
17.137 -464.232 -71.702 
17.101 -464.180 -71.713 
17.049 -464.104 -71.729 
16.973 -463.995 -71.751 
16.914 -463.911 -71.769 
16.863 -463.838 -71.784 
16.796 -463.743 -71.804 
16.742 -463.667 -71.819 
16.681 -463.581 -71.837 
16.612 -463.487 -71.856 
16.551 -463.402 -71.874 
16.473 -463.295 -71.896 
16.404 -463.201 -71.916 
16.336 -463.108 -71.935 
16.304 -463.064 -71.944 
16.267 -463.015 -71.955 
16.199 -462.923 -71.974 
16.131 -462.833 -71.993 
16.074 -462.757 -72.009 
16.026 -462.694 -72.022 
15.976 -462.627 -72.036 
15.903 -462.531 -72.056 
15.836 -462.443 -72.075 
15.766 -462.353 -72.094 
15.728 -462.303 -72.104 
15.666 -462.223 -72.121 
15.591 -462.126 -72.142 
15.519 -462.034 -72.161 
15.435 -461.928 -72.183 
15.402 -461.887 -72.192 
15.327 -461.792 -72.212 
15.248 -461.693 -72.233 
15.194 -461.626 -72.247 
15.143 -461.563 -72.261 
15.075 -461.479 -72.279 
15.021 -461.412 -72.293 
14.952 -461.328 -72.311 
14.875 -461.233 -72.331 
14.813 -461.157 -72.347 
14.735 -461.064 -72.367 
14.656 -460.969 -72.387 
14.598 -460.898 -72.402 
14.519 -460.804 -72.421 
14.453 -460.725 -72.438 
14.399 -460.662 -72.451 
14.306 -460.551 -72.474 
14.218 -460.447 -72.495 
14.151 -460.370 -72.511 
14.085 -460.292 -72.527 
