24.700 -458.400 -70.112 
24.698 -458.300 -70.112 
24.697 -458.200 -70.113 
24.694 -458.083 -70.114 
24.690 -457.984 -70.116 
24.685 -457.861 -70.118 
24.680 -457.760 -70.120 
24.676 -457.681 -70.122 
24.670 -457.593 -70.124 
24.662 -457.475 -70.127 
24.649 -457.314 -70.132 
24.641 -457.227 -70.135 
24.630 -457.117 -70.139 
24.623 -457.045 -70.142 
24.608 -456.909 -70.148 
24.595 -456.806 -70.153 
24.582 -456.704 -70.158 
24.571 -456.619 -70.163 
24.553 -456.491 -70.170 
24.531 -456.350 -70.179 
24.507 -456.197 -70.190 
24.494 -456.122 -70.195 
24.474 -456.007 -70.204 
24.452 -455.888 -70.213 
24.428 -455.766 -70.223 
24.403 -455.642 -70.234 
24.386 -455.565 -70.241 
24.359 -455.441 -70.252 
24.338 -455.346 -70.261 
24.297 -455.176 -70.278 
24.266 -455.052 -70.292 
24.245 -454.966 -70.301 
24.224 -454.887 -70.310 
24.200 -454.796 -70.320 
24.179 -454.722 -70.329 
24.160 -454.654 -70.337 
24.138 -454.576 -70.346 
24.120 -454.513 -70.354 
24.093 -454.422 -70.366 
24.058 -454.304 -70.381 
24.042 -454.252 -70.388 
24.003 -454.128 -70.405 
23.974 -454.037 -70.418 
23.940 -453.936 -70.433 
23.895 -453.802 -70.453 
23.871 -453.734 -70.463 
23.844 -453.659 -70.475 
23.810 -453.565 -70.489 
23.767 -453.447 -70.508 
23.730 -453.348 -70.524 
23.690 -453.246 -70.542 
23.651 -453.147 -70.558 
23.619 -453.069 -70.572 
23.573 -452.956 -70.592 
23.520 -452.834 -70.614 
23.468 -452.713 -70.636 
23.429 -452.626 -70.653 
23.414 -452.593 -70.659 
23.364 -452.484 -70.680 
23.315 -452.380 -70.700 
23.267 -452.278 -70.721 
23.236 -452.214 -70.734 
23.200 -452.142 -70.749 
23.147 -452.035 -70.772 
23.094 -451.933 -70.794 
23.045 -451.838 -70.815 
22.988 -451.731 -70.839 
22.933 -451.630 -70.862 
22.887 -451.546 -70.882 
22.844 -451.467 -70.900 
22.793 -451.378 -70.922 
22.746 -451.296 -70.942 
22.712 -451.239 -70.956 
22.671 -451.168 -70.973 
22.614 -451.074 -70.997 
22.560 -450.984 -71.020 
22.515 -450.912 -71.038 
22.442 -450.795 -71.069 
22.410 -450.745 -71.083 
22.340 -450.637 -71.112 
22.296 -450.570 -71.131 
22.218 -450.456 -71.163 
22.157 -450.366 -71.189 
22.100 -450.284 -71.212 
22.059 -450.226 -71.229 
22.011 -450.158 -71.250 
21.957 -450.083 -71.272 
21.913 -450.023 -71.291 
21.820 -449.898 -71.330 
21.759 -449.816 -71.355 
21.687 -449.723 -71.386 
21.618 -449.633 -71.415 
21.579 -449.583 -71.431 
21.513 -449.501 -71.459 
21.459 -449.434 -71.481 
21.415 -449.379 -71.500 
21.325 -449.270 -71.538 
21.269 -449.203 -71.562 
21.233 -449.160 -71.577 
21.183 -449.102 -71.598 
21.091 -448.996 -71.636 
21.041 -448.938 -71.658 
20.970 -448.858 -71.688 
20.914 -448.796 -71.711 
20.854 -448.730 -71.736 
20.778 -448.647 -71.768 
20.705 -448.568 -71.799 
20.653 -448.513 -71.821 
20.567 -448.422 -71.857 
20.508 -448.360 -71.882 
20.436 -448.287 -71.912 
20.337 -448.186 -71.953 
20.281 -448.130 -71.977 
20.218 -448.068 -72.003 
20.133 -447.984 -72.038 
20.072 -447.925 -72.064 
19.995 -447.850 -72.096 
19.923 -447.782 -72.126 
19.864 -447.727 -72.150 
19.817 -447.683 -72.170 
19.754 -447.624 -72.196 
19.673 -447.551 -72.229 
19.617 -447.500 -72.252 
19.527 -447.419 -72.289 
19.435 -447.337 -72.327 
19.347 -447.260 -72.364 
19.274 -447.197 -72.394 
19.205 -447.139 -72.422 
19.119 -447.066 -72.458 
19.057 -447.015 -72.484 
18.986 -446.957 -72.512 
18.914 -446.898 -72.542 
18.826 -446.826 -72.578 
18.766 -446.779 -72.603 
18.667 -446.701 -72.643 
18.575 -446.629 -72.681 
18.502 -446.574 -72.710 
18.396 -446.494 -72.754 
18.333 -446.446 -72.779 
18.268 -446.399 -72.805 
18.149 -446.312 -72.853 
18.082 -446.263 -72.880 
18.006 -446.209 -72.910 
17.902 -446.135 -72.952 
17.857 -446.104 -72.970 
17.748 -446.029 -73.013 
17.696 -445.994 -73.034 
17.637 -445.954 -73.057 
17.565 -445.906 -73.086 
17.488 -445.855 -73.116 
17.404 -445.800 -73.150 
17.337 -445.757 -73.176 
17.199 -445.667 -73.231 
17.093 -445.601 -73.272 
16.992 -445.538 -73.312 
16.934 -445.502 -73.334 
16.873 -445.464 -73.358 
16.799 -445.420 -73.387 
16.688 -445.353 -73.430 
16.585 -445.291 -73.470 
16.507 -445.245 -73.500 
16.380 -445.171 -73.549 
16.299 -445.125 -73.580 
16.238 -445.090 -73.603 
16.143 -445.036 -73.639 
16.056 -444.988 -73.672 
15.985 -444.948 -73.699 
15.910 -444.906 -73.728 
15.825 -444.860 -73.761 
15.741 -444.814 -73.792 
15.659 -444.770 -73.824 
15.567 -444.721 -73.858 
15.474 -444.672 -73.893 
15.390 -444.627 -73.925 
15.314 -444.588 -73.953 
15.238 -444.548 -73.982 
15.140 -444.497 -74.019 
15.067 -444.460 -74.046 
14.977 -444.414 -74.079 
14.910 -444.380 -74.104 
14.841 -444.345 -74.130 
14.741 -444.294 -74.166 
14.666 -444.257 -74.194 
14.597 -444.223 -74.219 
14.508 -444.178 -74.251 
14.428 -444.139 -74.280 
14.308 -444.080 -74.324 
14.191 -444.023 -74.366 
14.097 -443.978 -74.400 
