24.699 -458.372 -70.112 
24.698 -458.243 -70.113 
24.696 -458.179 -70.114 
24.693 -458.043 -70.116 
24.687 -457.909 -70.118 
24.683 -457.811 -70.121 
24.678 -457.724 -70.123 
24.673 -457.640 -70.125 
24.663 -457.500 -70.130 
24.655 -457.395 -70.134 
24.650 -457.331 -70.137 
24.642 -457.245 -70.140 
24.632 -457.146 -70.145 
24.623 -457.053 -70.150 
24.609 -456.933 -70.156 
24.598 -456.838 -70.162 
24.589 -456.761 -70.166 
24.575 -456.656 -70.173 
24.556 -456.523 -70.181 
24.541 -456.415 -70.189 
24.520 -456.281 -70.199 
24.504 -456.182 -70.206 
24.491 -456.108 -70.212 
24.473 -456.000 -70.221 
24.454 -455.900 -70.230 
24.434 -455.793 -70.239 
24.421 -455.728 -70.245 
24.395 -455.602 -70.257 
24.374 -455.503 -70.267 
24.357 -455.423 -70.275 
24.332 -455.314 -70.287 
24.313 -455.233 -70.295 
24.290 -455.135 -70.306 
24.261 -455.018 -70.320 
24.234 -454.915 -70.332 
24.208 -454.814 -70.344 
24.179 -454.707 -70.357 
24.141 -454.572 -70.374 
24.116 -454.488 -70.385 
24.091 -454.403 -70.396 
24.034 -454.218 -70.421 
23.999 -454.105 -70.437 
23.977 -454.039 -70.447 
23.953 -453.964 -70.458 
23.914 -453.851 -70.475 
23.876 -453.742 -70.491 
23.844 -453.652 -70.505 
23.802 -453.537 -70.524 
23.765 -453.437 -70.541 
23.731 -453.349 -70.555 
23.690 -453.243 -70.574 
23.648 -453.138 -70.592 
23.586 -452.988 -70.619 
23.546 -452.894 -70.636 
23.484 -452.751 -70.663 
23.438 -452.646 -70.684 
23.410 -452.585 -70.696 
23.359 -452.474 -70.718 
23.315 -452.381 -70.737 
23.285 -452.319 -70.750 
23.224 -452.193 -70.776 
23.168 -452.082 -70.800 
23.144 -452.033 -70.811 
23.108 -451.963 -70.827 
23.074 -451.899 -70.841 
23.037 -451.828 -70.857 
22.980 -451.721 -70.881 
22.934 -451.636 -70.901 
22.874 -451.528 -70.926 
22.823 -451.438 -70.948 
22.762 -451.332 -70.974 
22.720 -451.261 -70.992 
22.671 -451.178 -71.013 
22.620 -451.094 -71.034 
22.564 -451.003 -71.058 
22.490 -450.885 -71.089 
22.429 -450.789 -71.115 
22.373 -450.703 -71.139 
22.320 -450.622 -71.161 
22.260 -450.533 -71.186 
22.230 -450.489 -71.198 
22.160 -450.385 -71.228 
22.098 -450.296 -71.254 
22.030 -450.200 -71.283 
21.945 -450.083 -71.318 
21.879 -449.992 -71.346 
21.819 -449.913 -71.371 
21.751 -449.823 -71.399 
21.685 -449.737 -71.426 
21.619 -449.652 -71.454 
21.562 -449.581 -71.477 
21.511 -449.518 -71.498 
21.459 -449.453 -71.520 
21.419 -449.404 -71.536 
21.347 -449.317 -71.566 
21.296 -449.256 -71.587 
21.226 -449.174 -71.616 
21.183 -449.123 -71.634 
21.127 -449.059 -71.657 
21.060 -448.983 -71.684 
20.994 -448.908 -71.712 
20.942 -448.851 -71.733 
20.902 -448.806 -71.749 
20.850 -448.750 -71.771 
20.792 -448.687 -71.795 
20.727 -448.617 -71.821 
20.675 -448.563 -71.842 
20.630 -448.515 -71.861 
20.546 -448.429 -71.895 
20.495 -448.376 -71.916 
20.437 -448.317 -71.940 
20.389 -448.269 -71.960 
20.324 -448.204 -71.986 
20.248 -448.130 -72.017 
20.171 -448.055 -72.049 
20.114 -448.000 -72.072 
20.057 -447.946 -72.095 
19.987 -447.880 -72.123 
19.906 -447.805 -72.156 
19.832 -447.737 -72.185 
19.759 -447.671 -72.214 
19.695 -447.614 -72.240 
19.636 -447.561 -72.263 
19.525 -447.464 -72.308 
19.449 -447.399 -72.338 
19.391 -447.349 -72.361 
19.336 -447.303 -72.383 
19.256 -447.235 -72.415 
19.220 -447.205 -72.429 
19.140 -447.139 -72.461 
19.071 -447.082 -72.488 
18.991 -447.017 -72.520 
18.917 -446.957 -72.550 
18.801 -446.865 -72.596 
18.699 -446.786 -72.636 
18.591 -446.703 -72.678 
18.510 -446.642 -72.709 
18.443 -446.591 -72.735 
18.385 -446.548 -72.758 
18.300 -446.485 -72.791 
18.215 -446.422 -72.824 
18.162 -446.384 -72.845 
18.111 -446.347 -72.865 
18.048 -446.303 -72.889 
17.961 -446.242 -72.923 
17.859 -446.170 -72.963 
17.770 -446.110 -72.997 
17.690 -446.056 -73.028 
17.625 -446.013 -73.054 
17.555 -445.966 -73.081 
17.454 -445.899 -73.120 
17.380 -445.851 -73.149 
17.251 -445.769 -73.199 
17.177 -445.722 -73.228 
17.097 -445.672 -73.259 
17.045 -445.640 -73.279 
16.965 -445.591 -73.310 
16.853 -445.522 -73.353 
16.758 -445.466 -73.390 
16.702 -445.432 -73.411 
16.644 -445.397 -73.433 
16.555 -445.345 -73.467 
16.459 -445.290 -73.504 
16.364 -445.235 -73.540 
16.307 -445.202 -73.562 
16.214 -445.150 -73.597 
16.121 -445.098 -73.632 
16.005 -445.034 -73.676 
15.929 -444.992 -73.705 
15.846 -444.947 -73.736 
15.709 -444.874 -73.788 
15.637 -444.835 -73.815 
15.549 -444.789 -73.848 
15.450 -444.737 -73.885 
15.346 -444.683 -73.924 
15.283 -444.651 -73.948 
15.191 -444.603 -73.982 
15.089 -444.551 -74.020 
15.025 -444.519 -74.044 
14.926 -444.468 -74.081 
14.843 -444.426 -74.111 
14.762 -444.385 -74.141 
14.688 -444.348 -74.168 
14.595 -444.303 -74.202 
14.501 -444.256 -74.236 
14.409 -444.211 -74.270 
14.326 -444.171 -74.300 
14.252 -444.135 -74.326 
14.135 -444.078 -74.368 
14.097 -444.060 -74.382 
