26.391 -423.608 -82.405 
26.382 -423.526 -82.409 
26.370 -423.417 -82.415 
26.359 -423.320 -82.421 
26.346 -423.220 -82.427 
26.335 -423.137 -82.432 
26.322 -423.040 -82.439 
26.300 -422.884 -82.450 
26.283 -422.776 -82.458 
26.273 -422.710 -82.464 
26.256 -422.606 -82.472 
26.244 -422.534 -82.478 
26.224 -422.422 -82.487 
26.206 -422.321 -82.496 
26.192 -422.249 -82.503 
26.180 -422.187 -82.508 
26.162 -422.093 -82.517 
26.136 -421.966 -82.529 
26.122 -421.898 -82.536 
26.097 -421.786 -82.548 
26.068 -421.659 -82.561 
26.035 -421.515 -82.576 
26.007 -421.402 -82.589 
25.975 -421.278 -82.603 
25.950 -421.181 -82.614 
25.930 -421.106 -82.623 
25.898 -420.987 -82.637 
25.864 -420.868 -82.652 
25.827 -420.740 -82.668 
25.801 -420.653 -82.679 
25.778 -420.576 -82.689 
25.754 -420.498 -82.699 
25.719 -420.387 -82.714 
25.680 -420.264 -82.731 
25.645 -420.159 -82.746 
25.622 -420.088 -82.756 
25.584 -419.977 -82.772 
25.546 -419.866 -82.788 
25.503 -419.745 -82.806 
25.474 -419.666 -82.818 
25.444 -419.583 -82.831 
25.409 -419.491 -82.845 
25.372 -419.392 -82.861 
25.334 -419.292 -82.877 
25.303 -419.213 -82.890 
25.252 -419.082 -82.911 
25.206 -418.968 -82.930 
25.178 -418.899 -82.942 
25.141 -418.810 -82.957 
25.114 -418.747 -82.968 
25.059 -418.617 -82.991 
24.999 -418.480 -83.016 
24.955 -418.380 -83.034 
24.915 -418.293 -83.050 
24.876 -418.209 -83.066 
24.838 -418.127 -83.081 
24.800 -418.047 -83.097 
24.763 -417.971 -83.112 
24.713 -417.869 -83.132 
24.682 -417.806 -83.145 
24.650 -417.744 -83.158 
24.610 -417.666 -83.174 
24.555 -417.560 -83.197 
24.497 -417.452 -83.220 
24.455 -417.374 -83.238 
24.393 -417.263 -83.263 
24.354 -417.193 -83.279 
24.281 -417.065 -83.309 
24.229 -416.977 -83.330 
24.184 -416.901 -83.349 
24.129 -416.810 -83.371 
24.068 -416.712 -83.396 
24.004 -416.609 -83.422 
23.938 -416.505 -83.449 
23.898 -416.443 -83.466 
23.821 -416.326 -83.497 
23.756 -416.229 -83.523 
23.679 -416.116 -83.554 
23.601 -416.006 -83.585 
23.552 -415.938 -83.605 
23.464 -415.819 -83.640 
23.419 -415.757 -83.659 
23.357 -415.676 -83.684 
23.278 -415.573 -83.716 
23.210 -415.487 -83.744 
23.124 -415.380 -83.779 
23.055 -415.297 -83.806 
23.010 -415.242 -83.825 
22.932 -415.150 -83.856 
22.851 -415.057 -83.889 
22.766 -414.961 -83.924 
22.695 -414.882 -83.953 
22.622 -414.803 -83.982 
22.551 -414.727 -84.011 
22.482 -414.654 -84.039 
22.419 -414.589 -84.065 
22.292 -414.461 -84.116 
22.233 -414.402 -84.141 
22.137 -414.310 -84.180 
22.061 -414.238 -84.211 
22.007 -414.187 -84.234 
21.945 -414.130 -84.259 
21.868 -414.059 -84.291 
21.795 -413.995 -84.322 
21.740 -413.946 -84.345 
21.614 -413.838 -84.397 
21.548 -413.783 -84.424 
21.477 -413.725 -84.454 
21.395 -413.658 -84.488 
21.320 -413.598 -84.519 
21.208 -413.511 -84.566 
21.120 -413.443 -84.602 
21.053 -413.394 -84.630 
20.983 -413.341 -84.659 
20.856 -413.251 -84.712 
20.783 -413.199 -84.742 
20.720 -413.155 -84.769 
20.620 -413.088 -84.810 
20.536 -413.032 -84.845 
20.453 -412.978 -84.880 
20.381 -412.932 -84.910 
20.293 -412.877 -84.946 
20.176 -412.805 -84.994 
20.088 -412.752 -85.031 
20.037 -412.722 -85.052 
19.959 -412.676 -85.084 
19.872 -412.627 -85.120 
19.793 -412.583 -85.152 
19.714 -412.540 -85.185 
19.586 -412.472 -85.238 
19.529 -412.442 -85.261 
19.486 -412.420 -85.279 
19.418 -412.386 -85.307 
19.331 -412.342 -85.343 
19.253 -412.304 -85.375 
19.161 -412.260 -85.413 
19.056 -412.212 -85.456 
18.979 -412.176 -85.487 
18.882 -412.133 -85.527 
18.783 -412.090 -85.567 
18.699 -412.054 -85.601 
18.567 -412.000 -85.655 
18.471 -411.961 -85.694 
18.370 -411.922 -85.735 
18.297 -411.895 -85.764 
18.183 -411.852 -85.811 
18.099 -411.822 -85.845 
18.021 -411.795 -85.877 
17.951 -411.770 -85.905 
17.821 -411.727 -85.958 
17.709 -411.690 -86.003 
17.630 -411.665 -86.036 
17.574 -411.648 -86.058 
17.460 -411.613 -86.105 
17.388 -411.592 -86.134 
17.288 -411.564 -86.175 
17.181 -411.534 -86.218 
17.057 -411.501 -86.268 
16.958 -411.476 -86.309 
16.858 -411.452 -86.349 
16.755 -411.427 -86.391 
16.678 -411.409 -86.422 
16.594 -411.391 -86.456 
16.516 -411.373 -86.488 
16.424 -411.354 -86.525 
16.332 -411.336 -86.562 
16.234 -411.317 -86.602 
16.170 -411.305 -86.627 
16.074 -411.288 -86.666 
15.935 -411.265 -86.722 
15.860 -411.253 -86.752 
15.757 -411.238 -86.793 
15.664 -411.225 -86.830 
15.600 -411.216 -86.856 
15.491 -411.202 -86.899 
15.368 -411.187 -86.948 
15.257 -411.175 -86.993 
15.150 -411.165 -87.036 
15.068 -411.157 -87.069 
15.007 -411.152 -87.093 
14.873 -411.142 -87.147 
14.785 -411.135 -87.182 
14.676 -411.129 -87.225 
14.609 -411.126 -87.252 
14.515 -411.122 -87.290 
14.413 -411.118 -87.331 
14.291 -411.115 -87.379 
14.230 -411.115 -87.404 
14.155 -411.114 -87.434 
14.056 -411.114 -87.473 
13.907 -411.115 -87.532 
13.800 -411.117 -87.575 
13.695 -411.120 -87.617 
13.567 -411.125 -87.668 
13.480 -411.129 -87.702 
13.360 -411.135 -87.750 
13.226 -411.144 -87.803 
13.153 -411.149 -87.832 
13.074 -411.155 -87.864 
12.973 -411.163 -87.904 
12.882 -411.170 -87.940 
12.784 -411.179 -87.980 
12.656 -411.191 -88.030 
12.537 -411.203 -88.077 
12.452 -411.212 -88.111 
12.359 -411.222 -88.148 
12.293 -411.229 -88.174 
12.213 -411.239 -88.206 
12.137 -411.248 -88.236 
12.016 -411.263 -88.284 
11.900 -411.278 -88.329 
11.849 -411.285 -88.349 
11.726 -411.302 -88.397 
11.610 -411.319 -88.442 
