26.388 -423.580 -82.406 
26.374 -423.452 -82.413 
26.359 -423.321 -82.421 
26.342 -423.192 -82.429 
26.331 -423.109 -82.434 
26.321 -423.036 -82.439 
26.303 -422.908 -82.447 
26.287 -422.807 -82.455 
26.263 -422.660 -82.466 
26.236 -422.501 -82.478 
26.219 -422.405 -82.486 
26.196 -422.284 -82.496 
26.181 -422.205 -82.503 
26.160 -422.104 -82.511 
26.138 -421.996 -82.521 
26.116 -421.894 -82.530 
26.096 -421.803 -82.539 
26.064 -421.668 -82.552 
26.045 -421.589 -82.560 
26.023 -421.498 -82.570 
26.003 -421.419 -82.578 
25.983 -421.341 -82.587 
25.956 -421.236 -82.598 
25.933 -421.152 -82.608 
25.909 -421.064 -82.618 
25.884 -420.973 -82.629 
25.860 -420.890 -82.639 
25.832 -420.795 -82.651 
25.811 -420.726 -82.659 
25.792 -420.663 -82.667 
25.766 -420.576 -82.679 
25.745 -420.510 -82.687 
25.718 -420.425 -82.698 
25.687 -420.326 -82.712 
25.660 -420.246 -82.722 
25.627 -420.148 -82.736 
25.597 -420.059 -82.748 
25.554 -419.934 -82.766 
25.532 -419.871 -82.775 
25.489 -419.753 -82.792 
25.455 -419.657 -82.806 
25.421 -419.568 -82.819 
25.382 -419.463 -82.836 
25.346 -419.369 -82.850 
25.309 -419.275 -82.865 
25.276 -419.193 -82.878 
25.230 -419.078 -82.896 
25.188 -418.973 -82.913 
25.149 -418.880 -82.929 
25.101 -418.763 -82.949 
25.060 -418.668 -82.965 
25.008 -418.547 -82.987 
24.964 -418.448 -83.005 
24.924 -418.358 -83.022 
24.894 -418.291 -83.035 
24.855 -418.208 -83.050 
24.815 -418.123 -83.067 
24.763 -418.016 -83.088 
24.718 -417.922 -83.107 
24.675 -417.836 -83.124 
24.628 -417.744 -83.143 
24.584 -417.659 -83.161 
24.539 -417.574 -83.179 
24.505 -417.510 -83.192 
24.458 -417.424 -83.211 
24.409 -417.335 -83.231 
24.376 -417.276 -83.244 
24.336 -417.206 -83.260 
24.281 -417.111 -83.282 
24.242 -417.043 -83.298 
24.194 -416.962 -83.317 
24.133 -416.860 -83.341 
24.085 -416.781 -83.360 
24.048 -416.719 -83.375 
23.983 -416.615 -83.401 
23.922 -416.517 -83.425 
23.864 -416.425 -83.448 
23.810 -416.341 -83.469 
23.747 -416.244 -83.494 
23.704 -416.179 -83.511 
23.621 -416.055 -83.544 
23.529 -415.922 -83.580 
23.445 -415.804 -83.614 
23.379 -415.714 -83.640 
23.339 -415.659 -83.656 
23.283 -415.584 -83.678 
23.222 -415.503 -83.703 
23.150 -415.411 -83.731 
23.049 -415.284 -83.771 
22.987 -415.207 -83.796 
22.916 -415.121 -83.825 
22.847 -415.039 -83.853 
22.747 -414.923 -83.893 
22.692 -414.861 -83.915 
22.640 -414.802 -83.936 
22.608 -414.766 -83.949 
22.573 -414.727 -83.963 
22.491 -414.638 -83.996 
22.444 -414.588 -84.015 
22.361 -414.500 -84.049 
22.261 -414.398 -84.089 
22.162 -414.299 -84.129 
22.086 -414.223 -84.160 
22.035 -414.174 -84.181 
21.976 -414.118 -84.205 
21.881 -414.028 -84.244 
21.836 -413.987 -84.262 
21.774 -413.930 -84.288 
21.692 -413.857 -84.321 
21.604 -413.780 -84.358 
21.500 -413.691 -84.400 
21.426 -413.628 -84.431 
21.332 -413.551 -84.469 
21.239 -413.477 -84.507 
21.143 -413.401 -84.546 
21.082 -413.354 -84.572 
20.962 -413.263 -84.621 
20.860 -413.187 -84.663 
20.790 -413.136 -84.692 
20.699 -413.071 -84.730 
20.618 -413.015 -84.763 
20.517 -412.945 -84.806 
20.467 -412.912 -84.826 
20.368 -412.846 -84.868 
20.299 -412.801 -84.896 
20.206 -412.742 -84.935 
20.122 -412.689 -84.970 
20.063 -412.653 -84.995 
19.995 -412.612 -85.023 
19.908 -412.560 -85.060 
19.817 -412.507 -85.098 
19.723 -412.453 -85.137 
19.650 -412.412 -85.167 
19.535 -412.350 -85.215 
19.474 -412.317 -85.240 
19.391 -412.274 -85.275 
19.253 -412.204 -85.332 
19.186 -412.170 -85.359 
19.083 -412.121 -85.402 
19.012 -412.086 -85.431 
18.937 -412.052 -85.462 
18.824 -412.000 -85.509 
18.727 -411.957 -85.549 
18.669 -411.931 -85.573 
18.543 -411.878 -85.625 
18.469 -411.847 -85.655 
18.360 -411.802 -85.700 
18.286 -411.773 -85.730 
18.225 -411.749 -85.755 
18.157 -411.723 -85.783 
18.026 -411.674 -85.837 
17.932 -411.640 -85.875 
17.877 -411.620 -85.898 
17.829 -411.603 -85.917 
17.766 -411.581 -85.943 
17.717 -411.564 -85.963 
17.646 -411.540 -85.992 
17.556 -411.510 -86.029 
17.462 -411.479 -86.068 
17.370 -411.450 -86.106 
17.295 -411.427 -86.137 
17.237 -411.410 -86.160 
17.153 -411.385 -86.195 
17.066 -411.359 -86.231 
16.988 -411.338 -86.263 
16.904 -411.315 -86.298 
16.809 -411.290 -86.337 
16.696 -411.261 -86.384 
16.629 -411.245 -86.411 
16.570 -411.231 -86.436 
16.471 -411.208 -86.477 
16.356 -411.183 -86.524 
16.217 -411.154 -86.582 
16.084 -411.129 -86.637 
15.995 -411.112 -86.675 
15.931 -411.101 -86.701 
15.818 -411.082 -86.748 
15.719 -411.066 -86.790 
15.602 -411.049 -86.839 
15.486 -411.033 -86.887 
15.376 -411.018 -86.933 
15.280 -411.007 -86.974 
15.190 -410.997 -87.011 
15.108 -410.988 -87.046 
15.031 -410.980 -87.078 
14.875 -410.967 -87.144 
14.728 -410.956 -87.206 
14.653 -410.951 -87.237 
14.552 -410.945 -87.280 
14.500 -410.942 -87.302 
14.410 -410.938 -87.340 
14.350 -410.936 -87.365 
14.247 -410.933 -87.408 
14.098 -410.930 -87.472 
14.010 -410.929 -87.509 
13.921 -410.929 -87.547 
13.859 -410.929 -87.573 
13.775 -410.929 -87.608 
13.694 -410.931 -87.643 
13.626 -410.932 -87.671 
13.555 -410.934 -87.701 
13.421 -410.939 -87.758 
13.304 -410.944 -87.807 
13.184 -410.950 -87.857 
13.086 -410.956 -87.898 
12.983 -410.963 -87.941 
12.839 -410.972 -88.001 
12.739 -410.980 -88.043 
12.627 -410.989 -88.090 
12.510 -410.999 -88.138 
12.445 -411.005 -88.165 
12.381 -411.011 -88.192 
12.280 -411.021 -88.233 
12.214 -411.028 -88.261 
12.097 -411.040 -88.309 
12.009 -411.050 -88.345 
11.904 -411.062 -88.388 
11.800 -411.075 -88.431 
11.705 -411.086 -88.469 
11.631 -411.096 -88.499 
11.543 -411.107 -88.535 
11.469 -411.118 -88.565 
