26.392 -423.621 -82.404 
26.384 -423.539 -82.408 
26.372 -423.435 -82.414 
26.364 -423.368 -82.418 
26.355 -423.291 -82.423 
26.347 -423.227 -82.427 
26.334 -423.129 -82.433 
26.317 -423.007 -82.442 
26.301 -422.902 -82.450 
26.290 -422.827 -82.455 
26.271 -422.707 -82.465 
26.248 -422.572 -82.476 
26.227 -422.455 -82.486 
26.212 -422.369 -82.494 
26.198 -422.295 -82.500 
26.182 -422.213 -82.508 
26.164 -422.123 -82.517 
26.145 -422.031 -82.526 
26.131 -421.962 -82.533 
26.107 -421.852 -82.544 
26.076 -421.716 -82.558 
26.048 -421.598 -82.570 
26.032 -421.531 -82.578 
26.010 -421.440 -82.588 
25.974 -421.299 -82.604 
25.951 -421.213 -82.614 
25.924 -421.114 -82.626 
25.896 -421.012 -82.639 
25.876 -420.940 -82.648 
25.855 -420.867 -82.657 
25.820 -420.748 -82.673 
25.782 -420.623 -82.690 
25.763 -420.560 -82.698 
25.722 -420.431 -82.717 
25.693 -420.339 -82.730 
25.673 -420.278 -82.738 
25.641 -420.181 -82.753 
25.610 -420.087 -82.767 
25.574 -419.982 -82.783 
25.520 -419.827 -82.807 
25.482 -419.719 -82.824 
25.443 -419.612 -82.841 
25.404 -419.506 -82.858 
25.361 -419.395 -82.877 
25.327 -419.307 -82.892 
25.295 -419.223 -82.906 
25.254 -419.120 -82.924 
25.213 -419.018 -82.942 
25.176 -418.929 -82.958 
25.151 -418.868 -82.969 
25.113 -418.779 -82.985 
25.073 -418.683 -83.003 
25.041 -418.611 -83.016 
24.992 -418.497 -83.038 
24.952 -418.408 -83.055 
24.927 -418.352 -83.066 
24.883 -418.256 -83.085 
24.835 -418.152 -83.106 
24.797 -418.072 -83.122 
24.756 -417.985 -83.140 
24.717 -417.907 -83.157 
24.690 -417.851 -83.168 
24.662 -417.795 -83.180 
24.626 -417.724 -83.196 
24.590 -417.655 -83.211 
24.540 -417.558 -83.233 
24.494 -417.470 -83.253 
24.440 -417.370 -83.276 
24.387 -417.273 -83.299 
24.331 -417.173 -83.324 
24.288 -417.098 -83.342 
24.241 -417.016 -83.363 
24.206 -416.955 -83.378 
24.165 -416.886 -83.396 
24.132 -416.831 -83.410 
24.088 -416.758 -83.429 
23.994 -416.606 -83.470 
23.950 -416.536 -83.489 
23.916 -416.482 -83.504 
23.868 -416.407 -83.525 
23.820 -416.333 -83.546 
23.766 -416.252 -83.570 
23.707 -416.164 -83.595 
23.659 -416.092 -83.616 
23.602 -416.010 -83.641 
23.545 -415.928 -83.666 
23.462 -415.813 -83.702 
23.420 -415.754 -83.720 
23.364 -415.679 -83.744 
23.309 -415.604 -83.768 
23.244 -415.519 -83.796 
23.185 -415.442 -83.821 
23.111 -415.348 -83.853 
23.029 -415.245 -83.889 
22.959 -415.159 -83.919 
22.873 -415.055 -83.956 
22.826 -415.000 -83.976 
22.775 -414.940 -83.998 
22.704 -414.858 -84.029 
22.618 -414.763 -84.065 
22.546 -414.683 -84.096 
22.478 -414.609 -84.125 
22.402 -414.528 -84.158 
22.341 -414.464 -84.184 
22.250 -414.370 -84.223 
22.154 -414.274 -84.264 
22.086 -414.207 -84.292 
21.992 -414.116 -84.332 
21.915 -414.044 -84.365 
21.845 -413.979 -84.394 
21.779 -413.918 -84.422 
21.708 -413.854 -84.453 
21.656 -413.809 -84.474 
21.564 -413.728 -84.514 
21.469 -413.647 -84.554 
21.362 -413.558 -84.600 
21.279 -413.490 -84.635 
21.201 -413.427 -84.668 
21.135 -413.376 -84.696 
21.033 -413.297 -84.740 
20.946 -413.231 -84.776 
20.862 -413.169 -84.813 
20.775 -413.106 -84.850 
20.690 -413.046 -84.886 
20.607 -412.987 -84.922 
20.495 -412.911 -84.970 
20.414 -412.857 -85.004 
20.288 -412.775 -85.058 
20.212 -412.727 -85.091 
20.113 -412.665 -85.134 
20.029 -412.614 -85.170 
19.934 -412.557 -85.211 
19.839 -412.501 -85.252 
19.773 -412.463 -85.280 
19.671 -412.406 -85.324 
19.575 -412.353 -85.365 
19.495 -412.310 -85.400 
19.420 -412.271 -85.432 
19.307 -412.213 -85.481 
19.250 -412.184 -85.505 
19.193 -412.156 -85.529 
19.130 -412.125 -85.557 
19.027 -412.075 -85.601 
18.899 -412.015 -85.656 
18.803 -411.972 -85.697 
18.703 -411.927 -85.740 
18.618 -411.890 -85.777 
18.554 -411.864 -85.804 
18.484 -411.834 -85.835 
18.396 -411.798 -85.873 
18.286 -411.754 -85.921 
18.202 -411.722 -85.957 
18.107 -411.686 -85.998 
18.004 -411.648 -86.042 
17.914 -411.616 -86.080 
17.830 -411.586 -86.117 
17.785 -411.571 -86.136 
17.678 -411.535 -86.182 
17.596 -411.508 -86.217 
17.483 -411.472 -86.266 
17.381 -411.441 -86.309 
17.295 -411.415 -86.346 
17.196 -411.387 -86.389 
17.121 -411.366 -86.421 
17.026 -411.340 -86.462 
16.925 -411.314 -86.505 
16.855 -411.296 -86.535 
16.779 -411.277 -86.568 
16.661 -411.249 -86.619 
16.572 -411.229 -86.657 
16.501 -411.213 -86.687 
16.430 -411.198 -86.718 
16.332 -411.178 -86.760 
16.250 -411.162 -86.795 
16.178 -411.148 -86.826 
16.079 -411.129 -86.869 
15.962 -411.109 -86.919 
15.863 -411.092 -86.961 
15.761 -411.075 -87.005 
15.688 -411.064 -87.037 
15.572 -411.047 -87.086 
15.457 -411.032 -87.135 
15.335 -411.017 -87.188 
15.240 -411.006 -87.228 
15.162 -410.998 -87.262 
15.073 -410.989 -87.301 
14.975 -410.980 -87.343 
14.877 -410.972 -87.385 
14.808 -410.967 -87.415 
14.725 -410.962 -87.450 
14.594 -410.954 -87.506 
14.502 -410.949 -87.546 
14.441 -410.947 -87.572 
14.390 -410.945 -87.593 
14.269 -410.941 -87.645 
14.161 -410.939 -87.691 
14.064 -410.939 -87.732 
13.971 -410.939 -87.772 
13.925 -410.939 -87.792 
13.803 -410.940 -87.844 
13.664 -410.943 -87.904 
13.551 -410.946 -87.952 
13.427 -410.951 -88.004 
13.331 -410.956 -88.045 
13.252 -410.960 -88.079 
13.168 -410.964 -88.114 
13.072 -410.970 -88.155 
12.974 -410.976 -88.196 
12.861 -410.984 -88.243 
12.762 -410.992 -88.285 
12.675 -410.999 -88.321 
12.574 -411.008 -88.364 
12.487 -411.016 -88.400 
12.401 -411.025 -88.436 
12.288 -411.036 -88.484 
12.227 -411.043 -88.509 
12.134 -411.053 -88.548 
12.024 -411.066 -88.594 
11.896 -411.081 -88.647 
11.784 -411.095 -88.693 
11.708 -411.104 -88.725 
11.606 -411.118 -88.767 
11.499 -411.133 -88.811 
