21.500 -475.930 -70.112 
21.499 -475.867 -70.112 
21.498 -475.786 -70.113 
21.496 -475.651 -70.114 
21.494 -475.575 -70.115 
21.490 -475.442 -70.117 
21.484 -475.314 -70.119 
21.478 -475.194 -70.122 
21.474 -475.117 -70.124 
21.468 -475.027 -70.126 
21.461 -474.929 -70.129 
21.454 -474.837 -70.132 
21.449 -474.767 -70.134 
21.438 -474.647 -70.138 
21.425 -474.518 -70.144 
21.415 -474.423 -70.148 
21.401 -474.289 -70.154 
21.389 -474.194 -70.158 
21.377 -474.098 -70.163 
21.363 -473.985 -70.170 
21.353 -473.918 -70.173 
21.340 -473.822 -70.179 
21.331 -473.763 -70.183 
21.315 -473.655 -70.189 
21.296 -473.536 -70.197 
21.284 -473.468 -70.202 
21.264 -473.353 -70.210 
21.249 -473.267 -70.217 
21.231 -473.172 -70.224 
21.214 -473.083 -70.232 
21.200 -473.012 -70.237 
21.174 -472.882 -70.249 
21.139 -472.721 -70.263 
21.111 -472.596 -70.275 
21.076 -472.443 -70.289 
21.054 -472.350 -70.298 
21.025 -472.234 -70.310 
20.991 -472.097 -70.324 
20.968 -472.007 -70.333 
20.947 -471.927 -70.342 
20.917 -471.817 -70.354 
20.892 -471.727 -70.364 
20.867 -471.638 -70.374 
20.835 -471.527 -70.387 
20.796 -471.396 -70.402 
20.777 -471.333 -70.410 
20.729 -471.177 -70.429 
20.697 -471.075 -70.442 
20.646 -470.919 -70.462 
20.628 -470.864 -70.469 
20.594 -470.761 -70.483 
20.558 -470.653 -70.498 
20.516 -470.530 -70.514 
20.496 -470.474 -70.522 
20.452 -470.350 -70.540 
20.420 -470.261 -70.553 
20.377 -470.144 -70.570 
20.344 -470.056 -70.583 
20.291 -469.917 -70.605 
20.263 -469.844 -70.616 
20.231 -469.760 -70.629 
20.179 -469.631 -70.649 
20.143 -469.540 -70.663 
20.094 -469.419 -70.683 
20.058 -469.331 -70.697 
20.026 -469.255 -70.710 
19.969 -469.122 -70.732 
19.945 -469.067 -70.742 
19.919 -469.006 -70.752 
19.886 -468.931 -70.766 
19.845 -468.839 -70.782 
19.794 -468.724 -70.802 
19.752 -468.633 -70.818 
19.718 -468.558 -70.832 
19.677 -468.470 -70.848 
19.633 -468.374 -70.866 
19.588 -468.280 -70.883 
19.560 -468.222 -70.894 
19.519 -468.135 -70.910 
19.491 -468.080 -70.921 
19.448 -467.991 -70.938 
19.394 -467.882 -70.958 
19.351 -467.797 -70.975 
19.290 -467.677 -70.998 
19.247 -467.593 -71.015 
19.198 -467.498 -71.033 
19.143 -467.392 -71.054 
19.103 -467.317 -71.069 
19.045 -467.206 -71.092 
18.997 -467.118 -71.110 
18.949 -467.028 -71.128 
18.905 -466.948 -71.145 
18.836 -466.824 -71.170 
18.784 -466.730 -71.190 
18.732 -466.637 -71.210 
18.693 -466.569 -71.224 
18.644 -466.483 -71.242 
18.580 -466.371 -71.266 
18.529 -466.283 -71.285 
18.448 -466.145 -71.315 
18.400 -466.062 -71.332 
18.340 -465.961 -71.354 
18.279 -465.859 -71.376 
18.242 -465.796 -71.389 
18.173 -465.682 -71.414 
18.104 -465.568 -71.438 
18.052 -465.483 -71.456 
17.973 -465.354 -71.484 
17.945 -465.309 -71.493 
17.877 -465.200 -71.517 
17.837 -465.135 -71.530 
17.781 -465.045 -71.549 
17.703 -464.922 -71.575 
17.671 -464.871 -71.586 
17.621 -464.792 -71.602 
17.563 -464.700 -71.622 
17.500 -464.603 -71.642 
17.446 -464.519 -71.660 
17.373 -464.407 -71.684 
17.296 -464.288 -71.709 
17.225 -464.180 -71.732 
17.156 -464.076 -71.755 
17.104 -463.998 -71.772 
17.031 -463.888 -71.795 
16.985 -463.819 -71.810 
16.914 -463.716 -71.832 
16.869 -463.649 -71.846 
16.844 -463.612 -71.854 
16.787 -463.530 -71.872 
16.715 -463.425 -71.894 
16.647 -463.327 -71.914 
16.610 -463.275 -71.925 
16.542 -463.179 -71.946 
16.485 -463.098 -71.963 
16.423 -463.012 -71.981 
16.355 -462.918 -72.001 
16.301 -462.842 -72.018 
16.204 -462.711 -72.046 
16.157 -462.647 -72.060 
16.112 -462.586 -72.073 
16.046 -462.497 -72.092 
15.985 -462.415 -72.109 
15.920 -462.328 -72.128 
15.854 -462.241 -72.146 
15.780 -462.143 -72.167 
15.677 -462.009 -72.196 
15.627 -461.945 -72.210 
15.566 -461.866 -72.227 
15.519 -461.805 -72.240 
15.437 -461.700 -72.263 
15.352 -461.591 -72.286 
15.262 -461.477 -72.311 
15.197 -461.395 -72.328 
15.166 -461.356 -72.336 
15.101 -461.274 -72.354 
15.052 -461.213 -72.366 
14.994 -461.141 -72.381 
14.902 -461.028 -72.404 
14.803 -460.907 -72.429 
14.747 -460.838 -72.443 
14.660 -460.732 -72.465 
14.581 -460.636 -72.484 
14.542 -460.590 -72.494 
14.495 -460.534 -72.505 
14.412 -460.434 -72.526 
14.344 -460.354 -72.542 
14.291 -460.291 -72.555 
14.220 -460.207 -72.572 
14.141 -460.115 -72.590 
14.068 -460.030 -72.607 
