21.500 -475.946 -70.112 
21.499 -475.849 -70.112 
21.498 -475.743 -70.113 
21.495 -475.612 -70.114 
21.491 -475.481 -70.116 
21.488 -475.384 -70.118 
21.483 -475.271 -70.120 
21.479 -475.188 -70.122 
21.471 -475.049 -70.126 
21.465 -474.962 -70.128 
21.459 -474.880 -70.130 
21.451 -474.771 -70.134 
21.444 -474.692 -70.136 
21.438 -474.621 -70.139 
21.428 -474.515 -70.143 
21.418 -474.416 -70.147 
21.408 -474.323 -70.150 
21.397 -474.232 -70.154 
21.385 -474.129 -70.159 
21.372 -474.026 -70.164 
21.360 -473.940 -70.169 
21.340 -473.799 -70.177 
21.324 -473.687 -70.183 
21.308 -473.586 -70.189 
21.294 -473.499 -70.195 
21.274 -473.380 -70.203 
21.251 -473.245 -70.212 
21.234 -473.151 -70.218 
21.212 -473.036 -70.226 
21.189 -472.918 -70.235 
21.165 -472.800 -70.244 
21.148 -472.719 -70.250 
21.121 -472.595 -70.260 
21.095 -472.478 -70.269 
21.073 -472.380 -70.278 
21.056 -472.309 -70.284 
21.031 -472.203 -70.293 
21.013 -472.127 -70.300 
20.991 -472.039 -70.308 
20.965 -471.938 -70.318 
20.941 -471.845 -70.326 
20.921 -471.768 -70.334 
20.887 -471.643 -70.347 
20.863 -471.559 -70.355 
20.839 -471.475 -70.364 
20.807 -471.364 -70.376 
20.779 -471.271 -70.387 
20.760 -471.208 -70.394 
20.729 -471.110 -70.405 
20.688 -470.980 -70.419 
20.656 -470.881 -70.431 
20.630 -470.803 -70.440 
20.603 -470.721 -70.450 
20.574 -470.635 -70.461 
20.537 -470.528 -70.474 
20.499 -470.421 -70.488 
20.467 -470.331 -70.499 
20.434 -470.240 -70.511 
20.406 -470.164 -70.521 
20.364 -470.050 -70.537 
20.327 -469.953 -70.550 
20.283 -469.838 -70.566 
20.243 -469.738 -70.581 
20.196 -469.619 -70.598 
20.153 -469.512 -70.614 
20.114 -469.416 -70.628 
20.069 -469.306 -70.645 
20.023 -469.198 -70.662 
19.997 -469.137 -70.671 
19.959 -469.048 -70.685 
19.916 -468.950 -70.700 
19.866 -468.836 -70.719 
19.833 -468.763 -70.731 
19.787 -468.661 -70.747 
19.752 -468.584 -70.760 
19.707 -468.487 -70.777 
19.668 -468.404 -70.790 
19.629 -468.322 -70.804 
19.590 -468.241 -70.818 
19.553 -468.166 -70.831 
19.502 -468.061 -70.849 
19.486 -468.028 -70.855 
19.434 -467.925 -70.873 
19.389 -467.835 -70.888 
19.347 -467.752 -70.903 
19.292 -467.647 -70.922 
19.255 -467.575 -70.935 
19.207 -467.485 -70.951 
19.160 -467.396 -70.967 
19.105 -467.294 -70.985 
19.059 -467.209 -71.001 
19.017 -467.133 -71.015 
18.953 -467.016 -71.037 
18.920 -466.958 -71.048 
18.863 -466.858 -71.067 
18.809 -466.763 -71.085 
18.758 -466.676 -71.102 
18.729 -466.626 -71.111 
18.677 -466.537 -71.129 
18.636 -466.469 -71.143 
18.581 -466.375 -71.161 
18.534 -466.298 -71.177 
18.479 -466.206 -71.195 
18.414 -466.099 -71.217 
18.357 -466.008 -71.235 
18.304 -465.922 -71.253 
18.243 -465.824 -71.273 
18.201 -465.758 -71.287 
18.159 -465.691 -71.300 
18.098 -465.596 -71.319 
18.053 -465.526 -71.334 
17.995 -465.435 -71.352 
17.928 -465.331 -71.373 
17.864 -465.232 -71.393 
17.812 -465.153 -71.409 
17.740 -465.044 -71.431 
17.676 -464.946 -71.450 
17.629 -464.877 -71.464 
17.568 -464.785 -71.483 
17.501 -464.686 -71.503 
17.442 -464.599 -71.520 
17.371 -464.495 -71.542 
17.304 -464.398 -71.561 
17.248 -464.317 -71.577 
17.216 -464.271 -71.587 
17.148 -464.174 -71.606 
17.081 -464.079 -71.626 
17.033 -464.010 -71.639 
16.974 -463.928 -71.656 
16.903 -463.829 -71.676 
16.831 -463.729 -71.696 
16.768 -463.642 -71.713 
16.704 -463.555 -71.731 
16.660 -463.495 -71.743 
16.612 -463.429 -71.756 
16.542 -463.335 -71.775 
16.457 -463.221 -71.798 
16.410 -463.157 -71.811 
16.346 -463.072 -71.829 
16.303 -463.014 -71.840 
16.242 -462.934 -71.857 
16.171 -462.841 -71.876 
16.144 -462.805 -71.884 
16.074 -462.715 -71.903 
16.024 -462.649 -71.917 
15.964 -462.572 -71.933 
15.903 -462.494 -71.949 
15.846 -462.421 -71.964 
15.798 -462.360 -71.977 
15.717 -462.256 -71.999 
15.659 -462.183 -72.015 
15.606 -462.117 -72.029 
15.532 -462.023 -72.048 
15.440 -461.908 -72.073 
15.356 -461.804 -72.094 
15.273 -461.703 -72.116 
15.180 -461.589 -72.140 
15.120 -461.517 -72.155 
15.056 -461.439 -72.172 
14.990 -461.359 -72.189 
14.952 -461.313 -72.198 
14.869 -461.214 -72.219 
14.816 -461.151 -72.232 
14.729 -461.048 -72.254 
14.666 -460.974 -72.270 
14.620 -460.920 -72.281 
14.558 -460.847 -72.296 
14.495 -460.774 -72.312 
14.430 -460.699 -72.327 
14.359 -460.618 -72.344 
14.298 -460.548 -72.359 
14.250 -460.493 -72.371 
14.189 -460.425 -72.385 
14.131 -460.359 -72.399 
