24.700 -458.414 -70.112 
24.699 -458.333 -70.112 
24.697 -458.223 -70.113 
24.694 -458.098 -70.114 
24.689 -457.972 -70.116 
24.684 -457.847 -70.118 
24.679 -457.757 -70.119 
24.673 -457.639 -70.122 
24.666 -457.535 -70.125 
24.660 -457.451 -70.128 
24.654 -457.376 -70.130 
24.645 -457.268 -70.134 
24.634 -457.154 -70.138 
24.629 -457.099 -70.141 
24.613 -456.950 -70.147 
24.600 -456.845 -70.152 
24.586 -456.729 -70.158 
24.578 -456.668 -70.162 
24.559 -456.532 -70.169 
24.547 -456.453 -70.174 
24.536 -456.379 -70.179 
24.524 -456.304 -70.184 
24.505 -456.184 -70.192 
24.482 -456.054 -70.201 
24.462 -455.947 -70.209 
24.447 -455.863 -70.216 
24.422 -455.737 -70.226 
24.400 -455.629 -70.235 
24.381 -455.540 -70.243 
24.365 -455.466 -70.250 
24.340 -455.356 -70.260 
24.317 -455.259 -70.269 
24.289 -455.140 -70.280 
24.260 -455.023 -70.292 
24.241 -454.949 -70.300 
24.215 -454.852 -70.310 
24.185 -454.738 -70.322 
24.149 -454.609 -70.337 
24.120 -454.506 -70.349 
24.087 -454.397 -70.362 
24.057 -454.298 -70.374 
24.026 -454.198 -70.386 
23.985 -454.068 -70.404 
23.956 -453.980 -70.416 
23.922 -453.881 -70.430 
23.882 -453.765 -70.447 
23.842 -453.651 -70.464 
23.811 -453.569 -70.476 
23.787 -453.503 -70.486 
23.734 -453.362 -70.509 
23.690 -453.251 -70.527 
23.645 -453.139 -70.546 
23.613 -453.061 -70.559 
23.548 -452.905 -70.586 
23.519 -452.839 -70.598 
23.477 -452.742 -70.616 
23.440 -452.661 -70.631 
23.420 -452.616 -70.640 
23.382 -452.534 -70.655 
23.337 -452.436 -70.674 
23.303 -452.365 -70.688 
23.277 -452.311 -70.699 
23.247 -452.249 -70.712 
23.181 -452.115 -70.740 
23.126 -452.007 -70.763 
23.079 -451.916 -70.783 
23.043 -451.847 -70.798 
22.974 -451.717 -70.827 
22.928 -451.632 -70.847 
22.878 -451.540 -70.868 
22.832 -451.459 -70.887 
22.795 -451.394 -70.903 
22.711 -451.247 -70.939 
22.658 -451.158 -70.961 
22.593 -451.050 -70.989 
22.548 -450.975 -71.008 
22.490 -450.882 -71.033 
22.453 -450.823 -71.049 
22.392 -450.726 -71.075 
22.347 -450.656 -71.094 
22.304 -450.591 -71.112 
22.277 -450.549 -71.124 
22.201 -450.436 -71.157 
22.134 -450.338 -71.185 
22.096 -450.284 -71.202 
22.046 -450.212 -71.223 
21.981 -450.121 -71.251 
21.921 -450.038 -71.276 
21.856 -449.950 -71.304 
21.775 -449.841 -71.339 
21.724 -449.773 -71.361 
21.682 -449.718 -71.379 
21.641 -449.665 -71.396 
21.578 -449.583 -71.423 
21.508 -449.494 -71.453 
21.435 -449.402 -71.484 
21.396 -449.355 -71.500 
21.322 -449.264 -71.532 
21.254 -449.182 -71.561 
21.207 -449.126 -71.581 
21.177 -449.091 -71.593 
21.110 -449.013 -71.622 
21.049 -448.941 -71.648 
20.982 -448.864 -71.676 
20.903 -448.775 -71.709 
20.818 -448.678 -71.745 
20.738 -448.589 -71.779 
20.665 -448.510 -71.810 
20.612 -448.453 -71.831 
20.561 -448.399 -71.853 
20.511 -448.345 -71.874 
20.446 -448.277 -71.901 
20.378 -448.205 -71.930 
20.308 -448.133 -71.959 
20.248 -448.072 -71.984 
20.179 -448.003 -72.012 
20.126 -447.949 -72.034 
20.071 -447.895 -72.057 
20.021 -447.845 -72.077 
19.949 -447.776 -72.107 
19.857 -447.687 -72.144 
19.770 -447.605 -72.179 
19.688 -447.528 -72.213 
19.616 -447.461 -72.242 
19.544 -447.394 -72.272 
19.499 -447.353 -72.290 
19.444 -447.304 -72.312 
19.372 -447.240 -72.341 
19.297 -447.173 -72.372 
19.189 -447.079 -72.415 
19.137 -447.034 -72.436 
19.084 -446.988 -72.458 
18.995 -446.912 -72.493 
18.906 -446.837 -72.529 
18.791 -446.742 -72.574 
18.708 -446.674 -72.607 
18.638 -446.618 -72.635 
18.561 -446.556 -72.665 
18.490 -446.499 -72.693 
18.397 -446.426 -72.730 
18.305 -446.355 -72.766 
18.235 -446.302 -72.794 
18.176 -446.257 -72.817 
18.081 -446.186 -72.854 
18.021 -446.143 -72.878 
17.961 -446.099 -72.901 
17.859 -446.026 -72.941 
17.784 -445.972 -72.971 
17.691 -445.907 -73.006 
17.638 -445.870 -73.027 
17.579 -445.830 -73.050 
17.493 -445.772 -73.083 
17.425 -445.726 -73.109 
17.353 -445.677 -73.137 
17.292 -445.637 -73.160 
17.225 -445.593 -73.186 
17.173 -445.558 -73.206 
17.101 -445.512 -73.233 
17.013 -445.456 -73.267 
16.913 -445.392 -73.305 
16.825 -445.337 -73.339 
16.767 -445.301 -73.361 
16.662 -445.237 -73.401 
16.521 -445.151 -73.454 
16.467 -445.119 -73.474 
16.337 -445.042 -73.524 
16.265 -445.000 -73.551 
16.173 -444.947 -73.586 
16.061 -444.883 -73.628 
15.946 -444.818 -73.672 
15.856 -444.767 -73.706 
15.763 -444.716 -73.741 
15.709 -444.686 -73.761 
15.627 -444.642 -73.792 
15.555 -444.603 -73.819 
15.447 -444.545 -73.859 
15.370 -444.504 -73.887 
15.306 -444.470 -73.910 
15.234 -444.432 -73.937 
15.162 -444.394 -73.963 
15.110 -444.367 -73.982 
15.049 -444.335 -74.005 
14.990 -444.305 -74.026 
14.869 -444.244 -74.070 
14.785 -444.201 -74.100 
14.702 -444.159 -74.130 
14.618 -444.117 -74.159 
14.534 -444.075 -74.189 
14.453 -444.035 -74.218 
14.350 -443.984 -74.254 
14.271 -443.945 -74.281 
14.192 -443.907 -74.309 
14.109 -443.867 -74.338 
