26.392 -423.618 -82.404 
26.385 -423.554 -82.407 
26.369 -423.407 -82.415 
26.356 -423.301 -82.422 
26.346 -423.218 -82.427 
26.333 -423.120 -82.433 
26.321 -423.033 -82.438 
26.308 -422.947 -82.444 
26.293 -422.848 -82.451 
26.278 -422.749 -82.459 
26.263 -422.660 -82.466 
26.248 -422.571 -82.472 
26.232 -422.482 -82.480 
26.206 -422.342 -82.491 
26.186 -422.241 -82.500 
26.169 -422.156 -82.508 
26.152 -422.069 -82.516 
26.130 -421.968 -82.526 
26.106 -421.856 -82.537 
26.074 -421.717 -82.551 
26.044 -421.589 -82.565 
26.019 -421.489 -82.576 
25.994 -421.385 -82.588 
25.970 -421.294 -82.598 
25.940 -421.180 -82.612 
25.915 -421.087 -82.623 
25.899 -421.031 -82.630 
25.874 -420.942 -82.641 
25.842 -420.830 -82.655 
25.815 -420.738 -82.667 
25.801 -420.694 -82.673 
25.765 -420.573 -82.690 
25.745 -420.508 -82.699 
25.712 -420.402 -82.714 
25.691 -420.337 -82.723 
25.657 -420.231 -82.739 
25.635 -420.166 -82.748 
25.591 -420.033 -82.768 
25.549 -419.913 -82.786 
25.502 -419.779 -82.807 
25.466 -419.681 -82.822 
25.431 -419.584 -82.838 
25.400 -419.501 -82.851 
25.375 -419.435 -82.862 
25.334 -419.329 -82.880 
25.297 -419.235 -82.896 
25.268 -419.161 -82.909 
25.231 -419.068 -82.925 
25.188 -418.961 -82.944 
25.146 -418.859 -82.961 
25.094 -418.735 -82.984 
25.041 -418.613 -83.006 
25.005 -418.529 -83.021 
24.983 -418.481 -83.030 
24.919 -418.337 -83.057 
24.878 -418.247 -83.074 
24.819 -418.121 -83.099 
24.800 -418.079 -83.107 
24.780 -418.038 -83.115 
24.728 -417.931 -83.137 
24.682 -417.838 -83.155 
24.639 -417.752 -83.173 
24.581 -417.640 -83.197 
24.529 -417.540 -83.218 
24.476 -417.440 -83.240 
24.429 -417.353 -83.259 
24.383 -417.269 -83.278 
24.346 -417.203 -83.293 
24.291 -417.106 -83.316 
24.227 -416.995 -83.342 
24.158 -416.879 -83.370 
24.124 -416.822 -83.384 
24.087 -416.761 -83.399 
24.040 -416.684 -83.418 
24.013 -416.641 -83.429 
23.978 -416.584 -83.443 
23.930 -416.508 -83.463 
23.884 -416.437 -83.482 
23.815 -416.330 -83.510 
23.763 -416.250 -83.531 
23.716 -416.180 -83.550 
23.677 -416.121 -83.566 
23.609 -416.022 -83.593 
23.559 -415.951 -83.613 
23.486 -415.848 -83.643 
23.434 -415.775 -83.664 
23.375 -415.695 -83.687 
23.326 -415.629 -83.707 
23.271 -415.556 -83.729 
23.207 -415.474 -83.755 
23.156 -415.407 -83.775 
23.049 -415.273 -83.818 
22.963 -415.167 -83.853 
22.914 -415.108 -83.873 
22.845 -415.026 -83.901 
22.760 -414.928 -83.934 
22.672 -414.827 -83.970 
22.622 -414.770 -83.990 
22.569 -414.713 -84.011 
22.526 -414.666 -84.029 
22.452 -414.586 -84.058 
22.388 -414.520 -84.084 
22.330 -414.459 -84.107 
22.252 -414.379 -84.139 
22.174 -414.302 -84.170 
22.092 -414.222 -84.203 
22.033 -414.166 -84.227 
21.949 -414.086 -84.261 
21.861 -414.005 -84.297 
21.786 -413.936 -84.327 
21.708 -413.867 -84.359 
21.633 -413.801 -84.389 
21.557 -413.735 -84.420 
21.509 -413.694 -84.440 
21.423 -413.622 -84.474 
21.355 -413.567 -84.502 
21.298 -413.520 -84.525 
21.200 -413.442 -84.565 
21.135 -413.392 -84.591 
21.062 -413.335 -84.621 
20.947 -413.249 -84.668 
20.873 -413.195 -84.698 
20.770 -413.121 -84.740 
20.683 -413.060 -84.775 
20.615 -413.013 -84.803 
20.504 -412.938 -84.849 
20.408 -412.874 -84.888 
20.316 -412.814 -84.926 
20.235 -412.763 -84.959 
20.126 -412.695 -85.004 
20.028 -412.636 -85.044 
19.984 -412.610 -85.062 
19.906 -412.564 -85.094 
19.837 -412.524 -85.123 
19.737 -412.468 -85.164 
19.636 -412.412 -85.205 
19.536 -412.359 -85.246 
19.444 -412.311 -85.284 
19.339 -412.256 -85.327 
19.267 -412.220 -85.357 
19.179 -412.177 -85.393 
19.062 -412.121 -85.441 
19.000 -412.092 -85.467 
18.874 -412.034 -85.519 
18.793 -411.998 -85.553 
18.689 -411.953 -85.596 
18.593 -411.912 -85.635 
18.539 -411.890 -85.658 
18.443 -411.850 -85.698 
18.372 -411.822 -85.726 
18.308 -411.797 -85.753 
18.239 -411.771 -85.781 
18.175 -411.746 -85.808 
18.107 -411.721 -85.836 
18.025 -411.691 -85.870 
17.941 -411.660 -85.904 
17.882 -411.640 -85.928 
17.786 -411.606 -85.968 
17.723 -411.584 -85.994 
17.625 -411.552 -86.034 
17.486 -411.507 -86.092 
17.422 -411.487 -86.118 
17.323 -411.457 -86.158 
17.189 -411.417 -86.214 
17.136 -411.402 -86.235 
17.052 -411.378 -86.270 
17.009 -411.366 -86.287 
16.949 -411.350 -86.312 
16.854 -411.325 -86.351 
16.772 -411.304 -86.385 
16.676 -411.280 -86.424 
16.560 -411.253 -86.472 
16.470 -411.232 -86.509 
16.372 -411.211 -86.549 
16.287 -411.193 -86.583 
16.192 -411.173 -86.623 
16.057 -411.146 -86.678 
15.934 -411.123 -86.729 
15.819 -411.102 -86.776 
15.736 -411.088 -86.810 
15.626 -411.071 -86.856 
15.557 -411.060 -86.884 
15.475 -411.048 -86.918 
15.338 -411.030 -86.974 
15.234 -411.017 -87.017 
15.110 -411.002 -87.069 
15.007 -410.991 -87.112 
14.938 -410.985 -87.141 
14.861 -410.977 -87.173 
14.769 -410.969 -87.211 
14.675 -410.962 -87.250 
14.585 -410.955 -87.287 
14.496 -410.949 -87.324 
14.403 -410.944 -87.363 
14.320 -410.940 -87.398 
14.198 -410.935 -87.449 
14.114 -410.933 -87.483 
14.018 -410.931 -87.523 
13.932 -410.929 -87.560 
13.901 -410.929 -87.572 
13.820 -410.929 -87.606 
13.747 -410.929 -87.637 
13.626 -410.929 -87.688 
13.493 -410.931 -87.743 
13.377 -410.933 -87.791 
13.281 -410.936 -87.831 
13.191 -410.938 -87.869 
13.074 -410.942 -87.918 
13.009 -410.945 -87.945 
12.925 -410.948 -87.979 
12.853 -410.951 -88.010 
12.769 -410.956 -88.044 
12.634 -410.963 -88.100 
12.555 -410.968 -88.133 
12.457 -410.975 -88.173 
12.353 -410.982 -88.216 
12.239 -410.991 -88.264 
12.143 -410.999 -88.303 
12.023 -411.009 -88.352 
11.912 -411.019 -88.398 
11.825 -411.028 -88.433 
11.759 -411.035 -88.460 
11.646 -411.047 -88.507 
11.590 -411.053 -88.530 
11.507 -411.062 -88.563 
11.434 -411.070 -88.593 
