24.700 -458.402 -70.112 
24.699 -458.325 -70.112 
24.697 -458.232 -70.113 
24.695 -458.131 -70.114 
24.692 -458.035 -70.115 
24.687 -457.924 -70.117 
24.680 -457.766 -70.121 
24.676 -457.699 -70.123 
24.668 -457.582 -70.126 
24.662 -457.491 -70.129 
24.652 -457.360 -70.134 
24.638 -457.204 -70.141 
24.625 -457.079 -70.147 
24.611 -456.954 -70.153 
24.605 -456.901 -70.156 
24.587 -456.753 -70.164 
24.573 -456.650 -70.170 
24.559 -456.548 -70.176 
24.545 -456.456 -70.182 
24.533 -456.378 -70.188 
24.522 -456.304 -70.193 
24.506 -456.211 -70.199 
24.483 -456.081 -70.209 
24.465 -455.982 -70.217 
24.444 -455.871 -70.225 
24.420 -455.753 -70.235 
24.403 -455.668 -70.242 
24.383 -455.574 -70.251 
24.369 -455.511 -70.257 
24.356 -455.454 -70.262 
24.334 -455.360 -70.271 
24.313 -455.271 -70.279 
24.285 -455.156 -70.291 
24.264 -455.071 -70.300 
24.237 -454.969 -70.311 
24.213 -454.880 -70.320 
24.181 -454.764 -70.333 
24.153 -454.665 -70.344 
24.126 -454.572 -70.355 
24.103 -454.495 -70.365 
24.073 -454.396 -70.376 
24.046 -454.310 -70.387 
24.006 -454.185 -70.403 
23.973 -454.087 -70.416 
23.950 -454.015 -70.425 
23.915 -453.913 -70.439 
23.894 -453.853 -70.448 
23.853 -453.735 -70.464 
23.810 -453.617 -70.482 
23.781 -453.540 -70.494 
23.761 -453.486 -70.502 
23.729 -453.400 -70.516 
23.694 -453.310 -70.530 
23.650 -453.199 -70.548 
23.604 -453.085 -70.567 
23.560 -452.979 -70.585 
23.520 -452.882 -70.602 
23.470 -452.768 -70.623 
23.444 -452.707 -70.634 
23.405 -452.620 -70.650 
23.374 -452.552 -70.663 
23.333 -452.462 -70.680 
23.286 -452.361 -70.699 
23.235 -452.257 -70.720 
23.186 -452.156 -70.740 
23.140 -452.064 -70.759 
23.086 -451.959 -70.781 
23.021 -451.833 -70.808 
22.950 -451.699 -70.836 
22.908 -451.621 -70.854 
22.864 -451.540 -70.871 
22.817 -451.456 -70.890 
22.765 -451.364 -70.912 
22.710 -451.269 -70.934 
22.657 -451.179 -70.955 
22.617 -451.112 -70.972 
22.542 -450.988 -71.003 
22.501 -450.922 -71.019 
22.455 -450.847 -71.038 
22.420 -450.792 -71.053 
22.390 -450.745 -71.065 
22.338 -450.664 -71.086 
22.285 -450.583 -71.108 
22.228 -450.497 -71.131 
22.154 -450.388 -71.161 
22.108 -450.320 -71.180 
22.035 -450.214 -71.210 
21.980 -450.137 -71.232 
21.932 -450.070 -71.252 
21.845 -449.951 -71.287 
21.787 -449.873 -71.310 
21.754 -449.829 -71.324 
21.675 -449.725 -71.356 
21.625 -449.659 -71.376 
21.582 -449.605 -71.393 
21.524 -449.531 -71.416 
21.449 -449.437 -71.446 
21.380 -449.352 -71.474 
21.330 -449.290 -71.494 
21.277 -449.227 -71.515 
21.203 -449.138 -71.544 
21.148 -449.074 -71.566 
21.052 -448.963 -71.604 
20.989 -448.891 -71.629 
20.945 -448.842 -71.646 
20.885 -448.775 -71.670 
20.826 -448.710 -71.693 
20.747 -448.624 -71.725 
20.693 -448.566 -71.746 
20.622 -448.491 -71.775 
20.561 -448.427 -71.799 
20.492 -448.355 -71.826 
20.443 -448.305 -71.846 
20.360 -448.221 -71.878 
20.288 -448.149 -71.906 
20.214 -448.075 -71.936 
20.134 -447.997 -71.967 
20.063 -447.929 -71.995 
19.960 -447.831 -72.036 
19.859 -447.737 -72.076 
19.775 -447.660 -72.109 
19.696 -447.588 -72.140 
19.616 -447.517 -72.172 
19.527 -447.438 -72.207 
19.467 -447.385 -72.231 
19.397 -447.325 -72.259 
19.330 -447.268 -72.285 
19.224 -447.178 -72.327 
19.170 -447.133 -72.348 
19.084 -447.062 -72.382 
19.034 -447.022 -72.402 
18.913 -446.923 -72.450 
18.821 -446.849 -72.486 
18.760 -446.801 -72.510 
18.669 -446.730 -72.546 
18.581 -446.661 -72.581 
18.510 -446.607 -72.609 
18.400 -446.523 -72.653 
18.318 -446.462 -72.685 
18.239 -446.404 -72.717 
18.157 -446.345 -72.749 
18.113 -446.313 -72.766 
18.011 -446.240 -72.807 
17.925 -446.180 -72.841 
17.837 -446.118 -72.876 
17.748 -446.057 -72.911 
17.636 -445.981 -72.955 
17.554 -445.926 -72.987 
17.490 -445.884 -73.013 
17.384 -445.815 -73.054 
17.276 -445.745 -73.096 
17.198 -445.695 -73.127 
17.120 -445.646 -73.157 
17.043 -445.598 -73.187 
16.952 -445.541 -73.223 
16.846 -445.476 -73.264 
16.771 -445.431 -73.293 
16.710 -445.394 -73.317 
16.627 -445.345 -73.349 
16.533 -445.289 -73.386 
16.433 -445.230 -73.425 
16.347 -445.180 -73.459 
16.258 -445.129 -73.493 
16.165 -445.076 -73.529 
16.123 -445.052 -73.546 
16.027 -444.998 -73.583 
15.921 -444.940 -73.624 
15.818 -444.883 -73.664 
15.763 -444.854 -73.685 
15.656 -444.796 -73.727 
15.591 -444.761 -73.752 
15.521 -444.724 -73.779 
15.470 -444.698 -73.799 
15.375 -444.648 -73.835 
15.299 -444.608 -73.864 
15.259 -444.588 -73.879 
15.196 -444.555 -73.904 
15.131 -444.522 -73.928 
15.059 -444.485 -73.956 
14.936 -444.423 -74.002 
14.884 -444.397 -74.022 
14.784 -444.347 -74.060 
14.713 -444.311 -74.086 
14.560 -444.236 -74.144 
14.444 -444.179 -74.187 
14.348 -444.133 -74.223 
14.203 -444.064 -74.277 
14.111 -444.020 -74.311 
