21.499 -475.877 -70.112 
21.499 -475.817 -70.112 
21.496 -475.656 -70.114 
21.493 -475.555 -70.115 
21.489 -475.444 -70.116 
21.485 -475.354 -70.118 
21.480 -475.261 -70.119 
21.475 -475.168 -70.122 
21.468 -475.057 -70.124 
21.460 -474.933 -70.128 
21.453 -474.838 -70.131 
21.444 -474.733 -70.134 
21.433 -474.610 -70.139 
21.425 -474.523 -70.142 
21.415 -474.434 -70.146 
21.403 -474.324 -70.151 
21.394 -474.247 -70.155 
21.385 -474.168 -70.159 
21.370 -474.050 -70.165 
21.358 -473.962 -70.170 
21.343 -473.856 -70.176 
21.330 -473.764 -70.182 
21.314 -473.657 -70.188 
21.301 -473.575 -70.194 
21.286 -473.488 -70.199 
21.265 -473.368 -70.207 
21.241 -473.232 -70.217 
21.219 -473.116 -70.225 
21.201 -473.024 -70.233 
21.176 -472.905 -70.242 
21.151 -472.787 -70.252 
21.142 -472.742 -70.256 
21.121 -472.651 -70.264 
21.105 -472.578 -70.270 
21.080 -472.471 -70.279 
21.055 -472.364 -70.289 
21.032 -472.270 -70.298 
21.000 -472.141 -70.310 
20.968 -472.019 -70.323 
20.942 -471.924 -70.332 
20.908 -471.797 -70.346 
20.881 -471.703 -70.356 
20.854 -471.608 -70.366 
20.822 -471.498 -70.378 
20.799 -471.422 -70.387 
20.758 -471.286 -70.403 
20.722 -471.171 -70.417 
20.693 -471.081 -70.428 
20.647 -470.941 -70.446 
20.612 -470.836 -70.459 
20.591 -470.774 -70.467 
20.547 -470.647 -70.484 
20.521 -470.573 -70.494 
20.494 -470.498 -70.504 
20.467 -470.423 -70.514 
20.436 -470.338 -70.526 
20.389 -470.213 -70.544 
20.341 -470.086 -70.563 
20.307 -469.997 -70.576 
20.273 -469.908 -70.590 
20.231 -469.801 -70.606 
20.193 -469.705 -70.621 
20.135 -469.562 -70.644 
20.087 -469.446 -70.663 
20.035 -469.321 -70.684 
19.993 -469.222 -70.700 
19.959 -469.143 -70.714 
19.907 -469.025 -70.734 
19.849 -468.894 -70.757 
19.801 -468.787 -70.776 
19.763 -468.703 -70.791 
19.705 -468.577 -70.813 
19.654 -468.468 -70.833 
19.606 -468.368 -70.852 
19.540 -468.231 -70.877 
19.507 -468.162 -70.890 
19.457 -468.060 -70.909 
19.410 -467.964 -70.927 
19.348 -467.841 -70.951 
19.291 -467.727 -70.973 
19.231 -467.610 -70.996 
19.186 -467.523 -71.013 
19.143 -467.439 -71.030 
19.111 -467.377 -71.042 
19.058 -467.277 -71.062 
19.005 -467.178 -71.082 
18.969 -467.111 -71.096 
18.949 -467.074 -71.103 
18.903 -466.991 -71.120 
18.863 -466.919 -71.135 
18.824 -466.849 -71.150 
18.770 -466.753 -71.170 
18.714 -466.653 -71.191 
18.681 -466.596 -71.203 
18.637 -466.520 -71.220 
18.585 -466.430 -71.239 
18.539 -466.351 -71.255 
18.481 -466.253 -71.277 
18.441 -466.185 -71.291 
18.401 -466.119 -71.306 
18.339 -466.017 -71.328 
18.300 -465.952 -71.342 
18.254 -465.877 -71.358 
18.185 -465.763 -71.383 
18.131 -465.676 -71.403 
18.072 -465.581 -71.424 
18.031 -465.517 -71.438 
17.964 -465.410 -71.461 
17.891 -465.297 -71.486 
17.848 -465.229 -71.501 
17.796 -465.149 -71.519 
17.735 -465.055 -71.540 
17.685 -464.978 -71.557 
17.613 -464.868 -71.582 
17.562 -464.791 -71.599 
17.530 -464.742 -71.610 
17.474 -464.658 -71.629 
17.402 -464.551 -71.653 
17.356 -464.483 -71.669 
17.281 -464.372 -71.694 
17.211 -464.268 -71.717 
17.166 -464.203 -71.732 
17.121 -464.137 -71.747 
17.049 -464.033 -71.770 
17.005 -463.969 -71.785 
16.940 -463.877 -71.806 
16.901 -463.821 -71.818 
16.838 -463.732 -71.838 
16.774 -463.642 -71.859 
16.724 -463.571 -71.875 
16.666 -463.491 -71.893 
16.564 -463.349 -71.925 
16.478 -463.231 -71.951 
16.411 -463.139 -71.972 
16.359 -463.069 -71.988 
16.302 -462.992 -72.006 
16.228 -462.893 -72.029 
16.152 -462.791 -72.052 
16.107 -462.732 -72.065 
16.049 -462.654 -72.083 
16.013 -462.608 -72.093 
15.962 -462.541 -72.108 
15.898 -462.456 -72.127 
15.846 -462.389 -72.142 
15.766 -462.284 -72.166 
15.716 -462.220 -72.180 
15.649 -462.133 -72.200 
15.575 -462.038 -72.221 
15.544 -461.998 -72.230 
15.482 -461.919 -72.247 
15.418 -461.837 -72.266 
15.377 -461.784 -72.278 
15.311 -461.701 -72.296 
15.242 -461.614 -72.316 
15.176 -461.532 -72.334 
15.125 -461.467 -72.349 
15.068 -461.397 -72.365 
15.006 -461.320 -72.382 
14.937 -461.234 -72.401 
14.873 -461.155 -72.419 
14.788 -461.052 -72.443 
14.688 -460.930 -72.470 
14.647 -460.881 -72.482 
14.584 -460.805 -72.499 
14.533 -460.743 -72.513 
14.464 -460.662 -72.532 
14.409 -460.595 -72.547 
14.334 -460.507 -72.567 
14.256 -460.414 -72.588 
14.209 -460.358 -72.601 
14.137 -460.274 -72.620 
