21.500 -475.931 -70.112 
21.500 -475.880 -70.112 
21.498 -475.752 -70.112 
21.495 -475.627 -70.113 
21.493 -475.550 -70.114 
21.488 -475.393 -70.116 
21.482 -475.243 -70.119 
21.477 -475.147 -70.121 
21.471 -475.050 -70.124 
21.466 -474.968 -70.126 
21.457 -474.839 -70.130 
21.450 -474.748 -70.133 
21.441 -474.641 -70.137 
21.433 -474.552 -70.140 
21.419 -474.417 -70.146 
21.409 -474.322 -70.151 
21.401 -474.246 -70.154 
21.385 -474.120 -70.160 
21.376 -474.048 -70.164 
21.358 -473.909 -70.171 
21.344 -473.810 -70.177 
21.332 -473.724 -70.182 
21.319 -473.638 -70.187 
21.310 -473.583 -70.190 
21.288 -473.446 -70.199 
21.277 -473.384 -70.203 
21.266 -473.318 -70.208 
21.246 -473.209 -70.216 
21.227 -473.103 -70.223 
21.199 -472.958 -70.234 
21.175 -472.841 -70.243 
21.144 -472.698 -70.255 
21.127 -472.615 -70.262 
21.106 -472.523 -70.270 
21.084 -472.428 -70.279 
21.054 -472.301 -70.291 
21.031 -472.204 -70.300 
21.003 -472.094 -70.311 
20.974 -471.983 -70.323 
20.946 -471.877 -70.334 
20.918 -471.774 -70.345 
20.884 -471.650 -70.358 
20.852 -471.540 -70.371 
20.815 -471.412 -70.385 
20.778 -471.291 -70.399 
20.743 -471.178 -70.413 
20.712 -471.082 -70.425 
20.655 -470.906 -70.447 
20.624 -470.813 -70.459 
20.588 -470.709 -70.473 
20.552 -470.605 -70.487 
20.509 -470.485 -70.503 
20.472 -470.384 -70.517 
20.433 -470.278 -70.532 
20.401 -470.190 -70.545 
20.372 -470.114 -70.556 
20.334 -470.017 -70.570 
20.295 -469.915 -70.585 
20.256 -469.818 -70.600 
20.222 -469.731 -70.614 
20.181 -469.631 -70.629 
20.147 -469.548 -70.642 
20.112 -469.465 -70.656 
20.078 -469.384 -70.669 
20.018 -469.245 -70.692 
19.976 -469.149 -70.708 
19.935 -469.056 -70.724 
19.893 -468.964 -70.740 
19.849 -468.869 -70.757 
19.804 -468.772 -70.774 
19.746 -468.648 -70.796 
19.707 -468.566 -70.812 
19.680 -468.509 -70.822 
19.632 -468.411 -70.841 
19.595 -468.335 -70.855 
19.552 -468.249 -70.871 
19.499 -468.143 -70.892 
19.466 -468.078 -70.905 
19.420 -467.990 -70.923 
19.370 -467.893 -70.942 
19.337 -467.829 -70.955 
19.276 -467.714 -70.979 
19.240 -467.645 -70.993 
19.163 -467.503 -71.022 
19.109 -467.406 -71.043 
19.044 -467.289 -71.068 
18.997 -467.205 -71.086 
18.960 -467.139 -71.100 
18.923 -467.074 -71.114 
18.883 -467.004 -71.129 
18.808 -466.875 -71.158 
18.768 -466.807 -71.173 
18.719 -466.722 -71.192 
18.682 -466.661 -71.206 
18.632 -466.576 -71.225 
18.586 -466.500 -71.242 
18.520 -466.393 -71.267 
18.476 -466.321 -71.283 
18.433 -466.251 -71.299 
18.392 -466.185 -71.314 
18.338 -466.098 -71.335 
18.281 -466.008 -71.356 
18.224 -465.918 -71.376 
18.173 -465.838 -71.395 
18.093 -465.713 -71.424 
18.010 -465.583 -71.454 
17.946 -465.485 -71.476 
17.874 -465.375 -71.502 
17.837 -465.319 -71.515 
17.793 -465.254 -71.529 
17.765 -465.211 -71.539 
17.706 -465.123 -71.559 
17.658 -465.051 -71.576 
17.591 -464.954 -71.598 
17.536 -464.872 -71.616 
17.464 -464.767 -71.640 
17.392 -464.663 -71.664 
17.299 -464.529 -71.694 
17.248 -464.456 -71.711 
17.194 -464.378 -71.728 
17.116 -464.268 -71.753 
17.065 -464.196 -71.769 
17.008 -464.115 -71.787 
16.969 -464.061 -71.799 
16.888 -463.948 -71.824 
16.812 -463.842 -71.848 
16.751 -463.758 -71.867 
16.696 -463.682 -71.884 
16.652 -463.621 -71.897 
16.567 -463.507 -71.923 
16.508 -463.427 -71.941 
16.430 -463.322 -71.965 
16.368 -463.239 -71.984 
16.312 -463.165 -72.001 
16.252 -463.085 -72.019 
16.192 -463.007 -72.037 
16.132 -462.927 -72.055 
16.070 -462.847 -72.073 
16.011 -462.770 -72.090 
15.950 -462.691 -72.108 
15.884 -462.606 -72.127 
15.797 -462.494 -72.151 
15.746 -462.430 -72.166 
15.692 -462.361 -72.181 
15.636 -462.290 -72.197 
15.587 -462.227 -72.211 
15.524 -462.147 -72.229 
15.413 -462.008 -72.260 
15.344 -461.922 -72.279 
15.270 -461.830 -72.299 
15.187 -461.727 -72.322 
15.119 -461.643 -72.340 
15.046 -461.553 -72.360 
14.950 -461.435 -72.386 
14.901 -461.375 -72.399 
14.865 -461.332 -72.409 
14.780 -461.230 -72.432 
14.694 -461.126 -72.455 
14.635 -461.055 -72.471 
14.578 -460.987 -72.486 
14.516 -460.914 -72.502 
14.476 -460.866 -72.513 
14.392 -460.768 -72.535 
14.331 -460.695 -72.552 
14.257 -460.609 -72.571 
14.165 -460.502 -72.595 
