21.499 -475.890 -70.112 
21.499 -475.811 -70.112 
21.494 -475.611 -70.114 
21.491 -475.503 -70.115 
21.486 -475.382 -70.117 
21.482 -475.288 -70.118 
21.477 -475.198 -70.120 
21.470 -475.075 -70.122 
21.462 -474.971 -70.125 
21.454 -474.865 -70.128 
21.439 -474.687 -70.134 
21.424 -474.533 -70.140 
21.414 -474.436 -70.144 
21.404 -474.347 -70.148 
21.391 -474.231 -70.153 
21.381 -474.153 -70.157 
21.366 -474.042 -70.163 
21.356 -473.970 -70.167 
21.345 -473.885 -70.173 
21.330 -473.786 -70.179 
21.310 -473.655 -70.187 
21.301 -473.596 -70.191 
21.284 -473.491 -70.198 
21.271 -473.416 -70.204 
21.256 -473.329 -70.210 
21.231 -473.190 -70.221 
21.213 -473.098 -70.228 
21.190 -472.980 -70.237 
21.172 -472.889 -70.245 
21.155 -472.810 -70.252 
21.133 -472.704 -70.261 
21.107 -472.587 -70.272 
21.092 -472.518 -70.279 
21.076 -472.449 -70.286 
21.054 -472.355 -70.295 
21.037 -472.284 -70.302 
21.013 -472.187 -70.313 
20.998 -472.126 -70.319 
20.979 -472.051 -70.327 
20.959 -471.974 -70.336 
20.916 -471.811 -70.355 
20.889 -471.710 -70.367 
20.858 -471.601 -70.380 
20.842 -471.543 -70.387 
20.819 -471.465 -70.397 
20.798 -471.391 -70.407 
20.763 -471.274 -70.422 
20.727 -471.154 -70.438 
20.689 -471.031 -70.455 
20.663 -470.945 -70.467 
20.636 -470.860 -70.479 
20.608 -470.774 -70.491 
20.580 -470.688 -70.503 
20.551 -470.598 -70.516 
20.526 -470.526 -70.526 
20.495 -470.435 -70.540 
20.468 -470.353 -70.552 
20.426 -470.234 -70.570 
20.395 -470.147 -70.583 
20.363 -470.056 -70.597 
20.328 -469.962 -70.612 
20.300 -469.885 -70.624 
20.264 -469.791 -70.639 
20.226 -469.689 -70.655 
20.193 -469.604 -70.669 
20.158 -469.515 -70.683 
20.107 -469.386 -70.704 
20.079 -469.316 -70.716 
20.048 -469.241 -70.729 
20.001 -469.130 -70.748 
19.968 -469.052 -70.762 
19.911 -468.918 -70.786 
19.875 -468.836 -70.801 
19.849 -468.778 -70.811 
19.796 -468.657 -70.833 
19.777 -468.615 -70.841 
19.721 -468.492 -70.864 
19.690 -468.425 -70.877 
19.638 -468.314 -70.898 
19.586 -468.205 -70.919 
19.537 -468.103 -70.939 
19.496 -468.016 -70.955 
19.454 -467.932 -70.972 
19.398 -467.819 -70.994 
19.370 -467.764 -71.005 
19.345 -467.712 -71.015 
19.308 -467.639 -71.029 
19.241 -467.508 -71.055 
19.203 -467.435 -71.070 
19.159 -467.352 -71.087 
19.095 -467.231 -71.111 
19.057 -467.160 -71.126 
19.013 -467.080 -71.142 
18.953 -466.969 -71.165 
18.900 -466.873 -71.184 
18.860 -466.801 -71.199 
18.798 -466.690 -71.222 
18.749 -466.602 -71.241 
18.697 -466.511 -71.260 
18.653 -466.436 -71.276 
18.595 -466.335 -71.298 
18.552 -466.261 -71.313 
18.497 -466.167 -71.334 
18.443 -466.076 -71.353 
18.389 -465.984 -71.373 
18.329 -465.885 -71.394 
18.262 -465.774 -71.418 
18.229 -465.718 -71.430 
18.188 -465.651 -71.445 
18.125 -465.549 -71.467 
18.070 -465.459 -71.486 
18.006 -465.355 -71.508 
17.973 -465.302 -71.520 
17.931 -465.233 -71.535 
17.870 -465.137 -71.555 
17.778 -464.992 -71.586 
17.731 -464.917 -71.602 
17.681 -464.838 -71.619 
17.623 -464.749 -71.638 
17.550 -464.637 -71.661 
17.502 -464.564 -71.677 
17.443 -464.473 -71.696 
17.377 -464.375 -71.717 
17.296 -464.254 -71.743 
17.247 -464.181 -71.759 
17.197 -464.106 -71.775 
17.139 -464.021 -71.793 
17.087 -463.945 -71.809 
17.038 -463.873 -71.824 
16.976 -463.783 -71.844 
16.911 -463.689 -71.864 
16.845 -463.594 -71.884 
16.779 -463.499 -71.905 
16.737 -463.441 -71.917 
16.666 -463.339 -71.939 
16.593 -463.236 -71.961 
16.536 -463.155 -71.978 
16.492 -463.094 -71.991 
16.431 -463.009 -72.009 
16.369 -462.922 -72.027 
16.318 -462.852 -72.042 
16.245 -462.750 -72.063 
16.200 -462.690 -72.076 
16.128 -462.591 -72.096 
16.066 -462.506 -72.114 
16.018 -462.441 -72.127 
15.963 -462.366 -72.143 
15.885 -462.261 -72.164 
15.809 -462.159 -72.186 
15.749 -462.079 -72.202 
15.693 -462.005 -72.217 
15.618 -461.907 -72.237 
15.523 -461.782 -72.262 
15.469 -461.711 -72.276 
15.426 -461.656 -72.288 
15.351 -461.559 -72.307 
15.269 -461.454 -72.328 
15.224 -461.397 -72.340 
15.188 -461.350 -72.349 
15.128 -461.273 -72.365 
15.068 -461.197 -72.380 
15.015 -461.131 -72.393 
14.974 -461.080 -72.403 
14.930 -461.024 -72.415 
14.862 -460.940 -72.431 
14.786 -460.845 -72.450 
14.676 -460.710 -72.477 
14.621 -460.642 -72.491 
14.554 -460.560 -72.507 
14.507 -460.503 -72.518 
14.434 -460.415 -72.536 
14.375 -460.343 -72.550 
14.326 -460.284 -72.561 
14.257 -460.201 -72.577 
14.212 -460.148 -72.587 
14.133 -460.053 -72.605 
14.074 -459.984 -72.618 
