24.700 -458.380 -70.112 
24.698 -458.243 -70.113 
24.696 -458.131 -70.114 
24.692 -457.999 -70.115 
24.687 -457.895 -70.117 
24.681 -457.770 -70.119 
24.673 -457.620 -70.123 
24.666 -457.515 -70.126 
24.660 -457.438 -70.128 
24.646 -457.270 -70.134 
24.636 -457.163 -70.138 
24.629 -457.094 -70.141 
24.620 -457.001 -70.145 
24.610 -456.916 -70.149 
24.591 -456.753 -70.158 
24.585 -456.703 -70.161 
24.566 -456.563 -70.169 
24.553 -456.469 -70.175 
24.534 -456.338 -70.184 
24.516 -456.224 -70.192 
24.495 -456.100 -70.201 
24.480 -456.015 -70.207 
24.462 -455.912 -70.215 
24.443 -455.814 -70.223 
24.424 -455.720 -70.231 
24.395 -455.578 -70.244 
24.379 -455.502 -70.251 
24.347 -455.359 -70.265 
24.315 -455.224 -70.279 
24.283 -455.091 -70.293 
24.258 -454.992 -70.304 
24.235 -454.906 -70.314 
24.210 -454.811 -70.325 
24.174 -454.678 -70.341 
24.154 -454.609 -70.350 
24.131 -454.529 -70.360 
24.097 -454.414 -70.375 
24.062 -454.299 -70.390 
24.022 -454.174 -70.407 
23.999 -454.102 -70.417 
23.975 -454.031 -70.428 
23.937 -453.915 -70.445 
23.910 -453.838 -70.456 
23.878 -453.746 -70.470 
23.838 -453.636 -70.488 
23.814 -453.570 -70.498 
23.788 -453.500 -70.510 
23.757 -453.419 -70.523 
23.728 -453.343 -70.536 
23.700 -453.273 -70.548 
23.668 -453.192 -70.561 
23.649 -453.143 -70.570 
23.617 -453.065 -70.583 
23.560 -452.928 -70.608 
23.516 -452.825 -70.627 
23.485 -452.755 -70.640 
23.424 -452.618 -70.666 
23.387 -452.536 -70.682 
23.334 -452.423 -70.704 
23.301 -452.353 -70.718 
23.254 -452.255 -70.738 
23.226 -452.195 -70.750 
23.191 -452.124 -70.765 
23.131 -452.003 -70.790 
23.078 -451.899 -70.812 
23.029 -451.803 -70.833 
22.986 -451.720 -70.851 
22.941 -451.635 -70.869 
22.874 -451.511 -70.897 
22.821 -451.415 -70.919 
22.769 -451.322 -70.940 
22.699 -451.200 -70.968 
22.661 -451.135 -70.984 
22.617 -451.059 -71.002 
22.548 -450.944 -71.030 
22.498 -450.862 -71.051 
22.470 -450.817 -71.062 
22.414 -450.727 -71.085 
22.382 -450.677 -71.098 
22.322 -450.582 -71.123 
22.248 -450.469 -71.154 
22.199 -450.395 -71.174 
22.139 -450.307 -71.198 
22.057 -450.186 -71.232 
21.996 -450.099 -71.257 
21.908 -449.976 -71.293 
21.863 -449.913 -71.312 
21.787 -449.810 -71.343 
21.710 -449.706 -71.374 
21.599 -449.560 -71.420 
21.548 -449.494 -71.441 
21.491 -449.421 -71.465 
21.424 -449.337 -71.492 
21.381 -449.283 -71.510 
21.317 -449.204 -71.536 
21.241 -449.112 -71.567 
21.173 -449.030 -71.596 
21.119 -448.966 -71.618 
21.060 -448.898 -71.642 
21.003 -448.832 -71.665 
20.931 -448.750 -71.694 
20.871 -448.683 -71.718 
20.803 -448.607 -71.746 
20.736 -448.533 -71.774 
20.660 -448.451 -71.805 
20.578 -448.363 -71.838 
20.551 -448.335 -71.849 
20.468 -448.247 -71.883 
20.398 -448.175 -71.911 
20.338 -448.115 -71.935 
20.279 -448.054 -71.960 
20.207 -447.983 -71.989 
20.143 -447.919 -72.015 
20.087 -447.864 -72.038 
20.038 -447.816 -72.057 
19.971 -447.751 -72.084 
19.885 -447.669 -72.119 
19.780 -447.570 -72.162 
19.693 -447.489 -72.197 
19.625 -447.427 -72.225 
19.569 -447.376 -72.248 
19.460 -447.279 -72.292 
19.373 -447.202 -72.327 
19.317 -447.153 -72.349 
19.235 -447.083 -72.382 
19.158 -447.017 -72.413 
19.069 -446.942 -72.449 
18.998 -446.883 -72.478 
18.919 -446.818 -72.509 
18.798 -446.719 -72.558 
18.710 -446.649 -72.593 
18.635 -446.590 -72.624 
18.540 -446.515 -72.662 
18.467 -446.459 -72.691 
18.401 -446.408 -72.717 
18.327 -446.352 -72.747 
18.223 -446.274 -72.789 
18.138 -446.211 -72.822 
18.040 -446.140 -72.862 
17.966 -446.087 -72.891 
17.899 -446.039 -72.918 
17.817 -445.981 -72.951 
17.749 -445.934 -72.978 
17.662 -445.874 -73.013 
17.598 -445.830 -73.039 
17.506 -445.768 -73.076 
17.436 -445.721 -73.104 
17.345 -445.661 -73.140 
17.279 -445.617 -73.167 
17.199 -445.565 -73.199 
17.116 -445.511 -73.232 
17.027 -445.454 -73.267 
16.953 -445.407 -73.297 
16.860 -445.349 -73.334 
16.773 -445.295 -73.369 
16.695 -445.247 -73.400 
16.635 -445.210 -73.424 
16.535 -445.149 -73.464 
16.455 -445.101 -73.496 
16.406 -445.071 -73.516 
16.322 -445.021 -73.549 
16.200 -444.950 -73.598 
16.143 -444.917 -73.620 
16.088 -444.885 -73.642 
15.989 -444.829 -73.682 
15.890 -444.774 -73.721 
15.805 -444.726 -73.755 
15.688 -444.661 -73.801 
15.632 -444.631 -73.823 
15.531 -444.576 -73.862 
15.458 -444.537 -73.891 
15.360 -444.484 -73.929 
15.266 -444.434 -73.966 
15.159 -444.378 -74.007 
15.074 -444.333 -74.040 
14.986 -444.288 -74.073 
14.890 -444.238 -74.110 
14.822 -444.204 -74.136 
14.744 -444.163 -74.165 
14.656 -444.119 -74.198 
14.590 -444.085 -74.224 
14.520 -444.050 -74.250 
14.420 -444.001 -74.287 
14.311 -443.946 -74.328 
14.212 -443.897 -74.364 
14.090 -443.838 -74.409 
