24.699 -458.314 -70.112 
24.696 -458.172 -70.113 
24.694 -458.077 -70.114 
24.687 -457.885 -70.116 
24.684 -457.821 -70.117 
24.678 -457.706 -70.120 
24.671 -457.600 -70.122 
24.663 -457.477 -70.125 
24.657 -457.398 -70.127 
24.652 -457.334 -70.129 
24.645 -457.254 -70.132 
24.633 -457.133 -70.137 
24.625 -457.051 -70.140 
24.613 -456.939 -70.145 
24.600 -456.828 -70.150 
24.588 -456.729 -70.156 
24.570 -456.594 -70.163 
24.559 -456.510 -70.168 
24.543 -456.405 -70.174 
24.525 -456.287 -70.182 
24.506 -456.168 -70.190 
24.486 -456.049 -70.199 
24.463 -455.924 -70.208 
24.437 -455.789 -70.219 
24.419 -455.697 -70.227 
24.399 -455.599 -70.236 
24.383 -455.524 -70.242 
24.362 -455.426 -70.251 
24.340 -455.329 -70.261 
24.322 -455.253 -70.268 
24.289 -455.113 -70.282 
24.266 -455.019 -70.292 
24.239 -454.911 -70.303 
24.213 -454.814 -70.314 
24.189 -454.722 -70.324 
24.162 -454.625 -70.335 
24.134 -454.524 -70.347 
24.119 -454.474 -70.353 
24.083 -454.351 -70.368 
24.048 -454.236 -70.382 
24.012 -454.120 -70.397 
23.979 -454.018 -70.410 
23.954 -453.942 -70.421 
23.924 -453.854 -70.433 
23.894 -453.767 -70.445 
23.858 -453.663 -70.460 
23.824 -453.568 -70.474 
23.793 -453.483 -70.487 
23.736 -453.333 -70.510 
23.708 -453.259 -70.522 
23.678 -453.184 -70.534 
23.635 -453.076 -70.552 
23.595 -452.978 -70.568 
23.561 -452.898 -70.582 
23.544 -452.856 -70.589 
23.500 -452.755 -70.607 
23.449 -452.639 -70.628 
23.399 -452.528 -70.648 
23.362 -452.447 -70.664 
23.318 -452.354 -70.682 
23.274 -452.263 -70.700 
23.224 -452.158 -70.721 
23.183 -452.075 -70.738 
23.136 -451.982 -70.757 
23.096 -451.905 -70.774 
23.052 -451.819 -70.792 
23.004 -451.728 -70.812 
22.955 -451.635 -70.832 
22.896 -451.526 -70.856 
22.867 -451.472 -70.868 
22.825 -451.398 -70.885 
22.771 -451.302 -70.907 
22.708 -451.192 -70.933 
22.648 -451.090 -70.958 
22.601 -451.011 -70.977 
22.560 -450.943 -70.994 
22.510 -450.863 -71.014 
22.438 -450.747 -71.043 
22.353 -450.614 -71.079 
22.298 -450.529 -71.102 
22.252 -450.460 -71.121 
22.202 -450.384 -71.142 
22.151 -450.308 -71.164 
22.073 -450.195 -71.197 
22.024 -450.125 -71.218 
21.964 -450.040 -71.243 
21.902 -449.954 -71.269 
21.861 -449.898 -71.286 
21.809 -449.827 -71.309 
21.738 -449.732 -71.338 
21.694 -449.674 -71.357 
21.652 -449.619 -71.374 
21.609 -449.562 -71.393 
21.554 -449.492 -71.416 
21.509 -449.435 -71.434 
21.474 -449.391 -71.449 
21.390 -449.287 -71.484 
21.310 -449.189 -71.518 
21.246 -449.111 -71.544 
21.174 -449.026 -71.574 
21.114 -448.955 -71.599 
21.060 -448.892 -71.621 
21.019 -448.844 -71.637 
20.948 -448.763 -71.666 
20.878 -448.683 -71.695 
20.814 -448.612 -71.720 
20.744 -448.534 -71.749 
20.682 -448.466 -71.773 
20.603 -448.379 -71.805 
20.530 -448.301 -71.834 
20.463 -448.229 -71.861 
20.382 -448.143 -71.893 
20.302 -448.060 -71.925 
20.201 -447.957 -71.964 
20.146 -447.902 -71.986 
20.073 -447.828 -72.015 
19.998 -447.754 -72.044 
19.926 -447.683 -72.072 
19.844 -447.603 -72.104 
19.791 -447.553 -72.124 
19.727 -447.492 -72.149 
19.694 -447.460 -72.162 
19.646 -447.415 -72.181 
19.548 -447.324 -72.218 
19.484 -447.266 -72.243 
19.420 -447.207 -72.268 
19.341 -447.136 -72.298 
19.219 -447.028 -72.345 
19.155 -446.973 -72.370 
19.050 -446.882 -72.411 
18.966 -446.810 -72.443 
18.871 -446.731 -72.480 
18.801 -446.673 -72.507 
18.684 -446.576 -72.552 
18.613 -446.518 -72.579 
18.527 -446.448 -72.612 
18.453 -446.389 -72.641 
18.351 -446.309 -72.680 
18.258 -446.237 -72.715 
18.208 -446.198 -72.734 
18.129 -446.138 -72.764 
18.032 -446.065 -72.801 
17.968 -446.017 -72.826 
17.881 -445.953 -72.859 
17.811 -445.901 -72.886 
17.727 -445.841 -72.918 
17.667 -445.798 -72.942 
17.603 -445.753 -72.966 
17.519 -445.693 -72.998 
17.432 -445.632 -73.032 
17.360 -445.582 -73.059 
17.272 -445.522 -73.093 
17.178 -445.458 -73.128 
17.103 -445.408 -73.156 
17.043 -445.368 -73.179 
16.962 -445.315 -73.210 
16.903 -445.276 -73.232 
16.837 -445.234 -73.256 
16.799 -445.209 -73.271 
16.742 -445.173 -73.292 
16.650 -445.114 -73.326 
16.556 -445.054 -73.362 
16.473 -445.002 -73.393 
16.352 -444.927 -73.438 
16.249 -444.864 -73.476 
16.173 -444.818 -73.505 
16.098 -444.772 -73.533 
15.979 -444.701 -73.578 
15.893 -444.650 -73.610 
15.795 -444.592 -73.647 
15.717 -444.547 -73.676 
15.658 -444.512 -73.698 
15.588 -444.472 -73.724 
15.498 -444.420 -73.757 
15.425 -444.379 -73.784 
15.315 -444.316 -73.825 
15.178 -444.239 -73.875 
15.085 -444.187 -73.909 
14.996 -444.138 -73.941 
14.895 -444.083 -73.977 
14.816 -444.040 -74.006 
14.759 -444.009 -74.026 
14.668 -443.960 -74.058 
14.604 -443.925 -74.081 
14.520 -443.880 -74.111 
14.422 -443.827 -74.145 
14.362 -443.796 -74.166 
14.272 -443.748 -74.198 
14.203 -443.712 -74.221 
14.111 -443.664 -74.253 
