24.699 -458.357 -70.112 
24.698 -458.272 -70.112 
24.696 -458.164 -70.113 
24.693 -458.071 -70.114 
24.690 -457.979 -70.115 
24.686 -457.884 -70.116 
24.682 -457.807 -70.118 
24.675 -457.673 -70.121 
24.669 -457.573 -70.123 
24.664 -457.514 -70.125 
24.656 -457.401 -70.129 
24.649 -457.316 -70.132 
24.636 -457.176 -70.137 
24.626 -457.079 -70.141 
24.616 -456.987 -70.145 
24.602 -456.863 -70.151 
24.592 -456.784 -70.155 
24.578 -456.672 -70.161 
24.563 -456.560 -70.168 
24.545 -456.438 -70.175 
24.531 -456.351 -70.180 
24.520 -456.280 -70.185 
24.497 -456.143 -70.194 
24.470 -455.988 -70.206 
24.445 -455.855 -70.216 
24.418 -455.717 -70.228 
24.393 -455.597 -70.238 
24.377 -455.521 -70.245 
24.345 -455.379 -70.258 
24.321 -455.275 -70.268 
24.295 -455.167 -70.278 
24.260 -455.026 -70.293 
24.221 -454.876 -70.309 
24.192 -454.767 -70.320 
24.162 -454.662 -70.332 
24.127 -454.541 -70.346 
24.109 -454.479 -70.353 
24.083 -454.393 -70.364 
24.050 -454.284 -70.377 
24.023 -454.200 -70.388 
23.996 -454.115 -70.399 
23.957 -453.998 -70.415 
23.923 -453.898 -70.429 
23.899 -453.830 -70.439 
23.865 -453.732 -70.453 
23.823 -453.616 -70.470 
23.780 -453.501 -70.488 
23.751 -453.425 -70.500 
23.707 -453.313 -70.519 
23.655 -453.183 -70.540 
23.597 -453.044 -70.564 
23.562 -452.962 -70.579 
23.524 -452.875 -70.594 
23.490 -452.797 -70.608 
23.452 -452.712 -70.624 
23.396 -452.592 -70.647 
23.351 -452.496 -70.665 
23.311 -452.413 -70.681 
23.269 -452.327 -70.698 
23.214 -452.215 -70.721 
23.165 -452.120 -70.741 
23.115 -452.023 -70.761 
23.065 -451.928 -70.781 
23.039 -451.879 -70.792 
22.994 -451.797 -70.810 
22.950 -451.715 -70.828 
22.892 -451.613 -70.850 
22.835 -451.511 -70.873 
22.777 -451.411 -70.896 
22.720 -451.314 -70.919 
22.674 -451.238 -70.937 
22.634 -451.172 -70.953 
22.590 -451.100 -70.970 
22.532 -451.006 -70.993 
22.476 -450.916 -71.016 
22.449 -450.875 -71.027 
22.411 -450.815 -71.042 
22.356 -450.731 -71.064 
22.302 -450.650 -71.085 
22.239 -450.554 -71.110 
22.210 -450.512 -71.122 
22.159 -450.438 -71.142 
22.118 -450.378 -71.158 
22.065 -450.302 -71.179 
22.012 -450.228 -71.200 
21.968 -450.165 -71.218 
21.914 -450.091 -71.240 
21.853 -450.008 -71.264 
21.794 -449.928 -71.287 
21.724 -449.835 -71.315 
21.647 -449.735 -71.346 
21.592 -449.664 -71.368 
21.525 -449.579 -71.395 
21.464 -449.502 -71.419 
21.408 -449.434 -71.441 
21.355 -449.368 -71.462 
21.309 -449.312 -71.481 
21.221 -449.206 -71.516 
21.148 -449.119 -71.545 
21.085 -449.044 -71.571 
21.014 -448.963 -71.599 
20.968 -448.909 -71.618 
20.896 -448.828 -71.647 
20.814 -448.736 -71.680 
20.748 -448.663 -71.707 
20.678 -448.587 -71.735 
20.623 -448.527 -71.757 
20.565 -448.466 -71.781 
20.460 -448.355 -71.823 
20.396 -448.289 -71.849 
20.323 -448.214 -71.879 
20.250 -448.140 -71.908 
20.173 -448.063 -71.939 
20.102 -447.993 -71.968 
20.000 -447.894 -72.009 
19.907 -447.805 -72.046 
19.834 -447.736 -72.075 
19.779 -447.685 -72.098 
19.695 -447.607 -72.132 
19.616 -447.536 -72.164 
19.554 -447.480 -72.189 
19.498 -447.430 -72.211 
19.434 -447.372 -72.237 
19.382 -447.327 -72.258 
19.308 -447.263 -72.288 
19.221 -447.187 -72.323 
19.151 -447.128 -72.351 
19.068 -447.057 -72.385 
18.984 -446.987 -72.419 
18.917 -446.933 -72.445 
18.838 -446.868 -72.477 
18.733 -446.784 -72.519 
18.647 -446.715 -72.553 
18.547 -446.637 -72.593 
18.481 -446.585 -72.619 
18.402 -446.524 -72.651 
18.342 -446.479 -72.675 
18.284 -446.435 -72.698 
18.193 -446.367 -72.734 
18.102 -446.301 -72.770 
18.016 -446.238 -72.804 
17.944 -446.186 -72.832 
17.871 -446.134 -72.861 
17.798 -446.082 -72.890 
17.766 -446.060 -72.903 
17.701 -446.016 -72.928 
17.591 -445.940 -72.971 
17.510 -445.886 -73.003 
17.418 -445.824 -73.038 
17.390 -445.805 -73.049 
17.277 -445.731 -73.093 
17.216 -445.692 -73.116 
17.173 -445.663 -73.133 
17.080 -445.604 -73.168 
17.014 -445.561 -73.194 
16.954 -445.524 -73.216 
16.864 -445.467 -73.251 
16.789 -445.421 -73.279 
16.680 -445.354 -73.321 
16.606 -445.309 -73.349 
16.533 -445.264 -73.377 
16.463 -445.223 -73.403 
16.386 -445.177 -73.432 
16.263 -445.104 -73.479 
16.156 -445.042 -73.519 
16.068 -444.992 -73.552 
15.965 -444.933 -73.591 
15.869 -444.880 -73.627 
15.781 -444.831 -73.661 
15.716 -444.794 -73.685 
15.620 -444.742 -73.721 
15.547 -444.702 -73.748 
15.450 -444.649 -73.784 
15.359 -444.601 -73.818 
15.311 -444.576 -73.836 
15.228 -444.531 -73.867 
15.171 -444.501 -73.889 
15.102 -444.465 -73.914 
15.027 -444.426 -73.942 
14.970 -444.396 -73.963 
14.864 -444.342 -74.002 
14.747 -444.282 -74.045 
14.637 -444.226 -74.085 
14.545 -444.179 -74.119 
14.444 -444.128 -74.156 
14.343 -444.077 -74.193 
14.262 -444.036 -74.222 
14.176 -443.993 -74.253 
14.103 -443.957 -74.279 
