21.500 -475.879 -70.112 
21.498 -475.761 -70.113 
21.497 -475.671 -70.113 
21.492 -475.512 -70.115 
21.489 -475.412 -70.117 
21.484 -475.306 -70.119 
21.481 -475.234 -70.120 
21.476 -475.141 -70.123 
21.470 -475.052 -70.125 
21.461 -474.914 -70.129 
21.453 -474.806 -70.132 
21.446 -474.721 -70.135 
21.435 -474.598 -70.140 
21.424 -474.489 -70.144 
21.410 -474.361 -70.150 
21.400 -474.272 -70.154 
21.387 -474.164 -70.160 
21.371 -474.037 -70.166 
21.358 -473.941 -70.172 
21.341 -473.823 -70.178 
21.332 -473.764 -70.182 
21.320 -473.682 -70.186 
21.292 -473.510 -70.197 
21.274 -473.402 -70.205 
21.259 -473.318 -70.211 
21.238 -473.204 -70.219 
21.216 -473.086 -70.228 
21.192 -472.965 -70.238 
21.173 -472.872 -70.245 
21.155 -472.786 -70.253 
21.135 -472.692 -70.261 
21.110 -472.580 -70.270 
21.091 -472.496 -70.278 
21.071 -472.412 -70.286 
21.031 -472.245 -70.302 
21.005 -472.139 -70.313 
20.982 -472.049 -70.322 
20.962 -471.975 -70.330 
20.936 -471.876 -70.341 
20.911 -471.784 -70.351 
20.898 -471.737 -70.357 
20.878 -471.664 -70.365 
20.854 -471.580 -70.375 
20.830 -471.497 -70.385 
20.800 -471.396 -70.397 
20.758 -471.257 -70.414 
20.727 -471.154 -70.427 
20.707 -471.091 -70.435 
20.670 -470.977 -70.450 
20.637 -470.875 -70.464 
20.607 -470.785 -70.476 
20.567 -470.668 -70.492 
20.544 -470.598 -70.502 
20.517 -470.522 -70.512 
20.490 -470.446 -70.523 
20.463 -470.371 -70.534 
20.429 -470.276 -70.548 
20.395 -470.184 -70.562 
20.341 -470.040 -70.584 
20.308 -469.953 -70.598 
20.275 -469.868 -70.611 
20.240 -469.780 -70.625 
20.215 -469.717 -70.635 
20.182 -469.634 -70.648 
20.138 -469.526 -70.665 
20.099 -469.432 -70.681 
20.061 -469.340 -70.696 
20.020 -469.243 -70.712 
19.975 -469.139 -70.730 
19.936 -469.050 -70.745 
19.904 -468.976 -70.757 
19.857 -468.872 -70.775 
19.808 -468.764 -70.794 
19.757 -468.654 -70.813 
19.715 -468.563 -70.829 
19.651 -468.429 -70.853 
19.617 -468.357 -70.866 
19.589 -468.299 -70.877 
19.552 -468.223 -70.891 
19.504 -468.125 -70.909 
19.467 -468.050 -70.923 
19.423 -467.964 -70.939 
19.373 -467.865 -70.957 
19.314 -467.749 -70.979 
19.265 -467.656 -70.997 
19.219 -467.567 -71.013 
19.162 -467.458 -71.034 
19.133 -467.405 -71.044 
19.094 -467.331 -71.059 
19.043 -467.238 -71.077 
18.993 -467.146 -71.095 
18.953 -467.073 -71.110 
18.898 -466.975 -71.130 
18.831 -466.856 -71.154 
18.785 -466.774 -71.170 
18.736 -466.689 -71.188 
18.679 -466.592 -71.208 
18.646 -466.534 -71.219 
18.603 -466.462 -71.234 
18.559 -466.387 -71.249 
18.505 -466.297 -71.268 
18.454 -466.213 -71.285 
18.384 -466.100 -71.309 
18.331 -466.013 -71.327 
18.281 -465.931 -71.344 
18.245 -465.874 -71.357 
18.187 -465.781 -71.376 
18.127 -465.687 -71.397 
18.082 -465.615 -71.412 
18.033 -465.539 -71.428 
17.979 -465.454 -71.447 
17.923 -465.368 -71.465 
17.834 -465.231 -71.494 
17.771 -465.135 -71.515 
17.710 -465.043 -71.535 
17.653 -464.956 -71.553 
17.587 -464.859 -71.574 
17.539 -464.788 -71.590 
17.503 -464.734 -71.601 
17.467 -464.681 -71.613 
17.416 -464.606 -71.629 
17.355 -464.515 -71.648 
17.295 -464.427 -71.668 
17.241 -464.349 -71.685 
17.188 -464.272 -71.701 
17.108 -464.156 -71.727 
17.043 -464.063 -71.747 
16.991 -463.989 -71.763 
16.924 -463.894 -71.784 
16.858 -463.801 -71.804 
16.790 -463.705 -71.825 
16.749 -463.647 -71.838 
16.700 -463.580 -71.852 
16.655 -463.518 -71.866 
16.602 -463.445 -71.882 
16.553 -463.377 -71.897 
16.477 -463.273 -71.919 
16.452 -463.239 -71.927 
16.385 -463.147 -71.947 
16.308 -463.043 -71.969 
16.241 -462.953 -71.989 
16.184 -462.877 -72.005 
16.118 -462.789 -72.024 
16.043 -462.689 -72.046 
15.976 -462.600 -72.066 
15.914 -462.519 -72.083 
15.863 -462.452 -72.098 
15.761 -462.319 -72.127 
15.709 -462.253 -72.142 
15.641 -462.165 -72.161 
15.566 -462.069 -72.182 
15.510 -461.998 -72.197 
15.468 -461.944 -72.209 
15.410 -461.871 -72.225 
15.360 -461.808 -72.238 
15.297 -461.729 -72.255 
15.213 -461.624 -72.278 
15.142 -461.535 -72.297 
15.069 -461.444 -72.317 
14.988 -461.344 -72.338 
14.896 -461.232 -72.362 
14.824 -461.144 -72.381 
14.773 -461.083 -72.394 
14.731 -461.033 -72.405 
14.676 -460.967 -72.419 
14.611 -460.889 -72.436 
14.550 -460.817 -72.451 
14.491 -460.748 -72.466 
14.442 -460.689 -72.479 
14.387 -460.625 -72.492 
14.309 -460.534 -72.512 
14.227 -460.437 -72.533 
14.174 -460.376 -72.546 
14.088 -460.276 -72.567 
