26.387 -423.570 -82.407 
26.374 -423.449 -82.413 
26.355 -423.290 -82.422 
26.341 -423.178 -82.429 
26.328 -423.085 -82.435 
26.318 -423.011 -82.440 
26.302 -422.900 -82.447 
26.283 -422.778 -82.456 
26.261 -422.642 -82.466 
26.244 -422.538 -82.474 
26.227 -422.441 -82.482 
26.206 -422.326 -82.491 
26.187 -422.226 -82.500 
26.165 -422.119 -82.510 
26.144 -422.016 -82.519 
26.115 -421.878 -82.533 
26.091 -421.775 -82.543 
26.057 -421.625 -82.559 
26.030 -421.517 -82.570 
26.000 -421.395 -82.584 
25.981 -421.322 -82.592 
25.957 -421.230 -82.603 
25.934 -421.147 -82.612 
25.909 -421.057 -82.623 
25.880 -420.953 -82.636 
25.847 -420.840 -82.650 
25.813 -420.728 -82.665 
25.789 -420.650 -82.676 
25.750 -420.523 -82.693 
25.722 -420.436 -82.705 
25.690 -420.336 -82.719 
25.667 -420.267 -82.729 
25.633 -420.165 -82.744 
25.609 -420.092 -82.754 
25.587 -420.026 -82.764 
25.546 -419.909 -82.781 
25.509 -419.804 -82.797 
25.467 -419.686 -82.815 
25.442 -419.618 -82.825 
25.408 -419.527 -82.840 
25.385 -419.466 -82.850 
25.356 -419.392 -82.861 
25.322 -419.302 -82.876 
25.262 -419.149 -82.901 
25.231 -419.073 -82.914 
25.183 -418.955 -82.934 
25.149 -418.874 -82.948 
25.104 -418.764 -82.967 
25.062 -418.666 -82.984 
25.030 -418.592 -82.997 
24.990 -418.500 -83.014 
24.947 -418.404 -83.031 
24.907 -418.315 -83.048 
24.861 -418.216 -83.067 
24.819 -418.126 -83.084 
24.783 -418.050 -83.099 
24.731 -417.944 -83.120 
24.674 -417.827 -83.144 
24.626 -417.733 -83.163 
24.587 -417.658 -83.179 
24.547 -417.580 -83.196 
24.521 -417.531 -83.207 
24.488 -417.469 -83.221 
24.447 -417.393 -83.238 
24.405 -417.316 -83.255 
24.355 -417.224 -83.276 
24.299 -417.125 -83.299 
24.244 -417.027 -83.321 
24.205 -416.959 -83.337 
24.140 -416.847 -83.364 
24.090 -416.762 -83.385 
24.028 -416.659 -83.410 
23.974 -416.571 -83.433 
23.927 -416.495 -83.452 
23.874 -416.412 -83.474 
23.814 -416.319 -83.499 
23.768 -416.248 -83.518 
23.719 -416.174 -83.538 
23.648 -416.069 -83.568 
23.569 -415.954 -83.601 
23.524 -415.889 -83.620 
23.458 -415.796 -83.647 
23.391 -415.704 -83.675 
23.326 -415.617 -83.702 
23.261 -415.531 -83.729 
23.158 -415.397 -83.772 
23.120 -415.349 -83.787 
23.088 -415.309 -83.801 
23.022 -415.227 -83.828 
22.957 -415.148 -83.855 
22.881 -415.056 -83.887 
22.833 -415.000 -83.907 
22.757 -414.912 -83.939 
22.699 -414.846 -83.964 
22.629 -414.767 -83.994 
22.508 -414.636 -84.044 
22.439 -414.562 -84.073 
22.364 -414.483 -84.105 
22.305 -414.422 -84.130 
22.232 -414.348 -84.160 
22.147 -414.263 -84.196 
22.076 -414.194 -84.226 
21.999 -414.119 -84.258 
21.953 -414.076 -84.277 
21.870 -413.998 -84.312 
21.811 -413.944 -84.336 
21.737 -413.877 -84.367 
21.662 -413.811 -84.399 
21.569 -413.730 -84.438 
21.507 -413.677 -84.464 
21.440 -413.620 -84.492 
21.365 -413.558 -84.524 
21.305 -413.509 -84.548 
21.216 -413.438 -84.586 
21.152 -413.387 -84.612 
21.091 -413.340 -84.638 
21.020 -413.286 -84.668 
20.942 -413.227 -84.701 
20.877 -413.179 -84.728 
20.789 -413.115 -84.765 
20.672 -413.032 -84.814 
20.608 -412.987 -84.840 
20.517 -412.925 -84.879 
20.453 -412.882 -84.906 
20.400 -412.846 -84.928 
20.312 -412.789 -84.965 
20.224 -412.733 -85.002 
20.148 -412.685 -85.034 
20.095 -412.652 -85.056 
20.029 -412.612 -85.084 
19.912 -412.542 -85.133 
19.845 -412.503 -85.160 
19.763 -412.456 -85.195 
19.695 -412.418 -85.223 
19.603 -412.367 -85.262 
19.511 -412.317 -85.301 
19.423 -412.271 -85.337 
19.318 -412.216 -85.381 
19.232 -412.173 -85.417 
19.150 -412.132 -85.452 
19.029 -412.073 -85.502 
18.929 -412.026 -85.544 
18.865 -411.997 -85.571 
18.742 -411.941 -85.623 
18.685 -411.916 -85.647 
18.603 -411.881 -85.681 
18.525 -411.848 -85.715 
18.446 -411.815 -85.748 
18.360 -411.780 -85.784 
18.284 -411.749 -85.817 
18.201 -411.717 -85.852 
18.092 -411.675 -85.898 
18.001 -411.642 -85.937 
17.926 -411.615 -85.969 
17.829 -411.580 -86.010 
17.740 -411.550 -86.048 
17.646 -411.519 -86.088 
17.576 -411.496 -86.118 
17.502 -411.472 -86.150 
17.423 -411.448 -86.183 
17.326 -411.418 -86.225 
17.263 -411.400 -86.251 
17.168 -411.372 -86.292 
17.050 -411.338 -86.342 
16.948 -411.311 -86.385 
16.868 -411.289 -86.419 
16.781 -411.267 -86.456 
16.690 -411.244 -86.494 
16.566 -411.214 -86.547 
16.479 -411.194 -86.583 
16.368 -411.170 -86.630 
16.270 -411.149 -86.672 
16.194 -411.133 -86.704 
16.085 -411.112 -86.749 
15.971 -411.091 -86.797 
15.896 -411.078 -86.829 
15.812 -411.063 -86.864 
15.739 -411.051 -86.895 
15.624 -411.033 -86.944 
15.526 -411.018 -86.985 
15.461 -411.009 -87.012 
15.379 -410.998 -87.047 
15.295 -410.988 -87.082 
15.194 -410.976 -87.125 
15.086 -410.964 -87.170 
15.001 -410.956 -87.206 
14.853 -410.942 -87.268 
14.766 -410.935 -87.304 
14.650 -410.927 -87.353 
14.563 -410.922 -87.389 
14.498 -410.918 -87.417 
14.430 -410.915 -87.445 
14.299 -410.910 -87.500 
14.223 -410.908 -87.532 
14.087 -410.905 -87.589 
14.012 -410.905 -87.620 
13.940 -410.905 -87.650 
13.803 -410.905 -87.707 
13.680 -410.907 -87.758 
13.599 -410.909 -87.792 
13.508 -410.912 -87.830 
13.402 -410.916 -87.874 
13.316 -410.920 -87.910 
13.200 -410.925 -87.958 
13.114 -410.930 -87.994 
13.000 -410.937 -88.041 
12.939 -410.941 -88.066 
12.831 -410.948 -88.111 
12.746 -410.954 -88.145 
12.653 -410.961 -88.183 
12.547 -410.970 -88.226 
12.456 -410.978 -88.263 
12.364 -410.986 -88.300 
12.252 -410.997 -88.345 
12.108 -411.012 -88.404 
11.991 -411.024 -88.451 
11.892 -411.035 -88.491 
11.791 -411.047 -88.532 
11.704 -411.057 -88.567 
11.609 -411.069 -88.604 
11.467 -411.087 -88.662 
