21.500 -475.905 -70.112 
21.499 -475.810 -70.113 
21.497 -475.681 -70.114 
21.493 -475.546 -70.116 
21.489 -475.417 -70.119 
21.485 -475.327 -70.121 
21.479 -475.205 -70.125 
21.473 -475.099 -70.128 
21.467 -475.000 -70.132 
21.460 -474.899 -70.136 
21.454 -474.821 -70.139 
21.446 -474.721 -70.144 
21.433 -474.574 -70.151 
21.418 -474.425 -70.159 
21.410 -474.351 -70.163 
21.401 -474.279 -70.167 
21.393 -474.207 -70.172 
21.379 -474.090 -70.179 
21.366 -473.994 -70.186 
21.349 -473.872 -70.194 
21.337 -473.790 -70.200 
21.323 -473.692 -70.207 
21.304 -473.574 -70.216 
21.296 -473.523 -70.220 
21.276 -473.399 -70.230 
21.256 -473.285 -70.239 
21.235 -473.171 -70.249 
21.221 -473.094 -70.256 
21.208 -473.024 -70.263 
21.189 -472.925 -70.272 
21.165 -472.809 -70.284 
21.148 -472.728 -70.292 
21.134 -472.662 -70.299 
21.111 -472.556 -70.310 
21.088 -472.454 -70.321 
21.062 -472.343 -70.334 
21.039 -472.248 -70.344 
21.009 -472.123 -70.359 
20.977 -471.999 -70.374 
20.958 -471.928 -70.382 
20.930 -471.824 -70.395 
20.903 -471.725 -70.408 
20.851 -471.541 -70.432 
20.817 -471.427 -70.447 
20.796 -471.357 -70.457 
20.761 -471.244 -70.472 
20.731 -471.147 -70.486 
20.694 -471.033 -70.502 
20.651 -470.901 -70.521 
20.614 -470.792 -70.538 
20.561 -470.639 -70.561 
20.534 -470.562 -70.573 
20.487 -470.431 -70.593 
20.459 -470.354 -70.605 
20.422 -470.254 -70.621 
20.377 -470.134 -70.641 
20.327 -470.003 -70.662 
20.291 -469.912 -70.677 
20.264 -469.844 -70.688 
20.220 -469.735 -70.707 
20.169 -469.609 -70.729 
20.120 -469.491 -70.750 
20.066 -469.366 -70.772 
20.027 -469.275 -70.788 
19.962 -469.129 -70.815 
19.908 -469.008 -70.837 
19.862 -468.909 -70.855 
19.813 -468.802 -70.875 
19.756 -468.680 -70.898 
19.717 -468.599 -70.914 
19.670 -468.500 -70.933 
19.636 -468.430 -70.946 
19.586 -468.328 -70.966 
19.549 -468.254 -70.981 
19.509 -468.172 -70.997 
19.457 -468.070 -71.017 
19.425 -468.007 -71.030 
19.365 -467.891 -71.053 
19.332 -467.827 -71.066 
19.260 -467.692 -71.094 
19.219 -467.616 -71.110 
19.180 -467.543 -71.126 
19.128 -467.448 -71.147 
19.082 -467.365 -71.165 
19.026 -467.265 -71.187 
18.959 -467.146 -71.213 
18.920 -467.078 -71.228 
18.895 -467.034 -71.238 
18.845 -466.946 -71.257 
18.776 -466.828 -71.284 
18.737 -466.762 -71.300 
18.700 -466.699 -71.314 
18.647 -466.610 -71.335 
18.610 -466.549 -71.349 
18.542 -466.435 -71.375 
18.460 -466.300 -71.406 
18.404 -466.209 -71.428 
18.369 -466.152 -71.441 
18.299 -466.039 -71.468 
18.248 -465.957 -71.487 
18.172 -465.835 -71.515 
18.109 -465.736 -71.538 
18.051 -465.646 -71.559 
17.972 -465.524 -71.588 
17.934 -465.464 -71.602 
17.888 -465.394 -71.619 
17.821 -465.292 -71.643 
17.779 -465.229 -71.657 
17.733 -465.160 -71.674 
17.673 -465.070 -71.695 
17.612 -464.978 -71.717 
17.554 -464.891 -71.737 
17.504 -464.816 -71.754 
17.465 -464.759 -71.768 
17.425 -464.701 -71.781 
17.368 -464.616 -71.801 
17.306 -464.526 -71.822 
17.265 -464.466 -71.837 
17.217 -464.397 -71.853 
17.156 -464.310 -71.874 
17.106 -464.238 -71.891 
17.040 -464.145 -71.913 
16.986 -464.069 -71.931 
16.898 -463.945 -71.960 
16.817 -463.833 -71.987 
16.760 -463.754 -72.006 
16.720 -463.699 -72.019 
16.641 -463.591 -72.045 
16.565 -463.488 -72.069 
16.485 -463.380 -72.095 
16.428 -463.303 -72.113 
16.367 -463.221 -72.133 
16.316 -463.153 -72.149 
16.283 -463.109 -72.160 
16.202 -463.002 -72.185 
16.139 -462.918 -72.205 
16.088 -462.852 -72.221 
16.048 -462.798 -72.233 
16.008 -462.747 -72.246 
15.961 -462.686 -72.260 
15.901 -462.608 -72.279 
15.846 -462.538 -72.295 
15.795 -462.472 -72.311 
15.711 -462.365 -72.336 
15.647 -462.283 -72.355 
15.583 -462.203 -72.374 
15.492 -462.088 -72.401 
15.408 -461.984 -72.426 
15.344 -461.903 -72.445 
15.290 -461.837 -72.460 
15.226 -461.757 -72.479 
15.146 -461.658 -72.501 
15.072 -461.567 -72.522 
15.031 -461.518 -72.534 
14.958 -461.430 -72.554 
14.880 -461.335 -72.576 
14.830 -461.275 -72.590 
14.743 -461.171 -72.614 
14.677 -461.093 -72.632 
14.581 -460.979 -72.658 
14.486 -460.866 -72.684 
14.430 -460.802 -72.698 
14.364 -460.724 -72.716 
14.282 -460.630 -72.738 
14.242 -460.583 -72.749 
14.180 -460.512 -72.765 
14.130 -460.456 -72.778 
