24.700 -458.393 -70.112 
24.699 -458.300 -70.112 
24.696 -458.153 -70.113 
24.693 -458.051 -70.115 
24.690 -457.979 -70.116 
24.688 -457.912 -70.117 
24.681 -457.770 -70.119 
24.674 -457.643 -70.123 
24.668 -457.551 -70.125 
24.659 -457.427 -70.129 
24.648 -457.282 -70.135 
24.634 -457.129 -70.141 
24.623 -457.023 -70.146 
24.616 -456.957 -70.149 
24.607 -456.877 -70.153 
24.595 -456.774 -70.159 
24.576 -456.622 -70.168 
24.566 -456.554 -70.172 
24.547 -456.418 -70.181 
24.528 -456.293 -70.189 
24.507 -456.165 -70.199 
24.490 -456.070 -70.206 
24.472 -455.965 -70.214 
24.456 -455.880 -70.221 
24.438 -455.787 -70.229 
24.414 -455.665 -70.239 
24.386 -455.532 -70.251 
24.359 -455.407 -70.263 
24.338 -455.318 -70.272 
24.314 -455.211 -70.283 
24.288 -455.107 -70.294 
24.257 -454.980 -70.307 
24.233 -454.887 -70.318 
24.212 -454.806 -70.327 
24.178 -454.679 -70.342 
24.150 -454.582 -70.354 
24.136 -454.531 -70.360 
24.115 -454.457 -70.370 
24.091 -454.376 -70.380 
24.056 -454.259 -70.395 
24.032 -454.184 -70.405 
24.018 -454.139 -70.411 
23.980 -454.020 -70.428 
23.951 -453.931 -70.441 
23.920 -453.839 -70.454 
23.879 -453.719 -70.472 
23.849 -453.636 -70.485 
23.812 -453.531 -70.502 
23.787 -453.463 -70.513 
23.755 -453.378 -70.527 
23.723 -453.295 -70.540 
23.688 -453.204 -70.555 
23.642 -453.087 -70.575 
23.607 -452.999 -70.590 
23.568 -452.904 -70.607 
23.523 -452.797 -70.626 
23.475 -452.687 -70.647 
23.447 -452.621 -70.659 
23.398 -452.513 -70.680 
23.365 -452.439 -70.694 
23.329 -452.362 -70.709 
23.279 -452.256 -70.731 
23.240 -452.174 -70.747 
23.198 -452.088 -70.766 
23.161 -452.012 -70.782 
23.110 -451.910 -70.804 
23.060 -451.812 -70.825 
23.022 -451.739 -70.841 
22.989 -451.677 -70.855 
22.956 -451.614 -70.870 
22.910 -451.527 -70.889 
22.859 -451.433 -70.911 
22.805 -451.335 -70.934 
22.749 -451.235 -70.957 
22.702 -451.151 -70.977 
22.648 -451.058 -71.000 
22.608 -450.989 -71.017 
22.548 -450.888 -71.042 
22.506 -450.818 -71.059 
22.455 -450.734 -71.081 
22.404 -450.651 -71.102 
22.356 -450.574 -71.122 
22.270 -450.438 -71.159 
22.214 -450.352 -71.182 
22.174 -450.291 -71.199 
22.122 -450.213 -71.220 
22.073 -450.141 -71.241 
22.007 -450.044 -71.269 
21.933 -449.939 -71.299 
21.880 -449.864 -71.322 
21.829 -449.793 -71.342 
21.760 -449.698 -71.371 
21.716 -449.639 -71.389 
21.639 -449.536 -71.420 
21.587 -449.467 -71.442 
21.517 -449.376 -71.470 
21.480 -449.328 -71.486 
21.432 -449.268 -71.505 
21.383 -449.206 -71.525 
21.341 -449.154 -71.542 
21.278 -449.076 -71.568 
21.225 -449.010 -71.590 
21.146 -448.914 -71.622 
21.072 -448.826 -71.651 
20.988 -448.726 -71.685 
20.904 -448.628 -71.719 
20.823 -448.536 -71.752 
20.759 -448.463 -71.778 
20.663 -448.355 -71.817 
20.611 -448.299 -71.838 
20.555 -448.237 -71.861 
20.499 -448.177 -71.883 
20.416 -448.088 -71.917 
20.353 -448.021 -71.943 
20.286 -447.951 -71.970 
20.236 -447.899 -71.990 
20.150 -447.811 -72.025 
20.064 -447.723 -72.061 
19.999 -447.658 -72.087 
19.926 -447.586 -72.117 
19.853 -447.515 -72.146 
19.797 -447.460 -72.169 
19.716 -447.383 -72.202 
19.642 -447.313 -72.232 
19.569 -447.246 -72.261 
19.511 -447.192 -72.284 
19.455 -447.141 -72.307 
19.391 -447.083 -72.332 
19.308 -447.009 -72.366 
19.229 -446.938 -72.398 
19.118 -446.842 -72.441 
19.028 -446.764 -72.477 
18.947 -446.695 -72.509 
18.880 -446.639 -72.535 
18.782 -446.557 -72.574 
18.717 -446.503 -72.600 
18.622 -446.426 -72.637 
18.557 -446.374 -72.663 
18.481 -446.314 -72.693 
18.428 -446.272 -72.714 
18.359 -446.218 -72.741 
18.252 -446.135 -72.783 
18.190 -446.088 -72.807 
18.105 -446.024 -72.840 
18.058 -445.989 -72.858 
17.965 -445.920 -72.895 
17.878 -445.856 -72.929 
17.782 -445.786 -72.966 
17.668 -445.705 -73.010 
17.597 -445.655 -73.038 
17.534 -445.611 -73.062 
17.461 -445.560 -73.091 
17.389 -445.510 -73.119 
17.254 -445.419 -73.171 
17.188 -445.374 -73.196 
17.086 -445.307 -73.236 
16.979 -445.237 -73.277 
16.915 -445.195 -73.301 
16.850 -445.153 -73.326 
16.753 -445.090 -73.364 
16.665 -445.034 -73.398 
16.577 -444.979 -73.431 
16.509 -444.936 -73.458 
16.439 -444.892 -73.484 
16.384 -444.858 -73.505 
16.324 -444.822 -73.528 
16.206 -444.750 -73.573 
16.114 -444.695 -73.608 
16.045 -444.654 -73.633 
15.933 -444.588 -73.676 
15.804 -444.513 -73.724 
15.708 -444.458 -73.760 
15.626 -444.411 -73.790 
15.524 -444.354 -73.828 
15.468 -444.323 -73.848 
15.378 -444.273 -73.881 
15.264 -444.210 -73.923 
15.185 -444.166 -73.952 
15.106 -444.123 -73.980 
14.995 -444.062 -74.021 
14.868 -443.994 -74.066 
14.791 -443.952 -74.094 
14.715 -443.911 -74.121 
14.633 -443.867 -74.150 
14.549 -443.824 -74.180 
14.427 -443.760 -74.223 
14.317 -443.702 -74.262 
14.235 -443.660 -74.290 
14.104 -443.592 -74.336 
