24.700 -458.383 -70.112 
24.699 -458.302 -70.112 
24.696 -458.173 -70.113 
24.693 -458.069 -70.114 
24.690 -457.983 -70.116 
24.687 -457.894 -70.117 
24.679 -457.738 -70.120 
24.674 -457.649 -70.122 
24.667 -457.553 -70.125 
24.658 -457.432 -70.128 
24.645 -457.277 -70.134 
24.632 -457.146 -70.139 
24.618 -457.013 -70.145 
24.609 -456.939 -70.149 
24.596 -456.831 -70.154 
24.583 -456.729 -70.159 
24.571 -456.643 -70.164 
24.559 -456.559 -70.169 
24.546 -456.472 -70.175 
24.523 -456.323 -70.184 
24.511 -456.250 -70.189 
24.497 -456.168 -70.195 
24.478 -456.061 -70.203 
24.455 -455.937 -70.212 
24.443 -455.873 -70.217 
24.429 -455.803 -70.223 
24.421 -455.762 -70.226 
24.400 -455.661 -70.235 
24.380 -455.567 -70.243 
24.361 -455.481 -70.251 
24.342 -455.397 -70.258 
24.319 -455.299 -70.267 
24.297 -455.205 -70.277 
24.276 -455.123 -70.285 
24.257 -455.047 -70.293 
24.231 -454.944 -70.304 
24.213 -454.878 -70.311 
24.187 -454.781 -70.322 
24.145 -454.631 -70.339 
24.100 -454.477 -70.358 
24.075 -454.393 -70.368 
24.041 -454.282 -70.382 
24.010 -454.182 -70.394 
23.989 -454.119 -70.403 
23.960 -454.029 -70.414 
23.938 -453.961 -70.424 
23.907 -453.871 -70.436 
23.871 -453.766 -70.451 
23.840 -453.677 -70.464 
23.815 -453.610 -70.474 
23.792 -453.545 -70.484 
23.743 -453.413 -70.504 
23.705 -453.314 -70.520 
23.661 -453.201 -70.538 
23.615 -453.088 -70.556 
23.564 -452.962 -70.578 
23.519 -452.857 -70.596 
23.483 -452.773 -70.611 
23.438 -452.671 -70.629 
23.390 -452.564 -70.649 
23.359 -452.496 -70.662 
23.311 -452.393 -70.682 
23.264 -452.294 -70.701 
23.209 -452.181 -70.724 
23.171 -452.104 -70.740 
23.126 -452.013 -70.759 
23.071 -451.906 -70.782 
23.019 -451.805 -70.804 
22.948 -451.671 -70.833 
22.899 -451.579 -70.854 
22.861 -451.510 -70.870 
22.799 -451.398 -70.896 
22.766 -451.339 -70.909 
22.714 -451.246 -70.931 
22.652 -451.141 -70.957 
22.615 -451.077 -70.972 
22.577 -451.012 -70.988 
22.533 -450.941 -71.006 
22.485 -450.861 -71.027 
22.420 -450.758 -71.053 
22.356 -450.657 -71.080 
22.315 -450.593 -71.097 
22.238 -450.474 -71.130 
22.165 -450.366 -71.161 
22.102 -450.274 -71.187 
22.024 -450.162 -71.220 
21.958 -450.069 -71.247 
21.886 -449.968 -71.278 
21.816 -449.873 -71.307 
21.780 -449.824 -71.322 
21.698 -449.714 -71.356 
21.664 -449.670 -71.371 
21.587 -449.571 -71.403 
21.535 -449.504 -71.425 
21.489 -449.445 -71.444 
21.438 -449.382 -71.465 
21.388 -449.320 -71.486 
21.332 -449.250 -71.510 
21.264 -449.168 -71.539 
21.193 -449.082 -71.569 
21.130 -449.008 -71.596 
21.067 -448.934 -71.622 
21.003 -448.860 -71.649 
20.938 -448.785 -71.677 
20.863 -448.700 -71.708 
20.788 -448.618 -71.739 
20.741 -448.566 -71.759 
20.679 -448.499 -71.784 
20.627 -448.443 -71.806 
20.541 -448.352 -71.841 
20.464 -448.272 -71.873 
20.402 -448.207 -71.899 
20.329 -448.133 -71.929 
20.250 -448.053 -71.961 
20.212 -448.015 -71.977 
20.141 -447.944 -72.006 
20.039 -447.843 -72.048 
19.990 -447.796 -72.068 
19.906 -447.715 -72.102 
19.863 -447.674 -72.120 
19.768 -447.584 -72.159 
19.691 -447.513 -72.190 
19.627 -447.454 -72.216 
19.567 -447.399 -72.241 
19.528 -447.364 -72.257 
19.449 -447.293 -72.289 
19.407 -447.255 -72.306 
19.335 -447.191 -72.336 
19.258 -447.124 -72.367 
19.209 -447.082 -72.387 
19.099 -446.987 -72.433 
18.993 -446.897 -72.476 
18.919 -446.835 -72.506 
18.878 -446.801 -72.523 
18.817 -446.750 -72.548 
18.692 -446.648 -72.598 
18.605 -446.579 -72.633 
18.555 -446.539 -72.653 
18.502 -446.497 -72.674 
18.429 -446.440 -72.703 
18.343 -446.374 -72.737 
18.274 -446.321 -72.764 
18.181 -446.252 -72.801 
18.093 -446.186 -72.837 
18.024 -446.135 -72.864 
17.940 -446.073 -72.897 
17.866 -446.020 -72.927 
17.805 -445.977 -72.951 
17.735 -445.927 -72.979 
17.647 -445.867 -73.013 
17.547 -445.798 -73.053 
17.445 -445.728 -73.093 
17.397 -445.696 -73.112 
17.340 -445.659 -73.134 
17.235 -445.590 -73.175 
17.164 -445.544 -73.203 
17.087 -445.495 -73.233 
16.978 -445.425 -73.276 
16.873 -445.359 -73.317 
16.774 -445.298 -73.356 
16.666 -445.231 -73.398 
16.597 -445.189 -73.424 
16.513 -445.139 -73.457 
16.409 -445.076 -73.497 
16.320 -445.024 -73.531 
16.219 -444.965 -73.569 
16.132 -444.915 -73.602 
16.063 -444.875 -73.628 
15.987 -444.832 -73.657 
15.896 -444.781 -73.691 
15.802 -444.729 -73.726 
15.687 -444.666 -73.769 
15.633 -444.636 -73.789 
15.551 -444.592 -73.819 
15.469 -444.548 -73.849 
15.402 -444.513 -73.874 
15.281 -444.449 -73.919 
15.210 -444.411 -73.945 
15.052 -444.329 -74.003 
14.965 -444.284 -74.035 
14.883 -444.242 -74.064 
14.818 -444.208 -74.088 
14.714 -444.155 -74.125 
14.606 -444.101 -74.164 
14.533 -444.064 -74.190 
14.465 -444.030 -74.214 
14.393 -443.994 -74.240 
14.310 -443.953 -74.269 
14.181 -443.889 -74.314 
14.124 -443.862 -74.333 
14.058 -443.829 -74.356 
