21.500 -475.872 -70.112 
21.498 -475.757 -70.113 
21.496 -475.674 -70.113 
21.494 -475.584 -70.114 
21.491 -475.477 -70.116 
21.487 -475.390 -70.118 
21.484 -475.314 -70.119 
21.480 -475.230 -70.121 
21.471 -475.086 -70.125 
21.463 -474.968 -70.128 
21.454 -474.849 -70.133 
21.445 -474.736 -70.137 
21.438 -474.657 -70.140 
21.430 -474.569 -70.144 
21.420 -474.473 -70.148 
21.409 -474.374 -70.153 
21.395 -474.252 -70.159 
21.382 -474.143 -70.165 
21.367 -474.034 -70.172 
21.352 -473.923 -70.179 
21.337 -473.824 -70.185 
21.325 -473.741 -70.190 
21.298 -473.572 -70.202 
21.281 -473.471 -70.210 
21.268 -473.398 -70.215 
21.254 -473.319 -70.221 
21.227 -473.175 -70.233 
21.216 -473.115 -70.238 
21.201 -473.037 -70.245 
21.190 -472.984 -70.249 
21.169 -472.883 -70.259 
21.150 -472.790 -70.267 
21.129 -472.693 -70.276 
21.113 -472.624 -70.283 
21.094 -472.539 -70.292 
21.081 -472.483 -70.297 
21.053 -472.369 -70.309 
21.029 -472.267 -70.320 
20.997 -472.140 -70.334 
20.967 -472.027 -70.346 
20.936 -471.907 -70.360 
20.897 -471.766 -70.376 
20.865 -471.650 -70.390 
20.837 -471.552 -70.402 
20.804 -471.439 -70.416 
20.778 -471.353 -70.427 
20.735 -471.212 -70.445 
20.700 -471.102 -70.459 
20.678 -471.034 -70.468 
20.647 -470.941 -70.480 
20.624 -470.869 -70.490 
20.589 -470.766 -70.504 
20.557 -470.674 -70.517 
20.528 -470.588 -70.529 
20.480 -470.454 -70.549 
20.426 -470.306 -70.571 
20.398 -470.230 -70.583 
20.351 -470.105 -70.602 
20.319 -470.021 -70.615 
20.290 -469.944 -70.627 
20.254 -469.852 -70.642 
20.226 -469.784 -70.653 
20.186 -469.685 -70.669 
20.150 -469.596 -70.684 
20.112 -469.504 -70.699 
20.068 -469.401 -70.717 
20.022 -469.294 -70.735 
19.976 -469.188 -70.753 
19.922 -469.067 -70.775 
19.878 -468.969 -70.792 
19.829 -468.861 -70.812 
19.805 -468.808 -70.822 
19.768 -468.730 -70.836 
19.730 -468.649 -70.851 
19.686 -468.556 -70.869 
19.643 -468.467 -70.886 
19.580 -468.338 -70.911 
19.545 -468.268 -70.925 
19.517 -468.212 -70.936 
19.479 -468.135 -70.952 
19.425 -468.029 -70.973 
19.381 -467.944 -70.990 
19.338 -467.861 -71.007 
19.279 -467.749 -71.030 
19.231 -467.657 -71.049 
19.177 -467.557 -71.070 
19.126 -467.463 -71.090 
19.094 -467.402 -71.103 
19.027 -467.283 -71.129 
18.987 -467.210 -71.145 
18.920 -467.091 -71.172 
18.881 -467.022 -71.187 
18.845 -466.959 -71.201 
18.800 -466.882 -71.219 
18.759 -466.811 -71.235 
18.729 -466.761 -71.247 
18.693 -466.699 -71.261 
18.644 -466.615 -71.280 
18.601 -466.544 -71.297 
18.547 -466.454 -71.318 
18.500 -466.376 -71.336 
18.450 -466.294 -71.355 
18.387 -466.190 -71.380 
18.330 -466.099 -71.402 
18.293 -466.039 -71.416 
18.259 -465.984 -71.429 
18.195 -465.882 -71.453 
18.151 -465.813 -71.469 
18.100 -465.733 -71.488 
18.029 -465.621 -71.515 
17.985 -465.553 -71.531 
17.927 -465.462 -71.553 
17.866 -465.369 -71.575 
17.820 -465.298 -71.592 
17.776 -465.231 -71.608 
17.709 -465.130 -71.633 
17.630 -465.010 -71.662 
17.577 -464.930 -71.682 
17.491 -464.802 -71.713 
17.428 -464.709 -71.736 
17.375 -464.631 -71.756 
17.296 -464.515 -71.785 
17.221 -464.406 -71.812 
17.169 -464.330 -71.831 
17.123 -464.264 -71.847 
17.076 -464.197 -71.863 
17.041 -464.146 -71.876 
16.983 -464.064 -71.896 
16.922 -463.977 -71.917 
16.879 -463.918 -71.932 
16.797 -463.802 -71.960 
16.747 -463.732 -71.977 
16.664 -463.617 -72.005 
16.611 -463.544 -72.022 
16.553 -463.464 -72.042 
16.469 -463.349 -72.069 
16.408 -463.267 -72.089 
16.368 -463.212 -72.103 
16.303 -463.126 -72.124 
16.227 -463.024 -72.149 
16.152 -462.924 -72.174 
16.094 -462.848 -72.192 
16.014 -462.742 -72.218 
15.963 -462.675 -72.234 
15.890 -462.579 -72.258 
15.856 -462.535 -72.269 
15.779 -462.435 -72.293 
15.721 -462.361 -72.311 
15.667 -462.291 -72.328 
15.595 -462.199 -72.351 
15.525 -462.109 -72.372 
15.462 -462.029 -72.391 
15.406 -461.958 -72.408 
15.351 -461.889 -72.424 
15.274 -461.792 -72.447 
15.235 -461.743 -72.459 
15.165 -461.656 -72.479 
15.112 -461.590 -72.495 
15.071 -461.540 -72.507 
15.011 -461.466 -72.525 
14.940 -461.378 -72.545 
14.863 -461.282 -72.568 
14.805 -461.212 -72.585 
14.736 -461.128 -72.605 
14.694 -461.077 -72.617 
14.644 -461.017 -72.631 
14.581 -460.941 -72.649 
14.502 -460.847 -72.671 
14.427 -460.756 -72.692 
14.361 -460.678 -72.710 
14.321 -460.630 -72.721 
14.209 -460.497 -72.752 
14.118 -460.392 -72.778 
