24.700 -458.394 -70.112 
24.697 -458.231 -70.113 
24.694 -458.104 -70.114 
24.690 -457.978 -70.115 
24.683 -457.807 -70.118 
24.678 -457.709 -70.120 
24.671 -457.595 -70.123 
24.663 -457.474 -70.126 
24.650 -457.317 -70.131 
24.646 -457.263 -70.133 
24.640 -457.202 -70.136 
24.632 -457.121 -70.139 
24.618 -456.977 -70.145 
24.603 -456.853 -70.151 
24.590 -456.746 -70.156 
24.580 -456.665 -70.161 
24.565 -456.554 -70.167 
24.553 -456.473 -70.172 
24.533 -456.341 -70.180 
24.525 -456.290 -70.184 
24.509 -456.194 -70.190 
24.488 -456.070 -70.199 
24.465 -455.944 -70.209 
24.441 -455.819 -70.219 
24.419 -455.707 -70.228 
24.401 -455.617 -70.236 
24.387 -455.553 -70.241 
24.367 -455.461 -70.249 
24.341 -455.343 -70.260 
24.322 -455.263 -70.268 
24.300 -455.172 -70.277 
24.276 -455.072 -70.287 
24.251 -454.970 -70.297 
24.231 -454.894 -70.305 
24.198 -454.770 -70.318 
24.168 -454.661 -70.330 
24.135 -454.542 -70.344 
24.105 -454.442 -70.355 
24.080 -454.356 -70.366 
24.048 -454.251 -70.378 
24.018 -454.155 -70.390 
23.994 -454.077 -70.400 
23.953 -453.952 -70.416 
23.925 -453.869 -70.427 
23.879 -453.734 -70.446 
23.844 -453.637 -70.459 
23.819 -453.567 -70.469 
23.784 -453.470 -70.484 
23.747 -453.373 -70.498 
23.721 -453.305 -70.508 
23.689 -453.222 -70.521 
23.659 -453.148 -70.532 
23.623 -453.059 -70.547 
23.567 -452.924 -70.569 
23.531 -452.839 -70.583 
23.489 -452.742 -70.599 
23.445 -452.642 -70.617 
23.400 -452.542 -70.635 
23.360 -452.458 -70.651 
23.311 -452.353 -70.670 
23.267 -452.260 -70.688 
23.213 -452.150 -70.710 
23.165 -452.054 -70.729 
23.117 -451.960 -70.748 
23.068 -451.866 -70.768 
23.021 -451.775 -70.787 
22.972 -451.682 -70.806 
22.923 -451.592 -70.826 
22.870 -451.495 -70.847 
22.839 -451.438 -70.860 
22.778 -451.330 -70.884 
22.723 -451.235 -70.906 
22.687 -451.174 -70.920 
22.645 -451.101 -70.937 
22.604 -451.032 -70.953 
22.532 -450.915 -70.982 
22.492 -450.849 -70.998 
22.439 -450.764 -71.019 
22.373 -450.661 -71.045 
22.318 -450.575 -71.067 
22.257 -450.482 -71.092 
22.210 -450.411 -71.110 
22.126 -450.286 -71.144 
22.082 -450.223 -71.162 
22.026 -450.142 -71.184 
21.945 -450.028 -71.217 
21.892 -449.953 -71.238 
21.836 -449.876 -71.260 
21.795 -449.820 -71.277 
21.724 -449.725 -71.305 
21.655 -449.633 -71.333 
21.592 -449.551 -71.358 
21.513 -449.448 -71.390 
21.447 -449.365 -71.417 
21.369 -449.268 -71.448 
21.334 -449.225 -71.462 
21.264 -449.140 -71.490 
21.192 -449.052 -71.519 
21.100 -448.944 -71.556 
21.043 -448.876 -71.578 
20.969 -448.792 -71.608 
20.910 -448.725 -71.631 
20.836 -448.641 -71.660 
20.766 -448.564 -71.688 
20.697 -448.489 -71.715 
20.626 -448.411 -71.744 
20.559 -448.340 -71.770 
20.482 -448.258 -71.801 
20.417 -448.191 -71.826 
20.357 -448.129 -71.850 
20.307 -448.078 -71.870 
20.259 -448.029 -71.889 
20.173 -447.942 -71.923 
20.089 -447.860 -71.956 
20.011 -447.784 -71.986 
19.934 -447.710 -72.017 
19.858 -447.637 -72.047 
19.800 -447.582 -72.070 
19.737 -447.524 -72.094 
19.668 -447.460 -72.122 
19.605 -447.403 -72.146 
19.544 -447.348 -72.170 
19.485 -447.295 -72.193 
19.383 -447.204 -72.234 
19.309 -447.140 -72.262 
19.240 -447.080 -72.290 
19.131 -446.986 -72.333 
19.059 -446.926 -72.360 
18.990 -446.868 -72.387 
18.916 -446.806 -72.416 
18.847 -446.750 -72.443 
18.782 -446.697 -72.468 
18.679 -446.614 -72.508 
18.637 -446.581 -72.524 
18.522 -446.490 -72.569 
18.436 -446.423 -72.602 
18.362 -446.366 -72.630 
18.305 -446.322 -72.652 
18.253 -446.283 -72.672 
18.153 -446.207 -72.711 
18.049 -446.129 -72.751 
17.998 -446.092 -72.771 
17.914 -446.031 -72.803 
17.799 -445.949 -72.847 
17.709 -445.885 -72.881 
17.604 -445.811 -72.921 
17.524 -445.755 -72.951 
17.462 -445.713 -72.975 
17.401 -445.672 -72.998 
17.311 -445.611 -73.032 
17.206 -445.541 -73.072 
17.147 -445.503 -73.094 
17.051 -445.440 -73.131 
16.959 -445.381 -73.165 
16.886 -445.334 -73.192 
16.787 -445.272 -73.229 
16.688 -445.210 -73.266 
16.580 -445.143 -73.306 
16.504 -445.096 -73.334 
16.394 -445.030 -73.374 
16.293 -444.970 -73.411 
16.195 -444.912 -73.447 
16.112 -444.863 -73.477 
15.988 -444.791 -73.522 
15.891 -444.736 -73.557 
15.769 -444.666 -73.601 
15.665 -444.608 -73.638 
15.562 -444.550 -73.675 
15.470 -444.500 -73.707 
15.377 -444.449 -73.741 
15.314 -444.415 -73.763 
15.263 -444.387 -73.781 
15.198 -444.352 -73.804 
15.119 -444.309 -73.832 
15.007 -444.250 -73.871 
14.934 -444.211 -73.897 
14.874 -444.180 -73.918 
14.773 -444.127 -73.953 
14.704 -444.091 -73.977 
14.602 -444.039 -74.013 
14.516 -443.995 -74.043 
14.419 -443.946 -74.076 
14.315 -443.893 -74.112 
14.217 -443.844 -74.145 
14.128 -443.799 -74.176 
