24.699 -458.384 -70.112 
24.698 -458.288 -70.113 
24.697 -458.215 -70.113 
24.694 -458.091 -70.114 
24.690 -457.977 -70.116 
24.683 -457.828 -70.118 
24.674 -457.661 -70.121 
24.664 -457.523 -70.125 
24.656 -457.407 -70.128 
24.648 -457.312 -70.131 
24.640 -457.225 -70.134 
24.625 -457.072 -70.140 
24.617 -456.997 -70.143 
24.605 -456.894 -70.148 
24.595 -456.809 -70.152 
24.577 -456.668 -70.159 
24.563 -456.564 -70.165 
24.545 -456.440 -70.172 
24.536 -456.384 -70.176 
24.529 -456.337 -70.179 
24.503 -456.181 -70.189 
24.487 -456.085 -70.196 
24.465 -455.968 -70.204 
24.452 -455.897 -70.210 
24.423 -455.750 -70.221 
24.400 -455.641 -70.230 
24.377 -455.536 -70.239 
24.354 -455.433 -70.248 
24.332 -455.333 -70.257 
24.301 -455.205 -70.269 
24.280 -455.119 -70.278 
24.255 -455.022 -70.287 
24.238 -454.955 -70.294 
24.204 -454.828 -70.307 
24.185 -454.760 -70.315 
24.161 -454.671 -70.325 
24.138 -454.591 -70.333 
24.113 -454.506 -70.343 
24.079 -454.393 -70.357 
24.042 -454.272 -70.372 
24.004 -454.155 -70.386 
23.976 -454.068 -70.398 
23.940 -453.958 -70.413 
23.912 -453.876 -70.424 
23.875 -453.770 -70.439 
23.850 -453.700 -70.450 
23.813 -453.599 -70.465 
23.776 -453.498 -70.480 
23.753 -453.439 -70.489 
23.711 -453.330 -70.506 
23.679 -453.249 -70.520 
23.655 -453.188 -70.530 
23.617 -453.096 -70.545 
23.576 -452.998 -70.562 
23.535 -452.900 -70.579 
23.481 -452.778 -70.602 
23.438 -452.682 -70.620 
23.393 -452.582 -70.639 
23.346 -452.481 -70.659 
23.297 -452.376 -70.680 
23.267 -452.315 -70.692 
23.240 -452.260 -70.703 
23.203 -452.183 -70.719 
23.176 -452.130 -70.730 
23.145 -452.068 -70.743 
23.089 -451.959 -70.767 
23.044 -451.872 -70.785 
22.989 -451.767 -70.808 
22.942 -451.680 -70.828 
22.874 -451.553 -70.856 
22.806 -451.432 -70.884 
22.747 -451.328 -70.908 
22.704 -451.252 -70.927 
22.630 -451.126 -70.957 
22.580 -451.043 -70.978 
22.516 -450.937 -71.005 
22.483 -450.883 -71.019 
22.423 -450.787 -71.044 
22.378 -450.717 -71.062 
22.310 -450.611 -71.091 
22.240 -450.503 -71.120 
22.201 -450.445 -71.136 
22.154 -450.375 -71.155 
22.104 -450.302 -71.176 
22.045 -450.217 -71.200 
21.977 -450.120 -71.228 
21.932 -450.057 -71.247 
21.876 -449.980 -71.270 
21.817 -449.899 -71.294 
21.791 -449.864 -71.305 
21.737 -449.791 -71.327 
21.689 -449.727 -71.347 
21.620 -449.636 -71.376 
21.563 -449.562 -71.399 
21.503 -449.484 -71.424 
21.430 -449.391 -71.454 
21.360 -449.303 -71.483 
21.294 -449.221 -71.511 
21.212 -449.120 -71.545 
21.133 -449.025 -71.578 
21.090 -448.974 -71.596 
21.037 -448.912 -71.618 
20.970 -448.834 -71.646 
20.902 -448.757 -71.675 
20.851 -448.699 -71.696 
20.802 -448.644 -71.717 
20.713 -448.546 -71.754 
20.646 -448.472 -71.781 
20.583 -448.405 -71.807 
20.540 -448.360 -71.825 
20.476 -448.292 -71.851 
20.416 -448.230 -71.876 
20.321 -448.132 -71.915 
20.249 -448.059 -71.944 
20.186 -447.995 -71.970 
20.103 -447.912 -72.004 
20.057 -447.867 -72.023 
19.952 -447.764 -72.066 
19.873 -447.688 -72.097 
19.833 -447.649 -72.114 
19.769 -447.589 -72.139 
19.683 -447.509 -72.174 
19.616 -447.447 -72.201 
19.549 -447.387 -72.227 
19.461 -447.308 -72.262 
19.376 -447.233 -72.295 
19.293 -447.160 -72.328 
19.229 -447.104 -72.353 
19.168 -447.053 -72.376 
19.128 -447.018 -72.392 
19.080 -446.977 -72.411 
19.006 -446.915 -72.439 
18.915 -446.840 -72.474 
18.813 -446.756 -72.514 
18.742 -446.698 -72.541 
18.647 -446.622 -72.578 
18.543 -446.540 -72.618 
18.492 -446.501 -72.638 
18.411 -446.438 -72.669 
18.327 -446.374 -72.701 
18.244 -446.311 -72.733 
18.172 -446.258 -72.761 
18.103 -446.207 -72.787 
18.028 -446.152 -72.816 
17.922 -446.076 -72.856 
17.853 -446.026 -72.882 
17.781 -445.976 -72.909 
17.669 -445.899 -72.951 
17.581 -445.840 -72.984 
17.508 -445.790 -73.011 
17.437 -445.743 -73.038 
17.366 -445.697 -73.065 
17.277 -445.639 -73.098 
17.182 -445.578 -73.133 
17.044 -445.490 -73.185 
16.942 -445.427 -73.223 
16.828 -445.357 -73.266 
16.748 -445.308 -73.295 
16.679 -445.267 -73.321 
16.591 -445.214 -73.354 
16.529 -445.178 -73.377 
16.462 -445.139 -73.402 
16.388 -445.097 -73.429 
16.298 -445.044 -73.463 
16.223 -445.002 -73.490 
16.117 -444.943 -73.529 
16.042 -444.902 -73.557 
15.959 -444.856 -73.587 
15.913 -444.831 -73.604 
15.812 -444.776 -73.641 
15.700 -444.717 -73.682 
15.619 -444.674 -73.711 
15.503 -444.612 -73.754 
15.437 -444.578 -73.778 
15.357 -444.536 -73.807 
15.286 -444.499 -73.832 
15.192 -444.451 -73.867 
15.109 -444.408 -73.897 
15.059 -444.382 -73.915 
14.968 -444.336 -73.948 
14.892 -444.298 -73.976 
14.813 -444.258 -74.004 
14.738 -444.220 -74.031 
14.651 -444.177 -74.062 
14.539 -444.122 -74.102 
14.439 -444.073 -74.138 
14.329 -444.019 -74.177 
14.223 -443.967 -74.214 
14.107 -443.912 -74.255 
