26.389 -423.594 -82.405 
26.382 -423.523 -82.409 
26.371 -423.424 -82.415 
26.360 -423.334 -82.420 
26.347 -423.229 -82.426 
26.328 -423.092 -82.435 
26.313 -422.985 -82.442 
26.299 -422.895 -82.449 
26.283 -422.794 -82.456 
26.265 -422.687 -82.465 
26.248 -422.583 -82.473 
26.233 -422.502 -82.480 
26.211 -422.383 -82.490 
26.189 -422.266 -82.500 
26.163 -422.137 -82.512 
26.138 -422.018 -82.523 
26.115 -421.909 -82.533 
26.091 -421.803 -82.544 
26.066 -421.692 -82.555 
26.044 -421.598 -82.565 
26.013 -421.474 -82.578 
25.975 -421.325 -82.594 
25.944 -421.208 -82.608 
25.896 -421.032 -82.629 
25.881 -420.978 -82.635 
25.849 -420.868 -82.649 
25.822 -420.776 -82.661 
25.802 -420.709 -82.670 
25.762 -420.579 -82.687 
25.740 -420.510 -82.696 
25.706 -420.402 -82.711 
25.677 -420.315 -82.723 
25.652 -420.239 -82.734 
25.621 -420.146 -82.747 
25.602 -420.090 -82.755 
25.561 -419.974 -82.772 
25.514 -419.841 -82.791 
25.491 -419.776 -82.800 
25.452 -419.673 -82.816 
25.411 -419.561 -82.833 
25.379 -419.479 -82.846 
25.343 -419.387 -82.860 
25.316 -419.319 -82.871 
25.288 -419.247 -82.882 
25.238 -419.125 -82.902 
25.203 -419.042 -82.916 
25.177 -418.980 -82.926 
25.140 -418.892 -82.940 
25.095 -418.786 -82.958 
25.065 -418.716 -82.970 
25.034 -418.647 -82.982 
24.988 -418.544 -83.000 
24.934 -418.424 -83.021 
24.893 -418.336 -83.036 
24.854 -418.253 -83.052 
24.817 -418.174 -83.066 
24.751 -418.039 -83.092 
24.704 -417.944 -83.110 
24.662 -417.861 -83.127 
24.625 -417.789 -83.141 
24.578 -417.700 -83.159 
24.533 -417.615 -83.177 
24.485 -417.526 -83.196 
24.435 -417.435 -83.216 
24.392 -417.356 -83.233 
24.335 -417.256 -83.255 
24.283 -417.166 -83.276 
24.231 -417.077 -83.297 
24.140 -416.926 -83.333 
24.088 -416.841 -83.353 
24.049 -416.779 -83.369 
23.987 -416.682 -83.394 
23.944 -416.615 -83.411 
23.880 -416.517 -83.437 
23.845 -416.462 -83.451 
23.784 -416.371 -83.475 
23.732 -416.295 -83.496 
23.662 -416.194 -83.524 
23.620 -416.135 -83.541 
23.559 -416.049 -83.565 
23.503 -415.973 -83.587 
23.446 -415.896 -83.610 
23.369 -415.793 -83.641 
23.306 -415.711 -83.667 
23.245 -415.633 -83.691 
23.189 -415.563 -83.714 
23.140 -415.502 -83.733 
23.070 -415.417 -83.762 
22.999 -415.331 -83.791 
22.971 -415.298 -83.802 
22.895 -415.209 -83.833 
22.826 -415.130 -83.861 
22.759 -415.055 -83.888 
22.721 -415.012 -83.904 
22.622 -414.904 -83.944 
22.553 -414.830 -83.973 
22.483 -414.757 -84.001 
22.426 -414.698 -84.025 
22.337 -414.607 -84.061 
22.273 -414.544 -84.087 
22.223 -414.494 -84.108 
22.156 -414.429 -84.136 
22.092 -414.368 -84.162 
22.006 -414.287 -84.198 
21.947 -414.232 -84.222 
21.863 -414.156 -84.257 
21.767 -414.071 -84.297 
21.678 -413.993 -84.334 
21.613 -413.938 -84.361 
21.552 -413.887 -84.386 
21.477 -413.825 -84.418 
21.430 -413.786 -84.437 
21.332 -413.708 -84.478 
21.238 -413.634 -84.517 
21.163 -413.576 -84.549 
21.073 -413.509 -84.586 
20.997 -413.452 -84.618 
20.909 -413.389 -84.655 
20.785 -413.301 -84.707 
20.712 -413.251 -84.737 
20.581 -413.162 -84.792 
20.498 -413.108 -84.826 
20.410 -413.050 -84.863 
20.320 -412.994 -84.900 
20.243 -412.946 -84.932 
20.158 -412.894 -84.967 
20.074 -412.844 -85.002 
19.993 -412.797 -85.035 
19.906 -412.746 -85.072 
19.814 -412.695 -85.110 
19.724 -412.645 -85.148 
19.626 -412.592 -85.188 
19.563 -412.559 -85.215 
19.479 -412.515 -85.250 
19.405 -412.478 -85.281 
19.321 -412.436 -85.316 
19.260 -412.406 -85.341 
19.207 -412.380 -85.363 
19.105 -412.331 -85.406 
19.021 -412.292 -85.440 
18.930 -412.251 -85.478 
18.837 -412.209 -85.517 
18.747 -412.170 -85.555 
18.656 -412.132 -85.592 
18.521 -412.076 -85.649 
18.477 -412.058 -85.667 
18.416 -412.034 -85.693 
18.339 -412.004 -85.724 
18.254 -411.971 -85.760 
18.175 -411.941 -85.793 
18.095 -411.910 -85.826 
18.006 -411.877 -85.864 
17.900 -411.839 -85.908 
17.813 -411.807 -85.944 
17.744 -411.783 -85.973 
17.645 -411.748 -86.014 
17.590 -411.729 -86.037 
17.529 -411.709 -86.062 
17.435 -411.677 -86.101 
17.382 -411.660 -86.124 
17.294 -411.632 -86.160 
17.193 -411.602 -86.202 
17.126 -411.582 -86.230 
17.007 -411.547 -86.280 
16.956 -411.533 -86.302 
16.852 -411.504 -86.345 
16.799 -411.490 -86.367 
16.740 -411.475 -86.392 
16.664 -411.456 -86.423 
16.587 -411.437 -86.456 
16.508 -411.418 -86.488 
16.415 -411.396 -86.527 
16.297 -411.370 -86.576 
16.195 -411.349 -86.619 
16.133 -411.336 -86.645 
16.002 -411.310 -86.700 
15.922 -411.295 -86.733 
15.815 -411.276 -86.778 
15.755 -411.266 -86.803 
15.696 -411.256 -86.827 
15.617 -411.244 -86.860 
15.531 -411.231 -86.896 
15.474 -411.222 -86.920 
15.406 -411.213 -86.948 
15.348 -411.205 -86.973 
15.243 -411.192 -87.017 
15.107 -411.176 -87.074 
15.021 -411.167 -87.110 
14.919 -411.157 -87.153 
14.808 -411.147 -87.199 
14.712 -411.140 -87.240 
14.629 -411.134 -87.275 
14.551 -411.129 -87.308 
14.426 -411.123 -87.361 
14.311 -411.118 -87.410 
14.182 -411.113 -87.464 
14.106 -411.112 -87.496 
14.019 -411.110 -87.533 
13.929 -411.109 -87.571 
13.866 -411.109 -87.598 
13.765 -411.110 -87.640 
13.676 -411.111 -87.678 
13.571 -411.113 -87.722 
13.491 -411.115 -87.757 
13.365 -411.118 -87.810 
13.302 -411.121 -87.837 
13.199 -411.125 -87.880 
13.106 -411.128 -87.920 
13.021 -411.132 -87.956 
12.917 -411.138 -88.000 
12.865 -411.141 -88.022 
12.766 -411.147 -88.065 
12.673 -411.153 -88.104 
12.585 -411.159 -88.141 
12.464 -411.168 -88.192 
12.357 -411.177 -88.238 
12.232 -411.188 -88.290 
12.156 -411.195 -88.323 
12.057 -411.205 -88.364 
11.967 -411.214 -88.403 
11.852 -411.226 -88.451 
11.755 -411.237 -88.492 
11.695 -411.244 -88.517 
11.594 -411.256 -88.560 
