24.700 -458.407 -70.112 
24.699 -458.332 -70.112 
24.697 -458.211 -70.113 
24.695 -458.132 -70.113 
24.691 -457.999 -70.115 
24.685 -457.875 -70.117 
24.681 -457.788 -70.119 
24.673 -457.653 -70.122 
24.665 -457.529 -70.125 
24.658 -457.428 -70.128 
24.650 -457.321 -70.132 
24.642 -457.229 -70.135 
24.634 -457.141 -70.139 
24.628 -457.081 -70.141 
24.615 -456.961 -70.147 
24.608 -456.899 -70.150 
24.598 -456.816 -70.154 
24.586 -456.713 -70.159 
24.567 -456.577 -70.167 
24.558 -456.508 -70.171 
24.541 -456.396 -70.178 
24.533 -456.340 -70.182 
24.511 -456.206 -70.191 
24.489 -456.079 -70.200 
24.475 -455.995 -70.206 
24.458 -455.902 -70.214 
24.446 -455.838 -70.219 
24.419 -455.699 -70.230 
24.408 -455.649 -70.234 
24.392 -455.570 -70.241 
24.366 -455.447 -70.253 
24.348 -455.367 -70.260 
24.326 -455.271 -70.269 
24.303 -455.173 -70.279 
24.272 -455.043 -70.292 
24.253 -454.966 -70.301 
24.236 -454.899 -70.308 
24.206 -454.786 -70.321 
24.187 -454.712 -70.329 
24.143 -454.552 -70.348 
24.117 -454.462 -70.359 
24.090 -454.371 -70.370 
24.061 -454.275 -70.382 
24.020 -454.140 -70.400 
23.983 -454.023 -70.416 
23.954 -453.933 -70.429 
23.920 -453.833 -70.443 
23.873 -453.697 -70.463 
23.827 -453.567 -70.483 
23.801 -453.495 -70.495 
23.760 -453.385 -70.512 
23.718 -453.278 -70.530 
23.684 -453.191 -70.544 
23.653 -453.114 -70.557 
23.617 -453.024 -70.573 
23.568 -452.907 -70.594 
23.526 -452.810 -70.611 
23.471 -452.685 -70.634 
23.417 -452.564 -70.657 
23.376 -452.473 -70.674 
23.343 -452.404 -70.688 
23.309 -452.332 -70.702 
23.281 -452.273 -70.714 
23.223 -452.154 -70.738 
23.190 -452.087 -70.752 
23.129 -451.967 -70.778 
23.081 -451.874 -70.798 
23.045 -451.804 -70.813 
22.983 -451.687 -70.839 
22.916 -451.565 -70.867 
22.859 -451.462 -70.891 
22.798 -451.353 -70.916 
22.733 -451.242 -70.943 
22.682 -451.154 -70.965 
22.621 -451.051 -70.990 
22.580 -450.984 -71.007 
22.548 -450.931 -71.021 
22.520 -450.887 -71.032 
22.438 -450.757 -71.066 
22.402 -450.700 -71.081 
22.354 -450.627 -71.101 
22.291 -450.531 -71.127 
22.264 -450.491 -71.138 
22.207 -450.406 -71.161 
22.178 -450.363 -71.173 
22.139 -450.306 -71.189 
22.074 -450.213 -71.215 
22.020 -450.137 -71.238 
21.965 -450.061 -71.260 
21.892 -449.961 -71.289 
21.828 -449.874 -71.315 
21.775 -449.804 -71.336 
21.724 -449.736 -71.357 
21.653 -449.644 -71.386 
21.599 -449.574 -71.408 
21.523 -449.478 -71.438 
21.460 -449.399 -71.464 
21.409 -449.336 -71.484 
21.356 -449.269 -71.506 
21.295 -449.194 -71.530 
21.221 -449.105 -71.560 
21.127 -448.993 -71.598 
21.077 -448.934 -71.618 
21.015 -448.862 -71.642 
20.945 -448.782 -71.670 
20.869 -448.696 -71.700 
20.796 -448.615 -71.729 
20.748 -448.562 -71.748 
20.689 -448.498 -71.772 
20.615 -448.418 -71.801 
20.559 -448.358 -71.823 
20.504 -448.300 -71.845 
20.436 -448.230 -71.872 
20.376 -448.167 -71.896 
20.300 -448.089 -71.926 
20.231 -448.019 -71.953 
20.172 -447.961 -71.977 
20.094 -447.884 -72.008 
20.025 -447.816 -72.035 
19.974 -447.767 -72.055 
19.914 -447.709 -72.079 
19.849 -447.647 -72.105 
19.764 -447.567 -72.139 
19.695 -447.503 -72.166 
19.633 -447.446 -72.190 
19.567 -447.385 -72.217 
19.470 -447.296 -72.255 
19.407 -447.240 -72.280 
19.333 -447.174 -72.310 
19.224 -447.079 -72.353 
19.152 -447.016 -72.381 
19.104 -446.976 -72.400 
19.042 -446.922 -72.425 
18.969 -446.861 -72.454 
18.912 -446.814 -72.476 
18.864 -446.774 -72.495 
18.804 -446.724 -72.519 
18.745 -446.676 -72.542 
18.650 -446.599 -72.579 
18.545 -446.516 -72.620 
18.462 -446.450 -72.652 
18.385 -446.390 -72.682 
18.292 -446.318 -72.718 
18.225 -446.267 -72.744 
18.159 -446.217 -72.770 
18.086 -446.162 -72.798 
18.043 -446.129 -72.815 
17.960 -446.068 -72.847 
17.874 -446.005 -72.881 
17.793 -445.946 -72.912 
17.718 -445.892 -72.942 
17.617 -445.820 -72.981 
17.539 -445.765 -73.011 
17.459 -445.709 -73.042 
17.372 -445.650 -73.076 
17.302 -445.602 -73.103 
17.224 -445.549 -73.133 
17.131 -445.487 -73.169 
17.037 -445.425 -73.205 
16.980 -445.388 -73.227 
16.879 -445.323 -73.266 
16.787 -445.264 -73.301 
16.672 -445.192 -73.345 
16.589 -445.140 -73.376 
16.513 -445.092 -73.405 
16.433 -445.043 -73.436 
16.313 -444.970 -73.481 
16.218 -444.913 -73.517 
16.119 -444.854 -73.554 
16.021 -444.796 -73.591 
15.940 -444.749 -73.621 
15.860 -444.703 -73.651 
15.793 -444.665 -73.676 
15.690 -444.607 -73.714 
15.594 -444.553 -73.750 
15.509 -444.506 -73.781 
15.419 -444.456 -73.815 
15.305 -444.394 -73.857 
15.225 -444.349 -73.887 
15.155 -444.311 -73.913 
15.053 -444.256 -73.950 
14.938 -444.194 -73.992 
14.879 -444.163 -74.014 
14.789 -444.115 -74.047 
14.720 -444.079 -74.072 
14.578 -444.005 -74.123 
14.473 -443.951 -74.161 
14.375 -443.900 -74.197 
14.291 -443.856 -74.227 
14.189 -443.804 -74.264 
