26.394 -423.639 -82.403 
26.386 -423.564 -82.407 
26.376 -423.467 -82.412 
26.364 -423.361 -82.418 
26.352 -423.265 -82.423 
26.339 -423.156 -82.430 
26.329 -423.087 -82.434 
26.314 -422.977 -82.442 
26.293 -422.836 -82.452 
26.278 -422.738 -82.459 
26.262 -422.636 -82.467 
26.247 -422.549 -82.474 
26.223 -422.409 -82.485 
26.208 -422.325 -82.493 
26.191 -422.239 -82.500 
26.176 -422.162 -82.507 
26.152 -422.039 -82.518 
26.131 -421.941 -82.528 
26.113 -421.858 -82.536 
26.093 -421.767 -82.545 
26.067 -421.651 -82.557 
26.040 -421.537 -82.569 
26.015 -421.435 -82.579 
25.992 -421.343 -82.589 
25.978 -421.287 -82.596 
25.957 -421.205 -82.605 
25.934 -421.121 -82.615 
25.911 -421.036 -82.625 
25.881 -420.926 -82.638 
25.855 -420.834 -82.649 
25.833 -420.759 -82.659 
25.795 -420.629 -82.676 
25.772 -420.555 -82.686 
25.748 -420.476 -82.696 
25.718 -420.380 -82.710 
25.681 -420.265 -82.726 
25.651 -420.172 -82.739 
25.622 -420.085 -82.752 
25.586 -419.976 -82.767 
25.540 -419.843 -82.787 
25.489 -419.699 -82.809 
25.454 -419.603 -82.824 
25.421 -419.513 -82.838 
25.392 -419.436 -82.850 
25.366 -419.369 -82.861 
25.345 -419.314 -82.869 
25.306 -419.214 -82.886 
25.277 -419.140 -82.898 
25.244 -419.056 -82.912 
25.209 -418.969 -82.927 
25.162 -418.856 -82.946 
25.115 -418.743 -82.966 
25.078 -418.656 -82.981 
25.052 -418.596 -82.992 
25.020 -418.523 -83.005 
24.988 -418.450 -83.018 
24.943 -418.349 -83.037 
24.899 -418.252 -83.054 
24.855 -418.155 -83.073 
24.809 -418.055 -83.091 
24.763 -417.959 -83.110 
24.700 -417.828 -83.136 
24.669 -417.765 -83.149 
24.620 -417.668 -83.169 
24.564 -417.558 -83.193 
24.507 -417.449 -83.217 
24.456 -417.353 -83.238 
24.406 -417.260 -83.259 
24.342 -417.145 -83.285 
24.288 -417.049 -83.308 
24.223 -416.936 -83.335 
24.154 -416.819 -83.363 
24.093 -416.717 -83.389 
24.029 -416.613 -83.416 
23.972 -416.522 -83.439 
23.900 -416.408 -83.469 
23.854 -416.338 -83.488 
23.796 -416.250 -83.512 
23.731 -416.153 -83.539 
23.672 -416.068 -83.563 
23.610 -415.977 -83.589 
23.559 -415.906 -83.610 
23.500 -415.824 -83.635 
23.432 -415.730 -83.664 
23.366 -415.643 -83.691 
23.280 -415.529 -83.728 
23.194 -415.420 -83.764 
23.144 -415.356 -83.785 
23.073 -415.269 -83.816 
23.009 -415.191 -83.843 
22.962 -415.135 -83.863 
22.902 -415.064 -83.888 
22.843 -414.996 -83.913 
22.758 -414.899 -83.949 
22.684 -414.816 -83.981 
22.607 -414.732 -84.014 
22.559 -414.681 -84.034 
22.485 -414.602 -84.066 
22.374 -414.488 -84.113 
22.299 -414.411 -84.145 
22.187 -414.300 -84.192 
22.074 -414.192 -84.240 
22.001 -414.123 -84.271 
21.922 -414.051 -84.305 
21.836 -413.973 -84.341 
21.763 -413.908 -84.372 
21.646 -413.806 -84.422 
21.587 -413.756 -84.447 
21.481 -413.667 -84.491 
21.426 -413.622 -84.514 
21.344 -413.555 -84.548 
21.220 -413.457 -84.600 
21.136 -413.392 -84.635 
21.062 -413.336 -84.665 
20.989 -413.281 -84.696 
20.944 -413.248 -84.715 
20.857 -413.185 -84.751 
20.744 -413.105 -84.798 
20.622 -413.020 -84.850 
20.532 -412.959 -84.887 
20.409 -412.878 -84.939 
20.340 -412.833 -84.968 
20.225 -412.760 -85.016 
20.154 -412.717 -85.045 
20.093 -412.680 -85.071 
20.013 -412.631 -85.104 
19.946 -412.592 -85.132 
19.847 -412.535 -85.173 
19.751 -412.481 -85.213 
19.689 -412.447 -85.239 
19.636 -412.417 -85.262 
19.536 -412.364 -85.303 
19.467 -412.327 -85.332 
19.383 -412.283 -85.368 
19.268 -412.225 -85.416 
19.170 -412.177 -85.457 
19.074 -412.131 -85.497 
18.999 -412.095 -85.529 
18.938 -412.067 -85.554 
18.868 -412.035 -85.584 
18.762 -411.987 -85.628 
18.643 -411.936 -85.678 
18.544 -411.894 -85.719 
18.440 -411.851 -85.762 
18.380 -411.827 -85.787 
18.287 -411.790 -85.826 
18.205 -411.758 -85.860 
18.128 -411.729 -85.892 
18.022 -411.690 -85.936 
17.940 -411.660 -85.971 
17.857 -411.631 -86.005 
17.738 -411.590 -86.055 
17.641 -411.557 -86.095 
17.545 -411.526 -86.135 
17.426 -411.488 -86.184 
17.331 -411.460 -86.224 
17.232 -411.431 -86.264 
17.154 -411.408 -86.296 
17.058 -411.382 -86.336 
16.940 -411.350 -86.385 
16.815 -411.318 -86.436 
16.730 -411.298 -86.471 
16.647 -411.278 -86.506 
16.551 -411.256 -86.545 
16.491 -411.242 -86.570 
16.394 -411.222 -86.610 
16.277 -411.198 -86.658 
16.181 -411.179 -86.698 
16.078 -411.160 -86.740 
15.894 -411.129 -86.816 
15.805 -411.114 -86.853 
15.685 -411.096 -86.902 
15.589 -411.083 -86.941 
15.507 -411.072 -86.975 
15.427 -411.062 -87.008 
15.361 -411.054 -87.035 
15.287 -411.046 -87.066 
15.194 -411.036 -87.104 
15.060 -411.023 -87.160 
14.995 -411.017 -87.186 
14.903 -411.009 -87.224 
14.795 -411.002 -87.269 
14.721 -410.997 -87.300 
14.598 -410.991 -87.350 
14.516 -410.987 -87.384 
14.394 -410.983 -87.435 
14.314 -410.981 -87.468 
14.268 -410.980 -87.487 
14.164 -410.978 -87.530 
14.076 -410.978 -87.567 
13.978 -410.978 -87.608 
13.864 -410.979 -87.655 
13.749 -410.982 -87.703 
13.610 -410.986 -87.761 
13.500 -410.990 -87.807 
13.405 -410.995 -87.846 
13.286 -411.001 -87.896 
13.185 -411.007 -87.938 
13.070 -411.014 -87.985 
12.952 -411.022 -88.034 
12.882 -411.027 -88.063 
12.796 -411.034 -88.099 
12.676 -411.044 -88.149 
12.611 -411.050 -88.176 
12.522 -411.058 -88.213 
12.448 -411.065 -88.244 
12.352 -411.075 -88.284 
12.262 -411.084 -88.321 
12.169 -411.094 -88.360 
12.054 -411.107 -88.408 
11.940 -411.121 -88.454 
11.851 -411.132 -88.491 
11.785 -411.140 -88.519 
11.715 -411.149 -88.547 
11.580 -411.166 -88.603 
11.492 -411.179 -88.639 
