24.700 -458.411 -70.112 
24.699 -458.329 -70.112 
24.697 -458.222 -70.112 
24.695 -458.125 -70.113 
24.691 -458.012 -70.115 
24.688 -457.931 -70.116 
24.681 -457.794 -70.118 
24.674 -457.672 -70.120 
24.668 -457.587 -70.122 
24.660 -457.466 -70.126 
24.653 -457.385 -70.128 
24.647 -457.317 -70.130 
24.641 -457.245 -70.132 
24.627 -457.104 -70.137 
24.619 -457.031 -70.140 
24.609 -456.939 -70.144 
24.595 -456.823 -70.149 
24.584 -456.734 -70.153 
24.574 -456.660 -70.156 
24.560 -456.560 -70.162 
24.544 -456.446 -70.168 
24.530 -456.356 -70.173 
24.510 -456.235 -70.181 
24.490 -456.117 -70.189 
24.470 -456.002 -70.197 
24.450 -455.900 -70.205 
24.431 -455.799 -70.213 
24.411 -455.700 -70.221 
24.392 -455.611 -70.228 
24.369 -455.503 -70.237 
24.345 -455.398 -70.247 
24.327 -455.320 -70.254 
24.299 -455.202 -70.265 
24.282 -455.132 -70.272 
24.258 -455.036 -70.282 
24.233 -454.940 -70.292 
24.206 -454.837 -70.303 
24.172 -454.710 -70.317 
24.134 -454.575 -70.332 
24.095 -454.438 -70.348 
24.059 -454.318 -70.363 
24.035 -454.238 -70.373 
23.996 -454.115 -70.389 
23.968 -454.029 -70.400 
23.932 -453.921 -70.414 
23.908 -453.850 -70.424 
23.868 -453.734 -70.440 
23.835 -453.642 -70.453 
23.793 -453.527 -70.470 
23.746 -453.401 -70.488 
23.720 -453.334 -70.499 
23.702 -453.287 -70.506 
23.659 -453.178 -70.523 
23.595 -453.022 -70.548 
23.567 -452.954 -70.560 
23.531 -452.869 -70.575 
23.492 -452.778 -70.590 
23.459 -452.703 -70.604 
23.430 -452.637 -70.616 
23.388 -452.545 -70.632 
23.347 -452.457 -70.649 
23.292 -452.340 -70.671 
23.246 -452.242 -70.690 
23.212 -452.172 -70.704 
23.155 -452.059 -70.727 
23.109 -451.968 -70.746 
23.060 -451.872 -70.766 
22.997 -451.752 -70.791 
22.940 -451.646 -70.814 
22.899 -451.570 -70.831 
22.859 -451.496 -70.847 
22.812 -451.412 -70.866 
22.769 -451.336 -70.884 
22.713 -451.240 -70.906 
22.668 -451.163 -70.924 
22.606 -451.058 -70.949 
22.560 -450.981 -70.968 
22.506 -450.893 -70.989 
22.461 -450.821 -71.007 
22.431 -450.773 -71.019 
22.376 -450.685 -71.042 
22.316 -450.594 -71.065 
22.242 -450.480 -71.095 
22.189 -450.401 -71.117 
22.142 -450.332 -71.135 
22.062 -450.217 -71.167 
21.992 -450.118 -71.196 
21.919 -450.015 -71.226 
21.875 -449.955 -71.243 
21.809 -449.865 -71.270 
21.756 -449.795 -71.292 
21.690 -449.707 -71.318 
21.619 -449.614 -71.347 
21.567 -449.547 -71.368 
21.491 -449.451 -71.399 
21.436 -449.382 -71.421 
21.361 -449.290 -71.451 
21.301 -449.218 -71.475 
21.229 -449.132 -71.504 
21.173 -449.066 -71.526 
21.110 -448.993 -71.551 
21.040 -448.911 -71.579 
20.978 -448.841 -71.605 
20.919 -448.774 -71.628 
20.824 -448.671 -71.666 
20.774 -448.616 -71.686 
20.714 -448.551 -71.710 
20.645 -448.478 -71.737 
20.582 -448.411 -71.763 
20.528 -448.355 -71.784 
20.460 -448.284 -71.811 
20.406 -448.229 -71.833 
20.346 -448.168 -71.857 
20.261 -448.083 -71.891 
20.187 -448.009 -71.921 
20.102 -447.925 -71.955 
20.017 -447.843 -71.990 
19.969 -447.798 -72.009 
19.918 -447.749 -72.029 
19.843 -447.678 -72.060 
19.784 -447.623 -72.083 
19.704 -447.549 -72.116 
19.644 -447.495 -72.140 
19.541 -447.402 -72.181 
19.481 -447.349 -72.205 
19.419 -447.294 -72.229 
19.331 -447.217 -72.265 
19.253 -447.150 -72.296 
19.196 -447.100 -72.319 
19.107 -447.025 -72.354 
19.058 -446.984 -72.373 
18.983 -446.921 -72.402 
18.912 -446.863 -72.430 
18.845 -446.808 -72.457 
18.785 -446.759 -72.480 
18.724 -446.710 -72.504 
18.633 -446.637 -72.540 
18.572 -446.589 -72.564 
18.488 -446.523 -72.596 
18.422 -446.472 -72.622 
18.325 -446.397 -72.660 
18.280 -446.362 -72.677 
18.196 -446.299 -72.709 
18.100 -446.227 -72.746 
18.054 -446.193 -72.764 
18.019 -446.167 -72.778 
17.943 -446.111 -72.807 
17.862 -446.053 -72.838 
17.785 -445.997 -72.868 
17.692 -445.931 -72.904 
17.586 -445.857 -72.944 
17.482 -445.785 -72.984 
17.396 -445.726 -73.017 
17.313 -445.669 -73.049 
17.236 -445.617 -73.078 
17.183 -445.582 -73.098 
17.084 -445.517 -73.136 
16.996 -445.459 -73.170 
16.886 -445.388 -73.211 
16.824 -445.348 -73.235 
16.751 -445.302 -73.262 
16.638 -445.231 -73.305 
16.531 -445.164 -73.345 
16.448 -445.113 -73.376 
16.372 -445.066 -73.405 
16.306 -445.026 -73.431 
16.229 -444.979 -73.459 
16.154 -444.934 -73.488 
16.072 -444.885 -73.518 
15.993 -444.838 -73.548 
15.928 -444.800 -73.572 
15.830 -444.743 -73.609 
15.764 -444.705 -73.634 
15.682 -444.658 -73.665 
15.603 -444.613 -73.694 
15.546 -444.580 -73.716 
15.483 -444.544 -73.740 
15.378 -444.486 -73.779 
15.300 -444.442 -73.808 
15.237 -444.407 -73.831 
15.176 -444.373 -73.853 
15.093 -444.327 -73.884 
15.007 -444.280 -73.916 
14.903 -444.224 -73.953 
14.819 -444.178 -73.984 
14.740 -444.136 -74.012 
14.654 -444.090 -74.043 
14.545 -444.032 -74.082 
14.460 -443.986 -74.112 
14.380 -443.944 -74.141 
14.261 -443.881 -74.183 
14.216 -443.857 -74.199 
14.103 -443.798 -74.239 
