21.500 -475.905 -70.112 
21.498 -475.738 -70.113 
21.495 -475.632 -70.113 
21.493 -475.563 -70.114 
21.490 -475.473 -70.115 
21.486 -475.373 -70.117 
21.483 -475.302 -70.118 
21.477 -475.186 -70.121 
21.466 -475.018 -70.125 
21.461 -474.946 -70.126 
21.451 -474.824 -70.130 
21.444 -474.736 -70.133 
21.435 -474.634 -70.137 
21.425 -474.540 -70.140 
21.410 -474.394 -70.146 
21.400 -474.304 -70.150 
21.391 -474.230 -70.153 
21.377 -474.118 -70.158 
21.366 -474.036 -70.162 
21.354 -473.943 -70.167 
21.341 -473.853 -70.172 
21.327 -473.760 -70.177 
21.309 -473.643 -70.184 
21.294 -473.550 -70.189 
21.280 -473.464 -70.195 
21.263 -473.364 -70.201 
21.247 -473.272 -70.208 
21.237 -473.217 -70.211 
21.219 -473.118 -70.218 
21.196 -473.001 -70.227 
21.176 -472.899 -70.234 
21.153 -472.787 -70.243 
21.130 -472.680 -70.252 
21.110 -472.591 -70.259 
21.089 -472.500 -70.266 
21.071 -472.420 -70.273 
21.044 -472.305 -70.284 
21.021 -472.208 -70.293 
20.996 -472.108 -70.302 
20.977 -472.035 -70.309 
20.960 -471.967 -70.316 
20.938 -471.884 -70.324 
20.913 -471.786 -70.334 
20.886 -471.689 -70.344 
20.863 -471.605 -70.353 
20.835 -471.508 -70.364 
20.807 -471.411 -70.374 
20.776 -471.303 -70.387 
20.747 -471.206 -70.398 
20.715 -471.101 -70.410 
20.678 -470.981 -70.424 
20.650 -470.895 -70.434 
20.630 -470.831 -70.441 
20.596 -470.727 -70.454 
20.560 -470.616 -70.468 
20.518 -470.492 -70.484 
20.489 -470.407 -70.495 
20.456 -470.311 -70.508 
20.427 -470.230 -70.518 
20.393 -470.134 -70.531 
20.345 -470.004 -70.549 
20.309 -469.906 -70.563 
20.288 -469.851 -70.571 
20.257 -469.770 -70.583 
20.209 -469.649 -70.601 
20.176 -469.566 -70.614 
20.152 -469.507 -70.623 
20.111 -469.407 -70.638 
20.077 -469.326 -70.651 
20.039 -469.235 -70.665 
20.001 -469.147 -70.680 
19.944 -469.017 -70.701 
19.913 -468.947 -70.713 
19.870 -468.851 -70.729 
19.826 -468.753 -70.746 
19.775 -468.641 -70.765 
19.724 -468.532 -70.784 
19.689 -468.457 -70.797 
19.646 -468.368 -70.813 
19.609 -468.290 -70.827 
19.552 -468.174 -70.848 
19.505 -468.080 -70.865 
19.449 -467.967 -70.886 
19.426 -467.921 -70.895 
19.384 -467.838 -70.910 
19.341 -467.755 -70.926 
19.295 -467.666 -70.943 
19.243 -467.568 -70.961 
19.195 -467.478 -70.978 
19.165 -467.421 -70.989 
19.124 -467.347 -71.004 
19.079 -467.264 -71.020 
19.023 -467.161 -71.040 
18.981 -467.086 -71.054 
18.939 -467.011 -71.069 
18.887 -466.919 -71.087 
18.825 -466.810 -71.109 
18.788 -466.746 -71.121 
18.754 -466.687 -71.133 
18.688 -466.575 -71.156 
18.635 -466.485 -71.175 
18.566 -466.369 -71.199 
18.499 -466.258 -71.222 
18.460 -466.195 -71.235 
18.396 -466.089 -71.257 
18.351 -466.015 -71.273 
18.295 -465.925 -71.291 
18.223 -465.809 -71.316 
18.150 -465.693 -71.341 
18.064 -465.556 -71.370 
18.008 -465.468 -71.388 
17.947 -465.372 -71.409 
17.906 -465.309 -71.422 
17.839 -465.205 -71.444 
17.780 -465.113 -71.464 
17.721 -465.023 -71.483 
17.681 -464.962 -71.496 
17.620 -464.872 -71.516 
17.586 -464.819 -71.527 
17.540 -464.752 -71.542 
17.463 -464.638 -71.566 
17.414 -464.567 -71.582 
17.321 -464.431 -71.611 
17.290 -464.385 -71.621 
17.237 -464.309 -71.637 
17.179 -464.224 -71.655 
17.130 -464.154 -71.670 
17.077 -464.078 -71.686 
17.012 -463.986 -71.706 
16.946 -463.891 -71.725 
16.873 -463.788 -71.747 
16.799 -463.685 -71.768 
16.754 -463.622 -71.782 
16.690 -463.534 -71.800 
16.641 -463.466 -71.815 
16.558 -463.352 -71.839 
16.504 -463.278 -71.854 
16.435 -463.185 -71.874 
16.398 -463.134 -71.885 
16.325 -463.035 -71.905 
16.271 -462.963 -71.920 
16.192 -462.858 -71.942 
16.140 -462.788 -71.957 
16.076 -462.703 -71.975 
16.052 -462.672 -71.982 
15.988 -462.588 -71.999 
15.951 -462.538 -72.010 
15.892 -462.461 -72.026 
15.817 -462.364 -72.046 
15.763 -462.295 -72.060 
15.699 -462.212 -72.077 
15.624 -462.117 -72.096 
15.558 -462.033 -72.113 
15.514 -461.976 -72.124 
15.464 -461.914 -72.137 
15.371 -461.797 -72.160 
15.284 -461.688 -72.181 
15.204 -461.589 -72.201 
15.122 -461.487 -72.221 
15.057 -461.407 -72.236 
15.007 -461.346 -72.248 
14.946 -461.272 -72.262 
14.898 -461.213 -72.274 
14.820 -461.119 -72.292 
14.772 -461.060 -72.304 
14.687 -460.957 -72.324 
14.607 -460.861 -72.342 
14.526 -460.764 -72.361 
14.450 -460.674 -72.378 
14.394 -460.607 -72.390 
14.329 -460.531 -72.404 
14.261 -460.451 -72.419 
14.205 -460.385 -72.432 
14.170 -460.345 -72.440 
14.082 -460.242 -72.459 
