21.500 -475.896 -70.112 
21.499 -475.807 -70.112 
21.497 -475.695 -70.113 
21.495 -475.618 -70.114 
21.493 -475.543 -70.115 
21.489 -475.415 -70.117 
21.485 -475.324 -70.118 
21.478 -475.192 -70.122 
21.471 -475.079 -70.125 
21.462 -474.936 -70.129 
21.450 -474.789 -70.134 
21.442 -474.695 -70.138 
21.434 -474.609 -70.141 
21.423 -474.503 -70.146 
21.413 -474.405 -70.150 
21.400 -474.291 -70.156 
21.386 -474.175 -70.162 
21.368 -474.029 -70.169 
21.348 -473.883 -70.178 
21.335 -473.798 -70.183 
21.321 -473.702 -70.190 
21.306 -473.603 -70.197 
21.287 -473.486 -70.205 
21.273 -473.402 -70.212 
21.253 -473.287 -70.221 
21.237 -473.196 -70.228 
21.212 -473.062 -70.239 
21.191 -472.953 -70.249 
21.171 -472.858 -70.258 
21.143 -472.720 -70.271 
21.117 -472.599 -70.282 
21.089 -472.476 -70.294 
21.059 -472.344 -70.307 
21.032 -472.231 -70.319 
21.015 -472.162 -70.327 
20.999 -472.098 -70.334 
20.972 -471.996 -70.345 
20.936 -471.858 -70.361 
20.904 -471.740 -70.375 
20.862 -471.594 -70.393 
20.845 -471.532 -70.401 
20.819 -471.445 -70.412 
20.797 -471.369 -70.422 
20.763 -471.258 -70.437 
20.725 -471.136 -70.453 
20.695 -471.040 -70.466 
20.660 -470.932 -70.481 
20.624 -470.822 -70.497 
20.602 -470.755 -70.507 
20.555 -470.617 -70.527 
20.528 -470.541 -70.538 
20.496 -470.451 -70.552 
20.460 -470.351 -70.567 
20.427 -470.259 -70.582 
20.386 -470.149 -70.599 
20.346 -470.041 -70.617 
20.303 -469.929 -70.635 
20.263 -469.828 -70.652 
20.242 -469.772 -70.661 
20.205 -469.679 -70.677 
20.187 -469.634 -70.684 
20.158 -469.564 -70.697 
20.122 -469.476 -70.712 
20.096 -469.413 -70.723 
20.055 -469.316 -70.740 
20.019 -469.231 -70.755 
19.978 -469.135 -70.773 
19.941 -469.049 -70.788 
19.903 -468.964 -70.803 
19.855 -468.855 -70.823 
19.819 -468.774 -70.838 
19.780 -468.689 -70.854 
19.738 -468.597 -70.871 
19.670 -468.452 -70.898 
19.615 -468.336 -70.921 
19.571 -468.244 -70.938 
19.532 -468.165 -70.954 
19.498 -468.097 -70.967 
19.446 -467.992 -70.987 
19.376 -467.854 -71.015 
19.330 -467.764 -71.033 
19.282 -467.673 -71.051 
19.234 -467.581 -71.070 
19.190 -467.497 -71.087 
19.145 -467.413 -71.104 
19.094 -467.317 -71.124 
19.060 -467.256 -71.137 
19.009 -467.162 -71.156 
18.956 -467.065 -71.177 
18.926 -467.010 -71.188 
18.880 -466.928 -71.205 
18.831 -466.841 -71.224 
18.765 -466.725 -71.249 
18.730 -466.664 -71.262 
18.662 -466.548 -71.287 
18.603 -466.447 -71.309 
18.564 -466.380 -71.323 
18.506 -466.284 -71.344 
18.474 -466.228 -71.356 
18.413 -466.127 -71.379 
18.338 -466.004 -71.406 
18.266 -465.884 -71.432 
18.208 -465.789 -71.453 
18.177 -465.740 -71.464 
18.130 -465.664 -71.481 
18.083 -465.589 -71.498 
18.034 -465.510 -71.515 
17.973 -465.412 -71.537 
17.906 -465.307 -71.560 
17.849 -465.218 -71.580 
17.815 -465.165 -71.592 
17.777 -465.106 -71.605 
17.725 -465.025 -71.623 
17.678 -464.952 -71.639 
17.619 -464.862 -71.659 
17.572 -464.791 -71.675 
17.540 -464.742 -71.686 
17.495 -464.674 -71.701 
17.423 -464.565 -71.725 
17.349 -464.454 -71.750 
17.300 -464.381 -71.766 
17.256 -464.316 -71.780 
17.188 -464.215 -71.803 
17.111 -464.102 -71.827 
17.044 -464.004 -71.849 
16.967 -463.893 -71.873 
16.906 -463.805 -71.892 
16.832 -463.699 -71.915 
16.781 -463.626 -71.931 
16.711 -463.527 -71.952 
16.668 -463.465 -71.966 
16.621 -463.399 -71.980 
16.556 -463.308 -72.000 
16.459 -463.174 -72.028 
16.381 -463.066 -72.051 
16.301 -462.956 -72.075 
16.253 -462.889 -72.089 
16.190 -462.804 -72.107 
16.137 -462.732 -72.123 
16.096 -462.677 -72.134 
16.016 -462.569 -72.157 
15.939 -462.466 -72.179 
15.876 -462.382 -72.196 
15.814 -462.300 -72.213 
15.749 -462.214 -72.231 
15.696 -462.144 -72.246 
15.609 -462.032 -72.269 
15.550 -461.955 -72.285 
15.496 -461.885 -72.299 
15.433 -461.803 -72.316 
15.371 -461.723 -72.332 
15.304 -461.637 -72.350 
15.255 -461.575 -72.363 
15.191 -461.493 -72.380 
15.127 -461.413 -72.396 
15.052 -461.320 -72.415 
14.976 -461.225 -72.435 
14.919 -461.154 -72.449 
14.870 -461.094 -72.461 
14.807 -461.016 -72.477 
14.706 -460.893 -72.502 
14.645 -460.817 -72.517 
14.597 -460.759 -72.529 
14.547 -460.699 -72.541 
14.504 -460.647 -72.551 
14.430 -460.558 -72.569 
14.381 -460.499 -72.581 
14.306 -460.409 -72.599 
14.239 -460.329 -72.615 
14.180 -460.260 -72.629 
14.113 -460.181 -72.644 
