26.390 -423.595 -82.405 
26.380 -423.505 -82.410 
26.369 -423.408 -82.416 
26.358 -423.317 -82.421 
26.348 -423.238 -82.426 
26.336 -423.146 -82.431 
26.321 -423.043 -82.438 
26.308 -422.949 -82.445 
26.288 -422.821 -82.454 
26.267 -422.690 -82.463 
26.249 -422.583 -82.471 
26.233 -422.495 -82.478 
26.219 -422.414 -82.485 
26.200 -422.316 -82.493 
26.186 -422.239 -82.499 
26.150 -422.065 -82.514 
26.132 -421.979 -82.522 
26.118 -421.912 -82.528 
26.093 -421.800 -82.539 
26.074 -421.718 -82.547 
26.052 -421.622 -82.557 
26.031 -421.535 -82.566 
26.013 -421.463 -82.573 
25.988 -421.366 -82.584 
25.960 -421.259 -82.596 
25.931 -421.149 -82.609 
25.907 -421.060 -82.619 
25.887 -420.990 -82.627 
25.861 -420.897 -82.638 
25.839 -420.822 -82.647 
25.814 -420.738 -82.658 
25.782 -420.631 -82.671 
25.739 -420.492 -82.689 
25.719 -420.428 -82.697 
25.681 -420.311 -82.713 
25.639 -420.183 -82.730 
25.599 -420.064 -82.746 
25.562 -419.957 -82.761 
25.533 -419.873 -82.772 
25.502 -419.786 -82.785 
25.466 -419.685 -82.799 
25.430 -419.587 -82.813 
25.397 -419.498 -82.826 
25.360 -419.401 -82.841 
25.317 -419.289 -82.858 
25.287 -419.211 -82.870 
25.262 -419.146 -82.880 
25.208 -419.011 -82.901 
25.182 -418.946 -82.911 
25.143 -418.850 -82.927 
25.095 -418.736 -82.945 
25.055 -418.639 -82.961 
25.000 -418.511 -82.983 
24.959 -418.419 -82.999 
24.909 -418.308 -83.019 
24.834 -418.144 -83.049 
24.771 -418.012 -83.074 
24.739 -417.945 -83.087 
24.696 -417.857 -83.104 
24.631 -417.727 -83.130 
24.555 -417.578 -83.160 
24.500 -417.472 -83.183 
24.435 -417.351 -83.209 
24.394 -417.275 -83.225 
24.346 -417.189 -83.244 
24.283 -417.077 -83.269 
24.224 -416.974 -83.293 
24.173 -416.887 -83.314 
24.124 -416.804 -83.333 
24.073 -416.719 -83.354 
24.022 -416.636 -83.374 
23.937 -416.500 -83.407 
23.894 -416.431 -83.425 
23.823 -416.323 -83.452 
23.754 -416.219 -83.480 
23.696 -416.132 -83.503 
23.629 -416.035 -83.529 
23.567 -415.946 -83.553 
23.529 -415.893 -83.568 
23.467 -415.806 -83.593 
23.424 -415.747 -83.610 
23.376 -415.683 -83.628 
23.302 -415.585 -83.658 
23.255 -415.524 -83.676 
23.185 -415.434 -83.704 
23.126 -415.360 -83.727 
23.048 -415.263 -83.758 
22.966 -415.163 -83.791 
22.898 -415.083 -83.818 
22.841 -415.016 -83.841 
22.768 -414.932 -83.870 
22.713 -414.870 -83.892 
22.671 -414.822 -83.909 
22.604 -414.748 -83.936 
22.543 -414.681 -83.960 
22.486 -414.620 -83.984 
22.414 -414.544 -84.013 
22.340 -414.467 -84.042 
22.253 -414.378 -84.078 
22.176 -414.302 -84.109 
22.110 -414.237 -84.135 
22.025 -414.154 -84.170 
21.976 -414.108 -84.189 
21.906 -414.042 -84.218 
21.840 -413.981 -84.245 
21.796 -413.941 -84.263 
21.754 -413.903 -84.279 
21.672 -413.830 -84.313 
21.605 -413.772 -84.340 
21.484 -413.668 -84.388 
21.412 -413.607 -84.417 
21.318 -413.529 -84.455 
21.181 -413.420 -84.511 
21.071 -413.334 -84.555 
20.983 -413.267 -84.591 
20.894 -413.201 -84.626 
20.806 -413.137 -84.662 
20.730 -413.082 -84.693 
20.680 -413.047 -84.713 
20.613 -413.000 -84.740 
20.549 -412.956 -84.767 
20.480 -412.909 -84.795 
20.404 -412.859 -84.826 
20.334 -412.813 -84.854 
20.268 -412.771 -84.881 
20.169 -412.708 -84.922 
20.085 -412.656 -84.956 
20.008 -412.610 -84.987 
19.881 -412.534 -85.039 
19.844 -412.513 -85.054 
19.763 -412.466 -85.088 
19.647 -412.402 -85.135 
19.562 -412.355 -85.170 
19.449 -412.295 -85.216 
19.319 -412.227 -85.270 
19.252 -412.194 -85.298 
19.174 -412.154 -85.330 
19.026 -412.083 -85.392 
18.906 -412.027 -85.441 
18.831 -411.993 -85.472 
18.758 -411.960 -85.503 
18.672 -411.923 -85.538 
18.576 -411.881 -85.578 
18.505 -411.851 -85.607 
18.442 -411.826 -85.634 
18.361 -411.793 -85.667 
18.256 -411.751 -85.711 
18.166 -411.716 -85.748 
18.061 -411.676 -85.792 
17.954 -411.637 -85.836 
17.856 -411.602 -85.877 
17.746 -411.564 -85.922 
17.674 -411.540 -85.952 
17.569 -411.505 -85.995 
17.498 -411.482 -86.025 
17.401 -411.452 -86.065 
17.321 -411.427 -86.098 
17.214 -411.395 -86.142 
17.123 -411.369 -86.180 
17.029 -411.343 -86.219 
16.922 -411.314 -86.263 
16.867 -411.299 -86.287 
16.805 -411.283 -86.312 
16.720 -411.262 -86.348 
16.635 -411.241 -86.383 
16.559 -411.224 -86.415 
16.468 -411.203 -86.453 
16.382 -411.184 -86.489 
16.248 -411.155 -86.545 
16.147 -411.135 -86.587 
16.072 -411.120 -86.617 
15.939 -411.095 -86.673 
15.899 -411.088 -86.690 
15.815 -411.073 -86.725 
15.667 -411.049 -86.786 
15.602 -411.039 -86.813 
15.530 -411.028 -86.843 
15.351 -411.003 -86.918 
15.247 -410.989 -86.961 
15.150 -410.978 -87.002 
15.085 -410.970 -87.029 
14.987 -410.960 -87.070 
14.842 -410.947 -87.131 
14.707 -410.937 -87.187 
14.583 -410.929 -87.239 
14.494 -410.924 -87.277 
14.392 -410.919 -87.320 
14.276 -410.915 -87.369 
14.189 -410.913 -87.405 
14.093 -410.911 -87.445 
13.980 -410.910 -87.493 
13.843 -410.910 -87.550 
13.708 -410.911 -87.607 
13.621 -410.913 -87.643 
13.499 -410.917 -87.695 
13.379 -410.922 -87.745 
13.276 -410.927 -87.789 
13.199 -410.930 -87.822 
13.070 -410.938 -87.876 
12.961 -410.946 -87.922 
12.869 -410.952 -87.961 
12.789 -410.958 -87.994 
12.704 -410.965 -88.030 
12.603 -410.974 -88.072 
12.518 -410.982 -88.107 
12.410 -410.991 -88.152 
12.331 -410.999 -88.185 
12.242 -411.008 -88.221 
12.140 -411.019 -88.264 
12.037 -411.030 -88.306 
11.930 -411.042 -88.350 
11.852 -411.052 -88.382 
11.760 -411.063 -88.420 
11.664 -411.076 -88.459 
11.594 -411.085 -88.488 
11.513 -411.097 -88.521 
