26.391 -423.614 -82.404 
26.382 -423.526 -82.409 
26.372 -423.437 -82.414 
26.360 -423.332 -82.420 
26.344 -423.205 -82.428 
26.336 -423.145 -82.432 
26.326 -423.071 -82.437 
26.313 -422.980 -82.443 
26.298 -422.876 -82.451 
26.282 -422.772 -82.459 
26.268 -422.686 -82.465 
26.252 -422.587 -82.473 
26.237 -422.503 -82.480 
26.225 -422.433 -82.486 
26.202 -422.310 -82.497 
26.180 -422.196 -82.508 
26.163 -422.111 -82.515 
26.142 -422.005 -82.526 
26.115 -421.879 -82.538 
26.088 -421.758 -82.550 
26.054 -421.607 -82.566 
26.024 -421.482 -82.580 
26.002 -421.392 -82.590 
25.977 -421.295 -82.601 
25.961 -421.231 -82.608 
25.931 -421.119 -82.621 
25.895 -420.985 -82.638 
25.869 -420.895 -82.649 
25.844 -420.805 -82.660 
25.813 -420.700 -82.674 
25.790 -420.623 -82.684 
25.755 -420.508 -82.700 
25.737 -420.453 -82.707 
25.694 -420.315 -82.726 
25.662 -420.217 -82.740 
25.636 -420.137 -82.752 
25.611 -420.061 -82.763 
25.588 -419.992 -82.773 
25.559 -419.909 -82.785 
25.528 -419.816 -82.799 
25.500 -419.738 -82.811 
25.460 -419.625 -82.829 
25.430 -419.544 -82.841 
25.389 -419.432 -82.859 
25.362 -419.362 -82.871 
25.326 -419.267 -82.886 
25.290 -419.174 -82.902 
25.246 -419.062 -82.920 
25.208 -418.966 -82.936 
25.176 -418.886 -82.950 
25.143 -418.807 -82.963 
25.096 -418.692 -82.984 
25.053 -418.590 -83.002 
25.001 -418.470 -83.024 
24.962 -418.381 -83.040 
24.907 -418.260 -83.063 
24.870 -418.178 -83.078 
24.842 -418.117 -83.090 
24.798 -418.022 -83.109 
24.743 -417.908 -83.132 
24.690 -417.798 -83.154 
24.638 -417.694 -83.177 
24.588 -417.596 -83.198 
24.549 -417.521 -83.214 
24.500 -417.427 -83.235 
24.467 -417.365 -83.249 
24.418 -417.276 -83.270 
24.353 -417.156 -83.298 
24.309 -417.079 -83.316 
24.253 -416.981 -83.339 
24.218 -416.920 -83.354 
24.167 -416.833 -83.375 
24.114 -416.744 -83.398 
24.062 -416.657 -83.420 
24.003 -416.561 -83.445 
23.946 -416.471 -83.468 
23.903 -416.403 -83.487 
23.835 -416.298 -83.516 
23.776 -416.208 -83.541 
23.727 -416.135 -83.561 
23.663 -416.040 -83.589 
23.611 -415.965 -83.611 
23.568 -415.903 -83.629 
23.520 -415.835 -83.650 
23.445 -415.733 -83.681 
23.401 -415.673 -83.700 
23.322 -415.567 -83.733 
23.253 -415.476 -83.762 
23.178 -415.379 -83.794 
23.109 -415.293 -83.822 
23.056 -415.227 -83.845 
22.984 -415.140 -83.875 
22.938 -415.084 -83.894 
22.894 -415.032 -83.913 
22.853 -414.984 -83.930 
22.781 -414.901 -83.960 
22.717 -414.828 -83.987 
22.662 -414.767 -84.010 
22.597 -414.695 -84.037 
22.529 -414.621 -84.066 
22.468 -414.555 -84.092 
22.387 -414.470 -84.125 
22.338 -414.420 -84.146 
22.279 -414.359 -84.171 
22.212 -414.292 -84.199 
22.145 -414.225 -84.226 
22.083 -414.165 -84.252 
22.011 -414.096 -84.282 
21.950 -414.038 -84.307 
21.896 -413.988 -84.329 
21.835 -413.932 -84.354 
21.760 -413.864 -84.386 
21.678 -413.791 -84.419 
21.632 -413.750 -84.439 
21.565 -413.692 -84.466 
21.471 -413.612 -84.505 
21.392 -413.546 -84.537 
21.321 -413.488 -84.567 
21.253 -413.433 -84.595 
21.175 -413.371 -84.627 
21.086 -413.302 -84.664 
21.037 -413.264 -84.684 
20.963 -413.208 -84.715 
20.925 -413.179 -84.731 
20.854 -413.126 -84.761 
20.760 -413.058 -84.800 
20.688 -413.007 -84.830 
20.611 -412.953 -84.862 
20.560 -412.918 -84.884 
20.485 -412.866 -84.915 
20.393 -412.805 -84.953 
20.326 -412.761 -84.981 
20.241 -412.707 -85.016 
20.157 -412.654 -85.051 
20.094 -412.614 -85.078 
20.028 -412.574 -85.105 
19.941 -412.522 -85.141 
19.844 -412.465 -85.182 
19.766 -412.420 -85.215 
19.708 -412.387 -85.239 
19.612 -412.334 -85.279 
19.513 -412.281 -85.320 
19.420 -412.232 -85.358 
19.327 -412.184 -85.397 
19.262 -412.151 -85.423 
19.187 -412.113 -85.454 
19.097 -412.069 -85.491 
19.020 -412.031 -85.523 
18.928 -411.988 -85.560 
18.855 -411.954 -85.590 
18.789 -411.923 -85.617 
18.721 -411.892 -85.645 
18.645 -411.859 -85.676 
18.539 -411.812 -85.719 
18.446 -411.772 -85.757 
18.357 -411.735 -85.793 
18.265 -411.697 -85.831 
18.167 -411.657 -85.870 
18.070 -411.618 -85.910 
17.984 -411.584 -85.945 
17.888 -411.548 -85.984 
17.839 -411.530 -86.004 
17.747 -411.496 -86.042 
17.654 -411.463 -86.079 
17.573 -411.435 -86.113 
17.487 -411.406 -86.148 
17.404 -411.378 -86.182 
17.343 -411.358 -86.207 
17.226 -411.320 -86.254 
17.153 -411.297 -86.284 
17.071 -411.271 -86.318 
17.012 -411.253 -86.341 
16.904 -411.220 -86.385 
16.794 -411.188 -86.430 
16.698 -411.160 -86.468 
16.622 -411.139 -86.499 
16.559 -411.122 -86.524 
16.468 -411.097 -86.561 
16.386 -411.076 -86.594 
16.297 -411.053 -86.630 
16.219 -411.034 -86.662 
16.132 -411.014 -86.697 
16.011 -410.986 -86.746 
15.897 -410.961 -86.791 
15.816 -410.944 -86.823 
15.745 -410.929 -86.852 
15.675 -410.915 -86.879 
15.582 -410.897 -86.916 
15.470 -410.876 -86.960 
15.363 -410.856 -87.002 
15.268 -410.840 -87.040 
15.181 -410.825 -87.074 
15.092 -410.812 -87.109 
15.018 -410.801 -87.139 
14.890 -410.783 -87.189 
14.715 -410.761 -87.258 
14.658 -410.755 -87.280 
14.564 -410.745 -87.318 
14.463 -410.735 -87.357 
14.376 -410.727 -87.391 
14.302 -410.720 -87.420 
14.237 -410.715 -87.445 
14.144 -410.708 -87.481 
14.041 -410.701 -87.521 
13.919 -410.695 -87.568 
13.819 -410.690 -87.607 
13.769 -410.688 -87.626 
13.636 -410.683 -87.678 
13.544 -410.680 -87.713 
13.475 -410.678 -87.740 
13.374 -410.676 -87.779 
13.267 -410.674 -87.820 
13.175 -410.673 -87.855 
13.132 -410.673 -87.871 
13.000 -410.673 -87.922 
12.900 -410.673 -87.960 
12.748 -410.674 -88.018 
12.654 -410.675 -88.054 
12.579 -410.677 -88.082 
12.480 -410.679 -88.120 
12.365 -410.682 -88.164 
12.263 -410.685 -88.202 
12.195 -410.687 -88.228 
12.067 -410.692 -88.277 
11.968 -410.697 -88.314 
11.866 -410.701 -88.353 
11.747 -410.707 -88.398 
11.611 -410.715 -88.448 
11.523 -410.720 -88.482 
11.419 -410.727 -88.520 
11.293 -410.735 -88.567 
11.193 -410.743 -88.605 
