24.700 -458.391 -70.112 
24.698 -458.259 -70.113 
24.697 -458.198 -70.114 
24.694 -458.098 -70.115 
24.692 -458.017 -70.116 
24.688 -457.913 -70.118 
24.682 -457.793 -70.120 
24.674 -457.645 -70.124 
24.667 -457.536 -70.128 
24.662 -457.463 -70.130 
24.653 -457.355 -70.134 
24.644 -457.251 -70.138 
24.636 -457.165 -70.142 
24.628 -457.089 -70.145 
24.615 -456.965 -70.151 
24.601 -456.843 -70.157 
24.588 -456.740 -70.163 
24.573 -456.630 -70.170 
24.554 -456.498 -70.178 
24.542 -456.416 -70.184 
24.524 -456.303 -70.192 
24.515 -456.247 -70.196 
24.496 -456.136 -70.204 
24.470 -455.993 -70.216 
24.456 -455.922 -70.222 
24.442 -455.848 -70.228 
24.423 -455.755 -70.236 
24.404 -455.666 -70.244 
24.391 -455.602 -70.251 
24.375 -455.533 -70.257 
24.351 -455.425 -70.268 
24.329 -455.329 -70.278 
24.309 -455.246 -70.287 
24.279 -455.125 -70.300 
24.259 -455.047 -70.308 
24.239 -454.970 -70.317 
24.211 -454.863 -70.330 
24.179 -454.745 -70.344 
24.157 -454.668 -70.354 
24.137 -454.596 -70.363 
24.102 -454.475 -70.378 
24.074 -454.383 -70.390 
24.036 -454.260 -70.407 
24.011 -454.179 -70.418 
23.965 -454.038 -70.438 
23.922 -453.907 -70.457 
23.882 -453.792 -70.474 
23.857 -453.720 -70.485 
23.830 -453.644 -70.497 
23.784 -453.516 -70.516 
23.742 -453.404 -70.534 
23.704 -453.303 -70.551 
23.677 -453.235 -70.562 
23.648 -453.161 -70.575 
23.597 -453.036 -70.596 
23.558 -452.941 -70.613 
23.528 -452.871 -70.625 
23.493 -452.788 -70.640 
23.440 -452.668 -70.662 
23.390 -452.556 -70.683 
23.359 -452.489 -70.696 
23.318 -452.399 -70.714 
23.284 -452.328 -70.728 
23.233 -452.221 -70.750 
23.181 -452.114 -70.772 
23.105 -451.964 -70.803 
23.058 -451.872 -70.823 
23.012 -451.782 -70.842 
22.956 -451.678 -70.865 
22.905 -451.582 -70.886 
22.849 -451.481 -70.909 
22.808 -451.407 -70.927 
22.762 -451.327 -70.946 
22.710 -451.236 -70.968 
22.667 -451.163 -70.986 
22.614 -451.072 -71.008 
22.573 -451.006 -71.025 
22.506 -450.895 -71.054 
22.474 -450.843 -71.067 
22.415 -450.750 -71.092 
22.344 -450.639 -71.122 
22.300 -450.572 -71.140 
22.235 -450.474 -71.167 
22.174 -450.383 -71.192 
22.107 -450.285 -71.220 
22.051 -450.204 -71.243 
22.004 -450.137 -71.263 
21.952 -450.065 -71.284 
21.902 -449.995 -71.305 
21.846 -449.919 -71.327 
21.776 -449.825 -71.356 
21.700 -449.722 -71.387 
21.631 -449.633 -71.415 
21.563 -449.544 -71.442 
21.495 -449.457 -71.470 
21.465 -449.420 -71.482 
21.407 -449.347 -71.506 
21.340 -449.264 -71.533 
21.293 -449.207 -71.552 
21.229 -449.130 -71.577 
21.158 -449.045 -71.606 
21.100 -448.977 -71.629 
21.024 -448.890 -71.659 
20.960 -448.817 -71.685 
20.897 -448.747 -71.710 
20.835 -448.678 -71.735 
20.772 -448.608 -71.760 
20.709 -448.540 -71.786 
20.651 -448.479 -71.809 
20.562 -448.384 -71.845 
20.489 -448.308 -71.874 
20.454 -448.272 -71.888 
20.416 -448.232 -71.904 
20.347 -448.162 -71.931 
20.277 -448.091 -71.959 
20.217 -448.031 -71.984 
20.166 -447.980 -72.004 
20.110 -447.924 -72.027 
20.026 -447.843 -72.060 
19.958 -447.778 -72.087 
19.901 -447.723 -72.110 
19.804 -447.632 -72.148 
19.755 -447.586 -72.168 
19.691 -447.527 -72.193 
19.620 -447.463 -72.221 
19.526 -447.378 -72.259 
19.434 -447.297 -72.295 
19.369 -447.239 -72.320 
19.322 -447.198 -72.339 
19.262 -447.145 -72.362 
19.180 -447.075 -72.394 
19.086 -446.995 -72.431 
19.007 -446.928 -72.462 
18.935 -446.868 -72.490 
18.871 -446.815 -72.515 
18.769 -446.732 -72.555 
18.696 -446.673 -72.583 
18.640 -446.629 -72.606 
18.526 -446.539 -72.650 
18.475 -446.499 -72.670 
18.423 -446.458 -72.690 
18.332 -446.389 -72.726 
18.268 -446.340 -72.751 
18.156 -446.256 -72.794 
18.064 -446.188 -72.830 
17.983 -446.129 -72.862 
17.904 -446.072 -72.893 
17.843 -446.029 -72.916 
17.789 -445.991 -72.937 
17.683 -445.917 -72.978 
17.605 -445.864 -73.009 
17.537 -445.818 -73.035 
17.479 -445.779 -73.058 
17.414 -445.734 -73.083 
17.338 -445.684 -73.113 
17.254 -445.629 -73.145 
17.185 -445.584 -73.172 
17.116 -445.539 -73.199 
17.050 -445.496 -73.225 
16.981 -445.452 -73.251 
16.933 -445.421 -73.270 
16.815 -445.348 -73.316 
16.734 -445.298 -73.347 
16.644 -445.242 -73.382 
16.546 -445.182 -73.420 
16.439 -445.117 -73.461 
16.355 -445.067 -73.493 
16.229 -444.992 -73.542 
16.149 -444.945 -73.572 
16.083 -444.906 -73.597 
16.023 -444.871 -73.620 
15.939 -444.823 -73.652 
15.860 -444.777 -73.683 
15.785 -444.735 -73.711 
15.710 -444.693 -73.739 
15.603 -444.632 -73.780 
15.492 -444.571 -73.821 
15.404 -444.523 -73.855 
15.299 -444.466 -73.894 
15.203 -444.414 -73.929 
15.090 -444.353 -73.971 
15.018 -444.315 -73.998 
14.937 -444.272 -74.027 
14.865 -444.234 -74.054 
14.730 -444.163 -74.103 
14.621 -444.106 -74.143 
14.565 -444.077 -74.163 
14.520 -444.053 -74.179 
14.401 -443.992 -74.221 
14.276 -443.929 -74.265 
14.162 -443.871 -74.305 
14.108 -443.843 -74.324 
