21.500 -475.927 -70.112 
21.499 -475.820 -70.112 
21.497 -475.710 -70.113 
21.494 -475.559 -70.114 
21.491 -475.489 -70.115 
21.487 -475.388 -70.116 
21.482 -475.269 -70.118 
21.476 -475.165 -70.120 
21.471 -475.081 -70.122 
21.465 -474.992 -70.124 
21.457 -474.887 -70.126 
21.449 -474.782 -70.129 
21.441 -474.686 -70.132 
21.427 -474.543 -70.138 
21.415 -474.426 -70.142 
21.402 -474.312 -70.147 
21.393 -474.227 -70.151 
21.383 -474.145 -70.155 
21.364 -473.997 -70.162 
21.347 -473.872 -70.169 
21.330 -473.758 -70.175 
21.307 -473.606 -70.184 
21.296 -473.541 -70.188 
21.270 -473.382 -70.199 
21.255 -473.298 -70.204 
21.235 -473.188 -70.212 
21.218 -473.099 -70.219 
21.194 -472.978 -70.228 
21.176 -472.891 -70.235 
21.165 -472.837 -70.240 
21.148 -472.759 -70.246 
21.136 -472.701 -70.251 
21.113 -472.599 -70.260 
21.088 -472.492 -70.269 
21.063 -472.385 -70.279 
21.038 -472.286 -70.288 
21.013 -472.185 -70.298 
20.981 -472.060 -70.310 
20.947 -471.933 -70.323 
20.924 -471.847 -70.332 
20.905 -471.776 -70.339 
20.867 -471.641 -70.354 
20.850 -471.584 -70.360 
20.828 -471.508 -70.369 
20.805 -471.429 -70.378 
20.776 -471.335 -70.389 
20.741 -471.218 -70.404 
20.703 -471.099 -70.419 
20.687 -471.048 -70.425 
20.660 -470.964 -70.436 
20.634 -470.885 -70.446 
20.602 -470.789 -70.459 
20.571 -470.696 -70.471 
20.544 -470.616 -70.481 
20.509 -470.514 -70.495 
20.477 -470.421 -70.508 
20.448 -470.341 -70.519 
20.424 -470.274 -70.528 
20.399 -470.204 -70.538 
20.358 -470.093 -70.554 
20.310 -469.964 -70.573 
20.269 -469.856 -70.589 
20.218 -469.725 -70.608 
20.169 -469.601 -70.627 
20.143 -469.538 -70.637 
20.120 -469.482 -70.646 
20.078 -469.380 -70.662 
20.040 -469.291 -70.676 
19.990 -469.173 -70.695 
19.953 -469.089 -70.709 
19.921 -469.017 -70.721 
19.878 -468.920 -70.737 
19.816 -468.785 -70.760 
19.761 -468.665 -70.781 
19.713 -468.563 -70.799 
19.661 -468.453 -70.818 
19.615 -468.356 -70.836 
19.567 -468.258 -70.853 
19.540 -468.204 -70.863 
19.502 -468.127 -70.877 
19.449 -468.022 -70.896 
19.414 -467.952 -70.909 
19.339 -467.804 -70.937 
19.314 -467.755 -70.946 
19.269 -467.669 -70.963 
19.203 -467.544 -70.987 
19.157 -467.457 -71.004 
19.109 -467.367 -71.021 
19.082 -467.318 -71.031 
19.045 -467.249 -71.045 
18.982 -467.134 -71.067 
18.940 -467.059 -71.082 
18.892 -466.972 -71.100 
18.866 -466.925 -71.109 
18.816 -466.838 -71.127 
18.777 -466.769 -71.141 
18.721 -466.672 -71.161 
18.687 -466.614 -71.173 
18.621 -466.500 -71.197 
18.565 -466.406 -71.216 
18.496 -466.291 -71.240 
18.454 -466.221 -71.255 
18.405 -466.140 -71.272 
18.364 -466.072 -71.287 
18.303 -465.973 -71.308 
18.276 -465.929 -71.318 
18.219 -465.837 -71.337 
18.158 -465.740 -71.358 
18.099 -465.648 -71.378 
18.055 -465.578 -71.393 
17.983 -465.464 -71.417 
17.940 -465.397 -71.432 
17.903 -465.340 -71.444 
17.853 -465.262 -71.460 
17.810 -465.196 -71.474 
17.769 -465.133 -71.488 
17.689 -465.011 -71.514 
17.630 -464.921 -71.534 
17.555 -464.807 -71.558 
17.519 -464.753 -71.570 
17.475 -464.687 -71.584 
17.420 -464.604 -71.602 
17.362 -464.518 -71.620 
17.320 -464.455 -71.634 
17.251 -464.353 -71.656 
17.192 -464.265 -71.674 
17.141 -464.190 -71.690 
17.080 -464.102 -71.709 
17.017 -464.009 -71.728 
16.968 -463.939 -71.743 
16.911 -463.858 -71.761 
16.854 -463.776 -71.778 
16.795 -463.693 -71.796 
16.752 -463.632 -71.809 
16.699 -463.558 -71.824 
16.647 -463.485 -71.840 
16.585 -463.398 -71.859 
16.511 -463.295 -71.881 
16.474 -463.244 -71.892 
16.420 -463.168 -71.908 
16.350 -463.072 -71.928 
16.306 -463.012 -71.941 
16.238 -462.919 -71.961 
16.161 -462.814 -71.983 
16.106 -462.740 -71.999 
16.015 -462.618 -72.024 
15.963 -462.548 -72.039 
15.898 -462.463 -72.057 
15.845 -462.392 -72.071 
15.762 -462.281 -72.095 
15.694 -462.192 -72.113 
15.656 -462.141 -72.124 
15.621 -462.095 -72.133 
15.572 -462.031 -72.147 
15.495 -461.933 -72.167 
15.447 -461.871 -72.180 
15.403 -461.815 -72.191 
15.363 -461.763 -72.202 
15.325 -461.715 -72.212 
15.267 -461.642 -72.227 
15.211 -461.572 -72.241 
15.151 -461.495 -72.257 
15.118 -461.454 -72.265 
15.063 -461.386 -72.279 
15.019 -461.331 -72.290 
14.942 -461.236 -72.310 
14.847 -461.119 -72.333 
14.769 -461.024 -72.353 
14.683 -460.919 -72.374 
14.628 -460.852 -72.387 
14.564 -460.775 -72.403 
14.498 -460.696 -72.419 
14.423 -460.606 -72.437 
14.374 -460.548 -72.448 
14.296 -460.456 -72.467 
14.237 -460.386 -72.481 
14.157 -460.293 -72.500 
14.088 -460.212 -72.516 
