26.389 -423.590 -82.406 
26.380 -423.509 -82.410 
26.372 -423.433 -82.414 
26.359 -423.323 -82.421 
26.338 -423.164 -82.430 
26.324 -423.063 -82.437 
26.309 -422.959 -82.444 
26.295 -422.867 -82.451 
26.279 -422.768 -82.458 
26.266 -422.689 -82.464 
26.255 -422.625 -82.469 
26.238 -422.525 -82.477 
26.218 -422.415 -82.486 
26.199 -422.317 -82.495 
26.174 -422.191 -82.506 
26.142 -422.032 -82.520 
26.129 -421.971 -82.526 
26.110 -421.884 -82.535 
26.091 -421.798 -82.543 
26.067 -421.691 -82.554 
26.051 -421.623 -82.561 
26.025 -421.516 -82.573 
25.993 -421.386 -82.588 
25.972 -421.306 -82.597 
25.950 -421.223 -82.607 
25.915 -421.093 -82.622 
25.888 -420.995 -82.634 
25.868 -420.926 -82.643 
25.833 -420.805 -82.658 
25.800 -420.693 -82.673 
25.773 -420.604 -82.685 
25.739 -420.494 -82.700 
25.702 -420.378 -82.716 
25.680 -420.311 -82.725 
25.642 -420.195 -82.742 
25.613 -420.109 -82.754 
25.577 -420.005 -82.770 
25.550 -419.926 -82.782 
25.499 -419.784 -82.804 
25.477 -419.722 -82.813 
25.444 -419.633 -82.828 
25.416 -419.560 -82.839 
25.379 -419.462 -82.856 
25.339 -419.359 -82.873 
25.306 -419.274 -82.888 
25.281 -419.211 -82.899 
25.258 -419.151 -82.909 
25.226 -419.073 -82.923 
25.195 -418.996 -82.937 
25.159 -418.907 -82.953 
25.107 -418.784 -82.975 
25.072 -418.702 -82.990 
25.029 -418.600 -83.010 
24.980 -418.488 -83.031 
24.952 -418.425 -83.043 
24.916 -418.344 -83.059 
24.867 -418.235 -83.080 
24.816 -418.123 -83.102 
24.781 -418.049 -83.117 
24.743 -417.969 -83.133 
24.689 -417.858 -83.156 
24.639 -417.756 -83.177 
24.598 -417.674 -83.195 
24.542 -417.565 -83.219 
24.485 -417.456 -83.243 
24.439 -417.368 -83.263 
24.403 -417.303 -83.278 
24.357 -417.218 -83.298 
24.316 -417.144 -83.315 
24.256 -417.038 -83.341 
24.186 -416.917 -83.370 
24.124 -416.811 -83.397 
24.077 -416.733 -83.416 
24.003 -416.612 -83.448 
23.963 -416.548 -83.464 
23.894 -416.439 -83.493 
23.828 -416.336 -83.521 
23.767 -416.243 -83.546 
23.706 -416.152 -83.572 
23.662 -416.087 -83.591 
23.623 -416.030 -83.607 
23.560 -415.941 -83.633 
23.517 -415.879 -83.652 
23.458 -415.797 -83.677 
23.370 -415.678 -83.713 
23.327 -415.620 -83.732 
23.245 -415.514 -83.766 
23.176 -415.424 -83.795 
23.111 -415.343 -83.823 
23.060 -415.280 -83.844 
22.967 -415.167 -83.883 
22.892 -415.079 -83.915 
22.852 -415.032 -83.932 
22.792 -414.963 -83.957 
22.707 -414.868 -83.992 
22.658 -414.813 -84.012 
22.582 -414.731 -84.044 
22.527 -414.672 -84.066 
22.462 -414.602 -84.093 
22.382 -414.520 -84.126 
22.313 -414.449 -84.155 
22.218 -414.354 -84.195 
22.146 -414.284 -84.225 
22.078 -414.218 -84.253 
22.011 -414.156 -84.281 
21.916 -414.067 -84.322 
21.833 -413.992 -84.357 
21.768 -413.935 -84.385 
21.711 -413.885 -84.409 
21.633 -413.818 -84.442 
21.539 -413.738 -84.482 
21.481 -413.691 -84.507 
21.422 -413.642 -84.532 
21.343 -413.579 -84.566 
21.268 -413.519 -84.598 
21.181 -413.452 -84.635 
21.107 -413.396 -84.666 
21.029 -413.337 -84.700 
20.956 -413.284 -84.730 
20.863 -413.217 -84.770 
20.787 -413.164 -84.802 
20.698 -413.103 -84.839 
20.624 -413.052 -84.871 
20.557 -413.008 -84.899 
20.476 -412.955 -84.933 
20.409 -412.912 -84.961 
20.313 -412.851 -85.002 
20.225 -412.797 -85.039 
20.139 -412.745 -85.075 
20.083 -412.712 -85.098 
19.989 -412.656 -85.138 
19.917 -412.615 -85.169 
19.826 -412.564 -85.207 
19.760 -412.528 -85.235 
19.668 -412.478 -85.274 
19.595 -412.439 -85.305 
19.476 -412.377 -85.356 
19.365 -412.322 -85.403 
19.268 -412.274 -85.443 
19.183 -412.233 -85.480 
19.070 -412.180 -85.527 
19.005 -412.151 -85.555 
18.944 -412.123 -85.581 
18.850 -412.081 -85.621 
18.754 -412.040 -85.661 
18.673 -412.006 -85.695 
18.573 -411.965 -85.738 
18.466 -411.923 -85.783 
18.386 -411.891 -85.817 
18.306 -411.861 -85.851 
18.199 -411.821 -85.896 
18.138 -411.799 -85.923 
18.061 -411.772 -85.955 
17.957 -411.737 -86.000 
17.851 -411.702 -86.045 
17.752 -411.670 -86.087 
17.650 -411.638 -86.131 
17.543 -411.606 -86.176 
17.453 -411.580 -86.214 
17.378 -411.559 -86.246 
17.292 -411.536 -86.282 
17.224 -411.518 -86.311 
17.178 -411.507 -86.331 
17.119 -411.491 -86.356 
17.043 -411.472 -86.388 
16.930 -411.445 -86.436 
16.845 -411.425 -86.472 
16.767 -411.407 -86.505 
16.693 -411.390 -86.536 
16.594 -411.369 -86.578 
16.458 -411.340 -86.636 
16.326 -411.314 -86.692 
16.263 -411.303 -86.718 
16.197 -411.291 -86.746 
16.089 -411.271 -86.792 
15.996 -411.255 -86.831 
15.872 -411.235 -86.883 
15.727 -411.213 -86.944 
15.659 -411.203 -86.973 
15.569 -411.191 -87.011 
15.462 -411.177 -87.056 
15.338 -411.163 -87.109 
15.229 -411.151 -87.154 
15.152 -411.144 -87.186 
14.983 -411.129 -87.257 
14.923 -411.124 -87.283 
14.836 -411.118 -87.319 
14.762 -411.113 -87.350 
14.668 -411.107 -87.389 
14.599 -411.104 -87.418 
14.543 -411.102 -87.442 
14.456 -411.098 -87.478 
14.378 -411.096 -87.511 
14.284 -411.093 -87.551 
14.179 -411.092 -87.595 
14.080 -411.091 -87.636 
13.985 -411.091 -87.676 
13.852 -411.092 -87.732 
13.729 -411.095 -87.783 
13.608 -411.099 -87.834 
13.510 -411.103 -87.875 
13.395 -411.108 -87.924 
13.325 -411.112 -87.953 
13.236 -411.117 -87.990 
13.092 -411.125 -88.050 
13.028 -411.130 -88.077 
12.935 -411.136 -88.115 
12.865 -411.142 -88.144 
12.785 -411.148 -88.178 
12.694 -411.155 -88.215 
12.597 -411.164 -88.255 
12.502 -411.173 -88.294 
12.419 -411.181 -88.329 
12.327 -411.190 -88.366 
12.240 -411.200 -88.402 
12.184 -411.206 -88.424 
12.120 -411.213 -88.451 
12.025 -411.224 -88.489 
11.917 -411.238 -88.533 
11.803 -411.253 -88.579 
11.689 -411.269 -88.625 
11.522 -411.293 -88.692 
