21.500 -475.893 -70.112 
21.499 -475.817 -70.112 
21.497 -475.724 -70.113 
21.495 -475.608 -70.114 
21.491 -475.483 -70.116 
21.487 -475.386 -70.117 
21.483 -475.300 -70.119 
21.478 -475.202 -70.121 
21.476 -475.158 -70.122 
21.467 -475.021 -70.126 
21.456 -474.867 -70.131 
21.448 -474.770 -70.134 
21.438 -474.650 -70.139 
21.428 -474.544 -70.143 
21.421 -474.477 -70.146 
21.409 -474.366 -70.151 
21.393 -474.231 -70.158 
21.381 -474.133 -70.163 
21.372 -474.065 -70.167 
21.363 -473.993 -70.171 
21.346 -473.875 -70.178 
21.325 -473.737 -70.186 
21.313 -473.658 -70.191 
21.299 -473.572 -70.197 
21.275 -473.435 -70.206 
21.265 -473.374 -70.210 
21.244 -473.261 -70.219 
21.221 -473.140 -70.228 
21.202 -473.044 -70.236 
21.183 -472.948 -70.244 
21.162 -472.847 -70.253 
21.144 -472.763 -70.260 
21.124 -472.674 -70.268 
21.102 -472.574 -70.278 
21.073 -472.452 -70.289 
21.047 -472.343 -70.300 
21.026 -472.258 -70.309 
20.987 -472.105 -70.325 
20.953 -471.974 -70.340 
20.932 -471.895 -70.349 
20.912 -471.823 -70.357 
20.890 -471.742 -70.366 
20.859 -471.633 -70.379 
20.828 -471.526 -70.392 
20.793 -471.408 -70.407 
20.773 -471.340 -70.415 
20.747 -471.255 -70.426 
20.714 -471.148 -70.440 
20.672 -471.018 -70.458 
20.652 -470.957 -70.466 
20.615 -470.844 -70.482 
20.592 -470.775 -70.491 
20.549 -470.648 -70.509 
20.516 -470.553 -70.523 
20.485 -470.463 -70.536 
20.453 -470.373 -70.550 
20.404 -470.238 -70.570 
20.361 -470.123 -70.587 
20.333 -470.050 -70.599 
20.293 -469.943 -70.616 
20.252 -469.840 -70.632 
20.196 -469.698 -70.656 
20.157 -469.602 -70.672 
20.104 -469.476 -70.693 
20.058 -469.366 -70.712 
20.000 -469.234 -70.735 
19.977 -469.181 -70.744 
19.946 -469.110 -70.757 
19.916 -469.043 -70.769 
19.880 -468.963 -70.784 
19.825 -468.841 -70.806 
19.785 -468.755 -70.822 
19.744 -468.668 -70.838 
19.695 -468.564 -70.858 
19.644 -468.457 -70.878 
19.583 -468.331 -70.903 
19.548 -468.260 -70.917 
19.503 -468.169 -70.935 
19.474 -468.110 -70.947 
19.428 -468.020 -70.965 
19.396 -467.957 -70.977 
19.355 -467.879 -70.993 
19.311 -467.793 -71.011 
19.251 -467.678 -71.034 
19.200 -467.582 -71.055 
19.139 -467.470 -71.078 
19.098 -467.393 -71.095 
19.053 -467.312 -71.112 
19.025 -467.261 -71.123 
18.977 -467.174 -71.142 
18.927 -467.084 -71.161 
18.880 -467.002 -71.179 
18.836 -466.925 -71.196 
18.791 -466.846 -71.213 
18.728 -466.738 -71.237 
18.675 -466.647 -71.257 
18.615 -466.546 -71.279 
18.559 -466.452 -71.301 
18.498 -466.351 -71.323 
18.448 -466.267 -71.342 
18.388 -466.170 -71.364 
18.331 -466.076 -71.385 
18.289 -466.008 -71.401 
18.239 -465.928 -71.419 
18.195 -465.856 -71.435 
18.161 -465.802 -71.448 
18.109 -465.718 -71.467 
18.049 -465.623 -71.488 
17.995 -465.538 -71.507 
17.917 -465.416 -71.535 
17.873 -465.347 -71.551 
17.818 -465.262 -71.570 
17.774 -465.195 -71.585 
17.731 -465.129 -71.601 
17.664 -465.027 -71.624 
17.610 -464.945 -71.643 
17.536 -464.833 -71.668 
17.479 -464.750 -71.687 
17.415 -464.655 -71.709 
17.360 -464.574 -71.728 
17.299 -464.483 -71.748 
17.238 -464.395 -71.769 
17.190 -464.326 -71.784 
17.136 -464.247 -71.802 
17.067 -464.149 -71.825 
17.019 -464.080 -71.841 
16.978 -464.022 -71.854 
16.912 -463.930 -71.875 
16.830 -463.815 -71.902 
16.746 -463.698 -71.929 
16.691 -463.622 -71.946 
16.616 -463.520 -71.970 
16.532 -463.405 -71.996 
16.444 -463.286 -72.023 
16.370 -463.186 -72.046 
16.313 -463.110 -72.064 
16.244 -463.020 -72.085 
16.174 -462.927 -72.106 
16.101 -462.831 -72.129 
16.030 -462.739 -72.150 
15.970 -462.662 -72.168 
15.907 -462.582 -72.187 
15.853 -462.512 -72.203 
15.780 -462.420 -72.225 
15.728 -462.353 -72.240 
15.661 -462.269 -72.260 
15.584 -462.172 -72.282 
15.521 -462.093 -72.300 
15.487 -462.051 -72.310 
15.420 -461.967 -72.329 
15.360 -461.893 -72.347 
15.299 -461.817 -72.364 
15.232 -461.736 -72.383 
15.188 -461.682 -72.395 
15.116 -461.594 -72.416 
15.021 -461.478 -72.442 
14.938 -461.378 -72.465 
14.886 -461.316 -72.480 
14.807 -461.222 -72.501 
14.738 -461.139 -72.521 
14.684 -461.076 -72.535 
14.600 -460.976 -72.558 
14.534 -460.900 -72.576 
14.456 -460.808 -72.597 
14.395 -460.738 -72.613 
14.328 -460.660 -72.631 
14.252 -460.573 -72.652 
14.188 -460.500 -72.668 
14.111 -460.413 -72.688 
