26.391 -423.613 -82.404 
26.381 -423.514 -82.410 
26.368 -423.402 -82.416 
26.361 -423.342 -82.419 
26.347 -423.233 -82.426 
26.337 -423.154 -82.431 
26.324 -423.062 -82.437 
26.311 -422.968 -82.444 
26.300 -422.893 -82.449 
26.278 -422.752 -82.460 
26.258 -422.634 -82.469 
26.247 -422.571 -82.474 
26.227 -422.457 -82.484 
26.216 -422.395 -82.489 
26.210 -422.363 -82.492 
26.184 -422.226 -82.504 
26.162 -422.112 -82.515 
26.143 -422.022 -82.523 
26.122 -421.923 -82.533 
26.101 -421.825 -82.543 
26.081 -421.737 -82.552 
26.065 -421.667 -82.560 
26.045 -421.582 -82.569 
26.020 -421.481 -82.580 
25.992 -421.371 -82.593 
25.964 -421.261 -82.606 
25.939 -421.168 -82.617 
25.913 -421.073 -82.629 
25.875 -420.937 -82.646 
25.843 -420.825 -82.661 
25.812 -420.720 -82.675 
25.779 -420.611 -82.690 
25.749 -420.515 -82.703 
25.702 -420.363 -82.724 
25.664 -420.249 -82.741 
25.640 -420.174 -82.752 
25.596 -420.041 -82.771 
25.573 -419.975 -82.781 
25.552 -419.914 -82.791 
25.508 -419.789 -82.810 
25.467 -419.674 -82.828 
25.422 -419.551 -82.848 
25.380 -419.440 -82.866 
25.333 -419.318 -82.886 
25.288 -419.202 -82.905 
25.256 -419.121 -82.919 
25.229 -419.053 -82.931 
25.194 -418.968 -82.945 
25.164 -418.895 -82.958 
25.125 -418.801 -82.975 
25.087 -418.709 -82.991 
25.036 -418.592 -83.013 
24.981 -418.464 -83.037 
24.942 -418.378 -83.053 
24.886 -418.255 -83.077 
24.854 -418.185 -83.092 
24.814 -418.100 -83.109 
24.768 -418.004 -83.129 
24.728 -417.921 -83.146 
24.690 -417.844 -83.162 
24.630 -417.724 -83.188 
24.568 -417.604 -83.214 
24.519 -417.510 -83.235 
24.468 -417.415 -83.257 
24.400 -417.290 -83.286 
24.341 -417.186 -83.311 
24.281 -417.081 -83.337 
24.217 -416.971 -83.365 
24.127 -416.820 -83.404 
24.080 -416.743 -83.424 
24.013 -416.635 -83.453 
23.967 -416.562 -83.472 
23.902 -416.460 -83.500 
23.832 -416.353 -83.530 
23.778 -416.274 -83.553 
23.718 -416.185 -83.578 
23.673 -416.119 -83.597 
23.611 -416.031 -83.624 
23.546 -415.941 -83.651 
23.437 -415.792 -83.697 
23.386 -415.725 -83.718 
23.301 -415.613 -83.754 
23.243 -415.539 -83.779 
23.192 -415.475 -83.800 
23.101 -415.362 -83.839 
23.033 -415.281 -83.868 
22.947 -415.179 -83.904 
22.860 -415.078 -83.941 
22.793 -415.001 -83.970 
22.734 -414.936 -83.995 
22.689 -414.887 -84.014 
22.626 -414.818 -84.042 
22.529 -414.715 -84.084 
22.466 -414.649 -84.110 
22.396 -414.577 -84.141 
22.332 -414.513 -84.168 
22.277 -414.458 -84.192 
22.169 -414.353 -84.239 
22.117 -414.303 -84.261 
22.043 -414.233 -84.293 
22.002 -414.195 -84.311 
21.895 -414.097 -84.358 
21.811 -414.022 -84.394 
21.740 -413.959 -84.425 
21.643 -413.876 -84.467 
21.553 -413.800 -84.505 
21.495 -413.752 -84.531 
21.416 -413.687 -84.565 
21.323 -413.613 -84.605 
21.244 -413.551 -84.639 
21.173 -413.497 -84.670 
21.134 -413.467 -84.686 
21.054 -413.408 -84.721 
20.941 -413.326 -84.769 
20.871 -413.275 -84.800 
20.807 -413.230 -84.827 
20.700 -413.157 -84.873 
20.642 -413.118 -84.898 
20.549 -413.057 -84.938 
20.464 -413.002 -84.974 
20.396 -412.958 -85.004 
20.272 -412.882 -85.057 
20.184 -412.828 -85.095 
20.132 -412.797 -85.117 
20.056 -412.752 -85.149 
19.964 -412.699 -85.189 
19.916 -412.672 -85.209 
19.796 -412.606 -85.260 
19.695 -412.550 -85.304 
19.594 -412.497 -85.347 
19.512 -412.455 -85.382 
19.397 -412.396 -85.430 
19.297 -412.347 -85.473 
19.205 -412.303 -85.512 
19.104 -412.255 -85.555 
19.014 -412.213 -85.593 
18.929 -412.175 -85.629 
18.837 -412.134 -85.668 
18.726 -412.086 -85.715 
18.625 -412.044 -85.758 
18.501 -411.992 -85.811 
18.404 -411.954 -85.853 
18.313 -411.919 -85.891 
18.196 -411.875 -85.942 
18.074 -411.830 -85.993 
18.036 -411.817 -86.010 
17.972 -411.794 -86.037 
17.846 -411.751 -86.090 
17.709 -411.706 -86.148 
17.613 -411.675 -86.189 
17.523 -411.648 -86.227 
17.485 -411.636 -86.243 
17.391 -411.609 -86.282 
17.301 -411.583 -86.320 
17.236 -411.565 -86.347 
17.164 -411.545 -86.377 
17.073 -411.521 -86.415 
16.972 -411.496 -86.457 
16.867 -411.470 -86.501 
16.749 -411.442 -86.551 
16.647 -411.420 -86.593 
16.598 -411.409 -86.614 
16.516 -411.392 -86.648 
16.431 -411.375 -86.684 
16.365 -411.361 -86.712 
16.291 -411.347 -86.743 
16.159 -411.322 -86.799 
16.056 -411.304 -86.842 
15.983 -411.292 -86.873 
15.918 -411.281 -86.900 
15.816 -411.265 -86.943 
15.735 -411.252 -86.977 
15.599 -411.233 -87.034 
15.499 -411.219 -87.076 
15.448 -411.212 -87.098 
15.340 -411.199 -87.143 
15.226 -411.185 -87.191 
15.115 -411.174 -87.237 
14.998 -411.163 -87.286 
14.942 -411.158 -87.310 
14.843 -411.149 -87.351 
14.731 -411.142 -87.398 
14.635 -411.136 -87.438 
14.549 -411.131 -87.475 
14.474 -411.127 -87.506 
14.366 -411.123 -87.552 
14.255 -411.120 -87.598 
14.177 -411.118 -87.630 
14.044 -411.117 -87.687 
13.975 -411.117 -87.716 
13.853 -411.117 -87.767 
13.728 -411.119 -87.819 
13.668 -411.120 -87.844 
13.587 -411.121 -87.878 
13.525 -411.123 -87.904 
13.429 -411.125 -87.943 
13.354 -411.128 -87.975 
13.287 -411.131 -88.002 
13.237 -411.133 -88.023 
13.109 -411.139 -88.075 
13.031 -411.143 -88.107 
12.903 -411.151 -88.159 
12.848 -411.155 -88.182 
12.757 -411.161 -88.219 
12.671 -411.167 -88.255 
12.579 -411.174 -88.292 
12.494 -411.181 -88.327 
12.391 -411.190 -88.370 
12.341 -411.194 -88.390 
12.245 -411.203 -88.429 
12.082 -411.219 -88.495 
12.010 -411.227 -88.525 
11.936 -411.234 -88.555 
11.812 -411.248 -88.605 
11.759 -411.254 -88.627 
11.658 -411.266 -88.668 
11.540 -411.281 -88.716 
