24.699 -458.377 -70.112 
24.698 -458.268 -70.113 
24.697 -458.192 -70.113 
24.694 -458.100 -70.114 
24.692 -458.033 -70.115 
24.688 -457.924 -70.117 
24.684 -457.827 -70.118 
24.679 -457.731 -70.120 
24.674 -457.634 -70.122 
24.670 -457.575 -70.124 
24.660 -457.436 -70.127 
24.652 -457.337 -70.131 
24.644 -457.238 -70.134 
24.635 -457.140 -70.138 
24.619 -456.988 -70.144 
24.609 -456.898 -70.148 
24.596 -456.791 -70.153 
24.588 -456.728 -70.156 
24.575 -456.623 -70.162 
24.560 -456.517 -70.168 
24.538 -456.368 -70.177 
24.527 -456.294 -70.182 
24.515 -456.221 -70.186 
24.486 -456.047 -70.198 
24.476 -455.992 -70.202 
24.455 -455.878 -70.210 
24.436 -455.779 -70.218 
24.416 -455.679 -70.226 
24.401 -455.605 -70.232 
24.388 -455.545 -70.237 
24.369 -455.456 -70.245 
24.347 -455.359 -70.253 
24.324 -455.259 -70.262 
24.304 -455.172 -70.270 
24.267 -455.025 -70.285 
24.249 -454.953 -70.292 
24.220 -454.843 -70.303 
24.199 -454.766 -70.312 
24.171 -454.664 -70.323 
24.141 -454.557 -70.335 
24.117 -454.477 -70.344 
24.101 -454.422 -70.350 
24.070 -454.318 -70.362 
24.035 -454.204 -70.376 
24.010 -454.127 -70.385 
23.966 -453.991 -70.403 
23.941 -453.915 -70.412 
23.920 -453.855 -70.420 
23.891 -453.771 -70.431 
23.870 -453.712 -70.440 
23.820 -453.571 -70.459 
23.778 -453.460 -70.476 
23.741 -453.361 -70.490 
23.713 -453.288 -70.501 
23.656 -453.144 -70.523 
23.607 -453.024 -70.542 
23.567 -452.929 -70.558 
23.494 -452.760 -70.586 
23.464 -452.690 -70.598 
23.426 -452.607 -70.612 
23.377 -452.500 -70.632 
23.349 -452.440 -70.643 
23.320 -452.377 -70.654 
23.274 -452.282 -70.672 
23.226 -452.182 -70.691 
23.195 -452.120 -70.703 
23.137 -452.004 -70.726 
23.086 -451.903 -70.747 
23.022 -451.782 -70.772 
22.984 -451.709 -70.787 
22.951 -451.647 -70.800 
22.912 -451.574 -70.815 
22.881 -451.516 -70.828 
22.823 -451.412 -70.850 
22.771 -451.319 -70.871 
22.709 -451.212 -70.896 
22.648 -451.107 -70.920 
22.611 -451.044 -70.935 
22.557 -450.954 -70.957 
22.527 -450.903 -70.970 
22.471 -450.812 -70.992 
22.406 -450.709 -71.018 
22.356 -450.629 -71.038 
22.319 -450.572 -71.053 
22.250 -450.465 -71.081 
22.184 -450.366 -71.107 
22.128 -450.284 -71.130 
22.083 -450.218 -71.148 
22.016 -450.121 -71.175 
21.960 -450.042 -71.198 
21.882 -449.933 -71.229 
21.834 -449.867 -71.249 
21.770 -449.781 -71.275 
21.697 -449.683 -71.304 
21.652 -449.623 -71.322 
21.592 -449.545 -71.347 
21.518 -449.450 -71.377 
21.450 -449.364 -71.405 
21.412 -449.316 -71.420 
21.358 -449.249 -71.443 
21.294 -449.171 -71.469 
21.246 -449.112 -71.489 
21.192 -449.048 -71.511 
21.156 -449.006 -71.525 
21.093 -448.931 -71.551 
21.039 -448.868 -71.574 
20.952 -448.768 -71.609 
20.885 -448.691 -71.637 
20.812 -448.610 -71.667 
20.720 -448.508 -71.705 
20.671 -448.454 -71.725 
20.576 -448.352 -71.764 
20.516 -448.288 -71.789 
20.444 -448.213 -71.818 
20.364 -448.130 -71.851 
20.268 -448.032 -71.889 
20.215 -447.979 -71.911 
20.139 -447.903 -71.942 
20.093 -447.857 -71.960 
20.037 -447.803 -71.983 
19.936 -447.705 -72.024 
19.873 -447.645 -72.049 
19.797 -447.572 -72.080 
19.716 -447.496 -72.114 
19.607 -447.395 -72.158 
19.494 -447.291 -72.204 
19.442 -447.244 -72.225 
19.367 -447.177 -72.256 
19.294 -447.113 -72.285 
19.219 -447.047 -72.316 
19.142 -446.980 -72.347 
19.096 -446.940 -72.366 
19.017 -446.872 -72.398 
18.896 -446.770 -72.446 
18.814 -446.702 -72.479 
18.766 -446.663 -72.498 
18.697 -446.606 -72.526 
18.623 -446.546 -72.555 
18.562 -446.497 -72.579 
18.495 -446.444 -72.606 
18.433 -446.394 -72.631 
18.360 -446.337 -72.660 
18.273 -446.269 -72.694 
18.206 -446.218 -72.721 
18.132 -446.162 -72.750 
18.049 -446.099 -72.783 
18.004 -446.065 -72.801 
17.921 -446.005 -72.833 
17.857 -445.957 -72.859 
17.788 -445.907 -72.885 
17.725 -445.862 -72.910 
17.592 -445.767 -72.963 
17.489 -445.694 -73.003 
17.374 -445.615 -73.048 
17.302 -445.565 -73.077 
17.201 -445.497 -73.117 
17.127 -445.447 -73.146 
17.072 -445.410 -73.167 
16.935 -445.319 -73.221 
16.846 -445.261 -73.256 
16.756 -445.203 -73.292 
16.695 -445.164 -73.315 
16.602 -445.104 -73.352 
16.500 -445.041 -73.392 
16.427 -444.995 -73.421 
16.334 -444.938 -73.458 
16.264 -444.896 -73.486 
16.157 -444.831 -73.528 
16.087 -444.789 -73.555 
15.995 -444.734 -73.591 
15.917 -444.689 -73.622 
15.832 -444.638 -73.656 
15.712 -444.569 -73.702 
15.624 -444.518 -73.737 
15.558 -444.481 -73.762 
15.499 -444.447 -73.785 
15.414 -444.399 -73.819 
15.325 -444.349 -73.853 
15.240 -444.302 -73.885 
15.134 -444.243 -73.926 
15.061 -444.203 -73.954 
14.999 -444.169 -73.978 
14.931 -444.131 -74.004 
14.861 -444.094 -74.030 
14.771 -444.045 -74.065 
14.684 -443.998 -74.098 
14.534 -443.918 -74.154 
14.470 -443.884 -74.178 
14.337 -443.813 -74.228 
14.261 -443.774 -74.257 
14.196 -443.740 -74.281 
14.103 -443.692 -74.315 
