21.500 -475.900 -70.112 
21.499 -475.807 -70.112 
21.493 -475.584 -70.114 
21.490 -475.476 -70.116 
21.485 -475.360 -70.118 
21.479 -475.242 -70.121 
21.475 -475.168 -70.122 
21.468 -475.058 -70.125 
21.462 -474.971 -70.128 
21.453 -474.853 -70.131 
21.442 -474.727 -70.136 
21.433 -474.620 -70.140 
21.420 -474.496 -70.145 
21.408 -474.388 -70.150 
21.398 -474.298 -70.154 
21.387 -474.207 -70.158 
21.375 -474.112 -70.163 
21.356 -473.973 -70.171 
21.338 -473.844 -70.179 
21.317 -473.705 -70.187 
21.301 -473.604 -70.194 
21.290 -473.542 -70.198 
21.271 -473.432 -70.205 
21.252 -473.322 -70.213 
21.226 -473.184 -70.224 
21.209 -473.098 -70.230 
21.188 -472.995 -70.239 
21.163 -472.873 -70.249 
21.147 -472.799 -70.255 
21.116 -472.657 -70.268 
21.096 -472.566 -70.276 
21.072 -472.466 -70.286 
21.039 -472.326 -70.299 
21.000 -472.168 -70.315 
20.971 -472.058 -70.327 
20.948 -471.969 -70.336 
20.921 -471.866 -70.348 
20.904 -471.804 -70.355 
20.877 -471.708 -70.366 
20.838 -471.571 -70.382 
20.806 -471.461 -70.395 
20.777 -471.366 -70.406 
20.744 -471.258 -70.420 
20.711 -471.151 -70.433 
20.682 -471.061 -70.445 
20.648 -470.953 -70.459 
20.613 -470.848 -70.472 
20.578 -470.744 -70.486 
20.535 -470.618 -70.503 
20.493 -470.498 -70.520 
20.468 -470.427 -70.530 
20.431 -470.327 -70.544 
20.405 -470.256 -70.554 
20.363 -470.144 -70.570 
20.317 -470.023 -70.588 
20.300 -469.980 -70.594 
20.266 -469.893 -70.607 
20.227 -469.796 -70.622 
20.195 -469.716 -70.634 
20.168 -469.651 -70.644 
20.124 -469.545 -70.660 
20.096 -469.477 -70.671 
20.051 -469.371 -70.688 
20.013 -469.284 -70.701 
19.980 -469.208 -70.714 
19.925 -469.082 -70.734 
19.896 -469.020 -70.745 
19.856 -468.931 -70.760 
19.807 -468.823 -70.778 
19.747 -468.694 -70.800 
19.709 -468.614 -70.814 
19.666 -468.524 -70.829 
19.623 -468.434 -70.845 
19.578 -468.341 -70.861 
19.534 -468.252 -70.877 
19.497 -468.177 -70.890 
19.444 -468.072 -70.909 
19.379 -467.945 -70.931 
19.330 -467.849 -70.949 
19.279 -467.751 -70.966 
19.235 -467.669 -70.981 
19.191 -467.585 -70.997 
19.138 -467.486 -71.015 
19.089 -467.395 -71.033 
19.033 -467.293 -71.052 
18.983 -467.203 -71.069 
18.916 -467.085 -71.093 
18.862 -466.990 -71.112 
18.804 -466.891 -71.132 
18.751 -466.800 -71.150 
18.685 -466.689 -71.173 
18.634 -466.603 -71.190 
18.587 -466.524 -71.207 
18.532 -466.433 -71.225 
18.485 -466.355 -71.241 
18.400 -466.216 -71.270 
18.339 -466.117 -71.291 
18.318 -466.084 -71.298 
18.266 -465.999 -71.315 
18.205 -465.903 -71.336 
18.161 -465.832 -71.351 
18.086 -465.714 -71.376 
18.044 -465.647 -71.390 
17.988 -465.561 -71.408 
17.943 -465.491 -71.423 
17.894 -465.414 -71.440 
17.837 -465.328 -71.458 
17.788 -465.253 -71.474 
17.731 -465.166 -71.493 
17.681 -465.090 -71.510 
17.617 -464.993 -71.531 
17.556 -464.903 -71.551 
17.510 -464.835 -71.567 
17.475 -464.782 -71.578 
17.411 -464.688 -71.599 
17.358 -464.612 -71.617 
17.299 -464.526 -71.636 
17.235 -464.435 -71.657 
17.175 -464.348 -71.676 
17.135 -464.291 -71.689 
17.046 -464.166 -71.718 
16.978 -464.070 -71.740 
16.902 -463.964 -71.764 
16.843 -463.882 -71.782 
16.787 -463.804 -71.800 
16.736 -463.735 -71.816 
16.670 -463.644 -71.837 
16.631 -463.590 -71.850 
16.561 -463.495 -71.871 
16.505 -463.419 -71.889 
16.444 -463.336 -71.908 
16.384 -463.256 -71.927 
16.319 -463.169 -71.947 
16.248 -463.074 -71.969 
16.202 -463.013 -71.983 
16.144 -462.935 -72.002 
16.061 -462.825 -72.027 
15.988 -462.729 -72.050 
15.906 -462.621 -72.075 
15.837 -462.531 -72.096 
15.778 -462.455 -72.113 
15.704 -462.361 -72.135 
15.653 -462.295 -72.150 
15.590 -462.215 -72.169 
15.533 -462.143 -72.186 
15.474 -462.068 -72.203 
15.416 -461.994 -72.220 
15.349 -461.911 -72.239 
15.301 -461.851 -72.253 
15.226 -461.758 -72.275 
15.176 -461.697 -72.289 
15.119 -461.626 -72.306 
15.010 -461.494 -72.337 
14.953 -461.424 -72.353 
14.894 -461.352 -72.369 
14.784 -461.219 -72.400 
14.695 -461.113 -72.425 
14.611 -461.012 -72.449 
14.560 -460.951 -72.463 
14.522 -460.906 -72.473 
14.436 -460.805 -72.497 
14.318 -460.666 -72.529 
14.249 -460.585 -72.547 
14.178 -460.502 -72.566 
14.100 -460.412 -72.587 
