26.384 -423.540 -82.408 
26.374 -423.450 -82.413 
26.361 -423.336 -82.420 
26.352 -423.268 -82.424 
26.335 -423.134 -82.432 
26.325 -423.066 -82.436 
26.313 -422.978 -82.442 
26.297 -422.868 -82.450 
26.282 -422.771 -82.458 
26.263 -422.658 -82.466 
26.241 -422.528 -82.477 
26.220 -422.406 -82.487 
26.207 -422.333 -82.493 
26.188 -422.233 -82.502 
26.158 -422.081 -82.516 
26.136 -421.974 -82.527 
26.110 -421.850 -82.539 
26.087 -421.747 -82.549 
26.066 -421.655 -82.559 
26.050 -421.589 -82.565 
26.032 -421.514 -82.574 
26.001 -421.386 -82.588 
25.986 -421.328 -82.595 
25.957 -421.215 -82.609 
25.929 -421.107 -82.622 
25.897 -420.992 -82.637 
25.870 -420.895 -82.650 
25.840 -420.792 -82.663 
25.806 -420.677 -82.679 
25.777 -420.579 -82.692 
25.752 -420.496 -82.704 
25.722 -420.399 -82.717 
25.692 -420.306 -82.731 
25.666 -420.225 -82.742 
25.635 -420.129 -82.756 
25.612 -420.061 -82.766 
25.587 -419.985 -82.777 
25.551 -419.879 -82.793 
25.519 -419.786 -82.808 
25.480 -419.677 -82.825 
25.445 -419.581 -82.840 
25.418 -419.507 -82.852 
25.372 -419.385 -82.873 
25.348 -419.322 -82.883 
25.321 -419.250 -82.896 
25.282 -419.152 -82.912 
25.245 -419.058 -82.929 
25.215 -418.984 -82.942 
25.181 -418.901 -82.956 
25.155 -418.837 -82.968 
25.117 -418.746 -82.984 
25.058 -418.605 -83.010 
25.009 -418.491 -83.031 
24.966 -418.394 -83.050 
24.931 -418.317 -83.065 
24.877 -418.200 -83.088 
24.837 -418.113 -83.105 
24.780 -417.992 -83.130 
24.733 -417.895 -83.150 
24.675 -417.779 -83.175 
24.627 -417.682 -83.196 
24.569 -417.570 -83.220 
24.511 -417.460 -83.245 
24.456 -417.359 -83.268 
24.400 -417.255 -83.293 
24.337 -417.142 -83.320 
24.277 -417.036 -83.346 
24.209 -416.920 -83.375 
24.141 -416.804 -83.405 
24.109 -416.751 -83.419 
24.053 -416.658 -83.443 
24.000 -416.572 -83.466 
23.961 -416.509 -83.484 
23.899 -416.411 -83.510 
23.840 -416.319 -83.536 
23.770 -416.212 -83.567 
23.678 -416.076 -83.607 
23.639 -416.018 -83.624 
23.577 -415.930 -83.651 
23.509 -415.833 -83.680 
23.426 -415.719 -83.716 
23.386 -415.664 -83.734 
23.342 -415.605 -83.753 
23.280 -415.524 -83.779 
23.207 -415.429 -83.811 
23.166 -415.378 -83.828 
23.097 -415.292 -83.859 
23.043 -415.225 -83.882 
22.975 -415.143 -83.912 
22.889 -415.042 -83.949 
22.799 -414.938 -83.989 
22.765 -414.900 -84.003 
22.689 -414.815 -84.036 
22.622 -414.740 -84.066 
22.577 -414.692 -84.085 
22.523 -414.634 -84.109 
22.472 -414.580 -84.131 
22.433 -414.539 -84.148 
22.380 -414.484 -84.171 
22.319 -414.422 -84.197 
22.246 -414.349 -84.229 
22.193 -414.296 -84.252 
22.119 -414.225 -84.284 
22.027 -414.137 -84.324 
21.965 -414.078 -84.351 
21.912 -414.030 -84.374 
21.854 -413.976 -84.400 
21.796 -413.924 -84.425 
21.710 -413.847 -84.463 
21.624 -413.773 -84.500 
21.536 -413.697 -84.539 
21.464 -413.637 -84.571 
21.395 -413.580 -84.601 
21.324 -413.523 -84.633 
21.258 -413.469 -84.662 
21.195 -413.420 -84.690 
21.114 -413.357 -84.725 
21.061 -413.317 -84.749 
20.978 -413.254 -84.786 
20.903 -413.200 -84.818 
20.843 -413.155 -84.845 
20.781 -413.112 -84.872 
20.681 -413.041 -84.916 
20.604 -412.988 -84.951 
20.526 -412.935 -84.985 
20.433 -412.873 -85.026 
20.337 -412.810 -85.068 
20.268 -412.766 -85.098 
20.204 -412.726 -85.126 
20.142 -412.688 -85.154 
20.053 -412.633 -85.193 
19.986 -412.593 -85.223 
19.931 -412.561 -85.247 
19.833 -412.504 -85.290 
19.769 -412.467 -85.319 
19.677 -412.415 -85.359 
19.599 -412.372 -85.394 
19.512 -412.325 -85.432 
19.437 -412.284 -85.465 
19.351 -412.239 -85.503 
19.264 -412.194 -85.541 
19.159 -412.140 -85.587 
19.077 -412.099 -85.624 
18.963 -412.043 -85.674 
18.861 -411.994 -85.718 
18.791 -411.961 -85.749 
18.697 -411.918 -85.790 
18.623 -411.885 -85.822 
18.520 -411.839 -85.867 
18.437 -411.804 -85.903 
18.367 -411.774 -85.934 
18.272 -411.735 -85.975 
18.195 -411.704 -86.009 
18.087 -411.662 -86.055 
17.997 -411.627 -86.095 
17.901 -411.592 -86.136 
17.837 -411.568 -86.164 
17.762 -411.541 -86.196 
17.698 -411.518 -86.224 
17.575 -411.476 -86.278 
17.456 -411.437 -86.329 
17.347 -411.402 -86.376 
17.272 -411.379 -86.409 
17.172 -411.349 -86.452 
17.027 -411.307 -86.515 
16.907 -411.275 -86.567 
16.817 -411.250 -86.606 
16.725 -411.227 -86.646 
16.624 -411.202 -86.690 
16.519 -411.177 -86.735 
16.410 -411.152 -86.783 
16.350 -411.139 -86.809 
16.264 -411.120 -86.847 
16.189 -411.105 -86.880 
16.106 -411.088 -86.916 
16.022 -411.073 -86.953 
15.878 -411.047 -87.015 
15.796 -411.033 -87.051 
15.726 -411.021 -87.082 
15.602 -411.002 -87.136 
15.514 -410.989 -87.175 
15.408 -410.975 -87.221 
15.298 -410.961 -87.269 
15.235 -410.953 -87.297 
15.144 -410.943 -87.336 
15.037 -410.932 -87.383 
14.950 -410.924 -87.421 
14.822 -410.913 -87.476 
14.729 -410.906 -87.517 
14.604 -410.898 -87.571 
14.540 -410.894 -87.598 
14.427 -410.889 -87.647 
14.346 -410.886 -87.682 
14.243 -410.882 -87.727 
14.180 -410.881 -87.754 
14.055 -410.879 -87.808 
13.956 -410.878 -87.851 
13.905 -410.878 -87.873 
13.819 -410.878 -87.910 
13.726 -410.879 -87.950 
13.598 -410.881 -88.005 
13.493 -410.883 -88.050 
13.403 -410.886 -88.088 
13.329 -410.888 -88.119 
13.259 -410.891 -88.149 
13.153 -410.895 -88.194 
13.051 -410.901 -88.238 
12.974 -410.905 -88.270 
12.847 -410.912 -88.324 
12.775 -410.917 -88.354 
12.672 -410.924 -88.398 
12.553 -410.933 -88.448 
12.472 -410.939 -88.483 
12.387 -410.946 -88.519 
12.333 -410.950 -88.542 
12.276 -410.955 -88.566 
12.162 -410.965 -88.614 
12.075 -410.974 -88.650 
12.004 -410.980 -88.680 
11.928 -410.988 -88.712 
11.803 -411.001 -88.765 
11.687 -411.014 -88.814 
11.573 -411.027 -88.862 
11.473 -411.039 -88.904 
11.403 -411.048 -88.934 
