24.700 -458.400 -70.112 
24.699 -458.343 -70.112 
24.697 -458.239 -70.113 
24.695 -458.128 -70.114 
24.690 -457.985 -70.116 
24.687 -457.917 -70.117 
24.683 -457.836 -70.119 
24.679 -457.747 -70.121 
24.675 -457.690 -70.123 
24.668 -457.577 -70.126 
24.661 -457.479 -70.129 
24.650 -457.351 -70.133 
24.639 -457.226 -70.138 
24.628 -457.110 -70.142 
24.618 -457.018 -70.146 
24.606 -456.912 -70.151 
24.594 -456.810 -70.156 
24.581 -456.707 -70.161 
24.565 -456.588 -70.168 
24.551 -456.489 -70.174 
24.532 -456.360 -70.183 
24.513 -456.237 -70.191 
24.502 -456.174 -70.195 
24.489 -456.094 -70.201 
24.468 -455.974 -70.210 
24.443 -455.840 -70.221 
24.426 -455.754 -70.227 
24.405 -455.645 -70.237 
24.380 -455.527 -70.247 
24.358 -455.422 -70.256 
24.343 -455.357 -70.262 
24.326 -455.281 -70.270 
24.293 -455.141 -70.284 
24.268 -455.041 -70.294 
24.251 -454.972 -70.301 
24.230 -454.889 -70.311 
24.205 -454.796 -70.321 
24.180 -454.702 -70.332 
24.159 -454.628 -70.341 
24.131 -454.528 -70.353 
24.099 -454.416 -70.367 
24.066 -454.306 -70.381 
24.031 -454.191 -70.396 
23.999 -454.091 -70.409 
23.973 -454.009 -70.420 
23.935 -453.896 -70.436 
23.906 -453.810 -70.449 
23.879 -453.731 -70.460 
23.838 -453.617 -70.478 
23.804 -453.523 -70.492 
23.753 -453.386 -70.514 
23.714 -453.286 -70.530 
23.682 -453.203 -70.544 
23.654 -453.134 -70.556 
23.621 -453.050 -70.570 
23.579 -452.948 -70.587 
23.537 -452.849 -70.605 
23.510 -452.787 -70.616 
23.449 -452.649 -70.642 
23.404 -452.548 -70.661 
23.358 -452.448 -70.681 
23.316 -452.359 -70.699 
23.270 -452.263 -70.718 
23.219 -452.158 -70.740 
23.159 -452.036 -70.766 
23.115 -451.950 -70.785 
23.078 -451.877 -70.801 
23.007 -451.743 -70.831 
22.937 -451.612 -70.862 
22.870 -451.491 -70.890 
22.823 -451.407 -70.910 
22.771 -451.317 -70.932 
22.724 -451.236 -70.952 
22.685 -451.169 -70.969 
22.633 -451.083 -70.991 
22.594 -451.018 -71.008 
22.522 -450.900 -71.039 
22.479 -450.831 -71.057 
22.429 -450.752 -71.079 
22.378 -450.671 -71.101 
22.309 -450.566 -71.130 
22.249 -450.474 -71.156 
22.182 -450.374 -71.184 
22.130 -450.299 -71.206 
22.063 -450.201 -71.235 
22.009 -450.125 -71.259 
21.924 -450.007 -71.295 
21.876 -449.941 -71.315 
21.818 -449.862 -71.340 
21.752 -449.775 -71.368 
21.701 -449.707 -71.390 
21.649 -449.639 -71.413 
21.578 -449.548 -71.443 
21.514 -449.467 -71.470 
21.434 -449.367 -71.504 
21.381 -449.301 -71.527 
21.307 -449.212 -71.558 
21.241 -449.133 -71.586 
21.168 -449.047 -71.616 
21.115 -448.985 -71.638 
21.047 -448.905 -71.667 
20.979 -448.828 -71.696 
20.911 -448.751 -71.724 
20.830 -448.661 -71.759 
20.757 -448.580 -71.790 
20.660 -448.476 -71.830 
20.580 -448.393 -71.864 
20.499 -448.307 -71.898 
20.415 -448.221 -71.933 
20.371 -448.176 -71.952 
20.306 -448.111 -71.979 
20.189 -447.994 -72.028 
20.140 -447.946 -72.049 
20.094 -447.900 -72.068 
20.031 -447.840 -72.094 
19.971 -447.782 -72.119 
19.899 -447.714 -72.149 
19.795 -447.617 -72.192 
19.711 -447.539 -72.227 
19.622 -447.459 -72.264 
19.559 -447.402 -72.290 
19.460 -447.314 -72.331 
19.412 -447.272 -72.350 
19.349 -447.217 -72.376 
19.221 -447.107 -72.429 
19.162 -447.057 -72.453 
19.072 -446.983 -72.489 
18.995 -446.919 -72.521 
18.946 -446.879 -72.541 
18.882 -446.827 -72.567 
18.839 -446.791 -72.585 
18.783 -446.747 -72.607 
18.695 -446.677 -72.643 
18.632 -446.628 -72.669 
18.567 -446.577 -72.695 
18.506 -446.530 -72.720 
18.442 -446.481 -72.745 
18.332 -446.397 -72.790 
18.240 -446.328 -72.827 
18.177 -446.282 -72.852 
18.095 -446.222 -72.885 
18.032 -446.176 -72.911 
17.982 -446.141 -72.930 
17.884 -446.071 -72.970 
17.754 -445.981 -73.022 
17.658 -445.914 -73.061 
17.567 -445.853 -73.097 
17.500 -445.807 -73.124 
17.399 -445.739 -73.165 
17.300 -445.675 -73.204 
17.201 -445.611 -73.244 
17.142 -445.573 -73.268 
17.086 -445.537 -73.290 
17.006 -445.487 -73.322 
16.920 -445.434 -73.356 
16.803 -445.361 -73.403 
16.725 -445.314 -73.434 
16.627 -445.256 -73.472 
16.572 -445.223 -73.494 
16.521 -445.193 -73.514 
16.440 -445.145 -73.546 
16.354 -445.095 -73.579 
16.250 -445.035 -73.619 
16.159 -444.984 -73.654 
16.072 -444.935 -73.688 
15.961 -444.873 -73.731 
15.873 -444.824 -73.766 
15.764 -444.765 -73.808 
15.693 -444.727 -73.835 
15.607 -444.680 -73.868 
15.515 -444.631 -73.903 
15.441 -444.592 -73.931 
15.379 -444.559 -73.955 
15.280 -444.508 -73.993 
15.191 -444.461 -74.026 
15.118 -444.423 -74.054 
15.044 -444.385 -74.082 
14.980 -444.352 -74.106 
14.897 -444.309 -74.137 
14.786 -444.253 -74.178 
14.724 -444.222 -74.201 
14.647 -444.183 -74.230 
14.556 -444.138 -74.263 
14.459 -444.089 -74.299 
14.308 -444.015 -74.354 
14.200 -443.963 -74.393 
14.086 -443.908 -74.435 
