21.500 -475.920 -70.112 
21.498 -475.793 -70.112 
21.496 -475.671 -70.113 
21.493 -475.562 -70.114 
21.489 -475.441 -70.115 
21.485 -475.368 -70.117 
21.479 -475.245 -70.119 
21.476 -475.181 -70.120 
21.470 -475.084 -70.122 
21.463 -474.985 -70.124 
21.455 -474.875 -70.127 
21.449 -474.800 -70.130 
21.442 -474.717 -70.132 
21.432 -474.617 -70.135 
21.426 -474.546 -70.138 
21.415 -474.441 -70.142 
21.405 -474.355 -70.146 
21.388 -474.204 -70.152 
21.376 -474.105 -70.156 
21.365 -474.020 -70.161 
21.354 -473.941 -70.165 
21.338 -473.823 -70.171 
21.320 -473.702 -70.178 
21.301 -473.584 -70.185 
21.277 -473.437 -70.194 
21.262 -473.345 -70.200 
21.244 -473.244 -70.207 
21.220 -473.116 -70.216 
21.206 -473.041 -70.222 
21.180 -472.911 -70.232 
21.165 -472.836 -70.237 
21.138 -472.711 -70.248 
21.121 -472.633 -70.254 
21.097 -472.523 -70.264 
21.073 -472.421 -70.273 
21.049 -472.319 -70.283 
21.040 -472.279 -70.287 
21.018 -472.191 -70.295 
20.989 -472.074 -70.307 
20.957 -471.949 -70.319 
20.935 -471.868 -70.328 
20.914 -471.786 -70.336 
20.888 -471.694 -70.346 
20.857 -471.582 -70.359 
20.827 -471.480 -70.370 
20.804 -471.402 -70.379 
20.775 -471.303 -70.390 
20.743 -471.199 -70.402 
20.707 -471.081 -70.417 
20.672 -470.972 -70.430 
20.650 -470.902 -70.439 
20.609 -470.778 -70.454 
20.574 -470.672 -70.468 
20.545 -470.588 -70.478 
20.498 -470.454 -70.496 
20.468 -470.369 -70.507 
20.416 -470.225 -70.527 
20.387 -470.145 -70.538 
20.337 -470.009 -70.557 
20.302 -469.917 -70.570 
20.254 -469.792 -70.588 
20.220 -469.707 -70.601 
20.181 -469.607 -70.616 
20.141 -469.510 -70.631 
20.099 -469.407 -70.646 
20.066 -469.328 -70.659 
20.022 -469.224 -70.675 
19.985 -469.137 -70.689 
19.948 -469.052 -70.703 
19.911 -468.968 -70.717 
19.866 -468.868 -70.733 
19.819 -468.763 -70.751 
19.768 -468.653 -70.769 
19.717 -468.542 -70.788 
19.688 -468.479 -70.799 
19.641 -468.380 -70.816 
19.589 -468.271 -70.835 
19.553 -468.196 -70.848 
19.518 -468.125 -70.861 
19.466 -468.019 -70.880 
19.419 -467.925 -70.898 
19.366 -467.820 -70.917 
19.321 -467.732 -70.933 
19.265 -467.622 -70.954 
19.215 -467.527 -70.972 
19.174 -467.450 -70.987 
19.124 -467.354 -71.005 
19.072 -467.257 -71.024 
19.046 -467.210 -71.033 
18.999 -467.122 -71.051 
18.951 -467.034 -71.068 
18.906 -466.954 -71.084 
18.871 -466.890 -71.097 
18.810 -466.782 -71.118 
18.758 -466.691 -71.137 
18.694 -466.579 -71.160 
18.641 -466.488 -71.178 
18.599 -466.415 -71.194 
18.541 -466.317 -71.214 
18.495 -466.240 -71.230 
18.434 -466.137 -71.251 
18.399 -466.077 -71.263 
18.345 -465.988 -71.282 
18.308 -465.926 -71.295 
18.257 -465.843 -71.313 
18.201 -465.753 -71.332 
18.151 -465.670 -71.349 
18.102 -465.592 -71.366 
18.054 -465.515 -71.383 
17.988 -465.411 -71.405 
17.924 -465.310 -71.427 
17.869 -465.223 -71.446 
17.812 -465.135 -71.465 
17.771 -465.070 -71.479 
17.691 -464.948 -71.505 
17.654 -464.890 -71.518 
17.604 -464.813 -71.534 
17.542 -464.719 -71.554 
17.482 -464.628 -71.574 
17.427 -464.544 -71.592 
17.361 -464.445 -71.613 
17.292 -464.342 -71.635 
17.207 -464.215 -71.662 
17.154 -464.137 -71.679 
17.083 -464.033 -71.702 
17.021 -463.942 -71.721 
16.953 -463.845 -71.743 
16.889 -463.753 -71.763 
16.862 -463.713 -71.771 
16.801 -463.626 -71.790 
16.729 -463.524 -71.813 
16.650 -463.412 -71.837 
16.587 -463.323 -71.856 
16.532 -463.246 -71.873 
16.477 -463.169 -71.889 
16.419 -463.088 -71.906 
16.366 -463.015 -71.922 
16.311 -462.938 -71.938 
16.249 -462.855 -71.956 
16.207 -462.797 -71.968 
16.143 -462.711 -71.987 
16.071 -462.614 -72.008 
16.012 -462.535 -72.024 
15.955 -462.459 -72.040 
15.881 -462.360 -72.061 
15.811 -462.269 -72.080 
15.761 -462.202 -72.095 
15.715 -462.142 -72.107 
15.651 -462.058 -72.125 
15.603 -461.995 -72.138 
15.555 -461.933 -72.151 
15.511 -461.875 -72.164 
15.443 -461.787 -72.182 
15.393 -461.723 -72.196 
15.320 -461.630 -72.215 
15.255 -461.547 -72.233 
15.179 -461.450 -72.253 
15.109 -461.363 -72.271 
15.050 -461.288 -72.286 
14.991 -461.215 -72.301 
14.917 -461.124 -72.320 
14.842 -461.031 -72.340 
14.755 -460.925 -72.361 
14.679 -460.832 -72.380 
14.606 -460.743 -72.399 
14.510 -460.627 -72.423 
14.471 -460.581 -72.432 
14.408 -460.506 -72.448 
14.343 -460.428 -72.463 
14.283 -460.356 -72.478 
14.245 -460.312 -72.487 
14.185 -460.241 -72.502 
14.137 -460.185 -72.514 
14.070 -460.106 -72.530 
