26.391 -423.610 -82.405 
26.376 -423.471 -82.412 
26.362 -423.350 -82.419 
26.346 -423.225 -82.426 
26.333 -423.128 -82.432 
26.315 -423.002 -82.441 
26.302 -422.914 -82.447 
26.290 -422.835 -82.453 
26.277 -422.756 -82.459 
26.256 -422.631 -82.469 
26.236 -422.516 -82.479 
26.216 -422.412 -82.488 
26.186 -422.255 -82.501 
26.164 -422.148 -82.511 
26.138 -422.022 -82.524 
26.119 -421.937 -82.532 
26.090 -421.807 -82.545 
26.070 -421.721 -82.554 
26.057 -421.664 -82.560 
26.043 -421.606 -82.566 
26.020 -421.510 -82.577 
25.998 -421.427 -82.586 
25.970 -421.317 -82.599 
25.944 -421.220 -82.610 
25.920 -421.133 -82.621 
25.899 -421.057 -82.630 
25.874 -420.970 -82.641 
25.861 -420.923 -82.646 
25.825 -420.800 -82.662 
25.789 -420.680 -82.678 
25.752 -420.561 -82.693 
25.728 -420.486 -82.703 
25.698 -420.392 -82.716 
25.675 -420.322 -82.726 
25.647 -420.240 -82.737 
25.605 -420.113 -82.755 
25.566 -420.001 -82.771 
25.546 -419.945 -82.780 
25.503 -419.824 -82.798 
25.470 -419.733 -82.812 
25.432 -419.628 -82.828 
25.391 -419.518 -82.845 
25.358 -419.433 -82.859 
25.321 -419.337 -82.874 
25.288 -419.252 -82.888 
25.261 -419.182 -82.899 
25.229 -419.102 -82.913 
25.185 -418.995 -82.931 
25.136 -418.875 -82.951 
25.091 -418.767 -82.969 
25.059 -418.694 -82.982 
25.024 -418.613 -82.996 
24.977 -418.505 -83.015 
24.918 -418.372 -83.039 
24.868 -418.261 -83.059 
24.847 -418.215 -83.068 
24.802 -418.118 -83.086 
24.753 -418.015 -83.106 
24.708 -417.922 -83.124 
24.681 -417.867 -83.135 
24.651 -417.806 -83.147 
24.616 -417.737 -83.161 
24.567 -417.640 -83.181 
24.505 -417.521 -83.206 
24.437 -417.395 -83.233 
24.393 -417.313 -83.251 
24.346 -417.229 -83.269 
24.297 -417.141 -83.289 
24.243 -417.048 -83.310 
24.194 -416.963 -83.329 
24.130 -416.854 -83.355 
24.060 -416.739 -83.382 
24.017 -416.670 -83.399 
23.966 -416.587 -83.420 
23.905 -416.491 -83.444 
23.865 -416.427 -83.461 
23.802 -416.331 -83.485 
23.736 -416.232 -83.512 
23.660 -416.119 -83.542 
23.607 -416.042 -83.563 
23.555 -415.968 -83.584 
23.508 -415.901 -83.603 
23.457 -415.830 -83.624 
23.404 -415.758 -83.645 
23.344 -415.677 -83.670 
23.282 -415.596 -83.694 
23.215 -415.508 -83.722 
23.164 -415.444 -83.742 
23.100 -415.363 -83.768 
23.047 -415.297 -83.789 
22.957 -415.188 -83.826 
22.905 -415.126 -83.847 
22.851 -415.063 -83.868 
22.780 -414.981 -83.897 
22.736 -414.931 -83.915 
22.660 -414.845 -83.945 
22.601 -414.781 -83.969 
22.544 -414.719 -83.992 
22.489 -414.660 -84.014 
22.375 -414.540 -84.059 
22.303 -414.466 -84.088 
22.242 -414.405 -84.112 
22.196 -414.359 -84.131 
22.139 -414.303 -84.154 
22.010 -414.179 -84.206 
21.942 -414.115 -84.234 
21.824 -414.006 -84.281 
21.749 -413.938 -84.312 
21.696 -413.892 -84.333 
21.636 -413.839 -84.358 
21.575 -413.786 -84.382 
21.512 -413.733 -84.408 
21.399 -413.639 -84.454 
21.331 -413.583 -84.482 
21.243 -413.513 -84.518 
21.171 -413.457 -84.547 
21.107 -413.407 -84.573 
21.023 -413.343 -84.607 
20.974 -413.307 -84.627 
20.846 -413.213 -84.679 
20.784 -413.169 -84.704 
20.718 -413.122 -84.731 
20.638 -413.067 -84.763 
20.529 -412.993 -84.808 
20.435 -412.930 -84.846 
20.380 -412.894 -84.868 
20.290 -412.837 -84.905 
20.200 -412.781 -84.941 
20.119 -412.731 -84.974 
20.029 -412.677 -85.010 
19.973 -412.643 -85.033 
19.862 -412.579 -85.078 
19.770 -412.527 -85.115 
19.660 -412.467 -85.160 
19.590 -412.428 -85.189 
19.503 -412.383 -85.224 
19.403 -412.331 -85.265 
19.336 -412.297 -85.293 
19.270 -412.264 -85.320 
19.211 -412.236 -85.344 
19.116 -412.190 -85.382 
19.010 -412.141 -85.426 
18.886 -412.084 -85.477 
18.787 -412.040 -85.517 
18.700 -412.003 -85.553 
18.584 -411.954 -85.600 
18.503 -411.921 -85.633 
18.381 -411.872 -85.683 
18.295 -411.838 -85.719 
18.194 -411.800 -85.760 
18.094 -411.762 -85.801 
17.979 -411.721 -85.848 
17.891 -411.691 -85.884 
17.769 -411.649 -85.933 
17.675 -411.618 -85.971 
17.548 -411.578 -86.022 
17.471 -411.554 -86.053 
17.372 -411.524 -86.093 
17.291 -411.500 -86.125 
17.203 -411.475 -86.161 
17.120 -411.452 -86.194 
17.060 -411.435 -86.219 
16.946 -411.405 -86.265 
16.892 -411.391 -86.286 
16.783 -411.364 -86.330 
16.706 -411.345 -86.361 
16.600 -411.321 -86.404 
16.531 -411.305 -86.432 
16.446 -411.286 -86.467 
16.351 -411.266 -86.505 
16.243 -411.244 -86.549 
16.115 -411.220 -86.601 
16.025 -411.204 -86.637 
15.953 -411.192 -86.667 
15.886 -411.181 -86.694 
15.782 -411.164 -86.736 
15.682 -411.149 -86.777 
15.599 -411.138 -86.811 
15.513 -411.126 -86.846 
15.405 -411.113 -86.890 
15.320 -411.103 -86.924 
15.262 -411.096 -86.948 
15.140 -411.083 -86.997 
15.046 -411.073 -87.035 
14.960 -411.066 -87.070 
14.857 -411.057 -87.112 
14.747 -411.049 -87.156 
14.671 -411.044 -87.187 
14.608 -411.040 -87.213 
14.530 -411.036 -87.244 
14.458 -411.032 -87.274 
14.366 -411.028 -87.311 
14.276 -411.025 -87.347 
14.174 -411.021 -87.388 
14.080 -411.019 -87.426 
13.970 -411.017 -87.470 
13.868 -411.016 -87.511 
13.767 -411.015 -87.552 
13.707 -411.015 -87.576 
13.614 -411.016 -87.613 
13.490 -411.017 -87.663 
13.380 -411.019 -87.708 
13.261 -411.021 -87.756 
13.161 -411.024 -87.796 
13.060 -411.027 -87.837 
12.969 -411.030 -87.874 
12.896 -411.033 -87.903 
12.812 -411.037 -87.937 
12.717 -411.042 -87.975 
12.613 -411.048 -88.016 
12.487 -411.056 -88.067 
12.384 -411.063 -88.107 
12.251 -411.072 -88.160 
12.139 -411.081 -88.204 
12.064 -411.087 -88.234 
11.946 -411.098 -88.280 
11.848 -411.107 -88.319 
11.732 -411.118 -88.364 
11.617 -411.130 -88.409 
11.509 -411.141 -88.452 
11.454 -411.148 -88.473 
