71.50552
65.31698
65.26544
70.27128
65.58212
69.18306
77.29954
71.40986
69.17135
68.50957
69.17187
65.60564
75.09569
65.64446
69.19132
71.43584
72.9426
61.38033
61.527
72.89083
69.56454
72.81753
68.73323
69.2379
56.3091
68.71918
67.49674
75.09451
70.80276
65.3365
67.4438
61.43011
69.3679
65.61958
72.99316
65.61943
69.27419
68.63099
70.27323
69.20496
69.15934
65.66972
70.80017
69.39326
72.2652
69.361
69.18359
75.05286
69.24489
70.27415
61.45531
67.17027
67.29408
71.46358
71.45131
77.25123
56.26912
69.13597
69.5158
70.69539
69.18233
65.64915
70.78979
70.21672
77.20241
65.26665
72.97968
70.25737
65.31526
69.26605
69.18015
68.59543
71.41537
72.33256
69.36998
75.0752
68.72694
68.73599
72.85713
65.22343
70.63479
72.94222
70.19554
67.29162
56.23817
69.22134
67.43582
65.6128
77.33688
65.3088
72.8766
69.21889
67.4018
65.25739
70.25528
61.21147
65.62689
75.06396
61.53528
61.54218
77.25891
69.19774
72.15097
65.77001
70.70027
74.97888
70.79527
70.22222
65.62363
69.23597
65.65168
65.68238
72.23065
71.43636
65.22519
65.33582
72.24147
65.47399
67.33541
67.14037
67.28888
65.31368
61.40417
70.20597
70.80486
71.41072
56.17168
75.04174
68.57913
56.12843
72.23523
67.372
70.76557
65.25166
65.68484
71.45592
65.40554
70.19639
69.18559
56.21126
77.2271
75.02493
69.37045
56.24051
68.63912
67.35496
67.29824
61.54939
68.65425
65.27518
65.26526
56.19736
70.85308
65.59409
69.31922
65.5769
56.26276
67.34627
67.38441
65.6142
65.78143
67.22973
65.62303
61.43972
72.35409
69.28456
67.30228
68.71046
70.24241
72.25263
65.3106
61.43232
72.29928
65.52032
61.32704
69.34081
71.49326
65.53646
70.22523
68.71217
61.56714
77.24326
65.57362
67.20037
61.42116
56.28036
71.33403
69.34412
65.31406
72.28513
75.08016
